4
5
5
5
4
2
0
0
3
4
4
1
2
5
5
0
-1
0
1
-2
-3
-1
1
0
2
1
3
0
3
1
-2
-4
-4
-4
-3
-5
-2
-1
-1
-4
-2
3
5
2
-2
-2
0
1
2
-1
-1
-1
-2
-2
-1
0
2
0
0
4
0
-4
0
3
-1
0
2
1
-5
-2
3
2
-1
1
2
1
-2
0
2
-2
-2
-4
-1
2
-1
1
-3
-1
0
-3
1
-1
2
-1
-2
0
0
2
2
0
0
1
1
2
3
4
5
5
5
3
2
-2
0
5
3
0
5
4
-1
2
2
3
5
0
0
2
-1
-1
-1
-2
1
-2
-2
0
-2
-1
-2
-1
-1
-4
-3
-4
-2
-4
-4
1
-1
-5
-2
-1
-2
2
0
2
7
4
3
3
1
1
3
1
2
2
2
4
1
3
1
2
2
1
1
2
0
-5
-1
-1
2
1
-3
2
-4
-1
1
-2
5
0
-1
-2
2
1
-4
0
3
-1
-5
0
0
-2
-2
-1
1
-2
-2
-3
-2
0
0
-1
1
4
1
-1
3
3
-2
-1
3
1
-1
3
4
2
3
5
4
6
3
2
0
1
0
3
3
2
-1
-1
0
1
1
0
1
1
1
-1
-1
2
4
2
1
2
1
1
1
-3
-1
-1
-3
-2
-2
-3
-3
-5
-4
1
1
-2
-3
-1
0
-1
-1
0
2
1
1
1
1
2
2
3
2
0
2
0
3
0
1
3
1
1
-1
1
1
1
2
3
4
3
2
1
3
3
-1
-1
1
3
1
-2
-3
-2
1
1
1
0
0
-3
-3
0
1
0
1
3
0
-1
1
-1
-3
0
4
0
-2
-3
0
1
2
-1
2
5
1
-2
3
2
-2
-2
0
-2
-2
-1
-3
-5
-3
-1
1
1
0
-2
-3
-3
-2
0
0
1
0
0
0
0
-1
-1
0
1
1
2
1
2
3
4
5
5
3
1
0
0
1
2
2
0
0
-1
-1
1
1
1
1
0
-1
0
-3
-2
-3
-3
-2
0
0
1
-1
-1
-1
0
-2
-4
-2
0
-1
-3
-5
-2
3
2
0
0
-3
-4
-2
-1
0
-1
-2
-1
-2
-2
-1
-1
-2
-4
-4
1
1
0
2
5
4
0
1
3
1
1
3
4
2
0
0
1
0
0
1
2
4
0
1
1
2
1
1
2
4
3
2
0
1
-2
-3
-1
-1
-2
-1
1
-1
1
2
2
0
0
1
-1
0
-1
1
2
2
3
4
3
1
0
2
2
2
1
1
1
-1
-3
-2
0
0
-1
-3
-3
-3
-2
0
0
-1
-3
-4
-2
0
0
-2
-2
-1
-1
-1
-1
2
2
4
2
1
0
0
-1
-2
-3
-2
-2
-1
0
1
-1
-1
-2
-2
0
1
1
1
1
-1
-1
-1
1
1
1
2
2
1
-1
-1
1
2
0
-1
-1
2
4
3
5
4
3
4
1
3
0
1
3
0
2
0
0
0
0
0
-1
2
1
2
2
4
3
4
3
1
0
-1
-2
-3
-3
-5
-4
-2
-2
-2
-3
-3
-4
-3
-2
0
-1
1
1
0
1
1
0
-1
-1
1
-2
1
2
3
1
2
5
1
0
4
2
0
2
4
0
0
3
3
2
1
3
3
0
0
-1
-1
-1
2
1
1
1
2
0
0
1
-2
-1
0
1
1
-1
0
-1
-3
2
1
-1
3
0
-2
1
0
1
3
-1
-1
0
-3
-1
0
0
0
0
-1
-2
-2
-3
-2
-4
-3
-5
-2
-1
-1
0
1
2
4
5
4
3
3
3
3
5
4
1
2
4
5
3
1
1
1
0
-1
0
0
-1
-3
-3
-2
-1
-1
1
-2
-1
0
1
3
3
3
2
5
3
3
2
4
4
4
4
0
0
1
1
3
4
2
3
3
0
3
0
-2
0
-1
-1
-2
-3
-5
-5
-5
-4
-2
0
1
-2
3
2
2
4
-2
0
-6
-4
-2
-1
0
-6
-2
-2
-4
-3
-4
3
4
0
-1
-3
-2
-5
-4
0
0
-4
-5
-4
-1
-2
-1
2
3
2
1
0
1
1
3
4
3
2
2
5
5
1
0
2
4
2
0
0
1
1
1
1
2
4
1
0
2
0
2
1
1
3
4
2
2
2
3
3
3
3
2
-1
0
2
1
-2
-2
1
1
-2
-2
-2
-2
1
1
0
3
-2
-5
0
-3
-4
2
2
0
0
-1
-2
-3
-2
1
1
-2
-2
-3
-4
-4
-2
-1
-1
-3
-2
-1
-1
-5
-5
-2
1
1
0
0
0
1
1
1
3
3
4
3
4
4
2
3
5
5
4
2
1
3
3
0
1
-2
0
5
2
-2
2
7
3
-2
-1
2
0
-1
0
0
0
0
-1
0
1
1
3
2
2
1
3
4
4
3
0
0
1
0
-1
-4
-4
-3
0
0
-2
-1
0
-1
-2
-1
1
1
-1
-1
1
0
-3
-3
-1
1
0
-2
-2
-2
-1
1
3
3
1
0
0
1
1
1
3
4
2
1
0
1
1
1
1
1
1
1
0
1
1
1
2
3
4
2
-1
-3
-1
2
2
1
0
0
1
0
-2
-2
-1
0
0
0
-3
-1
-1
-1
1
2
2
1
0
-2
-2
-1
0
0
-1
-2
-3
-2
-1
-2
0
-2
-5
-2
-3
-4
0
-5
-6
-1
-3
0
1
-2
-2
1
-3
1
4
-1
2
2
3
-1
-4
3
-2
0
2
-1
-1
-2
2
2
3
4
5
4
4
4
4
3
2
4
4
2
-2
-4
2
3
0
2
1
2
6
1
0
2
-1
-1
0
-2
-1
2
2
3
2
1
0
-1
1
0
0
1
2
2
1
0
0
1
4
1
-5
-2
-5
-4
2
-3
-3
2
0
1
1
-4
-4
0
0
-2
-3
-1
1
-1
-3
-4
-1
5
6
4
0
-2
-4
-5
2
5
3
4
0
-4
-1
-2
-1
4
1
2
2
-1
0
1
2
3
1
0
0
-1
-2
-3
-2
0
2
5
5
1
-2
0
2
0
0
2
4
3
0
0
3
6
5
5
4
1
-1
1
3
2
0
-1
0
1
0
0
4
5
1
-3
-3
-3
0
1
-1
0
1
-2
-3
0
0
-3
0
3
0
-3
0
0
-2
1
2
1
-3
-4
-4
-5
-4
-2
0
-1
-1
1
-1
-3
-2
1
1
1
1
0
0
1
3
3
3
2
2
1
-1
-4
-1
3
6
3
0
1
3
3
1
0
2
6
3
3
0
-3
-3
1
7
6
3
-1
0
0
-2
0
5
5
1
-3
-8
-6
-2
1
3
2
-1
-2
-1
1
3
4
4
2
1
0
-1
-1
-1
4
5
3
-1
-4
-3
-1
-1
-1
-1
-2
-4
-5
-3
2
4
1
-2
-3
-2
0
-1
1
1
2
0
-3
-5
-4
0
5
9
8
2
-4
-6
-2
5
5
2
0
1
2
0
-3
-5
-1
1
1
0
-2
-3
-4
-5
-4
-1
2
4
4
2
0
-2
-1
2
5
5
1
-2
-1
1
0
-1
3
7
5
-1
-3
2
5
2
-2
-1
3
4
2
2
0
-2
-1
-4
0
1
-3
0
0
0
1
-1
-1
-2
2
2
2
5
2
2
-1
-3
1
2
5
5
3
3
-1
1
1
1
3
1
3
4
3
3
2
4
4
6
5
0
3
-1
1
5
0
7
7
4
6
3
1
-2
4
-1
-4
2
-6
1
4
-2
-1
-3
-2
-1
3
3
-2
-1
-5
-5
-1
-2
3
1
1
0
-5
2
-5
1
6
-1
7
1
-3
3
-1
2
0
1
-5
-1
3
-5
-1
-4
-6
0
-2
1
-7
-4
-1
-8
4
-8
-9
0
-6
8
3
1
4
-4
4
-2
3
3
-5
4
-8
-4
0
-5
7
1
6
4
-5
6
-3
4
8
4
12
-1
2
2
0
10
-1
7
10
-3
6
-2
3
5
-1
8
5
2
1
-8
1
1
1
3
-1
-3
-12
-7
-4
2
9
1
3
5
-3
1
-1
4
2
0
10
-1
4
2
-8
7
5
5
0
-5
11
0
-1
7
1
5
-2
4
5
-4
3
-3
-1
2
-2
4
7
2
-10
0
-1
-6
12
-5
-3
1
-8
9
-7
-3
4
-11
5
-12
4
13
-14
18
3
-16
2
-6
9
-3
5
10
-13
8
-8
-4
8
-4
10
-4
4
-3
-14
14
-9
0
7
-3
4
-14
7
0
-12
12
-7
7
10
-12
8
1
-12
4
11
1
6
-6
-8
-4
-15
1
-5
1
5
-13
3
-8
-9
2
0
11
1
-9
-2
-2
-5
-5
5
-2
-5
-5
-2
5
-14
5
12
-13
14
0
-7
12
-5
7
3
-1
9
-10
8
5
-10
8
-2
-2
2
4
7
-2
6
5
2
3
7
6
-2
10
4
-2
9
-5
2
9
-3
6
1
1
4
-7
5
-4
-8
8
-1
-5
-5
-5
-3
-5
2
3
-4
-8
1
-2
-16
-2
-1
2
6
-5
0
-6
-4
0
5
7
-15
3
0
-8
5
-7
3
1
7
18
-16
-3
5
-2
16
-3
2
9
-7
10
1
4
7
-10
21
9
-14
6
-10
4
10
-6
14
-13
-5
10
-4
18
-15
-14
10
-14
14
1
-9
0
-15
3
-5
1
-1
-11
15
2
-5
0
-4
1
1
13
10
-5
-3
-8
10
4
-10
11
1
-5
-6
9
16
-20
2
8
-7
12
-4
-1
-5
1
8
-16
2
-14
-12
12
-12
14
0
-15
-1
-11
13
3
-5
8
-7
6
7
-18
0
14
-6
2
14
-13
-8
2
1
1
-2
15
-4
-13
17
1
-5
2
0
0
-3
7
-6
2
5
-1
15
-10
2
11
-11
12
5
-15
-5
-4
3
-8
-12
14
-4
-7
21
-2
3
11
-17
17
20
-6
-1
-8
5
-1
-17
7
15
-12
-4
18
-5
1
-9
0
29
-4
3
6
2
-1
-21
15
13
-9
21
-13
-12
27
-13
0
10
-17
7
-7
2
6
-24
2
-10
-1
27
-22
4
12
-23
23
11
-6
12
-4
8
-4
-2
8
-33
1
24
-14
2
-5
-13
13
2
10
16
-7
-6
4
13
-2
-15
0
-7
-10
-10
-6
-10
-19
14
-1
9
18
-27
7
-1
12
11
-30
8
-35
-5
21
-37
27
-11
-15
27
3
31
-26
17
37
-25
23
-23
-19
-9
-32
14
-13
1
-4
-8
22
-9
27
10
-9
55
-11
-9
15
-37
-5
-23
-4
22
-42
5
-3
-27
20
-14
9
19
4
24
-9
32
3
-26
40
-11
4
18
-20
14
-8
17
9
-19
23
-14
1
9
5
14
-41
28
17
-41
28
4
-10
-4
8
11
-5
23
-24
10
28
-41
19
-14
-25
30
-36
-5
6
-40
13
14
-4
22
4
4
18
2
24
0
7
8
-29
28
-27
-35
24
-10
0
-14
11
1
-26
24
7
21
-4
-8
17
-26
9
-15
5
17
-34
21
-22
-9
6
-20
33
-36
12
20
-42
26
-26
9
11
-34
51
-21
-12
41
-13
19
15
2
25
-2
-3
16
-7
-1
1
-9
-12
-8
-13
-21
10
-13
4
13
-14
19
-14
-3
20
9
11
-16
30
-14
-23
41
-22
9
2
1
36
-47
9
2
-26
31
-18
6
9
-23
8
-4
3
9
-4
1
2
5
2
-7
-2
15
-14
-10
18
-26
-3
15
-17
-2
-11
-2
6
-18
5
13
3
-1
0
13
-15
-6
17
-5
-7
0
3
-10
-14
18
-11
-12
21
-10
16
7
-6
23
-9
10
16
21
9
-7
37
-19
-2
21
-27
20
-12
-6
26
-30
-8
-9
1
6
0
19
-17
4
1
-11
18
-4
17
-1
-12
25
-12
3
5
-11
19
-16
6
-4
-21
30
-32
11
37
-32
10
4
3
0
-6
22
-5
2
-5
15
12
-42
16
-5
-8
35
-45
11
11
-43
9
-6
33
-24
-19
44
-44
25
-21
-23
62
-38
22
5
-26
34
-23
24
9
-17
27
-23
5
4
-21
-3
-11
9
7
-11
-1
10
1
16
13
-10
17
6
-10
10
10
-10
-15
0
0
-14
-12
-7
-4
3
-10
-8
-1
-17
3
13
0
3
-9
-17
16
7
-6
13
-2
4
-15
11
18
-33
16
13
2
0
-10
13
-28
14
14
-35
26
-10
-9
5
11
-2
-24
45
-15
-2
36
-23
16
-21
5
41
-56
19
17
-26
20
-24
36
6
-21
62
-33
19
13
-19
26
-40
25
3
-20
25
-36
17
-6
-21
33
-22
16
3
9
25
-40
12
-13
-17
30
-13
22
11
-44
32
0
-9
4
-15
16
3
-6
-2
-6
-9
-25
20
17
-31
-1
27
-29
-33
60
-25
-19
48
-23
33
11
-14
29
-14
11
8
-35
25
-26
-43
46
-12
-27
17
-13
8
5
-28
31
-15
-5
26
-49
13
-1
-32
11
1
20
-21
-12
28
-7
-5
17
9
2
17
-5
-11
1
-11
1
1
-8
18
-13
-26
24
10
5
0
3
21
-7
-2
-6
6
-4
-18
1
-9
-9
-12
4
-2
15
6
-11
37
-5
1
14
-10
31
-7
-21
18
-8
-8
15
-14
-11
22
-5
18
15
-5
33
-38
-2
46
-28
28
-9
-18
33
-37
8
0
-26
27
-22
12
24
-61
-9
-7
-26
33
-15
-29
14
-40
-10
39
-41
14
43
-21
39
-26
3
30
-55
68
31
-37
11
-17
12
-14
-5
32
-11
4
8
3
0
-1
18
16
34
10
-10
21
-23
-14
26
3
0
-6
-8
-5
-6
8
-14
-15
22
-4
-19
26
-19
-44
55
-4
-31
50
-19
-17
-1
1
13
-27
26
-11
-14
27
-36
19
17
-28
-16
1
27
-52
-7
39
-47
-7
7
-11
-6
-9
12
19
12
-24
8
13
-31
17
22
5
-1
-8
10
-10
5
1
-16
47
3
-31
37
4
-29
9
50
3
-17
39
-11
-47
24
44
-51
12
50
-48
20
-2
-4
26
-52
24
27
-59
-12
10
-12
-8
-24
0
-11
-39
-5
-21
28
18
-42
58
10
-63
22
4
19
37
-18
33
16
-50
34
33
0
47
-18
39
22
-60
70
-22
-23
40
-14
23
-45
-17
31
-52
-30
76
-27
-28
10
-1
-26
-11
5
11
0
-22
23
-16
13
-34
-34
63
-34
22
-11
-14
13
-36
-9
41
9
-95
54
39
-44
13
-11
26
-7
-20
78
-30
-5
38
-32
11
-4
11
12
4
2
-32
38
-20
6
20
-4
13
-19
-23
58
-57
-37
45
-1
-15
-22
28
-2
-64
40
31
-15
-36
0
58
-64
-33
76
-7
-52
17
68
-78
-26
103
-88
4
76
-63
-14
8
36
-28
4
59
-51
33
25
-2
23
-17
31
-18
-9
34
-17
-5
11
17
-31
16
13
-60
42
-5
-2
35
-44
32
-41
-32
60
-50
15
28
-25
0
-42
20
11
-13
66
-6
-47
27
-16
-21
31
-20
-22
-10
-5
1
-24
18
-7
0
43
-8
26
-11
-9
27
-35
29
-8
-23
27
-25
-8
23
22
-16
12
4
-2
37
-1
-8
-11
12
-32
3
70
-73
3
26
-67
61
-10
-36
55
4
20
-19
-17
11
-19
18
2
-9
-1
-46
5
2
-42
46
-3
-43
29
-39
-5
19
-37
22
-11
-23
-18
-7
25
-36
42
-6
-47
52
-14
5
5
-2
27
-24
10
34
-29
5
45
-4
12
-10
-21
-9
-35
47
4
-36
33
-32
-17
17
6
11
-12
28
0
-4
12
-41
-21
13
25
-44
-18
26
-67
20
25
-35
58
-18
-23
55
-33
-10
28
-28
-25
30
6
-68
46
56
-36
-10
32
43
-39
39
38
-58
11
-7
18
6
-31
-20
-13
42
-7
-2
30
-14
-4
-2
28
37
-34
-10
10
-44
-8
20
-16
9
-16
-39
42
-4
-34
44
5
-7
33
-4
-35
-5
19
-40
10
48
-75
1
57
-40
8
9
-6
1
-47
74
7
-87
76
-52
-38
74
-57
51
-7
-93
108
-19
-29
71
-74
58
47
-117
74
47
-104
123
-30
-51
16
-78
107
3
-45
38
-74
27
73
-24
66
-13
-89
106
-50
-47
75
-47
-16
62
-32
-114
14
-35
-3
104
-33
-68
-51
1
84
-87
63
40
-111
111
-61
11
53
-157
125
2
-16
43
-155
156
-44
-53
168
-175
44
24
-4
49
-47
74
-75
-7
80
-34
96
-45
37
39
-54
60
-35
4
-64
-3
81
-112
47
-12
-76
37
-12
86
-113
-22
153
-103
52
-1
13
14
-58
111
-17
-79
-2
8
40
-66
-14
61
-48
25
29
17
-97
-26
139
-78
-25
21
-14
92
-189
68
87
-236
139
31
-31
0
-70
87
-39
12
-38
-43
130
41
-32
-59
47
13
-81
88
16
-67
-20
27
63
-97
-6
55
-57
87
93
-107
6
-19
89
116
-118
47
7
-29
-20
-7
79
-121
-3
103
-79
-44
-52
22
63
-127
76
4
-180
-2
29
81
24
-103
17
18
-13
38
65
68
-103
-33
141
-64
-29
-60
-1
108
-91
77
-38
-134
79
96
100
-41
-61
-30
40
60
-30
77
-89
-92
40
83
-45
-107
58
45
74
17
-46
-81
-42
148
73
-15
-97
-50
33
58
30
-91
-39
-31
59
85
-38
-16
-73
-19
152
-16
-68
-24
-46
9
39
31
-19
-73
8
28
-24
58
-4
-63
84
3
-42
41
-12
24
16
1
36
4
-20
29
62
-79
-50
29
-1
45
-9
-38
-51
-24
87
5
-30
48
-12
21
12
-37
92
-22
-91
70
-6
1
60
6
-23
-91
61
51
-81
16
-28
-27
9
47
-6
-108
38
6
-6
141
-36
-170
91
79
-81
5
56
1
-111
45
66
-65
-73
-30
106
-37
-22
28
-24
8
-20
53
-39
-30
30
-42
14
52
-39
-30
50
-51
-23
30
60
43
-73
42
4
-84
51
78
15
-31
-14
21
-29
9
77
-24
-56
27
35
-7
-99
2
113
-99
-22
98
-36
-38
-28
88
66
-89
45
-6
-22
53
-18
66
-22
-22
-2
-7
4
-32
7
48
17
-23
-44
-24
43
11
-8
-22
28
11
-40
18
-65
59
46
-66
7
64
1
-63
-30
54
42
-47
-88
10
48
-75
-21
17
-36
-31
-48
131
-9
-132
60
12
42
6
2
16
-60
35
52
88
40
-68
47
82
4
33
5
-27
31
56
35
-69
-42
22
53
-4
-102
56
-10
-52
70
-36
-26
-27
-8
77
-41
-99
-28
28
35
-49
-38
-7
-75
-8
32
-18
-90
-53
118
48
-81
-59
37
32
6
100
-20
-94
10
44
107
15
-118
-25
28
36
99
21
-71
-21
2
36
30
-39
13
19
-12
11
-46
-26
-1
-9
56
24
-28
-49
-39
-18
-28
53
24
-46
-22
-6
49
-5
-49
19
23
21
25
74
23
-122
-2
94
4
-31
-57
38
78
-31
-7
-10
-67
-35
74
107
-9
-29
-14
-17
37
18
-18
-29
-21
54
34
-22
-14
-55
-19
41
23
11
-14
-1
19
4
-45
-64
5
16
20
24
-23
-13
-12
-4
26
22
-13
-25
24
-15
-33
-22
-30
43
27
8
18
-26
-4
20
46
42
-9
-12
-5
46
11
-13
-5
-41
-7
31
13
24
-18
-27
13
22
26
0
32
8
-12
34
25
37
-17
-34
44
29
17
26
8
-9
4
22
18
32
29
-28
-6
-1
15
36
-8
9
18
25
10
3
24
-17
-13
17
21
43
-7
-49
20
3
-7
51
12
5
-17
4
27
-16
3
-14
3
10
-33
9
-9
-35
-10
-30
16
24
-26
-30
-16
7
4
-3
-3
-29
-6
2
-18
0
-7
-23
-2
-22
0
3
-25
31
-9
-42
-28
-24
-11
-13
-28
-14
-14
-50
-36
-38
-66
-34
-22
-37
-21
-50
-68
-46
-50
-24
-32
-14
-34
-35
24
-29
-35
6
-23
25
33
-7
19
4
-3
36
5
-9
43
13
-15
4
-12
21
16
-27
5
12
-12
0
8
-8
-30
-1
37
11
-1
16
20
19
1
25
51
16
19
57
49
38
31
31
56
46
41
63
53
23
22
45
46
37
22
61
70
25
43
44
53
60
68
77
48
70
78
72
52
19
55
51
22
42
26
-14
-3
19
23
-13
-25
25
14
-14
5
-8
-11
-39
-44
1
-20
-49
-45
-35
-60
-92
-89
-62
-79
-133
-57
-75
-145
-81
-145
-113
-66
-154
-58
-65
-117
-43
-93
-121
-95
-84
-129
-189
-163
-191
-248
-295
-353
-314
-346
-473
-441
-457
-604
-602
-594
-615
-563
-585
-556
-524
-582
-595
-556
-500
-449
-354
-321
-238
-195
-206
-82
-94
40
184
198
385
345
428
579
479
605
632
684
770
688
829
789
715
823
743
720
792
810
858
820
710
737
756
733
786
784
786
832
832
868
923
896
903
931
898
923
919
852
857
836
781
763
712
661
602
516
492
438
340
328
301
187
74
16
-36
-151
-258
-303
-396
-560
-717
-863
-1065
-1327
-1564
-1768
-1996
-2244
-2483
-2738
-3092
-3488
-3720
-3873
-4024
-3888
-3557
-3430
-3525
-3561
-3365
-2906
-2304
-1570
-829
-447
-146
373
959
1390
1795
2265
2636
3086
3411
3552
3441
2996
2803
2850
2892
2742
2327
1889
1307
687
362
136
-262
-683
-949
-1047
-1209
-1498
-1698
-1835
-1862
-1658
-1242
-782
-588
-581
-387
-62
263
684
1149
1551
1750
1875
2052
2126
2095
2058
2090
2098
2050
1887
1622
1260
814
637
459
255
205
-38
-310
-579
-768
-749
-750
-718
-674
-567
-428
-356
-225
-157
-67
92
332
691
862
917
851
786
1009
1131
1269
1426
1346
1231
1091
1054
1021
886
722
569
482
236
4
-140
-407
-726
-916
-1009
-1204
-1566
-1972
-2307
-2680
-2955
-3145
-3391
-3734
-4161
-4421
-4590
-4532
-4281
-4028
-3807
-3871
-3776
-3298
-2666
-1936
-1302
-714
-252
132
721
1293
1760
2098
2382
2865
3202
3313
3291
3032
2732
2510
2569
2579
2151
1656
1179
700
234
-104
-188
-436
-813
-918
-927
-1016
-1106
-1149
-1046
-806
-496
-1
422
538
575
738
1184
1591
1895
2226
2296
2272
2260
2331
2333
2157
1972
1758
1637
1465
1165
742
268
-100
-258
-345
-553
-645
-868
-1164
-1231
-1244
-1042
-843
-824
-719
-566
-326
-121
-33
125
233
379
648
914
1066
939
837
910
1101
1296
1303
1408
1377
1138
1116
1228
1278
1087
965
1001
930
876
697
489
304
23
73
170
-105
-452
-837
-1144
-1457
-1817
-1996
-2339
-2833
-3196
-3460
-3733
-4189
-4707
-4955
-4770
-4422
-4068
-3837
-4009
-4253
-3963
-3078
-2078
-1242
-680
-386
-45
534
1130
1690
2121
2293
2779
3236
3475
3463
2760
2234
2069
2158
2353
2094
1490
604
-153
-525
-718
-859
-969
-1224
-1602
-1501
-1324
-1536
-1737
-1673
-1082
-551
-39
675
852
722
763
1480
2319
2516
2704
2953
3012
2901
2868
2907
2728
2384
2164
2183
1837
1037
300
-314
-742
-968
-1100
-1338
-1783
-2368
-2861
-2943
-2751
-2063
-1188
-646
-479
-784
-682
-139
697
1828
2537
2764
2556
2390
2477
2465
2393
2472
2731
2885
2791
2351
1654
912
424
639
1218
1291
815
307
-201
-626
-612
-244
-6
-44
-64
-23
-221
-683
-1087
-1249
-1305
-1356
-1406
-1718
-2472
-3310
-3881
-4265
-4596
-4867
-5115
-5255
-5076
-4839
-4934
-5155
-5045
-4510
-3589
-2515
-1685
-1164
-920
-620
0
903
1817
2293
2674
3105
3288
3403
3293
3059
2950
2887
2865
2571
2018
1308
433
-154
-455
-687
-808
-1008
-1482
-1865
-1980
-1979
-1792
-1578
-1206
-524
-64
231
738
1113
1291
1678
2450
3196
3347
3532
3815
3590
3368
3294
3405
3513
3140
2733
2367
1724
951
244
-113
-337
-824
-1220
-1651
-2263
-2807
-3415
-3618
-3146
-2399
-1684
-1327
-1422
-1639
-1484
-732
483
1576
2102
2119
1960
2008
2076
2221
2526
2585
2590
2780
2626
2124
1487
755
600
1081
1536
1395
863
355
-252
-335
124
450
581
475
349
376
336
155
116
108
84
264
267
-164
-898
-1668
-2189
-2457
-2570
-2767
-3369
-4301
-5219
-5843
-6009
-5785
-5335
-4989
-4935
-4964
-4896
-4480
-3767
-2965
-1855
-745
-53
582
1135
1564
2040
2314
2980
3890
4307
4592
4235
3235
2554
2235
2168
1943
1422
917
90
-819
-1361
-1931
-2343
-2350
-2292
-2114
-1826
-1731
-1995
-2156
-1665
-934
-204
753
1628
2003
1939
2080
2751
3256
3531
3938
4264
4336
4008
3612
3311
2820
2360
2102
1971
1589
641
-453
-1198
-1578
-1883
-2138
-2333
-2641
-3090
-3573
-3654
-3233
-2439
-1393
-712
-484
-482
-368
391
1532
2559
3026
2913
2886
2943
2868
2893
2819
2558
2359
2301
2327
1971
1149
390
28
216
529
509
349
-40
-546
-639
-311
111
298
351
482
543
681
774
469
303
310
201
166
-139
-702
-1527
-2614
-3192
-3332
-3636
-4366
-5228
-5750
-6136
-6281
-5840
-5355
-5422
-5730
-5545
-4519
-3291
-2500
-1862
-1192
-555
212
1292
2437
3081
3151
3276
3796
4334
4483
4249
3719
2885
2299
2262
2070
1283
236
-690
-1448
-1871
-1952
-2071
-2574
-3210
-3117
-2474
-2057
-1859
-1617
-1126
-672
-89
1010
1928
2361
2477
2698
3442
3996
4171
4246
4128
3961
3690
3374
3208
2830
2118
1428
901
551
56
-700
-1192
-1407
-1698
-1952
-1962
-1832
-1834
-2004
-1900
-1295
-616
-221
-7
304
742
1065
1404
1993
2331
2187
2112
2295
2424
2259
1918
1690
1510
1342
1235
1029
783
448
62
33
175
174
83
-154
-269
-106
-104
-100
203
416
475
473
602
721
633
510
308
132
-129
-470
-843
-1437
-2135
-2854
-3365
-3893
-4674
-5339
-5845
-6032
-5864
-5541
-5127
-5147
-5585
-5435
-4460
-3295
-2085
-1038
-467
-39
370
1126
2236
2908
3308
3633
3911
4442
4462
3657
2975
2529
2095
1722
1420
1210
489
-639
-1544
-2265
-2478
-2147
-2069
-2359
-2299
-2047
-2079
-1988
-1426
-672
-157
446
1434
2176
2436
2535
2760
3241
3581
3708
4014
4180
3927
3474
2926
2538
2316
1918
1393
930
436
-284
-1165
-1734
-1879
-2103
-2589
-2953
-3014
-3066
-3276
-3114
-2087
-764
-53
33
46
286
821
1809
3187
4097
3852
3119
2769
2757
2775
2673
2434
2187
1926
1508
1034
614
-37
-810
-930
-396
15
71
-78
-409
-776
-892
-494
337
1088
1334
1145
937
953
1007
1064
1260
1328
912
251
-208
-660
-1511
-2530
-3331
-3941
-4574
-5321
-5929
-6328
-6733
-6828
-6437
-6098
-6072
-6026
-5497
-4475
-3442
-2455
-1340
-345
280
799
1722
2890
3622
3992
4376
4578
4596
4505
4194
3627
2921
2260
1639
1109
593
-104
-1114
-2042
-2473
-2623
-2684
-2933
-3023
-2781
-2627
-2323
-1840
-1268
-728
-283
427
1387
2171
2573
2862
3241
3553
3700
3910
4205
4290
4034
3482
2954
2589
2153
1657
1150
657
121
-541
-947
-1191
-1568
-1829
-2094
-2049
-1837
-1834
-1613
-1314
-784
-356
-147
397
1009
1462
1689
2022
2428
2644
2548
2586
2789
2499
2208
2007
1850
1474
969
848
551
229
15
-276
-511
-530
-345
-354
-544
-577
-345
-98
75
368
755
927
741
647
948
1239
1212
1057
930
604
-35
-795
-1308
-1622
-2322
-3216
-4062
-4761
-5526
-6556
-6892
-6561
-6125
-5898
-6024
-5945
-5770
-5396
-4450
-3182
-1739
-596
-66
498
1103
1859
2829
3400
4053
4424
4378
4534
4515
4175
3464
2851
2447
1820
1141
878
496
-488
-1368
-2080
-2237
-2210
-2454
-2414
-2353
-2213
-2111
-1929
-1230
-480
-48
309
906
1485
1828
2190
2796
3319
3510
3636
3783
3808
3673
3507
3356
3100
2613
1950
1284
715
203
-403
-997
-1440
-1934
-2517
-2994
-3284
-3200
-2668
-1929
-1147
-673
-661
-670
-230
721
1780
2573
2860
2800
2617
2562
2681
2634
2500
2111
1655
1412
1330
1406
1038
278
-201
-441
-813
-837
-295
91
-28
-432
-446
-226
-132
251
718
1045
1227
1162
1186
1405
1474
1260
889
594
270
-234
-733
-1306
-1953
-2645
-3661
-4601
-5249
-5875
-6281
-6471
-6279
-5963
-6042
-6159
-5892
-5200
-4482
-3786
-2896
-1863
-914
-63
805
1597
2350
2771
3196
3916
4353
4473
4319
4041
3767
3429
3066
2435
1528
745
258
-285
-994
-1457
-1728
-2037
-2444
-2581
-2290
-2175
-2216
-2155
-1772
-1123
-598
-71
444
884
1240
1531
1931
2439
2828
2990
3135
3272
3311
3168
2771
2359
2100
1894
1627
1239
833
475
6
-428
-627
-735
-855
-1016
-1122
-1031
-814
-490
-146
72
264
395
483
785
1173
1362
1384
1421
1526
1485
1310
1211
1073
855
755
787
855
774
473
202
125
119
108
184
361
494
511
433
359
459
636
744
922
1120
1077
848
681
681
718
667
601
460
79
-445
-899
-1253
-1611
-1999
-2383
-2853
-3487
-4173
-4792
-5326
-5711
-5802
-5569
-5201
-4929
-4858
-4815
-4447
-3783
-3095
-2403
-1697
-1065
-483
169
983
1809
2385
2727
2950
3049
3064
3063
3066
3066
2964
2624
2097
1640
1383
1117
662
155
-211
-471
-742
-948
-950
-862
-948
-1183
-1273
-1085
-783
-517
-231
114
399
556
752
1117
1497
1733
1927
2154
2247
2146
2045
2046
2015
1902
1769
1604
1335
1016
767
610
442
184
-88
-215
-169
-152
-275
-384
-376
-309
-245
-136
87
268
284
306
432
596
634
487
446
546
462
308
362
507
454
201
80
152
92
-43
20
199
264
207
217
392
567
607
656
866
1058
984
810
794
813
672
499
491
515
364
162
49
-87
-334
-651
-944
-1173
-1448
-1802
-2116
-2469
-2998
-3577
-4081
-4441
-4556
-4485
-4339
-4165
-4028
-3870
-3575
-3170
-2759
-2376
-1935
-1375
-782
-226
320
831
1298
1642
1804
1936
2107
2175
2201
2268
2150
1926
1639
1253
982
819
723
521
228
-5
-219
-417
-488
-339
-298
-384
-443
-408
-188
46
290
567
758
787
764
850
1084
1321
1349
1347
1344
1276
1241
1140
1049
905
686
662
678
676
627
434
393
438
383
377
449
484
432
404
556
731
706
605
554
581
617
552
521
506
438
375
277
223
141
-79
-259
-313
-290
-264
-266
-256
-173
-60
7
95
211
304
419
514
589
736
938
1030
987
932
908
870
739
637
568
446
275
19
-115
-160
-257
-367
-460
-498
-598
-826
-1018
-1047
-1123
-1285
-1422
-1605
-1832
-2146
-2462
-2776
-3039
-3173
-3270
-3339
-3404
-3340
-3117
-2888
-2715
-2526
-2261
-2004
-1786
-1560
-1261
-904
-530
-148
277
717
1073
1284
1413
1580
1693
1708
1551
1283
1109
939
831
815
794
656
413
351
396
430
570
715
712
686
753
810
895
1024
1124
1236
1269
1309
1338
1286
1222
1039
900
883
900
912
859
833
806
695
589
629
655
654
683
641
607
522
465
466
458
522
503
446
423
275
83
-97
-291
-459
-556
-487
-298
-130
-132
-301
-462
-517
-462
-389
-355
-414
-523
-544
-465
-233
41
223
364
406
516
710
848
1038
1132
1136
1168
1100
1073
1079
999
857
680
540
456
360
214
67
-178
-398
-539
-663
-610
-591
-687
-716
-633
-563
-587
-542
-497
-538
-596
-630
-769
-1138
-1580
-1994
-2388
-2758
-3027
-3146
-3209
-3340
-3484
-3467
-3256
-2993
-2746
-2498
-2249
-2026
-1831
-1557
-1099
-604
-221
139
512
831
1112
1391
1619
1754
1777
1658
1456
1368
1416
1411
1325
1263
1224
1194
1197
1185
1176
1169
1027
761
569
571
593
587
577
605
722
766
792
860
907
912
807
781
846
858
877
890
935
1045
1007
916
914
904
864
713
615
617
554
483
380
357
421
368
244
173
110
-22
-171
-267
-316
-405
-472
-420
-337
-290
-243
-232
-277
-263
-235
-149
-18
67
125
114
207
390
568
695
739
794
800
799
811
763
647
552
471
338
205
26
-91
-204
-378
-442
-509
-560
-550
-548
-498
-472
-404
-278
-188
-57
27
8
-66
-191
-314
-434
-595
-854
-1210
-1633
-2116
-2603
-2974
-3223
-3432
-3611
-3747
-3833
-3843
-3725
-3443
-3069
-2729
-2459
-2169
-1780
-1335
-831
-262
236
665
1120
1552
1961
2324
2539
2628
2618
2466
2271
2141
2052
1894
1595
1281
1103
996
887
808
759
699
563
397
355
391
415
496
598
682
757
769
835
965
1037
1106
1136
1101
1104
1077
1039
1037
1030
1041
952
784
706
629
495
332
132
11
-69
-167
-221
-278
-308
-300
-339
-295
-179
-138
-107
-85
-99
-74
-1
147
318
406
442
456
472
507
525
494
460
450
418
366
298
224
153
76
56
9
-91
-166
-241
-318
-391
-395
-312
-266
-238
-161
-85
-34
-16
-6
31
54
57
49
86
181
213
203
202
151
92
-47
-235
-370
-579
-884
-1280
-1787
-2325
-2843
-3294
-3595
-3761
-3895
-4029
-4074
-3931
-3619
-3194
-2730
-2326
-1968
-1564
-1096
-639
-151
371
851
1221
1524
1879
2197
2423
2534
2499
2352
2100
1817
1548
1335
1172
969
724
502
353
275
270
327
411
440
364
277
305
452
605
698
769
864
973
1071
1168
1267
1304
1228
1102
1007
951
910
881
829
743
658
571
467
381
352
313
189
36
-65
-73
-28
-32
1
119
159
137
185
268
342
375
368
394
430
455
507
535
522
501
468
409
337
285
235
143
56
29
4
-73
-151
-154
-120
-126
-164
-201
-219
-208
-168
-101
-42
-24
-26
0
28
35
49
63
26
13
88
165
183
202
227
170
33
-113
-259
-452
-717
-1081
-1577
-2199
-2885
-3519
-3972
-4199
-4284
-4311
-4277
-4163
-3975
-3673
-3218
-2679
-2176
-1760
-1404
-1033
-564
20
631
1160
1560
1851
2110
2401
2685
2836
2786
2563
2211
1808
1478
1258
1046
767
487
281
137
29
-23
-32
-24
-15
-15
15
109
254
420
608
862
1097
1216
1343
1498
1578
1589
1509
1364
1236
1113
1044
1037
964
832
693
590
547
494
435
365
221
85
15
-3
82
220
302
325
357
451
543
560
547
516
442
359
308
279
242
204
164
96
13
-39
-86
-179
-288
-335
-312
-255
-157
-24
93
165
217
284
366
444
520
567
565
544
507
458
454
476
449
378
277
183
176
214
205
131
-13
-221
-421
-586
-747
-947
-1323
-1959
-2768
-3619
-4349
-4780
-4915
-4872
-4745
-4624
-4485
-4173
-3644
-3016
-2419
-1925
-1541
-1209
-777
-166
533
1226
1834
2252
2484
2671
2882
3024
3004
2810
2417
1856
1292
871
591
358
102
-195
-498
-710
-817
-869
-861
-843
-852
-778
-561
-217
274
820
1293
1648
1924
2154
2312
2416
2495
2478
2320
2055
1804
1694
1677
1621
1479
1234
920
598
293
59
-102
-278
-485
-628
-596
-391
-147
33
135
196
246
306
405
541
639
638
579
556
582
608
582
476
294
91
-94
-267
-413
-474
-469
-461
-434
-348
-214
-86
83
319
502
605
716
830
939
1018
1059
1097
1094
1066
1078
1037
897
720
531
366
178
-73
-342
-666
-1079
-1509
-1902
-2321
-2965
-3868
-4833
-5688
-6269
-6449
-6220
-5713
-5172
-4714
-4167
-3393
-2466
-1521
-686
-86
293
665
1182
1809
2473
3029
3305
3306
3132
2906
2673
2302
1696
937
128
-657
-1344
-1785
-1961
-2079
-2233
-2346
-2334
-2144
-1818
-1439
-1016
-578
-131
405
1119
1990
2856
3522
3932
4138
4205
4204
4157
4015
3698
3154
2464
1788
1228
845
592
317
-57
-522
-976
-1266
-1386
-1349
-1171
-1001
-826
-519
-114
356
848
1229
1465
1606
1710
1809
1870
1828
1636
1328
1000
690
384
108
-137
-419
-780
-1132
-1377
-1460
-1379
-1208
-1037
-855
-591
-254
120
503
880
1222
1497
1682
1817
1938
2006
1977
1887
1766
1609
1435
1263
1038
738
421
69
-401
-941
-1448
-1949
-2546
-3179
-3755
-4407
-5285
-6278
-7105
-7546
-7554
-7056
-6078
-4968
-4005
-3132
-2145
-905
374
1407
2225
2827
3178
3462
3837
4258
4498
4306
3662
2762
1906
1183
385
-475
-1274
-2104
-2960
-3650
-3990
-3986
-3924
-3929
-3798
-3360
-2657
-1810
-860
187
1183
1987
2670
3379
4126
4751
5104
5187
5101
4910
4607
4167
3598
2884
2003
1038
171
-473
-945
-1375
-1797
-2168
-2432
-2455
-2092
-1448
-845
-421
-50
405
988
1709
2474
3077
3352
3295
3042
2800
2649
2427
1928
1210
525
-11
-413
-692
-913
-1209
-1616
-1988
-2147
-2011
-1646
-1238
-941
-674
-241
380
1016
1531
1898
2102
2104
2042
2143
2328
2338
2112
1788
1477
1149
846
656
450
114
-294
-734
-1146
-1521
-1967
-2449
-2903
-3410
-4011
-4729
-5599
-6516
-7240
-7526
-7223
-6345
-5136
-4013
-3167
-2375
-1412
-326
767
1754
2500
2966
3257
3576
3913
4028
3800
3152
2117
1096
340
-277
-874
-1465
-2043
-2606
-3157
-3559
-3601
-3310
-3023
-2979
-2834
-2128
-1057
-113
699
1563
2247
2513
2655
3049
3575
3848
3802
3647
3454
3093
2580
2065
1549
921
213
-384
-693
-689
-547
-452
-397
-348
-348
-324
-124
210
491
639
693
700
740
905
1227
1742
2374
2805
2728
2265
1805
1512
1337
1259
1178
923
485
-2
-425
-644
-683
-861
-1267
-1481
-1204
-613
22
568
963
1200
1276
1290
1515
1943
2202
2157
2032
1900
1725
1548
1281
820
345
17
-207
-291
-216
-211
-487
-996
-1601
-2166
-2643
-3149
-3797
-4586
-5509
-6467
-7166
-7427
-7274
-6673
-5633
-4493
-3603
-2890
-2008
-829
418
1465
2270
2900
3323
3538
3678
3766
3565
2896
1918
1024
445
21
-565
-1327
-2007
-2472
-2818
-3090
-3156
-2944
-2614
-2318
-1902
-1086
29
1022
1720
2304
2848
3199
3333
3464
3683
3762
3479
2924
2373
1880
1283
544
-168
-762
-1310
-1768
-1941
-1805
-1542
-1236
-830
-344
99
473
871
1333
1764
2085
2383
2728
2964
2894
2619
2360
2096
1701
1279
1014
831
587
307
34
-245
-470
-599
-701
-778
-699
-455
-182
43
258
512
798
1052
1265
1488
1669
1695
1599
1529
1548
1596
1551
1361
1087
797
458
107
-116
-196
-268
-391
-488
-526
-520
-467
-404
-455
-661
-918
-1152
-1411
-1770
-2283
-3042
-4135
-5475
-6711
-7385
-7277
-6483
-5293
-4156
-3511
-3301
-2908
-1915
-574
654
1593
2292
2806
3164
3406
3505
3249
2415
1232
325
-11
-121
-443
-997
-1605
-2217
-2777
-3094
-3017
-2694
-2399
-2143
-1605
-580
628
1516
1969
2230
2476
2736
3070
3495
3827
3815
3393
2759
2142
1548
858
101
-567
-1107
-1562
-1833
-1781
-1489
-1202
-997
-738
-340
105
507
918
1406
1881
2171
2252
2260
2260
2171
1996
1863
1750
1470
1030
759
802
853
618
265
104
110
78
28
95
260
368
379
406
547
750
893
981
1108
1270
1351
1346
1388
1503
1550
1462
1340
1224
1001
657
365
199
73
-60
-169
-267
-356
-383
-397
-580
-962
-1372
-1681
-1957
-2304
-2757
-3428
-4489
-5826
-6942
-7420
-7128
-6084
-4618
-3462
-3074
-3026
-2542
-1371
126
1458
2368
2863
3081
3185
3214
2972
2231
1062
-54
-670
-843
-962
-1318
-1946
-2572
-2912
-2974
-2838
-2450
-1848
-1215
-633
67
1025
1947
2419
2548
2727
3077
3445
3642
3618
3409
2983
2403
1867
1396
821
95
-542
-814
-773
-734
-830
-931
-923
-753
-319
395
1101
1431
1430
1458
1626
1743
1692
1562
1491
1428
1254
1077
1030
852
320
-190
-236
39
281
373
394
446
489
442
378
316
237
248
399
581
728
799
776
755
851
1070
1280
1342
1311
1350
1455
1576
1709
1678
1316
843
572
496
411
209
-4
-152
-330
-541
-658
-732
-955
-1379
-1803
-2021
-2173
-2565
-3270
-4170
-5194
-6227
-6893
-6682
-5528
-4045
-3043
-2760
-2699
-2237
-1208
142
1423
2266
2542
2494
2483
2502
2171
1306
261
-485
-845
-1021
-1238
-1727
-2482
-3076
-3173
-2971
-2716
-2305
-1655
-958
-344
300
1040
1678
1991
2155
2529
3021
3213
3079
2890
2645
2214
1756
1443
1123
630
138
-69
-48
-135
-453
-748
-810
-678
-361
244
975
1415
1444
1408
1542
1653
1534
1326
1222
1182
1136
1129
1126
923
446
-42
-197
35
369
551
568
490
319
174
198
236
26
-252
-184
184
422
375
254
204
246
467
882
1279
1471
1540
1637
1744
1833
1889
1789
1452
1081
928
886
672
287
-39
-212
-316
-400
-457
-580
-886
-1291
-1570
-1694
-1900
-2416
-3275
-4307
-5227
-5860
-6102
-5712
-4600
-3263
-2456
-2293
-2135
-1475
-428
719
1736
2360
2523
2427
2264
1939
1177
5
-1073
-1630
-1786
-1948
-2358
-2983
-3536
-3629
-3216
-2640
-2102
-1486
-691
207
1076
1854
2475
2776
2792
2892
3213
3353
3021
2434
1885
1376
816
331
3
-366
-890
-1264
-1157
-771
-518
-335
80
691
1211
1573
2031
2636
3000
2959
2818
2717
2423
1834
1265
1000
853
550
159
-145
-420
-799
-1122
-1052
-560
-16
277
384
504
666
806
870
787
589
490
635
827
782
488
106
-183
-156
183
532
665
671
789
1037
1193
1221
1242
1205
1047
928
975
991
727
330
139
161
144
27
-124
-365
-722
-1025
-1137
-1144
-1244
-1598
-2271
-3101
-3890
-4613
-5176
-5213
-4493
-3350
-2435
-1997
-1780
-1488
-918
-90
701
1248
1506
1555
1599
1528
1020
99
-899
-1630
-1947
-2006
-2142
-2600
-3203
-3430
-3125
-2680
-2368
-2006
-1393
-676
32
853
1715
2252
2367
2452
2749
2953
2749
2352
2073
1794
1342
923
700
411
-136
-633
-736
-571
-456
-410
-213
199
646
1024
1425
1892
2260
2406
2449
2471
2330
1954
1572
1402
1329
1134
813
505
278
68
-171
-339
-303
-125
50
164
224
222
198
201
197
136
82
121
212
188
-13
-235
-312
-231
-24
290
585
705
707
789
954
1075
1100
988
754
509
372
327
214
-4
-124
-121
-156
-183
-126
-165
-402
-617
-621
-567
-699
-969
-1288
-1760
-2371
-2992
-3599
-4031
-3962
-3308
-2407
-1821
-1734
-1764
-1527
-927
-122
528
800
841
935
1092
1017
562
-98
-741
-1189
-1307
-1229
-1345
-1754
-2071
-1989
-1743
-1669
-1735
-1724
-1520
-1114
-560
79
614
849
930
1130
1419
1568
1471
1315
1346
1520
1672
1758
1719
1446
1014
754
820
925
820
652
657
788
827
811
895
1001
979
874
873
987
960
747
664
790
888
900
949
1090
1179
1090
970
1045
1250
1346
1270
1151
1025
811
554
366
150
-194
-543
-741
-781
-788
-864
-934
-893
-738
-459
-103
192
361
504
759
1087
1303
1309
1162
969
770
592
453
257
-64
-400
-605
-714
-904
-1175
-1360
-1439
-1446
-1311
-1066
-873
-821
-791
-611
-367
-298
-388
-437
-390
-306
-183
-22
15
-233
-606
-809
-820
-890
-1150
-1453
-1684
-1887
-2049
-2086
-2036
-2019
-2025
-1928
-1688
-1370
-1003
-598
-219
51
206
293
322
271
167
60
-27
-93
-156
-271
-479
-771
-1052
-1206
-1237
-1193
-1101
-935
-607
-183
175
493
847
1200
1482
1676
1857
2065
2200
2229
2238
2208
2050
1785
1520
1251
915
565
311
178
152
236
387
517
600
717
926
1163
1365
1558
1776
1996
2139
2138
2023
1825
1524
1138
736
423
212
-14
-224
-304
-323
-377
-420
-394
-342
-287
-135
147
408
568
726
891
902
718
536
439
279
2
-208
-284
-405
-675
-924
-1026
-1106
-1254
-1330
-1229
-1080
-1014
-964
-876
-849
-957
-1086
-1144
-1176
-1203
-1174
-1134
-1218
-1459
-1753
-1992
-2090
-2041
-1978
-2060
-2265
-2405
-2366
-2196
-2016
-1881
-1752
-1549
-1219
-790
-373
-70
110
241
393
560
652
595
423
260
162
63
-93
-269
-447
-656
-845
-870
-716
-539
-428
-282
-12
314
619
927
1255
1552
1814
2113
2428
2625
2677
2707
2753
2702
2514
2302
2107
1843
1510
1229
1018
802
604
513
504
493
484
549
684
838
986
1136
1284
1424
1537
1583
1529
1412
1263
1038
717
369
53
-227
-458
-589
-636
-678
-730
-751
-716
-601
-440
-267
-138
5
225
400
408
253
137
112
12
-173
-331
-371
-445
-619
-712
-720
-739
-837
-886
-763
-646
-558
-444
-381
-453
-646
-787
-843
-905
-1037
-1184
-1233
-1312
-1518
-1798
-2043
-2125
-2110
-2073
-2078
-2139
-2166
-2117
-1939
-1707
-1550
-1452
-1306
-975
-466
28
284
298
266
324
430
511
521
421
265
169
138
64
-125
-395
-676
-879
-918
-806
-636
-476
-327
-135
102
384
706
991
1236
1557
1963
2338
2593
2709
2740
2678
2491
2281
2129
1948
1681
1400
1180
970
695
412
239
179
205
270
321
432
640
849
1008
1136
1260
1372
1405
1375
1363
1309
1119
837
564
307
22
-240
-382
-448
-530
-628
-659
-613
-561
-511
-416
-266
-98
34
85
46
-24
-72
-117
-207
-319
-404
-473
-563
-647
-659
-629
-630
-653
-600
-467
-347
-260
-133
-9
-31
-216
-428
-619
-849
-1092
-1248
-1310
-1400
-1604
-1901
-2190
-2356
-2362
-2293
-2263
-2270
-2219
-2063
-1841
-1621
-1447
-1335
-1229
-1009
-627
-199
93
186
174
193
280
363
355
267
171
108
69
5
-141
-367
-592
-720
-709
-617
-541
-495
-408
-221
41
326
606
882
1166
1478
1811
2118
2359
2516
2586
2567
2479
2355
2218
2055
1852
1612
1367
1122
858
608
447
374
333
312
376
515
639
734
834
947
1065
1164
1275
1367
1364
1315
1229
1064
883
689
457
264
130
64
13
-105
-205
-243
-292
-312
-262
-186
-140
-135
-142
-169
-228
-284
-332
-398
-452
-474
-475
-491
-522
-540
-522
-457
-357
-245
-143
-57
23
105
158
127
-5
-220
-487
-772
-1027
-1226
-1398
-1592
-1831
-2094
-2354
-2570
-2659
-2592
-2467
-2386
-2317
-2159
-1908
-1675
-1507
-1349
-1141
-876
-583
-265
22
152
120
59
32
45
44
-31
-128
-203
-256
-271
-320
-459
-611
-678
-628
-491
-336
-184
-51
93
303
605
932
1188
1365
1565
1835
2112
2301
2379
2396
2408
2415
2397
2336
2211
2013
1765
1511
1276
1050
828
640
539
528
540
538
552
576
578
589
642
742
880
1011
1078
1067
990
871
723
558
380
193
30
-75
-143
-231
-376
-560
-710
-747
-690
-621
-566
-487
-368
-262
-209
-211
-284
-387
-428
-381
-306
-281
-311
-324
-313
-343
-383
-357
-284
-211
-135
-37
66
106
48
-61
-196
-383
-602
-825
-1036
-1222
-1392
-1560
-1728
-1923
-2152
-2327
-2375
-2299
-2137
-1961
-1855
-1801
-1718
-1590
-1442
-1277
-1090
-876
-627
-376
-187
-94
-69
-76
-121
-187
-188
-133
-132
-198
-277
-355
-460
-594
-685
-655
-558
-472
-384
-259
-106
67
279
538
802
1018
1198
1411
1676
1914
2064
2152
2195
2219
2261
2305
2271
2141
1971
1794
1601
1408
1241
1089
955
873
844
820
744
639
581
577
600
656
763
897
1020
1104
1127
1068
956
859
779
697
606
505
400
286
131
-76
-315
-528
-642
-641
-597
-573
-557
-498
-430
-422
-470
-504
-491
-430
-334
-232
-167
-138
-129
-148
-166
-151
-107
-28
64
158
220
191
82
-57
-213
-392
-625
-878
-1092
-1306
-1544
-1762
-1917
-2027
-2158
-2305
-2381
-2361
-2248
-2069
-1888
-1731
-1624
-1551
-1421
-1207
-952
-714
-529
-358
-182
-14
121
167
125
62
11
-17
-34
-91
-201
-340
-474
-580
-648
-657
-619
-579
-543
-461
-290
-89
78
271
544
853
1136
1367
1576
1771
1923
2041
2147
2225
2239
2201
2155
2116
2042
1896
1692
1460
1230
1041
916
830
746
661
569
463
390
397
469
545
620
734
921
1138
1276
1273
1177
1064
976
925
879
771
582
373
192
27
-172
-438
-705
-857
-865
-799
-727
-691
-682
-645
-558
-473
-416
-366
-293
-191
-71
5
8
-24
-44
-60
-84
-91
-72
-62
-85
-141
-241
-393
-568
-737
-909
-1094
-1269
-1434
-1637
-1877
-2088
-2198
-2211
-2190
-2193
-2219
-2190
-2042
-1813
-1594
-1439
-1345
-1265
-1142
-944
-705
-502
-377
-284
-173
-60
8
18
-15
-85
-144
-139
-103
-130
-237
-365
-455
-487
-474
-455
-445
-414
-317
-160
0
131
267
431
615
826
1055
1237
1332
1406
1529
1678
1775
1789
1755
1716
1702
1718
1723
1658
1502
1308
1174
1119
1075
993
890
798
728
672
646
651
661
673
712
809
962
1111
1163
1083
953
882
872
859
803
699
555
403
278
157
-25
-255
-459
-551
-512
-412
-358
-382
-429
-433
-390
-331
-289
-267
-243
-182
-79
8
26
-10
-43
-51
-20
50
118
129
93
50
-16
-147
-359
-599
-797
-937
-1083
-1277
-1507
-1745
-1972
-2131
-2185
-2174
-2169
-2183
-2173
-2068
-1857
-1605
-1414
-1322
-1265
-1149
-948
-710
-514
-410
-390
-371
-290
-194
-169
-212
-258
-293
-321
-324
-315
-361
-472
-553
-551
-504
-446
-366
-267
-163
-43
102
240
355
472
638
858
1064
1183
1251
1343
1458
1560
1640
1682
1660
1623
1644
1715
1747
1676
1528
1376
1267
1204
1152
1081
998
925
858
785
735
725
721
716
761
871
982
1050
1066
1024
947
875
817
756
695
640
568
453
298
136
-6
-137
-256
-345
-378
-367
-347
-344
-352
-367
-363
-325
-274
-248
-238
-211
-168
-123
-80
-69
-102
-135
-117
-66
-40
-60
-109
-182
-283
-407
-533
-667
-828
-1014
-1190
-1354
-1543
-1776
-1999
-2137
-2161
-2134
-2134
-2160
-2147
-2060
-1911
-1740
-1573
-1426
-1310
-1202
-1044
-828
-641
-556
-535
-501
-426
-339
-266
-239
-273
-351
-402
-410
-412
-440
-502
-549
-511
-399
-296
-225
-157
-58
69
194
324
456
577
740
975
1191
1307
1346
1393
1493
1584
1621
1639
1643
1624
1607
1606
1589
1507
1376
1249
1142
1095
1087
1032
933
853
805
773
733
705
702
702
728
809
893
916
895
881
866
809
720
642
591
543
458
349
243
138
35
-56
-129
-191
-226
-216
-202
-222
-242
-245
-221
-177
-151
-141
-145
-166
-174
-171
-156
-120
-108
-106
-71
-32
-31
-69
-129
-176
-233
-319
-416
-526
-652
-790
-943
-1107
-1285
-1481
-1672
-1819
-1905
-1940
-1962
-1988
-2016
-2023
-1963
-1819
-1645
-1497
-1382
-1258
-1095
-923
-782
-669
-594
-541
-461
-351
-238
-167
-169
-206
-225
-248
-291
-336
-371
-385
-390
-366
-286
-219
-207
-174
-81
34
157
303
471
652
846
1048
1213
1321
1389
1469
1583
1689
1760
1792
1770
1728
1704
1675
1607
1469
1288
1156
1093
1030
950
867
782
703
635
604
612
616
634
697
774
832
859
871
914
927
865
784
714
663
611
529
439
342
223
128
47
-59
-149
-214
-260
-261
-259
-284
-288
-283
-260
-212
-201
-212
-211
-204
-140
-71
-64
-59
-44
-30
-12
-29
-75
-116
-164
-215
-286
-376
-467
-591
-730
-823
-905
-1046
-1224
-1382
-1521
-1653
-1749
-1778
-1776
-1802
-1827
-1810
-1771
-1737
-1676
-1568
-1429
-1299
-1200
-1118
-1045
-976
-907
-837
-763
-678
-576
-485
-456
-480
-504
-525
-536
-520
-503
-489
-457
-410
-349
-303
-285
-256
-186
-77
62
200
339
507
691
859
1006
1130
1225
1334
1474
1635
1750
1793
1810
1802
1803
1774
1712
1645
1559
1468
1374
1301
1231
1136
1022
927
897
874
843
839
865
898
893
882
899
898
886
871
831
777
709
624
542
465
379
265
130
19
-50
-109
-196
-305
-391
-434
-464
-487
-468
-458
-470
-456
-419
-372
-353
-343
-302
-258
-232
-213
-184
-154
-132
-130
-152
-173
-196
-242
-322
-401
-472
-559
-643
-723
-819
-952
-1104
-1230
-1353
-1476
-1569
-1618
-1612
-1596
-1601
-1628
-1632
-1574
-1485
-1385
-1278
-1187
-1147
-1109
-1016
-896
-809
-749
-677
-589
-489
-387
-325
-323
-341
-337
-303
-251
-212
-211
-233
-233
-198
-172
-190
-209
-153
-34
87
201
323
439
549
690
854
1010
1154
1296
1436
1590
1720
1773
1781
1791
1807
1826
1811
1748
1652
1572
1529
1485
1400
1270
1123
1028
1007
1005
982
905
813
780
776
774
771
745
714
695
683
667
621
567
527
476
426
373
291
212
157
82
-17
-129
-239
-306
-330
-357
-406
-473
-530
-538
-518
-509
-515
-514
-481
-431
-373
-307
-267
-257
-250
-239
-210
-185
-203
-241
-279
-328
-392
-483
-589
-694
-788
-880
-999
-1160
-1337
-1490
-1592
-1640
-1666
-1705
-1748
-1764
-1738
-1682
-1601
-1496
-1387
-1294
-1211
-1117
-1002
-898
-822
-748
-668
-592
-499
-399
-345
-347
-362
-345
-299
-273
-303
-343
-364
-364
-338
-320
-319
-292
-232
-156
-57
57
163
273
416
593
780
951
1104
1249
1388
1506
1590
1639
1664
1688
1730
1766
1755
1695
1619
1557
1510
1451
1364
1264
1185
1146
1127
1089
1014
919
848
818
807
802
785
758
753
749
723
680
620
573
543
519
496
434
323
224
160
99
1
-134
-249
-323
-381
-437
-514
-589
-633
-664
-690
-680
-650
-625
-599
-554
-480
-417
-394
-344
-261
-212
-193
-176
-151
-138
-184
-258
-323
-405
-499
-591
-707
-850
-1025
-1211
-1368
-1517
-1636
-1707
-1735
-1741
-1750
-1738
-1714
-1669
-1599
-1511
-1397
-1263
-1123
-1009
-911
-784
-659
-568
-500
-434
-356
-279
-227
-194
-160
-162
-188
-216
-255
-282
-313
-327
-305
-265
-212
-175
-132
-42
73
180
306
462
631
816
997
1161
1306
1425
1519
1614
1698
1741
1765
1799
1835
1834
1794
1707
1609
1540
1475
1410
1327
1243
1181
1133
1097
1024
916
834
793
772
769
764
733
717
721
716
692
641
568
521
513
512
485
408
311
238
193
127
25
-99
-224
-304
-358
-410
-464
-531
-576
-594
-592
-573
-568
-559
-515
-462
-398
-324
-258
-203
-170
-130
-82
-75
-105
-163
-228
-275
-335
-421
-526
-655
-802
-982
-1173
-1341
-1504
-1640
-1730
-1783
-1801
-1817
-1834
-1845
-1843
-1784
-1677
-1530
-1371
-1224
-1098
-985
-861
-761
-675
-592
-542
-459
-351
-269
-235
-250
-270
-303
-344
-375
-408
-440
-457
-430
-394
-358
-310
-269
-187
-87
28
177
327
490
661
861
1057
1214
1351
1452
1551
1641
1686
1729
1769
1793
1808
1784
1739
1672
1594
1518
1427
1340
1244
1161
1111
1056
993
914
830
773
748
731
724
715
705
726
741
739
717
658
602
568
536
505
443
342
247
167
96
-5
-120
-214
-306
-382
-441
-488
-535
-589
-605
-594
-593
-589
-559
-525
-472
-403
-331
-248
-197
-153
-108
-70
-56
-84
-103
-127
-190
-275
-374
-497
-625
-763
-924
-1095
-1281
-1457
-1594
-1696
-1753
-1787
-1828
-1840
-1823
-1801
-1764
-1679
-1539
-1395
-1262
-1130
-1007
-893
-773
-667
-568
-475
-399
-313
-231
-186
-186
-212
-258
-292
-313
-335
-361
-396
-394
-369
-345
-305
-264
-200
-110
29
196
344
472
614
796
988
1153
1284
1397
1485
1562
1641
1699
1717
1717
1725
1714
1665
1594
1523
1445
1366
1286
1197
1113
1049
1011
960
887
817
761
731
716
729
749
749
759
783
808
796
749
693
643
614
592
552
484
394
300
206
127
40
-76
-196
-271
-300
-336
-373
-407
-441
-446
-439
-408
-352
-306
-261
-206
-140
-75
-27
-8
16
48
44
20
5
-24
-74
-139
-240
-366
-492
-617
-756
-914
-1089
-1258
-1413
-1564
-1671
-1746
-1805
-1858
-1887
-1877
-1869
-1836
-1755
-1629
-1486
-1377
-1276
-1180
-1075
-957
-841
-737
-653
-568
-469
-377
-321
-310
-333
-367
-382
-377
-378
-417
-456
-459
-431
-404
-369
-322
-270
-188
-59
96
253
396
549
729
925
1110
1267
1405
1526
1613
1712
1794
1823
1857
1883
1878
1830
1742
1660
1557
1453
1378
1300
1208
1103
1027
971
893
818
761
728
705
692
699
699
695
708
718
706
678
630
591
557
511
468
400
299
202
118
25
-106
-240
-336
-415
-473
-498
-519
-543
-577
-582
-531
-479
-443
-379
-313
-243
-157
-81
-34
-25
-26
-10
-11
-34
-56
-98
-179
-274
-377
-494
-633
-767
-882
-1014
-1166
-1291
-1402
-1524
-1630
-1695
-1726
-1740
-1749
-1736
-1714
-1673
-1580
-1454
-1335
-1248
-1168
-1064
-962
-871
-776
-699
-627
-535
-440
-364
-337
-353
-358
-364
-376
-382
-388
-393
-389
-362
-320
-301
-282
-223
-148
-65
55
193
323
456
613
792
956
1085
1204
1323
1431
1519
1601
1663
1685
1694
1718
1718
1659
1571
1501
1446
1389
1322
1246
1168
1096
1042
992
930
862
807
778
765
768
785
775
754
754
749
726
680
611
561
516
468
427
361
260
168
86
11
-63
-166
-256
-300
-322
-330
-332
-349
-355
-342
-309
-257
-204
-160
-107
-45
23
81
104
112
112
101
91
69
25
-35
-118
-212
-305
-408
-524
-661
-805
-946
-1089
-1232
-1371
-1496
-1594
-1672
-1723
-1751
-1779
-1787
-1757
-1708
-1633
-1519
-1402
-1306
-1218
-1114
-1016
-931
-849
-774
-706
-632
-554
-496
-469
-458
-456
-465
-466
-462
-469
-485
-487
-467
-434
-401
-350
-285
-210
-103
38
196
354
499
658
837
996
1138
1296
1434
1527
1607
1682
1736
1765
1776
1789
1771
1696
1625
1573
1498
1408
1335
1272
1199
1114
1048
1006
952
882
831
795
758
733
733
730
704
692
701
674
589
506
463
422
359
296
231
138
43
-25
-93
-200
-314
-387
-437
-481
-505
-508
-519
-536
-516
-460
-422
-412
-384
-337
-283
-234
-184
-146
-145
-136
-119
-109
-115
-135
-143
-176
-244
-321
-394
-479
-586
-681
-791
-938
-1080
-1175
-1276
-1406
-1498
-1548
-1597
-1630
-1616
-1575
-1567
-1551
-1466
-1353
-1261
-1194
-1100
-1002
-934
-835
-722
-642
-605
-541
-431
-377
-362
-344
-334
-353
-383
-377
-386
-437
-465
-429
-389
-375
-350
-297
-212
-122
11
162
278
408
565
735
886
1022
1191
1323
1391
1450
1521
1591
1633
1671
1704
1673
1598
1539
1493
1423
1344
1282
1223
1162
1120
1093
1036
959
909
888
872
841
815
810
804
796
814
810
749
697
672
650
597
537
498
424
345
279
201
100
-25
-110
-169
-243
-304
-319
-326
-367
-393
-383
-374
-383
-370
-332
-302
-268
-220
-184
-174
-164
-141
-137
-175
-203
-196
-217
-287
-347
-411
-512
-627
-723
-795
-927
-1092
-1189
-1291
-1421
-1535
-1589
-1620
-1669
-1672
-1635
-1618
-1627
-1568
-1437
-1341
-1236
-1102
-990
-914
-839
-721
-631
-589
-526
-433
-359
-335
-322
-307
-334
-369
-377
-379
-395
-420
-396
-377
-370
-333
-270
-176
-103
5
161
297
419
569
751
902
1036
1191
1328
1416
1487
1573
1624
1642
1674
1706
1688
1620
1574
1540
1475
1404
1332
1264
1178
1107
1091
1051
976
915
895
874
833
814
813
805
799
817
837
788
703
659
623
567
500
443
375
264
184
130
46
-84
-214
-280
-354
-442
-492
-505
-534
-580
-566
-560
-588
-583
-545
-497
-469
-434
-380
-345
-332
-314
-293
-293
-297
-282
-287
-326
-394
-464
-518
-618
-723
-810
-927
-1062
-1182
-1271
-1370
-1486
-1529
-1546
-1586
-1603
-1586
-1563
-1549
-1484
-1369
-1270
-1182
-1081
-963
-864
-793
-688
-591
-547
-499
-423
-367
-353
-333
-318
-330
-368
-389
-379
-404
-432
-424
-399
-365
-331
-254
-157
-78
27
151
285
420
561
727
861
975
1111
1232
1327
1392
1443
1500
1536
1552
1578
1579
1529
1476
1440
1389
1312
1245
1194
1136
1083
1056
1028
968
900
867
866
852
828
826
825
806
803
813
785
710
653
636
602
539
486
422
332
261
213
140
35
-66
-131
-183
-237
-273
-301
-344
-377
-370
-352
-372
-400
-380
-333
-293
-246
-186
-162
-175
-158
-122
-138
-180
-188
-190
-233
-298
-359
-429
-547
-666
-746
-853
-1014
-1152
-1248
-1354
-1472
-1553
-1598
-1656
-1714
-1699
-1663
-1667
-1639
-1530
-1424
-1348
-1261
-1154
-1063
-976
-860
-744
-677
-616
-527
-444
-406
-378
-341
-334
-357
-361
-339
-335
-355
-342
-288
-256
-226
-149
-59
17
96
213
342
458
578
737
893
1007
1148
1286
1375
1431
1477
1557
1606
1616
1639
1645
1604
1548
1518
1480
1400
1320
1264
1201
1143
1098
1057
1000
931
902
894
854
823
815
807
803
796
778
740
668
610
584
531
457
396
336
264
194
128
48
-59
-159
-217
-262
-333
-389
-404
-418
-441
-435
-426
-435
-441
-418
-385
-350
-324
-294
-259
-256
-252
-254
-292
-301
-310
-331
-367
-441
-515
-586
-658
-740
-857
-987
-1119
-1239
-1346
-1449
-1536
-1612
-1660
-1672
-1673
-1666
-1655
-1628
-1558
-1448
-1332
-1231
-1144
-1044
-944
-852
-748
-657
-597
-523
-438
-384
-347
-323
-326
-341
-344
-346
-362
-382
-387
-370
-349
-316
-266
-204
-122
-39
70
191
298
427
570
724
872
1003
1155
1272
1351
1425
1488
1549
1579
1610
1632
1603
1554
1506
1473
1407
1312
1242
1177
1114
1054
1008
958
891
847
840
824
799
784
780
772
771
788
780
725
675
655
632
591
543
488
415
335
276
198
100
8
-73
-132
-198
-248
-291
-333
-349
-350
-331
-329
-342
-330
-303
-268
-253
-238
-209
-193
-177
-171
-173
-194
-230
-263
-323
-400
-477
-555
-646
-751
-867
-991
-1120
-1257
-1374
-1491
-1579
-1657
-1714
-1738
-1756
-1749
-1739
-1699
-1625
-1524
-1399
-1285
-1177
-1076
-964
-852
-750
-647
-565
-488
-401
-332
-288
-252
-236
-241
-244
-251
-261
-274
-276
-248
-207
-181
-145
-69
12
88
188
301
408
525
656
797
932
1046
1173
1302
1390
1460
1522
1552
1571
1603
1632
1624
1571
1521
1487
1430
1350
1279
1210
1126
1060
1029
990
915
848
815
788
753
730
718
689
664
670
664
628
585
540
504
467
418
376
319
237
171
121
52
-31
-113
-178
-230
-283
-324
-340
-352
-360
-348
-337
-335
-325
-311
-296
-258
-211
-175
-161
-160
-151
-150
-170
-184
-204
-261
-323
-385
-470
-557
-641
-740
-849
-971
-1100
-1217
-1327
-1427
-1494
-1547
-1605
-1652
-1668
-1654
-1625
-1591
-1527
-1438
-1358
-1264
-1146
-1054
-981
-890
-795
-715
-643
-571
-510
-470
-442
-408
-396
-411
-422
-420
-422
-433
-425
-393
-364
-340
-281
-199
-131
-56
54
175
299
438
577
712
840
961
1099
1231
1323
1397
1467
1509
1533
1562
1588
1581
1538
1490
1455
1396
1324
1264
1204
1140
1083
1059
1029
967
916
897
882
834
805
808
783
750
734
724
690
619
577
554
488
420
378
328
246
170
111
38
-49
-127
-178
-223
-282
-319
-325
-337
-356
-350
-334
-322
-301
-269
-245
-232
-213
-181
-158
-148
-145
-154
-175
-194
-223
-266
-328
-416
-502
-573
-652
-751
-861
-993
-1137
-1259
-1378
-1464
-1535
-1602
-1640
-1658
-1639
-1611
-1587
-1537
-1464
-1364
-1259
-1161
-1076
-996
-904
-802
-705
-624
-557
-492
-430
-381
-344
-327
-328
-329
-328
-327
-330
-337
-322
-292
-262
-211
-146
-87
-4
103
216
344
473
594
730
868
986
1095
1210
1304
1383
1459
1509
1542
1572
1584
1594
1589
1536
1484
1445
1387
1327
1272
1210
1146
1088
1046
1009
953
897
867
855
839
817
792
759
725
707
701
668
604
539
486
422
358
309
240
156
106
53
-25
-97
-158
-214
-253
-281
-295
-294
-306
-312
-294
-287
-287
-273
-244
-213
-187
-157
-135
-134
-131
-121
-125
-149
-188
-227
-267
-326
-402
-489
-590
-685
-768
-872
-994
-1115
-1229
-1340
-1434
-1496
-1543
-1604
-1632
-1608
-1579
-1553
-1505
-1438
-1360
-1275
-1179
-1078
-1007
-951
-861
-757
-692
-636
-572
-518
-486
-457
-432
-431
-463
-484
-467
-463
-467
-441
-412
-404
-375
-310
-230
-154
-68
61
196
307
448
602
733
858
984
1112
1234
1313
1381
1461
1501
1514
1546
1563
1527
1479
1461
1427
1352
1278
1240
1197
1121
1064
1044
1003
936
893
877
859
833
816
819
801
763
758
757
701
638
594
543
471
405
359
295
210
138
70
-18
-98
-149
-197
-248
-291
-322
-340
-356
-364
-349
-335
-335
-312
-266
-235
-210
-170
-141
-130
-130
-132
-135
-161
-196
-209
-242
-319
-399
-472
-559
-645
-739
-834
-958
-1111
-1220
-1310
-1410
-1490
-1541
-1567
-1603
-1599
-1549
-1532
-1504
-1442
-1350
-1242
-1153
-1070
-974
-887
-808
-707
-618
-562
-495
-421
-368
-344
-329
-317
-324
-342
-338
-334
-337
-324
-291
-255
-235
-188
-106
-24
70
173
299
412
517
658
800
929
1038
1152
1275
1364
1426
1478
1512
1525
1550
1567
1540
1494
1456
1418
1358
1291
1236
1182
1109
1057
1040
1001
941
912
901
881
849
819
810
800
771
752
729
675
615
579
549
494
426
370
308
227
159
97
20
-57
-108
-153
-213
-267
-293
-310
-329
-328
-313
-304
-302
-276
-236
-213
-197
-173
-141
-121
-124
-124
-125
-158
-188
-201
-243
-309
-372
-435
-513
-610
-701
-780
-888
-1012
-1123
-1230
-1336
-1421
-1484
-1537
-1581
-1607
-1597
-1565
-1545
-1504
-1429
-1356
-1289
-1190
-1078
-1000
-945
-865
-766
-701
-642
-557
-496
-469
-442
-409
-387
-411
-433
-395
-359
-356
-335
-290
-240
-203
-150
-52
30
102
223
355
474
592
723
855
960
1062
1193
1308
1367
1413
1471
1515
1520
1518
1531
1515
1459
1414
1381
1316
1222
1148
1091
1031
982
947
902
847
805
792
788
775
766
757
747
737
717
687
644
588
554
522
459
396
344
279
218
161
92
11
-69
-129
-166
-206
-249
-279
-305
-321
-308
-293
-299
-308
-300
-275
-253
-238
-227
-224
-234
-235
-233
-257
-299
-323
-341
-396
-465
-523
-598
-697
-781
-848
-938
-1051
-1155
-1236
-1315
-1394
-1449
-1472
-1500
-1528
-1522
-1486
-1466
-1444
-1376
-1287
-1226
-1163
-1048
-941
-886
-815
-703
-614
-555
-486
-405
-355
-337
-298
-245
-237
-247
-225
-203
-195
-168
-133
-100
-63
-7
66
139
196
286
408
515
611
724
822
899
993
1105
1194
1249
1299
1345
1363
1373
1402
1411
1376
1336
1320
1302
1248
1176
1127
1091
1047
1017
985
948
907
872
875
884
848
811
796
788
789
773
733
686
633
608
587
525
455
393
335
294
242
158
69
-6
-56
-91
-141
-207
-248
-254
-247
-244
-261
-293
-309
-292
-254
-230
-244
-251
-232
-226
-228
-234
-262
-289
-295
-298
-324
-386
-457
-501
-541
-608
-699
-813
-939
-1046
-1123
-1204
-1300
-1370
-1421
-1466
-1500
-1529
-1532
-1511
-1485
-1429
-1344
-1272
-1204
-1119
-1024
-951
-888
-805
-714
-642
-570
-492
-445
-439
-423
-378
-355
-371
-380
-364
-346
-338
-310
-269
-240
-184
-79
11
81
175
289
411
539
662
784
897
1012
1145
1255
1329
1373
1416
1469
1506
1533
1539
1518
1477
1437
1415
1362
1280
1213
1177
1144
1091
1040
987
926
878
855
823
763
707
687
693
698
690
654
608
572
546
525
472
386
326
280
218
156
80
-17
-98
-154
-193
-241
-325
-390
-403
-408
-420
-430
-457
-477
-452
-413
-393
-385
-385
-372
-329
-294
-280
-286
-314
-316
-302
-313
-356
-427
-501
-539
-580
-644
-734
-862
-965
-1021
-1100
-1196
-1277
-1352
-1407
-1430
-1448
-1461
-1461
-1426
-1351
-1276
-1220
-1154
-1075
-987
-882
-774
-700
-660
-597
-490
-389
-340
-312
-281
-258
-250
-236
-227
-245
-263
-248
-220
-209
-210
-181
-121
-53
36
141
214
287
415
565
686
777
868
991
1104
1173
1235
1293
1318
1342
1392
1417
1387
1341
1310
1296
1263
1199
1152
1116
1063
1031
1025
982
910
873
874
874
857
854
849
823
815
837
823
758
697
677
662
614
540
460
382
326
296
256
170
55
-26
-68
-121
-186
-248
-299
-331
-339
-338
-346
-379
-393
-358
-326
-330
-328
-311
-301
-286
-245
-228
-268
-308
-289
-269
-305
-361
-405
-455
-507
-556
-614
-711
-837
-929
-992
-1086
-1183
-1239
-1288
-1335
-1367
-1391
-1416
-1424
-1378
-1301
-1255
-1233
-1194
-1121
-1034
-957
-893
-835
-780
-714
-627
-551
-527
-527
-504
-454
-416
-405
-408
-403
-372
-316
-265
-241
-213
-148
-47
62
164
260
355
456
592
747
860
946
1053
1174
1267
1323
1375
1421
1442
1479
1513
1478
1422
1381
1355
1340
1309
1263
1213
1160
1135
1117
1064
1006
964
930
918
908
876
834
798
774
757
723
663
598
543
502
464
395
305
230
166
110
57
-18
-116
-195
-242
-271
-309
-369
-416
-437
-452
-455
-463
-498
-511
-477
-458
-460
-462
-466
-451
-430
-419
-415
-431
-451
-454
-457
-471
-508
-562
-590
-614
-651
-698
-758
-817
-867
-929
-1000
-1076
-1146
-1191
-1226
-1267
-1314
-1337
-1337
-1322
-1279
-1229
-1206
-1174
-1113
-1047
-987
-927
-861
-792
-727
-650
-573
-519
-483
-443
-392
-356
-342
-319
-282
-254
-218
-176
-130
-82
-39
24
111
188
270
377
481
587
720
846
938
1012
1091
1187
1272
1321
1365
1410
1431
1446
1470
1467
1430
1396
1372
1353
1328
1291
1245
1219
1191
1168
1144
1085
1034
1025
1027
1016
992
939
895
880
844
809
757
686
638
586
533
468
384
310
250
212
161
88
-5
-98
-151
-196
-251
-306
-343
-367
-400
-426
-449
-493
-526
-527
-511
-519
-540
-548
-557
-573
-587
-592
-611
-638
-661
-691
-736
-792
-828
-874
-938
-1010
-1079
-1132
-1195
-1237
-1279
-1311
-1337
-1362
-1361
-1372
-1353
-1321
-1301
-1260
-1196
-1117
-1048
-979
-920
-858
-790
-731
-662
-585
-527
-482
-421
-369
-335
-294
-245
-203
-174
-153
-115
-63
-16
44
115
165
224
312
418
520
611
702
813
916
1012
1105
1179
1235
1292
1356
1391
1407
1422
1425
1431
1416
1410
1396
1346
1300
1264
1230
1176
1131
1088
1053
1021
968
947
912
872
866
844
819
789
756
730
681
615
556
510
463
392
317
246
181
111
44
-29
-118
-198
-260
-310
-357
-409
-473
-528
-547
-550
-572
-606
-629
-626
-614
-603
-592
-588
-598
-621
-633
-632
-660
-723
-767
-785
-809
-860
-933
-1001
-1068
-1127
-1174
-1215
-1279
-1331
-1336
-1353
-1363
-1358
-1355
-1329
-1284
-1221
-1167
-1118
-1073
-1017
-929
-855
-800
-740
-674
-602
-528
-479
-443
-401
-357
-302
-254
-220
-170
-112
-68
-16
47
106
151
201
275
366
440
514
609
700
783
873
964
1047
1121
1181
1239
1291
1324
1351
1381
1401
1406
1397
1390
1375
1331
1286
1243
1181
1142
1104
1036
974
917
862
816
765
732
709
665
629
607
577
550
517
474
436
400
365
322
265
204
155
118
70
2
-69
-128
-183
-220
-257
-317
-378
-424
-451
-462
-480
-513
-529
-534
-541
-546
-552
-554
-543
-519
-493
-489
-508
-525
-528
-524
-530
-555
-585
-610
-639
-677
-725
-772
-820
-860
-890
-911
-936
-960
-969
-954
-934
-915
-893
-863
-827
-779
-725
-677
-651
-633
-581
-518
-469
-436
-397
-336
-299
-264
-222
-191
-169
-155
-125
-103
-92
-68
-34
12
61
112
155
205
277
346
413
471
520
572
646
720
763
814
851
881
922
943
966
965
965
990
995
979
943
908
884
858
842
810
752
708
669
647
624
570
536
523
518
518
503
475
444
431
425
425
399
352
317
297
274
231
186
137
99
74
41
-4
-62
-93
-111
-128
-137
-169
-197
-201
-197
-191
-198
-225
-240
-242
-229
-217
-232
-254
-269
-290
-302
-317
-350
-400
-441
-466
-507
-567
-622
-677
-727
-763
-813
-874
-920
-950
-949
-947
-964
-986
-991
-962
-946
-920
-896
-878
-854
-824
-773
-731
-701
-678
-651
-606
-574
-551
-525
-505
-481
-445
-427
-414
-386
-351
-302
-264
-236
-199
-146
-87
-11
62
117
188
257
338
406
470
536
584
645
712
770
806
821
851
890
922
936
945
953
955
962
983
973
932
913
904
894
888
871
852
840
827
823
812
777
753
747
751
735
697
657
613
579
551
518
465
398
351
305
259
212
157
105
43
-4
-36
-75
-119
-168
-184
-200
-231
-242
-256
-276
-310
-325
-327
-345
-347
-345
-362
-392
-415
-407
-418
-442
-457
-476
-507
-556
-592
-624
-676
-730
-752
-763
-779
-793
-812
-824
-828
-827
-812
-809
-819
-803
-764
-743
-729
-703
-680
-668
-652
-622
-592
-578
-562
-520
-485
-448
-421
-413
-383
-355
-320
-288
-278
-264
-241
-197
-161
-130
-87
-39
18
80
149
202
244
305
386
464
519
564
602
636
675
718
747
762
776
799
820
831
830
827
829
840
849
842
816
792
791
792
782
768
755
739
717
709
717
699
661
646
640
618
591
563
529
492
456
425
379
313
253
214
186
144
91
47
9
-29
-59
-89
-131
-169
-170
-161
-183
-210
-235
-274
-307
-313
-314
-325
-348
-365
-374
-400
-433
-448
-465
-501
-534
-542
-549
-584
-624
-634
-648
-680
-693
-690
-699
-714
-718
-695
-678
-687
-679
-652
-638
-625
-612
-606
-593
-569
-544
-522
-511
-507
-501
-479
-456
-433
-402
-383
-366
-329
-301
-282
-266
-250
-208
-172
-156
-118
-85
-61
-29
4
40
85
120
166
211
242
271
300
328
348
370
402
425
434
452
475
489
499
513
525
536
549
562
575
589
600
606
612
611
605
601
601
599
600
611
622
617
613
613
608
596
585
575
569
563
550
521
486
464
435
394
353
313
273
233
197
172
139
98
61
19
-10
-38
-77
-92
-113
-158
-184
-203
-229
-253
-289
-318
-338
-368
-395
-419
-456
-478
-491
-508
-517
-534
-562
-571
-574
-586
-581
-579
-578
-563
-560
-568
-567
-555
-533
-498
-466
-444
-435
-425
-397
-374
-365
-348
-325
-306
-292
-287
-271
-257
-251
-223
-200
-204
-201
-200
-193
-162
-135
-127
-116
-96
-62
-28
-17
-4
19
44
75
106
124
131
135
153
190
197
195
209
217
235
246
254
257
255
280
293
298
303
298
318
338
348
359
356
357
365
381
393
390
378
372
384
383
369
365
361
364
388
391
368
358
353
364
377
357
336
326
322
320
308
292
277
250
238
235
209
190
173
150
151
148
117
97
89
70
59
54
36
12
-2
-10
-33
-72
-107
-133
-156
-175
-193
-220
-252
-278
-289
-297
-316
-335
-342
-345
-359
-377
-387
-403
-428
-437
-426
-428
-452
-469
-467
-457
-450
-443
-441
-443
-432
-411
-400
-408
-412
-396
-371
-353
-346
-343
-332
-319
-303
-281
-263
-246
-224
-194
-154
-137
-136
-103
-71
-40
-18
-17
-2
13
37
59
67
76
85
103
117
132
140
127
134
144
159
178
162
157
166
170
171
164
155
153
171
198
213
215
219
234
249
259
272
287
300
307
331
355
357
348
346
367
379
372
376
377
385
394
390
387
376
373
369
352
341
329
320
317
314
313
305
280
257
244
222
201
192
166
137
114
90
56
9
-34
-63
-78
-106
-128
-153
-194
-217
-231
-236
-261
-287
-279
-287
-314
-343
-346
-348
-371
-390
-400
-411
-422
-417
-412
-417
-412
-401
-383
-380
-387
-367
-354
-344
-328
-314
-294
-294
-282
-254
-246
-234
-222
-206
-177
-161
-145
-126
-112
-103
-88
-66
-65
-58
-31
-9
1
3
12
23
32
29
35
56
46
57
73
70
80
87
106
121
127
131
135
139
140
148
152
148
151
155
154
150
159
172
187
206
221
223
230
245
253
250
254
272
278
277
283
281
264
265
276
261
254
257
274
281
262
253
250
255
257
250
242
227
215
208
196
173
146
126
110
95
82
71
55
36
26
29
17
-5
-16
-16
-25
-42
-60
-82
-100
-104
-115
-139
-157
-179
-195
-197
-203
-209
-227
-252
-256
-253
-271
-293
-296
-306
-303
-301
-308
-295
-298
-288
-271
-266
-257
-254
-239
-223
-206
-193
-195
-195
-187
-164
-150
-154
-158
-146
-113
-102
-95
-86
-80
-65
-57
-39
-34
-32
-9
3
1
-6
-1
9
22
29
32
33
37
64
67
69
65
53
60
59
58
54
43
36
41
51
49
46
50
60
74
92
109
115
126
132
132
137
140
130
126
144
154
152
149
154
175
183
192
202
204
217
227
235
234
223
217
215
213
210
206
208
207
205
203
186
168
163
163
152
133
121
126
115
112
105
74
59
45
37
22
-1
-20
-44
-59
-73
-84
-106
-127
-123
-135
-168
-198
-221
-227
-227
-248
-254
-256
-273
-275
-271
-269
-273
-283
-272
-258
-272
-272
-254
-255
-253
-236
-217
-211
-214
-205
-175
-159
-163
-154
-140
-120
-106
-91
-61
-61
-53
-26
-6
7
10
22
31
49
68
72
76
84
96
101
97
97
99
104
105
100
96
96
96
96
95
89
75
58
60
67
59
48
46
46
51
55
55
46
29
42
66
54
51
66
67
75
90
111
113
106
121
141
147
135
137
150
139
133
129
114
107
97
99
111
111
111
113
107
106
113
115
114
119
140
162
156
140
128
106
88
70
36
8
-5
-26
-47
-62
-79
-91
-95
-92
-96
-112
-125
-130
-138
-152
-157
-154
-170
-186
-175
-180
-194
-185
-169
-152
-131
-117
-111
-120
-128
-115
-103
-107
-114
-117
-108
-106
-114
-133
-145
-130
-114
-107
-92
-73
-50
-29
-32
-27
-5
6
9
22
32
31
34
40
37
43
61
59
52
52
48
49
49
42
39
41
46
53
47
33
21
21
34
30
20
27
35
41
45
39
44
61
61
57
60
52
46
52
53
41
36
37
34
32
36
44
47
43
43
50
48
41
41
50
48
42
43
55
59
54
58
67
61
57
59
59
56
57
60
56
45
35
29
18
1
-12
-13
-18
-29
-31
-32
-40
-45
-61
-72
-69
-69
-67
-60
-65
-69
-56
-47
-51
-50
-42
-35
-29
-28
-34
-41
-48
-57
-57
-62
-62
-50
-48
-50
-55
-56
-47
-44
-49
-38
-27
-25
-22
-21
-17
-7
-7
-6
1
5
6
8
8
1
-2
4
-1
-8
-11
-14
-13
-21
-34
-37
-36
-34
-29
-32
-31
-20
-16
-5
4
5
11
21
30
34
33
22
16
23
21
7
10
18
16
15
24
32
34
40
50
52
50
53
58
58
58
56
53
49
44
45
49
47
45
48
55
61
67
70
69
70
73
72
67
65
58
49
39
31
18
7
5
5
-2
-9
-10
-15
-25
-28
-34
-44
-47
-43
-46
-58
-57
-54
-58
-60
-52
-42
-38
-32
-30
-31
-28
-18
-15
-17
-13
-14
-23
-27
-29
-35
-35
-34
-37
-38
-30
-25
-25
-22
-15
-9
-5
1
5
9
11
13
9
7
10
12
10
5
4
6
0
-6
-10
-12
-17
-20
-23
-27
-32
-33
-35
-38
-39
-31
-24
-24
-25
-21
-17
-12
-6
-2
-2
5
13
17
20
24
29
34
40
45
47
50
48
49
52
55
60
57
54
48
40
34
32
29
23
21
20
17
14
18
19
12
9
9
5
2
4
7
5
0
0
-2
-6
-6
-4
-4
-7
-10
-12
-17
-21
-22
-20
-19
-21
-24
-27
-34
-36
-35
-32
-32
-30
-26
-23
-22
-17
-11
-5
0
7
11
12
7
6
7
5
3
4
3
1
2
4
0
-5
-5
-4
-9
-13
-10
-11
-12
-9
-5
-8
-8
-5
-3
0
5
5
6
5
3
-3
-1
5
1
-2
-2
-7
-15
-17
-11
-13
-18
-15
-11
-14
-15
-12
-10
-9
-6
-1
3
4
4
3
2
5
5
5
5
6
8
10
10
11
12
15
14
14
18
21
21
17
17
22
23
23
21
20
21
21
24
24
23
21
21
22
23
24
24
23
24
23
24
21
18
16
13
10
5
-1
-4
-5
-6
-10
-16
-19
-21
-20
-18
-19
-22
-26
-24
-21
-21
-23
-21
-18
-18
-22
-26
-24
-21
-22
-21
-19
-18
-19
-20
-17
-15
-12
-12
-8
-7
-5
-4
-6
-6
-6
-7
-7
-5
-4
-4
-1
2
6
8
7
7
7
9
7
5
5
3
0
-3
-3
0
2
1
-2
0
3
6
5
6
9
11
8
7
8
11
12
9
6
3
0
-6
-12
-13
-11
-8
-7
-3
-1
0
2
5
7
8
11
14
19
20
18
17
22
26
26
28
32
31
29
31
31
29
29
26
17
15
18
15
10
9
15
14
11
11
11
12
11
11
12
13
15
15
9
3
2
-2
-7
-7
-9
-15
-19
-17
-22
-28
-30
-33
-39
-37
-33
-32
-35
-33
-28
-29
-31
-32
-31
-24
-22
-23
-18
-17
-16
-9
-11
-10
-6
-8
-7
-7
-10
-4
-3
-6
0
0
0
5
3
4
6
1
2
5
4
2
0
4
8
10
11
11
10
13
13
10
10
14
14
11
11
10
3
0
4
1
-5
-5
-3
-2
-5
-9
-7
-4
-2
-3
-5
-4
-2
-2
-5
-9
-10
-9
-5
-3
-4
-5
-3
-2
1
2
4
6
7
10
11
9
10
11
13
15
15
18
22
25
26
25
25
29
34
36
33
31
29
25
24
18
14
14
6
2
7
4
-3
-3
-4
-6
-3
-3
1
5
3
-1
0
0
-2
-1
1
-2
-6
-11
-14
-17
-21
-24
-25
-23
-23
-25
-25
-27
-28
-30
-28
-30
-30
-27
-24
-24
-24
-23
-19
-13
-8
-3
2
4
3
5
7
11
11
7
3
4
4
1
-3
-4
0
1
0
-2
-1
2
1
1
1
2
4
5
6
4
5
5
1
-1
-1
0
5
5
0
2
6
7
6
5
8
13
14
11
10
9
8
8
8
9
11
12
13
13
13
11
12
14
16
16
16
14
13
10
8
7
5
3
6
5
5
9
8
6
10
10
12
11
4
3
5
1
-2
-5
-10
-7
-7
-11
-10
-5
-8
-15
-16
-13
-13
-14
-11
-11
-15
-14
-17
-17
-15
-17
-17
-9
-6
-9
-4
-3
-4
-3
2
5
8
7
5
5
4
0
-5
-2
-4
-10
-9
-7
-10
-11
-10
-11
-10
-9
-9
-11
-12
-9
-5
-6
-10
-9
-3
2
6
7
11
11
12
14
17
16
15
16
17
15
7
4
6
7
2
-2
-1
0
-1
-3
-1
5
11
14
14
13
18
22
23
22
20
17
14
11
9
7
6
5
1
-4
-6
-8
-9
-10
-10
-10
-11
-15
-19
-21
-21
-18
-12
-9
-7
-5
-4
-3
-1
3
5
6
7
6
6
4
1
0
2
2
-1
-1
-1
4
3
4
5
6
5
3
3
5
6
5
6
5
3
1
0
0
1
0
1
0
-4
-5
-8
-6
-4
-3
-2
-2
-3
-4
-9
-9
-11
-13
-9
-10
-12
-9
-12
-10
-6
-10
-10
-4
-2
-3
-2
-2
3
7
4
4
7
10
11
9
9
11
12
10
9
9
9
9
6
6
7
5
2
1
4
5
4
4
8
11
11
12
12
7
8
13
15
13
10
9
11
10
7
7
6
7
4
-2
-6
-8
-13
-14
-12
-11
-8
-10
-13
-10
-6
0
0
4
5
4
1
0
3
5
3
1
1
4
0
-6
-6
0
4
1
-4
-3
-1
-4
-7
-4
1
-2
-11
-13
-6
-4
-9
-9
-2
2
-2
-4
-2
3
2
-2
-2
3
4
0
-4
-2
-2
-6
-7
-9
-7
-4
-6
-7
-1
-7
-9
-7
-9
-10
-12
-18
-11
-6
-9
-11
-8
-3
-3
-8
-6
-1
3
0
-1
4
8
6
3
5
7
8
4
2
6
5
2
0
2
4
7
6
6
8
5
6
9
16
17
14
11
16
19
18
16
16
21
22
19
19
18
16
14
8
6
9
2
-3
-3
-5
-7
-8
-13
-14
-10
-13
-16
-14
-13
-14
-15
-10
-2
-1
-4
-6
-4
1
1
-4
-3
1
-1
-3
3
7
4
-2
-1
-1
-3
0
1
-2
-5
-3
0
0
-5
-5
-1
5
5
5
6
6
6
7
11
11
9
5
5
5
2
-2
-7
-5
-3
-3
-5
-9
-12
-11
-11
-12
-13
-12
-12
-13
-15
-13
-12
-15
-16
-13
-10
-13
-17
-13
-2
3
2
1
5
9
10
7
11
17
19
14
10
12
16
18
19
19
20
19
15
13
13
17
15
12
10
9
9
7
4
4
7
4
0
3
4
3
5
0
1
7
4
5
4
0
-2
0
-2
0
-3
-7
-9
-10
-11
-12
-13
-15
-17
-16
-14
-15
-15
-15
-11
-10
-10
-6
-3
-4
-3
4
10
12
11
10
9
9
9
9
11
12
9
9
10
11
6
2
0
-2
-4
-8
-14
-14
-12
-13
-10
-7
-4
-4
-8
-4
5
-1
-1
5
0
-7
-3
-2
-5
-9
-8
-5
-8
-13
-16
-16
-16
-16
-18
-18
-15
-10
-11
-13
-9
-3
3
3
5
14
21
24
20
24
34
33
26
30
31
28
22
13
12
14
5
2
2
-4
-8
-11
-5
-2
-3
1
-2
3
11
5
3
11
12
13
11
6
6
8
6
4
3
2
-1
-3
-5
-7
-11
-17
-20
-22
-24
-25
-24
-20
-17
-14
-12
-8
-1
2
6
10
17
19
19
21
22
22
22
23
21
17
14
10
6
3
1
-4
-9
-13
-13
-17
-19
-22
-24
-26
-27
-27
-23
-20
-18
-18
-15
-12
-7
-2
1
2
0
-1
-1
1
3
1
1
-4
-7
-8
-8
-9
-12
-13
-11
-10
-10
-8
-5
-2
-2
4
10
16
18
19
22
28
32
36
38
43
42
37
37
41
38
32
26
21
16
10
8
3
0
-2
-7
-14
-14
-10
-13
-16
-12
-7
-11
-15
-11
-5
-6
-5
-5
-5
-4
-4
-3
-1
1
0
-4
-4
-4
-5
-4
-4
-2
-4
-5
-5
-4
-2
0
0
2
4
6
7
10
12
14
16
17
17
15
13
12
9
5
1
-1
-2
-4
-8
-13
-15
-16
-18
-20
-24
-24
-22
-20
-27
-29
-23
-21
-26
-26
-25
-24
-26
-25
-24
-24
-22
-17
-16
-15
-12
-10
-5
-3
-1
1
3
5
8
12
15
17
20
23
22
25
26
26
25
26
29
29
26
24
22
26
25
23
19
20
20
17
12
12
12
8
4
4
4
2
-1
-1
-3
-5
-3
-4
-8
-9
-7
-8
-11
-11
-8
-8
-10
-8
-6
-6
-5
-3
0
2
0
-1
3
7
5
6
7
10
13
12
11
12
17
15
9
10
15
16
8
10
15
13
8
7
9
5
1
2
2
-2
-3
-6
-7
-8
-10
-14
-20
-23
-24
-25
-24
-29
-30
-30
-34
-34
-31
-32
-33
-34
-34
-29
-27
-29
-25
-20
-16
-14
-13
-8
-2
1
3
6
7
10
9
9
9
9
9
10
10
9
9
10
11
11
11
12
12
12
10
12
14
15
16
17
16
13
13
12
10
10
11
6
4
2
-3
-6
-8
-10
-9
-8
-10
-10
-7
-6
-6
-5
-1
2
3
6
10
12
11
9
13
19
23
22
19
21
24
26
26
24
24
26
24
21
22
22
21
20
17
14
12
10
5
3
2
1
-2
-1
-2
-6
-7
-6
-7
-12
-15
-17
-19
-22
-23
-23
-21
-22
-22
-23
-28
-25
-22
-24
-22
-22
-21
-17
-16
-16
-14
-11
-10
-9
-7
-7
-3
-3
-4
0
1
0
2
4
2
2
6
6
6
9
13
9
8
13
13
8
8
11
10
5
3
3
0
-2
-3
-7
-9
-10
-13
-14
-15
-17
-16
-17
-19
-22
-22
-21
-22
-21
-17
-14
-14
-13
-8
-1
0
-1
2
7
10
11
11
17
19
18
25
23
24
27
25
28
25
28
28
25
30
24
25
25
24
26
23
24
23
22
20
17
17
18
16
12
10
8
6
0
-4
-5
-8
-11
-14
-14
-17
-17
-18
-21
-23
-23
-27
-27
-26
-28
-27
-23
-19
-19
-19
-15
-9
-8
-4
1
5
9
10
12
12
12
14
14
15
15
14
13
12
7
6
6
5
0
0
-1
-5
-8
-6
-7
-12
-12
-13
-15
-18
-16
-17
-20
-21
-20
-21
-21
-21
-21
-23
-23
-22
-21
-21
-23
-24
-21
-20
-21
-21
-17
-13
-12
-12
-7
-3
2
5
7
8
11
14
17
20
22
26
30
31
30
31
31
30
28
30
29
25
25
27
23
19
19
16
15
9
4
3
3
-1
-5
-5
-2
-3
-7
-9
-5
-4
-4
-5
-1
1
-2
-4
-3
1
3
3
2
4
7
8
9
8
7
9
11
10
11
15
14
11
9
7
8
11
11
4
-1
6
7
1
-2
-3
-7
-10
-9
-10
-14
-15
-15
-16
-17
-19
-24
-25
-19
-18
-20
-19
-17
-18
-18
-14
-14
-17
-16
-12
-12
-10
-8
-8
-11
-6
-3
-4
-4
-6
-7
-4
-2
-1
1
2
2
3
5
8
9
12
13
13
12
10
9
10
10
10
10
7
3
0
-2
-5
-6
-5
-7
-10
-13
-13
-15
-16
-14
-14
-11
-11
-9
-8
-6
-4
-2
1
3
5
8
12
15
18
21
25
25
27
28
26
27
26
24
25
24
19
18
15
12
11
7
5
5
1
1
1
-1
-1
0
3
1
-3
-3
1
2
0
-3
-3
-2
-1
-2
-7
-6
-5
-9
-9
-11
-14
-15
-16
-20
-18
-20
-20
-20
-20
-20
-19
-19
-17
-17
-15
-14
-8
-5
-2
-1
1
2
5
11
12
11
11
9
7
9
10
6
0
0
-4
-6
-10
-11
-14
-16
-17
-19
-20
-19
-19
-18
-13
-9
-11
-10
-8
-6
-5
-3
-2
1
5
8
5
5
9
10
7
11
13
6
5
10
7
1
-2
0
2
2
1
2
4
4
9
14
13
14
17
22
26
25
24
31
33
30
30
29
29
31
25
23
23
17
14
13
9
5
1
-6
-8
-11
-13
-14
-14
-13
-14
-15
-14
-13
-14
-12
-8
-1
2
1
1
2
4
5
4
4
1
-1
-2
-3
-4
-6
-10
-9
-11
-14
-17
-15
-16
-17
-15
-15
-16
-13
-14
-15
-10
-12
-10
-3
-3
-1
4
2
3
6
3
4
5
3
2
0
-1
-4
-5
-9
-9
-11
-11
-10
-10
-9
-9
-11
-9
-6
-6
-6
0
3
4
3
4
9
14
14
14
15
16
16
15
13
15
15
13
9
4
3
0
0
-1
0
-3
-7
-11
-11
-8
-6
-5
-5
-6
-3
1
4
7
9
10
15
17
15
17
16
18
26
24
20
21
17
14
17
13
11
11
6
4
5
1
1
-1
-4
-6
-9
-11
-13
-12
-10
-9
-7
-6
-4
-4
-3
-3
-3
-3
-3
-1
1
-1
-5
-8
-11
-9
-9
-10
-12
-14
-15
-14
-16
-14
-15
-13
-12
-11
-9
-11
-9
-6
0
0
-2
1
-1
1
0
1
4
-1
-2
-3
-1
-2
-7
-5
-3
-4
-9
-11
-9
-6
-11
-10
-7
-6
-7
-9
-7
-4
-3
1
4
5
5
8
10
10
13
17
18
20
20
19
17
16
15
14
15
13
11
9
10
6
4
3
2
0
2
5
4
0
1
3
2
-1
1
7
9
8
7
8
12
10
5
4
7
7
3
0
0
3
2
-1
-2
0
0
0
-2
-1
0
2
1
1
2
3
3
5
7
5
6
8
7
1
4
4
0
0
0
-3
-5
-5
-7
-13
-14
-17
-20
-19
-19
-19
-20
-21
-21
-19
-18
-16
-15
-12
-9
-9
-8
-4
2
3
2
3
6
9
8
7
8
