-7
-6
-3
-2
-3
-3
-2
-2
-1
-1
1
0
1
4
1
0
0
1
1
0
-1
-1
0
3
4
5
7
7
6
6
5
5
5
5
3
3
2
3
4
4
5
5
5
4
2
1
0
-1
-2
-1
-1
-3
-6
-5
-5
-4
-6
-6
-3
-3
-1
1
1
3
1
-1
0
-2
-1
1
-1
1
1
-1
-1
-1
0
1
-2
-2
-3
-5
-3
-2
-2
-3
-3
-4
-4
-5
-7
-7
-4
-2
-2
-2
-3
-2
0
1
2
4
3
3
4
5
6
7
5
6
6
6
6
4
4
3
3
3
3
5
4
2
1
1
0
-1
-1
-1
-1
3
3
2
0
-1
-2
-3
-5
-4
-3
-1
-1
-2
-4
-4
-3
-3
-2
-4
-3
0
0
-1
-1
-3
-3
-2
-2
-1
-1
2
0
0
0
-1
-2
-1
-1
-1
-1
0
-1
-1
-1
0
0
-3
1
2
1
1
1
0
-2
-4
-1
0
-2
-1
1
1
2
1
3
3
4
6
5
3
3
3
0
-2
-1
-1
-2
-3
-3
-1
0
0
2
4
4
6
6
6
6
5
3
4
4
4
4
4
3
2
-2
-2
-2
-1
-1
-2
-2
-1
0
-1
-3
-2
-4
-4
-3
-2
-2
-5
-3
-2
-1
-2
-4
-3
-4
-3
-1
-1
-3
-3
-1
-2
-3
-4
-6
-5
-4
-2
-2
-1
1
0
-3
-2
0
0
0
0
2
2
1
1
2
5
3
3
3
4
5
4
1
1
2
2
3
2
3
4
4
3
1
2
4
5
5
4
6
5
2
0
-1
-1
-3
-4
-2
2
3
3
2
1
2
0
-1
-2
0
1
-2
-2
0
0
-1
-3
-3
-4
-4
-4
-4
-2
-1
-2
-4
-5
-5
-6
-6
-6
-6
-3
-4
-3
-3
-5
-4
-5
-7
-4
-2
-2
-3
-5
-2
0
3
4
6
6
5
5
5
5
4
5
5
6
8
7
6
6
7
7
6
5
5
4
5
6
5
3
2
0
-2
-2
-1
-2
-3
-3
-3
-2
-2
-4
-6
-7
-6
-5
-4
-2
0
1
2
2
-1
-2
-2
-2
-2
-2
-4
-4
-3
-2
-1
-1
0
0
-1
-3
-1
1
2
1
0
-2
1
1
0
-1
-1
-2
-2
-1
1
1
3
4
1
4
4
5
4
3
4
3
3
1
-1
1
1
-1
-2
-1
-1
-2
-3
-2
-1
0
2
1
0
1
-1
-3
-4
-5
-5
-3
-3
-1
-3
-3
-4
-7
-5
-3
-1
1
0
5
25
22
52
79
-56
-88
5
-31
-54
-9
52
77
74
215
79
-307
-185
-110
-231
88
211
-33
-9
102
77
-75
-169
-33
-139
-97
374
425
181
58
-107
-178
-154
-95
257
559
393
326
399
-44
-602
-722
-463
-68
41
171
255
-33
-124
-53
-189
-85
142
-143
-269
15
47
-233
-478
-61
148
-601
-276
494
137
187
434
46
-241
-423
-357
41
188
369
264
-123
319
371
-33
666
804
257
198
-35
-64
-164
-449
-4
185
-190
-196
-253
-316
-71
-125
189
585
-146
-588
-714
-1022
-495
-166
33
507
288
8
-245
-244
275
60
-69
711
686
12
2
-85
-288
-431
-527
381
510
53
741
656
478
359
-649
-846
-392
278
947
965
452
-457
-1356
-1181
478
1039
523
739
495
95
-592
-819
-328
-754
-268
640
612
258
-660
-1029
-852
-548
178
470
484
602
48
-680
-413
-318
-394
40
271
729
386
-29
411
-112
-388
-113
18
470
479
304
89
-365
-570
-462
-216
73
324
150
-76
-215
-407
-313
-241
74
327
214
124
-46
-56
-262
-339
31
242
378
345
278
96
-85
46
6
75
79
-17
65
37
105
-102
-236
7
93
69
60
274
156
-8
206
91
-196
-470
-255
41
-55
219
188
-220
-286
-114
19
1
219
160
-65
-4
-74
-150
-210
14
289
219
81
18
-68
-283
9
161
-42
-10
-235
-55
28
-362
-116
13
-99
191
255
41
-46
-138
78
421
147
140
136
-239
-103
-228
-251
-84
-155
-9
24
29
-46
-179
-292
-305
-39
34
291
703
628
333
-212
-495
-374
-210
235
727
926
698
368
2
-312
-443
-523
-154
202
292
273
-263
-685
-887
-1083
-781
-234
232
463
387
217
137
-31
-284
-250
-150
83
387
364
522
449
-56
-118
-49
118
376
366
457
365
-23
-191
-395
-553
-252
-102
-49
223
154
68
-51
-263
-45
-153
-339
-39
-18
82
139
-200
-123
-174
-330
-2
37
249
458
83
259
373
-79
-184
-345
-244
100
-78
195
408
-54
-132
-266
-161
311
109
142
317
47
25
-195
-238
10
-320
-296
94
155
283
120
-118
4
-207
-245
49
64
117
-43
-237
-81
-190
-258
-46
11
184
305
228
268
99
-161
-191
-201
4
274
313
448
330
-44
-147
-247
-197
49
138
339
318
-4
-139
-432
-630
-479
-325
88
403
324
262
-17
-290
-225
-163
101
338
214
239
234
6
-141
-311
-312
-92
80
369
536
275
-96
-384
-404
-150
-43
-61
-97
-288
-445
-463
-385
-264
-281
-299
-126
34
0
-162
-323
-326
-160
63
288
369
193
-44
-79
106
369
542
544
471
373
249
227
231
196
260
323
434
571
468
296
93
-92
18
199
349
472
332
159
16
-186
-166
-91
-16
180
221
168
41
-279
-446
-392
-229
63
188
156
36
-283
-530
-572
-441
-106
239
409
364
57
-352
-605
-564
-232
135
359
389
80
-439
-800
-976
-987
-758
-432
-215
-184
-247
-421
-743
-973
-944
-689
-172
290
443
526
493
252
133
428
948
1238
1413
1712
1784
1508
1087
726
665
712
558
422
429
126
-629
-1245
-1384
-1453
-1657
-1697
-1674
-1820
-2075
-2366
-2430
-2137
-1857
-1691
-1332
-856
-592
-493
-205
263
651
1034
1501
1885
2153
2243
2198
2309
2482
2460
2404
2459
2465
2190
1773
1499
1193
789
570
521
478
373
69
-368
-679
-825
-870
-765
-505
-322
-403
-538
-537
-514
-479
-395
-339
-304
-238
-205
-292
-374
-438
-572
-659
-678
-705
-806
-1003
-1118
-1087
-1002
-984
-1174
-1362
-1337
-1290
-1256
-1291
-1469
-1499
-1389
-1065
-387
98
200
45
-102
353
877
983
1078
1215
1616
1928
1553
1119
690
31
-344
-460
-163
275
-67
-724
-1231
-1626
-1672
-1769
-1847
-1560
-1353
-1123
-894
-1014
-1083
-1017
-821
-236
354
907
1526
1854
2051
2241
2412
2810
3202
3480
3796
3869
3701
3401
2982
2691
2515
2328
2182
1928
1539
1107
561
-8
-487
-846
-940
-852
-796
-897
-1285
-1760
-1968
-1881
-1694
-1589
-1492
-1246
-927
-751
-836
-1059
-1201
-1186
-1107
-1050
-939
-740
-630
-820
-1269
-1621
-1622
-1416
-1319
-1341
-1271
-1078
-1002
-1266
-1619
-1726
-1581
-1376
-1253
-1173
-1100
-1131
-1271
-1398
-1361
-1076
-693
-425
-204
187
720
1099
1142
1068
1232
1550
1651
1472
1339
1519
1879
2037
1870
1593
1403
1366
1375
1229
914
619
564
713
749
460
-14
-390
-500
-380
-126
184
425
548
627
707
765
730
661
782
1183
1690
2034
1960
1578
1346
1452
1630
1453
1009
947
1392
1676
1273
513
133
187
104
-349
-795
-817
-581
-671
-1263
-1897
-2104
-1943
-1846
-2071
-2360
-2343
-2021
-1776
-1905
-2243
-2399
-2204
-1893
-1731
-1678
-1563
-1343
-1158
-1061
-935
-739
-540
-406
-312
-182
-49
-31
-182
-372
-431
-342
-207
-119
-82
-65
-104
-222
-363
-361
-147
137
280
253
245
342
434
418
383
476
674
875
1156
1708
2459
2941
2691
1854
1143
1119
1630
2071
2075
1896
2010
2499
2901
2644
1665
511
-96
193
1088
1900
2029
1299
17
-1266
-2108
-2364
-2141
-1629
-999
-446
-217
-474
-1110
-1768
-2050
-1796
-1139
-353
292
566
337
-312
-1047
-1426
-1228
-611
36
409
433
164
-312
-875
-1363
-1545
-1295
-764
-297
-195
-477
-949
-1319
-1412
-1229
-857
-490
-199
21
184
243
46
-313
-444
-57
669
1145
968
344
-141
-55
424
689
385
-134
-201
371
954
791
24
-465
-149
414
441
-8
-302
-169
65
132
137
171
46
-309
-592
-469
-13
413
565
508
369
279
346
411
156
-337
-145
1672
4521
6060
4375
507
-2148
-1343
1565
3336
2639
1092
758
1659
2202
1260
-855
-2935
-3751
-2666
-144
2144
2323
-183
-4003
-6799
-7036
-5008
-2391
-764
-515
-992
-1543
-2158
-2992
-3681
-3525
-2174
47
2360
3848
3722
1871
-667
-2058
-1005
2046
5049
5949
4383
1805
-20
-503
-231
135
500
964
1390
1473
883
-624
-2780
-4468
-4328
-2162
629
2252
1884
-42
-2256
-3317
-2522
-572
1108
1796
1864
1787
1369
442
-524
-841
-178
1259
2914
3881
3330
1482
-328
-972
-514
340
1162
1815
1846
896
-580
-1640
-1798
-1319
-554
314
890
611
-507
-1711
-2254
-2111
-1659
-992
-163
382
280
234
1420
3461
4045
1577
-2006
-2824
284
3992
4229
1014
-1780
-1270
1320
2589
918
-2301
-4701
-5028
-3449
-993
751
230
-2937
-7080
-9402
-8293
-4795
-1649
-687
-1373
-2029
-1998
-2025
-2606
-2943
-1968
254
2711
4610
5602
5306
3585
1455
913
3101
6933
9837
9801
6954
3315
1172
1346
2743
3657
3385
2484
1666
999
121
-1309
-3299
-5164
-5488
-3384
-46
1839
640
-2622
-5366
-5681
-3477
-268
1827
1735
474
-72
476
833
286
-185
566
2180
3508
3931
3336
1761
-316
-1748
-1604
-246
966
989
-262
-2060
-3421
-3784
-3346
-2721
-2277
-2016
-2039
-2524
-3295
-3755
-3405
-2262
-393
1984
3877
3479
191
-3539
-4045
-452
3869
4948
2732
628
896
2096
1445
-1290
-3683
-3671
-1575
796
2003
1489
-895
-4807
-8515
-9427
-6232
-844
2734
2053
-1511
-4545
-5132
-3936
-2153
88
2806
4957
5414
4543
3653
3340
3232
3456
5032
8275
11533
12295
9564
4904
1281
786
3113
5934
6847
5218
2242
-572
-2513
-3593
-4019
-4015
-3750
-3143
-2150
-1458
-2351
-5091
-7873
-8225
-5464
-1398
1394
1583
-417
-2933
-4066
-3001
-499
1914
3273
3490
2830
1640
446
-300
-462
-117
626
1496
1816
900
-1231
-3656
-5167
-5104
-3705
-1959
-955
-1206
-2433
-4017
-5315
-5269
-2909
1065
3595
1887
-2706
-5296
-2765
2310
4642
2667
21
531
3474
4898
2780
-835
-2633
-1588
869
3020
3987
3122
-172
-4922
-8050
-6707
-1589
3101
3737
757
-2491
-3710
-3311
-2501
-1370
453
2461
3813
4557
5138
5155
3830
1903
1751
4793
9430
12274
11264
7282
3060
1054
1987
4554
6411
5962
3523
740
-1039
-1734
-2135
-3023
-4433
-5446
-4962
-3174
-2066
-3586
-7209
-10041
-9662
-6451
-2876
-1127
-1677
-3505
-4972
-4853
-3252
-1392
-172
641
1541
2227
2059
1213
505
400
737
1341
2205
2893
2535
870
-1130
-2139
-1812
-905
-297
-270
-707
-1381
-1718
-1125
189
697
-1001
-3903
-4917
-2239
1905
3297
729
-2415
-2327
659
2794
1768
-803
-1819
-369
1984
3537
3769
2646
42
-3178
-4778
-2945
1222
4168
3389
7
-2710
-2960
-1672
-473
318
1172
1912
2010
1783
1993
2446
2134
1192
1382
3904
7387
9022
7527
4322
2009
2099
4119
6284
6824
5274
2738
752
-41
-188
-554
-1459
-2531
-3077
-2732
-2108
-2602
-4923
-7817
-8988
-7557
-5105
-3862
-4417
-5670
-6337
-5931
-4627
-2998
-1889
-1661
-1586
-667
893
1767
1349
660
971
2169
3097
3077
2473
1952
1695
1491
1111
720
738
1177
1354
647
-75
742
2786
3178
-132
-4670
-5552
-1510
2942
2789
-1326
-4289
-3240
-643
-283
-2200
-3501
-2793
-1560
-1089
-521
851
1267
-1438
-5678
-6743
-2363
3770
5840
2565
-1751
-2752
-707
1324
2143
2956
4135
4146
2460
1298
2570
4741
4844
3047
2664
5303
8309
8166
4938
1871
1475
3354
5503
6360
5483
3340
933
-759
-1218
-545
494
597
-1140
-3884
-5387
-4570
-3161
-3589
-5702
-6987
-6121
-4640
-4599
-5926
-7022
-6962
-5954
-4351
-2504
-1323
-1647
-2941
-3537
-2408
-128
1960
2926
2622
1587
743
664
1074
1414
1703
2310
3054
3120
2263
1172
985
2475
5037
6526
4385
-786
-4264
-2021
3699
5963
1779
-3878
-4722
-1159
1157
-566
-3562
-4858
-5008
-5326
-4547
-1660
566
-1799
-7754
-11113
-7838
-1006
2831
1212
-2352
-3555
-2040
-206
975
2594
4697
5364
3856
2855
4958
8280
8532
5291
3391
6363
11286
12474
8674
4049
2504
3851
5712
6663
6393
4488
1120
-1944
-2639
-1030
321
-876
-4137
-6685
-6399
-4204
-3120
-4779
-7401
-7901
-5737
-3516
-3542
-5154
-6148
-5701
-4621
-3479
-2158
-1055
-1121
-2221
-2681
-1370
806
2075
1919
1215
681
366
206
408
1052
1669
1947
1794
1230
482
238
1880
4924
6432
3530
-2351
-5138
-1236
5564
7513
2297
-3906
-4602
-681
1951
751
-1441
-2474
-3586
-5548
-5532
-1828
1349
-1369
-8562
-12113
-7632
-198
2229
-1526
-5528
-5396
-2761
-1026
-139
1929
4272
3979
1341
705
4454
8685
8398
4746
3837
8169
12871
12291
7205
3208
3574
6470
8707
9131
7935
5140
1367
-1193
-677
1918
3196
871
-3659
-6782
-6400
-4088
-3199
-5028
-7620
-8377
-7107
-5654
-5237
-5541
-5941
-6332
-6268
-4845
-2337
-653
-1228
-2877
-3135
-1316
974
2092
2014
1563
1114
858
1134
1930
2407
1904
1011
836
1625
2694
4002
5473
5626
2462
-2899
-5098
-746
6129
7527
1302
-5575
-5824
-770
2520
808
-2563
-4223
-4890
-5783
-5081
-1528
1146
-1682
-8337
-11505
-7565
-1349
442
-2468
-4919
-4031
-2040
-1568
-1602
-12
2308
2836
1820
2281
5232
7459
6158
3510
4185
8894
13029
12395
8064
4482
4254
6352
8461
9114
7843
4979
1891
372
866
1989
1912
104
-2413
-4210
-4513
-3825
-3503
-4411
-5936
-6659
-6151
-5403
-5311
-5550
-5241
-4407
-3767
-3592
-3434
-2891
-2161
-1446
-694
-5
236
-53
-208
289
1075
1451
1264
948
608
151
-256
-168
653
2273
4690
6444
4888
-668
-5738
-4137
3800
9757
6660
-2281
-7435
-4694
812
2873
1308
-1058
-3811
-7106
-8032
-3815
1778
1315
-6096
-12340
-10332
-3232
424
-2030
-5435
-5263
-3128
-2465
-2776
-1350
1385
2177
612
503
4081
7819
7019
3063
2203
6987
12555
13008
8784
5218
5402
7610
9151
9545
9114
7304
4093
1482
1570
3593
4563
2620
-1216
-4446
-5432
-4416
-2994
-2818
-4159
-5825
-6701
-6978
-7321
-7331
-6025
-3720
-2319
-3040
-4864
-5728
-4646
-2191
472
2186
2072
267
-1626
-1654
470
2901
3494
2035
406
384
1578
2099
1413
1471
3586
5412
3373
-1694
-4068
-525
4534
4381
-961
-4870
-3387
-47
267
-1810
-2780
-2627
-3975
-6244
-5698
-2084
-451
-4026
-8946
-9251
-5072
-1957
-2975
-5313
-5236
-3101
-1619
-1607
-1598
-754
160
779
2017
4190
5679
4899
3085
3282
6492
10157
11272
9768
7838
7090
7452
8457
9724
10147
8562
5687
3985
4670
5943
5342
2860
471
-690
-1257
-2002
-2783
-3354
-4134
-5484
-6875
-7411
-6889
-6147
-6239
-7232
-7957
-7200
-5279
-3902
-4010
-4440
-3538
-1617
-556
-980
-1301
-91
1902
2778
2106
1209
1279
1995
2275
2004
2341
4278
6236
5232
782
-3087
-1707
3533
6062
2361
-3268
-4390
-1095
962
-879
-3379
-3822
-4116
-6114
-7172
-4190
-422
-2087
-8682
-12510
-8806
-2461
-1080
-4658
-6906
-4940
-2365
-2546
-3599
-1971
1446
2748
1435
925
3233
5856
5703
4188
5029
8475
10874
9899
7588
7337
9290
10796
10562
9476
8484
7508
6439
6093
6755
7109
5895
3370
762
-882
-1309
-830
-222
-798
-3075
-5733
-7137
-7002
-6474
-6559
-6917
-6994
-7021
-7322
-7606
-7230
-6055
-4894
-4338
-4099
-3668
-2730
-1619
-849
-379
35
428
701
976
1470
2269
2874
3591
5151
6000
4245
207
-1958
1602
7489
8453
2294
-4766
-5445
-405
3475
2479
-1025
-4537
-7315
-8583
-6575
-1612
461
-4200
-11374
-13609
-9061
-3803
-3065
-5242
-6211
-5570
-5067
-4590
-2851
27
1428
701
704
2920
5602
6061
4757
4967
7599
10147
10515
9417
8797
9318
9982
10252
10582
10450
8983
6772
5542
6227
7227
6554
4590
2640
1182
-27
-868
-661
-42
-892
-3615
-6333
-7139
-6153
-5126
-5273
-6083
-6775
-7067
-6816
-6406
-5821
-4925
-4050
-3180
-2863
-3186
-3165
-2456
-1251
-229
210
188
124
130
195
671
1126
2570
4772
5046
2277
-2246
-3413
1139
6154
5605
-210
-4683
-3337
802
2103
263
-1812
-3691
-5557
-6552
-4475
-544
-726
-6293
-11605
-10966
-5684
-2403
-3804
-6197
-6255
-5227
-4858
-4462
-2426
587
1515
372
198
2256
4782
5404
4836
5740
8156
9655
9305
8532
9042
10457
10845
10190
9830
9790
9202
7830
6742
6872
7154
6297
4698
3175
1997
891
-174
-584
-665
-1589
-3425
-5143
-5809
-5565
-5490
-6085
-6993
-7693
-7660
-6808
-5680
-5071
-5331
-5720
-5202
-3788
-2297
-1240
-603
-375
-818
-1552
-1247
578
2736
3474
3085
3559
4465
3273
-429
-2638
682
6635
7798
1810
-5111
-5842
-1156
2329
1559
-784
-2887
-5744
-8690
-7917
-2458
1199
-2968
-11157
-14069
-9158
-3609
-3648
-6674
-7313
-5920
-5955
-6836
-4926
-333
1992
-144
-2319
-157
4418
6373
5071
4745
7463
10185
9926
8191
8431
11023
12979
12468
10898
10042
9694
8963
8261
8552
9128
8102
5194
2343
1286
1669
1877
1185
40
-1317
-3057
-4872
-5781
-5212
-4028
-3843
-5333
-7536
-8753
-8085
-6232
-4695
-4322
-4796
-5314
-5440
-4978
-3584
-1356
585
795
-731
-2043
-1530
329
1940
2866
4290
5940
5222
1174
-2782
-1701
4151
8060
4951
-2028
-5486
-2847
1104
1424
-897
-2784
-4265
-6450
-7565
-4873
-794
-1730
-8499
-13759
-11533
-5290
-2930
-5913
-8635
-7831
-6315
-6620
-6723
-4146
-844
-382
-1833
-1237
1976
4351
3989
3476
5643
8983
10122
8951
8380
10022
12326
13092
12305
11284
10618
10274
10326
10716
10763
9679
7742
5946
4613
3494
2649
2331
2133
993
-1313
-3526
-4579
-4810
-5032
-5385
-5639
-6183
-7421
-8464
-8110
-6797
-6157
-6631
-6760
-5560
-4176
-3941
-4208
-3573
-2213
-1445
-1452
-996
322
1392
1913
3096
4891
4940
1919
-1070
509
5649
7920
3780
-2412
-3766
64
2977
1357
-2136
-4111
-4978
-6148
-6037
-3082
-903
-4388
-11499
-14551
-10186
-4127
-3311
-6919
-9481
-9115
-7971
-7029
-4869
-1751
-757
-2660
-3799
-1326
2760
4602
3984
4201
6558
8757
8921
8193
8795
10877
12595
12862
12080
10831
9639
9296
10372
12005
11991
9426
6100
4289
4327
4756
4468
3674
2416
166
-2565
-4060
-3373
-1965
-2206
-4284
-6348
-7190
-7133
-6783
-6110
-5201
-5117
-6294
-7216
-6295
-3959
-2256
-2425
-3473
-3923
-3408
-2138
-535
687
779
-162
-243
1915
4360
3952
719
-1268
1112
5043
5101
727
-3040
-2075
1599
2955
778
-2339
-4705
-6409
-6680
-3959
58
-54
-6378
-13262
-13769
-8290
-3527
-3645
-6322
-8169
-9084
-9480
-7921
-3934
-568
-950
-3357
-3409
-412
2279
2767
3145
5564
8434
9001
7754
7511
9391
11858
13255
13509
12960
11468
9692
9334
10905
12420
11501
8448
5802
4949
4841
4122
2935
1988
959
-865
-2924
-3906
-3787
-3878
-4930
-6211
-6767
-6798
-6867
-6803
-6312
-5830
-5919
-6206
-5699
-4272
-2815
-1889
-1435
-1514
-2093
-2291
-994
1359
2654
2119
1749
3074
4241
2588
-525
-417
4053
7470
4630
-2109
-5384
-2160
2652
3212
-191
-3645
-5642
-7122
-7366
-4364
-178
-835
-7967
-14823
-14091
-7341
-2752
-4355
-8338
-10078
-9567
-8527
-6677
-3565
-1372
-2259
-4280
-3599
33
3132
3569
3103
4084
6058
7324
7802
8623
10003
11144
11767
12204
12371
11784
10802
10674
11695
12468
11477
9007
6812
6022
6104
5886
4832
3078
955
-1099
-2404
-2529
-2179
-2656
-4392
-6474
-7721
-7922
-7523
-6780
-6012
-5965
-6831
-7507
-6772
-4994
-3677
-3166
-2450
-1412
-1274
-2337
-2807
-1070
1746
3441
3953
4391
4155
1898
-796
256
5729
9786
6813
-813
-5078
-2117
3372
4892
1776
-2446
-5653
-7668
-7428
-3865
-21
-1587
-9050
-15394
-14386
-8297
-4483
-5974
-9301
-10964
-11061
-10282
-7939
-4406
-2495
-3815
-5597
-4215
-277
2601
2942
2788
4101
6214
7735
8716
9708
10507
10941
11604
12865
13742
13154
11757
11154
11660
12024
11340
10077
8922
7659
5956
4442
3880
3743
2629
269
-1931
-2840
-3104
-3932
-5206
-5921
-6071
-6656
-7719
-8018
-7159
-6531
-7047
-7433
-6208
-4244
-3511
-3905
-3570
-2109
-1107
-1277
-1226
122
1869
3057
4084
4816
3609
403
-1031
2582
8131
8646
2523
-3633
-3314
1734
4691
2763
-990
-3666
-5568
-6770
-5319
-1554
-464
-5612
-12857
-14620
-9809
-5030
-5507
-9166
-11364
-11303
-10704
-9444
-6531
-3797
-4272
-6979
-7282
-3282
1426
2855
1862
2025
4265
6377
7139
7953
9955
11893
12180
11509
11764
13056
13677
12918
12097
12323
12632
11549
9508
8222
8103
7778
6301
4453
3209
2202
700
-878
-1719
-2189
-3382
-5243
-6534
-6794
-6906
-7452
-7800
-7487
-7301
-7873
-8252
-7219
-5340
-4247
-4218
-3991
-2892
-1808
-1601
-1531
-202
2546
5121
5508
3273
490
340
3897
8114
8460
4125
-692
-1493
1517
4348
4170
1402
-2377
-5824
-7100
-4727
-661
-110
-5532
-12421
-14180
-10314
-6526
-6833
-9381
-10971
-11642
-12359
-11616
-8077
-4462
-4735
-7975
-8930
-5246
-467
1372
934
1368
3298
4912
5712
7085
9447
11387
12027
12264
12883
13210
12713
12490
13611
15049
14694
12209
9530
8405
8686
9153
8868
7353
4506
1192
-723
-201
1283
958
-2132
-5935
-7750
-7156
-5937
-5672
-6406
-7495
-8587
-9234
-8688
-6920
-5226
-4839
-5350
-5345
-4288
-3000
-2293
-1888
-931
1015
3342
4509
3360
844
22
2923
7403
8729
5207
575
-394
2450
5028
4514
1884
-842
-3120
-4590
-3843
-1007
169
-3717
-10196
-12933
-9883
-5953
-6144
-9331
-11379
-11437
-11468
-11557
-9881
-6996
-6093
-7936
-9035
-6628
-2739
-1019
-1498
-1124
1385
4043
5059
5301
6454
8418
9916
10753
11886
13360
13857
12845
11871
12678
14556
15011
12945
9985
8374
8511
9193
9224
7924
4977
1208
-1072
-240
2051
2058
-1647
-6333
-8365
-7202
-5281
-4806
-5996
-7888
-9426
-9674
-8215
-5935
-4547
-4871
-5931
-6057
-4712
-2790
-1382
-480
830
2532
3115
1579
-213
1016
5365
8490
6657
1915
-159
2484
6013
6171
3334
515
-1109
-2194
-2330
-578
1146
-1020
-7154
-11834
-10549
-5828
-4019
-7156
-11291
-12669
-11862
-10974
-10076
-8510
-7484
-8487
-10166
-9525
-6093
-2651
-1548
-2019
-1807
-125
2137
4070
5531
6705
7699
8661
9756
10935
11924
12554
12767
12696
12669
12860
13007
12478
11085
9560
8800
8850
8783
7521
4947
2153
583
738
1467
1023
-1181
-4087
-6114
-6507
-5654
-4670
-4806
-6446
-8435
-8998
-7589
-5485
-4303
-4371
-4967
-5331
-4935
-3542
-1478
336
1342
1729
1528
551
-334
935
4717
7642
6019
1136
-1453
1235
5774
6931
4013
379
-1708
-2521
-2173
-85
2138
668
-5277
-10771
-10608
-6044
-3158
-5049
-8948
-11166
-11452
-11106
-10030
-7963
-6638
-7845
-10120
-10141
-7184
-3875
-2468
-2393
-1992
-889
420
1909
3736
5508
6732
7538
8423
9530
10657
11630
12187
12111
11829
12121
12911
13007
11510
9285
8106
8555
9444
9020
6546
2974
301
38
1674
2719
1083
-2755
-6277
-7324
-5949
-4054
-3611
-5243
-7800
-9259
-8522
-6228
-4106
-3518
-4394
-5523
-5561
-4013
-1564
707
2248
2700
1683
-249
-926
1745
6395
8375
5162
116
-1096
2567
6400
6249
3075
78
-1657
-2557
-2026
405
2066
-781
-7053
-10889
-8918
-4672
-3781
-6773
-9748
-10561
-10439
-10296
-9303
-7517
-6997
-8613
-9934
-8608
-5717
-3823
-3418
-2960
-1703
-435
624
2159
3984
5139
5598
6466
8215
9758
10249
10409
10849
11142
11029
11024
11674
12096
10878
8537
7078
7625
9113
9111
6496
2753
370
704
2556
3210
1407
-1910
-4841
-5874
-4974
-3321
-2648
-4141
-6831
-8335
-7382
-4931
-3180
-3346
-4574
-5385
-5061
-3652
-1668
507
2243
2186
19
-2216
-1545
2730
6991
6710
2136
-1775
-956
3312
6189
5263
2192
-828
-2738
-2771
-426
2754
2661
-2569
-8728
-10074
-6280
-2673
-3456
-6953
-9442
-10222
-10281
-9509
-7548
-6011
-7179
-9817
-10150
-7362
-4423
-3716
-4072
-3202
-1507
-518
211
1831
3949
5107
5184
5881
7700
9279
9960
10114
10257
10339
10205
10624
11544
11470
9783
7631
6891
8043
9079
8108
5230
1978
489
1238
2586
2785
858
-2359
-4823
-5451
-4248
-2624
-2577
-4244
-6197
-6867
-5734
-4019
-2934
-2628
-3085
-3881
-4159
-3092
-172
3116
3873
1198
-2420
-2853
1306
6158
6767
2789
-1437
-1632
1611
4233
4008
1708
-1087
-3145
-3512
-1589
1116
912
-3500
-8455
-9273
-5795
-2697
-3599
-7023
-9485
-9676
-8530
-7154
-6020
-5835
-7154
-8703
-8353
-5906
-3433
-2805
-3485
-3521
-2184
-311
1214
2266
3123
3881
4537
5317
6415
7754
9002
9659
9395
8603
8358
9243
10462
10540
9089
7286
6470
6820
7441
7285
5803
3362
1247
818
1990
2851
1631
-1196
-3454
-3772
-2924
-2504
-2981
-3723
-4277
-4671
-4784
-4226
-3079
-2259
-2462
-3176
-3193
-1695
855
2714
2178
-430
-2251
-514
3763
6154
3994
-251
-1887
422
3600
4446
2686
-251
-3012
-4182
-2521
869
1990
-1855
-7830
-10255
-7431
-3512
-3013
-5695
-8419
-9665
-9844
-8885
-6502
-4361
-5021
-7994
-9468
-7187
-3465
-1872
-2642
-3202
-2203
-710
351
1545
3274
4625
4780
4450
4896
6281
7869
9134
9705
9098
7522
6479
7439
9740
10772
8955
5681
3817
4581
6383
6777
4924
2025
-4
-149
1026
1940
1195
-1180
-3511
-3995
-2611
-1302
-1781
-3448
-4277
-3476
-2285
-1992
-2231
-1981
-1395
-1303
-1295
77
2575
3445
1058
-1923
-1208
3250
6420
4472
-251
-2304
13
3245
3893
2124
-202
-2403
-4079
-3664
-618
1884
-327
-6477
-10721
-9111
-4475
-2504
-4754
-8067
-9651
-9688
-9032
-7468
-5375
-4691
-6345
-8209
-7619
-4927
-2722
-2221
-2218
-1518
-486
237
938
2105
3557
4877
5912
6368
5945
5372
6202
8638
10448
9571
6909
5351
6268
8128
8749
7556
5546
3954
3429
3786
4070
3265
1492
81
-5
605
476
-876
-2441
-2984
-2306
-1338
-1249
-2268
-3448
-3502
-2156
-573
-77
-741
-1519
-1545
-695
935
3150
4574
3288
-248
-2231
587
5943
7769
3669
-1823
-2848
720
4032
3810
1149
-1790
-4184
-5157
-3335
309
1346
-3108
-9539
-11537
-7706
-3241
-3075
-6360
-9165
-9852
-9327
-8107
-6089
-4518
-5246
-7504
-8046
-5524
-2453
-1683
-2646
-2669
-974
822
1585
1923
2600
3416
4190
5365
6706
6944
5833
5286
6982
9326
9276
6669
4574
5254
7187
7484
5729
3856
3288
3600
3670
3028
1753
158
-790
-228
1130
1329
-738
-3536
-4307
-2353
185
601
-1494
-3787
-3922
-1856
606
1746
1236
-141
-1250
-837
1857
5434
6528
3419
-1096
-1748
2814
7547
6966
1784
-2190
-1243
2306
4063
2802
9
-2936
-5047
-4923
-1968
970
-589
-6640
-11666
-10870
-5991
-3095
-4925
-8630
-10656
-10429
-9085
-7216
-5249
-4750
-6553
-8429
-7503
-4019
-1137
-1012
-2175
-2084
-406
1496
2648
3197
3633
4084
4729
5756
6738
7131
7015
6901
7016
7012
6653
6328
6332
6336
5768
4477
3171
2761
3275
3757
3031
965
-1104
-1680
-567
949
1134
-550
-2955
-4207
-3105
-546
1052
288
-1883
-3037
-1939
186
1714
2122
1620
783
399
1710
4800
6625
4559
430
-816
3049
7486
6738
1575
-2222
-1089
2571
4121
2631
-117
-3144
-5410
-5204
-1954
1353
-257
-6698
-11780
-10803
-5739
-2682
-4517
-8298
-10576
-10748
-9369
-7075
-4913
-4654
-7005
-9131
-7903
-4219
-1382
-1287
-2445
-2272
-772
826
2179
3149
3722
3874
3937
4845
6186
6796
6867
6888
7041
6975
6165
5608
5991
6448
6213
4955
3367
2587
2475
2657
2678
1755
264
-1030
-1478
-753
-45
-404
-1692
-3150
-3325
-2008
-581
-95
-812
-1629
-1358
-435
659
1697
2207
2163
1787
2377
4828
6624
5204
1723
414
3877
8198
7713
2759
-1464
-1066
2320
4237
3436
1004
-2485
-5635
-6174
-3014
930
102
-6078
-11789
-11982
-7574
-3979
-4558
-7622
-10450
-11711
-10753
-7997
-5173
-4571
-6762
-8825
-7947
-4917
-2266
-1417
-1574
-1305
-576
389
1849
3337
4165
4316
4420
5228
6212
6464
6513
6991
7509
7317
6108
5092
5264
5813
5744
4691
3196
2327
2117
2091
1856
965
-126
-859
-1192
-1056
-879
-1046
-1655
-2694
-3092
-2122
-661
-42
-830
-1631
-966
459
1518
1932
2073
2395
2633
3515
5661
6877
5158
1816
1046
4870
8698
7346
2231
-1133
196
3262
3921
2467
465
-2165
-4813
-5384
-2509
660
-1183
-7321
-11602
-10384
-6301
-4582
-6303
-8555
-9969
-10864
-10642
-8564
-5710
-5012
-7320
-9211
-7892
-4657
-2395
-2179
-2355
-1465
-140
969
1932
2735
3495
4291
5138
5931
6161
6154
6788
7576
7460
6413
5499
5670
6151
5753
4853
4091
3485
2854
2186
1840
1419
225
-964
-1060
-358
-222
-1471
-2932
-3222
-2638
-1968
-1566
-1328
-1185
-1377
-1353
-516
626
1414
1642
1784
2322
3090
4542
6510
6966
4783
1847
2144
6426
9590
7348
1972
-812
1230
4320
4546
2546
13
-2694
-4856
-4611
-1290
1112
-2049
-8686
-12265
-9860
-5407
-4415
-6931
-9450
-10638
-11034
-10426
-8145
-5419
-5283
-7924
-9500
-7544
-3927
-1968
-2310
-2616
-1556
-79
1132
2245
3259
3850
3981
4506
5823
6795
6740
6366
6402
6729
6600
5944
5562
5490
5118
4344
3432
2845
2568
2083
1288
259
-650
-826
-427
-256
-892
-2098
-2836
-2736
-2338
-1913
-1461
-1055
-961
-1239
-1161
-359
649
1433
1887
2209
2472
2919
4531
6681
6922
4379
1763
3053
7500
9508
6265
1345
-55
2529
4859
4456
2546
34
-2989
-5104
-3893
187
1752
-2875
-9789
-12310
-8887
-4491
-3979
-6645
-9509
-11330
-11713
-10092
-6896
-4738
-6048
-9017
-9539
-6765
-3568
-2495
-2804
-2331
-1025
-6
756
1822
3047
3799
4195
5064
6112
6260
5748
5858
6884
7495
6631
5196
4690
5041
5139
4445
3389
2583
2043
1580
1066
276
-684
-1264
-1094
-623
-792
-1829
-2938
-3319
-2839
-1937
-1196
-964
-1263
-1588
-1230
-151
1082
1899
2078
1919
1970
3084
5599
7665
6830
3471
1418
3851
8410
9591
5779
1060
-11
2372
4651
4853
3216
21
-3795
-5560
-3102
1276
1804
-3486
-9795
-11401
-8147
-4712
-4359
-6329
-8847
-10970
-11643
-9825
-6456
-4683
-6196
-8648
-8716
-6232
-3735
-2863
-2700
-1958
-832
120
992
1930
2670
3088
3840
5340
6542
6279
5121
4771
5949
7275
7096
5610
4169
3727
4047
4178
3664
2679
1636
965
511
-68
-676
-1105
-1185
-1115
-1328
-1789
-2385
-2984
-3061
-2325
-1104
-297
-629
-1412
-1487
-604
854
2176
2786
2564
1932
2469
5055
7452
6843
3630
1855
4369
8184
8474
5024
1771
1617
3250
4089
3945
2952
194
-3502
-4904
-1970
1910
918
-4948
-9877
-9747
-6394
-4369
-4977
-6587
-8559
-10600
-11044
-8655
-5246
-4610
-7286
-9353
-8041
-4937
-3129
-3208
-3200
-2147
-964
-28
1014
2058
2557
2545
3147
4799
6166
6163
5218
4454
4617
5399
6108
6168
5068
3358
2382
2607
3346
3401
2330
827
-537
-1272
-943
-115
143
-769
-2211
-2769
-2389
-2059
-1983
-1779
-1174
-635
-687
-691
-230
297
867
1687
2718
3273
2960
3391
5382
6734
5415
2752
2787
6380
8873
6895
2864
1260
2885
4404
4056
3269
2068
-808
-4122
-4240
-212
2648
-620
-7101
-10287
-8194
-4871
-4251
-5455
-6748
-8627
-10725
-10706
-7478
-4097
-4679
-8072
-9448
-7129
-3896
-2820
-3360
-3103
-1866
-740
108
972
1876
2357
2612
3606
5035
5775
5526
4762
4376
4634
5230
5790
5456
3995
2544
2175
2767
3091
2341
1135
53
-828
-1149
-724
-27
-182
-1558
-2682
-2443
-1599
-1362
-1836
-1881
-1021
-245
-62
-72
111
618
1327
2283
3265
3471
3352
4269
5773
5966
4143
2790
4609
7546
7524
4324
1665
2182
3904
4009
3161
2497
914
-2201
-4314
-2311
1594
1429
-3794
-8700
-8762
-5604
-3996
-4911
-6114
-7119
-8696
-9994
-8940
-5818
-4194
-5830
-8045
-7818
-5366
-3295
-2942
-3070
-2503
-1293
113
1121
1453
1369
1640
3010
4880
5749
5090
3742
2992
3517
4836
5883
5569
3646
1553
1108
2439
3718
3136
1003
-840
-1333
-787
3
338
-205
-1630
-2978
-2886
-1482
-423
-835
-1913
-1932
-645
612
852
357
167
854
2050
3114
3657
3995
4787
5514
5051
3646
3329
5402
7718
7117
4047
1994
2739
4208
4012
2899
2188
934
-1681
-3557
-2081
969
698
-3795
-7922
-7913
-5371
-4253
-5271
-6369
-6965
-7877
-8683
-7978
-6067
-5215
-6183
-7012
-6188
-4572
-3652
-3468
-3068
-2275
-1370
-144
1272
2006
1651
1237
2191
4219
5528
5199
3975
3139
3256
3966
4707
4865
3948
2302
1094
1225
2214
2526
1407
-320
-1356
-1287
-734
-429
-651
-1381
-2272
-2662
-2174
-1217
-687
-899
-1192
-827
178
1067
1221
964
1147
2044
3018
3545
4156
5372
6061
4812
2669
2724
5793
8352
6977
3171
1318
2714
4444
4203
3001
2031
370
-2278
-3428
-1259
1396
122
-4682
-8089
-7291
-4757
-4018
-5178
-6444
-7348
-8164
-8115
-6574
-5034
-5413
-6942
-7088
-5286
-3493
-3095
-3278
-2883
-2032
-1142
39
1544
2531
2415
1905
2198
3415
4664
5136
4719
3868
3180
3084
3561
4075
3956
2952
1506
539
594
1222
1396
556
-819
-1802
-1973
-1589
-1207
-1238
-1703
-2274
-2424
-1916
-1102
-600
-651
-787
-368
582
1395
1626
1597
1836
2323
2892
3882
5468
6423
5191
2598
1891
4669
8020
7846
4236
1285
1589
3492
4329
3749
2496
390
-2323
-3452
-1497
1158
532
-3604
-7252
-7397
-5304
-3951
-4288
-5486
-6890
-7994
-7850
-6198
-4606
-4743
-6017
-6384
-5140
-3510
-2617
-2384
-2311
-2048
-1098
709
2366
2534
1503
1135
2389
4124
4773
4240
3480
3110
3138
3428
3685
3346
2262
1152
819
1139
1278
764
-90
-799
-1217
-1411
-1443
-1424
-1531
-1773
-1939
-1873
-1718
-1611
-1378
-843
-246
0
-5
278
1005
1741
2148
2383
2656
3028
3801
5215
6309
5554
3239
2025
3719
6465
6959
4704
2150
1213
1682
2677
3513
2931
98
-3229
-3872
-1419
765
-222
-3483
-6168
-6819
-5832
-4254
-3353
-4205
-6290
-7522
-6702
-4938
-3977
-4116
-4524
-4588
-4055
-2818
-1412
-865
-1284
-1407
-279
1348
2139
1980
1759
1989
2412
2790
3151
3354
3091
2433
1939
1984
2204
1954
1144
335
34
94
68
-201
-593
-1014
-1431
-1688
-1662
-1496
-1402
-1384
-1346
-1292
-1218
-971
-460
113
505
696
807
1001
1412
2002
2440
2497
2514
2887
3402
3682
4018
4682
4813
3559
2075
2559
4748
5676
3755
1098
442
1580
2476
2275
1383
-80
-1904
-2824
-1875
-280
-291
-2352
-4670
-5505
-4792
-3696
-3331
-3983
-5078
-5703
-5457
-4664
-3875
-3515
-3680
-3939
-3553
-2389
-1340
-1239
-1623
-1345
-167
952
1183
776
579
1030
1818
2367
2414
2120
1715
1335
1247
1673
2176
1875
688
-221
59
809
713
-217
-822
-613
-314
-540
-913
-908
-696
-678
-733
-499
-92
51
-41
134
711
1171
1195
1208
1603
2023
2030
1966
2484
3449
4115
4091
3569
2937
2640
3111
4083
4485
3613
2125
1248
1387
2032
2378
1789
201
-1441
-1870
-1059
-405
-975
-2340
-3509
-4096
-4147
-3749
-3342
-3572
-4377
-4854
-4531
-4017
-3936
-4024
-3723
-3097
-2638
-2486
-2369
-2075
-1624
-1139
-655
-111
403
635
499
415
851
1575
1876
1604
1325
1371
1408
1184
1035
1217
1310
817
8
-368
-50
418
391
-102
-517
-558
-461
-435
-296
68
281
49
-224
15
593
899
870
937
1224
1465
1601
1805
2016
2019
1925
2129
2743
3404
3508
2801
1898
1860
2849
3626
3138
2015
1493
1530
1395
1230
1456
1349
56
-1406
-1338
-200
-65
-1398
-2607
-2729
-2549
-2768
-3013
-3023
-3185
-3564
-3652
-3328
-3096
-3281
-3602
-3596
-3069
-2240
-1738
-2016
-2584
-2456
-1490
-594
-429
-599
-502
-202
-11
154
499
841
901
803
846
987
906
604
538
971
1399
1102
225
-234
227
936
1085
757
453
215
-45
40
666
1190
912
213
51
562
989
887
664
788
1133
1336
1352
1373
1386
1302
1369
1993
2903
3050
2051
1070
1438
2719
3311
2679
1778
1357
1262
1337
1612
1643
907
-107
-396
-42
-77
-817
-1557
-1830
-1874
-1954
-2119
-2557
-3277
-3658
-3189
-2438
-2442
-3249
-3890
-3688
-2923
-2224
-1904
-1992
-2314
-2462
-2047
-1182
-479
-379
-639
-681
-325
87
259
337
546
763
765
653
657
710
646
595
810
1108
1019
501
78
162
588
896
848
536
206
74
215
488
644
569
398
362
503
646
648
575
619
811
982
1010
991
1047
1131
1185
1305
1550
1687
1514
1327
1582
2063
2096
1625
1373
1695
2022
1833
1371
1061
927
953
1207
1339
766
-329
-995
-770
-214
-14
-355
-1194
-2285
-2918
-2498
-1560
-1322
-2158
-3195
-3551
-3228
-2731
-2445
-2499
-2796
-3052
-2999
-2641
-2186
-1833
-1722
-1799
-1766
-1385
-874
-643
-650
-459
62
539
648
534
507
670
989
1402
1745
1757
1383
957
902
1293
1752
1824
1414
870
589
624
785
904
895
662
204
-166
-98
292
497
290
16
22
181
224
268
538
884
998
965
1098
1370
1497
1494
1675
2089
2405
2382
2136
1920
1857
1964
2158
2233
2020
1569
1052
636
452
505
533
202
-459
-1114
-1562
-1837
-1933
-1847
-1858
-2336
-3146
-3646
-3476
-3030
-2918
-3183
-3378
-3312
-3254
-3306
-3118
-2504
-1963
-2030
-2377
-2199
-1413
-754
-658
-717
-452
-21
232
404
734
1045
1010
811
1000
1606
1953
1554
837
672
1258
1884
1830
1145
466
272
535
929
1117
894
326
-191
-220
249
734
756
365
59
169
526
784
878
982
1145
1261
1313
1429
1650
1826
1901
1998
2172
2267
2162
2034
2083
2185
2065
1767
1632
1747
1732
1281
644
276
263
297
118
-280
-825
-1422
-1839
-1855
-1642
-1712
-2317
-3062
-3341
-3082
-2780
-2866
-3255
-3563
-3565
-3327
-3013
-2815
-2843
-3003
-2994
-2576
-1933
-1526
-1555
-1705
-1510
-889
-227
105
112
85
259
631
1084
1468
1616
1460
1178
1134
1495
1972
2080
1683
1153
925
1053
1275
1365
1267
966
508
160
243
695
1006
785
265
6
219
634
922
997
934
833
847
1118
1547
1817
1768
1615
1672
1959
2227
2276
2122
1932
1834
1862
1948
1951
1756
1360
888
551
476
535
401
-83
-715
-1161
-1354
-1488
-1675
-1873
-2114
-2508
-2931
-3051
-2829
-2701
-2965
-3325
-3325
-2999
-2758
-2752
-2748
-2607
-2461
-2361
-2120
-1678
-1326
-1306
-1379
-1120
-560
-168
-175
-253
-16
425
693
717
761
908
947
841
895
1248
1525
1323
838
621
804
1000
958
850
824
688
301
-12
161
691
991
759
315
136
352
762
1141
1387
1448
1317
1157
1251
1718
2272
2450
2202
1960
2075
2355
2411
2229
2093
2094
2017
1773
1534
1371
1111
699
407
399
358
-101
-791
-1181
-1147
-1115
-1404
-1831
-2098
-2238
-2427
-2582
-2545
-2456
-2602
-2923
-3008
-2716
-2408
-2426
-2585
-2526
-2257
-2060
-1974
-1770
-1434
-1232
-1257
-1221
-902
-505
-340
-354
-246
38
255
288
315
477
614
569
506
664
940
981
698
404
394
587
724
716
642
497
224
-16
81
541
927
817
350
67
279
772
1164
1315
1323
1283
1219
1233
1489
1940
2268
2247
2037
1955
2047
2103
2052
2055
2175
2196
1923
1501
1217
1125
1071
975
842
598
160
-337
-638
-680
-663
-829
-1197
-1596
-1879
-2020
-2042
-1990
-1972
-2132
-2428
-2615
-2510
-2225
-2006
-1959
-2003
-2057
-2076
-1957
-1617
-1204
-1018
-1128
-1239
-1089
-779
-562
-469
-356
-214
-176
-235
-196
14
185
130
-14
16
196
261
104
-63
-55
35
40
-3
41
103
-11
-253
-308
-11
384
507
339
177
262
541
845
1105
1324
1452
1434
1385
1523
1882
2234
2350
2276
2221
2244
2256
2221
2238
2325
2331
2111
1766
1520
1439
1384
1233
1016
791
516
179
-107
-235
-277
-430
-737
-1031
-1181
-1264
-1413
-1579
-1632
-1607
-1674
-1865
-2008
-1978
-1865
-1812
-1814
-1812
-1827
-1871
-1844
-1631
-1354
-1252
-1353
-1436
-1334
-1120
-946
-831
-737
-681
-693
-707
-619
-459
-347
-317
-291
-235
-224
-283
-314
-222
-60
23
-21
-106
-136
-102
-21
110
244
297
259
247
361
569
756
862
923
1003
1134
1301
1454
1567
1647
1739
1860
1965
2022
2034
2021
1997
1978
1981
1991
1930
1764
1566
1426
1341
1222
1050
888
758
590
343
104
-40
-126
-242
-397
-536
-661
-827
-1003
-1082
-1040
-1002
-1086
-1254
-1386
-1427
-1395
-1328
-1259
-1263
-1389
-1543
-1571
-1421
-1212
-1113
-1158
-1270
-1346
-1318
-1160
-932
-781
-800
-935
-1023
-978
-849
-721
-636
-607
-663
-775
-844
-791
-652
-526
-464
-456
-485
-525
-516
-377
-121
119
219
194
177
282
516
781
993
1117
1156
1169
1231
1398
1629
1795
1827
1767
1724
1741
1786
1825
1858
1872
1804
1631
1452
1405
1468
1484
1352
1146
989
893
818
741
667
558
379
185
80
71
20
-163
-392
-517
-513
-505
-591
-741
-882
-985
-1045
-1038
-982
-983
-1123
-1323
-1404
-1319
-1193
-1165
-1252
-1366
-1436
-1442
-1378
-1271
-1188
-1200
-1277
-1314
-1251
-1140
-1063
-1029
-999
-944
-893
-860
-818
-758
-692
-622
-526
-417
-354
-357
-363
-272
-67
146
265
275
254
295
448
685
912
1027
1006
943
973
1140
1371
1529
1548
1468
1392
1394
1482
1606
1683
1650
1521
1377
1309
1335
1397
1404
1312
1159
1008
915
888
884
844
731
562
395
286
236
186
87
-61
-213
-334
-418
-485
-567
-669
-774
-860
-908
-942
-997
-1082
-1149
-1160
-1125
-1093
-1111
-1181
-1252
-1260
-1177
-1058
-994
-1041
-1142
-1192
-1136
-1002
-892
-867
-925
-997
-1009
-931
-808
-723
-721
-758
-753
-678
-576
-501
-459
-420
-355
-259
-148
-56
4
56
146
292
454
568
617
647
728
878
1049
1179
1234
1238
1249
1304
1408
1509
1548
1511
1435
1385
1389
1417
1409
1340
1230
1123
1054
1024
993
925
810
677
568
506
479
436
345
206
62
-34
-65
-77
-127
-245
-402
-524
-574
-569
-569
-634
-764
-899
-957
-922
-860
-864
-960
-1079
-1132
-1084
-984
-928
-974
-1071
-1124
-1072
-953
-859
-860
-943
-1010
-972
-835
-701
-677
-764
-849
-812
-651
-476
-408
-469
-556
-532
-355
-124
16
7
-73
-76
76
318
500
530
457
421
512
693
852
901
849
781
788
886
1000
1050
1013
937
901
936
995
1022
1000
951
915
909
924
936
914
863
812
777
752
721
686
640
579
502
418
349
300
249
177
73
-45
-147
-217
-258
-303
-389
-510
-620
-675
-678
-678
-725
-815
-895
-914
-872
-829
-844
-912
-980
-988
-930
-856
-833
-877
-944
-954
-873
-760
-706
-743
-808
-808
-710
-572
-485
-496
-558
-572
-481
-323
-201
-186
-249
-285
-217
-59
88
143
113
79
126
259
408
495
499
479
503
599
719
805
828
816
822
870
943
998
1011
992
977
984
1003
1013
994
956
916
889
870
842
798
743
680
621
570
517
461
387
295
202
127
74
22
-50
-147
-252
-344
-403
-435
-468
-528
-622
-720
-774
-777
-752
-752
-801
-875
-924
-913
-854
-794
-782
-821
-866
-862
-790
-695
-635
-641
-681
-690
-634
-533
-449
-430
-463
-491
-463
-371
-276
-234
-257
-296
-288
-213
-112
-47
-47
-75
-74
-10
95
185
216
204
202
249
349
456
520
533
534
565
640
734
805
834
834
845
891
955
999
1008
989
971
972
980
973
937
876
811
759
718
668
591
487
373
280
215
156
73
-44
-165
-262
-326
-364
-409
-477
-571
-657
-696
-681
-649
-648
-688
-740
-758
-725
-665
-611
-597
-621
-647
-634
-578
-513
-481
-490
-516
-524
-501
-454
-416
-406
-425
-454
-460
-436
-400
-378
-384
-400
-405
-382
-343
-306
-276
-258
-237
-197
-137
-68
-6
42
84
136
207
288
359
416
461
507
561
623
683
726
750
763
781
808
830
835
821
799
779
766
750
730
694
648
600
560
528
491
445
383
327
283
244
203
151
90
29
-23
-61
-92
-125
-174
-234
-283
-310
-316
-327
-358
-402
-445
-465
-461
-452
-462
-492
-527
-545
-539
-528
-523
-537
-561
-573
-565
-548
-536
-536
-545
-543
-527
-502
-477
-462
-454
-438
-413
-380
-345
-317
-288
-258
-221
-179
-139
-102
-67
-30
12
54
97
132
167
207
253
294
331
366
404
445
486
525
558
585
608
629
655
677
690
696
693
690
688
681
661
634
603
571
535
495
451
405
356
307
256
202
146
94
45
-2
-41
-80
-122
-167
-205
-232
-251
-273
-297
-320
-338
-348
-354
-356
-361
-374
-386
-393
-395
-394
-401
-414
-430
-439
-440
-439
-441
-451
-464
-469
-465
-458
-454
-458
-460
-453
-436
-413
-393
-375
-358
-333
-299
-264
-230
-203
-174
-134
-84
-30
12
49
88
135
186
241
290
334
373
417
463
504
535
555
570
586
603
614
618
611
596
579
565
551
530
503
466
428
394
363
335
302
261
223
186
155
130
99
69
39
10
-13
-30
-46
-66
-90
-113
-132
-147
-161
-175
-191
-212
-236
-257
-272
-282
-299
-323
-347
-369
-382
-391
-400
-407
-417
-429
-433
-429
-422
-416
-414
-411
-407
-391
-368
-346
-328
-311
-290
-264
-242
-215
-184
-157
-130
-101
-70
-35
-5
23
49
78
108
139
171
193
217
242
265
287
303
315
325
331
342
348
348
349
346
339
333
323
318
308
298
285
265
251
242
232
219
199
177
163
153
142
128
113
98
83
73
67
57
44
32
22
12
0
-12
-23
-37
-54
-70
-90
-109
-128
-146
-169
-189
-208
-229
-246
-262
-275
-283
-296
-306
-310
-312
-308
-309
-309
-303
-292
-275
-262
-250
-236
-224
-204
-182
-161
-139
-118
-97
-75
-52
-29
-6
19
40
60
83
106
130
146
160
171
183
197
206
210
215
220
222
221
214
209
204
201
197
189
181
177
171
160
149
145
144
137
128
122
114
108
102
96
90
79
67
56
48
44
39
30
18
7
-3
-12
-21
-30
-42
-57
-73
-84
-95
-110
-121
-132
-141
-147
-159
-167
-176
-184
-182
-186
-191
-195
-195
-190
-186
-179
-171
-167
-160
-147
-133
-118
-105
-95
-78
-60
-45
-31
-17
-2
13
23
33
45
58
71
83
93
98
103
106
108
114
122
127
123
113
111
114
116
117
110
101
91
84
84
80
79
75
68
61
61
59
58
56
53
53
49
47
47
45
41
35
30
27
23
19
17
14
9
3
-3
-10
-18
-24
-31
-37
-42
-49
-57
-63
-67
-71
-73
-76
-79
-82
-84
-85
-84
-82
-81
-82
-82
-76
-73
-71
-73
-74
-71
-68
-63
-59
-55
-51
-46
-42
-40
-37
-34
-32
-30
-23
-19
-16
-12
-5
2
9
13
16
24
33
42
50
52
54
61
66
69
74
77
78
80
80
83
86
84
80
79
80
79
74
69
64
60
58
53
49
44
35
29
27
26
25
22
15
11
8
2
0
-2
-5
-8
-13
-18
-24
-29
-33
-37
-41
-45
-49
-55
-57
-59
-62
-64
-66
-67
-67
-70
-71
-70
-66
-60
-56
-57
-58
-56
-53
-48
-43
-37
-33
-28
-25
-19
-14
-9
-4
-1
5
10
14
16
22
30
35
36
35
36
35
34
33
32
32
30
30
30
30
27
23
21
21
24
25
24
24
24
25
24
28
28
26
26
27
28
30
34
32
32
33
31
29
29
27
26
26
24
20
17
12
6
2
-3
-6
-8
-10
-15
-22
-26
-28
-31
-36
-38
-40
-41
-42
-43
-44
-44
-47
-46
-43
-42
-40
-39
-41
-40
-37
-33
-29
-25
-25
-27
-28
-27
-21
-16
-11
-9
-8
-8
-9
-6
-2
1
4
6
8
10
12
16
19
20
21
22
24
27
32
33
33
33
35
38
38
38
36
33
33
33
36
37
35
35
32
30
32
32
32
28
23
23
22
24
22
18
17
14
11
8
7
5
2
-3
-7
-9
-14
-21
-27
-30
-28
-28
-33
-37
-41
-44
-46
-48
-49
-50
-51
-51
-50
-49
-50
-50
-50
-48
-43
-39
-36
-38
-35
-30
-25
-22
-18
-13
-6
-1
4
7
8
11
13
15
19
26
30
30
32
33
35
34
32
32
32
35
37
38
38
38
38
37
35
34
35
34
35
35
35
33
30
28
27
27
24
20
18
15
11
10
9
8
9
6
1
-1
-4
-7
-13
-18
-25
-27
-26
-28
-30
-30
-31
-32
-32
-32
-35
-32
-29
-29
-28
