-3
-2
-1
0
0
0
0
0
1
1
2
2
0
0
0
-2
0
2
0
2
2
2
1
-1
-1
0
1
0
-1
-1
-1
-1
-2
1
2
4
3
2
2
2
0
1
2
2
1
0
1
0
0
-3
-1
0
1
-3
0
1
3
-1
-1
-2
-1
1
-2
-2
-1
-1
1
2
3
-2
0
0
0
1
-2
1
4
2
1
1
-1
-1
-1
2
2
0
2
0
-1
3
1
1
2
0
1
1
0
-1
2
3
1
1
2
3
3
0
-1
1
2
1
1
2
0
-2
-2
0
2
2
-1
-2
2
-1
-1
1
7
2
1
2
5
3
3
3
2
1
3
3
4
3
3
3
2
0
-1
-2
-2
-2
-1
-1
0
1
3
2
1
1
1
1
1
1
2
3
2
1
-1
-1
0
2
4
3
0
-2
-1
1
0
0
-1
-2
0
1
1
1
0
1
2
1
0
-1
0
2
0
-3
-2
0
-1
-5
-5
-3
0
-2
-2
0
4
5
4
4
3
2
1
0
-1
-1
-1
-1
1
0
-1
-2
-1
-1
-1
1
1
0
1
0
-1
-1
0
1
1
2
1
3
2
1
-1
-3
-2
0
2
4
4
3
1
0
0
2
1
0
-1
0
0
1
2
2
1
-1
-3
-3
-2
1
1
-2
-3
-1
-1
-1
-1
1
2
1
0
-2
-1
0
-1
0
1
1
3
4
2
2
1
1
0
-1
-2
1
1
-1
-3
-1
0
-1
-1
-1
0
0
0
0
0
-1
0
3
1
0
-2
-2
1
2
0
0
0
0
-1
0
1
1
0
-1
-2
0
0
2
2
1
0
0
-1
0
0
0
0
1
0
0
0
0
0
-1
0
-1
0
0
0
0
-1
0
1
2
4
3
2
2
3
4
4
3
2
1
2
-1
0
0
-1
-1
1
0
0
-1
-2
1
3
0
0
0
2
2
2
-1
0
0
-2
-4
-5
0
0
0
6
0
-1
1
1
3
0
1
0
-1
-1
-1
0
0
-1
3
3
2
3
2
1
3
0
0
0
-1
-1
1
0
1
1
4
2
1
3
-1
1
-1
-1
-2
2
-1
3
1
-1
0
-1
1
2
-1
1
0
-1
-1
-1
-3
2
2
-4
-2
-4
-1
-2
-2
3
2
0
-3
1
-1
1
-2
2
0
-2
-4
0
-3
-4
-4
0
2
-1
2
2
1
1
3
3
1
-1
3
3
2
2
2
3
0
0
0
-3
0
-1
-2
1
-3
-2
-1
-2
-5
-1
0
1
1
-3
-1
-3
-1
1
0
0
-4
-2
-1
-2
-2
-1
2
3
0
-1
0
0
-1
-2
0
0
-1
-2
-1
0
2
-1
0
0
0
0
0
1
2
1
3
5
1
-1
4
0
-2
1
1
2
-1
-2
2
0
1
0
-1
2
-2
-4
-3
-2
0
0
1
2
1
2
1
1
1
1
2
1
1
0
1
-2
-2
-1
0
-1
-2
-1
0
0
0
-1
1
1
1
-1
-1
0
1
1
2
2
2
2
0
0
0
0
1
0
0
0
1
0
-2
-2
-3
-2
-2
-2
-1
0
0
1
-1
-1
-2
-4
-3
-2
-5
-1
-3
-2
-2
-4
2
-1
1
4
1
7
1
3
1
1
2
0
-1
1
0
0
-2
-2
1
4
1
0
0
-1
0
-1
-1
2
1
2
4
0
-2
5
3
3
3
6
5
-1
5
-2
1
2
-4
2
4
-1
-1
3
1
-1
-2
0
1
-1
4
0
0
2
1
4
-1
3
1
-2
-3
-2
1
0
-1
-2
0
1
-1
-1
0
1
0
-1
0
-1
-4
-2
2
2
0
-1
0
0
-1
1
-1
1
1
-3
-1
0
-2
0
0
-2
-1
-1
1
2
1
0
-2
0
1
2
1
-2
-4
-3
-1
2
0
-1
-3
0
2
3
3
0
-1
-2
0
-1
-2
1
0
2
5
3
2
0
1
6
7
5
4
0
-2
-2
0
0
2
4
3
3
4
2
2
2
1
0
-2
-4
-3
-3
-1
2
3
5
4
3
2
3
3
1
1
2
1
-1
0
0
2
2
3
3
2
3
0
2
0
1
2
-2
0
-2
-2
-2
-1
0
0
0
1
0
1
2
0
0
-1
-3
-3
-5
-4
-4
-2
-5
-4
-2
-1
-3
-3
-5
-4
-3
-4
-6
-5
-3
-1
-1
-3
-4
-2
0
0
0
-1
0
0
0
1
1
2
0
0
0
2
2
2
1
0
0
0
0
1
2
2
2
2
1
0
0
-1
0
1
0
-2
0
0
-1
0
3
1
0
1
2
2
1
3
5
3
3
2
0
1
2
0
1
4
2
4
1
2
4
2
4
1
3
5
3
6
0
1
3
2
4
-1
1
1
-1
-1
-2
0
2
1
-1
-4
-3
-5
-3
0
-1
-4
1
1
0
2
-1
0
2
-4
-4
-3
-5
-9
-4
-5
1
2
-3
0
-4
-2
-2
-2
1
-3
-2
-2
-5
-2
-4
-2
-2
-2
-2
-1
-1
0
-1
-1
0
1
1
2
0
0
0
1
3
2
3
2
1
3
3
5
5
6
4
4
2
3
3
5
7
9
6
5
3
3
4
6
6
5
5
4
3
2
2
3
6
5
4
5
3
4
6
5
4
3
-1
0
0
-1
3
0
1
0
-6
-2
-6
-4
-4
-8
-4
-7
-7
-10
-10
-7
-7
-8
-10
-10
-11
-12
-14
-13
-12
-13
-12
-13
-12
-14
-14
-12
-12
-12
-12
-13
-11
-13
-10
-10
-9
-9
-9
-10
-11
-9
-7
-5
-5
-4
-3
-2
-1
-2
-1
-1
2
4
5
7
7
8
7
7
8
7
7
8
9
10
12
13
15
15
16
16
15
14
15
16
17
15
16
17
19
20
18
18
18
16
16
16
14
15
16
13
16
15
13
15
14
13
13
12
11
9
8
7
7
5
6
4
2
0
-1
-2
-5
-5
-6
-6
-8
-10
-11
-12
-13
-14
-15
-16
-16
-16
-17
-18
-17
-19
-19
-19
-18
-17
-20
-22
-22
-20
-20
-23
-23
-19
-17
-19
-20
-19
-17
-17
-18
-19
-17
-17
-17
-16
-12
-12
-9
-8
-7
-7
-7
-6
-4
-2
-2
0
4
5
6
5
7
8
11
11
10
9
14
15
13
14
16
16
14
14
17
21
24
23
23
28
30
25
28
27
29
32
27
26
29
27
28
29
25
27
27
27
27
23
23
24
23
19
21
21
23
19
13
14
15
11
6
3
0
1
0
-2
-4
-8
-12
-14
-17
-20
-22
-24
-25
-29
-30
-32
-35
-38
-38
-41
-44
-44
-43
-44
-49
-54
-56
-55
-56
-60
-60
-60
-59
-62
-63
-60
-60
-62
-63
-61
-58
-55
-58
-58
-51
-49
-52
-46
-40
-41
-37
-31
-27
-23
-18
-10
-5
-1
4
11
16
20
24
31
37
42
47
54
61
68
74
80
85
91
95
99
106
108
113
116
121
126
128
129
130
134
136
137
136
136
138
139
136
132
132
129
126
119
115
113
109
105
100
96
91
84
75
67
60
49
39
28
18
8
-5
-18
-29
-39
-49
-59
-72
-81
-89
-100
-111
-122
-133
-140
-148
-155
-163
-169
-172
-178
-183
-188
-189
-194
-195
-201
-204
-207
-209
-212
-215
-216
-214
-213
-212
-212
-208
-201
-196
-189
-182
-173
-167
-164
-156
-146
-138
-130
-114
-97
-84
-73
-58
-40
-29
-19
-5
15
34
46
60
81
99
109
123
140
156
172
186
195
203
211
229
246
255
267
282
289
293
298
301
304
309
317
323
328
334
333
328
327
329
325
315
304
301
296
282
269
259
246
232
216
197
181
163
144
130
113
91
68
42
24
8
-17
-44
-64
-90
-116
-135
-154
-176
-203
-225
-238
-253
-277
-296
-308
-324
-338
-354
-366
-374
-386
-397
-403
-410
-415
-415
-417
-417
-413
-416
-415
-413
-412
-401
-388
-382
-374
-361
-349
-336
-330
-318
-297
-282
-266
-243
-223
-206
-189
-166
-143
-128
-107
-74
-48
-33
-4
22
43
70
91
113
148
184
213
243
277
305
326
346
373
399
416
435
456
473
488
504
523
537
547
556
566
573
572
566
560
553
548
539
530
518
505
489
471
450
426
402
378
355
328
299
269
244
218
189
158
130
102
70
33
-2
-37
-70
-104
-134
-160
-189
-221
-248
-273
-303
-332
-353
-371
-396
-423
-442
-452
-464
-482
-495
-505
-519
-538
-551
-561
-568
-579
-583
-580
-581
-586
-587
-580
-573
-566
-555
-537
-520
-509
-497
-484
-474
-467
-458
-441
-419
-396
-371
-343
-312
-280
-245
-210
-174
-140
-101
-60
-17
23
62
103
147
194
237
274
313
352
394
434
471
505
535
562
588
612
632
651
670
687
697
706
720
729
732
731
725
716
708
691
667
652
638
617
597
578
551
524
502
472
435
406
373
332
295
263
226
184
145
110
73
33
-7
-45
-76
-104
-137
-170
-199
-229
-259
-291
-323
-353
-380
-410
-438
-465
-493
-526
-556
-578
-597
-612
-625
-640
-658
-674
-685
-699
-714
-722
-724
-726
-726
-726
-727
-721
-711
-704
-694
-679
-666
-656
-643
-621
-596
-574
-549
-518
-490
-460
-422
-376
-330
-286
-230
-167
-107
-50
16
84
141
194
250
308
360
409
457
498
538
581
626
670
704
732
762
794
819
831
843
859
868
868
868
871
870
865
859
847
830
811
786
761
734
705
673
641
608
565
523
492
462
421
376
338
300
262
219
176
138
104
70
29
-9
-48
-86
-119
-149
-186
-223
-254
-286
-330
-375
-408
-435
-472
-507
-540
-570
-595
-617
-646
-673
-689
-705
-727
-745
-756
-774
-792
-804
-814
-825
-833
-836
-840
-845
-845
-836
-824
-814
-804
-786
-765
-743
-717
-688
-653
-616
-575
-529
-474
-415
-355
-292
-224
-158
-100
-33
37
102
162
225
290
344
390
439
491
537
582
631
679
715
747
783
815
842
861
873
886
903
915
916
917
915
897
872
854
833
804
778
762
739
705
675
649
619
585
552
525
495
457
423
395
358
315
274
235
198
165
125
83
50
20
-24
-66
-91
-124
-169
-203
-228
-265
-308
-337
-363
-399
-435
-461
-487
-517
-546
-570
-595
-621
-647
-673
-699
-724
-747
-768
-784
-800
-815
-825
-831
-837
-844
-848
-847
-844
-838
-830
-817
-799
-779
-761
-737
-709
-682
-652
-613
-567
-518
-465
-407
-348
-295
-230
-164
-97
-28
28
90
155
221
287
337
396
455
503
564
612
655
697
726
756
783
798
811
823
827
835
839
827
829
830
816
801
790
777
764
748
727
707
688
668
641
625
602
574
551
519
490
454
423
395
359
333
304
272
242
214
181
150
119
85
55
23
-7
-42
-74
-106
-140
-168
-197
-222
-254
-281
-308
-342
-363
-388
-418
-439
-469
-504
-531
-557
-590
-621
-640
-666
-685
-692
-713
-724
-729
-747
-752
-758
-776
-788
-796
-790
-791
-796
-791
-783
-764
-743
-724
-694
-668
-642
-605
-564
-524
-484
-440
-380
-321
-264
-202
-138
-69
-10
53
107
169
232
281
343
386
434
485
529
576
607
635
660
687
710
722
727
731
736
738
743
740
739
738
723
717
710
698
692
673
654
633
607
581
556
538
514
497
476
455
442
421
397
376
344
318
292
264
239
213
187
165
142
121
97
75
52
22
-2
-23
-46
-77
-120
-156
-187
-216
-244
-275
-297
-324
-355
-386
-417
-442
-474
-510
-544
-573
-602
-631
-661
-685
-705
-733
-751
-774
-788
-805
-827
-836
-849
-858
-872
-882
-873
-865
-850
-834
-808
-772
-740
-701
-661
-619
-568
-520
-464
-403
-345
-276
-207
-134
-59
5
74
139
204
271
320
372
419
467
517
551
588
623
653
680
696
719
736
744
751
747
750
741
725
711
698
687
671
657
648
636
616
591
568
547
524
495
469
449
432
418
396
382
367
350
336
320
310
302
293
279
263
252
242
229
221
207
189
180
159
144
131
109
90
72
45
24
-1
-35
-61
-86
-119
-149
-183
-216
-250
-285
-322
-358
-400
-433
-469
-510
-546
-582
-627
-667
-696
-724
-752
-778
-811
-843
-871
-892
-909
-922
-933
-938
-939
-936
-923
-904
-895
-867
-827
-796
-751
-692
-637
-585
-520
-448
-378
-311
-238
-163
-90
-18
49
114
179
239
299
355
404
454
500
543
583
611
642
676
693
707
731
746
754
760
753
747
744
732
724
718
699
678
661
639
626
608
577
545
520
497
474
453
438
420
398
380
364
346
331
306
283
272
253
237
223
208
197
181
166
157
146
123
106
91
72
64
38
23
7
-21
-48
-83
-107
-134
-164
-188
-221
-244
-277
-316
-345
-382
-415
-447
-488
-519
-553
-594
-629
-664
-702
-738
-776
-808
-841
-869
-898
-927
-939
-964
-982
-985
-993
-984
-978
-963
-934
-901
-860
-820
-766
-707
-650
-589
-521
-453
-374
-301
-229
-143
-66
6
82
149
222
290
349
413
473
529
578
622
665
697
726
753
771
796
808
822
833
837
843
838
834
823
809
795
778
758
731
711
688
659
631
599
569
543
513
479
456
433
408
392
370
347
331
312
297
285
267
258
247
233
219
197
186
167
149
130
110
99
83
67
53
36
30
13
-12
-34
-59
-84
-115
-141
-168
-197
-223
-259
-297
-330
-363
-398
-436
-469
-511
-557
-597
-642
-685
-731
-783
-822
-862
-901
-941
-981
-1004
-1033
-1053
-1057
-1070
-1068
-1062
-1036
-1003
-981
-925
-868
-813
-752
-690
-609
-533
-458
-384
-309
-224
-143
-69
3
77
147
215
281
340
395
448
494
537
579
613
645
674
692
703
717
734
742
741
740
743
746
743
738
733
725
710
690
675
657
634
609
588
570
551
528
508
493
476
454
436
423
407
382
366
358
348
331
318
311
292
275
256
246
226
194
179
159
140
110
82
71
39
11
-10
-25
-49
-87
-108
-131
-163
-189
-214
-238
-271
-304
-337
-374
-410
-444
-483
-519
-564
-607
-647
-689
-730
-778
-825
-867
-906
-939
-976
-1010
-1035
-1058
-1076
-1086
-1080
-1065
-1054
-1030
-997
-957
-909
-851
-776
-708
-642
-565
-486
-405
-318
-231
-151
-79
-1
78
149
215
285
349
406
458
503
545
582
615
649
680
700
715
730
742
749
751
757
751
743
748
743
736
722
712
712
692
678
663
644
631
603
586
570
555
543
519
503
490
477
462
444
428
411
397
386
372
359
341
323
298
281
268
244
223
203
181
157
133
117
95
75
53
26
6
-19
-42
-54
-80
-102
-130
-157
-174
-203
-233
-268
-301
-326
-366
-403
-441
-482
-520
-567
-624
-672
-724
-767
-814
-868
-904
-953
-991
-1024
-1060
-1070
-1080
-1084
-1078
-1073
-1054
-1035
-1005
-967
-922
-865
-809
-750
-677
-606
-531
-456
-380
-292
-216
-131
-50
27
107
166
233
299
350
409
461
511
558
586
612
643
663
676
690
700
715
728
731
735
736
731
732
729
719
711
704
693
686
667
642
624
598
574
561
542
521
514
499
486
474
451
434
423
405
382
368
354
330
309
285
264
250
222
193
172
149
131
104
76
65
49
26
3
-28
-50
-65
-89
-105
-116
-138
-160
-181
-211
-238
-268
-295
-321
-354
-385
-414
-444
-476
-528
-582
-622
-671
-721
-764
-817
-869
-915
-966
-1001
-1036
-1072
-1090
-1105
-1114
-1120
-1117
-1100
-1072
-1040
-1000
-943
-884
-813
-738
-663
-576
-492
-403
-310
-226
-132
-50
36
114
179
250
309
369
427
473
521
558
602
643
674
703
721
739
764
780
793
807
814
819
816
811
803
798
792
775
762
749
731
715
696
677
656
639
618
597
580
556
534
511
485
462
438
417
396
373
350
325
303
283
260
237
217
199
185
167
144
124
104
79
54
28
4
-14
-39
-68
-89
-104
-119
-139
-161
-179
-193
-209
-227
-247
-267
-288
-320
-351
-384
-415
-448
-481
-520
-568
-615
-657
-702
-755
-812
-874
-931
-984
-1036
-1075
-1108
-1136
-1153
-1157
-1156
-1141
-1112
-1077
-1032
-967
-894
-819
-736
-646
-551
-455
-364
-268
-172
-90
-4
83
160
234
294
346
402
447
492
535
562
591
615
626
634
643
657
667
668
674
675
670
670
668
662
659
651
645
643
637
628
624
620
609
594
577
565
555
538
519
507
494
487
476
453
441
435
411
389
375
353
326
299
280
265
239
214
198
172
141
112
90
72
43
22
11
-12
-38
-60
-76
-97
-116
-131
-145
-163
-172
-191
-205
-222
-247
-254
-270
-290
-315
-338
-352
-389
-414
-442
-491
-543
-596
-646
-707
-777
-857
-932
-1003
-1078
-1147
-1218
-1273
-1314
-1342
-1344
-1338
-1308
-1255
-1196
-1108
-1016
-910
-786
-670
-540
-415
-289
-161
-53
60
170
266
347
418
491
553
597
634
661
678
697
696
687
676
666
658
636
624
614
599
598
594
601
600
590
589
590
596
589
581
582
570
565
559
550
554
551
542
543
539
526
515
501
491
476
454
434
415
397
385
368
352
339
320
299
283
268
244
216
197
181
160
137
118
110
105
89
80
78
77
69
55
58
54
45
39
33
32
25
14
5
-14
-31
-62
-101
-137
-177
-225
-276
-329
-389
-451
-508
-573
-649
-730
-815
-913
-1029
-1148
-1264
-1374
-1483
-1587
-1670
-1726
-1757
-1759
-1721
-1644
-1547
-1425
-1264
-1080
-900
-716
-523
-340
-178
-29
124
259
376
476
566
656
728
784
832
870
884
871
855
832
790
730
673
628
569
519
477
449
430
403
399
389
384
388
386
388
369
352
328
303
299
298
308
324
345
374
396
418
436
449
457
450
439
427
412
388
363
349
336
332
329
322
319
320
317
302
280
258
234
203
178
154
130
121
112
123
139
147
173
184
195
207
205
210
211
216
208
197
185
170
155
133
106
77
50
17
-27
-88
-153
-227
-302
-382
-481
-576
-686
-801
-922
-1063
-1211
-1373
-1533
-1690
-1841
-1973
-2089
-2167
-2207
-2207
-2164
-2076
-1943
-1760
-1544
-1311
-1059
-799
-539
-290
-60
150
336
503
652
783
904
999
1069
1131
1172
1187
1177
1138
1089
1015
910
799
679
554
446
352
273
209
151
121
121
123
129
155
175
191
205
219
235
257
271
298
353
394
440
495
557
619
661
706
727
736
735
705
680
647
598
563
531
496
475
460
442
442
428
408
399
356
320
290
256
233
205
192
193
196
209
243
284
318
349
369
384
398
403
398
379
362
337
301
267
236
208
181
147
98
48
-9
-85
-165
-269
-393
-528
-687
-845
-1019
-1208
-1410
-1631
-1848
-2069
-2274
-2445
-2583
-2684
-2741
-2724
-2674
-2571
-2374
-2131
-1851
-1540
-1212
-874
-544
-219
94
383
625
836
1027
1197
1334
1446
1531
1576
1584
1567
1520
1433
1310
1160
981
785
586
396
214
45
-105
-229
-326
-391
-425
-429
-410
-381
-344
-300
-243
-180
-114
-44
40
145
257
370
491
602
696
782
868
943
991
1021
1016
978
935
886
839
784
717
637
553
500
456
416
380
343
308
277
262
255
246
231
216
207
207
221
252
290
319
355
399
439
480
529
567
584
592
594
578
554
525
488
442
393
338
269
190
97
-15
-145
-290
-447
-625
-832
-1061
-1304
-1564
-1843
-2130
-2416
-2697
-2955
-3159
-3298
-3366
-3361
-3281
-3129
-2902
-2599
-2234
-1830
-1407
-981
-566
-165
215
569
880
1146
1371
1569
1737
1877
1978
2034
2039
1993
1901
1766
1585
1361
1100
808
509
225
-34
-266
-469
-632
-752
-837
-876
-866
-819
-757
-688
-601
-503
-390
-257
-105
60
232
407
588
779
963
1118
1245
1333
1374
1366
1331
1279
1208
1108
991
868
757
661
580
518
474
434
399
372
354
338
322
306
289
267
257
276
322
376
427
475
524
573
619
675
721
750
761
759
772
773
759
729
689
662
629
608
572
507
442
342
231
113
-47
-224
-438
-686
-958
-1256
-1554
-1855
-2172
-2509
-2867
-3193
-3455
-3658
-3769
-3799
-3761
-3630
-3417
-3101
-2665
-2181
-1693
-1207
-740
-270
196
624
995
1308
1554
1735
1889
2038
2142
2185
2165
2072
1948
1774
1541
1275
965
618
246
-105
-394
-649
-860
-1033
-1158
-1213
-1203
-1147
-1047
-914
-781
-638
-477
-298
-95
110
301
480
665
862
1065
1251
1398
1502
1555
1575
1561
1493
1371
1183
976
781
633
525
416
321
224
160
158
184
235
273
278
277
283
298
346
403
435
450
474
539
636
738
818
868
890
898
903
923
946
942
904
855
807
764
733
710
663
570
448
339
235
108
-51
-238
-465
-732
-1013
-1289
-1570
-1886
-2233
-2592
-2949
-3294
-3607
-3849
-4003
-4073
-4058
-3932
-3694
-3360
-2932
-2417
-1836
-1251
-688
-156
330
786
1190
1526
1783
1970
2102
2170
2211
2225
2175
2046
1860
1642
1371
1042
675
297
-87
-467
-820
-1080
-1245
-1366
-1418
-1386
-1278
-1121
-931
-671
-412
-190
2
180
384
580
758
927
1067
1196
1305
1401
1502
1579
1609
1565
1451
1283
1071
840
625
433
251
94
-19
-65
-43
32
138
256
393
537
663
751
816
866
896
898
881
870
869
869
861
851
860
876
862
833
823
824
804
772
763
770
748
710
678
653
628
571
488
406
306
168
-6
-229
-499
-835
-1224
-1619
-2001
-2392
-2815
-3277
-3712
-4057
-4306
-4433
-4398
-4234
-4004
-3706
-3269
-2669
-1974
-1280
-643
-78
425
873
1285
1649
1936
2123
2208
2227
2228
2237
2210
2067
1799
1472
1109
703
271
-170
-596
-1005
-1393
-1665
-1749
-1708
-1624
-1492
-1278
-978
-651
-332
-12
280
479
623
784
960
1116
1243
1328
1373
1406
1421
1409
1362
1281
1150
965
744
524
314
112
-72
-215
-305
-332
-295
-202
-68
80
225
375
545
726
883
993
1057
1090
1101
1099
1083
1049
978
886
795
703
639
606
562
513
488
494
546
624
704
785
856
889
892
883
861
794
648
460
289
111
-121
-399
-727
-1117
-1546
-1979
-2403
-2847
-3330
-3839
-4316
-4671
-4851
-4839
-4648
-4300
-3845
-3302
-2634
-1819
-958
-169
501
1028
1441
1800
2109
2332
2452
2466
2388
2268
2179
2114
1962
1653
1235
775
293
-205
-693
-1151
-1571
-1910
-2108
-2119
-1919
-1598
-1264
-916
-526
-115
290
663
979
1196
1290
1325
1409
1526
1598
1614
1566
1462
1347
1243
1124
953
706
390
60
-222
-431
-553
-616
-660
-638
-527
-346
-112
142
359
503
595
692
825
971
1091
1154
1150
1135
1160
1190
1176
1114
996
803
593
465
402
316
217
183
222
329
523
778
995
1121
1192
1225
1217
1182
1106
932
672
415
212
34
-177
-469
-850
-1305
-1803
-2308
-2801
-3334
-3967
-4631
-5152
-5427
-5447
-5199
-4716
-4114
-3441
-2615
-1603
-529
455
1234
1760
2107
2384
2611
2763
2825
2756
2559
2356
2246
2156
1959
1608
1086
428
-241
-828
-1372
-1917
-2399
-2736
-2892
-2785
-2358
-1753
-1169
-631
-65
497
981
1395
1720
1868
1848
1791
1796
1840
1859
1801
1661
1466
1251
1048
859
614
243
-206
-615
-912
-1074
-1097
-1032
-949
-830
-622
-312
50
398
656
796
886
1013
1178
1322
1394
1385
1328
1261
1192
1093
962
792
559
276
55
-44
-94
-134
-100
27
194
421
734
1038
1222
1298
1318
1285
1211
1126
1015
834
608
405
239
37
-258
-644
-1112
-1707
-2403
-3087
-3726
-4410
-5139
-5726
-5991
-5937
-5600
-4981
-4160
-3284
-2368
-1315
-156
904
1710
2263
2616
2834
3007
3161
3223
3125
2904
2646
2399
2163
1871
1401
716
-87
-891
-1631
-2256
-2733
-3077
-3276
-3258
-2945
-2332
-1523
-711
-27
565
1132
1636
2017
2295
2456
2441
2310
2244
2275
2255
2106
1873
1573
1179
732
330
-21
-403
-838
-1212
-1384
-1333
-1152
-908
-620
-300
3
258
513
810
1048
1091
992
945
1011
1075
1075
1063
1049
965
791
602
451
300
94
-178
-433
-547
-478
-322
-152
80
406
739
1012
1283
1581
1772
1767
1672
1607
1542
1404
1219
1047
876
647
355
32
-329
-807
-1467
-2245
-2997
-3680
-4364
-5070
-5696
-6139
-6358
-6292
-5865
-5092
-4148
-3223
-2306
-1224
40
1237
2174
2848
3276
3473
3588
3745
3841
3699
3318
2805
2275
1809
1346
713
-129
-1027
-1843
-2541
-3041
-3293
-3371
-3352
-3168
-2698
-1941
-1010
-88
656
1232
1765
2252
2615
2878
3053
3008
2747
2519
2422
2262
1912
1443
890
262
-332
-792
-1136
-1411
-1634
-1762
-1684
-1352
-908
-481
-48
387
710
933
1206
1513
1687
1705
1654
1579
1553
1611
1613
1391
1016
637
259
-134
-468
-725
-989
-1251
-1332
-1112
-701
-267
143
566
977
1311
1585
1849
2038
2040
1891
1726
1602
1508
1413
1252
981
652
307
-112
-657
-1313
-2085
-2986
-3885
-4615
-5194
-5756
-6293
-6661
-6743
-6451
-5757
-4776
-3712
-2714
-1730
-574
772
2033
2952
3521
3830
3953
4006
4052
3980
3629
3002
2273
1603
1045
500
-180
-1036
-1925
-2648
-3114
-3337
-3352
-3218
-2979
-2591
-1926
-978
66
988
1712
2287
2765
3135
3375
3486
3448
3191
2749
2307
1981
1644
1131
480
-164
-751
-1267
-1626
-1771
-1779
-1741
-1584
-1189
-574
134
792
1275
1570
1791
1995
2120
2138
2049
1793
1390
1058
941
876
684
394
100
-212
-518
-732
-881
-1040
-1190
-1255
-1179
-899
-419
87
487
867
1324
1750
2009
2157
2261
2254
2103
1918
1794
1678
1468
1145
798
503
209
-202
-734
-1309
-1920
-2604
-3289
-3881
-4388
-4873
-5370
-5840
-6158
-6195
-5979
-5529
-4739
-3683
-2684
-1796
-705
663
1927
2823
3410
3722
3735
3610
3519
3377
3004
2406
1684
985
453
46
-467
-1167
-1869
-2401
-2765
-2961
-2934
-2692
-2339
-1914
-1309
-410
667
1599
2190
2575
2905
3126
3179
3173
3101
2784
2230
1735
1448
1154
643
14
-569
-1130
-1662
-1967
-1913
-1681
-1457
-1145
-581
144
815
1370
1843
2156
2196
2072
1993
1974
1857
1609
1335
1110
985
973
924
664
252
-148
-514
-889
-1164
-1250
-1261
-1289
-1155
-675
-25
510
919
1322
1659
1838
1926
1998
1996
1875
1698
1531
1392
1265
1100
838
457
11
-448
-944
-1536
-2209
-2914
-3651
-4363
-4920
-5309
-5694
-6125
-6427
-6424
-6072
-5368
-4348
-3209
-2177
-1220
-93
1265
2541
3404
3794
3831
3686
3526
3392
3151
2670
1945
1125
454
25
-345
-890
-1605
-2307
-2814
-3032
-2987
-2755
-2355
-1819
-1199
-418
624
1745
2593
3061
3313
3444
3447
3361
3226
2941
2433
1837
1351
1003
645
133
-501
-1112
-1620
-2024
-2250
-2170
-1830
-1420
-941
-227
670
1496
2104
2508
2726
2760
2612
2317
1978
1641
1209
697
356
269
239
118
-50
-227
-436
-642
-784
-857
-868
-814
-712
-520
-132
405
879
1207
1493
1781
1994
2083
2085
2038
1936
1760
1557
1408
1291
1073
723
322
-49
-413
-838
-1372
-1953
-2532
-3164
-3835
-4365
-4700
-5090
-5671
-6189
-6371
-6251
-5873
-5100
-3970
-2859
-1945
-928
421
1822
2857
3403
3553
3428
3180
2949
2721
2371
1813
1100
422
-34
-304
-640
-1226
-1957
-2560
-2866
-2894
-2725
-2377
-1852
-1213
-471
497
1671
2694
3235
3414
3506
3488
3258
2970
2741
2367
1738
1166
901
727
340
-232
-801
-1317
-1767
-2007
-1888
-1502
-1091
-704
-164
588
1344
1893
2221
2360
2281
2032
1808
1710
1598
1323
949
695
659
719
682
447
55
-352
-641
-809
-915
-946
-911
-888
-775
-334
337
849
1087
1273
1490
1664
1801
1952
2021
1955
1850
1777
1680
1523
1296
917
361
-192
-598
-966
-1465
-2049
-2612
-3220
-3920
-4518
-4894
-5284
-5917
-6576
-6873
-6709
-6128
-5113
-3803
-2581
-1576
-467
961
2388
3347
3676
3541
3249
3038
2911
2732
2372
1749
960
310
-61
-378
-886
-1580
-2321
-2919
-3171
-3050
-2703
-2223
-1605
-845
70
1173
2324
3193
3594
3676
3637
3515
3315
3101
2835
2379
1760
1228
895
567
27
-658
-1306
-1860
-2275
-2377
-2078
-1573
-1093
-582
164
1111
2002
2635
2965
3030
2886
2595
2262
1979
1684
1250
686
200
-8
21
5
-243
-557
-698
-770
-892
-866
-568
-273
-172
-12
418
921
1226
1369
1498
1602
1624
1637
1736
1866
1880
1726
1488
1300
1172
975
591
81
-367
-702
-1069
-1538
-2021
-2515
-3158
-3883
-4437
-4793
-5232
-5917
-6588
-6834
-6509
-5738
-4647
-3386
-2210
-1194
-69
1291
2550
3301
3456
3198
2834
2596
2453
2224
1811
1204
469
-181
-581
-873
-1357
-2093
-2824
-3244
-3256
-2935
-2382
-1665
-857
-11
901
1932
2947
3616
3756
3591
3414
3211
2896
2605
2364
1943
1315
805
536
229
-343
-1055
-1675
-2121
-2408
-2445
-2092
-1423
-704
-10
817
1773
2569
3019
3187
3156
2908
2497
2071
1689
1288
830
386
79
-22
-51
-211
-501
-708
-736
-714
-711
-608
-355
-77
149
419
808
1201
1434
1494
1537
1653
1770
1802
1791
1805
1775
1595
1323
1104
898
514
-58
-556
-843
-1120
-1585
-2113
-2534
-2960
-3512
-4066
-4511
-5018
-5708
-6381
-6705
-6516
-5843
-4821
-3656
-2511
-1377
-122
1258
2510
3304
3489
3215
2823
2582
2468
2238
1735
1037
329
-232
-610
-943
-1430
-2107
-2782
-3204
-3238
-2916
-2358
-1667
-900
-57
898
1983
3027
3699
3863
3746
3586
3380
3099
2823
2509
1988
1327
823
541
190
-433
-1180
-1823
-2259
-2426
-2223
-1666
-938
-247
401
1135
1961
2687
3116
3190
2969
2580
2154
1774
1474
1194
772
196
-268
-391
-305
-312
-508
-737
-821
-704
-423
-55
306
551
665
777
1050
1435
1674
1598
1375
1299
1417
1552
1634
1722
1743
1528
1158
897
762
504
19
-508
-912
-1193
-1437
-1731
-2138
-2702
-3419
-4177
-4826
-5391
-6052
-6782
-7195
-6918
-5964
-4675
-3381
-2177
-984
267
1540
2675
3415
3581
3260
2806
2549
2500
2380
1960
1267
504
-183
-786
-1367
-2001
-2725
-3455
-3919
-3896
-3394
-2578
-1630
-680
257
1282
2380
3317
3885
4094
4010
3677
3286
3070
2944
2586
1961
1323
795
274
-307
-899
-1498
-2115
-2586
-2651
-2291
-1703
-956
-40
875
1610
2230
2809
3206
3287
3069
2649
2144
1670
1290
987
628
110
-388
-600
-628
-747
-940
-1024
-1010
-927
-622
-91
381
643
852
1115
1367
1592
1826
1931
1811
1659
1659
1696
1665
1687
1737
1544
1091
720
566
378
-24
-493
-861
-1184
-1573
-1966
-2288
-2689
-3358
-4207
-4982
-5641
-6285
-6841
-6979
-6436
-5351
-4116
-2948
-1750
-426
893
2037
2909
3385
3342
2961
2621
2467
2341
2057
1523
807
136
-363
-868
-1561
-2343
-3035
-3581
-3862
-3653
-2967
-2116
-1287
-364
748
1908
2893
3590
3984
4072
3881
3549
3268
3052
2707
2147
1537
1026
535
-51
-678
-1255
-1808
-2303
-2523
-2291
-1706
-1004
-292
457
1254
2057
2782
3299
3444
3161
2624
2127
1799
1525
1147
601
-56
-600
-793
-709
-646
-720
-834
-909
-873
-589
-98
323
527
645
825
1078
1401
1744
1922
1829
1627
1550
1613
1702
1736
1646
1382
1012
701
530
431
241
-158
-633
-941
-1092
-1341
-1810
-2417
-3124
-3937
-4770
-5525
-6208
-6821
-7142
-6834
-5829
-4493
-3263
-2179
-1004
331
1628
2670
3329
3486
3193
2774
2547
2484
2317
1890
1227
434
-316
-921
-1503
-2221
-2983
-3562
-3859
-3816
-3326
-2456
-1509
-669
230
1361
2525
3371
3833
4058
4062
3790
3423
3187
2948
2403
1620
941
419
-187
-901
-1524
-2043
-2563
-2907
-2762
-2144
-1319
-403
604
1559
2316
2952
3547
3937
3924
3551
2993
2371
1783
1308
864
278
-415
-960
-1220
-1284
-1270
-1208
-1132
-1057
-902
-572
-74
439
803
982
1129
1400
1755
2026
2128
2090
1938
1699
1512
1513
1593
1466
1065
619
324
153
-36
-356
-823
-1331
-1761
-2099
-2392
-2706
-3189
-3977
-4964
-5849
-6430
-6697
-6569
-5897
-4821
-3740
-2766
-1622
-209
1192
2311
3036
3292
3168
2969
2857
2708
2398
1887
1144
289
-383
-816
-1313
-2079
-2895
-3488
-3803
-3790
-3395
-2685
-1834
-1014
-124
1048
2346
3379
3937
4116
4113
3968
3719
3459
3095
2498
1736
993
431
-38
-614
-1259
-1827
-2283
-2516
-2325
-1725
-1016
-405
232
1042
1899
2667
3326
3763
3801
3478
3104
2880
2581
1985
1221
386
-482
-1150
-1406
-1366
-1336
-1418
-1438
-1251
-879
-418
44
431
674
777
886
1140
1477
1684
1694
1674
1746
1801
1788
1781
1689
1335
815
405
192
31
-138
-297
-555
-901
-1169
-1373
-1666
-2107
-2649
-3263
-3965
-4691
-5322
-5912
-6412
-6444
-5720
-4498
-3339
-2419
-1519
-508
625
1806
2769
3258
3235
2923
2676
2650
2612
2210
1406
493
-344
-1088
-1678
-2154
-2720
-3346
-3720
-3689
-3334
-2694
-1862
-1076
-384
481
1643
2786
3544
3947
4190
4173
3793
3386
3154
2687
1729
754
130
-413
-1098
-1697
-2050
-2330
-2568
-2416
-1670
-714
-26
494
1177
1968
2641
3208
3676
3853
3677
3320
2958
2620
2202
1554
673
-174
-730
-1010
-1142
-1170
-1152
-1150
-1107
-914
-568
-142
243
433
485
642
952
1239
1483
1760
1952
1936
1851
1854
1832
1610
1226
834
480
169
-11
-90
-330
-849
-1399
-1761
-2071
-2525
-3058
-3609
-4331
-5271
-6120
-6565
-6601
-6235
-5322
-4008
-2808
-1908
-958
241
1447
2405
3015
3222
3119
2962
2897
2862
2653
2054
1092
79
-740
-1365
-1913
-2518
-3186
-3680
-3794
-3576
-3090
-2339
-1478
-716
-6
903
2043
3061
3633
3869
4024
4036
3774
3447
3171
2594
1505
344
-415
-915
-1511
-2130
-2505
-2675
-2739
-2449
-1584
-467
404
1018
1671
2360
2881
3295
3742
4006
3824
3370
2975
2677
2312
1736
892
-78
-892
-1388
-1559
-1461
-1272
-1173
-1116
-920
-526
-24
430
700
791
838
972
1239
1582
1877
2031
2012
1857
1703
1673
1640
1371
883
358
-80
-344
-390
-379
-564
-988
-1466
-1834
-2149
-2561
-3085
-3669
-4395
-5267
-6031
-6452
-6490
-6036
-5006
-3705
-2612
-1801
-961
123
1304
2256
2782
2922
2856
2759
2722
2709
2505
1874
873
-178
-1000
-1534
-1920
-2410
-3042
-3488
-3513
-3244
-2758
-1986
-1130
-495
49
906
2086
3131
3662
3795
3846
3798
3521
3204
2947
2396
1366
259
-537
-1084
-1567
-1997
-2261
-2332
-2316
-2156
-1635
-818
5
822
1755
2614
3178
3513
3716
3767
3703
3541
3229
2778
2235
1566
742
-130
-871
-1356
-1575
-1597
-1440
-1138
-830
-582
-294
112
555
876
1000
1015
1079
1224
1391
1612
1905
2076
1940
1644
1449
1334
1118
773
414
88
-175
-302
-345
-497
-850
-1310
-1780
-2225
-2602
-2972
-3548
-4411
-5362
-6173
-6735
-6852
-6269
-5072
-3760
-2749
-1940
-968
238
1431
2404
3056
3257
3072
2891
2971
3075
2812
2082
1046
-28
-883
-1456
-1958
-2543
-3086
-3441
-3561
-3344
-2719
-1892
-1181
-628
38
1039
2216
3176
3749
4012
3988
3699
3387
3174
2773
1916
817
-119
-796
-1377
-1893
-2240
-2485
-2727
-2752
-2224
-1235
-149
834
1677
2293
2681
3029
3473
3902
4035
3732
3158
2606
2215
1895
1423
633
-294
-930
-1082
-932
-683
-439
-314
-360
-382
-156
246
563
675
680
701
796
1024
1405
1764
1847
1664
1499
1491
1492
1382
1167
769
194
-203
-161
-4
-205
-728
-1250
-1710
-2219
-2730
-3196
-3880
-5004
-6276
-7130
-7356
-7044
-6178
-4819
-3423
-2435
-1737
-833
482
1845
2714
2960
2884
2808
2868
3038
3103
2712
1738
484
-560
-1160
-1518
-1972
-2586
-3147
-3436
-3341
-2853
-2100
-1334
-747
-284
313
1216
2264
3077
3440
3460
3349
3222
3123
2956
2448
1486
387
-447
-1014
-1526
-1983
-2294
-2510
-2604
-2263
-1328
-181
664
1161
1584
2013
2403
2862
3370
3619
3419
2960
2554
2382
2328
1994
1190
245
-456
-817
-815
-494
-147
-55
-107
11
383
759
886
828
732
592
475
570
798
907
937
1034
1133
1207
1333
1411
1243
896
578
368
288
315
332
196
-95
-421
-745
-1156
-1697
-2341
-3161
-4200
-5243
-6097
-6818
-7311
-7121
-6042
-4538
-3245
-2340
-1553
-598
497
1528
2344
2841
2914
2719
2644
2800
2803
2206
1034
-234
-1159
-1725
-2130
-2466
-2763
-3013
-3062
-2741
-2082
-1284
-602
-157
287
1077
2100
2905
3344
3597
3662
3404
2953
2572
2162
1387
294
-653
-1182
-1524
-1950
-2314
-2365
-2163
-1790
-1015
193
1282
1847
2143
2512
2872
3061
3066
2898
2579
2199
1865
1652
1529
1316
842
204
-307
-492
-380
-115
225
581
862
1020
1083
1083
1003
845
628
397
224
139
98
93
169
328
511
713
910
995
939
883
879
790
644
627
664
486
98
-257
-556
-971
-1560
-2255
-3051
-4044
-5226
-6357
-7130
-7350
-6900
-5730
-4122
-2726
-1882
-1204
-212
980
1956
2530
2667
2439
2163
2133
2198
1972
1260
184
-899
-1617
-1929
-2089
-2318
-2580
-2663
-2431
-1948
-1336
-674
-123
212
592
1341
2263
2851
2941
2767
2537
2259
1961
1708
1375
718
-139
-739
-965
-1148
-1444
-1690
-1778
-1673
-1278
-538
482
1555
2335
2710
2868
2875
2657
2399
2287
2143
1750
1254
947
920
980
856
523
204
36
100
471
1008
1421
1623
1685
1630
1508
1381
1198
909
591
300
58
-54
-18
20
-39
-104
-30
190
455
656
748
733
657
628
701
718
459
-39
-504
-838
-1204
-1707
-2371
-3348
-4702
-6097
-7024
-7225
-6706
-5650
-4388
-3275
-2445
-1676
-656
602
1701
2251
2201
1890
1802
2046
2182
1817
1033
75
-847
-1435
-1597
-1648
-1852
-2090
-2128
-1875
-1391
-855
-409
-36
351
840
1491
2201
2681
2752
2476
2019
1577
1283
1087
793
291
-276
-682
-922
-1182
-1475
-1593
-1387
-858
-35
941
1720
2067
2162
2349
2648
2745
2408
1776
1180
814
604
419
270
227
246
257
352
630
964
1137
1167
1281
1548
1786
1835
1723
1551
1370
1179
976
756
511
197
-202
-543
-623
-481
-334
-228
-15
333
653
810
811
767
775
841
891
844
649
304
-160
-691
-1216
-1787
-2659
-3917
-5210
-6210
-6897
-7129
-6586
-5376
-4076
-3103
-2407
-1652
-589
628
1604
2090
2079
1789
1611
1694
1703
1272
466
-413
-1094
-1409
-1424
-1412
-1547
-1728
-1738
-1472
-1042
-602
-203
158
520
1065
1879
2632
2933
2777
2407
1965
1531
1200
941
562
-1
-516
-759
-867
-1112
-1447
-1644
-1624
-1300
-455
831
1995
2567
2671
2719
2834
2821
2541
2076
1522
917
369
45
-55
-132
-312
-501
-502
-200
380
1026
1486
1749
1969
2135
2139
2025
1882
1673
1374
1104
964
890
683
271
-186
-533
-752
-780
-539
-202
37
227
422
552
656
782
790
577
286
84
-37
-246
-718
-1457
-2430
-3677
-5054
-6160
-6749
-6755
-6045
-4773
-3597
-2950
-2514
-1760
-599
595
1409
1769
1858
1808
1714
1653
1422
678
-497
-1559
-2029
-1892
-1555
-1403
-1361
-1180
-904
-666
-364
55
409
644
1013
1745
2647
3201
3128
2667
2095
1442
835
515
363
41
-441
-774
-865
-947
-1226
-1550
-1576
-1234
-651
197
1311
2318
2786
2738
2532
2384
2252
2038
1768
1493
1089
504
-19
-310
-516
-839
-1138
-1022
-389
504
1336
1844
2068
2184
2151
1988
1859
1764
1618
1455
1363
1361
1275
978
530
38
-395
-649
-648
-403
-90
93
130
83
23
81
248
284
67
-195
-245
-167
-223
-509
-1128
-2222
-3591
-4855
-5774
-6154
-5882
-5017
-3873
-3091
-2963
-2848
-2125
-1043
-77
639
1113
1319
1370
1462
1470
1051
146
-983
-1833
-1955
-1567
-1252
-1173
-1160
-1087
-928
-696
-400
19
495
854
1277
2067
2882
3157
2913
2480
1980
1384
861
633
519
228
-174
-450
-596
-949
-1558
-1889
-1635
-927
110
1291
2235
2552
2254
1939
2087
2420
2388
1965
1584
1362
1023
511
-29
-589
-1117
-1389
-1230
-637
183
877
1267
1553
1870
1991
1772
1499
1494
1673
1773
1789
1843
1770
1363
841
537
353
40
-256
-261
-49
115
172
168
48
-168
-275
-156
-5
-59
-259
-443
-655
-971
-1386
-1950
-2822
-3999
-5078
-5611
-5419
-4580
-3560
-2929
-2842
-2942
-2532
-1471
-394
366
787
883
935
1033
1014
708
-106
-1200
-2007
-2187
-1817
-1402
-1284
-1321
-1237
-835
-385
-175
124
609
1019
1497
2201
2885
3197
3010
2617
2288
1856
1285
874
717
531
56
-480
-738
-1040
-1649
-2024
-1747
-975
-23
857
1649
2194
2187
1926
1937
2175
2278
2073
1771
1639
1535
1160
488
-233
-817
-1242
-1396
-1112
-470
212
687
1010
1297
1469
1425
1213
1101
1320
1697
1913
1952
1848
1593
1260
936
699
606
546
414
288
240
206
136
-15
-247
-385
-358
-360
-467
-534
-580
-764
-1083
-1486
-1987
-2628
-3407
-4178
-4622
-4591
-4116
-3274
-2488
-2287
-2499
-2500
-2012
-1153
-276
267
472
546
596
616
387
-355
-1362
-2069
-2233
-2031
-1732
-1509
-1454
-1410
-1081
-592
-217
142
587
1091
1674
2288
2864
3203
3015
2480
2095
1910
1598
1188
1005
880
397
-224
-605
-890
-1324
-1773
-1770
-977
235
1222
1832
2124
2045
1845
1901
2178
2342
2140
1673
1379
1463
1465
865
-129
-893
-1156
-1068
-772
-295
227
549
663
854
1165
1272
1099
1019
1273
1702
1985
1973
1703
1301
972
794
698
688
723
686
559
386
260
183
-17
-284
-369
-322
-377
-589
-826
-983
-1197
-1681
-2328
-2913
-3491
-4149
-4665
-4699
-4138
-3191
-2305
-1920
-2047
-2199
-1946
-1283
-480
101
275
294
460
649
527
-54
-1003
-1980
-2476
-2328
-1901
-1602
-1592
-1695
-1570
-1204
-822
-444
53
711
1469
2268
3019
3466
3394
2927
2463
2253
2100
1800
1553
1409
1110
566
-44
-546
-980
-1357
-1424
-991
-159
754
1361
1557
1527
1492
1626
1901
2100
2106
1923
1609
1327
1148
883
329
-341
-728
-736
-638
-574
-434
-181
129
418
621
718
675
595
704
1043
1464
1737
1646
1285
1052
1105
1166
1028
910
1016
1129
963
643
457
366
172
-10
9
36
-220
-639
-885
-1016
-1414
-2152
-2935
-3546
-4030
-4510
-4797
-4488
-3595
-2597
-1930
-1721
-1736
-1536
-978
-284
257
489
508
507
533
471
70
-770
-1719
-2358
-2492
-2232
-2013
-2143
-2396
-2350
-1931
-1456
-1093
-621
73
801
1498
2269
2999
3331
3165
2888
2776
2626
2286
1973
1798
1536
956
209
-402
-840
-1096
-963
-467
73
499
856
1145
1341
1549
1862
2106
2088
1971
1991
2055
1905
1510
1002
475
33
-141
-114
-185
-439
-659
-600
-276
19
127
194
308
422
540
772
1127
1373
1357
1234
1197
1222
1173
1080
1106
1216
1242
1110
792
425
230
183
86
-80
-196
-348
-733
-1184
-1433
-1715
-2479
-3607
-4518
-4954
-5097
-4866
-3945
-2697
-2058
-2180
-2179
-1509
-590
82
496
716
726
671
711
666
206
-645
-1462
-1860
-1877
-1895
-2205
-2668
-2884
-2695
-2316
-1977
-1627
-1124
-454
326
1202
2100
2764
2954
2832
2841
3058
3048
2662
2322
2224
1998
1471
903
329
-485
-1298
-1441
-777
87
672
1050
1307
1327
1287
1557
2043
2301
2309
2404
2643
2697
2290
1497
704
280
217
211
68
-239
-630
-896
-842
-626
-609
-762
-649
-126
432
731
864
883
752
676
867
1099
1065
938
1007
1167
1166
982
736
543
478
476
340
43
-225
-370
-522
-768
-1061
-1421
-1961
-2608
-3203
-3771
-4314
-4448
-3853
-2961
-2563
-2748
-2816
-2281
-1380
-556
14
300
354
395
610
804
527
-271
-1041
-1313
-1255
-1271
-1480
-1877
-2418
-2780
-2679
-2345
-2151
-1993
-1517
-699
205
1015
1664
2056
2163
2221
2492
2822
2918
2850
2843
2782
2448
1903
1269
553
-130
-496
-437
-155
153
503
884
1062
957
907
1199
1651
2010
2336
2670
2787
2579
2216
1783
1210
631
351
363
343
183
16
-211
-634
-1057
-1230
-1218
-1118
-838
-419
-38
260
441
380
224
303
584
765
853
1080
1351
1316
984
724
652
569
468
502
529
311
-47
-330
-591
-929
-1311
-1748
-2261
-2748
-3157
-3565
-3826
-3578
-2913
-2449
-2511
-2716
-2553
-1915
-1039
-301
5
-72
-127
146
562
614
112
-562
-940
-969
-903
-992
-1375
-1941
-2326
-2331
-2202
-2205
-2189
-1875
-1302
-659
34
736
1199
1361
1572
2022
2363
2336
2284
2543
2794
2597
2089
1597
1086
548
341
587
812
681
525
691
953
991
915
946
1109
1423
1958
2514
2734
2569
2320
2159
1957
1647
1367
1193
1046
883
712
426
-62
-591
-900
-937
-852
-782
-713
-562
-340
-175
-163
-226
-233
-99
175
470
612
579
508
440
326
278
380
396
178
24
100
36
-403
-866
-1090
-1383
-1975
-2503
-2633
-2647
-2791
-2712
-2205
-1850
-2092
-2415
-2207
-1706
-1378
-1181
-953
-819
-795
-603
-197
28
-149
-438
-515
-437
-396
-469
-681
-976
-1174
-1209
-1263
-1423
-1516
-1444
-1318
-1117
-692
-201
29
65
276
682
990
1149
1379
1703
1915
1957
1936
1856
1618
1316
1212
1362
1477
1359
1213
1303
1467
1359
1018
766
691
668
745
1051
1422
1577
1567
1618
1697
1592
1306
1047
914
858
849
864
776
453
-12
-347
-427
-428
-510
-573
-473
-332
-286
-215
-117
-144
-195
-28
279
419
356
400
618
711
614
523
460
356
328
435
457
265
91
45
-163
-633
-1051
-1285
-1460
-1525
-1386
-1226
-1334
-1611
-1738
-1786
-1929
-1988
-1891
-1892
-2049
-2088
-1930
-1815
-1815
-1708
-1496
-1418
-1446
-1340
-1136
-1100
-1231
-1283
-1219
-1213
-1250
-1187
-1089
-1096
-1081
-877
-641
-579
-557
-379
-132
70
320
695
1046
1240
1365
1515
1612
1584
1545
1613
1758
1931
2136
2315
2360
2307
2269
2226
2067
1849
1761
1819
1895
1970
2087
2160
2072
1902
1803
1746
1595
1397
1300
1272
1164
995
838
594
269
108
152
126
-35
-83
25
59
-14
-42
-54
-173
-282
-228
-181
-344
-499
-397
-266
-406
-675
-856
-1015
-1164
-1113
-935
-969
-1240
-1470
-1646
-1939
-2211
-2249
-2205
-2265
-2279
-2127
-1965
-1874
-1721
-1587
-1740
-2066
-2120
-1833
-1601
-1543
-1400
-1225
-1292
-1365
-1034
-633
-731
-1052
-986
-715
-696
-707
-484
-445
-757
-785
-266
107
-40
-158
66
271
337
575
900
930
833
1083
1538
1736
1743
1888
2065
2074
2063
2120
2058
1920
1998
2251
2317
2148
1990
1884
1696
1511
1490
1515
1394
1294
1464
1731
1740
1515
1318
1226
1200
1262
1330
1182
812
516
456
405
149
-162
-294
-311
-366
-416
-423
-505
-683
-767
-688
-592
-595
-636
-610
-537
-507
-531
-561
-625
-776
-953
-1073
-1165
-1298
-1426
-1513
-1614
-1754
-1854
-1873
-1864
-1859
-1853
-1839
-1755
-1523
-1219
-1032
-1022
-1095
-1174
-1215
-1126
-893
-685
-645
-663
-585
-500
-568
-716
-812
-871
-887
-745
-494
-407
-563
-718
-704
-611
-542
-441
-254
-46
152
399
660
800
826
881
1004
1160
1373
1612
1737
1756
1868
2116
2275
2209
2039
1890
1769
1725
1834
1974
1924
1676
1450
1380
1382
1353
1295
1257
1284
1381
1499
1545
1486
1360
1221
1105
1045
997
885
718
585
483
310
40
-239
-451
-598
-716
-804
-838
-834
-870
-988
-1088
-1073
-1023
-1052
-1081
-980
-876
-958
-1123
-1193
-1279
-1551
-1871
-2046
-2161
-2307
-2339
-2213
-2157
-2257
-2301
-2167
-1995
-1848
-1652
-1444
-1299
-1128
-862
-646
-596
-595
-533
-480
-455
-339
-159
-124
-266
-362
-334
-348
-435
-439
-368
-374
-399
-254
-40
-15
-110
-42
180
323
407
639
955
1124
1189
1331
1478
1477
1446
1586
1815
1965
2053
2177
2291
2315
2258
2152
2011
1927
1984
2060
1967
1781
1680
1581
1334
1087
1035
1050
939
830
911
1031
968
838
857
893
743
603
719
863
747
538
457
334
25
-275
-441
-644
-893
-983
-976
-1121
-1353
-1443
-1480
-1642
-1759
-1656
-1551
-1612
-1605
-1420
-1366
-1595
-1836
-1945
-2082
-2234
-2185
-2021
-2022
-2147
-2165
-2110
-2087
-1965
-1720
-1595
-1613
-1446
-1033
-698
-520
-289
-79
-127
-232
-39
256
246
83
144
316
294
182
168
114
-90
-187
3
250
300
276
367
501
561
647
823
937
935
1009
1239
1438
1511
1571
1646
1623
1541
1611
1824
1930
1871
1867
1955
1924
1767
1690
1667
1550
1427
1423
1418
1294
1124
975
799
626
543
527
475
383
341
359
335
284
314
412
463
468
491
475
353
206
103
-62
-340
-568
-648
-749
-985
-1201
-1281
-1382
-1607
-1786
-1801
-1811
-1891
-1853
-1666
-1606
-1755
-1838
-1751
-1749
-1884
-1888
-1731
-1704
-1832
-1838
-1716
-1704
-1759
-1682
-1579
-1625
-1671
-1530
-1328
-1173
-930
-595
-381
-263
-7
306
381
272
289
441
545
621
718
650
374
193
259
353
310
263
293
332
397
577
780
822
768
863
1115
1312
1429
1587
1714
1704
1695
1819
1896
1778
1643
1667
1733
1704
1675
1713
1680
1519
1402
1413
1419
1367
1387
1478
1453
1279
1138
1088
995
855
789
737
561
346
282
336
362
337
316
283
200
109
56
7
-102
-228
-320
-444
-648
-805
-851
-967
-1257
-1548
-1691
-1794
-1925
-1967
-1938
-2058
-2325
-2484
-2468
-2447
-2437
-2312
-2147
-2121
-2157
-2055
-1884
-1829
-1828
-1741
-1669
-1698
-1636
-1407
-1256
-1238
-1147
-997
-927
-821
-505
-142
19
103
315
537
638
700
808
880
821
781
913
1006
896
796
834
843
766
769
877
919
902
1026
1280
1444
1482
1558
1686
1739
1753
1832
1878
1781
1641
1537
1418
1313
1271
1236
1132
1015
973
963
918
887
918
994
1034
1013
1026
1052
968
880
914
912
744
525
390
303
150
-43
-159
-208
-308
-418
-404
-381
-517
-655
-613
-550
-610
-623
-521
-541
-761
-938
-992
-1129
-1379
-1535
-1613
-1827
-2118
-2233
-2245
-2391
-2566
-2505
-2328
-2291
-2287
-2104
-1869
-1771
-1666
-1423
-1251
-1274
-1243
-1002
-779
-725
-674
-572
-569
-597
-441
-229
-245
-351
-211
70
217
343
578
678
573
649
1000
1202
1110
1062
1169
1191
1133
1225
1371
1283
1076
1085
1260
1321
1303
1388
1480
1451
1487
1704
1830
1697
1585
1644
1605
1388
1291
1321
1208
1008
990
1046
932
753
729
789
746
623
618
745
823
813
836
854
753
642
659
664
507
292
147
15
-147
-282
-374
-489
-619
-675
-680
-748
-853
-861
-784
-780
-878
-943
-958
-1036
-1170
-1246
-1321
-1538
-1816
-1977
-2060
-2195
-2335
-2378
-2379
-2434
-2484
-2426
-2283
-2133
-1978
-1794
-1611
-1461
-1312
-1159
-1032
-906
-776
-709
-687
-580
-392
-319
-401
-449
-384
-309
-234
-50
185
303
345
504
764
927
968
1053
1237
1393
1474
1561
1685
1759
1731
1691
1730
1758
1674
1578
1603
1679
1695
1698
1740
1745
1682
1616
1585
1558
1512
1440
1322
1179
1078
1032
978
881
773
670
551
454
445
466
406
312
314
396
412
356
353
407
396
306
234
161
-5
-203
-295
-337
-472
-665
-781
-841
-943
-1037
-1070
-1143
-1279
-1328
-1257
-1243
-1338
-1397
-1408
-1503
-1667
-1774
-1843
-1955
-2032
-1974
-1900
-1999
-2159
-2159
-2057
-2019
-1950
-1737
-1559
-1516
-1395
-1104
-892
-842
-744
-558
-456
-384
-174
24
-11
-119
-45
94
120
142
250
316
305
416
677
848
865
949
1159
1303
1348
1482
1677
1744
1771
1915
2058
2042
1911
1843
1862
1855
1843
1886
1859
1709
1579
1563
1563
1487
1392
1337
1279
1224
1202
1154
1027
878
791
760
703
591
486
409
305
185
130
90
-36
-150
-131
-68
-84
-129
-136
-161
-246
-346
-432
-519
-612
-676
-717
-798
-916
-990
-1022
-1106
-1257
-1391
-1461
-1497
-1506
-1486
-1506
-1618
-1772
-1871
-1889
-1915
-1953
-1895
-1810
-1814
-1828
-1803
-1794
-1792
-1737
-1634
-1542
-1468
-1337
-1150
-974
-830
-721
-633
-554
-462
-298
-124
-95
-133
-55
73
148
200
247
273
283
338
476
597
632
684
829
1001
1117
1208
1339
1463
1557
1690
1842
1905
1891
1896
1928
1937
1929
1921
1880
1796
1729
1693
1622
1494
1401
1374
1323
1231
1194
1198
1151
1075
1041
1002
878
734
693
700
642
545
441
322
192
76
8
-40
-152
-273
-298
-293
-358
-471
-546
-583
-661
-760
-795
-807
-861
-900
-910
-970
-1116
-1262
-1300
-1320
-1429
-1498
-1508
-1615
-1788
-1876
-1890
-1936
-1993
-1943
-1845
-1845
-1850
-1717
-1569
-1540
-1531
-1433
-1340
-1332
-1265
-1049
-862
-787
-691
-573
-522
-492
-395
-273
-243
-273
-207
-57
45
104
179
222
195
219
379
564
661
731
866
1034
1150
1245
1387
1531
1620
1717
1874
1991
2001
2009
2076
2106
2042
1959
1895
1808
1716
1684
1664
1559
1396
1264
1192
1140
1101
1080
1064
1063
1096
1133
1113
1018
897
787
710
663
614
512
362
223
122
22
-134
-322
-485
-598
-693
-780
-828
-866
-951
-1056
-1094
-1091
-1143
-1225
-1239
-1221
-1267
-1341
-1363
-1389
-1488
-1605
-1691
-1808
-1953
-2020
-1981
-1947
-1963
-1960
-1931
-1929
-1902
-1772
-1600
-1500
-1423
-1270
-1119
-1062
-1011
-869
-738
-692
-632
-499
-391
-344
-262
-170
-189
-281
-273
-153
-62
-31
30
128
213
306
434
521
530
561
709
907
1059
1182
1319
1449
1550
1665
1786
1856
1882
1945
2046
2103
2110
2122
2107
1990
1824
1717
1647
1539
1442
1417
1378
1241
1101
1053
1029
967
958
1045
1110
1088
1079
1123
1097
950
799
719
636
513
424
362
226
2
-196
-342
-530
-758
-902
-959
-1033
-1117
-1128
-1116
-1175
-1246
-1255
-1295
-1419
-1493
-1436
-1387
-1435
-1505
-1581
-1753
-1971
-2088
-2105
-2142
-2184
-2132
-2027
-1989
-1977
-1883
-1752
-1669
-1565
-1363
-1153
-1018
-878
-687
-543
-499
-460
-385
-332
-291
-201
-110
-115
-168
-153
-84
-53
-47
-12
31
74
185
372
522
590
657
782
915
1008
1097
1216
1354
1499
1674
1828
1867
1823
1828
1904
1968
1990
2002
1992
1934
1853
1791
1731
1617
1444
1294
1233
1225
1203
1157
1095
1015
938
895
876
851
818
804
829
860
846
757
621
483
368
279
185
54
-103
-258
-406
-565
-742
-911
-1070
-1206
-1256
-1252
-1278
-1322
-1360
-1416
-1495
-1574
-1598
-1576
-1597
-1640
-1670
-1751
-1889
-1993
-2042
-2106
-2192
-2208
-2149
-2095
-2047
-1939
-1800
-1704
-1626
-1488
-1310
-1163
-1007
-803
-598
-456
-346
-234
-153
-111
-58
13
38
16
38
125
191
196
216
262
289
329
446
571
640
731
909
1079
1159
1224
1338
1440
1502
1584
1707
1802
1839
1883
1938
1936
1885
1848
1836
1808
1739
1712
1719
1646
1538
1462
1362
1245
1140
1102
1124
1087
1037
1053
1025
930
863
833
793
707
652
671
652
563
493
419
267
79
-61
-176
-324
-480
-584
-667
-802
-955
-1065
-1158
-1274
-1358
-1378
-1409
-1484
-1517
-1482
-1508
-1614
-1680
-1717
-1818
-1944
-1982
-1947
-1953
-1999
-1991
-1976
-2029
-2035
-1917
-1790
-1722
-1632
-1490
-1372
-1296
-1156
-942
-795
-714
-571
-396
-283
-198
-79
21
24
21
100
173
183
194
230
264
295
366
489
571
594
649
755
865
980
1117
1249
1339
1425
1565
1687
1707
1702
1753
1808
1827
1842
1862
1825
1698
1584
1568
1546
1442
1338
1282
1209
1120
1089
1089
1020
905
851
853
822
766
755
762
699
603
563
529
423
321
308
290
163
10
-88
-192
-348
-471
-532
-627
-782
-878
-880
-932
-1077
-1197
-1257
-1354
-1475
-1514
-1503
-1558
-1651
-1697
-1747
-1870
-1969
-1952
-1910
-1921
-1915
-1840
-1781
-1768
-1708
-1589
-1509
-1485
-1423
-1312
-1222
-1133
-983
-823
-753
-712
-598
-466
-386
-306
-176
-72
-28
56
193
271
292
352
433
456
468
577
707
739
775
902
1011
1046
1091
1199
1293
1314
1380
1544
1654
1672
1714
1779
1785
1752
1757
1772
1719
1626
1586
1568
1492
1393
1320
1230
1106
1023
1013
1009
965
908
866
823
775
765
778
733
621
547
545
513
416
340
289
173
11
-84
-118
-219
-379
-474
-543
-680
-810
-839
-861
-988
-1116
-1119
-1142
-1292
-1398
-1403
-1477
-1633
-1712
-1726
-1828
-1992
-2035
-1968
-1982
-2048
-1991
-1877
-1851
-1818
-1655
-1503
-1489
-1467
-1301
-1142
-1105
-1038
-872
-768
-749
-658
-509
-464
-476
-386
-248
-210
-208
-119
3
59
103
218
337
397
483
637
750
779
843
991
1118
1182
1260
1367
1440
1494
1581
1656
1654
1625
1661
1725
1722
1677
1661
1640
1551
1459
1437
1411
1302
1181
1114
1057
973
913
926
925
835
776
809
806
733
691
682
627
553
541
541
444
325
283
235
108
-18
-98
-197
-333
-437
-498
-592
-738
-844
-896
-969
-1057
-1103
-1141
-1220
-1293
-1338
-1400
-1488
-1571
-1671
-1808
-1903
-1894
-1859
-1886
-1927
-1915
-1882
-1861
-1808
-1689
-1567
-1484
-1373
-1220
-1092
-1004
-912
-795
-686
-601
-500
-387
-323
-278
-210
-157
-139
-125
-76
-16
19
81
192
282
347
450
585
692
776
898
1044
1155
1260
1399
1522
1575
1614
1693
1764
1791
1810
1842
1845
1814
1799
1790
1723
1621
1558
1528
1464
1369
1299
1253
1168
1074
1039
1006
911
814
779
771
734
680
652
616
528
453
416
327
205
155
148
85
-25
-133
-247
-395
-510
-543
-598
-735
-859
-909
-957
-1054
-1133
-1182
-1289
-1427
-1475
-1485
-1579
-1689
-1731
-1796
-1929
-2017
-2022
-2036
-2086
-2074
-1970
-1894
-1872
-1781
-1655
-1597
-1548
-1416
-1257
-1167
-1082
-928
-796
-737
-645
-501
-392
-357
-310
-199
-139
-140
-89
-16
-2
11
94
205
251
274
383
524
614
711
860
1007
1105
1201
1335
1453
1527
1619
1742
1830
1850
1862
1901
1925
1895
1848
1813
1752
1657
1594
1567
1491
1368
1284
1231
1142
1041
1008
998
931
874
879
855
772
700
667
611
512
443
424
350
204
127
119
24
-140
-214
-246
-362
-484
-519
-568
-721
-856
-867
-892
-1026
-1113
-1113
-1183
-1314
-1369
-1396
-1525
-1677
-1727
-1766
-1892
-1982
-1949
-1925
-1977
-1976
-1882
-1823
-1813
-1723
-1564
-1462
-1392
-1242
-1075
-1012
-974
-834
-663
-586
-535
-412
-291
-250
-199
-85
-15
-29
-1
113
184
174
196
288
347
368
452
582
643
666
776
950
1059
1110
1226
1399
1503
1544
1640
1762
1795
1804
1904
1989
1929
1853
1853
1806
1675
1580
1547
1450
1290
1224
1232
1147
1020
986
992
922
832
847
889
825
752
757
719
575
452
417
347
176
50
8
-100
-277
-383
-449
-598
-765
-820
-821
-898
-991
-1007
-1039
-1124
-1190
-1241
-1313
-1400
-1470
-1502
-1578
-1706
-1813
-1930
-2033
-2071
-2099
-2127
-2132
-2100
-2018
-1922
-1840
-1755
-1662
-1562
-1442
-1282
-1124
-1018
-914
-770
-653
-572
-488
-396
-324
-273
-190
-81
-24
-7
27
88
144
184
268
371
431
506
637
750
805
862
985
1119
1205
1301
1426
1527
1589
1660
1768
1830
1818
1862
1963
1975
1917
1877
1849
1787
1710
1671
1628
1503
1363
1309
1274
1176
1074
1035
989
892
856
893
874
775
716
707
645
538
491
467
373
231
134
50
-99
-255
-349
-467
-640
-789
-881
-963
-1058
-1130
-1171
-1241
-1332
-1364
-1370
-1417
-1480
-1515
-1549
-1619
-1700
-1774
-1852
-1917
-1936
-1936
-1959
-1981
-1955
-1892
-1827
-1750
-1654
-1573
-1493
-1347
-1168
-1035
-926
-775
-613
-502
-403
-277
-181
-132
-71
24
95
109
116
164
202
217
271
338
375
429
547
691
778
832
933
1033
1097
1199
1353
1474
1531
1584
1681
1750
1744
1753
1802
1784
1708
1678
1682
1651
1565
1494
1455
1361
1249
1207
1175
1093
997
951
940
891
808
752
702
631
588
592
564
453
354
331
295
189
93
34
-64
-200
-278
-326
-456
-637
-758
-833
-935
-1046
-1123
-1202
-1305
-1385
-1430
-1498
-1587
-1641
-1668
-1740
-1840
-1909
-1942
-1976
-1989
-1963
-1964
-2011
-2007
-1921
-1826
-1766
-1691
-1595
-1519
-1431
-1288
-1158
-1070
-957
-798
-630
-489
-370
-241
-124
-37
70
182
230
256
306
370
426
454
494
564
606
651
745
834
892
956
1060
1186
1274
1368
1514
1631
1700
1751
1814
1888
1936
1985
2024
1976
1896
1853
1815
1735
1621
1533
1460
1342
1250
1219
1160
1063
999
985
968
919
890
885
839
755
690
643
567
464
385
328
231
95
-20
-103
-197
-325
-451
-561
-668
-770
-855
-924
-995
-1099
-1186
-1233
-1275
-1358
-1454
-1510
-1566
-1644
-1724
-1798
-1887
-2001
-2073
-2078
-2074
-2104
-2135
-2084
-1983
-1897
-1808
-1711
-1637
-1550
-1420
-1261
-1132
-1038
-921
-794
-685
-572
-468
-383
-306
-214
-90
23
94
177
277
346
399
477
567
625
671
780
907
966
989
1053
1135
1185
1233
1322
1404
1459
1519
1595
1655
1676
1712
1769
1800
1793
1787
1777
1738
1694
1638
1565
1452
1317
1232
1161
1074
988
906
843
787
719
662
621
572
540
533
515
469
397
327
278
209
117
17
-89
-194
-278
-393
-534
-669
-804
-900
-978
-1047
-1103
-1191
-1265
-1304
-1347
-1420
-1490
-1530
-1577
-1646
-1729
-1817
-1900
-1967
-1994
-2006
-2038
-2080
-2079
-2013
-1906
-1820
-1759
-1680
-1563
-1403
-1228
-1082
-969
-864
-740
-590
-424
-294
-213
-143
-91
-11
81
137
186
228
300
409
500
579
656
740
848
959
1085
1198
1263
1335
1429
1530
1599
1633
1687
1715
1727
1757
1796
1834
1831
1812
1821
1787
1726
1697
1659
1603
1542
1498
1466
1382
1305
1257
1181
1091
1024
969
892
806
726
647
544
439
367
292
207
143
95
29
-60
-143
-214
-293
-398
-519
-634
-725
-814
-908
-997
-1082
-1192
-1303
-1368
-1412
-1477
-1565
-1620
-1673
-1765
-1853
-1931
-2006
-2084
-2111
-2083
-2096
-2138
-2140
-2069
-1976
-1901
-1810
-1725
-1676
-1609
-1451
-1262
-1150
-1089
-978
-824
-682
-537
-391
-298
-242
-143
4
131
201
247
306
366
437
542
629
687
765
881
1007
1096
1165
1259
1354
1449
1561
1662
1722
1753
1792
1870
1930
1938
1928
1911
1878
1835
1794
1751
1683
1592
1513
1444
1358
1270
1205
1150
1093
1038
1002
965
896
833
793
729
636
538
439
349
252
154
71
-36
-175
-299
-385
-463
-553
-635
-703
-789
-882
-938
-975
-1038
-1114
-1159
-1205
-1279
-1348
-1399
-1460
-1534
-1611
-1681
-1776
-1886
-1941
-1961
-1999
-2017
-2004
-2003
-1999
-1929
-1804
-1705
-1645
-1559
-1445
-1338
-1214
-1057
-923
-852
-780
-642
-485
-365
-274
-188
-120
-56
47
174
267
318
389
477
563
639
731
813
855
918
1011
1119
1184
1243
1350
1462
1555
1604
1656
1709
1755
1821
1877
1910
1906
1892
1898
1899
1879
1816
1732
1653
1597
1542
1459
1355
1234
1159
1117
1061
1010
944
889
818
759
735
682
579
470
406
320
203
106
13
-105
-259
-378
-464
-592
-731
-841
-936
-1045
-1141
-1207
-1271
-1359
-1446
-1504
-1557
-1609
-1656
-1698
-1745
-1819
-1899
-1963
-2006
-2066
-2119
-2131
-2155
-2166
-2159
-2131
-2049
-1945
-1845
-1768
-1681
-1580
-1456
-1289
-1122
-1005
-925
-826
-683
-530
-398
-295
-226
-167
-70
55
176
251
279
335
449
568
673
763
831
903
1004
1124
1234
1311
1383
1476
1553
1605
1665
1731
1781
1820
1844
1851
1852
1858
1877
1887
1854
1806
1768
1728
1690
1655
1583
1485
1407
1353
1311
1246
1151
1060
981
914
871
814
716
609
520
436
352
262
174
82
-20
-116
-208
-322
-443
-530
-611
-725
-856
-958
-1046
-1149
-1242
-1303
-1382
-1489
-1563
-1603
-1663
-1752
-1818
-1858
-1920
-1987
-2014
-2016
-2033
-2055
-2045
-2018
-2021
-1990
-1874
-1761
-1694
-1620
-1516
-1403
-1284
-1137
-979
-870
-793
-665
-507
-383
-285
-173
-74
-14
69
201
310
360
403
496
599
662
746
869
950
1002
1089
1202
1292
1361
1454
1560
1610
1631
1694
1770
1797
1795
1809
1815
1782
1758
1770
1752
1674
1600
1562
1517
1456
1415
1377
1290
1187
1141
1136
1105
1042
989
946
884
817
771
711
600
465
349
261
159
37
-74
-197
-335
-455
-551
-634
-728
-845
-950
-1035
-1120
-1192
-1261
-1328
-1407
-1495
-1554
-1599
-1681
-1765
-1832
-1917
-2001
-2058
-2098
-2119
-2133
-2165
-2185
-2163
-2114
-2049
-1958
-1849
-1761
-1682
-1561
-1407
-1264
-1129
-999
-883
-778
-656
-512
-382
-294
-226
-135
-20
78
169
271
345
416
532
656
746
826
931
1046
1133
1197
1291
1397
1474
1547
1633
1694
1722
1756
1818
1866
1859
1841
1857
1858
1827
1809
1793
1737
1671
1635
1619
1577
1487
1403
1343
1266
1198
1168
1122
1044
974
925
893
851
790
723
651
566
482
410
336
219
73
-51
-157
-279
-401
-501
-616
-761
-890
-972
-1044
-1135
-1213
-1281
-1361
-1437
-1474
-1508
-1584
-1677
-1743
-1804
-1879
-1948
-1987
-2020
-2055
-2073
-2068
-2070
-2071
-2031
-1943
-1851
-1775
-1688
-1583
-1474
-1359
-1216
-1069
-962
-870
-736
-589
-469
-365
-275
-193
-116
-28
92
210
290
373
477
573
667
773
882
992
1098
1194
1284
1364
1450
1544
1611
1642
1668
1694
1720
1751
1769
1749
1713
1695
1691
1683
1664
1620
1546
1472
1438
1416
1377
1318
1246
1171
1117
1082
1043
995
931
858
803
761
702
616
525
428
324
231
149
56
-62
-180
-291
-408
-520
-612
-712
-816
-912
-1001
-1077
-1147
-1237
-1326
-1396
-1472
-1555
-1618
-1673
-1740
-1813
-1890
-1963
-2021
-2056
-2067
-2081
-2111
-2121
-2100
-2049
-1979
-1901
-1815
-1717
-1617
-1499
-1369
-1258
-1143
-1003
-870
-745
-613
-487
-373
-272
-173
-62
50
166
295
423
519
597
690
803
935
1044
1145
1241
1329
1436
1532
1621
1681
1720
1782
1842
1892
1910
1913
1917
1923
1920
1912
1894
1848
1803
1750
1708
1638
1547
1488
1437
1385
1317
1259
1209
1136
1073
1021
955
869
783
733
671
587
501
407
300
181
92
12
-99
-224
-332
-429
-556
-699
-815
-899
-985
-1079
-1154
-1223
-1312
-1400
-1452
-1499
-1580
-1664
-1716
-1774
-1861
-1938
-1988
-2038
-2083
-2092
-2092
-2115
-2131
-2095
-2017
-1948
-1893
-1816
-1714
-1608
-1490
-1352
-1222
-1120
-1001
-850
-697
-578
-468
-357
-280
-201
-99
24
128
218
331
439
534
624
734
864
983
1085
1184
1290
1392
1481
1554
1624
1672
1719
1774
1819
1845
1830
1823
1816
1796
1783
1750
1704
1647
1607
1579
1530
1462
1384
1317
1267
1222
1168
1099
1016
938
893
856
797
723
652
577
494
416
330
220
106
8
-87
-179
-266
-365
-488
-612
-718
-811
-905
-989
-1061
-1143
-1235
-1312
-1367
-1419
-1475
-1529
-1578
-1631
-1682
-1728
-1778
-1842
-1902
-1929
-1930
-1922
-1916
-1901
-1873
-1832
-1760
-1664
-1575
-1513
-1444
-1342
-1228
-1121
-1008
-892
-785
-677
-538
-393
-284
-203
-105
17
133
237
343
441
524
614
729
835
915
1000
1111
1218
1293
1361
1440
1514
1578
1651
1726
1771
1789
1810
1837
1846
1839
1832
1824
1798
1757
1722
1680
1623
1565
1512
1449
1370
1301
1250
1181
1094
1014
953
888
820
756
680
578
476
398
330
242
134
25
-74
-165
-254
-346
-454
-577
-689
-777
-862
-960
-1053
-1139
-1233
-1322
-1388
-1449
-1518
-1589
-1649
-1714
-1784
-1845
-1892
-1937
-1983
-2009
-2015
-2018
-2021
-2005
-1965
-1917
-1856
-1775
-1694
-1618
-1535
-1440
-1342
-1245
-1144
-1037
-926
-811
-688
-556
-435
-333
-232
-112
9
125
241
336
414
504
600
700
800
888
982
1089
1187
1277
1353
1420
1499
1577
1638
1688
1732
1763
1783
1800
1814
1804
1772
1748
1734
1716
1681
1627
1553
1482
1430
1390
1338
1269
1196
1125
1059
998
943
875
784
690
618
557
470
360
267
179
93
15
-85
-196
-298
-388
-453
-535
-648
-757
-857
-939
-996
-1065
-1148
-1238
-1322
-1364
-1389
-1446
-1522
-1592
-1641
-1673
-1700
-1736
-1787
-1835
-1847
-1821
-1783
-1761
-1750
-1727
-1667
-1577
-1486
-1412
-1344
-1271
-1174
-1058
-944
-850
-767
-668
-551
-430
-311
-204
-109
-12
99
215
319
409
496
586
685
796
895
989
1072
1159
1249
1326
1397
1439
1492
1545
1597
1658
1692
1710
1711
1717
1723
1723
1721
1684
1655
1624
1577
1525
1453
1383
1322
1266
1218
1163
1108
1049
971
901
856
797
710
618
522
434
366
295
207
83
-54
-153
-218
-288
-379
-472
-570
-671
-759
-826
-901
-1013
-1110
-1200
-1265
-1311
-1395
-1479
-1562
-1635
-1683
-1725
-1775
-1847
-1923
-1970
-1980
-1976
-1972
-1969
-1964
-1940
-1889
-1815
-1733
-1656
-1579
-1496
-1404
-1303
-1191
-1079
-976
-874
-763
-644
-528
-410
-297
-194
-98
9
136
262
378
488
596
702
812
928
1039
1134
1227
1321
1405
1477
1554
1634
1696
1735
1784
1827
1852
1863
1866
1873
1873
1862
1872
1861
1807
1758
1708
1648
1602
1558
1514
1447
1355
1279
1218
1137
1052
962
872
790
712
635
545
431
315
217
128
25
-93
-199
-292
-385
-462
-527
-628
-751
-845
-920
-1000
-1085
-1188
-1295
-1384
-1454
-1508
-1561
-1655
-1753
-1812
-1847
-1881
-1925
-1978
-2020
-2037
-2016
-1969
-1946
-1945
-1915
-1840
-1746
-1643
-1535
-1458
-1396
-1297
-1173
-1054
-946
-858
-766
-649
-526
-396
-270
-180
-107
-4
127
262
388
495
594
696
815
948
1071
1148
1216
1322
1438
1539
1621
1672
1706
1750
1798
1848
1875
1859
1838
1832
1838
1844
1820
1765
1705
1654
1620
1574
1503
1422
1342
1276
1223
1157
1068
971
883
803
734
668
574
451
338
246
153
48
-67
-192
-307
-390
-452
-522
-614
-715
-805
-867
-927
-994
-1065
-1152
-1232
-1278
-1322
-1381
-1451
-1535
-1605
-1650
-1688
-1732
-1787
-1847
-1900
-1904
-1879
-1873
-1867
-1851
-1825
-1764
-1679
-1600
-1522
-1458
-1381
-1273
-1171
-1074
-978
-893
-804
-711
-598
-482
-392
-313
-218
-101
24
132
239
346
438
559
687
795
902
995
1087
1199
1299
1392
1486
1571
1655
1728
1783
1837
1875
1901
1921
1932
1929
1922
1915
1904
1881
1849
1800
1749
1707
1654
1594
1534
1450
1363
1297
1223
1136
1046
951
858
771
677
584
483
361
250
147
25
-94
-202
-307
-410
-513
-614
-709
-802
-887
-968
-1048
-1127
-1195
-1261
-1322
-1391
-1458
-1527
-1596
-1658
-1716
-1766
-1822
-1864
-1900
-1921
-1945
-1944
-1931
-1900
-1870
-1819
-1763
-1709
-1641
-1556
-1466
-1373
-1293
-1209
-1098
-976
-864
-753
-657
-570
-479
-369
-255
-157
-60
38
124
227
345
448
541
633
738
852
955
1052
1149
1235
1315
1401
1493
1571
1622
1669
1727
1779
1808
1821
1827
1817
1799
1800
1788
1752
1696
1642
1607
1568
1496
1429
1378
1304
1236
1174
1088
994
892
819
758
661
544
444
352
255
154
41
-79
-211
-328
-418
-511
-607
-714
-808
-887
-976
-1043
-1108
-1180
-1247
-1319
-1360
-1400
-1470
-1532
-1584
-1628
-1663
-1693
-1711
-1744
-1796
-1816
-1804
-1789
-1768
-1749
-1724
-1673
-1601
-1509
-1417
-1355
-1295
-1204
-1098
-981
-863
-768
-679
-583
-473
-346
-235
-161
-99
-13
93
209
321
417
501
586
691
810
910
989
1055
1127
1222
1324
1411
1485
1533
1584
1650
1704
1738
1756
1767
1778
1790
1805
1801
1767
1727
1689
1656
1621
1566
1500
1443
1381
1320
1266
1191
1090
1000
935
873
784
676
574
481
391
304
206
82
-49
-160
-251
-353
-473
-592
-702
-804
-889
-955
-1031
-1123
-1205
-1260
-1310
-1376
-1446
-1507
-1559
-1606
-1649
-1691
-1737
-1781
-1821
-1850
-1863
-1868
-1865
-1852
-1828
-1793
-1747
-1694
-1631
-1553
-1465
-1379
-1300
-1215
-1111
-995
-886
-792
-696
-596
-497
-402
-298
-193
-94
-1
102
205
301
400
504
606
700
799
903
999
1080
1146
1212
1288
1374
1453
1514
1555
1585
1620
1669
1713
1724
1712
1700
1706
1716
1709
1668
1616
1568
1534
1513
1469
1397
1305
1218
1168
1115
1059
973
870
795
728
660
574
474
368
264
183
96
-20
-149
-274
-382
-467
-550
-642
-736
-832
-921
-992
-1048
-1115
-1196
-1263
-1317
-1363
-1397
-1433
-1484
-1540
-1585
-1616
-1634
-1646
-1668
-1701
-1715
-1685
-1637
-1604
-1587
-1563
-1515
-1436
-1343
-1257
-1190
-1127
-1044
-932
-810
-705
-626
-551
-455
-341
-229
-145
-85
-13
86
198
307
388
463
545
629
734
823
905
971
1026
1119
1209
1277
1334
1375
1431
1480
1535
1586
1602
1612
1618
1624
1643
1649
1636
1600
1560
1528
1506
1476
1427
1362
1296
1243
1192
1133
1053
957
875
811
740
655
555
450
356
272
189
87
-37
-152
-256
-354
-443
-536
-640
-736
-828
-905
-966
-1041
-1125
-1204
-1270
-1321
-1368
-1428
-1492
-1547
-1585
-1609
-1634
-1659
-1703
-1731
-1733
-1727
-1702
-1694
-1685
-1650
-1594
-1530
-1475
-1404
-1337
-1259
-1160
-1077
-992
-907
-825
-729
-616
-517
-431
-336
-238
-141
-47
39
125
215
305
399
491
571
650
737
832
915
988
1070
1148
1214
1284
1342
1392
1446
1478
1500
1534
1562
1585
1607
1602
1590
1594
1593
1581
1554
1511
1475
1444
1411
1367
1303
1233
1169
1123
1080
1000
898
810
727
654
589
505
404
299
199
118
41
-60
-168
-280
-386
-475
-554
-637
-724
-829
-910
-963
-1017
-1067
-1133
-1214
-1279
-1311
-1338
-1373
-1419
-1463
-1491
-1516
-1520
-1529
-1558
-1571
-1581
-1553
-1506
-1484
-1462
-1436
-1388
-1303
-1202
-1117
-1050
-984
-894
-797
-711
-620
-543
-478
-403
-319
-219
-139
-86
-22
67
156
224
313
384
439
519
611
713
780
832
902
984
1056
1104
1152
1203
1250
1285
1345
1372
1377
1388
1392
1420
1428
1419
1417
1388
1368
1357
1333
1300
1252
1192
1152
1115
1065
1010
951
883
813
753
699
623
531
445
365
288
205
117
20
-89
-190
-266
-337
-418
-505
-584
-660
-731
-791
-855
-928
-997
-1054
-1105
-1150
-1201
-1258
-1311
-1348
-1370
-1397
-1435
-1480
-1514
-1530
-1533
-1527
-1520
-1516
-1501
-1460
-1404
-1348
-1289
-1219
-1143
-1065
-985
-917
-851
-774
-697
-615
-523
-436
-366
-293
-205
-119
-38
43
119
189
264
350
441
528
613
693
773
860
945
1015
1075
1134
1195
1252
1303
1335
1355
1380
1421
1460
1482
1478
1470
1467
1473
1472
1454
1425
1395
1367
1342
1310
1263
1200
1140
1098
1063
1007
934
866
800
722
642
572
493
390
292
208
116
11
-82
-159
-248
-344
-422
-486
-553
-629
-708
-778
-855
-929
-985
-1036
-1094
-1159
-1218
-1246
-1272
-1335
-1393
-1433
-1473
-1508
-1533
-1547
-1548
-1547
-1546
-1525
-1491
-1464
-1420
-1349
-1272
-1208
-1153
-1078
-991
-919
-848
-758
-670
-594
-519
-438
-348
-259
-177
-104
-35
40
117
192
266
335
414
504
594
675
748
814
885
959
1030
1097
1151
1195
1232
1260
1300
1340
1349
1357
1373
1376
1381
1382
1361
1335
1311
1289
1269
1239
1201
1156
1112
1071
1034
993
938
869
801
749
693
623
542
457
370
284
204
116
15
-78
-152
-220
-296
-379
-463
-539
-609
-667
-728
-797
-870
-937
-988
-1030
-1070
-1112
-1165
-1218
-1255
-1284
-1325
-1373
-1413
-1431
-1441
-1457
-1460
-1450
-1439
-1420
-1391
-1350
-1303
-1265
-1212
-1125
-1040
-963
-885
-805
-726
-641
-550
-461
-388
-326
-258
-178
-94
-24
40
117
200
285
365
438
508
584
668
755
833
898
956
1015
1083
1151
1208
1254
1284
1313
1336
1356
1368
1376
1375
1368
1359
1349
1334
1317
1296
1266
1235
1210
1184
1143
1094
1049
1004
952
902
851
782
701
626
560
494
415
329
243
155
70
-12
-93
-186
-284
-359
-417
-483
-558
-636
-710
-769
-810
-846
-910
-996
-1065
-1111
-1140
-1164
-1220
-1284
-1325
-1354
-1369
-1383
-1415
-1442
-1457
-1450
-1417
-1391
-1380
-1367
-1338
-1283
-1213
-1148
-1091
-1035
-967
-879
-792
-720
-660
-603
-532
-451
-366
-295
-241
-188
-116
-24
70
148
201
250
322
414
499
567
625
683
753
836
912
963
996
1039
1093
1146
1186
1210
1215
1217
1222
1241
1256
1250
1224
1200
1195
1194
1176
1155
1124
1084
1056
1040
1014
968
907
859
826
782
730
660
564
476
411
359
300
209
108
28
-42
-119
-189
-258
-336
-415
-471
-509
-567
-646
-702
-741
-787
-832
-880
-926
-983
-1043
-1062
-1067
-1107
-1153
-1190
-1229
-1249
-1245
-1228
-1223
-1236
-1237
-1202
-1152
-1111
-1074
-1021
-966
-912
-842
-760
-698
-652
-596
-518
-443
-381
-323
-267
-206
-145
-86
-21
38
97
166
224
277
346
409
472
545
610
660
702
734
787
857
908
942
970
983
1002
1035
1062
1056
1042
1031
1037
1053
1040
1016
988
965
945
935
933
893
841
812
793
763
725
692
644
579
513
465
418
353
281
219
161
90
10
-48
-101
-155
-201
-248
-301
-355
-409
-449
-474
-513
-550
-578
-620
-659
-682
-707
-735
-770
-808
-837
-846
-862
-898
-921
-946
-966
-973
-978
-978
-996
-1002
-969
-921
-884
-886
-866
-819
-776
-721
-672
-628
-604
-578
-513
-447
-389
-359
-338
-296
-247
-203
-152
-104
-81
-49
14
85
145
184
223
275
330
389
449
488
511
548
612
678
719
740
770
811
852
889
915
920
910
916
937
953
948
933
918
912
917
918
897
860
825
809
813
811
773
709
657
624
595
559
503
425
346
294
259
218
170
115
44
-25
-65
-89
-134
-203
-268
-315
-347
-386
-441
-509
-565
-598
-620
-661
-717
-774
-816
-847
-875
-904
-939
-973
-993
-991
-981
-985
-998
-995
-970
-947
-926
-909
-895
-868
-826
-779
-727
-695
-679
-645
-583
-514
-466
-442
-404
-345
-284
-228
-172
-128
-90
-37
40
112
155
193
244
302
370
442
503
549
579
623
690
731
755
778
808
849
876
886
916
929
908
903
911
918
907
871
853
868
861
825
791
763
737
711
687
667
626
566
520
489
453
401
339
287
248
207
162
111
55
1
-42
-76
-114
-160
-208
-263
-301
-330
-374
-425
-470
-516
-555
-585
-630
-676
-702
-722
-759
-801
-827
-836
-845
-861
-874
-881
-881
-874
-867
-854
-832
-812
-797
-772
-732
-692
-669
-649
-612
-568
-537
-513
-488
-456
-418
-381
-341
-297
-266
-233
-179
-126
-81
-45
0
59
114
160
212
263
300
348
409
455
482
516
564
606
640
675
714
745
758
765
790
811
811
813
820
820
816
810
806
789
768
763
765
754
739
710
683
669
639
603
571
535
497
456
416
384
349
295
245
205
165
134
87
46
8
-44
-82
-136
-185
-232
-294
-337
-387
-425
-462
-517
-560
-607
-629
-650
-684
-716
-738
-746
-773
-794
-797
-793
-801
-801
-786
-777
-774
-777
-757
-740
-732
-725
-703
-668
-658
-640
-609
-575
-539
-514
-471
-420
-388
-352
-302
-257
-205
-153
-106
-56
-11
39
94
151
203
242
288
345
395
441
473
495
530
571
613
655
684
700
714
731
756
772
775
778
784
786
779
774
766
741
718
706
688
669
640
601
567
540
513
486
441
394
360
322
290
256
211
163
122
85
37
6
-37
-90
-133
-184
-218
-260
-314
-354
-391
-427
-469
-506
-533
-562
-593
-607
-614
-621
-638
-661
-671
-671
-675
-680
-683
-684
-678
-672
-665
-654
-642
-632
-619
-604
-591
-575
-552
-528
-503
-468
-424
-387
-358
-318
-271
-232
-200
-156
-103
-66
-39
0
54
108
138
159
195
241
282
323
366
400
422
441
477
524
557
573
583
601
619
630
641
651
649
635
630
641
647
630
598
571
562
561
550
524
498
482
467
445
423
396
359
324
300
275
250
218
173
138
123
96
54
7
-31
-58
-87
-127
-170
-208
-237
-267
-293
-305
-324
-352
-369
-391
-407
-407
-411
-413
-426
-452
-462
-471
-478
-485
-499
-506
-500
-507
-520
-520
-505
-494
-499
-484
-473
-472
-455
-445
-421
-394
-382
-362
-338
-312
-294
-280
-262
-233
-206
-184
-142
-102
-80
-67
-38
4
36
73
105
134
166
187
217
239
263
291
319
354
369
376
395
420
432
428
433
449
452
445
445
449
453
452
439
422
415
418
409
387
364
346
346
350
331
300
270
247
240
229
219
191
142
127
109
85
70
44
24
-5
-22
-21
-43
-73
-112
-132
-128
-130
-137
-162
-191
-200
-203
-206
-218
-238
-255
-261
-256
-258
-279
-292
-295
-299
-300
-301
-301
-316
-333
-326
-318
-320
-321
-321
-313
-298
-300
-289
-276
-282
-270
-247
-220
-207
-199
-191
-175
-143
-120
-103
-99
-87
-56
-27
-2
16
30
52
74
93
129
143
147
161
172
197
212
227
234
239
255
258
263
265
267
273
284
295
290
280
279
278
267
256
247
234
223
217
215
208
193
178
169
163
152
136
127
118
104
89
77
69
62
46
25
19
16
1
-23
-27
-31
-51
-69
-89
-95
-97
-95
-99
-107
-111
-135
-144
-141
-147
-151
-164
-176
-183
-182
-176
-178
-192
-201
-193
-180
-186
-209
-209
-190
-188
-183
-168
-170
-174
-168
-161
-148
-135
-139
-135
-114
-98
-88
-81
-79
-70
-58
-36
-17
-13
-14
-7
8
27
46
53
47
51
76
94
101
94
87
104
117
122
126
127
123
115
114
120
133
136
115
100
95
99
103
93
84
83
88
86
84
77
64
68
73
83
81
60
55
53
63
59
44
37
23
23
22
19
20
6
-5
-7
-1
3
-8
-29
-37
-23
-12
-10
-19
-33
-34
-33
-27
-20
-23
-28
-35
-39
-37
-41
-37
-41
-54
-57
-58
-49
-48
-60
-63
-56
-50
-46
-52
-55
-42
-36
-34
-31
-35
-35
-25
-19
-13
-4
-12
-15
-7
-8
1
2
-6
-5
-9
-4
8
12
8
-3
-3
6
12
9
1
3
10
14
11
7
7
8
6
0
-1
0
-1
-5
-5
-1
1
-2
-2
3
10
12
11
11
13
16
24
27
21
13
9
13
21
24
22
19
14
15
19
26
26
21
15
15
24
30
29
19
14
17
24
27
24
17
9
5
7
11
10
5
-1
-7
-15
-21
-19
-16
-22
-32
-34
-30
-29
-31
-32
-27
-28
-30
-32
-29
-27
-27
-25
-21
-20
-25
-25
-21
-23
-22
-17
-12
-12
-17
-17
-10
-5
-6
-8
-5
-2
0
-2
-2
0
1
3
7
9
10
6
2
4
7
7
3
1
1
4
5
4
3
1
1
2
6
6
5
6
7
8
12
12
10
8
11
16
18
18
19
20
18
15
15
17
18
16
18
21
22
19
19
21
17
18
20
21
19
15
14
15
15
11
5
5
4
0
-7
-9
-8
-7
-11
-13
-13
-13
-16
-16
-13
-14
-20
-24
-23
-20
-17
-19
-20
-20
-18
-16
-17
-14
-18
-20
-14
-12
-12
-8
-11
-11
-1
1
2
8
5
-1
2
6
10
8
9
10
6
3
5
3
1
-1
1
2
2
0
-5
-6
-4
-3
-5
-3
-2
-6
-6
0
0
-5
-6
-2
-2
-1
0
3
3
5
4
3
4
6
7
7
11
11
13
12
11
13
15
16
18
20
22
20
20
18
15
12
10
11
10
6
0
0
0
-2
-5
-6
-6
-7
-12
-14
-12
-12
-13
-16
-19
-18
-17
-16
-18
-19
-20
-19
-15
-13
-16
-16
-17
-15
-14
-11
-10
-10
-9
-6
-2
1
-3
-1
8
8
3
11
11
13
16
12
10
18
15
9
10
12
11
8
9
12
10
8
10
10
6
4
4
5
5
5
3
0
-1
1
1
3
1
-1
2
2
4
5
5
2
0
2
6
4
0
-2
2
6
6
4
3
2
1
1
2
3
3
-1
0
1
0
-1
-1
-4
-8
-9
-8
-11
-12
-13
-14
-13
-10
-12
-14
-18
-15
-15
-14
-13
-13
-14
-15
-17
-14
-11
-8
-7
-8
-11
-9
-8
-4
1
3
4
5
6
8
12
12
10
10
12
14
16
14
13
13
19
19
20
20
21
19
15
18
21
16
13
14
15
11
9
12
12
11
9
5
5
4
5
4
2
0
-2
-2
-3
-4
-4
-4
-3
-5
-4
-3
-4
-4
-5
-6
-4
-5
-6
-5
-5
-7
-6
-6
-7
-4
-5
-5
-4
-5
-6
-7
-8
-7
-10
-9
-8
-8
-9
-9
-5
-4
-6
-10
-8
-5
-6
-9
-11
-10
-7
-9
-9
-10
-9
-8
-9
-7
-3
-2
-1
-1
0
0
-1
2
5
8
9
8
9
11
14
14
14
12
14
14
15
15
16
17
16
13
13
14
11
11
11
12
9
9
9
8
4
4
5
2
0
0
-2
-3
-4
-4
-6
-7
-8
-9
-9
-10
-12
-10
-5
-8
-9
-7
-5
-7
-7
-5
-4
-3
-4
-6
-6
-6
-4
-1
0
0
-1
-1
0
1
2
3
1
1
0
1
1
0
-1
0
-1
-4
1
4
1
1
5
4
-1
0
3
1
0
1
0
-2
-2
0
-1
-1
-2
-3
-2
0
1
1
1
0
1
3
3
5
5
4
2
3
1
3
4
2
1
1
-1
0
1
2
3
3
0
0
0
1
0
-2
-2
-2
-1
-1
-1
1
2
-1
-2
-2
0
5
3
1
5
3
1
6
3
2
6
4
4
4
1
-2
3
1
3
3
1
6
1
7
7
3
6
2
1
1
2
-1
-5
1
6
2
-2
-2
-3
-4
-5
-6
-4
-3
-7
-10
-7
-5
-7
-5
-2
-5
-8
-3
-4
-5
-6
-8
-7
-5
-5
-5
-4
-6
-1
-4
-3
0
-3
3
1
4
3
3
6
1
5
4
0
4
7
4
2
4
5
4
4
2
3
6
4
1
4
1
1
6
4
5
6
-1
1
5
1
2
6
6
2
1
3
5
4
2
3
6
6
4
3
3
4
4
2
2
1
2
3
2
1
0
-2
5
3
-1
4
4
2
6
3
0
-1
-3
-1
-1
-6
-5
-5
-3
-4
-6
-3
0
-5
-6
-6
-2
-4
-7
-8
-10
-6
-7
-5
-4
-7
-6
-3
0
-1
-6
-5
0
-1
-4
-5
0
2
0
-1
1
4
4
2
4
3
1
1
2
4
5
4
3
1
0
2
2
3
1
-1
-1
0
-1
-2
-2
0
1
1
0
-1
1
2
1
2
3
1
0
0
0
1
1
1
2
3
4
3
5
7
6
5
6
4
6
6
4
3
7
10
6
0
5
10
5
0
3
9
5
2
3
5
2
0
1
1
0
-2
-5
-5
-6
-5
-7
-8
-9
-9
-10
-11
-10
-9
-10
-10
-9
-11
-11
-7
-6
-9
-7
-5
-8
-5
-2
-2
-6
-5
0
2
0
-2
-1
2
5
3
3
6
6
6
5
4
4
6
8
8
7
4
4
3
5
5
4
4
4
3
2
3
2
1
1
1
0
1
0
-3
-2
-1
-3
-4
-1
1
-1
-2
-2
0
-3
0
5
2
4
0
3
4
1
4
2
5
3
1
4
4
7
7
7
4
3
3
4
4
4
3
2
2
2
2
3
1
-4
-5
-1
-3
-4
-6
-9
-9
-7
-5
-2
-4
-10
-7
-5
-4
-7
-5
-2
-5
-7
-4
-4
-6
-3
0
-2
-1
2
3
2
3
5
6
6
6
5
4
4
6
6
3
-1
3
6
6
1
2
6
6
3
3
5
5
0
-2
0
2
0
-5
-4
-2
-3
-3
-3
-2
-2
-3
-2
-2
-4
-4
-4
-3
-3
-2
-2
-1
-1
-1
-1
0
1
2
2
2
3
1
2
4
5
6
4
2
1
2
4
6
6
4
2
2
2
3
2
1
-1
1
3
4
2
-2
-5
-5
-3
-2
-4
-7
-9
-5
-4
-1
-3
-6
-7
-5
-2
1
1
1
-1
0
0
0
1
2
0
0
1
1
2
3
5
5
5
3
1
-1
-1
0
2
5
7
6
3
3
1
2
1
0
-1
-1
-1
-1
-2
-3
-5
-5
-3
-2
-1
-2
-3
-4
-4
-4
-3
-2
-2
-3
-3
-2
2
2
4
4
1
0
1
1
2
0
0
0
3
3
3
2
3
3
0
1
2
3
1
-2
1
3
4
5
7
4
0
1
-1
1
1
-2
-4
-1
-1
-1
-1
0
-2
1
5
1
-4
0
0
-3
-3
-2
-3
-5
-4
-4
-5
-2
1
0
1
0
1
2
1
0
0
1
2
3
4
5
3
2
4
2
-1
4
3
2
2
0
4
8
6
4
3
1
2
4
3
1
-2
-2
1
2
-1
