1
0
1
0
0
0
-1
-1
-2
-2
-2
-1
-1
-1
-2
0
-2
0
1
0
0
0
0
-1
-2
-1
-1
0
2
3
2
2
0
1
0
2
2
3
5
6
5
6
7
6
6
7
5
4
3
1
0
0
-1
-2
-1
0
-1
-2
-2
-4
-3
-3
-4
-4
-4
-4
-6
-5
-5
-3
-3
-2
0
1
3
1
0
-1
-2
-3
-5
-4
-1
2
1
-2
-2
-1
0
0
-1
-1
0
-1
-2
-1
-1
0
-2
-4
0
3
2
1
0
3
2
0
0
-2
-1
0
0
2
3
5
7
6
6
6
7
5
5
4
2
2
1
0
2
4
3
3
2
-1
-3
-4
-4
-2
-3
-5
0
3
3
1
0
-1
0
-2
-3
-3
-7
-7
-6
-7
-4
-4
-4
-4
-4
-5
-6
-4
-2
-1
-3
-3
-3
-2
-2
-3
-1
2
2
1
3
6
7
6
4
2
2
3
5
6
8
9
8
6
4
3
1
1
-1
0
-1
-2
2
4
2
2
1
3
5
4
2
0
-2
-3
-1
4
2
0
-3
-6
-6
-3
-1
0
-1
0
-4
-6
-3
-2
1
1
2
1
0
1
2
2
-1
-4
-6
-6
-4
-3
-2
-3
-5
-1
-1
-2
-1
-2
-3
-5
-5
0
4
6
5
4
2
4
4
0
2
-1
-3
-1
-2
0
0
-2
-2
-1
-1
-2
-5
-1
3
0
-1
1
0
3
2
2
2
0
1
0
2
3
2
3
2
2
1
0
1
1
4
4
2
2
4
4
3
4
5
5
2
0
3
3
3
3
2
0
0
0
-3
-4
-5
-7
-5
-4
-1
-1
-3
-2
0
1
4
3
1
-2
-3
0
0
-3
-5
-5
-5
-6
-7
-7
-6
-3
-2
-2
-5
-7
-4
-3
-1
2
0
-2
-1
1
4
3
1
0
1
1
2
1
-2
-1
0
-1
0
-3
0
5
9
10
9
8
7
4
6
8
7
5
4
4
5
3
0
1
1
1
0
-2
-1
-2
-1
-2
-3
-3
-5
-4
-4
-3
1
1
-2
-4
-5
-4
0
4
4
1
1
0
2
-2
-2
1
2
3
0
-4
-4
-4
-4
-5
-5
-8
-7
-3
-5
-6
-6
-9
-8
-4
-1
-2
-3
-1
0
1
-1
-3
1
3
2
6
6
6
7
7
8
11
9
5
3
7
7
6
8
8
9
8
5
-1
-2
-1
0
0
-1
-1
-1
-4
-5
-2
0
0
-3
-2
-3
-4
-6
-4
-3
-4
-6
-9
-5
-1
0
-5
-8
-7
-6
-5
-5
-1
2
3
0
-5
-4
1
2
3
4
3
1
-3
-2
-1
1
4
6
4
0
0
3
6
9
9
8
5
2
2
0
0
1
0
0
-1
3
1
-1
1
1
0
0
0
2
3
3
1
0
-2
-3
1
1
1
1
2
1
-1
-2
-1
-1
1
3
2
-1
-3
-5
-4
-2
-1
-3
-6
-8
-11
-10
-10
-10
-10
-9
-8
-5
-5
-3
-4
-3
-1
0
2
3
6
4
1
1
2
1
2
5
7
5
4
1
3
7
6
4
6
9
10
7
4
4
3
0
-3
1
4
6
6
5
5
3
0
-2
-1
2
4
3
2
-2
0
0
-2
0
1
-1
-2
0
1
2
1
-1
-2
-3
-7
-6
-3
-2
-5
-6
-7
-6
-6
-7
-7
-5
-7
-7
-6
-4
-6
-7
-5
1
7
6
1
-4
-8
-5
-2
-2
-1
-1
0
-1
1
3
3
0
0
4
7
8
5
2
1
0
0
0
3
4
2
4
3
3
3
1
0
2
5
7
5
4
3
1
3
3
4
5
5
3
3
4
4
5
3
-1
-2
-2
-2
-1
1
0
3
3
0
-7
-5
4
-10
-19
-8
-7
-8
-2
-3
-5
-5
-5
-3
-11
3
14
12
27
17
-16
-10
5
3
-3
5
21
3
-1
3
-15
-14
-22
-25
-14
2
19
6
-13
-6
-20
-14
-13
-32
-15
-1
-4
-9
-30
-13
13
-8
16
28
21
29
13
16
17
10
33
22
14
28
-2
-11
5
-4
8
31
23
26
11
12
21
-10
-2
0
-21
-5
-12
-17
-15
-29
-14
-2
-11
9
-29
-117
-107
-101
-56
-11
8
80
26
-37
31
-54
-13
-10
-14
128
85
73
41
-56
-7
-49
-141
106
181
151
201
181
260
59
-230
17
44
81
217
100
103
-80
-132
28
39
-90
107
65
-129
-119
-294
-220
53
111
-180
-68
508
-101
-632
-269
-327
-392
-321
78
214
384
172
-236
-99
-204
-464
-106
664
619
127
-160
-255
-129
-530
-710
45
120
549
796
814
747
-194
-637
-368
557
616
456
639
815
50
-713
-331
-369
-274
67
269
877
372
-976
-902
-793
-387
122
327
452
478
173
-572
-631
-236
-321
-457
657
783
101
-80
-469
-265
-65
-71
251
444
324
28
-146
-371
-187
-385
-628
352
679
263
-1
26
-261
-934
-36
127
-366
1263
246
-677
365
-168
-638
-382
348
394
6
197
187
-171
-55
-463
-107
414
58
7
195
268
375
-266
-472
294
313
145
95
157
157
8
-358
-160
194
-94
-95
221
239
280
-349
-347
213
-166
-160
250
-56
-59
131
-265
-94
44
-289
-287
167
241
15
391
334
-220
-251
-264
-358
252
310
-313
242
147
-177
-105
-364
-183
-130
-18
389
106
148
448
-221
-351
-71
237
-156
-133
614
229
-199
-97
-155
-405
-319
-37
141
336
348
104
-239
-258
-208
-231
125
204
281
163
-113
-15
-207
-340
-187
146
447
187
166
153
-288
-199
84
70
108
216
188
-29
-287
-106
-269
-423
299
186
-71
254
-43
-360
-180
121
290
-49
105
605
311
151
-276
-299
47
-97
35
-5
-71
-168
-613
-412
209
-56
-88
228
143
-125
-60
153
-234
-96
241
-302
33
526
-209
-134
203
106
92
89
509
187
-191
-39
-191
-123
-53
-23
91
195
225
-181
-410
111
0
-305
150
392
69
-102
-7
-123
43
8
-301
13
222
-225
-281
-25
73
-28
-168
-40
-62
-9
93
10
52
-17
-99
-48
-36
-49
-174
-235
107
176
-44
38
-29
34
39
89
281
187
29
90
313
467
316
-3
-13
82
5
106
211
-73
118
95
-74
283
123
-66
-112
-14
138
151
395
232
-97
-95
-310
-198
151
-194
-418
-215
-292
-337
-335
-389
-257
-356
-351
-163
-187
74
-101
-127
-4
-102
125
-134
-197
-78
-48
-58
-212
-95
-44
-60
74
232
345
319
244
102
34
155
45
536
1015
857
698
358
161
-66
-112
222
341
237
162
0
-239
-442
-590
-743
-693
-431
-217
-497
-694
-626
-765
-724
-657
-534
-578
-862
-790
-737
-752
-597
-470
-235
0
128
252
477
825
931
1083
1331
1339
1114
939
1120
1155
991
1051
1250
1175
897
736
567
315
298
295
278
459
637
595
376
253
-152
-475
-445
-500
-592
-573
-297
-286
-531
-545
-654
-761
-863
-870
-664
-661
-543
-326
-320
-184
-431
-967
-1030
-656
-597
-780
-611
-489
-842
-881
-567
-485
-651
-1096
-1113
-643
176
868
670
509
471
266
513
1077
1417
1188
975
1041
1016
1081
969
437
193
139
99
366
456
-288
-1287
-1769
-1737
-1581
-1403
-1214
-1200
-1408
-1829
-1884
-1613
-1459
-1115
-601
173
766
837
517
266
605
1091
1618
2334
2888
2913
2479
2030
2108
2211
2124
2270
2518
2451
1976
1643
1243
615
336
237
104
219
238
14
-247
-763
-1305
-1364
-927
-426
-250
-426
-769
-1004
-1419
-1802
-1502
-1013
-718
-622
-583
-449
-1004
-1561
-1662
-1384
-775
-684
-486
-396
-914
-1412
-2067
-2027
-1773
-1949
-1176
-365
181
398
-47
-193
-263
-191
197
688
1694
1897
1182
838
347
-83
-114
-330
-118
316
418
314
-229
-722
-1314
-1758
-1699
-1622
-1100
-646
-810
-1001
-1422
-1846
-1729
-1289
-708
-43
608
851
867
1076
1260
1529
2102
2617
3018
3463
3699
3686
3332
2951
2988
3227
3353
3395
3331
2936
2217
1568
1428
1274
1068
939
623
402
171
-150
-440
-1044
-1272
-980
-1014
-1073
-1025
-1319
-1611
-2019
-2431
-2413
-2137
-1763
-1746
-2209
-2134
-1594
-1715
-1866
-1994
-1842
-1379
-1413
-1450
-1747
-1906
-1760
-2058
-1856
-1593
-1790
-1651
-1623
-1148
-258
-84
38
190
272
694
908
594
118
-267
130
913
1284
975
-33
-714
-839
-560
-128
-139
-255
-434
-600
-479
-572
-869
-1094
-1200
-936
-145
674
1025
965
726
456
594
1143
1749
2212
2549
2895
3106
3282
3395
3146
3118
3364
3142
3614
4068
3540
2974
2191
1634
1670
1744
1856
1746
1438
1024
582
201
-181
-440
-697
-574
-361
-702
-987
-755
-1173
-1696
-2500
-2894
-1788
-1697
-2064
-2492
-3229
-2876
-2986
-3113
-2495
-2561
-2255
-1992
-2065
-1947
-2112
-2286
-2432
-2108
-1452
-1276
-1312
-1472
-1798
-1614
-1362
-1282
-1174
-1197
-932
-578
-499
-677
-886
-805
-594
-452
-264
37
788
1516
1660
1346
596
280
579
1082
1496
1669
2071
2526
2834
2887
2483
2026
1691
1559
1951
2750
3429
3434
2622
1440
404
-190
-112
489
1083
1375
1261
929
616
166
-301
-512
-302
364
988
1294
1250
903
478
70
26
403
767
1050
940
523
387
268
52
-235
-564
-595
-500
-449
-467
-823
-1228
-1708
-2038
-1890
-1671
-1486
-1596
-2105
-2317
-2269
-2253
-1936
-1960
-2006
-1826
-1471
-1363
-1794
-2108
-1959
-1523
-1508
-1232
-711
-603
-437
-132
-248
-525
-267
161
321
512
475
372
586
629
449
190
258
254
218
126
59
-74
-310
785
2720
4640
4479
1602
-909
-901
1493
3256
2883
2429
2605
3383
3661
2643
1016
-723
-1834
-1559
576
3030
3681
1854
-1626
-4682
-6287
-5647
-3423
-1631
-623
-573
-1072
-1735
-3026
-4324
-4474
-3183
-639
2123
3999
4608
3459
1071
-555
-87
2121
4515
5861
5961
4785
3284
2184
1416
1086
845
785
1361
2024
1715
254
-1927
-3959
-4737
-3886
-1848
-559
-1160
-2341
-3701
-4584
-3996
-3418
-2857
-1807
-1060
-932
-1289
-1206
-1090
-1659
-1534
-99
1459
2178
1532
389
85
-178
-455
55
556
1208
1557
996
289
-478
-989
-1280
-1173
-393
1286
4357
6537
5109
124
-4394
-4170
-111
3627
3793
2025
1289
1649
1615
-225
-2495
-3800
-4005
-2700
29
3151
4088
884
-4787
-9054
-9233
-5683
-1096
1545
1638
258
-1608
-2964
-3664
-3485
-2136
145
3012
5597
6829
6064
3469
609
-61
2638
7101
10174
9806
6805
3542
1579
1219
1643
2276
2878
3050
2704
1469
-664
-3324
-5731
-6433
-5071
-2406
32
222
-2252
-5898
-8286
-7533
-4662
-1608
-55
-97
-607
-1653
-2982
-3804
-3375
-1489
842
2652
3302
2294
514
-1033
-1570
-832
516
2074
2975
2676
996
-1093
-2503
-1826
2291
7305
9722
5899
-1389
-5187
-3328
1505
2959
636
-109
1901
3953
2151
-3017
-7302
-8556
-7105
-3310
1713
4898
3122
-4050
-11673
-13857
-10206
-3668
1282
2937
2556
607
-1836
-3768
-4591
-3505
-881
2746
6968
9789
9788
6835
2110
-1075
-58
4902
10855
13489
11162
6207
1752
-21
457
1553
2933
3837
3754
2703
737
-1535
-4078
-6367
-6843
-4526
-664
1842
699
-3492
-7324
-8286
-5898
-1970
648
1258
432
-957
-2144
-2878
-2547
-1693
-466
1111
2153
2831
2212
87
-2286
-3022
-1468
970
3080
3593
4177
4748
4409
1967
-2877
-4894
-1508
4653
8060
4393
-1505
-3817
-2395
-825
-1963
-4028
-4576
-3929
-3526
-2749
-1708
-2262
-5638
-10540
-12278
-9361
-4640
-1206
-921
-2229
-3751
-4940
-4580
-2649
-289
1626
2984
4431
5970
6379
5872
4990
4282
5026
7502
10617
12277
10442
6137
2883
2529
4408
6015
6057
4797
2552
214
-1246
-1722
-2084
-2701
-3269
-2882
-1377
-585
-1519
-4057
-6674
-6911
-4558
-647
2246
2047
-4
-1951
-2125
-1010
159
1262
2179
2531
2676
2806
2383
1092
-462
-1063
28
1705
2546
3705
4681
4764
2042
-3745
-6540
-3990
1811
5463
2514
-2782
-5363
-4334
-2311
-2490
-4477
-6279
-7036
-6510
-4094
-1780
-1955
-5763
-11414
-13420
-10562
-5680
-1976
-1512
-2821
-4584
-5924
-5397
-3078
-316
1557
2420
3366
4955
5799
5414
4644
4306
5765
8439
11238
12661
10915
7422
4395
3493
4848
6684
8036
7725
5390
2053
-353
-717
-398
-660
-1555
-1741
-713
-45
-901
-3289
-5684
-6316
-4533
-1191
1305
1492
-54
-1903
-2718
-2067
-632
1638
3750
4176
3048
1365
337
352
291
871
2020
2837
3829
2928
2434
2452
1926
946
-1865
-2892
-534
2738
3727
-406
-5891
-7502
-5285
-2302
-2034
-4429
-7357
-9041
-9493
-7767
-5306
-4958
-7248
-11178
-12331
-9747
-6450
-4442
-4497
-5363
-5687
-5204
-3226
-374
1134
1099
1061
2583
5525
7534
7510
6834
6445
7302
9545
11688
12325
10475
7051
5011
5456
7190
8188
7404
5004
2172
62
-395
627
910
-280
-1988
-2616
-1767
-1443
-2018
-3195
-4283
-3997
-2734
-796
714
386
-978
-2084
-1736
121
2581
4106
4056
3068
1916
2235
3562
3689
3174
1464
1183
1978
2463
6105
8491
7895
1650
-6997
-7677
-871
5985
5349
-2585
-8165
-7045
-3705
-3049
-5476
-8571
-10798
-12007
-11048
-5835
-1992
-3790
-10874
-17924
-17432
-11513
-5012
-1605
-2655
-5736
-8273
-8336
-5143
-1282
480
1261
2827
5179
6930
6457
5170
4812
5382
7860
11937
15402
15500
11147
5465
3108
4681
7738
9978
9532
6886
3486
177
-754
-199
-355
-995
-1862
-1528
-431
-582
-1899
-4503
-6870
-6059
-2551
1239
2370
-14
-2555
-2838
-1176
1549
3723
4592
4726
3702
3316
3995
4342
4961
4695
4501
4533
2920
3186
6456
8698
7359
-386
-6703
-4494
1662
5283
1128
-6543
-9122
-6811
-4142
-3559
-5833
-8856
-12176
-14976
-12821
-6601
-2875
-5086
-12429
-17793
-16006
-10843
-5876
-3781
-4634
-6098
-7144
-6376
-3479
-975
-253
574
2434
5239
7113
6486
5327
4572
5091
8123
11962
14579
13346
8396
4058
3136
5400
8372
9512
8281
5530
2205
72
70
473
302
-402
-882
-169
247
-177
-1798
-4632
-6052
-4551
-680
2548
2417
-120
-1921
-1645
13
1994
3495
5044
5380
4347
3365
3441
4255
5268
5047
5557
5248
5085
8413
10151
9793
1966
-5880
-4159
2452
7817
4267
-4649
-7709
-6434
-5645
-6872
-8928
-8659
-9518
-12794
-13403
-9079
-6623
-8981
-15842
-19444
-15058
-10010
-6869
-6600
-7525
-7630
-8149
-7571
-4625
-2059
-720
518
2394
4911
6278
5394
4389
4556
5746
9522
13527
14839
11750
5747
2636
4360
7681
9600
8858
5759
2665
473
-332
888
1019
-595
-2050
-2213
171
1847
657
-1741
-4549
-4860
-1788
2047
4114
2467
-671
-1674
-122
2820
4550
4678
3861
3459
3819
5581
7349
7523
6371
4134
3659
3500
7867
12974
13596
7232
-3954
-6133
536
7471
7229
-1224
-6399
-4760
-3965
-5479
-8612
-9312
-9526
-12457
-13660
-9542
-5390
-7773
-15232
-21132
-17947
-11289
-7784
-7887
-9381
-9304
-8440
-7717
-6171
-4041
-2784
-1258
815
3484
6056
6408
4583
3103
3179
6745
12093
14622
13083
7493
3098
2837
4837
7561
8346
6513
3079
-464
-1775
-723
394
-302
-2330
-4152
-3676
-1111
658
624
-1955
-4262
-3472
-649
2615
3347
1809
621
739
2731
5480
6375
5633
4030
3652
5561
8111
9333
9126
6882
5370
4386
6632
13252
15293
11045
240
-5011
726
7690
9152
2693
-4145
-4427
-3949
-5481
-6987
-7792
-8711
-12310
-15005
-11717
-6350
-7357
-13569
-20009
-19412
-13189
-9099
-8005
-9667
-11345
-11113
-8809
-5489
-2889
-2464
-2530
-999
1299
3975
6190
6363
5312
4027
4792
8994
12181
11680
8161
4306
3393
4323
5327
6099
5308
2241
-1264
-3517
-3306
-1439
-1063
-1680
-3009
-4765
-4536
-3020
-1309
-770
-2062
-1856
-236
1195
1541
493
609
2143
3948
5273
5776
5492
4915
4756
6106
7837
9504
9078
8373
7902
7457
12461
14997
14141
7087
-798
1764
8001
11717
7966
-522
-3003
-2126
-2849
-3986
-5137
-5923
-9602
-14029
-13622
-8476
-6958
-11261
-17611
-19973
-15722
-12314
-10283
-9737
-10399
-11341
-12221
-10000
-5876
-3013
-2223
-1644
91
2168
3271
3337
3549
4501
5865
8637
10730
10747
9152
6228
4885
4533
4398
5417
5553
4079
1024
-3040
-4888
-3903
-3046
-2920
-4034
-5818
-6232
-5957
-4582
-2597
-2151
-1692
-1566
-1872
-658
307
1118
2060
2993
5023
6661
6254
5269
4889
6014
8900
10127
9587
8725
8462
8555
12587
15772
14781
9423
1453
3095
9208
12096
9965
2338
-1085
-117
-1533
-2678
-3508
-4933
-8042
-12914
-12791
-7762
-6592
-11161
-16732
-19250
-15898
-13054
-12201
-10337
-9711
-10008
-10722
-9966
-6858
-4538
-4210
-2808
223
3102
4838
4117
2608
2746
4200
8264
12029
11775
8723
5233
3920
4799
5588
5358
4919
3062
-4
-2588
-4494
-4477
-4004
-4990
-5486
-6314
-7313
-7429
-7572
-6381
-4621
-2924
-1540
-1598
-2250
-1998
-643
1081
3079
4336
5517
5897
4955
4294
5146
7903
10801
11261
9768
8935
8064
12457
16667
15649
10576
2600
4221
11510
14587
11676
3364
-680
1401
1438
311
-355
-2156
-6536
-12662
-13629
-7361
-4156
-8300
-15373
-20087
-16923
-12994
-11482
-10866
-11615
-11684
-11401
-9539
-6566
-4881
-4547
-3474
-724
1844
3732
4657
4197
4020
4034
6902
11407
12659
10453
5844
3484
4753
6802
7333
5267
2143
-768
-2356
-3767
-4583
-4449
-5241
-6035
-7898
-9549
-9176
-8230
-7253
-7213
-6386
-3800
-2861
-3679
-4458
-3968
-1314
1589
3668
4968
4773
4224
4028
5008
7419
10003
10269
10436
10274
10716
15849
16514
13793
7247
2448
8883
15203
16089
10740
1819
228
2634
3082
3409
1666
-2377
-7803
-11709
-9270
-3965
-5022
-9602
-14706
-17174
-14157
-12317
-10716
-10017
-11324
-11415
-10043
-7584
-6008
-6290
-5831
-2693
792
2955
4165
3617
2204
1803
3764
9389
13267
11876
7396
3490
4170
6523
7140
6176
3502
893
-938
-2326
-3516
-4713
-5980
-6454
-6596
-7573
-8330
-9141
-9722
-9791
-9000
-5966
-3108
-2745
-4357
-6234
-5689
-2765
695
3594
4718
4553
3894
3743
4561
6678
7932
9091
10880
10673
14726
16934
13951
8383
1414
5367
14202
17437
14480
5665
632
2208
2613
3023
4027
1928
-2774
-8014
-8967
-4319
-4084
-8470
-11937
-13784
-11085
-9986
-11269
-11383
-11934
-11395
-9045
-6434
-5122
-6029
-7756
-5616
-567
3058
5669
5234
3069
2464
2628
6853
11646
12408
10227
6674
6117
6872
6584
5670
4047
2358
308
-984
-2204
-3907
-6043
-8680
-9473
-9061
-8338
-8129
-9225
-10116
-10757
-10105
-7732
-5597
-4218
-3719
-3937
-4187
-3673
-1507
1574
3650
4499
4886
4855
5829
6641
7739
9166
9222
13861
17336
15611
9677
1829
4146
11548
14834
12652
6227
3302
4186
3044
2082
2503
645
-3494
-7323
-5975
-919
-2593
-8724
-12796
-13655
-10151
-8475
-7922
-7425
-10133
-12382
-10898
-5763
-1618
-2101
-5234
-5571
-2223
1685
5650
7165
5878
4377
3145
6249
10497
11396
10666
8081
7182
7236
6842
6687
4728
1617
-917
-1290
-706
-1385
-4726
-8722
-10546
-11261
-10642
-9097
-8019
-8610
-11191
-12008
-10174
-7954
-6158
-4878
-4050
-4198
-4677
-3894
-855
2850
4219
4158
3569
4800
6472
7635
8868
10853
16419
17171
12551
5263
1893
8421
14768
14838
9172
2029
1253
3549
3726
3843
2792
-1222
-6448
-8672
-4592
122
-3601
-10057
-13860
-12850
-8058
-6920
-6939
-7674
-10365
-10858
-8128
-3996
-1207
-1546
-2473
-1522
-250
1612
4761
6547
6981
6565
6725
9885
11076
9382
8135
8378
10265
9969
7272
5268
3187
873
-881
-1371
-616
-1544
-5524
-9388
-10850
-11181
-10585
-9469
-8651
-9074
-11337
-12217
-11478
-10134
-7343
-4704
-3120
-3324
-4666
-5173
-3314
353
3888
6126
6703
6317
5337
4960
6842
14363
19731
17587
9737
2382
4602
10699
13637
12051
6732
2735
1771
1258
2519
3205
-1051
-7094
-9246
-5156
2
-2864
-9695
-14086
-15453
-11937
-8101
-4850
-3936
-8207
-11935
-10331
-4940
-1269
-952
-672
1579
2913
2307
3049
5131
7042
8095
9095
11917
13222
10537
6892
6807
10182
12789
11544
7732
3922
288
-1808
-1752
-921
-1003
-3959
-7856
-10073
-11919
-12694
-11611
-9372
-8050
-9529
-11165
-11204
-10845
-9848
-8101
-5259
-2499
-2596
-3312
-2580
-1043
1055
1906
3347
6615
8828
9027
7108
10147
14412
13790
9489
5081
8860
13860
13025
8394
3084
2178
3805
3734
3931
3292
-1628
-8694
-11560
-6801
-397
-2311
-9028
-13505
-14983
-12743
-10765
-7951
-5563
-7897
-10331
-8793
-4333
-1865
-3304
-3161
1200
5482
7100
6880
5937
5380
5480
7947
14236
17709
14821
8964
5456
7767
11739
13119
11511
7504
2322
-1258
-2162
-855
-93
-3519
-7733
-9805
-11294
-12111
-12255
-11268
-10005
-10887
-11509
-10963
-10346
-9375
-8929
-8320
-6415
-4581
-3358
-1544
189
686
1277
1696
3927
6766
8732
9483
10711
14706
14854
11278
5584
5360
11443
14514
12870
7023
1758
1188
1935
2624
3725
1299
-5365
-11286
-10625
-4134
-1980
-7512
-12779
-15301
-14336
-11727
-9686
-6664
-7557
-11522
-11415
-6392
-1156
-975
-3470
-1668
3105
6150
7764
8327
8179
7735
6889
10319
16431
17650
13989
8939
7818
11198
12819
11939
9698
5574
1982
-680
-1530
-197
-1509
-5198
-8180
-10526
-11725
-12806
-12787
-10881
-10424
-11245
-12009
-12467
-11089
-9429
-8301
-6444
-5693
-5420
-4634
-2719
546
2538
2605
2362
3253
6206
9329
10583
14520
15695
12466
7503
4420
9890
15519
14995
9953
2804
-158
1933
4051
5871
3907
-4088
-11432
-12578
-6641
-1229
-4978
-11561
-15696
-17432
-15093
-11907
-7957
-6436
-10788
-13649
-9958
-3877
-1381
-3313
-3323
1505
5299
6958
8481
9035
8860
7744
9059
15083
18864
16535
12280
9921
11396
13918
13290
11729
8402
4131
1788
66
466
22
-4179
-7524
-9803
-11530
-11688
-11900
-11337
-11275
-12805
-12746
-12264
-11822
-10146
-9391
-8180
-6610
-6594
-5507
-3283
-870
940
1432
2039
3496
5126
7587
8945
12726
17147
15099
9303
3769
6922
14602
16641
12952
6384
1579
1197
2272
4161
5745
936
-8270
-13677
-10466
-3319
-3855
-10552
-15026
-17020
-16238
-14741
-12016
-8345
-10016
-14075
-12947
-6849
-2248
-3164
-4643
-1063
3955
6077
7350
8608
9579
9458
9554
14036
18769
18045
14150
11806
12787
15188
14886
13135
10677
6318
3293
1645
1451
1198
-2810
-6507
-7948
-9863
-11781
-13146
-12084
-10267
-11568
-13274
-13232
-12358
-10797
-10207
-9461
-7341
-6561
-6362
-4653
-1530
1347
1936
1017
1739
4136
7695
9361
12888
17505
15492
9447
3344
6888
15902
18117
13735
6432
1978
2312
3067
4601
6258
1836
-7295
-13258
-10382
-2966
-3827
-11359
-16224
-17991
-16611
-15343
-13124
-9779
-12080
-16519
-15551
-8979
-3807
-5015
-7030
-3175
2229
4415
5932
7798
9578
9414
8654
13478
19278
18968
15052
12304
14480
17514
16418
14255
11930
8891
5840
3597
3676
3554
-823
-5789
-7890
-8908
-9905
-11505
-11674
-10930
-11984
-13323
-14074
-13247
-11056
-9700
-8904
-7772
-7544
-8029
-6873
-2946
1153
3156
2272
1146
2539
6101
9230
11074
15699
16690
12510
6224
5222
13134
18243
15808
8965
3275
3068
4517
4716
5467
3060
-4710
-11629
-11335
-4613
-2351
-9474
-15887
-18086
-17867
-16438
-15136
-11303
-10715
-15605
-17589
-13158
-6968
-5661
-7583
-5381
303
3094
3545
4942
7410
9485
9478
11920
17496
18946
15886
13052
13813
17192
17877
15623
13504
10545
7484
5199
4194
4334
1198
-3809
-5769
-6771
-8897
-11518
-12401
-10546
-9986
-11730
-13146
-13551
-12104
-10116
-9281
-7541
-6681
-7861
-7868
-4967
57
3137
2471
919
1246
4481
8871
10912
14351
16207
12667
7263
4598
10921
17985
17145
10933
4261
2217
4390
5899
6857
5668
-1721
-10138
-12151
-6225
-863
-5787
-13822
-17182
-17578
-16320
-15704
-13304
-11010
-14161
-17439
-15229
-9845
-7425
-9443
-8813
-2765
1946
2871
2983
3899
6251
7953
10693
16395
18946
16009
12515
12898
16618
18854
17436
14975
12020
8823
6983
6139
6186
3964
-1605
-4973
-5381
-6491
-9084
-11174
-10584
-9842
-11450
-12971
-13363
-12534
-10698
-9760
-8842
-7366
-7514
-8058
-6550
-2427
1513
2131
882
459
2403
6636
10037
10565
13482
15094
12171
8023
6404
12335
17319
15251
9465
3900
3119
5596
6244
6366
4499
-2755
-9912
-10899
-5346
-1232
-6630
-13578
-16232
-17247
-16045
-15258
-12967
-11266
-14827
-16755
-13726
-9502
-8415
-9984
-7962
-1978
1075
933
1648
3338
5534
7300
10558
15988
17219
13867
11583
13074
17054
18711
17576
15122
11428
8040
6383
6762
7314
4231
-1728
-5073
-5711
-7107
-9256
-9800
-8905
-9962
-12929
-13963
-12431
-10643
-9708
-9631
-8852
-7612
-7896
-7942
-5053
-701
1982
941
-195
1175
4113
7198
9478
9380
9677
13819
14547
12480
8289
7114
12688
15267
12831
7309
2703
4025
5930
4824
3897
489
-5546
-9746
-9711
-4181
-2565
-8933
-14250
-17444
-16719
-14296
-13606
-11262
-11758
-14842
-14910
-12297
-8704
-7115
-7477
-4823
-1125
278
1805
2634
3783
6443
8488
12024
15458
14803
12654
10905
12208
16037
17541
17015
12888
7801
5262
4805
6501
6463
2107
-3699
-7124
-7896
-7704
-7193
-6668
-9035
-13627
-14752
-12004
-9374
-8781
-9136
-8934
-8988
-8746
-7126
-4557
-1048
196
-546
-69
2780
5234
5650
6064
7881
9607
10324
15333
17340
13505
7225
4812
11699
16733
13822
7234
2613
3132
4206
2877
2809
1381
-5530
-11890
-11522
-4809
-1849
-9280
-15534
-16969
-16256
-14256
-13385
-10467
-9995
-14215
-15656
-11465
-6060
-4845
-6847
-5584
-420
1817
1735
2782
5093
7564
7891
10178
14622
14765
11388
9311
11616
16078
15910
13143
10174
6451
4777
3813
4995
5940
1247
-5475
-8981
-7909
-5211
-5626
-7841
-9676
-12275
-12682
-10992
-9552
-7687
-7437
-8090
-7929
-7275
-4830
-3392
-2685
-636
1203
3456
5146
4635
3711
4601
7630
10857
12338
15879
15743
10547
6035
5477
11922
15869
12767
6993
1630
1175
3415
3729
3651
606
-6851
-11800
-10766
-5182
-2309
-8281
-14155
-15899
-15906
-13603
-12606
-10666
-9665
-12654
-13085
-9845
-6219
-5148
-6402
-4542
327
2261
2137
2865
4432
7245
8766
9961
12488
12199
10172
9409
11283
14790
14241
10762
7364
4597
4172
4628
4773
3552
-1298
-6260
-7212
-5699
-5139
-6961
-8404
-8718
-10133
-11299
-10469
-8935
-7650
-7271
-6881
-5683
-5499
-5603
-4940
-2252
1880
3959
3673
2747
2256
3319
5892
10057
12815
11548
12861
13156
10792
8086
6522
11281
14707
11778
5945
1066
1923
5064
4032
2064
-371
-5906
-10239
-10543
-5733
-2078
-7320
-13119
-15425
-15686
-13342
-12516
-9998
-8112
-11185
-12885
-10862
-6753
-4150
-5141
-3950
235
1838
2002
2691
4784
7812
7891
7994
10771
11710
10375
8439
9044
12442
12334
9622
6617
4187
3805
3426
2868
2071
-934
-4721
-6678
-6607
-5662
-5715
-6622
-7987
-10292
-10988
-9375
-7802
-6440
-5626
-5578
-6017
-6496
-5266
-2649
460
2517
2506
1629
1974
3445
5637
8041
9990
10074
9319
12959
14376
11474
6886
5254
10747
14030
11297
5916
1324
1927
3915
2998
2481
76
-6006
-10435
-10329
-4739
-1501
-7346
-13369
-16047
-15179
-11587
-10380
-8611
-8902
-12807
-13225
-9118
-4201
-2807
-5308
-5043
-888
1824
3638
4556
4882
5864
5587
7411
11445
12152
9982
7287
7371
10571
10828
9085
7090
3946
2808
2048
2033
2764
-376
-4776
-7050
-6644
-4705
-5179
-6975
-8099
-10106
-10684
-8937
-7073
-5322
-5462
-6609
-6563
-5807
-3275
-1119
-395
802
1468
2186
3904
5181
6275
6532
7447
9148
10474
14660
14732
10139
5336
4313
10232
14142
12015
6382
740
558
3264
3534
2954
286
-5759
-9998
-9614
-4315
-1608
-7540
-13030
-14890
-13369
-10157
-10240
-9515
-9658
-11928
-10980
-7352
-3923
-3800
-6501
-5510
-164
3491
4642
3614
2798
4405
5344
7898
11659
11844
9178
5913
6218
9693
10428
8999
6592
3489
2615
1997
1898
2476
-218
-3860
-5737
-5952
-5475
-6533
-7277
-7018
-8806
-10019
-8846
-7377
-5777
-5548
-5842
-5116
-4835
-3815
-2649
-1237
1460
2579
2491
3345
4039
4940
5615
7559
9752
10983
13824
12467
8448
4667
5122
11227
14209
11304
4846
-313
1169
4656
4766
3376
-695
-6399
-8989
-7784
-2953
-1842
-7685
-11813
-13409
-12057
-9756
-10249
-9285
-9216
-10765
-9471
-6664
-4479
-4997
-6875
-3913
1444
3632
3569
1901
1837
4152
5569
8305
11028
10143
7081
4572
6308
10119
10217
7883
5467
3380
2999
2467
2010
2095
-264
-3339
-5171
-5872
-5483
-5837
-6513
-6633
-8274
-9798
-9251
-8044
-5937
-4631
-4653
-5008
-6228
-5707
-2842
146
2257
2381
1469
2084
3253
4975
6578
8394
9437
9711
12810
12551
9250
5204
5014
10737
13433
10619
4756
387
1768
4373
3931
2794
99
-5102
-8719
-8490
-3487
-1120
-6154
-10765
-13345
-12467
-9975
-9626
-7780
-7511
-9588
-9586
-7511
-4844
-4243
-5388
-3358
541
2233
2564
1692
2188
4493
5377
7401
9825
9437
7070
4704
6250
10050
10133
8191
5815
3308
3178
2448
2310
2657
-61
-3494
-6044
-6242
-4950
-5644
-6724
-6959
-8654
-9899
-9306
-7781
-5260
-4410
-5129
-6242
-7291
-4941
-1699
286
1740
1376
1182
2159
3471
5600
6394
7339
8249
8820
12762
13017
9488
5241
4518
9702
12648
10700
5768
1198
1215
3291
3708
3710
1152
-5081
-9291
-8620
-3115
-179
-5200
-10410
-13487
-12986
-9657
-8148
-6252
-6918
-10103
-10258
-7184
-3261
-2532
-4900
-4478
-757
2106
3488
2913
2591
3842
4262
6295
9431
9873
7956
5080
5427
9079
10003
8434
5805
3465
3475
2604
2018
1987
-504
-3249
-5006
-5553
-5324
-6281
-6994
-7049
-8300
-9063
-8822
-7923
-5792
-5201
-5912
-6054
-6021
-4469
-2535
-731
1214
1340
1059
1917
3306
4959
5720
6225
7923
8037
10702
12844
10236
6708
3539
6933
11938
11437
7374
1701
46
3028
4184
3488
1575
-3543
-7885
-8892
-5179
-118
-2843
-8664
-12079
-12881
-9261
-7413
-6922
-6280
-8367
-8727
-6377
-3842
-2641
-4534
-4759
-577
2699
3766
2956
1623
2705
3922
5572
9095
10214
7787
4356
3808
7592
10136
9537
6567
3163
2315
2099
1720
1627
816
-2086
-5315
-6156
-5661
-5782
-6338
-6559
-7726
-9153
-8676
-7427
-6417
-5467
-4916
-5339
-5936
-4991
-3064
-944
808
1508
1528
1702
2718
3744
5140
6532
7893
7450
8049
11741
11196
7819
3625
4445
10289
11368
7869
2977
383
2159
3219
2367
2164
-711
-5775
-8994
-7483
-1376
-350
-5760
-9876
-11816
-10067
-7871
-7060
-4707
-5006
-7418
-7649
-5934
-3123
-2612
-3639
-1267
1907
2872
2413
1116
1760
3742
4940
7682
9669
7834
4522
3174
6276
9570
9384
7152
3711
1625
1258
1214
2017
1855
-856
-4928
-6975
-5885
-5013
-5809
-6014
-6516
-8658
-9651
-8328
-5751
-4105
-4385
-5183
-5986
-5045
-2703
-1051
557
1434
1389
1293
2309
4004
4895
5125
5953
6782
6726
10171
11745
8808
4395
1968
7084
11343
9789
5200
157
-182
2425
3013
3087
1590
-3618
-8449
-8998
-3230
2063
-1626
-7834
-11438
-11364
-7899
-6163
-4188
-3263
-6117
-7867
-6854
-3653
-1456
-2672
-2411
579
2441
2234
860
773
3035
4573
6111
8430
7816
4926
2484
3918
8108
9500
7504
3451
419
698
1965
2528
2061
-227
-4064
-6852
-6258
-4230
-4141
-5119
-6322
-8120
-8746
-7195
-5140
-4376
-4726
-4900
-4997
-4438
-2711
-1308
-670
36
992
2075
2861
3237
3279
3872
5295
6883
6872
7754
10921
9712
5592
1975
3919
9799
10299
6404
1708
-447
1406
2873
2644
2323
-732
-6163
-8893
-6115
247
928
-5063
-9270
-10603
-8703
-6401
-5298
-2950
-3400
-6294
-7250
-5548
-2442
-1601
-2105
-206
1958
1904
926
264
1832
4261
5184
6715
7359
5380
3237
3120
6173
8557
7539
4682
1403
317
1519
2322
2105
670
-2461
-5563
-6029
-4197
-3613
-4826
-5854
-6914
-7707
-7240
-5494
-4450
-4839
-4825
-4346
-3628
-2647
-2199
-1756
-300
1495
2255
2140
2265
2971
3683
4727
5884
6634
6076
7583
9923
8241
4743
1926
4647
8653
8076
4704
549
-549
1453
2390
2203
1547
-2241
-7043
-8497
-4359
1417
-134
-5699
-9338
-10521
-8032
-5627
-3459
-1636
-3873
-7142
-7491
-4595
-1072
-644
-1249
223
1338
1198
863
1191
3500
5164
5451
6292
6124
4734
3416
3645
6441
8075
6521
3360
478
707
2253
2171
1167
-677
-3120
-4877
-5035
-4194
-3841
-4727
-5817
-6561
-6817
-5789
-5063
-5086
-4618
-3895
-3124
-2891
-2802
-2060
-1013
320
1391
1817
2187
2271
2590
3735
4672
5357
5732
5313
7665
9244
6751
3326
1338
4922
8474
7251
3904
-5
-971
1114
2070
2421
1243
-3450
-7652
-7850
-2801
2000
-681
-5959
-9484
-10242
-6955
-4218
-2137
-1314
-4516
-7359
-6969
-3642
4
123
-680
298
651
618
866
1759
4386
5336
4780
5143
4743
3999
3549
4270
6492
6952
5212
2526
437
1364
2788
2182
823
-860
-2963
-4590
-4605
-3284
-3205
-4600
-5329
-6030
-6260
-5430
-4770
-4480
-4205
-3296
-2571
-2951
-3046
-2184
-791
712
1862
2245
2197
1780
1975
3167
4717
5755
5679
4066
4008
7070
7770
5747
2117
1829
5469
6211
4384
1300
-766
369
1510
1577
1151
-1671
-5522
-7039
-4605
855
1858
-3277
-8069
-10064
-7423
-3646
-1861
-712
-3178
-7238
-7877
-4340
893
2215
-608
-1921
-1412
-244
1413
2445
3999
4076
2274
2555
4201
5030
4392
3292
3884
5137
4422
2742
1896
1969
2780
1701
387
35
-1291
-2743
-3539
-2915
-2599
-3895
-4666
-4137
-4212
-4840
-4955
-4320
-2620
-1770
-1998
-2642
-3331
-2195
-549
707
1867
1678
761
426
1265
3209
4493
4265
3346
2458
1804
4150
7972
7948
4315
-479
304
4901
6489
4563
812
-949
414
1192
859
730
-1327
-4200
-5450
-2863
1970
912
-4639
-8133
-7858
-3798
-1282
-1787
-2863
-5502
-6932
-4852
-1038
1577
-482
-4089
-3732
-1007
1582
2570
1694
1227
760
741
2721
4591
4888
3549
1814
2387
3845
4163
3704
2567
2226
2068
902
440
412
-377
-1330
-1904
-2182
-2892
-3492
-2775
-2312
-2988
-3695
-3960
-3348
-2004
-1119
-1249
-1826
-1830
-1408
-755
421
1176
1020
516
847
1687
2319
2766
2501
1693
1211
1296
4253
8214
6823
1793
-2599
-411
5404
7047
5101
923
-1906
-1121
318
1919
2854
431
-3560
-5549
-3246
1613
1661
-2604
-5713
-6510
-3966
-2306
-2714
-2644
-3865
-4552
-3452
-2011
-1222
-2659
-4233
-2737
-186
1428
1252
-759
-1270
-380
952
3368
4683
3863
1819
300
1417
4085
5647
4968
2187
488
1251
1877
2044
1642
397
-993
-2130
-2009
-1252
-1007
-948
-1824
-3276
-3381
-2515
-1606
-1118
-1098
-988
-1522
-1997
-1383
-747
-228
48
419
664
291
99
569
1607
1965
1102
457
908
3264
6755
6053
2026
-1798
-997
4433
7369
5914
1638
-1903
-1086
1560
3165
3734
1630
-2319
-5237
-4159
1532
4340
572
-4729
-7560
-5738
-2812
-2170
-1375
-1810
-3987
-5789
-5822
-3015
-1164
-2463
-3189
-2214
-857
-499
-1886
-1874
-113
1077
2029
2705
2869
2197
486
794
3785
6015
5325
2159
470
1513
2687
2917
2663
1749
-126
-1812
-1753
86
1288
380
-1650
-3044
-2782
-1672
-952
-763
-943
-1499
-2175
-2423
-1904
-1136
-807
-677
-353
-265
-611
-861
-213
805
1040
608
483
1077
2361
5244
5874
3026
-404
-649
4138
7358
6305
2961
-139
352
2799
4008
4086
2371
-1206
-3751
-3049
1850
4886
847
-5036
-7990
-5971
-2138
-1525
-2105
-3568
-6065
-7105
-6044
-3149
-1581
-3570
-5236
-4367
-2536
-1176
-1878
-2454
-1169
-243
963
2422
2895
2445
1073
1269
3729
5426
5267
3441
1677
2350
3511
4026
3794
2301
750
-455
-212
1325
1543
249
-1270
-2185
-1957
-1232
-852
-828
-1540
-2292
-2379
-2544
-2414
-1901
-1654
-1441
-1122
-978
-1247
-1502
-1119
101
929
945
423
285
1003
3468
6599
5805
2394
-617
1006
5918
7917
6444
2846
507
1543
3146
4056
4424
2343
-1457
-3735
-1846
2781
2767
-2329
-6366
-6874
-4007
-2702
-3815
-3957
-4677
-6218
-6982
-5788
-3136
-3148
-5787
-6167
-3778
-1324
-1286
-3177
-2859
-932
313
1669
2731
3196
2530
993
1688
4787
7116
6162
3005
1696
3094
4230
4566
4174
2548
849
-154
280
1429
1352
170
-1446
-2271
-1624
-1182
-1609
-1906
-2036
-2199
-2646
-3057
-2606
-2102
-1852
-1606
-1527
-1612
-1902
-1765
-567
627
828
172
-95
1117
2572
5391
6862
4706
1489
105
4119
8558
8574
5061
906
894
3656
4887
4774
3552
389
-3009
-3803
-222
3409
706
-4710
-7778
-6761
-3814
-3971
-4529
-4254
-5723
-7531
-7775
-5262
-3095
-4747
-6361
-4871
-2375
-1408
-2910
-3508
-1221
768
1587
2177
2656
2875
1807
1520
4593
7373
6632
3579
1815
3725
5143
4538
3795
2562
1608
788
138
693
1000
230
-876
-1640
-1532
-1694
-2601
-2315
-1463
-1656
-2685
-3919
-3463
-2273
-1754
-1260
-1460
-1946
-2374
-2014
-291
1120
1197
516
126
1165
2565
4848
7602
6474
2751
0
2785
8379
9374
5904
1750
1168
3646
4354
3590
3269
1423
-1968
-4000
-2034
2066
1059
-4315
-7522
-6786
-3913
-4056
-5614
-4960
-5104
-6654
-7593
-6096
-3673
-4320
-6305
-5396
-2784
-1395
-2320
-3267
-1482
414
924
1709
2807
3668
3058
2086
3674
5766
5858
4559
3536
4248
4514
3288
2521
2289
2402
1700
224
-163
-221
-488
-610
-759
-1345
-2561
-3303
-2722
-1607
-1244
-1978
-3269
-3566
-2645
-1605
-964
-1150
-1551
-1764
-1237
40
1125
1512
1061
742
1594
2855
5182
7662
6472
3157
716
3010
7836
9001
6241
2207
1188
3285
4020
3307
2870
1322
-1724
-4069
-2771
992
676
-3885
-7258
-7189
-4794
-4745
-6077
-5547
-5449
-6454
-7497
-6534
-4025
-3972
-5764
-5585
-3107
-1018
-1470
-2709
-1695
124
1163
2119
3199
4313
3807
2138
2637
4904
6471
5726
3853
3477
3583
3046
2710
2580
2476
1630
-62
-844
-649
-245
-228
-1003
-1651
-2369
-3082
-2962
-2201
-1454
-1787
-3033
-3460
-2675
-1513
-904
-1301
-1580
-1343
-693
364
1417
1907
1543
1040
1624
3014
4415
6964
7424
4698
1463
1393
5952
9022
7705
3695
864
1809
3073
2776
2749
2260
-525
-4126
-4950
-1436
1025
-1877
-6027
-7656
-6234
-5160
-6166
-5535
-4579
-5621
-7373
-7370
-4621
-3364
-5154
-5775
-3570
-1059
-924
-2334
-1805
263
1528
2268
3380
4683
4251
2378
2341
4801
6812
6312
4227
2991
3079
3006
2724
2662
2603
1544
-580
-1595
-958
-282
-417
-1121
-1931
-2829
-3331
-2968
-2262
-1752
-1932
-2751
-3349
-2829
-1643
-1032
-1122
-1121
-720
-271
264
1011
1589
1785
1690
2019
2958
4072
6399
6933
4703
1985
1695
5704
8545
7506
3901
937
1644
3000
3145
3046
1903
-1005
-4308
-4784
-1321
974
-1843
-6090
-7811
-6388
-4977
-5461
-5039
-4853
-6081
-7261
-6858
-4218
-2987
-4422
-5062
-3545
-1244
-550
-1356
-956
358
1533
2697
3524
4095
3773
2705
2921
4653
5959
5125
3096
2456
2834
2690
2251
1740
1300
741
-210
-972
-1287
-1219
-1237
-1583
-1628
-1686
-2364
-3185
-3198
-2180
-1375
-1556
-2223
-2460
-1829
-1029
-560
-110
298
463
403
814
1959
2573
2243
2208
2763
4890
6733
5564
3201
1519
3488
6380
6653
5151
2443
1103
1323
2007
3035
2354
-541
-3337
-3785
-1720
-78
-1522
-3981
-5727
-6120
-4858
-4085
-3869
-4615
-6006
-5886
-4876
-3805
-3615
-4378
-4239
-3411
-2323
-977
-381
-157
-266
-136
1371
2830
3181
2614
2326
2996
3486
3562
3369
2984
2972
2814
2291
1696
923
762
1007
917
281
-1166
-2025
-1716
-1087
-509
-845
-1824
-2613
-2884
-2032
-832
-464
-1022
-1897
-1815
-769
93
376
386
374
448
550
1231
2100
2387
2034
2343
4630
6012
4974
2163
1263
3660
5705
5652
3632
1986
1658
1373
1939
2834
1851
-1353
-4140
-3228
-20
681
-1887
-4868
-6279
-5780
-4785
-3592
-2890
-4212
-5981
-6247
-4413
-2289
-2613
-3895
-3925
-2419
-831
-399
-368
-114
253
794
1813
2940
3345
2506
1741
2263
3344
3763
2884
1780
1333
1658
2222
1994
1128
10
-690
-667
-647
-896
-1310
-1488
-1296
-1163
-1114
-1281
-1622
-1613
-1108
-406
-279
-614
-785
-661
-202
289
481
479
579
832
979
1151
1525
2145
1900
2186
3319
3401
2548
1126
2027
3989
4477
3564
1331
590
1293
2182
2937
1889
-266
-2238
-2695
-1001
720
458
-1693
-4380
-5547
-4245
-2508
-1669
-2383
-3851
-4478
-4481
-3254
-1780
-1196
-1683
-2767
-2161
-796
-210
-422
-679
55
918
1207
1250
1152
1187
1230
1296
1891
2281
1774
885
585
1252
1801
1481
527
-309
-626
-543
-287
-227
-341
-607
-809
-907
-920
-788
-501
-97
120
0
-539
-792
-427
125
614
591
278
-89
-48
547
1001
1113
1025
1188
1635
2147
2013
1458
1186
1560
2446
2482
1839
1133
1072
1687
1878
1908
1529
431
-633
-782
209
894
229
-1151
-2021
-2224
-2223
-2399
-2556
-2449
-2447
-2448
-2399
-2315
-2342
-2357
-1968
-1337
-929
-1196
-1548
-1245
-475
181
268
59
122
506
915
1119
1159
1191
956
612
716
1105
1222
688
-77
-308
142
446
-33
-909
-1265
-811
-288
-163
-295
-554
-845
-1073
-677
377
975
506
-318
-454
188
688
732
640
594
670
598
518
703
906
1142
1134
986
743
542
1370
2295
2259
1130
387
1123
1960
2014
1445
968
892
932
1298
1461
631
-808
-1508
-695
336
330
-515
-1549
-2449
-2800
-2298
-1367
-985
-1491
-2223
-2263
-1695
-1195
-1222
-1405
-1322
-1287
-1205
-1065
-772
-532
-514
-512
-434
-126
15
22
160
264
141
-107
192
683
648
166
-205
-162
28
278
305
75
-323
-557
-210
527
1248
1144
119
-691
-368
817
1616
1427
706
28
-288
126
986
1448
1099
253
-134
37
331
660
860
919
559
-58
-231
317
1464
2129
1502
311
-108
610
1452
1726
1493
935
378
196
639
1087
876
0
-802
-786
-291
130
-81
-948
-1790
-1965
-1421
-1029
-1053
-1227
-1465
-1649
-1666
-1386
-1285
-1495
-1699
-1609
-1253
-994
-871
-997
-1253
-1274
-768
-12
207
-148
-516
-414
-56
159
186
62
42
115
237
374
455
450
191
-4
229
788
1199
1091
787
588
542
693
1002
1404
1471
996
409
252
582
843
750
627
562
229
-221
-218
346
765
377
-282
-413
-68
385
738
1086
966
181
-241
408
1353
1481
824
433
596
626
670
859
929
335
-604
-650
54
615
366
-417
-1051
-1353
-1268
-902
-478
-479
-1052
-1724
-1974
-1740
-1395
-1212
-1365
-1729
-1954
-1776
-1359
-1208
-1423
-1528
-1137
-588
-434
-563
-557
-416
-301
-197
57
306
249
107
217
656
1035
895
533
489
919
1421
1490
1316
1212
1038
793
725
1094
1516
1297
762
422
337
314
238
431
639
464
9
-423
-501
-340
-91
101
31
-255
-476
-352
88
545
751
690
529
500
620
812
1010
1099
1059
904
820
904
949
772
419
281
482
594
239
-460
-934
-883
-511
-297
-530
-1078
-1577
-1738
-1626
-1405
-1288
-1452
-1906
-2302
-2208
-1676
-1243
-1365
-1764
-1883
-1501
-992
-779
-752
-689
-484
-374
-390
-272
28
349
452
485
642
832
911
880
963
1150
1278
1245
1165
1205
1250
1184
1002
894
992
1140
1084
719
286
110
204
365
475
436
133
-440
-843
-537
265
776
490
-157
-439
-201
297
770
1049
937
499
254
579
1160
1372
1124
843
816
893
849
739
645
604
589
508
267
-159
-506
-606
-552
-536
-695
-1021
-1496
-1901
-1943
-1685
-1531
-1780
-2217
-2424
-2222
-1851
-1610
-1609
-1763
-1849
-1711
-1285
-779
-511
-520
-624
-540
-281
-2
235
381
450
482
625
911
1187
1278
1174
1052
1046
1212
1409
1475
1377
1180
989
780
681
826
1072
1074
636
86
-176
-90
91
174
104
-234
-747
-1014
-650
58
402
185
-167
-217
-14
263
617
948
1038
833
684
897
1265
1407
1227
1062
1153
1313
1211
772
386
371
573
594
281
-135
-457
-639
-666
-578
-569
-860
-1334
-1633
-1572
-1364
-1379
-1689
-1996
-1984
-1716
-1536
-1601
-1712
-1641
-1442
-1258
-1105
-969
-903
-888
-753
-427
-131
-116
-311
-328
55
533
659
443
314
443
570
611
776
1036
1039
746
639
927
1156
951
609
615
916
1042
774
348
89
107
266
397
400
194
-196
-508
-364
191
596
459
64
-45
226
565
792
959
1025
903
772
923
1257
1382
1218
1061
1073
1078
906
655
515
535
564
388
-19
-408
-509
-384
-334
-502
-795
-1061
-1222
-1240
-1161
-1134
-1272
-1510
-1645
-1557
-1373
-1342
-1513
-1645
-1536
-1285
-1120
-1061
-1020
-996
-975
-820
-487
-238
-324
-549
-480
-58
302
276
40
-31
141
350
444
500
573
560
431
372
537
752
705
444
318
474
667
627
406
229
191
234
322
448
498
327
40
-32
254
639
794
691
537
492
589
806
1052
1194
1171
1061
998
1043
1151
1215
1197
1149
1103
970
705
466
435
533
512
275
-68
-362
-501
-489
-443
-510
-694
-888
-1068
-1233
-1299
-1229
-1177
-1295
-1456
-1462
-1373
-1369
-1383
-1271
-1128
-1119
-1152
-1067
-953
-942
-931
-797
-673
-692
-733
-646
-476
-359
-295
-214
-105
-21
5
31
158
377
535
512
394
356
446
568
656
695
640
478
319
297
382
413
308
173
171
294
356
235
82
117
361
657
844
840
642
466
659
1223
1659
1531
1044
757
902
1258
1536
1551
1250
792
531
632
857
871
637
353
137
-14
-82
-64
-77
-237
-457
-563
-591
-698
-865
-914
-834
-841
-1034
-1238
-1264
-1168
-1155
-1266
-1351
-1317
-1264
-1271
-1252
-1144
-1064
-1097
-1121
-1004
-800
-657
-626
-646
-624
-492
-301
-175
-142
-155
-176
-149
2
227
291
119
5
175
423
450
323
275
299
296
332
439
461
309
159
210
417
590
581
390
204
283
639
966
987
765
586
672
992
1310
1387
1211
986
910
1041
1300
1441
1234
799
554
694
914
837
505
219
127
128
91
-11
-163
-315
-396
-401
-430
-554
-695
-724
-674
-693
-802
-867
-845
-847
-931
-975
-873
-733
-758
-942
-1046
-923
-742
-722
-809
-804
-710
-712
-816
-830
-691
-559
-535
-543
-534
-572
-634
-542
-269
-49
-101
-339
-456
-271
62
248
177
-7
-120
-87
99
374
520
341
-21
-122
256
747
842
501
171
252
671
1041
1116
961
781
738
916
1269
1527
1428
1072
864
1023
1331
1418
1178
846
673
685
738
717
597
400
188
48
24
62
49
-77
-267
-392
-377
-312
-339
-453
-556
-615
-665
-688
-665
-667
-764
-895
-932
-863
-813
-856
-939
-963
-923
-890
-884
-863
-814
-779
-772
-751
-676
-603
-580
-553
-457
-360
-367
-408
-336
-160
-45
-62
-93
-39
62
122
128
144
193
243
247
222
218
220
181
150
228
377
420
290
151
193
402
615
698
631
507
467
594
830
1013
1016
847
649
605
778
996
1029
835
584
455
473
546
579
529
400
234
111
80
112
115
53
-25
-72
-126
-224
-315
-326
-276
-250
-292
-390
-504
-574
-545
-453
-411
-476
-584
-644
-639
-613
-586
-558
-545
-554
-569
-584
-602
-599
-531
-410
-334
-390
-519
-564
-461
-294
-186
-180
-260
-371
-412
-300
-102
3
-69
-202
-253
-216
-154
-77
7
36
-36
-124
-110
14
142
204
219
232
266
326
410
489
544
605
697
779
777
699
648
710
838
910
860
728
594
529
583
707
746
604
393
309
374
445
430
387
350
257
114
68
175
250
129
-69
-137
-110
-157
-268
-286
-220
-271
-482
-635
-583
-485
-521
-630
-669
-666
-717
-761
-695
-591
-606
-709
-724
-616
-528
-538
-569
-549
-498
-447
-385
-336
-350
-401
-393
-287
-164
-122
-163
-227
-241
-177
-63
22
14
-59
-112
-87
9
111
161
140
89
94
193
324
391
369
324
351
473
609
660
623
580
599
660
727
774
764
688
614
628
697
696
608
539
543
533
448
379
407
437
364
243
189
179
123
43
25
45
-18
-172
-281
-264
-213
-240
-333
-411
-466
-511
-523
-488
-463
-504
-575
-606
-592
-568
-551
-540
-538
-529
-494
-468
-490
-508
-443
-334
-296
-328
-346
-342
-365
-361
-236
-68
-63
-241
-373
-294
-120
-37
-46
-70
-119
-210
-229
-72
137
158
-9
-123
-36
133
205
187
195
241
268
280
332
404
433
430
457
522
553
525
502
545
620
648
607
551
541
586
627
610
541
492
489
491
459
414
374
320
242
185
188
187
99
-35
-95
-53
-25
-116
-258
-322
-299
-291
-343
-402
-434
-469
-524
-548
-518
-493
-533
-589
-584
-524
-499
-530
-540
-482
-411
-391
-406
-398
-357
-315
-279
-228
-168
-145
-188
-238
-220
-139
-74
-75
-111
-153
-189
-192
-127
-21
22
-44
-137
-138
-42
60
102
100
87
82
109
183
270
310
292
266
289
354
414
431
419
403
408
436
475
502
493
466
465
501
535
532
509
491
477
459
450
456
447
385
281
211
214
245
228
132
7
-74
-81
-52
-66
-151
-272
-359
-377
-354
-348
-386
-448
-497
-518
-513
-492
-467
-453
-465
-502
-528
-506
-431
-354
-338
-378
-407
-363
-269
-211
-230
-280
-281
-216
-150
-145
-196
-245
-254
-211
-135
-74
-85
-169
-231
-179
-47
41
30
-9
6
59
97
128
192
259
264
220
231
328
414
407
354
373
452
492
467
457
513
567
549
497
495
534
551
533
520
505
448
377
364
398
378
264
151
133
155
93
-45
-140
-141
-138
-207
-316
-383
-384
-381
-403
-438
-479
-498
-482
-438
-409
-425
-452
-439
-388
-337
-314
-296
-269
-241
-220
-196
-155
-108
-80
-77
-86
-85
-61
-24
3
4
-15
-34
-35
-15
19
43
25
-33
-76
-42
46
87
24
-75
-103
-48
15
42
32
3
-41
-63
-13
95
161
128
60
64
146
222
248
251
258
257
253
286
341
358
316
268
282
319
304
250
220
226
212
155
111
108
99
48
-12
-20
1
-22
-90
-135
-122
-101
-116
-152
-181
-194
-201
-199
-178
-159
-173
-208
-227
-206
-165
-147
-150
-160
-164
-165
-159
-128
-86
-70
-93
-117
-103
-54
-26
-45
-76
-74
-38
-6
-2
-15
-28
-39
-47
-42
-12
21
16
-29
-72
-69
-28
8
15
10
-2
-21
-33
-13
45
90
82
46
34
60
98
120
130
134
129
130
151
180
184
160
144
162
192
189
152
129
145
164
154
124
96
70
49
37
37
30
-4
-50
-73
-67
-62
-79
-108
-119
-105
-87
-86
-99
-108
-102
-91
-81
-68
-61
-65
-73
-71
-51
-37
-43
-56
-58
-49
-44
-48
-47
-38
-34
-41
-45
-38
-31
-37
-54
-76
-89
-85
-63
-39
-35
-59
-90
-99
-70
-26
6
2
-39
-80
-85
-48
-7
2
-14
-30
-32
-17
17
65
103
113
108
112
128
131
121
119
127
130
116
100
96
96
86
81
93
109
104
82
67
67
66
51
37
40
35
17
1
1
15
9
-6
-4
13
21
7
-7
-5
-2
-13
-32
-40
-35
-38
-51
-58
-55
-54
-63
-71
-66
-59
-64
-80
-88
-85
-79
-76
-79
-78
-76
-88
-107
-117
-108
-86
-68
-69
-80
-82
-76
-64
-48
-35
-23
-23
-35
-38
-16
20
39
35
25
24
32
41
51
64
69
70
71
87
107
106
89
77
81
91
89
79
73
77
79
69
57
49
40
33
29
27
23
19
17
17
16
9
3
2
5
4
-1
-8
-8
-4
1
2
-8
-22
-27
-16
3
11
6
-9
-18
-15
-9
0
6
-2
-22
-39
-44
-33
-21
-23
-38
-55
-62
-55
-46
-50
-64
-77
-71
-52
-39
-41
-55
-63
-57
-42
-31
-33
-43
-42
-35
-29
-23
-19
-15
-8
1
3
-2
-5
4
17
24
24
19
18
20
26
34
43
47
41
32
35
50
64
66
54
40
42
52
56
53
46
40
38
39
41
43
43
37
35
35
34
30
32
42
44
34
17
10
14
17
22
23
14
-5
-24
-28
-15
2
1
-20
-45
-57
-46
-25
-14
-27
-52
-70
-69
-52
-42
-44
-56
-65
-69
-70
-70
-71
-70
-66
-67
-69
-71
-68
-58
-49
-43
-38
-33
-30
-28
-26
-17
-1
10
12
10
10
17
30
37
39
37
37
40
42
43
46
54
64
70
69
61
55
62
78
81
73
61
56
62
66
65
55
49
46
45
42
32
22
14
4
4
4
1
-8
-20
-30
-28
-21
-18
-24
-33
-39
-37
-31
-29
-33
-40
-42
-43
-41
-36
-38
-42
-44
-40
-35
-32
-35
-43
-49
-44
-32
-24
-25
-30
-32
-28
-19
-12
-12
-20
-22
-20
-13
-4
-3
-5
-6
-6
-4
0
3
3
5
10
17
21
23
22
27
33
34
33
35
37
40
40
37
33
30
31
34
36
37
32
24
24
26
29
24
15
5
3
6
0
-1
3
0
-3
-6
-12
-14
-16
-13
-8
-4
-8
-15
-18
-16
-9
1
0
-7
-12
-15
-9
-2
-1
-5
-12
-17
-15
-11
-7
-7
-12
-17
-17
-13
-9
-5
-5
-11
-17
-17
-14
-13
-12
-14
-15
-15
-15
-11
-6
-3
-7
-11
-9
-4
1
3
1
3
7
8
10
11
8
6
11
17
20
19
16
15
15
16
14
8
7
8
11
11
7
4
6
8
8
6
3
5
6
7
11
