10
2
-7
2
10
-10
-3
10
3
6
19
14
25
27
5
9
11
9
11
21
17
23
15
6
12
4
10
5
-2
4
8
-4
-9
-8
-28
-33
-37
-39
-31
-22
-27
-24
-31
-42
-38
-37
-30
-19
-10
-12
-14
-2
3
-16
2
1
-9
15
17
14
25
22
15
9
23
20
16
30
32
27
18
21
18
11
13
25
5
20
30
8
18
10
10
-9
2
15
-15
9
12
-19
-11
2
-16
-23
2
-6
-26
3
-24
-20
-7
-35
-13
-24
-21
-1
-30
-3
-14
-31
-11
-31
-4
-28
1
2
-44
22
-14
-26
7
-1
-9
-4
20
-4
3
18
-1
-8
6
6
4
11
16
4
12
5
4
16
16
17
4
29
16
4
18
16
-10
12
23
-11
19
18
7
7
7
24
13
36
29
6
13
7
14
9
23
35
15
21
8
-1
13
0
-2
3
6
-11
-11
-15
-38
-38
-57
-61
-48
-41
-30
-38
-46
-47
-61
-59
-42
-31
-23
-16
-9
-23
-21
-2
-15
-7
25
36
36
85
133
67
71
116
98
135
163
220
225
225
178
103
162
197
203
188
183
165
220
175
50
127
48
-28
-37
27
88
-81
-74
-144
-301
-216
-208
-215
-105
-269
-113
-182
-499
-44
-330
-552
-144
-342
-81
-225
-380
-139
-320
-191
-436
-250
-47
-263
-26
-329
-105
195
-356
33
9
-109
210
-201
57
380
96
69
56
439
124
202
419
133
494
145
197
221
110
439
129
106
421
202
118
99
-30
212
110
77
30
310
297
-65
461
521
568
278
-249
25
282
442
568
530
590
581
-74
-466
-23
332
145
-24
-1
-35
-131
-536
-811
-889
-944
-1035
-1160
-914
-308
-518
-1109
-1270
-1350
-1162
-906
-510
-80
202
-6
-419
-458
-51
230
266
559
814
927
881
706
640
746
746
726
798
1215
1383
1024
748
689
559
401
633
782
787
778
461
96
102
134
-56
-132
-233
-54
-214
-653
-545
-675
-851
-834
-823
-886
-661
-631
-1122
-985
-729
-870
-748
-594
-562
-531
-459
-555
-372
-146
-132
-40
-308
102
132
-28
-102
-53
292
12
130
289
526
62
31
363
-187
204
653
161
179
688
215
-6
295
321
338
390
206
325
529
141
246
246
16
249
387
100
236
438
199
-5
-77
69
233
632
908
1034
288
-595
-407
-45
704
1000
815
708
295
-363
-949
-618
296
652
314
-252
-330
-258
-814
-1351
-1559
-1346
-1029
-1161
-916
-565
-643
-1445
-2259
-2124
-1320
-347
12
4
-37
-482
-998
-929
-190
815
1202
1187
927
808
941
791
851
944
1541
1839
1533
1747
1569
1200
842
631
879
1365
1679
1354
810
404
-4
-7
142
383
761
343
-190
-580
-913
-914
-995
-1007
-876
-887
-1188
-1444
-1566
-1568
-1478
-1406
-1420
-1190
-786
-893
-1157
-1312
-1179
-829
-473
-159
89
141
-200
-257
-220
85
580
602
725
673
646
518
279
404
595
685
769
869
587
592
394
-89
46
334
583
495
414
287
-163
-156
-25
177
626
502
319
116
-100
78
-28
-10
243
395
-26
460
1397
1259
745
-700
-1338
-167
1267
1707
1382
684
39
-571
-1730
-1369
659
1645
1128
-295
-1453
-1184
-738
-1153
-1612
-1346
-949
-1143
-1376
-1427
-959
-1085
-2336
-2544
-1637
-239
543
-104
-769
-1185
-1368
-984
128
1507
2073
1535
219
-303
559
1385
1906
2091
1900
1700
1196
1046
1402
1780
1985
1603
1402
1371
1600
1560
773
525
532
702
961
883
795
168
-662
-848
-925
-617
-166
-481
-1080
-1716
-2036
-2234
-2136
-1661
-1448
-1411
-1914
-2326
-2211
-2008
-1649
-1382
-1195
-807
-701
-810
-815
-684
-346
76
423
623
828
762
416
339
685
1159
1346
1328
1163
878
749
779
732
948
1175
1110
926
430
335
349
329
411
266
274
385
296
-3
-241
-256
-248
31
167
-65
280
-254
160
1367
1422
1120
-826
-1659
-289
1437
2123
1219
343
-10
-448
-1491
-1751
317
1958
1158
-636
-2307
-1723
-194
-679
-1817
-2211
-1654
-1374
-1802
-1815
-1062
-806
-2078
-2988
-2531
-600
1134
437
-1063
-1563
-1219
-507
392
1376
2119
1997
785
-246
370
1866
2979
2834
1966
1695
1775
1914
1856
1884
2112
2319
2097
1565
1697
1868
1305
595
132
546
1615
1523
392
-758
-1246
-1161
-1093
-855
-435
-305
-1216
-2540
-3026
-2774
-1997
-1563
-2021
-2153
-2223
-2509
-2623
-2467
-1890
-1702
-1784
-1442
-803
-385
-541
-894
-843
-39
862
1057
927
1032
949
612
669
1231
2021
2200
1481
837
877
1208
1377
1111
929
1062
993
505
254
358
341
263
-195
-282
458
736
81
-606
-797
-606
171
333
383
1610
1780
1170
-777
-2218
-440
1935
2744
1852
589
-93
-262
-913
-1906
-492
2091
2081
14
-2550
-3002
-1125
-555
-1508
-2360
-2290
-1600
-1875
-2763
-2685
-1261
-1052
-2319
-2851
-2138
-168
640
-620
-1514
-1157
-190
637
1005
1342
1973
1699
700
795
2023
3331
3548
2223
1374
1980
2781
3090
2863
2526
2469
2400
1745
1510
2231
2354
1609
370
-242
803
1315
399
-656
-1295
-1186
-1218
-1947
-2307
-1707
-1367
-2263
-3101
-3137
-2632
-2300
-3008
-3469
-2942
-2326
-2003
-2142
-2046
-1631
-1723
-2093
-1680
-339
684
803
152
-303
247
1060
1433
1543
1800
1927
1618
1356
1484
1790
1727
1348
1169
1369
1740
1602
1002
450
385
425
230
527
743
494
-258
-1148
-829
-33
737
393
-362
-779
-910
683
1800
2054
870
-1274
-1580
86
2005
2455
1750
670
-189
-1282
-2309
-1043
1885
2880
1015
-2219
-3717
-2035
-444
-883
-2070
-2268
-2001
-2482
-3228
-3143
-1524
-1071
-2601
-3640
-2793
-211
755
-967
-2378
-1767
-138
753
986
1527
2341
2076
275
-337
1876
4619
5242
3184
1223
1564
2958
3659
3412
3435
3919
3474
1675
719
1935
3337
3037
1097
-179
575
1316
504
-957
-1398
-863
-1224
-2601
-3227
-2369
-1742
-2717
-4039
-4234
-3266
-2620
-3435
-4123
-3455
-2703
-2611
-2957
-2677
-1650
-1229
-1540
-1422
-367
526
646
259
492
1510
1798
1367
1366
2156
2922
2799
2119
1858
2101
2075
1516
1285
1955
2474
1753
374
-191
172
826
630
90
53
-192
-463
-1303
-1206
-129
351
-118
-1028
254
1602
1657
-201
-2531
-1299
1597
3026
2206
878
386
-105
-1425
-2218
-188
3379
3566
0
-3866
-4177
-854
557
-618
-2053
-2365
-2160
-3202
-3943
-3030
-716
-518
-3115
-4565
-3237
-297
773
-888
-2399
-2173
-815
74
545
1472
2054
1340
-306
-293
2019
4386
4800
3054
1648
1708
2655
3359
3778
4639
4835
3610
1719
1294
2671
3636
3114
1604
886
1576
1476
190
-741
-753
-615
-1428
-2359
-2321
-1524
-1868
-3816
-5068
-4520
-3128
-2449
-3000
-3713
-3622
-3791
-4153
-3508
-2196
-1133
-1182
-2014
-2018
-891
65
274
275
829
1639
1899
1705
1641
2000
2143
2077
2067
2392
2847
2359
1539
1174
1267
1611
1596
1265
1241
886
16
-543
-432
182
386
-101
-792
-616
-127
-483
514
1635
1644
611
-1917
-1890
895
2834
2372
922
275
332
-308
-2261
-1986
1539
3040
1073
-2150
-3505
-1339
-253
-2154
-3580
-2525
-868
-1377
-3249
-3822
-1735
-928
-3154
-4356
-2893
369
1516
-768
-2555
-2009
-680
-211
372
1913
3478
2757
-302
-1373
790
3597
4718
3343
2245
2575
2504
1770
1818
3611
5142
4368
1741
490
1854
2857
2113
735
779
2197
2043
-97
-1482
-940
-188
-905
-2226
-2004
-697
-1004
-3208
-4797
-4212
-2626
-2276
-2946
-2814
-2119
-2516
-3815
-4129
-2631
-792
-654
-1664
-1587
-621
-157
-594
-879
237
1464
1563
1062
1128
1808
1708
960
856
2129
3306
2555
976
280
889
1548
1246
1025
1333
1612
691
-859
-801
424
1430
889
-255
-259
210
1973
2453
1893
806
-1104
-680
1290
3165
3209
1684
360
-296
-799
-1611
-695
2020
2516
84
-3229
-4222
-1554
51
-1706
-4131
-4477
-3296
-3154
-3571
-3096
-1412
-1418
-4436
-6375
-4239
227
2107
-11
-2340
-2080
-609
-220
-35
1781
4293
4176
940
-1156
689
4241
5440
3611
2083
2777
4005
3764
2948
3165
3705
3083
1227
688
2399
3597
2186
-579
-1796
-686
524
402
-316
-796
-1392
-2829
-3795
-2642
-558
-73
-1918
-4096
-4462
-3553
-2439
-1575
-868
-538
-1480
-2795
-2755
-1233
184
232
-307
-285
287
350
-114
177
981
1246
656
176
815
1732
1338
-116
-736
157
1318
1442
834
417
176
-387
-1120
-633
852
1591
697
-711
-1291
-369
441
481
2297
3662
3492
1035
-2066
-1155
2390
4520
3851
2419
1910
1383
-439
-2747
-1390
2827
3898
1273
-2077
-2648
-625
-847
-3809
-4889
-2895
-1031
-1502
-3295
-3773
-2532
-3355
-5561
-5207
-1870
1588
1437
-1774
-3709
-2889
-1380
-159
1417
3266
3971
2143
-727
-764
1999
4481
4686
3399
2674
3211
3221
2290
2510
3666
4214
3055
1048
839
2312
2494
643
-1126
-1120
-23
162
-1088
-1918
-1814
-2279
-3272
-3328
-2175
-877
-1391
-3457
-4382
-3553
-2379
-1450
-999
-959
-1001
-1694
-1850
-564
806
1100
497
133
518
1253
1213
973
1182
1114
770
678
1117
1796
1192
-447
-1262
-533
791
786
-200
-796
-817
-870
-1346
-1119
-34
987
195
-1430
-1412
-450
2189
3470
2908
1680
-261
-453
1227
3342
4051
3575
2739
1625
487
-958
-1089
1437
2974
1778
-734
-2268
-1319
-624
-2038
-3743
-3503
-2215
-2172
-3038
-3057
-1602
-1374
-3694
-5517
-4082
-330
1618
370
-1414
-1266
-433
-581
-727
952
3748
4610
2263
-140
483
2756
3950
2958
1904
2574
3434
3005
2090
2115
2655
2125
520
-223
1092
2181
1203
-666
-1628
-1242
-941
-1544
-1768
-1296
-1577
-2936
-3789
-2990
-1610
-1348
-2600
-3291
-2735
-2267
-1904
-1246
-343
120
-695
-1546
-774
747
1523
1334
1233
1701
1866
1198
641
1395
2451
2369
1305
473
784
1009
137
-635
-703
18
256
-580
-1055
-1166
-1310
-1778
-1907
-913
48
95
-905
-1913
-199
1467
2232
1582
-239
125
1253
1985
2026
2201
2973
2738
1095
-875
-674
1666
2282
684
-951
-877
747
668
-1624
-3392
-3593
-3136
-3154
-2720
-1058
829
50
-3390
-5767
-4974
-1802
1213
2128
1869
1204
-386
-1690
-1594
565
3423
4687
3931
2703
2306
2322
1880
1407
1958
3159
4081
3371
2508
2319
1674
313
-1357
-1063
1098
2255
1138
-1140
-2474
-2460
-2581
-2729
-2179
-1184
-1092
-2660
-4019
-3989
-2940
-2292
-2523
-2632
-2505
-2240
-1983
-1456
-663
-495
-788
-732
-125
921
1502
1680
1935
1941
1680
1603
1950
2307
2312
1759
1390
1740
1938
1694
1177
429
-165
-542
-643
8
599
369
-705
-2050
-2373
-1915
-886
112
267
540
310
-14
-47
-614
-272
409
989
1370
1246
1583
1750
873
-691
-1788
-923
592
1235
961
59
-522
-1384
-2534
-2722
-2108
-1471
-1752
-2376
-2095
-1013
-253
-702
-1595
-2171
-2436
-1918
-417
1818
3555
2987
975
-619
-648
773
2455
4057
5044
4572
2737
700
560
1914
3078
3111
2177
1967
2245
2009
1417
802
600
181
-930
-1607
-820
725
906
-914
-3059
-3608
-2641
-2113
-2553
-2844
-2548
-2408
-3090
-3719
-3223
-2226
-2406
-3518
-3691
-2363
-463
320
-153
-494
-837
-1184
-998
232
2337
3498
2851
1378
631
910
1404
1793
2088
2273
2217
1719
1485
1729
1543
735
-138
-187
886
1804
1778
1058
135
-525
-792
-534
158
834
866
94
-596
-691
-105
756
595
-489
-1674
-2079
-1001
399
1054
795
-287
-1440
-2164
-2046
-1042
17
315
-338
-1142
-1361
-1006
-485
-479
-1078
-1787
-2027
-1281
112
1108
1107
208
-807
-1156
-805
-55
781
1407
1635
1507
1396
1487
1593
1303
682
522
1007
1725
2196
2162
1884
1121
-80
-751
-309
933
1701
1251
462
121
67
-279
-933
-1070
-488
82
4
-423
-519
-460
-839
-1665
-2162
-1706
-1022
-941
-1273
-1447
-1266
-1323
-1891
-2161
-1714
-1101
-916
-1097
-992
-503
-285
-517
-645
-343
113
269
165
356
890
1260
1366
1395
1451
1351
845
507
953
1877
2488
2312
1681
1211
961
761
759
1122
1581
1552
862
142
-14
216
232
-214
-662
-677
-460
-449
-744
-952
-857
-769
-942
-1195
-1166
-933
-951
-1295
-1418
-942
-274
-74
-451
-858
-883
-740
-628
-373
138
535
309
-343
-660
-337
100
87
-227
-314
4
381
577
727
827
653
119
-422
-389
297
1067
1382
1227
923
703
608
608
731
866
791
550
310
310
631
906
766
76
-793
-1150
-767
31
658
700
188
-636
-1363
-1648
-1361
-685
-126
-22
-356
-806
-1071
-1154
-1080
-934
-834
-831
-875
-712
-372
-214
-430
-826
-960
-715
-365
-63
266
673
937
813
476
361
671
1072
1191
1070
1019
1218
1480
1587
1557
1390
1009
503
226
574
1343
1834
1625
955
266
-311
-803
-951
-439
380
716
217
-626
-1157
-1334
-1412
-1287
-703
42
308
-178
-969
-1519
-1846
-2011
-1736
-837
241
579
-159
-1302
-1987
-1931
-1390
-611
259
848
669
-205
-988
-1063
-629
-319
-319
-197
234
639
762
791
944
932
430
-167
-92
794
1728
2030
1860
1699
1540
1048
377
163
606
1101
1078
849
1072
1588
1519
509
-700
-1147
-766
-154
392
901
1050
276
-1184
-2112
-1675
-564
-133
-579
-874
-522
-276
-811
-1556
-1642
-1328
-1449
-1836
-1451
-232
468
-195
-1264
-1421
-812
-438
-465
-249
383
715
402
174
637
1215
1063
267
-329
19
1176
2263
2589
2087
1051
41
-404
-61
965
2032
2190
1180
-115
-736
-551
-9
344
235
-281
-897
-1097
-587
154
323
-132
-555
-525
-223
-87
-287
-621
-836
-786
-311
523
1062
551
-947
-2418
-2732
-1700
-179
805
755
-219
-1493
-2176
-1789
-852
-403
-878
-1673
-1857
-1068
308
1496
1715
658
-1064
-2102
-1443
623
2670
3374
2615
1351
613
724
1351
2011
2313
2073
1525
1254
1677
2474
2740
1861
211
-1096
-1200
-147
1192
1861
1473
290
-1044
-1863
-1775
-935
-109
-17
-642
-1333
-1560
-1396
-1215
-1281
-1689
-2315
-2663
-2255
-1239
-332
-107
-486
-1015
-1378
-1450
-1182
-601
54
356
119
-280
-236
291
708
634
367
347
574
813
980
1147
1273
1227
1038
829
712
715
846
1051
1161
1022
613
197
37
51
38
-19
171
914
1870
2353
1922
735
-515
-1353
-1473
-660
845
2163
2106
482
-1658
-3119
-3377
-2795
-1813
-800
-375
-796
-1705
-2329
-2485
-2936
-3945
-4737
-4259
-2433
-322
1223
1854
1417
9
-1753
-2500
-1368
1103
3508
4648
4595
3943
3069
2188
1539
1607
2336
3098
3441
3364
3316
3234
2663
1536
214
-600
-790
-647
-195
474
1115
1019
-151
-1680
-2839
-3294
-3234
-2714
-1564
-409
2
-551
-1506
-2133
-2645
-3150
-3216
-2345
-655
769
1374
1335
756
-400
-2011
-2964
-2351
-538
1364
2292
2182
1257
-129
-1314
-1839
-1349
-227
770
1254
1098
888
711
327
-214
-692
-498
23
414
731
1006
1545
1822
1825
2281
2944
3649
3336
2128
1171
689
1055
1870
2754
3404
2408
149
-2265
-3603
-3220
-2430
-1679
-1324
-1694
-2360
-3456
-4446
-5131
-5971
-6616
-6936
-6200
-4156
-1707
185
528
-578
-2102
-3231
-3004
-1349
1225
3855
5437
5772
5219
4323
3743
3552
3834
4399
4799
4912
4773
4857
5059
4707
3578
1887
354
-633
-964
-255
983
1786
1148
-935
-3175
-4560
-4599
-3550
-2191
-1096
-971
-1617
-2381
-2730
-2381
-1925
-1646
-1472
-1315
-764
49
916
1443
979
-116
-1207
-1614
-1130
-264
671
1130
743
-287
-1568
-2307
-2388
-1977
-1308
-844
-488
-422
-531
-735
-1225
-1418
-1424
-1272
-782
-105
1640
3872
5595
6199
4790
2638
791
300
1781
3886
5694
5968
4293
1900
-657
-2025
-2215
-1846
-1061
-854
-981
-1170
-1757
-2636
-4457
-6623
-8103
-8320
-6723
-4142
-1547
140
269
-635
-2097
-3186
-3051
-1850
280
2538
4338
5383
5248
4351
3385
2863
3054
3453
3833
3999
4040
4044
3764
3336
2700
1717
461
-1100
-2000
-1759
-904
-148
-470
-1610
-2872
-3847
-4000
-3499
-2412
-1201
-629
-476
-446
29
771
965
841
627
737
1255
1650
2108
2319
2000
1244
286
14
382
797
740
-11
-751
-1640
-2458
-2823
-2838
-2429
-2605
-3230
-3473
-3217
-2474
-2295
-2485
-2400
-1965
-391
1261
2911
3987
3244
1713
253
278
2201
3901
4382
3214
1454
280
-342
-29
311
276
-151
-1325
-1893
-1597
-1117
-1050
-2664
-4952
-6404
-6440
-4876
-2669
-508
1009
1294
683
-175
-114
797
1871
2953
3561
4024
4511
4727
5242
5805
5863
5256
4033
2906
2245
2093
2086
1860
1429
482
-424
-984
-1561
-1878
-2608
-3828
-4826
-5684
-5845
-5228
-4397
-3407
-2681
-2307
-2185
-2072
-1740
-1368
-753
-24
821
1954
2656
2867
2732
2228
1987
1948
1907
1910
1556
855
316
335
897
1536
1401
215
-1210
-2260
-2485
-1903
-1197
-794
-818
-1272
-1889
-1963
-1432
-625
1141
2868
4026
4708
3605
2177
1671
1472
1967
2240
1641
911
268
-599
-1690
-2573
-3757
-4724
-4754
-4787
-4025
-2899
-3050
-3702
-5280
-7264
-7979
-7763
-6405
-3931
-1453
501
1732
2086
1968
2380
2990
3611
4731
5322
5756
6697
7255
8174
9098
8773
7916
6422
4592
3493
2930
2599
2313
1750
817
228
147
-242
-841
-2230
-4354
-5910
-6982
-7055
-5825
-4452
-3199
-2566
-2666
-2669
-2333
-1766
-1260
-902
-710
-400
317
963
1653
2129
1909
1452
711
-242
-955
-1653
-2097
-1838
-1035
-224
86
-435
-1453
-2103
-2265
-2192
-1836
-1567
-1421
-897
-366
173
1057
1273
1759
3394
4837
6593
7143
5794
4949
4093
3236
3026
2439
2132
2253
1588
12
-1581
-3197
-4853
-5707
-6170
-5843
-4254
-3720
-4389
-5704
-7735
-8716
-8298
-7253
-5279
-3326
-2264
-1218
148
1655
3367
4330
4202
4097
4030
3949
4689
5813
7146
8563
8736
7906
6953
5622
4205
2957
1478
453
18
-440
-371
155
248
-202
-1474
-3316
-4702
-5614
-6179
-5820
-4656
-3030
-1224
38
804
1478
1714
1566
1204
680
496
748
1201
1750
2101
1820
1152
499
-206
-670
-1214
-2176
-2746
-3080
-3345
-3168
-3226
-3281
-3138
-3051
-2750
-2149
-1605
-1384
-1269
-1390
-982
-338
1033
3475
5204
7249
7585
6611
6382
4885
3451
2240
809
664
1017
548
-470
-1361
-2324
-3346
-4385
-5972
-6745
-6182
-6006
-5818
-5989
-6605
-6408
-6044
-5573
-4377
-2780
-1242
261
1501
2591
4108
5206
5417
5606
5628
5723
6148
6136
6384
7089
7257
7034
6347
5244
4079
2577
934
-179
-644
-778
-1024
-1415
-1963
-2577
-3081
-3598
-3825
-3806
-3957
-4043
-3992
-3558
-2603
-1328
-25
1061
1891
2307
2406
2343
2002
1645
1267
793
473
212
-242
-661
-992
-1111
-1006
-1142
-1554
-2395
-3471
-4379
-4903
-4671
-3715
-2673
-1715
-1187
-879
-359
-170
238
149
1476
4015
5410
7259
6802
6185
6870
5657
4837
3825
2428
1829
495
-1621
-3154
-3459
-3532
-4040
-4805
-5927
-5838
-5108
-5659
-6122
-6784
-7706
-7920
-8303
-7716
-5327
-2512
-28
1838
3132
4255
5167
5226
4657
4488
4481
4556
5110
5786
7003
8332
8538
7909
6705
5031
3153
1170
-531
-1323
-1058
-766
-381
-76
-404
-784
-1644
-2639
-3278
-4063
-4520
-4311
-3446
-2061
-721
332
1079
1699
2254
2673
2917
2657
1886
894
68
-285
-298
-480
-761
-956
-1218
-1644
-2353
-2910
-3172
-3383
-3703
-4289
-4537
-4137
-3555
-2700
-1866
-1033
-421
-204
-121
-152
1889
4074
5592
6983
5827
5854
6233
5269
5087
3897
3045
2578
804
-1409
-3227
-3935
-4440
-5109
-5769
-6090
-4998
-4405
-5007
-5464
-5997
-6089
-6391
-7478
-7462
-5621
-2917
-311
1812
3526
5345
6610
6271
5364
4717
4213
4082
3924
3885
4978
6202
6624
6689
6158
5277
3888
1567
-545
-1664
-2077
-2276
-2274
-1890
-1132
-402
-490
-984
-1181
-1308
-1484
-2017
-2714
-2717
-1938
-800
641
2120
3241
3971
3851
2983
2108
1132
97
-801
-1754
-2387
-2255
-1893
-1452
-1130
-1442
-1779
-2176
-2847
-3556
-4273
-4756
-4763
-4258
-3408
-2028
-818
411
1377
2112
4012
4788
5318
5419
4365
5074
4810
3737
3112
2461
3291
3538
2086
-350
-2323
-3282
-4702
-6086
-7130
-6668
-4759
-4422
-5099
-5548
-5631
-5075
-5613
-6857
-6597
-4973
-3030
-1361
248
2512
4939
5916
5433
5148
5410
5541
4820
3437
3168
4163
4888
4869
4460
4494
4819
4074
2324
832
77
-325
-1112
-2127
-2174
-1295
-547
-215
-338
-299
21
-343
-1000
-1336
-1222
-544
38
442
1117
1870
2434
2689
2585
2107
1197
-320
-2029
-3108
-3495
-3257
-2878
-2672
-2249
-1828
-1447
-1370
-1809
-2398
-3087
-3689
-4222
-4113
-3224
-2008
-169
811
2216
4645
5766
7062
6660
5376
5660
4546
3266
2021
860
1139
1131
245
-934
-1080
-1316
-2590
-4196
-6161
-6096
-5233
-5821
-6064
-5963
-5317
-4455
-4978
-5506
-4444
-2905
-2010
-1367
-552
1341
3698
4348
4288
4673
4918
4928
3889
2416
2445
3085
3194
3243
3211
3587
3876
2680
1189
535
236
-109
-902
-1492
-968
65
612
765
1085
1358
1437
1139
591
745
989
691
548
657
1275
2104
2098
1762
1652
1396
1023
79
-1340
-2597
-3865
-4903
-5562
-5424
-4567
-3423
-2200
-1784
-1494
-1511
-2195
-2760
-3497
-3852
-3801
-3298
-2668
-820
2696
5231
7803
8513
7639
7953
6113
3864
2014
97
140
-260
-1155
-1399
-629
566
248
-973
-2443
-2761
-2654
-4087
-5512
-6167
-5938
-5469
-5603
-5137
-3145
-600
580
913
1318
1914
2571
1787
759
1031
1572
1733
1084
482
1075
2033
2140
1827
2026
2221
1692
6
-1682
-1629
-949
-756
-1021
-970
363
1688
2234
2296
2520
3183
3020
2303
1925
2240
3086
3187
2658
2596
3043
3279
2886
1872
994
717
100
-857
-1714
-2633
-3213
-3716
-4406
-4378
-3940
-3660
-3406
-3650
-3631
-2890
-2420
-2294
-2400
-2703
-2526
-1856
-1519
-157
2171
3908
5647
5731
5111
5469
4861
3994
2845
1351
403
-1090
-2983
-4274
-4079
-3145
-2681
-2403
-2390
-1739
-1139
-1742
-2232
-2686
-3191
-3918
-5059
-4957
-3235
-852
1150
2701
4485
6056
6787
6242
5089
4354
3271
1332
-787
-2113
-1959
-1136
-607
-148
554
1158
786
-454
-1610
-2372
-2989
-4042
-4991
-4564
-3125
-1494
181
1794
3692
5151
4987
4226
3736
3680
3883
3400
2816
3029
3623
4054
4039
3627
3140
2516
1129
-545
-1976
-3465
-4653
-5801
-6555
-6110
-5143
-3880
-2886
-2508
-2309
-2291
-2364
-2540
-2597
-2723
-2456
-1697
-747
1490
3763
5592
7139
7168
7080
6595
5037
3470
1628
-1
-1480
-3151
-4501
-5030
-4497
-4102
-3929
-3750
-3720
-3181
-3195
-3637
-3530
-3647
-3832
-4058
-4022
-2601
-502
1214
2716
4232
5889
7319
7718
7489
7286
6770
5433
3418
1701
960
832
201
-900
-1449
-1663
-1852
-2539
-3551
-3553
-3404
-4037
-4966
-5715
-5194
-3860
-3140
-2459
-1267
193
1608
2296
2960
4376
5711
6237
5833
5274
5153
5015
4579
4064
3941
3921
3279
1921
449
-516
-1430
-2681
-4193
-5634
-6366
-6626
-6588
-5939
-4873
-3770
-3033
-2930
-2865
-2382
-1843
-1224
-758
-99
1429
2938
4434
6010
7126
8166
8338
7125
5647
3999
1989
-124
-2631
-4780
-5800
-6392
-6587
-6162
-5312
-4105
-3316
-3400
-3796
-4260
-5103
-6153
-6750
-6351
-4618
-2426
-390
2217
5022
7379
8914
9213
9268
9336
8495
6907
5107
3757
3190
2633
1840
1465
1513
1300
418
-1101
-2406
-3055
-4040
-5384
-6427
-6867
-6357
-5699
-5149
-3911
-2376
-998
-36
430
1210
2288
2994
3400
3720
4116
4663
4888
4872
5141
5289
5094
4362
3024
1770
393
-1179
-2567
-3841
-4715
-5306
-5718
-5564
-4979
-4319
-3879
-3838
-3850
-3704
-3590
-3335
-2854
-1818
-80
1666
3331
4754
6065
7350
7905
7868
7158
6040
4622
2311
14
-1984
-3374
-4032
-4921
-5192
-4729
-4007
-3301
-3541
-3964
-4241
-4810
-5731
-6860
-7125
-6402
-5182
-3906
-2280
546
3634
6128
7619
8268
9083
9282
8398
7034
5617
4731
3795
2527
1624
1542
2005
1981
1415
611
-140
-921
-2610
-4330
-5387
-6003
-6059
-6367
-6292
-5102
-3732
-2378
-1292
-200
1350
2564
2937
2857
3005
3407
3854
4036
4003
4581
5128
5132
4862
3949
3091
2078
309
-1309
-2847
-4207
-5145
-5991
-6028
-5191
-4179
-3473
-3312
-3338
-3421
-3505
-3690
-3633
-2642
-1307
115
1532
2896
4859
6652
7601
7876
7403
6489
4773
2155
-443
-2437
-3658
-4601
-5302
-5219
-4369
-3177
-2449
-2188
-2064
-2444
-3547
-5339
-6841
-7202
-6829
-6004
-4801
-2791
106
2810
4959
6758
8382
9661
9672
8493
7077
5892
4850
3553
2326
1845
2092
2424
2246
1919
1770
1486
722
-835
-2545
-3830
-4979
-5890
-6525
-6583
-5781
-4791
-3799
-2729
-1505
-4
1181
1913
2416
2856
3446
3746
3718
3719
3829
4057
3916
3218
2446
1862
1371
649
-362
-1357
-2079
-2711
-3534
-4104
-4134
-3886
-3659
-3920
-4247
-3975
-3486
-2846
-1993
-1066
147
1248
1985
2950
4117
5081
5713
5732
5199
4284
2617
571
-1145
-2571
-3669
-4496
-4944
-4490
-3511
-2644
-2036
-1761
-1853
-2490
-3653
-4838
-5457
-5607
-5677
-5427
-4523
-2703
-166
2349
4795
7023
8513
9081
8598
7671
6820
5778
4462
2922
1630
995
868
1117
1571
2157
2598
2533
1910
774
-606
-2134
-3742
-5146
-6209
-6718
-6631
-6004
-4785
-3184
-1379
437
1985
3214
4074
4492
4499
4054
3250
2509
1999
1658
1409
1064
895
1082
1222
1142
644
-158
-871
-1693
-2570
-3284
-3808
-3922
-3977
-4173
-4161
-3782
-2718
-1336
-331
371
864
1550
2537
3280
3862
4375
4601
4277
2990
1127
-501
-1760
-2924
-4128
-5008
-5049
-4287
-3290
-2337
-1396
-820
-995
-1943
-3192
-4036
-4576
-5217
-5637
-5313
-4123
-2400
-567
1466
3916
6133
7367
7799
7809
7674
7211
5939
4496
3409
2356
1391
617
434
1156
1873
2097
2202
2143
1825
1023
-421
-1859
-3061
-4406
-5584
-6148
-5900
-4754
-3273
-1654
398
2406
3880
4779
5047
4985
4524
3231
1632
370
-453
-834
-1130
-1333
-1046
-481
37
358
400
193
-324
-1205
-2323
-3250
-3857
-4397
-4812
-5107
-4881
-3581
-1738
151
1718
2655
3394
3875
3873
3745
3529
3173
2467
1198
-141
-1121
-1829
-2495
-3128
-3424
-3237
-2782
-2273
-1612
-879
-505
-745
-1513
-2279
-2783
-3348
-3938
-4319
-4256
-3621
-2662
-1335
471
2414
4125
5366
6144
6578
6549
5925
4905
3747
2508
1260
119
-677
-940
-859
-631
-295
180
782
1280
1497
1342
849
175
-698
-1647
-2405
-2837
-2690
-1975
-978
253
1656
3104
4507
5482
5720
5343
4432
3086
1633
206
-879
-1398
-1751
-1939
-1867
-1638
-1074
-569
-467
-600
-1097
-1880
-2775
-3681
-4319
-4541
-4419
-4140
-3475
-2312
-923
594
1661
2242
2796
2958
2780
2240
1278
502
-381
-1557
-2574
-3369
-3613
-3453
-3326
-2802
-1827
-851
-90
111
-34
-125
-586
-1347
-1997
-2457
-2499
-2461
-2438
-1822
-651
866
2451
3688
4772
5548
5676
5394
4803
4090
3366
2319
1197
337
-283
-498
-487
-350
-4
178
115
-22
-184
-134
-35
-116
-229
-400
-573
-668
-724
-533
-103
382
879
1356
1917
2561
3093
3430
3528
3346
2850
2018
1009
78
-632
-1157
-1579
-1894
-2057
-1973
-1684
-1390
-1168
-1143
-1424
-1953
-2763
-3617
-4083
-4139
-3827
-3230
-2547
-1580
-440
533
1451
2201
2718
2982
2666
1977
1191
255
-653
-1453
-2073
-2334
-2407
-2334
-1902
-1255
-624
-229
-232
-391
-612
-1032
-1544
-2006
-2281
-2332
-2311
-2165
-1686
-886
104
1147
2161
3168
3964
4349
4407
4203
3798
3140
2241
1458
971
691
547
455
538
779
911
917
863
775
610
204
-333
-723
-952
-1104
-1232
-1256
-974
-463
41
494
928
1401
1858
2092
2149
2144
2043
1842
1459
968
656
499
389
242
-94
-444
-720
-1040
-1349
-1703
-2087
-2358
-2625
-2801
-2718
-2496
-2200
-1998
-2011
-1982
-1814
-1558
-1166
-712
-186
402
817
994
992
798
453
-32
-586
-996
-1206
-1321
-1326
-1170
-845
-458
-229
-201
-228
-277
-440
-743
-1089
-1310
-1353
-1343
-1264
-954
-369
410
1173
1772
2277
2704
2979
3074
2997
2809
2548
2161
1686
1293
1119
1166
1259
1218
1036
814
655
589
530
411
193
-136
-501
-832
-1071
-1155
-1095
-884
-549
-215
46
235
423
713
1038
1250
1330
1283
1166
992
699
435
330
300
224
-47
-443
-728
-928
-1111
-1283
-1432
-1484
-1561
-1772
-1911
-1839
-1621
-1483
-1645
-1864
-1838
-1594
-1260
-984
-687
-269
75
219
225
246
339
296
8
-295
-374
-251
-155
-254
-403
-413
-370
-425
-568
-647
-537
-369
-318
-317
-276
-214
-192
-244
-190
131
551
914
1193
1435
1758
2030
2122
2175
2185
2115
1954
1662
1490
1552
1600
1547
1325
983
715
403
76
-103
-261
-441
-720
-1092
-1206
-1041
-842
-680
-615
-465
-129
119
253
387
537
732
784
656
594
559
439
259
91
150
333
295
89
-120
-260
-393
-740
-1158
-1341
-1370
-1410
-1562
-1717
-1658
-1537
-1570
-1688
-1738
-1626
-1481
-1454
-1366
-1029
-506
20
376
618
843
925
804
548
265
27
-282
-673
-947
-990
-837
-634
-463
-236
89
399
618
759
848
851
660
303
23
-11
134
304
437
639
984
1354
1633
1853
2047
2175
2137
1890
1625
1457
1304
1088
774
440
165
-131
-416
-547
-491
-329
-284
-444
-646
-777
-828
-824
-799
-706
-554
-453
-393
-294
-116
133
335
431
474
478
449
403
345
330
359
323
206
33
-154
-260
-341
-455
-580
-734
-853
-943
-1056
-1120
-1136
-1125
-1110
-1166
-1243
-1288
-1344
-1381
-1362
-1237
-973
-671
-390
-92
219
498
662
655
522
265
-135
-569
-857
-862
-617
-284
54
418
810
1161
1380
1457
1403
1197
835
417
143
103
216
344
452
615
878
1171
1430
1647
1802
1835
1668
1328
949
615
321
50
-193
-377
-511
-637
-725
-708
-566
-377
-257
-224
-234
-269
-335
-463
-629
-766
-886
-1006
-1072
-1025
-794
-429
-72
237
500
711
881
947
901
806
650
429
188
-39
-178
-234
-305
-399
-489
-547
-556
-571
-591
-564
-515
-489
-535
-631
-662
-631
-623
-681
-774
-799
-729
-631
-513
-332
-82
170
310
314
261
164
6
-187
-354
-405
-360
-308
-226
-77
149
395
567
669
711
647
477
264
114
96
147
227
378
597
864
1146
1423
1736
2006
2060
1857
1470
1038
631
201
-217
-525
-688
-734
-727
-644
-414
-105
117
141
-3
-202
-419
-684
-956
-1148
-1225
-1247
-1278
-1237
-1021
-655
-281
-14
209
463
699
821
813
769
751
654
378
5
-281
-402
-443
-500
-535
-453
-302
-226
-278
-341
-309
-248
-293
-444
-571
-588
-556
-543
-485
-310
-77
56
45
-5
23
110
176
213
266
320
316
247
189
219
290
311
267
210
188
191
204
244
321
371
342
255
179
166
177
165
140
144
186
254
349
488
651
761
768
701
611
500
310
30
-265
-488
-625
-700
-700
-585
-374
-148
18
102
86
-36
-258
-512
-724
-862
-921
-909
-816
-658
-467
-256
-22
242
508
712
817
824
770
678
550
368
133
-112
-318
-459
-516
-474
-326
-103
104
217
217
145
45
-92
-281
-491
-664
-765
-777
-702
-533
-284
-40
133
224
267
308
348
363
337
266
149
15
-98
-151
-138
-91
-31
41
125
222
307
376
427
445
413
336
264
241
273
316
324
307
281
234
155
70
47
123
249
349
396
394
345
231
51
-124
-262
-388
-521
-622
-607
-450
-240
-75
15
37
-15
-162
-364
-520
-583
-600
-615
-599
-492
-296
-88
64
168
268
361
372
281
146
3
-126
-241
-313
-295
-205
-100
-35
1
58
128
137
59
-70
-180
-224
-212
-163
-86
-4
54
89
104
120
146
171
199
226
255
307
384
444
437
352
246
169
90
-36
-172
-214
-108
61
186
251
315
387
406
348
291
306
334
262
86
-61
-86
-56
-82
-153
-173
-111
-63
-93
-121
-54
76
141
74
-48
-156
-273
-438
-605
-677
-643
-604
-613
-605
-488
-280
-102
-31
-37
-57
-92
-165
-232
-234
-170
-107
-74
-15
123
301
448
537
598
638
612
489
302
108
-66
-210
-305
-323
-279
-212
-141
-68
5
56
60
17
-52
-125
-177
-178
-116
-4
133
275
407
495
505
449
370
310
273
241
215
197
169
112
32
-43
-90
-115
-138
-165
-166
-114
-22
66
114
130
133
114
44
-72
-192
-262
-288
-307
-305
-244
-110
58
195
279
332
359
333
244
105
-33
-155
-276
-387
-461
-476
-444
-407
-388
-363
-312
-252
-214
-213
-216
-200
-158
-90
-12
62
110
113
89
71
73
85
90
82
77
81
96
124
144
151
139
101
32
-55
-133
-182
-205
-220
-221
-182
-95
22
131
230
326
396
403
333
230
151
107
83
75
102
169
251
313
341
344
323
267
182
93
32
13
24
36
35
43
71
115
151
161
166
181
189
161
90
12
-64
-161
-284
-399
-448
-444
-442
-447
-405
-282
-144
-66
-61
-97
-160
-287
-466
-623
-693
-680
-622
-524
-354
-111
150
361
496
545
508
392
235
97
6
-34
-45
-29
18
91
184
281
345
338
246
81
-104
-262
-362
-399
-379
-337
-278
-195
-91
28
139
228
268
238
152
75
65
119
191
241
287
346
387
389
354
305
233
112
-31
-138
-175
-163
-136
-77
31
136
175
142
93
53
-17
-145
-251
-255
-165
-62
7
107
273
440
515
480
400
312
182
-9
-195
-310
-348
-361
-372
-337
-233
-114
-44
-53
-124
-233
-383
-552
-686
-753
-750
-701
-623
-501
-329
-127
83
266
390
444
444
417
380
338
289
246
211
176
142
131
161
222
271
271
220
132
21
-100
-210
-293
-350
-395
-429
-426
-352
-203
-16
154
264
310
314
302
279
235
180
139
131
136
141
173
247
336
362
295
184
95
31
-47
-132
-184
-183
-155
-136
-105
-28
52
72
5
-85
-126
-115
-100
-94
-54
32
128
193
221
239
234
169
32
-132
-269
-353
-402
-416
-367
-249
-106
3
51
41
-12
-115
-265
-420
-526
-564
-551
-489
-361
-153
98
318
460
520
515
451
332
196
84
18
-11
-15
13
79
174
271
346
367
319
204
46
-115
-258
-372
-443
-463
-430
-362
-271
-146
15
178
282
299
265
228
208
202
209
229
246
231
189
158
168
203
204
150
56
-39
-110
-156
-168
-148
-133
-154
-203
-232
-207
-137
-64
-21
2
18
35
51
76
113
145
146
109
56
15
-4
-10
-19
-37
-67
-108
-151
-187
-215
-234
-249
-264
-278
-292
-300
-290
-268
-251
-253
-264
-266
-239
-187
-113
-7
127
270
382
446
486
510
501
444
350
249
174
113
69
65
115
191
246
249
208
149
67
-51
-189
-307
-379
-417
-439
-424
-339
-193
-31
97
187
246
269
245
204
187
203
220
204
167
141
128
111
98
108
125
101
15
-83
-138
-150
-168
-211
-251
-272
-292
-324
-314
-228
-106
-28
-20
-25
-1
30
34
26
48
81
70
5
-52
-49
-12
-3
-26
-30
6
33
15
-24
-43
-59
-122
-233
-334
-378
-386
-395
-396
-347
-239
-108
9
121
242
349
405
408
379
339
291
238
197
178
175
181
202
239
282
311
313
281
204
90
-41
-166
-271
-349
-391
-392
-358
-306
-230
-127
-8
101
172
206
210
193
168
144
135
147
163
171
172
167
156
130
102
79
62
40
6
-28
-54
-76
-97
-115
-140
-181
-243
-311
-357
-370
-354
-320
-267
-193
-114
-51
-8
35
80
109
99
61
22
-1
-10
-17
-7
24
60
73
52
12
-20
-54
-105
-167
-220
-247
-257
-259
-238
-174
-65
54
147
203
236
245
228
190
152
134
128
122
113
125
173
244
310
341
336
298
228
136
31
-61
-141
-229
-321
-393
-417
-379
-300
-195
-76
37
121
167
188
193
177
128
61
6
-21
-17
14
69
146
219
256
251
220
175
113
35
-42
-98
-126
-131
-120
-102
-80
-70
-86
-128
-190
-258
-317
-357
-364
-333
-260
-153
-25
105
215
284
305
287
235
154
58
-40
-118
-164
-182
-168
-127
-68
-9
20
16
-12
-57
-113
-176
-224
-239
-217
-165
-89
3
99
177
216
209
169
122
72
30
11
30
91
176
263
339
392
408
366
262
120
-31
-169
-286
-372
-410
-387
-314
-206
-85
33
136
199
210
175
109
32
-40
-100
-135
-128
-70
28
140
239
316
355
339
270
166
50
-62
-160
-234
-267
-248
-192
-119
-52
-2
23
13
-33
-103
-170
-222
-259
-277
-265
-210
-120
-13
91
190
268
312
315
283
228
159
77
-11
-88
-144
-171
-173
-152
-112
-62
-22
-5
-6
-27
-63
-115
-174
-222
-240
-228
-190
-127
-41
57
148
214
253
266
252
215
160
116
95
106
138
174
206
217
198
140
41
-77
-194
-297
-364
-382
-335
-226
-82
64
183
265
292
255
155
17
-126
-251
-334
-361
-313
-187
-13
167
323
428
468
434
322
156
-18
-168
-270
-316
-296
-209
-77
57
158
212
223
185
89
-47
-181
-284
-339
-354
-319
-226
-86
64
184
273
335
362
336
250
131
17
-83
-170
-231
-241
-194
-116
-48
0
42
67
51
-12
-97
-170
-220
-255
-274
-252
-182
-88
1
74
138
191
220
213
186
165
155
141
121
105
107
114
106
74
36
0
-40
-89
-139
-166
-159
-123
-78
-22
44
113
159
161
126
77
10
-74
-162
-229
-251
-235
-196
-133
-36
78
177
239
265
264
227
144
37
-63
-133
-171
-186
-159
-85
13
97
147
170
168
127
40
-69
-160
-218
-242
-234
-181
-79
49
169
256
311
333
307
221
100
-23
-133
-224
-288
-310
-277
-201
-114
-33
38
98
126
103
36
-44
-117
-182
-234
-252
-216
-132
-33
63
155
241
293
287
233
158
87
14
-63
-112
-110
-65
-15
21
55
93
110
85
31
-14
-38
-54
-74
-77
-48
0
31
34
24
15
-6
-50
-107
-143
-145
-128
-102
-60
7
84
145
176
188
187
170
131
74
17
-23
-53
-75
-77
-58
-26
8
37
56
64
51
16
-32
-83
-127
-157
-166
-139
-85
-16
52
114
164
189
174
120
49
-20
-78
-129
-158
-149
-105
-53
-9
31
70
98
98
61
9
-42
-90
-143
-192
-213
-194
-152
-104
-43
35
122
187
205
192
158
110
44
-29
-80
-87
-64
-33
4
54
108
149
154
130
98
61
14
-46
-94
-112
-109
-105
-106
-97
-73
-50
-49
-61
-61
-47
-42
-46
-38
-6
35
63
77
98
129
145
139
123
118
116
99
66
37
22
12
-2
-13
-11
2
8
-1
-16
-31
-53
-88
-127
-150
-153
-142
-124
-87
-36
12
38
40
32
21
-3
-38
-61
-50
-23
8
39
82
132
157
146
112
77
36
-21
-88
-135
-143
-136
-129
-114
-72
-16
21
31
33
42
44
16
-30
-59
-65
-62
-68
-63
-17
52
110
141
163
193
207
184
128
75
37
-3
-62
-115
-138
-133
-120
-119
-107
-68
-19
12
18
21
30
28
0
-40
-67
-71
-64
-52
-29
13
66
113
137
143
140
128
100
57
19
-6
-20
-24
-24
-20
-3
11
14
4
-14
-36
-65
-97
-124
-137
-138
-129
-107
-77
-41
-3
29
54
68
73
69
59
51
47
45
44
43
47
54
53
41
24
6
-10
-28
-46
-55
-51
-39
-31
-23
-12
-3
-5
-18
-37
-50
-61
-74
-80
-69
-41
-5
31
69
101
129
137
123
98
68
34
-9
-46
-69
-72
-62
-47
-23
5
34
54
56
46
30
5
-24
-55
-80
-93
-95
-85
-65
-38
0
36
63
76
80
73
56
31
5
-13
-25
-30
-24
-13
7
26
41
49
47
38
19
-4
-27
-47
-62
-74
-79
-71
-55
-34
-12
11
34
47
51
43
29
10
-14
-36
-46
-41
-25
-7
18
46
69
74
63
42
