-23
-22
-19
-16
-11
-10
-12
-15
-19
-19
-20
-20
-17
-12
-6
1
5
11
15
17
17
16
20
23
19
18
16
14
14
14
15
16
14
11
13
13
15
14
12
8
5
4
2
5
5
6
10
12
15
21
28
38
44
46
50
52
47
40
30
22
14
8
2
-5
-12
-14
-16
-23
-21
-21
-26
-27
-37
-49
-55
-67
-74
-94
-119
-128
-130
-124
-120
-126
-119
-106
-96
-82
-68
-53
-40
-35
-30
-22
-12
-1
4
12
20
36
60
75
86
103
124
144
162
171
174
177
179
175
176
173
166
162
155
150
148
145
141
121
95
71
45
17
-17
-57
-94
-110
-120
-135
-135
-141
-147
-139
-134
-132
-136
-153
-169
-187
-194
-189
-197
-195
-188
-182
-142
-107
-80
-49
-44
-21
6
14
36
27
-1
1
-10
-6
14
-3
8
31
39
79
101
101
121
115
106
117
95
83
75
48
50
52
41
45
37
37
55
54
51
39
17
9
1
-3
1
3
27
69
123
195
257
316
381
425
458
469
438
397
325
240
157
65
-13
-90
-155
-188
-211
-222
-226
-235
-243
-264
-301
-350
-416
-483
-556
-625
-687
-748
-769
-765
-742
-694
-632
-550
-463
-378
-293
-212
-137
-72
-9
46
93
142
183
229
282
330
388
444
499
564
624
687
744
781
813
830
829
821
788
744
695
634
578
521
459
409
372
338
310
279
235
177
107
20
-75
-178
-288
-395
-500
-592
-661
-715
-749
-763
-777
-764
-736
-717
-691
-671
-658
-632
-622
-614
-602
-601
-566
-554
-536
-477
-461
-393
-307
-282
-183
-91
-60
44
119
133
208
252
224
258
265
208
249
264
221
297
344
353
455
488
489
570
576
551
581
544
505
528
484
457
472
427
416
424
380
375
361
323
337
333
330
364
380
422
491
526
567
590
578
574
513
396
281
144
-14
-173
-337
-488
-596
-685
-771
-820
-828
-829
-835
-847
-889
-949
-1012
-1123
-1269
-1399
-1531
-1624
-1659
-1700
-1682
-1578
-1435
-1226
-1008
-788
-545
-313
-94
72
192
302
368
422
464
477
536
631
715
836
977
1124
1313
1483
1616
1740
1830
1883
1884
1826
1726
1601
1456
1271
1087
922
757
642
534
431
379
323
270
226
141
59
-31
-159
-290
-428
-567
-678
-779
-873
-933
-972
-994
-998
-993
-969
-939
-911
-861
-843
-829
-782
-785
-772
-729
-745
-703
-638
-627
-552
-467
-433
-348
-278
-263
-215
-189
-210
-212
-217
-258
-270
-253
-257
-223
-154
-109
-32
73
136
221
306
349
396
432
423
410
407
375
358
359
350
370
420
471
536
618
686
760
831
868
900
911
905
908
894
875
890
913
943
995
1034
1077
1126
1128
1088
1007
876
710
514
266
4
-235
-469
-668
-830
-963
-1040
-1081
-1124
-1156
-1195
-1270
-1358
-1490
-1668
-1844
-2015
-2177
-2291
-2356
-2363
-2268
-2109
-1880
-1580
-1261
-925
-589
-300
-51
144
283
394
459
504
550
585
665
761
868
1023
1174
1342
1537
1690
1831
1953
2013
2048
2022
1921
1811
1668
1493
1334
1153
980
862
724
602
518
409
340
273
154
73
-27
-159
-271
-428
-590
-702
-829
-937
-1003
-1071
-1102
-1079
-1082
-1066
-1017
-1002
-972
-941
-957
-957
-938
-960
-946
-902
-908
-845
-753
-718
-600
-495
-465
-335
-263
-268
-162
-132
-141
-39
-57
-75
40
7
3
88
36
99
208
183
302
401
431
575
598
619
695
684
717
719
687
695
669
694
717
747
832
901
1044
1172
1274
1379
1431
1504
1531
1488
1392
1214
1051
855
596
359
105
-94
-226
-399
-549
-655
-747
-824
-923
-1067
-1204
-1340
-1512
-1734
-1956
-2168
-2351
-2448
-2527
-2552
-2453
-2316
-2085
-1785
-1517
-1182
-850
-561
-274
-89
52
187
282
362
427
496
599
759
917
1066
1247
1415
1611
1789
1885
1987
2059
2109
2131
2079
1990
1878
1753
1577
1379
1172
928
733
536
317
187
45
-74
-111
-221
-279
-312
-421
-483
-604
-738
-830
-968
-1053
-1139
-1208
-1180
-1168
-1101
-979
-923
-781
-661
-612
-467
-470
-453
-444
-555
-555
-674
-745
-804
-909
-837
-860
-774
-649
-621
-414
-303
-212
-51
-62
-15
25
8
48
37
10
13
86
121
197
262
266
352
356
376
389
387
426
435
459
485
681
862
1056
1276
1306
1608
1850
1963
2121
1914
1851
1812
1587
1450
1090
788
600
308
126
-79
-219
-235
-365
-482
-560
-662
-683
-862
-1222
-1509
-1812
-2004
-2134
-2376
-2504
-2485
-2358
-2055
-1743
-1474
-1128
-829
-492
-190
-71
73
123
148
211
151
135
217
259
334
404
417
646
861
984
1129
1145
1317
1484
1518
1460
1289
1189
1062
924
651
343
133
-102
-202
-308
-405
-378
-390
-334
-264
-193
-80
-77
-124
-250
-354
-379
-488
-574
-668
-721
-582
-444
-311
-99
72
260
463
510
570
619
489
439
268
100
61
-75
-133
-199
-257
-230
-198
-187
-177
-194
-218
-234
-246
-307
-395
-470
-569
-505
-514
-536
-519
-571
-429
-345
-291
-262
-218
-203
-128
-146
-80
266
395
710
630
792
1272
1534
1866
1543
1348
1392
1301
1221
747
273
118
-173
-401
-583
-725
-523
-532
-679
-680
-662
-500
-547
-946
-1295
-1566
-1753
-1824
-2045
-2191
-2141
-2029
-1617
-1134
-679
-155
280
778
1359
1737
2016
2170
2167
2196
2038
1799
1644
1480
1358
1187
1003
1049
1273
1464
1565
1471
1486
1587
1522
1283
698
224
-169
-623
-1089
-1730
-2142
-2347
-2479
-2496
-2457
-2244
-1942
-1723
-1575
-1358
-1049
-831
-835
-1032
-1161
-1070
-955
-925
-982
-874
-495
2
459
726
1030
1312
1504
1643
1518
1376
1108
698
437
145
29
-76
-247
-206
-178
70
295
435
610
507
484
384
255
195
-164
-496
-771
-909
-824
-796
-703
-673
-411
-203
351
1098
1593
2277
2077
2381
2808
3082
3347
2348
1673
1279
929
762
-206
-1006
-1254
-1664
-1696
-1899
-1881
-1389
-1424
-1574
-1627
-1583
-1413
-1679
-2556
-3107
-3420
-3552
-3396
-3569
-3317
-2770
-2237
-1238
-344
593
1486
1894
2438
2984
3352
3554
3237
2914
2693
2445
2180
1862
1709
1676
1678
1574
1758
2156
2496
2508
1979
1668
1515
1257
601
-680
-1591
-2117
-2407
-2738
-3358
-3436
-3095
-2565
-2030
-1659
-1007
-353
-6
121
57
183
161
-305
-905
-1382
-1291
-1005
-835
-659
-320
403
1196
1784
2080
2087
2032
1770
1342
724
-26
-718
-1461
-1920
-2159
-2134
-1936
-1663
-1173
-694
-42
463
759
926
747
564
214
-208
-393
-845
-1182
-1433
-1480
-1117
-504
640
1745
2802
3294
3844
4489
5097
5415
4083
2516
1342
471
-68
-1430
-2828
-3481
-3883
-3696
-3652
-3424
-2391
-1778
-1470
-1225
-897
-347
-478
-1488
-2444
-3025
-3087
-2861
-3017
-2690
-1834
-742
825
2309
3901
5191
5615
5916
6085
6074
5681
4324
2670
1393
446
-399
-1317
-1903
-1775
-1391
-1094
-748
-173
603
977
435
-304
-697
-1002
-1619
-3023
-4128
-4263
-3753
-3087
-2843
-2216
-924
628
1965
2631
3127
3524
3411
2727
1661
820
162
-687
-1685
-2434
-2306
-1567
-869
-479
-20
782
1559
1907
1596
924
183
-615
-1441
-2239
-2764
-3036
-3143
-2796
-2061
-960
98
927
1653
2173
2629
2608
2164
1442
547
-295
-996
-1712
-1060
265
1630
2606
2655
3863
5251
6503
6092
3385
1374
81
-1157
-2900
-5576
-7331
-7866
-8070
-7829
-7336
-5585
-3177
-1804
-966
54
1394
2651
2365
704
-296
-595
-226
-33
-304
401
1677
3285
5045
6608
8165
8883
8540
7731
6483
5059
3137
263
-2605
-4564
-5795
-6552
-6750
-6400
-5388
-4076
-2698
-1047
483
1775
1966
1070
443
13
-297
-1089
-2472
-2864
-2101
-547
936
1844
2934
4161
5242
5534
4894
3937
2589
772
-1362
-3271
-4476
-5152
-5585
-5904
-5261
-3509
-1443
193
950
1577
2303
2874
2594
1313
-78
-1241
-1871
-2235
-2549
-2318
-1724
-745
304
1246
2456
3049
3121
2732
1831
1164
179
-670
-1803
-2409
-1368
-66
1497
2265
2922
3957
5234
5983
4355
1782
-428
-2125
-3665
-5750
-7610
-8555
-8535
-7846
-7169
-5571
-3045
-814
475
1054
1882
2676
2678
1411
-44
-819
-654
167
748
2084
4115
6076
7760
9011
10330
10763
9646
7628
4902
2567
283
-2667
-5412
-7030
-7135
-6834
-6301
-4960
-2909
-646
544
853
1080
1475
1379
-190
-2156
-3384
-3474
-3041
-3095
-2734
-1254
1263
3580
4691
5094
5163
5004
3779
1351
-1112
-3185
-4795
-6236
-7287
-7118
-5815
-3973
-2384
-911
1080
2993
4093
4017
3080
2102
1242
192
-963
-1963
-2472
-2415
-1863
-1055
12
1199
1953
2255
2258
2235
1719
893
-155
-1385
-1920
-2291
-1958
68
2906
5570
6637
7051
7743
8706
9023
6090
1258
-2502
-4684
-6088
-8000
-10067
-10832
-10016
-8392
-6970
-5034
-2207
53
749
229
-221
96
194
-1355
-3308
-3806
-2403
293
2790
5009
7328
9588
11153
11429
10849
9075
5964
2161
-1826
-4667
-6308
-7333
-8025
-7686
-5704
-3151
-392
1982
3510
4458
4393
3489
2309
1333
190
-1582
-2922
-3013
-1613
491
1955
2978
4209
5763
6507
5699
3725
1047
-1484
-3993
-6438
-8152
-8728
-8339
-7468
-5835
-3316
-429
1965
2902
2985
3092
3070
2510
1002
-818
-2041
-2322
-2012
-1723
-1315
-764
-262
379
528
185
-312
-1130
-1985
-2744
-3172
-3083
-3094
-1774
1629
5428
8412
9120
9111
9485
9867
8836
4251
-1556
-5171
-6939
-8120
-9275
-10016
-9199
-7330
-5503
-3949
-1636
1374
2852
1962
529
245
854
800
-801
-1991
-1158
1564
4599
6760
8579
9984
10401
9204
7290
5205
2184
-1647
-6070
-9350
-10108
-9225
-7885
-6757
-4558
-1443
1327
3690
5103
5556
5087
3433
1678
647
396
102
-842
-1291
-261
1711
3300
3536
3000
2857
2753
2035
389
-1656
-3206
-4463
-5401
-5714
-5090
-3738
-2668
-2039
-1046
578
2176
2527
1666
808
927
1649
1615
730
-226
-577
-409
-330
-879
-1834
-2678
-3400
-4354
-4837
-4575
-3951
-3362
-2961
-2381
-1373
390
1510
3704
7409
10193
10789
9359
8007
7778
7946
5481
-512
-5402
-6454
-6330
-6626
-7959
-9370
-9416
-8904
-8955
-8599
-6253
-3403
-2150
-2199
-1040
2252
5738
6982
6076
6061
7863
10194
11383
10557
9237
7862
5371
2480
491
-1136
-3310
-5742
-7852
-8161
-6143
-4018
-3402
-3074
-1848
-514
666
1943
2669
3023
3098
2457
2769
4300
5251
4606
2823
1484
1272
1209
-327
-2931
-4634
-4967
-4723
-4425
-4267
-3819
-2738
-1986
-1799
-984
209
500
-268
-1207
-1146
263
1505
985
-6
483
2337
3752
3557
2210
970
534
7
-1384
-3016
-4243
-5132
-5808
-6042
-5377
-3533
-1686
-351
775
2039
6061
11179
13678
12559
9380
6720
5694
4843
930
-6044
-11065
-11586
-10184
-8307
-7364
-7180
-6129
-4993
-4908
-4753
-3418
-1935
-2187
-3774
-4012
-1756
1864
4419
5045
5715
8092
11510
13773
13468
11443
8513
4549
828
-1910
-4549
-6707
-8164
-8950
-7892
-4993
-1572
1039
2793
3930
4041
4081
4679
4821
4105
2302
524
792
2370
3451
2864
996
-177
-196
-533
-2288
-4651
-6080
-6401
-6255
-5740
-4919
-3645
-2236
-1819
-1579
-436
1199
2421
2294
1571
1688
2971
4017
3647
2360
1532
1517
1459
863
-581
-1857
-2643
-3915
-4861
-5275
-5415
-5364
-5586
-5553
-4801
-2916
-888
691
1754
4766
10750
15633
17078
14440
10488
8332
7013
3588
-4339
-12035
-14439
-14005
-12183
-10549
-9592
-7563
-5240
-4579
-5029
-3587
-566
754
-769
-2339
-1201
2439
5793
6086
5251
6416
9185
11442
10714
8113
5430
1738
-2248
-5549
-7841
-8785
-8547
-8146
-7331
-4165
591
4567
7015
7946
7412
6916
8005
8853
8143
6444
4067
3018
3606
3854
2307
-740
-3373
-4868
-5668
-6529
-7521
-7663
-7190
-6485
-5074
-3173
-1246
-98
-643
-1884
-1597
151
1357
1382
968
1420
3419
5399
5262
3454
1845
786
-113
-1394
-3240
-4596
-4916
-4850
-5087
-5214
-5055
-4719
-4397
-4656
-4904
-4005
-1981
31
4583
11895
17173
18808
16665
12676
9873
7920
3122
-6474
-14602
-17266
-16612
-13655
-10882
-9124
-7021
-4921
-3907
-3156
-758
1872
2179
106
-1045
1174
5506
9055
9520
8301
8186
9779
10939
9135
5657
1558
-3248
-6886
-8714
-9572
-9395
-8274
-7963
-7601
-4847
-473
3637
6146
6462
5677
6380
9599
12390
12647
11162
8986
7680
6799
4775
1388
-2888
-6799
-9800
-11603
-11374
-9643
-7678
-6343
-5458
-3867
-1593
109
46
-1597
-3009
-2717
-1211
208
1298
2426
3841
5273
5827
5548
4785
3419
1504
-544
-2389
-3423
-3570
-4049
-4945
-5430
-5622
-5698
-5733
-5800
-5714
-4638
-2491
-49
6218
14968
20175
20523
16481
11656
8619
5615
-1470
-12244
-18751
-19051
-16378
-12417
-9473
-6937
-4200
-3114
-4285
-5121
-2897
-99
-165
-2237
-1995
2624
8782
12114
11253
9591
9938
11601
10932
7017
3004
-618
-3936
-6107
-7015
-6539
-4980
-3856
-4953
-5851
-3856
-863
1339
2215
1970
2457
5367
9564
11955
11774
10255
8103
6049
4083
1589
-1590
-4745
-7113
-8828
-9147
-7346
-4890
-3445
-3105
-2820
-1810
-89
859
-687
-3202
-4079
-3022
-1535
-772
-445
417
2330
4483
5448
5234
4934
4379
2794
655
-1145
-2471
-3549
-4752
-6157
-6921
-6243
-5301
-5556
-6065
-5343
-3819
233
8777
16581
19610
17756
12706
8560
6693
3816
-4415
-13470
-16520
-15050
-10939
-6129
-3689
-2991
-3425
-5990
-9225
-9300
-6028
-3612
-4128
-4597
-1769
3914
9391
10870
8899
6823
6447
6980
5723
3876
2508
4
-2457
-3528
-3203
-2137
-1030
-1599
-3990
-4281
-1971
738
3619
5845
6344
6687
8444
10240
10560
9519
6934
3713
1880
1534
1552
1289
197
-2202
-4535
-5487
-5477
-5606
-6117
-5855
-4339
-2275
-775
-527
-1406
-2820
-4190
-5665
-6861
-6594
-5011
-2905
-340
2753
5697
7481
7459
5544
3316
2128
1451
22
-2563
-3842
-3448
-2761
-2817
-4552
-6227
-6766
-5877
-1605
5943
12930
15754
12760
7173
3242
1732
-967
-7960
-14116
-14882
-10915
-4167
1172
2950
2955
1520
-1628
-5023
-5645
-3592
-2452
-2874
-3217
-1816
1448
3696
2496
-298
-1273
507
2751
3791
4616
5046
4630
3457
1788
775
659
160
-2077
-4230
-3472
-573
2633
4376
4487
4661
5665
6455
5334
3290
1716
596
-45
-500
-213
1236
2640
2811
1813
880
726
503
-362
-1205
-651
1095
1950
870
-1349
-3381
-4632
-5649
-6873
-7396
-6175
-3864
-2025
-890
58
472
42
-969
-1431
-779
484
1227
1087
1381
2619
3363
1782
-1189
-2968
-3825
-2681
3367
10103
13718
12704
6844
-68
-3741
-5125
-10438
-17123
-18115
-13842
-6127
2140
5748
4995
3187
438
-3511
-5533
-3764
-1283
-289
295
1376
3250
4945
3339
-1667
-6054
-6030
-2860
-758
341
955
1227
2331
3377
3194
2432
2386
1835
642
1692
4333
6482
7638
7125
5895
5589
5991
4926
1830
-446
-769
-75
443
232
-85
-434
-702
-1131
-1912
-1894
-869
-425
-298
1424
3873
4649
2991
-427
-3980
-5641
-5501
-5458
-5385
-4376
-2872
-1244
-115
-603
-2934
-5780
-7438
-6986
-4783
-1704
937
2920
4778
5840
5663
3993
2045
-346
623
7958
14340
15413
11531
5542
1599
544
-2593
-12053
-19718
-19186
-14858
-8966
-3593
-1636
-1581
-2046
-3921
-5838
-3174
2262
4635
3479
2582
3477
4788
4223
-219
-4937
-4923
-203
4158
4896
4580
3602
1002
-2482
-5947
-7558
-6681
-4803
-4164
-2727
2977
9364
11631
9436
5112
2587
3180
4689
4679
4261
6109
8198
8157
6115
2790
-794
-4652
-8227
-10266
-8988
-4320
192
3069
5676
8208
8919
6276
1151
-3903
-6399
-6118
-4706
-2891
-411
2390
4030
3490
1012
-2438
-6187
-9082
-9332
-7526
-4951
-2553
-1062
-196
400
803
-761
-2531
-3281
-1140
7770
16944
20074
15748
7403
1332
-107
-587
-6420
-13350
-13408
-9136
-3839
434
-76
-3487
-7277
-11343
-13781
-10621
-3405
1916
3721
4234
4612
4487
2075
-3977
-9035
-8562
-2366
5896
11002
12507
11385
7918
2907
-2819
-7373
-9764
-9316
-6628
-2425
4070
9901
11143
7993
3027
-1083
-2328
-1408
-45
1980
6045
10617
12955
12472
8817
3029
-2467
-6015
-6917
-5395
-2783
-870
171
1681
3072
2505
-647
-4813
-6900
-5619
-2252
1087
3385
4519
4367
2981
1191
-449
-1967
-4041
-6133
-5839
-2720
1583
2802
196
-3286
-4997
-5190
-5075
-5900
-5207
3640
14563
18414
12873
3053
-3848
-4297
-1868
-5235
-10903
-9062
-2094
3369
4793
520
-5707
-10298
-13762
-16144
-13013
-3059
6134
9101
7563
5319
3406
-397
-8059
-15112
-14331
-4484
7528
13696
13800
10815
5941
314
-5133
-8956
-9228
-5775
-690
4725
11058
15294
13304
6229
-1949
-7080
-6524
-2110
3092
8143
12941
15237
12778
6883
-316
-6657
-10062
-9518
-5052
1879
8104
10572
9061
5590
1653
-3382
-8817
-11745
-9892
-3906
2494
6091
5760
2787
-931
-4865
-7817
-8384
-6781
-4024
-664
2657
5072
5552
3176
-2587
-8135
-9414
-7121
-2891
-364
4817
14883
21700
19517
7741
-5463
-11449
-8679
-5783
-9560
-11716
-6196
1138
5788
3999
-4243
-10809
-12864
-13166
-11056
-3367
6340
10801
8280
2176
-3510
-6081
-8500
-13206
-13578
-4938
9252
19764
20471
14005
4882
-3464
-9949
-14532
-14445
-8639
34
7056
10937
12865
11003
4975
-2900
-9005
-8763
-1407
8709
15342
17784
17948
14063
5777
-3803
-11104
-13668
-10190
-2464
5314
11849
15740
13155
5125
-3211
-9173
-12178
-11704
-8261
-2807
4147
9614
9533
4026
-3017
-7998
-9043
-6925
-3316
1091
4957
6351
4692
249
-4479
-7828
-9526
-9615
-6548
-191
4665
11750
18994
18372
9979
-2409
-13496
-16287
-8491
-1615
-2108
-2823
-866
1561
5084
3116
-7834
-17801
-19578
-14748
-6102
3650
9095
9569
7513
2550
-5267
-11083
-13130
-12377
-7279
1554
11545
18617
19119
11494
-933
-10218
-11961
-9054
-5301
-1350
3474
8528
11052
7906
106
-6540
-8396
-6954
-3203
4121
12816
18432
18453
13207
5147
-1956
-6370
-8583
-7138
-1263
6072
10627
11247
8616
3800
-1206
-5237
-7566
-6653
-2457
2485
5300
5286
3303
-354
-4937
-9380
-11351
-9228
-3615
2708
6098
6701
5852
3987
1281
-2149
-4622
-4752
-2828
-313
-444
2954
11235
15159
11160
903
-8187
-10586
-5364
-1188
-4080
-7620
-8316
-7794
-4711
-1742
-4103
-9172
-12575
-11772
-5504
3626
8198
5558
148
-3667
-5983
-7527
-9129
-9716
-5481
1877
9130
13666
13720
9403
1551
-6234
-9226
-5834
299
4831
7003
7657
7046
4406
-345
-5646
-8537
-7731
-4368
1853
9299
14340
15443
12781
7197
869
-3123
-3714
-2222
-56
1705
2818
4358
5302
3991
1720
369
695
2296
3153
2596
1522
-105
-2421
-4283
-4880
-4765
-4023
-2947
-2268
-1617
-323
-146
-1468
-1932
-1043
663
1865
2492
1936
1885
1036
1295
7266
12042
11190
4701
-2506
-6795
-5839
-3044
-4714
-6656
-5694
-5905
-6362
-4812
-5485
-8481
-11579
-13872
-12288
-3996
5517
9662
8328
3720
-2566
-8556
-12797
-14887
-11248
-3108
4392
9236
10936
9638
5563
-554
-6940
-9491
-6141
271
6364
9931
9558
5922
1923
-1305
-3403
-3152
-1149
2163
6579
10400
11213
10227
7968
3383
-1336
-2498
-30
3676
6584
6171
2915
-58
-2064
-3455
-2969
-798
1564
3697
4867
4530
3338
1718
-629
-3150
-5046
-5108
-2952
-843
-249
-376
-764
-1373
-1293
-1074
-1142
-910
-40
-255
-306
-691
2085
9782
14382
12539
5286
-1137
-4571
-4097
-3059
-5512
-6821
-5861
-6173
-6815
-6252
-7083
-9483
-11952
-13911
-12945
-6758
563
4593
5024
3253
-566
-5078
-8288
-9069
-4901
1840
6984
8429
6552
3535
163
-3053
-5623
-6262
-4028
259
5249
8083
6931
2225
-3235
-5862
-4613
-597
3559
7184
9898
10942
10449
9076
6478
3137
388
-630
485
2926
5248
5609
4142
1720
-955
-1874
-195
2592
4387
4142
1613
-1353
-2688
-2437
-1456
-787
-750
-690
265
678
-1081
-3016
-4408
-4617
-2523
175
1668
2682
3150
2121
-436
-2663
1981
9184
12987
10480
3297
-2161
-3925
-1851
-1783
-4521
-5210
-4819
-4994
-5019
-6980
-10873
-13891
-14840
-13440
-9264
-3667
601
2774
3304
1452
-3853
-9869
-13611
-11593
-3682
4649
10061
10689
7417
3012
-279
-1718
-1849
-841
608
2588
4916
5492
3035
-1421
-4659
-5193
-2795
1608
5580
8507
9582
8014
4993
2534
988
364
1578
4187
6269
6793
5557
2747
55
-1902
-3142
-2270
1656
6637
9833
9459
5330
106
-3165
-3735
-2755
-1383
-427
-93
39
-366
-2282
-5233
-7368
-6832
-2606
2605
5400
5111
3069
1110
-2141
-1208
5269
11101
13113
9024
3270
-281
351
597
-3955
-8206
-8914
-7304
-5383
-6312
-10312
-13106
-12942
-11844
-10723
-9004
-6317
-2726
-120
157
-2196
-4669
-6296
-7067
-4320
530
5853
8830
7027
1859
-3459
-5208
-3737
-394
3430
6069
7107
5981
2686
-1981
-5490
-5887
-3606
282
4433
8116
10706
11365
9656
6568
3515
1600
1456
3257
5354
5644
3939
1165
-912
-1826
-2165
-1947
-333
3226
6808
7665
4499
-789
-4904
-5371
-2259
1772
4831
6036
5215
2964
-646
-4300
-6899
-7678
-5989
-2961
639
2706
2603
1688
-1505
-1788
2850
7838
9906
6962
3128
859
2293
4367
1813
-1170
-1016
221
-499
-4481
-10341
-14104
-14265
-13523
-12736
-10883
-7650
-5193
-5065
-5984
-7628
-8666
-9631
-10289
-7070
-257
6996
9962
7613
3784
1070
-230
-879
-506
2286
6834
9829
8242
3083
-2494
-6175
-6645
-4109
76
3986
6862
7741
6298
4070
2015
506
305
1937
4976
8062
9739
9069
6207
2976
763
-694
-1250
-623
1595
4842
6850
5557
976
-4202
-7086
-6483
-3157
757
3617
4497
3209
578
-2125
-4078
-4072
-2038
865
3338
4393
3388
1670
-528
-2471
-765
3145
7008
7240
4207
693
-1092
184
29
-1874
-2084
-298
1364
82
-4544
-8927
-10155
-9114
-8034
-7322
-6342
-5587
-6063
-7545
-9286
-10598
-11363
-12676
-11813
-6901
-8
5285
5594
2176
-1529
-3296
-3289
-2255
505
5012
9497
11296
9556
5183
431
-2570
-3094
-887
2595
5558
6939
6310
4641
2803
1320
1152
2071
3866
5764
6475
5989
4697
2982
1451
649
732
1240
2412
4581
6741
7307
5234
780
-3631
-5414
-4546
-2231
388
2259
2813
1839
-315
-2965
-4496
-3795
-1823
305
1517
1698
1477
1628
1039
522
2246
4835
6877
6046
2388
-1472
-2437
-786
-136
-738
-1265
-899
-74
-773
-3903
-7009
-8240
-8573
-8186
-6980
-5457
-4387
-4570
-5536
-6569
-6968
-7698
-9868
-10842
-8558
-3822
313
1156
-747
-3089
-3740
-3238
-2392
-724
1671
3766
4624
4303
2804
941
-418
-555
1506
5226
8489
9142
7594
5503
3976
3540
3508
3261
3116
3782
4780
5355
5479
4816
3644
3050
2969
2713
2464
2794
3554
4295
4679
3742
1922
389
-242
-88
333
355
-467
-1660
-2936
-3928
-3622
-2295
-975
-527
-1334
-2148
-1994
-1270
-1203
-1803
-1792
-190
2679
4492
3533
1188
-114
712
3038
4069
2221
-1196
-3517
-3466
-2151
-1177
-1888
-3572
-4755
-4933
-4629
-4572
-4892
-5418
-5006
-3787
-3118
-3725
-5385
-6743
-6839
-5254
-3290
-3018
-4492
-6343
-6707
-5003
-2734
-1767
-2322
-2694
-1741
113
1393
1311
551
305
1402
2951
4028
4550
4918
5804
7054
8369
8870
7938
6076
4158
3415
3997
4636
4371
3637
3429
4048
4946
5392
5257
5199
5364
5262
4906
4605
4211
3463
2260
819
-258
-1186
-2476
-3416
-3221
-2076
-1093
-1722
-3747
-5199
-4677
-3328
-2668
-2431
-1682
427
2870
3329
1243
-1309
-2013
-176
2468
3353
1674
-1005
-2252
-1851
-1325
-1940
-3295
-4346
-4653
-4393
-4610
-5149
-5304
-5058
-4369
-3166
-2201
-2774
-4461
-6102
-6423
-4564
-2370
-2540
-4785
-6624
-6471
-4506
-2451
-2084
-2886
-3136
-2688
-2348
-2182
-1887
-1189
318
2245
3699
4615
5116
5300
5577
6272
7148
7498
7157
6464
6239
6852
7247
6501
4978
3947
3780
4158
4352
4130
4302
4867
5183
4981
4912
5296
5595
5424
4399
2791
1132
-806
-2921
-3994
-3364
-2021
-1556
-2520
-3985
-4512
-3941
-3852
-4803
-5586
-4633
-1987
708
1557
509
-513
106
2234
3889
3411
923
-1682
-2334
-1223
-313
-748
-2011
-3129
-3525
-3469
-3911
-4895
-5911
-6459
-5856
-4121
-2735
-3268
-5426
-7187
-6711
-4150
-1986
-2473
-4449
-5616
-5070
-3558
-2738
-2750
-2643
-2018
-1398
-1318
-1395
-1228
-702
129
957
1869
2977
3848
4337
4858
5742
6712
6899
6215
5525
5690
6483
7009
6768
5981
5496
5373
5443
5440
5331
5200
5040
4846
4404
4095
4050
3988
3667
3042
2014
417
-1270
-2322
-2273
-1518
-1134
-1668
-2547
-2824
-2488
-2317
-2758
-3376
-3411
-2675
-1267
116
550
-237
-1421
-1800
-620
1351
1836
21
-2636
-3756
-2764
-1126
-559
-1467
-2567
-3039
-3059
-3247
-3742
-4350
-4733
-4402
-3737
-3215
-3566
-5064
-6649
-6913
-5295
-3520
-3416
-4810
-6303
-6113
-4432
-2773
-1754
-1342
-933
-275
371
616
375
155
166
653
1684
2958
4040
4711
5169
5788
6616
6773
5927
4821
4626
5560
6673
6900
6073
5181
4832
4852
4692
4223
3686
3465
3695
4004
4212
4321
4130
3567
2796
1903
806
-420
-1470
-1864
-1469
-1196
-1760
-2771
-3318
-2923
-2139
-2026
-2733
-3356
-3197
-2100
-466
651
338
-793
-1517
-877
1239
2868
2227
-210
-2238
-2477
-1519
-684
-1349
-2791
-3592
-3737
-3678
-3817
-4045
-4232
-4234
-4105
-4144
-4420
-5094
-5929
-6325
-5603
-4128
-3309
-3796
-5261
-6159
-5412
-3406
-1489
-876
-1094
-1141
-504
448
781
292
-256
139
1476
2952
3811
4081
4375
5259
6344
6515
5638
4728
4806
6141
7919
8561
7554
5985
4874
4460
4487
4266
3621
3156
3212
3362
3389
3299
2909
2341
1626
657
-416
-1171
-1556
-1581
-1268
-1218
-1412
-1552
-1396
-982
-747
-1065
-2024
-2861
-3360
-3341
-2228
-482
527
13
-1267
-1873
-491
1827
2318
437
-1832
-2350
-1081
563
789
-507
-1574
-2152
-2527
-2734
-2731
-2680
-2936
-3322
-4008
-4552
-5145
-6542
-7742
-7540
-5872
-4347
-4366
-5750
-6976
-6292
-4452
-2967
-2329
-2146
-1575
-365
1056
1757
1524
691
-166
-109
930
2160
3018
3642
4464
5537
6232
5853
4819
4447
5312
6807
7777
7563
6631
5843
5545
5406
5225
4950
4658
4553
4467
4263
3916
3378
2509
1478
560
-252
-768
-959
-834
-577
-540
-1028
-1840
-2137
-1842
-1485
-1661
-2405
-2905
-2867
-2526
-1894
-819
329
517
-499
-1845
-1997
-411
1113
858
-883
-2341
-2054
-496
722
331
-1075
-2480
-3420
-3456
-2808
-1938
-1556
-2039
-3025
-3838
-4557
-5881
-7397
-8089
-7413
-5886
-4912
-5303
-6151
-6087
-5209
-4141
-3280
-2830
-2410
-1485
-137
1024
1554
1199
313
176
1379
3083
4320
4982
5502
6153
6521
5930
4702
4021
4610
5930
7145
7685
7357
6665
5789
5100
4798
4653
4419
4082
4217
4740
5318
5281
4102
2527
1118
45
-843
-1526
-1777
-1684
-1340
-1455
-1959
-2073
-1863
-1805
-2326
-3011
-3244
-2826
-2304
-2398
-2309
-1328
93
673
-191
-1534
-1814
-418
1029
875
-644
-2085
-2128
-1026
-25
-183
-1458
-3004
-4141
-4009
-2655
-1223
-946
-2016
-3386
-4269
-4656
-5306
-6291
-6660
-6077
-5108
-4620
-4808
-5367
-5678
-5509
-5078
-4285
-3270
-2342
-1331
87
1433
1865
1198
11
-365
970
3141
4749
5563
6128
6720
7196
7022
6150
5400
5409
5990
6664
7146
6924
6017
5059
4422
4203
4145
4009
3806
3955
4643
5150
4801
3516
1712
247
-332
-362
-501
-830
-1114
-1326
-1384
-1382
-1592
-2015
-2445
-2848
-3046
-2921
-2718
-2609
-2606
-2272
-1402
-379
-171
-1113
-2067
-2004
-569
1061
1394
322
-1026
-1305
-785
-368
-1018
-2640
-4006
-4318
-3320
-1957
-1287
-1958
-3576
-4862
-5268
-5052
-5143
-5743
-6121
-5751
-4736
-3933
-3871
-4463
-5105
-5053
-4321
-3293
-2437
-1733
-791
409
1455
1654
973
247
505
1913
3525
4535
4861
5071
5572
6144
6395
6247
5991
5879
6227
7010
7525
7192
6155
5052
4468
4383
4306
4050
3987
4333
4735
4763
4129
2939
1658
731
142
-367
-931
-1657
-2208
-2139
-1562
-1221
-1560
-2373
-3229
-3608
-3541
-3390
-3252
-2985
-2778
-2566
-1778
-624
36
-458
-1687
-2359
-1349
753
1859
1230
-180
-1033
-969
-774
-1351
-2628
-3402
-3288
-2623
-1839
-1607
-2258
-3512
-4478
-4753
-4534
-4473
-5217
-5983
-5784
-4713
-3704
-3577
-4199
-4886
-4770
-3925
-2983
-2048
-1192
-375
418
1003
1095
758
551
730
1539
2913
4066
4607
4835
5264
6027
6728
6742
5961
5370
5627
6423
7050
6859
6036
5304
5054
4900
4511
4068
3847
4072
4410
4294
3597
2609
1597
751
200
-334
-1083
-1854
-2255
-1909
-989
-455
-1077
-2478
-3654
-4053
-3766
-3252
-3050
-3086
-3056
-2737
-1915
-923
-493
-1103
-2133
-2510
-1599
158
1228
840
-485
-1423
-1342
-884
-886
-1561
-2086
-2129
-1816
-1501
-1655
-2140
-2775
-3219
-3466
-3719
-4279
-5249
-5835
-5608
-4840
-4117
-3827
-3960
-4205
-4105
-3683
-2952
-2015
-1292
-935
-596
76
817
1188
978
570
853
2018
3286
4061
4523
5050
5792
6356
6306
5837
5483
5564
5935
6387
6624
6476
6038
5378
4677
4106
3788
3794
4092
4461
4548
4241
3536
2615
1703
801
-191
-1258
-2056
-2262
-1914
-1454
-1522
-2303
-3318
-3913
-3838
-3329
-2765
-2512
-2611
-2812
-2883
-2508
-1647
-785
-569
-1046
-1551
-1344
-207
858
738
-479
-1699
-1911
-1320
-767
-967
-1738
-2463
-2925
-2917
-2594
-2173
-2048
-2431
-3003
-3457
-3650
-4000
-4593
-5016
-4886
-4072
-3208
-2967
-3488
-4131
-4105
-3296
-2146
-1492
-1518
-1427
-588
671
1341
923
66
-13
1225
2977
4245
4889
5305
5868
6420
6611
6347
5837
5474
5441
5813
6272
6367
5968
5267
4678
4333
4120
3911
3782
3859
3957
3926
3583
2863
1883
795
-150
-832
-1192
-1397
-1554
-1686
-2037
-2676
-3430
-3837
-3635
-3064
-2571
-2610
-3022
-3468
-3646
-3138
-1984
-701
-209
-751
-1594
-1620
-375
913
1001
-99
-1264
-1407
-774
-277
-699
-1722
-2682
-3277
-3137
-2484
-1831
-1814
-2493
-3304
-3759
-3755
-4024
-4725
-5158
-4806
-3798
-3009
-3048
-3814
-4394
-4081
-3141
-2129
-1625
-1619
-1403
-477
762
1421
1129
391
342
1631
3533
4899
5349
5324
5508
6094
6527
6326
5697
5272
5401
5992
6495
6337
5641
4846
4343
4141
3991
3738
3462
3474
3713
3857
3610
2805
1709
638
-152
-687
-1101
-1448
-1815
-2110
-2372
-2682
-3072
-3487
-3741
-3788
-3599
-3411
-3377
-3419
-3308
-2592
-1341
-79
308
-358
-1167
-1104
175
1461
1506
274
-1109
-1465
-1040
-642
-1036
-2033
-2868
-3222
-2965
-2519
-2284
-2496
-2997
-3294
-3354
-3383
-3762
-4392
-4597
-4202
-3545
-3254
-3572
-4138
-4399
-3996
-3170
-2319
-1835
-1827
-1652
-767
487
1169
789
77
276
1857
3813
4873
5018
5118
5788
6709
7057
6562
5770
5445
5786
6410
6826
6645
5944
5169
4686
4479
4188
3631
3013
2731
2950
3198
2953
2163
1217
511
76
-283
-815
-1452
-1935
-2203
-2328
-2508
-2884
-3406
-3798
-3842
-3585
-3262
-3176
-3411
-3698
-3430
-2386
-1117
-506
-916
-1571
-1399
-66
1283
1333
228
-980
-1251
-763
-375
-671
-1425
-1985
-2365
-2378
-2040
-1687
-1591
-1939
-2422
-2813
-2994
-3396
-4162
-4612
-4408
-3646
-2918
-2686
-2973
-3343
-3349
-3075
-2639
-2294
-2086
-1590
-547
659
1237
920
274
263
1225
2434
3191
3595
4177
5205
6220
6505
5918
5039
4633
4974
5813
6429
6274
5537
4747
4402
4382
4185
3606
2985
2874
3172
3381
3068
2298
1514
930
489
-91
-812
-1453
-1825
-1852
-1758
-1898
-2457
-3160
-3577
-3500
-3061
-2724
-2836
-3192
-3327
-2924
-1935
-811
-234
-533
-1187
-1427
-887
121
558
47
-827
-1186
-829
-367
-368
-1066
-1912
-2439
-2519
-2150
-1737
-1596
-1939
-2480
-2917
-3255
-3668
-4387
-4896
-4685
-3808
-2813
-2376
-2620
-3181
-3403
-3112
-2591
-2067
-1730
-1358
-577
531
1382
1499
1145
923
1342
2340
3292
3927
4448
5123
5763
5944
5548
4796
4347
4588
5314
5984
6076
5598
4892
4375
4063
3681
3172
2721
2621
2735
2709
2387
1859
1386
952
445
-221
-986
-1627
-2015
-2014
-1771
-1691
-2057
-2757
-3214
-3136
-2785
-2606
-2808
-3002
-2834
-2196
-1218
-262
289
-13
-882
-1474
-1111
46
822
552
-395
-1015
-937
-733
-875
-1491
-2091
-2392
-2419
-2141
-1777
-1606
-2041
-2852
-3453
-3641
-3602
-3874
-4292
-4319
-3759
-2992
-2730
-3026
-3515
-3627
-3142
-2362
-1644
-1269
-983
-407
567
1521
1828
1495
1098
1345
2265
3285
3914
4230
4663
5269
5734
5657
5057
4451
4352
4793
5372
5640
5379
4780
4195
3734
3318
2898
2519
2293
2243
2257
2170
1920
1494
870
160
-534
-1160
-1646
-1892
-1850
-1654
-1579
-1871
-2409
-2837
-2941
-2798
-2585
-2454
-2400
-2280
-2031
-1473
-642
67
141
-476
-1088
-966
84
1136
1230
447
-505
-915
-884
-800
-990
-1401
-1776
-2090
-2034
-1692
-1509
-1863
-2678
-3334
-3542
-3444
-3647
-4242
-4611
-4447
-3814
-3277
-3194
-3478
-3682
-3385
-2699
-1887
-1412
-1314
-1001
-109
1078
1748
1542
975
961
1863
3024
3763
4095
4439
5091
5773
5931
5396
4563
4064
4189
4792
5344
5330
4820
4153
3645
3344
3068
2793
2589
2564
2605
2560
2376
1905
1187
318
-514
-1149
-1589
-1815
-1863
-1736
-1663
-1874
-2328
-2815
-3008
-2873
-2527
-2233
-2117
-2059
-1893
-1327
-531
7
-155
-878
-1357
-964
227
1155
1066
181
-741
-1057
-960
-898
-1172
-1581
-1888
-2035
-1831
-1559
-1550
-1966
-2594
-2978
-3030
-2988
-3371
-3958
-4190
-3964
-3411
-3011
-3037
-3378
-3537
-3211
-2516
-1688
-1262
-1191
-873
-7
1015
1486
1206
704
897
1915
2987
3543
3670
3892
4480
5149
5317
4856
4208
3840
4001
4549
5033
5042
4550
3851
3323
3178
3208
3162
2976
2730
2538
2395
2212
1838
1269
575
-125
-682
-1092
-1373
-1506
-1554
-1625
-1801
-2109
-2446
-2642
-2579
-2352
-2155
-2113
-2132
-1775
-961
-189
-93
-759
-1408
-1251
-221
749
830
137
-683
-1000
-972
-1043
-1375
-1802
-2056
-2160
-2060
-1879
-1816
-2000
-2436
-2765
-2878
-3011
-3426
-3945
-4086
-3744
-3155
-2798
-2833
-3051
-3227
-3147
-2707
-1939
-1194
-715
-404
-15
615
1211
1386
1169
1110
1633
2600
3520
3971
4067
4258
4669
4972
4875
4408
3910
3743
3932
4223
4334
4157
3680
3083
2655
2528
2686
2856
2751
2353
1922
1684
1535
1269
779
167
-362
-752
-1027
-1236
-1398
-1520
-1624
-1758
-1987
-2276
-2472
-2449
-2250
-2012
-1742
-1246
-480
213
336
-215
-849
-879
-184
592
751
261
-370
-613
-548
-570
-962
-1606
-2101
-2227
-1977
-1725
-1796
-2164
-2554
-2691
-2764
-3052
-3633
-4136
-4129
-3700
-3191
-3009
-3167
-3408
-3472
-3256
-2842
-2275
-1705
-1147
-585
-79
320
558
680
799
1116
1649
2308
3018
3661
4158
4483
4634
4583
4416
4246
4153
4169
4158
4036
3897
3887
3857
3542
2955
2464
2461
2807
2941
2554
1923
1501
1367
1231
837
253
-261
-585
-803
-1029
-1270
-1459
-1553
-1589
-1679
-1879
-2123
-2260
-2189
-1905
-1448
-850
-239
112
-11
-468
-765
-513
126
584
493
52
-300
-385
-383
-522
-846
-1264
-1662
-1902
-1877
-1740
-1819
-2236
-2720
-2940
-2977
-3204
-3745
-4213
-4164
-3630
-3064
-2863
-3030
-3269
-3293
-3010
-2522
-2014
-1582
-1163
-645
-95
229
213
83
231
786
1526
2183
2703
3198
3659
3953
4000
3908
3877
3978
4135
4200
4108
3909
3718
3624
3554
3376
3070
2786
2698
2764
2765
2526
2078
1597
1207
935
719
490
222
-49
-270
-450
-647
-893
-1142
-1301
-1354
-1378
-1445
-1549
-1582
-1393
-912
-292
124
64
-410
-831
-770
-293
98
-24
-547
-993
-1024
-804
-709
-878
-1181
-1433
-1605
-1755
-1895
-1999
-2098
-2281
-2543
-2833
-3136
-3436
-3686
-3767
-3591
-3242
-2962
-2942
-3155
-3357
-3258
-2793
-2221
-1807
-1537
-1192
-654
-108
142
76
75
493
1293
2110
2593
2732
2821
3100
3493
3713
3608
3352
3304
3567
3873
3913
3649
3303
3062
2973
2969
3000
3038
2987
2813
2560
2306
2075
1842
1598
1369
1168
938
640
304
-29
-335
-586
-742
-824
-880
-946
-1007
-1046
-1092
-1092
-897
-463
-40
28
-306
-697
-727
-359
12
-5
-391
-794
-920
-835
-827
-1005
-1253
-1427
-1529
-1646
-1866
-2227
-2622
-2851
-2870
-2914
-3280
-3855
-4155
-3946
-3490
-3162
-3035
-2983
-2991
-3066
-3067
-2805
-2313
-1825
-1444
-1090
-738
-468
-340
-232
22
431
874
1250
1618
2093
2607
2944
3004
2967
3094
3405
3698
3833
3846
3841
3839
3800
3654
3349
2970
2747
2847
3113
3167
2819
2243
1776
1594
1596
1577
1393
1069
758
545
413
264
55
-188
-425
-624
-769
-858
-884
-834
-671
-396
-113
-5
-191
-584
-893
-871
-583
-366
-477
-814
-1052
-1020
-894
-949
-1218
-1482
-1562
-1478
-1397
-1493
-1835
-2345
-2812
-3036
-3046
-3103
-3377
-3710
-3800
-3546
-3173
-2985
-3053
-3180
-3137
-2863
-2475
-2136
-1867
-1565
-1172
-785
-546
-470
-392
-134
316
807
1193
1472
1758
2108
2432
2593
2625
2693
2917
3231
3453
3510
3497
3563
3725
3839
3753
3447
3071
2832
2836
2997
3089
2912
2465
1946
1592
1475
1474
1403
1176
838
502
260
135
70
-38
-258
-554
-795
-863
-757
-566
-381
-264
-288
-505
-835
-1069
-1041
-804
-602
-633
-886
-1205
-1440
-1550
-1588
-1600
-1623
-1649
-1665
-1657
-1658
-1731
-1932
-2253
-2595
-2860
-3005
-3060
-3067
-3041
-2984
-2906
-2837
-2791
-2763
-2706
-2554
-2271
-1874
-1445
-1086
-842
-694
-584
-478
-350
-151
191
684
1206
1565
1669
1610
1570
1675
1928
2260
2604
2895
3099
3199
3227
3222
3186
3105
2998
2933
2931
2936
2876
2771
2707
2692
2606
2335
1914
1533
1370
1433
1563
1552
1293
843
384
109
61
104
23
-241
-518
-605
-504
-429
-513
-655
-703
-665
-697
-857
-1034
-1109
-1097
-1105
-1183
-1350
-1563
-1740
-1768
-1628
-1497
-1590
-1915
-2205
-2229
-2055
-1933
-2000
-2145
-2243
-2338
-2525
-2773
-2937
-2944
-2835
-2656
-2412
-2133
-1929
-1831
-1724
-1481
-1152
-924
-864
-829
-641
-328
-80
16
90
330
730
1111
1336
1449
1591
1838
2167
2459
2603
2573
2470
2454
2571
2725
2798
2780
2765
2799
2833
2793
2676
2544
2451
2411
2402
2393
2320
2138
1871
1624
1478
1380
1196
883
565
400
395
400
273
34
-192
-314
-346
-344
-352
-411
-543
-735
-926
-1056
-1129
-1167
-1179
-1168
-1189
-1324
-1569
-1812
-1936
-1952
-1962
-2023
-2094
-2111
-2089
-2092
-2177
-2336
-2538
-2741
-2888
-2924
-2844
-2730
-2640
-2541
-2365
-2118
-1906
-1801
-1747
-1626
-1392
-1110
-873
-700
-549
-391
-228
-70
121
393
731
1066
1317
1486
1634
1818
2047
2269
2424
2471
2433
2390
2422
2538
2659
2719
2724
2718
2716
2687
2622
2568
2567
2577
2535
2414
2263
2133
2012
1864
1672
1457
1225
999
834
773
755
646
390
66
-185
-323
-423
-565
-744
-890
-939
-877
-764
-716
-838
-1115
-1381
-1470
-1406
-1388
-1552
-1809
-1967
-1953
-1895
-1957
-2151
-2322
-2344
-2228
-2076
-1979
-1960
-1983
-2001
-1998
-2023
-2151
-2367
-2520
-2429
-2084
-1684
-1464
-1463
-1522
-1481
-1327
-1164
-1063
-968
-811
-600
-413
-299
-217
-86
137
441
778
1103
1407
1698
1954
2128
2189
2175
2185
2286
2456
2618
2716
2741
2718
2679
2651
2659
2713
2804
2901
2956
2926
2804
2624
2448
2324
2233
2104
1867
1533
1189
940
815
742
627
427
177
-40
-178
-269
-410
-653
-948
-1172
-1244
-1226
-1253
-1382
-1546
-1642
-1670
-1712
-1824
-1971
-2061
-2057
-2001
-1982
-2063
-2234
-2417
-2505
-2465
-2354
-2273
-2260
-2263
-2210
-2106
-2043
-2076
-2166
-2196
-2084
-1852
-1591
-1398
-1303
-1254
-1178
-1048
-890
-744
-607
-425
-180
80
293
445
574
710
856
1000
1145
1308
1505
1716
1902
2032
2098
2113
2127
2174
2263
2370
2453
2505
2538
2578
2624
2641
2602
2526
2458
2425
2405
2350
2235
2095
1971
1863
1715
1493
1245
1050
949
888
776
567
292
24
-165
-265
-344
-484
-720
-984
-1178
-1281
-1374
-1535
-1735
-1873
-1902
-1878
-1897
-1985
-2087
-2141
-2141
-2111
-2080
-2062
-2055
-2037
-1993
-1940
-1920
-1945
-1955
-1879
-1723
-1597
-1588
-1666
-1704
-1611
-1416
-1224
-1120
-1125
-1176
-1180
-1083
-906
-737
-637
-590
-521
-383
-215
-82
16
137
324
552
762
925
1073
1230
1401
1553
1663
1738
1821
1963
2166
2367
2483
2480
2420
2421
2530
2689
2782
2752
2645
2543
2481
2421
2311
2163
2039
1981
1946
1843
1624
1349
1127
997
900
739
472
169
-54
-154
-205
-343
-633
-986
-1238
-1319
-1308
-1362
-1530
-1720
-1821
-1831
-1851
-1951
-2088
-2161
-2128
-2047
-2009
-2042
-2106
-2134
-2100
-2035
-1994
-1982
-1944
-1839
-1683
-1573
-1576
-1647
-1660
-1540
-1342
-1191
-1145
-1150
-1114
-993
-842
-727
-661
-596
-488
-335
-182
-82
-44
-15
75
242
428
558
622
695
845
1067
1282
1421
1491
1562
1691
1869
2032
2129
2161
2176
2225
2312
2414
2501
2555
2571
2553
2515
2469
2407
2320
2205
2074
1948
1826
1691
1529
1343
1154
976
806
646
491
345
195
21
-187
-424
-656
-863
-1033
-1172
-1292
-1402
-1502
-1593
-1684
-1787
-1899
-1989
-2030
-2020
-1993
-1995
-2038
-2102
-2151
-2171
-2170
-2158
-2132
-2067
-1953
-1823
-1717
-1672
-1675
-1675
-1615
-1489
-1344
-1238
-1185
-1150
-1086
-984
-858
-739
-630
-512
-365
-199
-52
52
127
211
335
485
629
744
841
961
1118
1282
1422
1531
1640
1780
1949
2108
2209
2244
2240
2236
2251
2277
2304
2323
2326
2309
2267
2199
2112
2007
1887
1759
1634
1525
1422
1294
1121
907
690
509
380
274
162
21
-136
-282
-407
-531
-681
-853
-1013
-1125
-1185
-1228
-1291
-1391
-1513
-1624
-1694
-1722
-1734
-1751
-1767
-1767
-1743
-1720
-1737
-1798
-1861
-1873
-1805
-1682
-1566
-1498
-1485
-1488
-1469
-1409
-1318
-1225
-1145
-1077
-1003
-906
-799
-705
-636
-583
-514
-418
-296
-168
-49
62
162
256
352
458
574
691
803
912
1026
1141
1246
1340
1428
1517
1606
1689
1758
1808
1841
1872
1903
1933
1961
1970
1947
1895
1830
1775
1727
1669
1580
1470
1362
1281
1208
1110
969
791
614
464
350
251
144
15
-128
-267
-396
-507
-618
-729
-817
-877
-910
-951
-1023
-1121
-1218
-1288
-1328
-1358
-1386
-1407
-1414
-1410
-1404
-1421
-1466
-1526
-1562
-1544
-1465
-1372
-1316
-1322
-1364
-1388
-1357
-1273
-1183
-1121
-1088
-1043
-960
-843
-735
-679
-663
-644
-574
-448
-304
-189
-111
-46
38
150
271
387
503
633
777
922
1058
1168
1259
1337
1413
1484
1546
1597
1644
1686
1713
1718
1694
1658
1625
1599
1572
1535
1480
1415
1344
1268
1181
1085
979
884
804
727
640
537
424
314
223
148
73
-12
-119
-242
-364
-469
-547
-611
-673
-742
-820
-892
-948
-988
-1012
-1024
-1035
-1040
-1042
-1046
-1062
-1087
-1108
-1113
-1102
-1090
-1088
-1090
-1084
-1063
-1032
-1013
-1012
-1018
-1019
-1004
-977
-945
-913
-877
-825
-767
-711
-661
-608
-541
-449
-346
-251
-174
-117
-61
4
86
181
277
367
450
541
644
753
856
946
1028
1105
1178
1238
1281
1302
1316
1337
1363
1380
1369
1343
1318
1299
1285
1255
1203
1137
1073
1018
959
889
803
715
640
577
507
422
324
232
160
105
41
-47
-147
-240
-310
-365
-420
-494
-583
-664
-722
-761
-799
-841
-880
-909
-924
-937
-959
-985
-999
-996
-981
-972
-983
-1010
-1030
-1029
-1008
-983
-966
-954
-941
-921
-888
-850
-807
-756
-699
-644
-592
-538
-474
-402
-321
-242
-167
-94
-17
63
143
221
293
362
432
501
561
614
667
722
781
834
879
920
958
999
1035
1058
1067
1067
1067
1069
1061
1043
1008
965
913
857
803
750
705
662
619
571
512
458
415
374
322
258
192
141
99
51
-16
-96
-170
-227
-273
-324
-399
-483
-549
-592
-619
-655
-710
-765
-800
-805
-801
-797
-801
-798
-775
-736
-697
-672
-660
-644
-620
-587
-559
-547
-549
-552
-547
-529
-517
-508
-499
-482
-452
-415
-374
-341
-308
-274
-232
-180
-130
-86
-49
-6
59
124
185
225
256
293
341
397
439
467
488
508
541
574
606
630
648
675
704
741
765
768
766
760
766
768
754
727
686
658
637
611
579
520
463
412
370
334
276
207
136
76
33
-21
-81
-145
-199
-229
-260
-292
-333
-372
-390
-400
-404
-421
-451
-473
-492
-501
-514
-533
-544
-556
-550
-542
-537
-530
-534
-528
-515
-498
-477
-468
-454
-443
-427
-406
-395
-380
-369
-354
-330
-312
-290
-270
-249
-223
-197
-161
-131
-99
-62
-32
13
55
97
141
177
220
262
300
343
373
400
422
437
459
471
482
491
495
511
524
535
544
547
552
550
551
549
533
517
497
481
469
443
410
373
337
309
278
241
200
157
117
80
41
-1
-53
-101
-144
-183
-219
-259
-292
-319
-340
-354
-369
-380
-391
-396
-397
-399
-397
-395
-395
-394
-398
-398
-395
-394
-393
-393
-385
-374
-357
-336
-319
-303
-291
-271
-249
-235
-222
-216
-213
-204
-195
-184
-177
-173
-158
-140
-116
-89
-67
-46
-19
16
56
91
120
144
175
219
258
287
306
321
344
371
395
406
401
400
415
437
450
441
429
433
445
457
451
427
398
374
360
340
303
254
212
183
162
135
99
64
39
22
5
-15
-42
-68
-93
-115
-134
-157
-183
-206
-228
-244
-250
-256
-263
-265
-264
-256
-250
-244
-236
-229
-222
-214
-207
-200
-198
-200
-196
-191
-181
-168
-157
-145
-131
-118
-106
-95
-87
-81
-76
-68
-62
-59
-54
-54
-59
-62
-60
-52
-42
-34
-28
-26
-21
-13
-5
4
15
31
45
59
71
83
96
104
111
121
130
142
152
157
167
170
175
183
188
192
196
195
195
188
178
168
154
140
125
113
100
81
60
40
19
4
-13
-31
-47
-60
-69
-79
-87
-97
-106
-110
-110
-107
-105
-104
-100
-96
-90
-85
-80
-69
-58
-51
-42
-32
-20
-9
-2
4
8
11
17
20
19
17
14
10
0
-10
-19
-27
-34
-37
-41
-46
-54
-62
-66
-68
-70
-74
-79
-84
-85
-87
-84
-79
-75
-71
-64
-58
-50
-43
-36
-29
-19
-8
0
9
15
25
35
45
54
64
77
89
99
106
110
114
116
119
123
120
116
111
103
93
81
67
54
40
28
21
13
3
-5
-7
-8
-14
-17
-16
-16
-16
-17
-13
-13
-17
-22
-27
-33
-38
-42
-44
-46
-47
-46
-41
-36
-29
-20
-7
6
16
26
37
44
44
40
38
36
28
16
7
-1
-14
-26
-35
-43
-52
-56
-52
-49
-49
-48
-47
-47
-45
-41
-40
-44
-48
-50
-48
-48
-52
-53
-50
-47
-48
-45
-38
-35
-35
-32
-23
-16
-10
-2
11
23
31
40
50
57
58
63
69
70
68
65
66
60
51
48
43
35
31
29
28
26
24
24
27
28
26
28
31
33
33
36
40
38
37
36
35
32
27
23
16
6
-3
-11
-18
-27
-34
-36
-34
-29
-21
-12
-6
-6
-2
4
11
13
7
3
-2
-11
-19
-27
-37
-51
-60
-65
-71
-74
-74
-75
-72
-69
-63
-56
-53
-49
-45
-38
-33
-28
-24
-20
-17
-16
-13
-10
-12
-13
-15
-11
-9
-8
-4
0
5
12
20
30
35
39
42
42
43
43
42
41
40
39
38
37
38
37
39
38
38
37
36
33
26
20
16
16
17
20
23
24
28
35
40
39
38
36
33
28
22
13
8
0
-5
-7
-10
-10
-9
-6
1
6
10
12
8
0
-9
-20
-25
-30
-36
-41
-46
-50
-52
-51
-51
-51
-51
-52
-52
-55
-58
-61
-62
-64
-62
-59
-54
-48
-40
-33
-27
-24
-21
-20
-18
-15
-13
-11
-10
-10
-11
-7
-2
3
11
22
34
44
51
55
56
57
58
54
52
50
50
50
49
50
50
47
48
46
41
38
32
30
28
25
24
25
25
23
22
21
23
24
24
24
24
23
22
18
16
12
8
4
-1
-5
-7
-7
-5
-3
0
2
1
-1
-5
-10
-16
-20
-26
-31
-35
-37
-39
-44
-48
-54
-62
-68
-71
-76
-78
-78
-77
-75
-72
-71
-69
-67
-61
-52
-45
-37
-34
-33
-36
-34
-32
-30
-25
-18
-11
-4
2
9
16
19
27
39
47
52
50
48
45
44
48
56
67
75
75
68
59
50
43
43
48
56
64
68
58
45
37
32
34
40
48
51
46
34
20
8
4
8
17
25
27
22
15
8
4
2
4
6
8
5
-1
-5
-10
-16
-19
-19
-21
-22
-24
-28
-35
-42
-44
-46
-46
-46
-48
-50
-56
-63
-69
-75
-81
-85
-86
-83
-77
-73
-69
-66
-64
-63
-61
-60
-58
-58
-58
-60
-62
-60
-54
-46
-33
-21
-9
-1
7
12
12
12
14
19
28
37
48
62
73
83
89
91
89
86
82
79
81
86
96
107
119
130
132
124
112
100
92
85
82
84
87
89
89
84
75
64
53
41
28
15
-1
-16
-27
-30
-29
-27
-27
-29
-35
-47
-61
-78
-90
-98
-104
-106
-106
-108
-108
-108
-104
-104
-105
-107
-111
-115
-120
-121
-121
-121
-117
-107
-95
-79
-70
-59
-49
-39
-29
-18
-10
-5
-4
-8
-13
-20
-24
-23
-19
-12
-7
2
9
16
23
33
46
60
73
85
97
109
115
119
119
114
108
97
85
73
65
62
63
67
78
90
99
107
112
113
113
111
111
110
110
111
111
108
103
89
