-1
-1
-1
0
1
-1
-1
-1
-2
-1
1
1
1
0
0
0
1
1
1
2
0
1
3
2
1
0
0
0
0
0
-2
-4
-4
-2
-1
-2
-4
-4
-1
0
-1
-2
-1
-1
0
0
1
0
-1
0
-1
2
3
0
0
0
1
3
7
3
0
-1
-1
3
1
0
1
0
3
1
-1
-1
-2
-1
0
1
1
0
1
1
-1
1
-3
0
3
-5
0
-1
1
3
-1
1
-2
0
-1
-1
0
0
2
1
0
-1
-1
-1
-1
1
1
-1
0
0
-1
-1
0
1
2
1
-1
0
2
2
2
3
6
5
3
1
0
0
1
2
2
5
6
5
2
1
0
0
1
3
2
-1
0
0
0
0
1
0
0
1
-1
0
0
-2
1
2
-2
3
0
-2
4
-1
-1
2
0
-1
0
-2
-1
-1
-4
-2
-1
-1
0
-2
-3
-3
-4
-3
-2
-1
1
-1
-1
-1
1
3
4
2
1
0
-3
-3
-2
0
0
1
2
0
0
0
1
0
0
0
-1
0
-1
2
2
2
0
0
0
-4
-4
-2
0
3
0
-2
0
1
0
-1
1
2
-3
-3
0
0
-1
-1
3
3
2
0
-1
-1
-1
-4
0
2
1
0
-1
1
5
0
-1
4
3
1
2
2
0
0
3
2
1
-2
-1
0
2
0
0
1
0
0
-3
0
-3
-2
-1
3
1
-1
-3
-1
-1
1
1
-2
-2
-1
-1
-1
-2
0
1
3
2
3
0
1
0
0
0
-1
0
-2
0
-1
0
-1
0
6
1
-1
6
1
1
0
0
3
0
-1
0
-1
0
1
2
2
3
1
6
3
-1
-1
1
0
2
-1
-2
0
1
0
1
2
3
2
0
1
1
2
2
-2
-1
0
-1
-2
-3
-5
-2
-3
-3
-3
-2
-1
-1
-1
0
0
0
0
1
-1
0
0
1
1
-1
-1
0
0
-2
-4
-2
0
0
0
0
0
-1
-1
1
2
1
2
1
0
0
0
0
1
4
2
-1
-1
0
1
1
1
1
2
3
2
0
0
-1
-1
-1
0
0
-2
0
1
3
3
2
2
0
-1
0
1
2
1
0
1
2
2
-1
-1
0
0
0
-1
0
2
0
-2
-2
0
3
3
1
1
-1
1
2
3
2
-2
-2
0
1
0
-1
0
-1
-3
-4
-3
0
2
2
0
-1
0
0
1
3
3
4
4
4
3
0
0
2
4
2
0
0
1
1
1
3
4
3
1
0
0
-1
0
-1
-2
-3
-4
-4
-1
0
0
0
0
1
0
1
2
1
2
3
3
3
2
1
1
0
0
-1
2
5
3
0
1
4
-1
-5
-3
-2
0
0
0
-1
4
2
3
-1
0
1
-2
3
-1
0
3
0
4
-4
-2
-1
-1
-2
-4
0
2
0
-1
0
1
1
0
0
1
1
-3
-3
-4
-3
0
-3
-2
-1
-2
3
-4
-4
-1
0
5
2
2
-1
-3
0
-3
-2
2
4
-1
-3
-1
0
-6
-3
2
0
-1
-1
-1
3
1
-2
-2
1
-1
-2
0
1
-1
3
5
1
2
6
3
1
0
2
4
3
0
0
-1
-1
-1
0
1
1
0
2
3
1
3
2
1
2
1
0
0
1
1
3
2
0
-1
-1
-3
0
5
5
2
1
-1
0
-2
-1
-1
1
2
2
-1
1
3
3
5
4
4
6
0
3
-2
0
0
-3
2
0
2
2
1
3
1
1
0
-1
0
0
0
1
0
0
1
2
2
1
1
-1
0
0
1
2
0
-1
-1
-2
-1
2
0
-1
-1
-2
-2
-1
0
1
1
1
1
0
1
0
-2
-1
-2
-5
0
-2
-4
3
0
0
3
0
0
2
1
-1
-2
2
4
1
0
1
0
-2
-3
1
1
-1
-2
-1
-1
-3
-2
1
1
-1
0
3
4
0
-3
-3
-2
-1
0
1
1
2
1
1
2
3
0
-1
2
2
-1
0
1
2
1
2
1
0
-1
0
-1
-1
-1
-1
1
0
1
2
4
2
-1
-4
-2
0
0
1
0
1
3
3
4
2
2
4
2
5
4
3
1
-4
-1
4
4
2
3
2
-1
0
0
-3
1
5
2
-1
2
2
0
2
3
2
2
5
2
-2
1
5
4
3
2
1
2
0
2
1
4
2
-3
2
-2
0
0
-2
0
-3
-3
-3
-4
-1
-1
2
4
5
4
5
2
2
1
2
2
-1
-1
-2
-3
-2
-1
2
0
-1
0
0
2
0
-1
3
3
-2
1
-1
-2
1
-3
-5
-2
-6
-3
2
2
0
1
2
2
2
3
6
4
2
-1
1
1
0
0
2
3
1
-1
-1
1
2
0
1
0
1
1
0
2
4
0
-1
2
3
4
2
-1
2
-1
-3
-1
0
0
0
0
-1
-2
-1
-1
1
5
4
3
0
-4
-3
-1
-1
4
2
2
1
-1
5
1
3
4
0
4
-2
1
0
-1
1
3
4
3
-1
0
0
-1
-2
-1
1
0
-3
-2
1
0
-4
-4
0
1
-2
-1
-1
0
1
0
2
0
-1
4
1
-2
3
-1
1
3
0
0
4
0
-2
-2
-1
3
4
3
1
2
3
0
-3
0
0
-3
-2
1
-1
0
2
1
3
4
3
5
2
0
1
0
0
0
1
1
1
0
1
2
2
3
1
1
0
3
2
2
2
3
3
2
1
0
-1
-4
-5
-3
2
2
-1
-2
-1
2
0
-3
-2
1
3
2
1
2
2
0
-3
-2
0
2
1
0
1
0
-1
-2
0
2
0
-3
-2
0
0
0
4
3
1
-1
-2
-1
-2
0
2
2
3
0
-2
-2
0
-1
-3
-1
1
3
-2
-6
-3
-1
1
2
2
2
1
0
-1
-1
-1
-2
0
1
1
-1
-1
-2
0
-1
-4
-2
-1
-3
-4
-1
-2
-4
-1
1
0
-1
0
1
-2
-4
-3
-1
1
-3
-4
-3
1
1
-2
3
2
-2
2
-1
0
0
1
3
-1
-1
4
0
0
2
0
3
5
5
4
-2
-2
0
0
3
0
0
4
2
3
3
2
5
4
2
1
1
0
-3
0
3
1
0
1
1
0
-1
-3
-1
0
-2
-1
-1
-2
-2
0
1
-2
-1
-2
1
-1
3
0
0
-3
1
-3
-3
1
0
1
4
3
3
1
0
-2
-2
0
0
-2
-2
-2
-2
1
2
3
3
-1
0
3
3
2
2
2
2
0
0
0
0
1
1
2
2
1
4
1
3
2
1
1
0
2
1
-3
-1
-5
-2
4
4
0
-2
-1
2
0
-1
-1
-1
-3
-3
-1
-1
0
-1
0
0
2
-1
-2
-2
-3
-4
-1
1
-1
-1
0
0
0
2
3
1
-1
0
2
1
-1
-1
1
3
0
1
0
-3
-3
-4
-1
1
2
0
2
4
3
-1
-1
1
1
-1
0
0
1
-1
0
-1
-2
-2
-3
1
0
-2
-1
2
3
-1
1
-1
-4
2
2
2
3
0
2
3
0
-4
-2
2
3
0
3
3
-1
4
2
2
1
-4
5
2
3
1
-3
3
3
1
1
1
-1
4
2
2
4
-2
-3
-4
-2
2
-4
1
-1
0
2
-3
0
1
1
3
0
1
-1
-2
2
-1
2
2
1
4
-2
-1
0
-5
0
7
2
1
4
2
4
2
4
3
0
0
-6
1
3
-6
-4
1
-2
-3
1
0
0
4
1
1
1
1
0
0
1
2
2
2
1
0
0
1
-1
2
2
2
2
2
2
-1
-2
1
2
3
3
0
2
5
1
4
3
1
2
-3
0
0
0
-1
-5
1
-3
-5
-4
-5
2
-5
-5
4
-5
-5
-1
-5
-4
-3
-3
-2
-2
-3
0
0
-2
1
1
0
2
2
0
0
0
1
3
-2
-2
4
0
1
3
-3
1
4
-1
2
0
-1
2
0
1
4
2
-1
1
3
2
7
-1
1
1
-1
6
0
0
3
1
1
-3
-1
-1
1
0
3
3
-2
3
3
2
4
-1
2
-1
1
5
-1
-1
0
2
-6
-3
3
-4
-1
-6
-1
3
-3
-1
3
-2
-5
-1
2
0
-2
4
4
0
-3
2
5
0
2
5
1
2
-1
2
3
-5
-2
1
-1
-1
0
0
1
-1
0
5
2
0
0
-6
-5
-3
-1
-4
1
-1
-2
6
-3
-1
0
-2
4
1
3
1
-2
-4
-4
1
0
2
-3
-3
3
0
0
3
6
2
-3
5
4
4
-1
1
2
-5
3
1
1
7
-1
1
0
-4
-3
-4
0
-6
-4
1
0
-3
1
-1
-3
4
-2
-3
1
-3
-6
-5
-1
0
1
2
2
0
-1
5
6
-1
2
1
2
3
-1
-4
-1
-4
0
8
3
-3
-2
-3
-4
1
-1
1
3
2
4
3
1
2
5
1
-4
2
-1
-5
0
0
0
1
3
3
3
-5
0
5
-6
-6
1
2
1
-1
-1
1
4
-1
-4
-1
2
2
-3
1
-1
-1
2
-4
1
1
-1
-1
1
1
-3
3
2
4
4
-4
1
4
3
1
1
4
-2
-1
0
-1
9
-1
-7
1
1
4
0
-5
0
2
0
5
1
-4
4
4
-3
3
2
-4
0
3
-3
-4
2
1
4
-1
-5
8
2
-3
5
7
0
-4
5
0
-4
-1
0
6
-4
-1
5
-1
-4
1
8
3
-5
2
2
-1
3
2
2
0
-3
7
1
-6
6
8
-1
-6
0
11
1
-2
3
3
0
-3
6
6
-8
-4
8
0
-8
3
5
-6
0
-1
-4
3
-3
4
10
-7
0
9
-3
-5
-2
2
0
-10
-6
10
-7
-10
1
-4
0
0
0
-2
-2
-1
-5
4
-4
-3
3
-1
-1
-6
6
4
-2
0
-7
2
1
-2
3
0
3
-1
7
4
-1
5
-3
3
2
-1
4
0
6
-6
0
10
-7
2
-4
-6
1
-7
9
5
-5
0
-3
-2
7
4
2
-2
-4
1
-2
3
-1
-2
6
-5
1
8
1
-1
1
4
-1
-8
2
6
-3
-4
-4
7
-1
-8
3
0
6
-2
1
0
-1
4
-3
9
0
1
0
-7
5
-7
2
-1
-14
-3
-2
7
3
-4
-2
-8
7
4
-2
0
-4
2
-2
3
4
-3
-1
-6
-1
10
4
-2
8
0
-9
7
6
-9
-7
1
-3
-3
-1
5
4
-1
0
1
3
-7
-6
-1
5
-1
2
13
-15
-1
13
-1
0
-1
9
-1
-8
10
6
-11
1
10
-17
2
12
-4
5
-12
6
5
-3
22
-20
2
14
-12
18
-7
-1
17
-9
-2
4
-4
4
-6
-11
17
2
-2
5
-13
14
3
-18
21
2
-16
7
0
-4
-1
-5
-1
6
-4
3
4
-7
10
-2
-8
18
-5
-12
19
3
-14
6
4
-3
9
-3
-6
14
-7
-3
1
-6
30
-20
-12
29
-24
3
13
-3
3
-21
5
24
-20
-7
21
-12
-3
4
-5
15
-17
1
21
-25
5
12
-6
-1
-8
16
-4
-10
8
-6
9
-5
-5
14
-10
-3
5
-2
4
-9
0
18
-9
-14
18
2
-15
6
2
4
-3
-7
17
-4
-18
8
11
4
-12
-8
18
3
-22
2
20
-3
-7
-2
2
2
-13
11
15
-17
-3
3
1
6
-4
-3
4
2
-3
-4
2
7
-3
-8
15
-1
-20
11
10
-8
3
-1
0
-3
-14
19
8
-12
1
-14
14
10
-23
17
11
-20
-2
7
9
-4
-4
4
-9
-10
7
5
0
-4
-10
3
-4
-6
10
9
-14
-11
23
-1
-17
2
10
-1
-20
-4
14
4
-8
4
13
-4
-12
1
22
2
-23
4
21
-9
-24
16
8
-14
8
-15
8
15
-17
11
-3
-1
-2
-4
23
-5
-17
19
15
-23
4
11
3
6
-6
4
-9
-3
-3
0
7
-2
3
-5
12
-5
-19
25
1
-19
6
0
10
-5
-22
24
-3
-28
21
12
-6
-15
-11
20
-5
-12
20
-14
-9
15
-17
7
6
-22
15
2
-15
10
-3
-2
1
-5
13
-4
-8
11
-9
9
3
-9
9
-1
1
-1
8
-1
-9
0
-3
16
-11
-9
32
-21
-18
32
-10
-8
16
-15
10
0
-16
17
-6
-7
8
-1
5
4
-9
-3
8
-5
-8
0
8
-2
-13
9
11
-10
7
13
-10
5
-7
0
11
-14
18
-1
-14
16
-5
3
20
-8
0
14
-16
10
8
-15
8
-10
3
2
-10
20
-5
-7
8
-13
11
2
-16
10
-3
-2
-14
-10
29
-22
-6
27
-18
11
1
-13
19
-22
-1
37
-17
-23
20
5
-23
8
9
-9
7
10
1
-4
-7
5
-3
-18
18
-4
10
19
-52
26
24
-27
21
-2
0
-9
-9
25
-8
-16
18
5
-19
32
18
-36
28
9
-40
24
2
-26
4
-5
3
12
-19
13
23
-33
10
29
-35
6
32
-24
-2
9
-13
16
-1
-13
25
-1
-7
28
-13
-19
30
-10
-12
20
-13
10
-9
0
36
-46
4
39
-33
5
4
-7
4
-14
7
7
-14
-17
30
5
-34
26
-5
1
9
-30
39
-23
-26
50
-29
-18
26
-5
1
2
-12
21
-4
-22
38
-37
-27
95
-51
-62
108
-33
-60
63
-16
3
1
-23
62
-40
-43
100
-48
-60
109
-55
-44
116
-63
-16
66
-69
39
-5
-49
77
-50
-27
68
-53
-8
39
-53
30
16
-56
62
-11
-42
71
-53
-6
79
-79
21
76
-71
8
56
-48
23
-12
1
52
-73
23
54
-84
18
76
-87
7
63
-66
4
25
24
-53
-25
91
-82
1
65
-41
-19
2
45
-8
-32
43
14
-41
-1
55
-32
-36
89
-34
-55
76
-24
-7
-4
2
42
-51
-2
65
-53
-32
89
-65
-14
59
-55
41
-33
8
44
-78
58
43
-97
63
16
-80
67
23
-49
37
4
-38
34
3
0
28
-58
25
24
-44
60
-17
-51
62
10
-66
39
49
-45
-20
24
47
-80
-9
110
-79
-56
109
-49
-59
62
11
-26
-57
84
-16
-72
79
0
-22
-20
60
-7
-59
81
19
-78
52
58
-94
50
60
-67
10
23
4
39
-86
35
96
-107
29
74
-91
26
37
-44
46
-3
-46
28
-32
42
-18
-49
94
-57
-24
37
25
-33
-35
43
24
-39
13
13
-30
39
17
-31
-23
69
-40
-63
125
-48
-33
53
-42
9
10
-30
56
-70
21
71
-107
44
48
-82
30
32
-27
22
-17
-1
29
-66
62
-22
-44
94
-51
0
5
-1
8
-49
59
8
-54
28
34
-53
22
46
-62
22
0
-14
9
-16
43
-29
-27
64
-24
-21
30
-4
-13
-50
66
-48
-9
53
-37
19
-30
25
-11
-29
66
-43
-7
23
-46
35
-2
-30
75
-74
32
39
-121
153
-33
-114
170
-61
-79
113
-60
-11
64
-82
68
-3
-38
56
-39
21
-14
-1
-3
-9
60
-65
8
57
-89
40
62
-96
69
-3
-50
19
-54
92
-58
-23
54
-47
45
-72
64
9
-89
98
-46
-37
62
-41
19
-37
27
-4
-41
83
-53
8
30
-50
51
-48
4
49
-66
2
46
-15
-45
54
13
-69
48
2
-37
32
-22
16
40
-75
34
72
-108
50
72
-103
56
2
-29
47
-31
23
-32
5
28
-40
29
6
-9
35
-54
33
20
-26
-30
56
42
-141
144
-28
-86
139
-146
85
14
-115
147
-68
-35
67
-29
-18
20
19
-5
-15
14
-7
-12
19
-19
8
20
-24
-10
43
-43
12
21
-64
50
24
-66
37
14
-45
13
26
5
-19
-20
45
-28
-6
9
-18
50
-48
-10
42
4
-36
11
25
0
-38
3
35
-18
-45
20
39
-86
53
23
-92
85
-44
-66
97
-32
-68
90
-49
0
-8
-18
90
-105
63
-23
-21
48
-59
62
-13
-38
34
10
10
4
-67
128
-67
-30
129
-125
114
-88
29
123
-222
166
-29
-101
149
-94
30
56
-91
101
-78
38
0
-52
68
-87
73
43
-156
132
-13
-103
104
-61
8
29
-72
121
-65
-56
105
-59
15
-12
1
14
-78
94
-50
-36
116
-137
39
41
-87
91
-100
52
17
-83
117
-113
99
-24
-95
178
-138
29
22
-12
71
-148
126
-9
-71
73
-97
110
-60
-75
163
-114
43
30
-94
107
-82
10
0
11
6
-52
25
24
-20
4
-35
46
21
-144
134
-25
-69
96
-81
63
-67
31
12
-48
76
-76
58
23
-45
67
-26
-76
143
-82
-56
149
-105
24
65
-100
80
-27
16
8
-51
101
-83
-35
65
11
-10
-102
138
-47
-67
70
-49
51
-91
47
34
-140
146
1
-150
132
1
-146
186
-35
-123
168
-102
-37
133
-76
-3
13
-16
27
31
-87
38
78
-157
150
-73
-55
166
-166
113
21
-115
151
-81
-6
100
-141
93
-7
-116
164
-72
-20
36
18
-61
25
101
-207
155
47
-245
202
-18
-102
160
-160
7
175
-192
51
29
-16
37
-85
53
28
-39
-86
33
177
-225
53
152
-203
137
-53
-104
258
-191
-50
176
-76
46
-134
101
143
-267
159
99
-227
162
-46
35
50
-175
147
-1
-57
-2
15
76
-116
66
-11
-42
84
-192
112
163
-287
117
81
-125
94
-131
147
9
-197
160
-37
-29
-7
12
7
-34
-12
-43
138
-122
-54
151
-89
27
-27
2
56
-57
40
-50
63
15
-99
45
46
-3
-128
75
59
-90
38
-34
61
-18
-38
82
-67
22
-51
53
27
-50
-13
-80
178
-132
-48
151
-136
53
-53
60
21
-69
84
-111
112
44
-156
67
23
0
-16
-36
116
-59
-71
80
8
-15
3
14
69
-37
-31
98
-10
-31
10
33
32
-93
57
33
-16
29
8
-9
21
6
-49
20
106
-111
-68
202
-102
-11
73
-56
62
-117
100
84
-215
123
-15
-35
85
-187
157
-59
-69
74
-25
61
-118
77
-34
-21
76
-122
81
5
-64
27
20
-74
73
-52
-56
214
-228
-19
234
-211
81
-63
55
67
-195
182
-91
16
32
-182
237
-74
-96
89
-48
39
-82
111
-11
-124
171
-168
113
35
-108
75
-46
79
-80
-55
121
-13
-110
41
120
-109
-44
96
12
-127
70
60
-115
63
32
-60
-13
87
-36
-97
109
23
-98
45
29
-33
21
-89
125
-87
-41
205
-223
108
24
-136
134
-30
-30
41
39
-31
-90
154
-46
-62
72
-71
91
-15
-86
121
-36
-14
60
-80
63
25
-31
48
-79
63
-52
-66
175
-160
18
104
-172
106
-16
-27
49
-59
95
-85
23
52
-62
112
-170
40
150
-165
66
32
2
-63
-53
132
-51
-22
-7
74
-43
-105
170
-86
-27
85
-120
39
32
-29
9
4
134
-141
-92
270
-203
-5
219
-230
104
107
-91
-12
-18
141
-105
-82
176
-75
0
13
-53
79
-126
59
70
-124
131
-86
-49
140
-131
-26
132
21
-214
50
250
-294
33
211
-221
79
4
-99
85
72
-133
25
167
-170
56
-2
46
-22
-78
147
-95
-58
81
-22
1
-22
19
-84
27
125
-247
165
111
-253
142
-41
14
-82
58
140
-290
167
84
-146
13
33
36
-57
55
10
-55
63
-18
-81
126
45
-58
-128
183
1
-212
198
-5
-58
-35
36
112
-254
109
104
-117
64
-89
86
-1
-73
92
-47
78
-62
-69
154
-112
6
86
-78
7
-29
12
-8
16
-25
64
-38
-16
-30
24
60
-142
108
101
-178
69
-75
29
111
-167
106
3
-84
71
-30
51
-70
36
18
-65
86
-177
189
83
-364
283
78
-256
134
-4
-51
36
42
-35
-5
23
-114
150
-24
-141
160
-26
-99
142
-173
104
103
-242
165
94
-191
32
76
-62
-72
148
-70
-91
138
-137
16
66
-130
143
-51
-54
3
59
-80
-70
205
-98
-87
112
-23
-85
71
21
4
44
-152
29
84
-71
-17
77
-81
84
52
-201
57
106
-176
144
131
-296
99
147
-238
52
120
-108
-9
104
-108
35
140
-259
143
160
-257
135
20
-67
95
-166
196
113
-362
152
129
-85
-40
58
15
3
-33
-48
30
115
-105
-36
169
-144
-16
108
-47
3
37
-52
90
-68
-18
143
-89
95
-109
-11
162
-167
74
41
-109
143
30
-93
73
-17
72
-36
-66
75
39
-28
-38
78
-40
-69
104
-42
-14
26
-46
25
25
-45
-45
98
-35
-63
86
-142
89
32
-220
247
-102
-148
215
-136
38
5
-61
93
-178
47
57
-88
56
-57
147
-150
-70
179
-80
69
-26
-95
124
-53
-154
150
22
-141
48
46
-12
-99
40
100
-16
-56
47
42
-99
-1
47
17
57
-80
-168
345
-105
-215
313
-117
-33
55
-88
185
-70
-164
179
104
-203
-11
210
-118
-54
-9
156
-28
-184
139
8
31
-178
176
30
-240
274
-130
-53
221
-233
61
147
-208
117
-60
-28
97
-94
120
-46
-21
-22
-34
177
-177
-42
193
-88
-22
66
-58
35
-158
162
94
-164
105
-163
135
15
-266
311
-55
-218
313
-199
-39
174
-209
104
92
-58
-26
92
-64
-91
180
-112
-54
211
-230
21
162
-160
92
-46
-15
87
-152
96
-11
-46
44
-63
107
-82
-104
124
-57
4
82
-164
130
96
-185
107
37
-62
-44
35
34
-43
46
-72
85
6
-114
138
-15
-34
-11
54
-32
48
-97
8
103
-152
140
-19
-43
83
-152
163
8
-124
78
41
27
-198
96
94
-249
236
-88
-19
42
-121
137
-64
62
22
-159
145
22
-154
30
134
-93
-164
295
-175
-61
277
-291
180
-114
-103
256
-208
-10
141
-97
-77
166
-152
66
126
-198
197
-83
-60
84
-20
27
-79
35
-15
56
27
-134
136
-88
14
187
-266
188
5
-207
293
-268
71
108
-190
183
50
-195
13
209
-81
-20
126
-119
85
148
-321
147
103
-150
116
-89
43
101
-244
106
142
-157
-14
166
24
-230
180
-26
-48
127
-250
158
122
-251
168
131
-259
8
100
90
-150
-23
135
-184
59
95
-68
-54
49
52
-104
20
103
-133
91
-2
-21
44
-134
248
-174
-53
232
-158
-18
83
4
-65
-25
118
-35
-144
157
23
-95
5
19
46
-22
-46
106
-22
-55
123
-211
140
95
-183
184
-161
31
-5
20
86
-191
213
-237
84
238
-428
401
-190
-103
330
-350
236
-55
-109
216
-150
133
-146
-18
77
-75
36
-108
192
-262
79
138
-146
63
-24
-6
-23
96
-25
-23
12
-28
115
-115
0
166
-209
123
26
-202
318
-254
29
72
-10
150
-269
227
105
-318
179
73
-136
-36
196
-9
-186
89
-12
18
-15
-31
101
-29
57
-191
4
303
-268
-47
258
-57
-145
95
90
-168
167
-53
-82
195
-230
117
66
-90
136
-180
77
75
-164
103
70
-101
-85
60
55
-46
-11
67
-4
-111
112
49
-73
42
-36
92
-38
-97
105
-71
21
-3
-24
88
-83
25
-32
43
110
-120
12
27
5
-30
21
96
-83
-64
83
84
-139
-56
92
-59
-65
100
93
-182
38
31
-161
248
-95
-106
155
-221
165
-5
-149
187
-195
174
45
-266
280
-53
-180
77
97
-36
-95
134
-138
51
80
-179
199
-138
41
131
-280
305
-89
-164
296
-164
-43
114
-64
-45
104
-114
40
107
-276
127
51
-67
16
-44
135
-167
-8
138
-63
-10
-59
206
-180
20
90
-204
199
-124
-23
117
-130
37
-128
111
135
-207
107
-26
-61
-1
15
112
-67
-92
34
64
-3
-116
141
57
4
-101
48
33
-189
110
52
69
-220
106
138
-433
432
-25
-281
285
-79
-7
-124
252
65
-466
408
31
-333
364
-99
-64
19
-122
282
-301
12
210
-182
94
-25
-100
152
-127
-39
290
-227
88
-96
-140
340
-252
66
46
-113
244
-299
85
339
-380
42
177
-4
20
-196
249
-80
-203
234
-140
21
122
-311
128
263
-172
-93
63
-14
85
-29
-52
93
-69
-40
47
37
-133
10
160
-236
116
136
-300
169
99
-163
137
-30
-117
125
-23
-58
97
-17
-111
18
44
-44
90
-58
-93
103
-58
-48
210
-177
-19
94
-104
118
-45
-54
-30
180
-82
-205
203
-77
46
2
-78
83
-1
-99
34
83
-35
7
23
10
-50
-29
136
-22
-164
61
-8
130
-152
-27
237
-219
52
21
32
2
-63
118
-120
58
-17
-111
83
50
-99
65
83
-107
-63
111
20
-62
32
18
24
-117
18
218
-152
-111
96
57
-9
-54
53
-6
-97
35
111
-63
-4
29
-113
90
-22
-88
206
-94
-223
221
37
-176
56
-11
59
-8
-156
181
-10
-191
182
21
-130
136
-91
-57
219
-104
-116
134
36
-172
100
115
-32
-114
-20
97
98
3
-196
202
49
-223
136
51
-42
37
-77
-6
173
-210
54
186
-268
175
113
-339
207
-92
-82
270
-245
31
-25
123
-69
-185
328
-211
-3
76
-32
143
-263
23
105
-23
93
-85
0
137
-181
9
135
-60
-34
-88
182
-47
-172
178
-70
-93
185
13
-11
-47
7
4
-16
112
-81
-96
98
102
-90
-1
-16
6
-6
77
26
-128
8
49
11
-89
-44
217
-121
-12
98
-188
174
-144
-134
328
-222
-32
154
-196
134
81
-111
75
-16
-48
-8
27
47
-65
7
24
-34
59
-9
55
10
-146
131
0
-142
49
44
-20
-28
39
-85
12
-28
-94
188
50
-84
-47
96
39
-151
56
98
18
-52
37
9
-113
124
-34
-100
156
-98
-70
84
-45
54
-120
86
103
-129
53
154
-136
-12
56
-83
69
-96
-42
163
-102
44
24
100
28
-324
220
15
-156
236
-125
47
-31
-143
102
-86
131
-93
12
159
-324
150
23
-101
179
-157
76
101
-232
64
93
-187
85
8
22
55
-176
123
5
-66
-17
164
52
-262
333
-84
-266
279
-152
34
32
-255
190
-37
-18
106
-245
140
-5
-113
246
-46
24
-69
-140
150
-127
0
158
-40
-30
-12
47
-191
-7
75
-51
221
-142
33
85
-226
154
69
-155
12
86
-68
52
-23
-91
0
43
173
-155
120
74
-194
185
-170
-5
121
-142
183
-27
-31
61
-167
-50
39
75
-46
162
16
-285
214
-65
-118
282
-87
-77
66
-22
26
-78
-63
58
-17
41
71
-39
-34
5
-2
-4
-102
218
21
-185
137
-121
43
-22
-147
120
60
138
-140
-47
24
-135
130
-43
84
124
-151
27
-48
-15
64
-23
136
-20
-87
161
-110
-189
124
60
-86
84
37
-155
92
-34
-66
158
-156
30
107
-114
31
-17
-103
13
81
23
104
-10
-89
18
-90
-21
60
77
-18
-83
99
-44
-33
112
-224
177
101
-250
131
-34
-36
-2
77
114
-141
87
-110
31
112
-156
92
-125
175
80
-271
217
-133
-52
120
-60
272
-245
17
100
-313
284
18
-57
-38
-12
122
-185
4
5
25
24
-26
84
-122
-35
37
-33
49
68
-65
12
78
5
-48
-146
88
30
-68
119
0
-86
23
-64
-52
71
-24
61
-63
45
76
-64
20
-112
-23
109
-17
115
-36
-21
21
-127
51
25
13
86
61
-26
-111
30
-60
-56
156
-28
-39
49
-126
80
-5
-129
115
-96
30
124
-93
55
-5
-67
25
103
-8
-78
56
12
22
-8
-57
85
57
-49
86
-126
76
76
-88
45
-38
1
44
17
-76
-20
32
6
-29
70
-11
-77
105
-59
-156
100
-18
35
70
-58
36
-52
43
28
-19
164
-159
-5
90
-60
141
-120
3
-77
-25
194
-127
97
66
-154
28
-59
-22
102
-4
-45
-75
44
15
-123
54
-4
111
-56
-176
180
-148
-19
130
-75
110
-49
-97
81
-71
-131
179
65
-78
29
-100
44
71
-126
1
149
-62
-102
149
29
-139
62
-68
-4
77
-98
110
-22
-129
116
8
-75
3
-56
105
72
-40
23
-63
3
-46
11
103
21
55
-56
-56
-57
57
43
-77
89
-7
-8
-44
-110
72
79
-12
-24
12
-33
-34
89
-64
9
15
-70
81
14
68
-52
-157
155
14
-28
35
-66
141
-26
-85
104
-24
-16
-29
57
135
-29
-159
-68
96
-55
-2
99
-41
-59
-58
16
12
11
27
20
68
-45
14
-1
-81
35
-2
126
35
-72
18
-5
23
-138
88
84
-119
184
-21
-75
-12
-63
93
-102
82
69
-124
91
-165
-40
126
-101
26
45
-5
-14
3
33
-24
-21
30
0
14
34
-44
6
-37
-33
41
-78
30
105
-27
30
-50
-120
65
52
-13
0
-18
-15
-59
-3
37
-8
36
-30
39
33
-90
112
-26
-48
110
-100
69
-14
-128
159
-64
-74
83
-11
-5
31
59
-108
25
34
-156
132
90
-39
-33
-15
80
-54
33
-10
-46
121
-48
33
28
-87
72
-15
-17
69
-5
-21
-5
-105
6
125
-86
39
47
-50
96
-65
-18
32
-14
41
-23
107
-90
-63
109
-131
120
12
-136
96
-42
53
-17
-14
43
-105
131
-91
-82
120
-104
87
-33
-87
73
-91
35
47
-48
-31
-19
24
-49
32
39
-32
7
-51
63
9
-117
136
38
-132
112
21
-61
87
-85
13
99
-67
1
-7
13
-16
-51
51
-20
-5
45
-20
7
-75
-37
88
-52
36
52
-94
45
-36
-39
71
-44
72
-28
-12
53
-132
116
-4
-2
80
-113
103
-67
-34
110
-37
24
-69
4
26
-56
35
-14
-47
61
16
11
95
-100
-126
68
66
18
35
-26
-12
-63
30
45
53
-67
-80
208
-44
-48
26
-87
30
14
-3
132
-3
-110
83
3
-70
25
-4
32
61
-22
-49
34
-55
-23
102
-23
13
46
-17
28
-68
-113
62
52
-86
45
47
-114
-17
-45
-15
86
-47
45
35
-16
37
-152
11
80
-14
32
-11
114
-69
-49
121
-177
11
72
4
177
-138
-25
4
-111
-2
22
50
7
76
-23
-32
-83
-44
55
-53
173
-29
-92
141
-194
44
2
-8
183
-199
130
-59
-190
239
-71
-26
65
-80
23
-1
55
-82
-81
141
-71
30
36
-31
-8
-126
182
-23
-108
70
-14
112
-43
55
-33
-127
99
-6
99
42
-82
16
-28
-58
13
39
46
35
-63
17
-29
-6
22
-53
59
10
-1
91
-112
-58
40
33
88
-46
104
-22
-73
39
-65
121
-8
-57
46
-16
17
-67
-23
41
-37
7
14
51
24
-84
77
-24
-26
42
-47
104
12
-63
30
-101
-37
18
27
102
-26
-31
-56
-89
67
-44
-18
94
22
-5
-152
11
35
-126
160
54
-57
3
-133
106
26
-118
94
29
-42
-51
29
-12
-74
43
23
-16
25
31
-41
3
-63
-17
79
-25
111
-25
-25
71
-218
11
109
-61
59
42
4
-103
-42
102
-51
-10
48
15
32
33
-3
-103
19
-23
-17
184
-44
-30
32
-94
28
8
30
48
27
55
-30
-25
-34
-8
52
24
73
74
-47
-42
-29
-41
39
53
50
1
-42
50
-13
-92
8
41
5
-20
58
46
-87
-38
-21
28
87
-16
59
19
-154
-5
71
-51
-65
57
68
-57
-23
-13
-92
-29
73
112
13
-141
-71
24
59
10
-37
69
-100
-27
126
-68
-25
-50
-25
41
64
14
-168
37
48
-14
74
-111
-49
-13
-71
90
107
-20
-134
-15
3
-77
76
36
-34
-1
44
36
-114
-99
49
67
22
33
5
-38
-101
-47
85
53
19
13
13
-26
-74
20
71
-8
20
86
12
-40
-39
3
4
10
70
17
52
-22
-115
52
3
-45
72
46
25
-4
-7
26
2
19
-4
-3
52
35
-5
-45
1
32
-53
25
76
-32
28
3
-44
52
-33
-20
86
15
-42
-16
83
-46
-133
96
60
-20
17
2
-3
-23
51
44
24
4
-81
-3
57
4
-36
18
42
-32
22
46
-4
-28
3
97
-4
-41
53
-1
-7
7
10
38
-16
-88
-25
88
17
-5
62
-21
-29
43
40
33
-30
-48
59
109
22
-30
44
-24
-57
54
68
58
-5
-14
14
55
26
-43
12
-1
45
36
20
16
-81
8
30
27
40
4
18
-38
18
39
5
30
-63
23
88
-5
46
36
-2
-47
-19
120
68
-4
12
-1
21
7
4
69
-4
-73
29
39
35
3
-72
33
10
-22
43
-21
-1
-28
12
86
-25
12
-33
-94
5
-20
18
36
-12
-48
-93
-47
-33
-3
15
-14
-23
-38
-42
-52
-36
-12
-13
-49
-26
-43
-99
11
-34
-124
-55
-106
-62
9
-95
-146
-130
-107
-120
-80
-78
-160
-115
-99
-94
-49
-96
-114
-95
-56
-37
-90
-88
-81
-74
-58
-115
-74
-67
-165
-48
34
-49
-33
-53
-99
-31
-57
-30
62
-6
22
5
-72
-83
-45
89
132
144
10
-37
105
94
122
184
183
115
146
180
135
267
232
200
345
259
260
341
292
298
312
343
366
331
296
293
258
296
375
292
292
322
263
280
333
342
247
289
369
272
302
267
196
299
224
220
324
163
36
87
174
166
105
112
27
3
28
-21
99
38
-180
-96
-33
-88
-195
-300
-249
-299
-219
-161
-286
-237
-442
-431
-204
-297
-231
-213
-214
-206
-293
-207
-177
-176
-159
-70
51
-100
-158
-120
-290
-344
-196
-220
-395
-583
-858
-937
-1026
-1258
-1351
-1530
-1749
-1936
-2064
-2228
-2446
-2496
-2503
-2428
-2348
-2370
-2357
-2255
-2054
-1791
-1392
-1006
-750
-460
-113
323
684
1111
1647
2029
2379
2601
2861
3132
3288
3505
3676
3770
3734
3660
3568
3450
3245
3069
2982
2764
2543
2236
1974
1764
1486
1340
1158
974
797
625
511
354
289
328
374
329
243
255
269
344
487
653
680
512
466
538
622
543
567
687
505
395
166
-214
-399
-660
-824
-945
-1461
-2022
-2588
-3330
-3834
-4343
-4747
-4804
-5027
-5456
-6143
-6880
-7225
-7047
-6360
-5762
-5603
-5817
-6095
-5825
-5048
-3963
-2901
-2212
-1740
-1296
-609
147
748
1452
2373
3421
4235
4429
4357
4457
4710
5332
5957
6196
6077
5467
4887
4632
4607
4554
4208
3662
3050
2451
1664
975
658
258
-291
-722
-1071
-1630
-2321
-2689
-2542
-2190
-2245
-2519
-2501
-2292
-1965
-1528
-885
-286
-64
205
704
1338
1878
2193
2718
3252
3553
3764
3681
3683
3968
4186
4338
4261
3906
3382
2930
2775
2694
2543
2051
1344
845
353
-51
-291
-569
-797
-1109
-1486
-1673
-1839
-1942
-1952
-1844
-1494
-1418
-1769
-2231
-2419
-2140
-2004
-1963
-1930
-2516
-3424
-4147
-4408
-4207
-3973
-3865
-4228
-5177
-6162
-6562
-5997
-4974
-4253
-4149
-4559
-4972
-5038
-4432
-3034
-1850
-1363
-1068
-847
-443
60
551
1301
2198
3051
3514
3507
3228
2935
3180
3941
4641
4982
4730
3855
3087
2998
3337
3591
3420
2946
2459
1843
1100
700
664
507
137
-156
-314
-685
-1404
-1867
-1559
-922
-653
-746
-758
-648
-609
-347
449
1351
1734
1705
1844
2230
2639
3026
3420
3870
4237
4194
3865
3656
3596
3718
3946
4001
3665
2982
2246
1842
1880
1775
1456
901
241
-60
-443
-777
-1081
-1461
-1469
-1493
-1600
-1878
-2544
-2990
-3002
-2749
-2518
-2869
-3429
-4042
-4759
-5052
-5316
-5420
-5278
-5291
-5173
-5589
-6564
-7166
-6862
-5456
-4237
-3880
-4055
-4695
-4880
-4133
-2561
-756
-9
-142
-256
230
1072
1586
2303
3176
3925
4424
4192
3796
3532
3533
4197
4990
5231
4626
3438
2530
2408
2743
3063
2918
2174
1313
722
357
56
-119
-168
-378
-798
-1156
-1398
-1700
-2002
-1898
-1256
-709
-827
-1123
-931
-506
-191
373
1312
1924
1763
1505
1884
2695
3320
3513
3643
3937
3949
3655
3519
3572
3714
3787
3631
3399
2922
2127
1688
1795
1895
1642
1033
332
-30
-146
-234
-392
-792
-1068
-1032
-983
-1081
-1633
-2366
-2343
-2016
-2054
-2125
-2823
-3800
-4543
-5152
-5153
-5039
-5048
-5255
-5630
-6210
-7170
-7449
-6521
-5160
-4478
-4554
-4876
-5146
-4879
-3951
-2301
-572
-84
-508
-390
344
1248
2150
2865
3814
4556
4370
4005
3819
3862
4494
5061
5211
5042
4111
2870
2289
2613
3265
3152
2208
1240
527
-34
-470
-459
-187
-581
-1423
-1912
-2206
-2440
-2433
-2097
-1547
-1342
-1682
-1964
-1729
-1023
-209
402
921
1334
1396
1393
1734
2510
3479
3871
3681
3841
4122
3854
3519
3741
4414
4710
4198
3594
3199
2694
2235
2289
2739
2529
1360
458
344
388
213
-129
-155
-217
-943
-1475
-1238
-1222
-1844
-2201
-2061
-1738
-2131
-3372
-3807
-4032
-4831
-5177
-5069
-4781
-5008
-5974
-6535
-6811
-7065
-6539
-5395
-4455
-4451
-5107
-5189
-4621
-3612
-2157
-952
-127
-171
-703
-120
1155
2258
2761
3157
3875
4123
3697
3130
3626
4497
4626
4558
4261
3918
3146
2166
2439
3221
3139
2149
1033
674
360
-208
-271
-116
-204
-870
-1676
-2030
-1987
-1846
-1940
-1485
-977
-1330
-1836
-1825
-944
-22
481
1004
1404
1528
1324
1410
2514
3771
4068
3878
3807
3834
3797
3702
4036
4594
4605
4138
3636
3161
2680
2426
2639
2897
2443
1371
499
235
297
310
190
-75
-708
-1481
-1764
-1525
-1478
-1876
-2268
-2334
-2563
-3379
-4081
-4558
-4957
-5403
-6070
-6154
-6069
-6424
-7009
-7818
-7913
-7431
-6816
-5675
-5066
-5408
-5788
-5498
-4195
-2564
-1434
-783
-384
-259
62
1072
2491
3604
3730
3795
4682
5151
4654
4292
4897
5858
5903
5033
4381
4079
3265
2684
3006
3537
3106
1269
108
326
397
-123
-368
-72
-679
-1976
-2463
-1889
-1281
-1850
-2170
-1268
-909
-1489
-1969
-1368
-13
446
451
1034
1698
1718
1353
2079
3579
4263
3853
3240
3540
4189
4272
4052
4091
4298
4129
3668
3361
3188
2752
2295
2326
2509
2006
875
-3
42
583
464
-90
-602
-1029
-1356
-1540
-1024
-882
-1570
-2188
-2670
-2289
-2302
-3297
-3823
-4420
-4752
-5235
-5710
-5303
-5445
-6086
-7037
-7588
-6792
-5849
-5352
-5141
-5276
-5507
-5260
-4291
-2842
-1723
-1364
-1141
-747
-64
817
1561
2290
2935
3544
4013
3977
3561
3421
4225
5052
5052
4534
3726
3205
2863
2592
2889
3033
2314
1093
189
151
58
-370
-428
-465
-678
-1558
-2732
-2475
-1580
-1014
-905
-1563
-1862
-2110
-1840
-163
1136
1290
403
60
1301
2474
2954
3233
3673
3813
3500
3648
4391
4729
4472
4249
4485
4732
4053
3299
3247
3488
3430
2850
2445
1971
1158
595
594
866
407
-674
-1175
-1178
-1332
-1528
-1691
-1772
-2171
-3083
-3402
-3052
-3136
-3785
-4537
-5036
-5456
-6067
-6114
-5385
-5197
-6162
-7361
-7691
-6866
-5615
-4732
-4431
-4707
-5127
-4905
-3728
-1929
-531
-273
-385
-71
676
1866
2930
3383
3633
3974
4424
4640
4333
4078
4315
4858
5053
4523
3944
3294
2284
1926
2364
2611
1907
286
-724
-673
-775
-931
-770
-847
-1765
-3147
-3200
-2013
-1637
-1998
-1956
-1450
-1320
-1955
-1654
158
1386
1206
714
1153
2237
2518
2595
3589
4510
4462
3760
3635
4515
4869
4380
4179
4311
4155
3499
2928
3156
3367
2669
1939
1740
1599
898
168
136
476
395
-382
-887
-1106
-859
-749
-981
-1056
-1687
-2175
-2793
-2853
-2607
-3172
-3902
-5210
-5855
-5905
-5673
-5228
-5783
-6648
-7534
-7763
-6797
-5659
-5057
-5042
-5350
-5283
-4597
-3589
-1992
-730
-542
-410
-141
720
2012
2879
3519
3661
4042
4623
4625
4499
4272
4549
5052
4836
4157
3608
3054
2230
1989
2381
2129
920
-386
-886
-537
-877
-1471
-1429
-1782
-2544
-3476
-3154
-2202
-2238
-2334
-2400
-1952
-1748
-2188
-1496
157
1304
1052
469
1100
2220
2667
3102
4212
5224
4714
3440
3717
5125
5882
5210
4273
4360
4514
3971
3458
3734
3823
2880
1950
1754
1777
1246
262
159
911
459
-744
-1294
-1304
-1069
-1424
-1634
-1333
-1875
-2866
-3308
-2961
-2670
-3673
-4895
-5222
-5551
-5931
-5929
-5586
-5630
-6946
-8024
-7341
-5759
-4809
-4994
-5260
-4928
-4448
-3887
-2542
-698
-3
-349
-358
744
2382
3029
3260
3920
4537
4775
4622
4747
5014
5034
5123
5235
4969
4009
2968
2520
2487
2446
1993
1052
-103
-905
-1116
-1210
-1593
-1997
-2019
-2464
-3605
-4061
-3777
-3195
-2754
-2607
-1986
-2187
-3094
-2854
-1103
1329
1994
967
432
996
2133
3359
4633
5277
4816
3763
3720
5191
6253
5926
4961
4528
4831
4746
4089
3789
3979
3661
2835
2258
1863
1397
672
600
1275
1006
-255
-1315
-1440
-787
-590
-1192
-1460
-1959
-2847
-3234
-3511
-3260
-3585
-4981
-5602
-5933
-6020
-6153
-6720
-6649
-7234
-7944
-7421
-6485
-5488
-5555
-6245
-5786
-4703
-3945
-2842
-1541
-653
-378
-422
759
2279
3177
3658
3968
4843
5117
4760
4860
5374
5834
5752
5201
4462
4024
3905
3511
2798
2296
1806
934
99
-446
-851
-1494
-2379
-2766
-2599
-2922
-3824
-4107
-3590
-3472
-4026
-3798
-2350
-1605
-2468
-3053
-1818
302
1437
1385
1616
2301
2513
2886
4399
6121
6216
4718
4064
5391
6757
6546
5551
5192
5322
4819
4072
4089
4225
3516
2441
1987
2057
1456
71
-417
540
963
-402
-1977
-2044
-1276
-1219
-1856
-1962
-1697
-2424
-3652
-3723
-3076
-3468
-5030
-5978
-5505
-5208
-5997
-6686
-6700
-6915
-7695
-7772
-6211
-4814
-5335
-6307
-5915
-4699
-3669
-2664
-1377
-508
-596
-621
505
2198
3254
3538
3944
4791
5165
4826
4766
5313
6009
6351
5817
4717
3980
3686
3525
3498
3229
2222
613
-612
-586
-241
-733
-1422
-1958
-2765
-3622
-4190
-3776
-2472
-2234
-3310
-3901
-3605
-3102
-2628
-1707
-90
903
310
-462
261
2134
3621
4210
4625
4940
4540
3884
4428
6365
7687
6837
4996
4307
4730
5034
4976
4993
4878
3696
1994
1412
2147
2502
1706
585
373
388
-1024
-1925
-1515
-664
-755
-2531
-2927
-2934
-3773
-4232
-4715
-4210
-4977
-7221
-7656
-7153
-6471
-7026
-8175
-8203
-8778
-8836
-7524
-6076
-5630
-6440
-6756
-5832
-4317
-2777
-1426
-577
-330
-192
738
2518
3869
4422
4831
5600
6226
5956
5519
6004
7106
7434
6490
5602
5263
4502
3807
3828
4007
3381
1214
-622
-518
-406
-1083
-1711
-2089
-2395
-3825
-5383
-4803
-3562
-3258
-3442
-3645
-3648
-4086
-3903
-1697
390
887
346
-312
637
2495
3649
4718
5473
5231
4522
4312
5477
6982
7258
6359
5249
4895
5100
5038
4954
4785
4070
3320
2462
1784
1551
1192
636
544
532
-492
-1293
-1945
-1995
-1439
-1948
-1972
-2735
-4211
-4755
-5116
-4482
-4737
-6507
-7194
-7293
-7184
-7164
-8238
-8392
-8169
-7972
-6552
-6245
-6311
-6389
-6486
-4899
-3185
-1872
-1046
-891
-856
-109
1975
3744
4218
4006
4086
5040
6209
6668
6418
6389
6589
6574
5977
5467
5659
4725
3684
3587
3483
2815
249
-1146
-333
-163
-830
-2569
-3198
-3320
-4968
-5100
-3973
-3038
-3318
-4754
-4521
-3628
-3426
-3034
-1293
1179
1209
-803
-1095
1243
3526
4339
4571
4929
4772
3783
3793
5951
8192
7679
5248
4008
4640
5220
5042
5048
4946
3754
1799
999
1973
2622
1340
52
54
-113
-944
-2149
-1863
-1034
-1646
-2456
-3506
-3652
-4091
-5759
-5530
-4984
-5445
-6762
-8180
-7440
-7065
-7825
-8487
-8684
-7431
-6854
-7105
-6699
-6169
-5923
-5561
-3888
-1622
-847
-1502
-1509
65
2224
3609
4095
4358
4447
4802
5659
6663
7175
6615
6181
6561
6493
6022
5579
4956
4534
3826
2972
2532
1492
357
75
-157
-855
-2329
-3523
-3265
-3230
-3745
-3619
-3563
-3932
-4299
-4211
-3141
-1979
-1580
-1346
-850
7
649
1044
2106
3562
4341
4237
4241
4779
5282
5567
6327
6971
6700
5837
4708
4971
5719
5836
5186
3714
3316
2504
1749
2169
2068
1621
149
-768
-629
-1184
-1474
-1993
-2198
-2493
-3856
-4536
-5232
-5940
-6452
-6931
-6692
-7052
-7791
-8485
-9454
-9752
-9313
-8191
-6667
-6455
-7616
-8155
-7201
-5034
-3094
-2024
-1086
-1292
-1693
-485
1647
3902
4473
4178
4500
4752
5447
6208
7116
7875
7380
6450
5718
5580
5695
5410
5026
4281
3166
1841
703
283
279
2
-1132
-2527
-3368
-3653
-4119
-4371
-3728
-3162
-3694
-5168
-5439
-4047
-2363
-1323
-966
-521
-709
-1022
132
2908
5049
4534
3296
3468
4996
6268
6598
6969
7114
6344
5308
5298
6429
6656
5335
4536
4463
4128
3024
2208
2884
3028
2015
675
-268
-617
-1222
-1516
-1547
-2212
-3796
-5366
-6111
-6344
-6708
-7290
-7367
-7675
-8622
-9835
-10552
-10103
-9203
-8298
-7713
-7772
-8567
-8986
-7782
-5219
-2970
-2190
-2031
-2100
-1819
-482
1936
4455
5192
4435
3884
4532
5858
6914
7632
7859
7147
5843
5287
5815
6243
5579
4378
3523
2757
1575
516
262
143
-386
-1330
-2253
-3129
-4033
-4003
-3066
-1901
-1846
-3268
-4323
-3714
-1889
-285
587
712
173
-298
535
2695
4483
4933
4291
3936
4441
5091
5857
6459
6814
6532
5568
5013
4806
5156
5605
5549
4762
3099
2116
1806
2212
2743
2279
1202
-712
-1733
-1640
-1298
-1033
-2450
-4205
-5340
-6171
-6482
-7113
-7283
-7235
-8024
-8957
-10149
-10900
-10255
-8773
-7475
-7296
-7921
-8449
-8495
-7146
-4193
-1770
-1233
-1981
-2660
-1677
738
3238
4618
4495
3884
3484
4140
5777
6887
7219
6727
5757
5099
4773
4918
4927
4263
3673
2885
1314
-75
-502
-187
-269
-1393
-2486
-3172
-3596
-3413
-3065
-2984
-3269
-3756
-3393
-2113
-1086
-794
-845
-311
922
1781
2420
3550
4333
4213
4194
5135
6617
7085
6167
5831
6738
7243
6778
6181
5994
5752
4983
4656
4977
4504
3084
1970
1956
2385
1727
274
-508
-764
-1442
-2349
-2618
-2994
-4875
-6853
-7066
-6519
-6779
-7844
-8674
-8966
-9643
-10559
-10424
-9024
-7747
-7854
-8303
-7893
-7473
-7102
-5521
-2874
-1008
-1374
-2486
-1861
296
2651
4425
4991
4544
3807
3743
5189
7075
7591
6752
5641
4958
4871
4944
4919
4638
3564
2147
1286
649
-183
-863
-1266
-1569
-2231
-3352
-4224
-4749
-4575
-3618
-2627
-2416
-3583
-4393
-3517
-1757
59
1124
1556
1414
815
1601
4148
6397
6937
5956
5287
5878
6647
7278
7928
8446
7961
6418
5554
5784
6394
6463
5646
4658
3299
1974
1527
1750
2197
1359
-647
-1995
-2571
-2654
-2822
-3652
-4747
-6228
-7729
-8382
-8476
-8382
-8580
-9262
-9883
-10817
-11514
-10607
-8747
-7350
-7152
-7560
-7503
-7066
-5690
-2939
-601
133
-451
-1039
-27
2261
4546
5718
5827
5369
4507
4486
5803
7358
7765
6731
5310
4257
3847
3952
3988
3704
2966
1476
-113
-983
-1337
-1524
-1848
-2332
-2936
-3916
-4824
-4971
-4401
-3548
-3160
-3386
-3481
-3033
-2119
-1122
-197
937
1709
1675
2008
3513
5211
5703
5294
5597
6644
7174
7028
7253
8035
8129
7094
6445
6798
6957
6404
5483
5117
4797
3665
2655
2427
2672
1839
8
-1081
-1473
-2031
-2969
-3617
-4257
-5779
-7697
-8646
-8364
-8308
-9134
-10069
-10565
-10980
-11462
-11300
-10135
-8806
-8310
-8416
-8240
-7500
-6371
-4716
-2394
-258
495
88
162
1791
4311
6225
6817
6450
5868
5707
6261
7450
8411
7897
6160
4726
4410
4879
5040
4173
2648
905
-486
-999
-991
-1054
-1764
-3044
-4013
-4508
-4720
-4415
-3881
-3459
-3474
-4030
-4019
-3320
-2299
-1087
-297
331
532
486
1290
2654
4170
5074
4996
4820
4972
5719
6708
7279
7485
7188
6531
5970
5983
6554
6713
6125
5072
4063
3325
2718
2767
2961
2331
880
-953
-1787
-1686
-1833
-2391
-3563
-4934
-6349
-7723
-7914
-7505
-7604
-8291
-9425
-10244
-10729
-10684
-9895
-8866
-7930
-7843
-8217
-8190
-7363
-5549
-3459
-1722
-1032
-1146
-957
141
2243
4480
5871
6054
5266
4622
5224
6734
8048
8338
7212
5419
4181
4283
5358
5589
4393
2411
570
-238
-442
-177
-68
-1175
-2695
-3618
-3551
-3194
-3164
-2929
-2794
-2865
-2856
-2539
-1776
-1259
-841
-100
798
1596
1710
1626
2351
3513
4363
4873
5001
4786
4615
4890
5797
6642
6545
5645
4645
4213
4523
5032
5062
4384
3012
1604
1185
1506
1981
1725
260
-1308
-2174
-2085
-1807
-2243
-3175
-4575
-5887
-6685
-6746
-6017
-6061
-7289
-8803
-9685
-9223
-8248
-7457
-7038
-7313
-7944
-8133
-7197
-5319
-3586
-2819
-2799
-2818
-2175
-868
841
2520
3337
3419
3397
3817
4719
5664
6454
6582
6019
5427
5162
5310
5413
5159
4549
3475
2428
1688
1232
1113
698
-47
-695
-1275
-1937
-2494
-2356
-1844
-1598
-1866
-2374
-2338
-1883
-1406
-759
119
741
570
267
923
2261
3059
3258
3557
3855
3789
3655
4168
5063
5180
4474
3792
3595
3682
3758
3652
3405
2910
1945
1366
1529
1870
1688
676
-184
-587
-929
-1153
-1369
-1794
-2671
-3860
-4540
-4560
-4724
-5225
-5774
-6192
-6722
-7299
-7261
-6889
-6676
-6675
-6702
-6546
-6513
-6171
-5206
-4215
-3549
-3422
-3162
-2370
-1446
-543
315
1138
1556
1840
2446
3262
4015
4252
4457
4847
4951
4812
4718
4986
5064
4514
3830
3317
3020
2645
2288
2036
1414
495
-207
-261
-57
-236
-618
-864
-1067
-1277
-1051
-376
71
-30
-232
-98
384
984
1419
1719
1983
1993
1894
2232
2841
3032
2884
2846
2839
2723
2710
2758
2679
2538
2347
2090
1852
1669
1446
1288
1206
988
549
90
-194
-416
-518
-703
-1082
-1633
-2221
-2441
-2588
-2801
-3229
-3688
-4010
-4455
-4721
-4853
-4929
-5219
-5598
-5563
-5319
-5095
-5127
-5084
-4800
-4577
-4168
-3532
-2888
-2553
-2438
-1918
-1169
-513
86
590
1162
1595
1784
2214
2882
3323
3302
3217
3583
3731
3261
2900
2854
2833
2421
1914
1788
1531
971
574
702
882
534
87
102
330
380
333
458
790
786
558
689
1180
1472
1256
1364
1746
1716
1537
1770
2375
2475
2072
1925
2100
2197
2145
2172
2250
2184
1798
1437
1494
1578
1320
1016
934
830
454
68
-3
-47
-376
-737
-865
-912
-1152
-1519
-1764
-1875
-1980
-2186
-2395
-2473
-2598
-2860
-3071
-3223
-3362
-3390
-3264
-3157
-3371
-3762
-3806
-3496
-3219
-2990
-2778
-2752
-2837
-2751
-2295
-1572
-1038
-873
-814
-628
-256
189
650
1117
1279
1127
1125
1369
1673
1857
1841
1736
1536
1305
1249
1366
1543
1512
1199
936
770
742
982
1196
1184
949
675
765
1063
1265
1345
1216
1160
1335
1421
1465
1556
1641
1707
1650
1670
1794
1694
1564
1621
1714
1773
1707
1517
1346
1262
1293
1273
1169
1035
749
442
313
306
269
73
-263
-436
-403
-499
-675
-866
-1022
-1079
-1249
-1398
-1443
-1595
-1800
-1958
-2018
-1998
-2114
-2281
-2294
-2200
-2119
-2164
-2189
-2100
-2095
-2043
-1824
-1651
-1556
-1513
-1409
-1189
-983
-751
-552
-483
-420
-378
-315
-115
62
207
287
217
168
126
161
250
210
148
103
50
-24
-76
-29
48
121
149
57
-19
168
508
679
633
542
544
698
993
1269
1364
1299
1208
1206
1357
1592
1749
1765
1705
1609
1513
1523
1679
1810
1782
1652
1507
1358
1240
1203
1256
1294
1171
865
574
430
335
244
219
141
-112
-433
-598
-622
-670
-770
-836
-911
-1072
-1292
-1464
-1366
-1152
-1133
-1340
-1609
-1674
-1559
-1321
-1114
-1060
-1119
-1295
-1306
-1015
-599
-341
-362
-461
-467
-338
-70
235
430
434
262
117
218
435
517
452
355
226
26
-106
-31
72
-28
-262
-458
-553
-602
-668
-657
-589
-647
-778
-830
-786
-692
-595
-508
-411
-365
-340
-251
-126
95
266
336
446
548
667
789
956
1109
1197
1252
1215
1234
1331
1381
1353
1255
1140
1029
931
885
915
881
672
419
286
275
267
173
60
34
-10
-184
-371
-441
-422
-406
-423
-483
-623
-820
-928
-860
-719
-698
-895
-1102
-1061
-857
-719
-695
-716
-725
-701
-610
-369
-60
75
-5
-80
35
329
615
748
786
762
672
646
776
955
1019
887
665
495
363
287
330
329
106
-212
-406
-431
-447
-536
-628
-707
-818
-932
-926
-839
-769
-783
-837
-769
-707
-662
-493
-350
-282
-290
-251
-90
-9
91
261
423
534
520
490
543
685
794
842
857
851
768
635
680
773
803
763
645
491
292
294
466
548
454
255
66
-45
-22
78
130
84
-60
-261
-386
-405
-386
-323
-321
-487
-687
-740
-661
-597
-582
-556
-586
-703
-713
-532
-304
-218
-273
-302
-248
-123
29
187
363
456
353
304
504
706
731
630
609
618
540
472
398
384
303
112
-29
-137
-259
-493
-665
-628
-577
-665
-821
-918
-1015
-1088
-1019
-832
-694
-769
-861
-779
-553
-300
-189
-102
-11
21
133
336
572
659
560
527
581
653
728
716
707
636
480
508
600
626
546
358
303
327
351
388
371
301
212
164
174
181
153
104
30
-52
-80
-75
-96
-149
-148
-100
-135
-272
-353
-289
-198
-206
-243
-254
-318
-415
-350
-96
82
-20
-275
-407
-306
-98
64
142
77
-166
-360
-216
118
272
191
40
-100
-176
-122
59
227
209
26
-136
-163
-145
-174
-116
22
-25
-228
-347
-359
-359
-367
-313
-224
-276
-444
-523
-406
-161
-33
-72
-53
16
-9
13
247
499
470
290
280
411
494
504
519
537
440
271
258
394
439
292
119
102
148
102
61
142
229
161
10
-8
100
158
137
161
240
227
89
32
157
272
236
161
127
70
-5
-16
32
52
-37
-201
-291
-261
-225
-248
-272
-286
-346
-413
-382
-288
-242
-262
-314
-381
-375
-272
-185
-176
-217
-296
-348
-311
-197
-74
-39
-150
-308
-315
-144
6
7
-63
-158
-248
-235
-95
43
10
-153
-219
-138
-51
-41
-54
-1
64
55
76
174
215
168
172
305
413
359
266
268
299
301
303
334
338
231
86
82
193
214
122
80
101
63
16
73
168
178
117
93
144
184
157
152
217
276
278
257
239
212
192
221
278
280
194
89
41
46
50
42
25
-36
-136
-212
-199
-155
-182
-261
-325
-369
-381
-369
-390
-457
-515
-504
-443
-407
-451
-554
-604
-525
-389
-291
-281
-372
-470
-444
-264
-69
-33
-137
-237
-245
-147
8
137
138
-21
-138
-45
153
280
301
260
214
176
190
312
461
472
348
283
349
402
384
412
497
474
303
185
235
307
279
235
249
215
52
-79
1
163
168
42
-30
-33
-61
-68
51
204
173
-27
-112
18
147
177
213
233
141
13
9
151
272
243
135
67
20
-32
-27
56
121
46
-118
-221
-244
-268
-254
-179
-171
-316
-510
-587
-510
-389
-357
-434
-560
-663
-671
-558
-399
-330
-409
-543
-590
-502
-343
-223
-209
-278
-343
-342
-255
-109
14
28
-50
-115
-81
52
212
314
342
308
266
298
420
540
588
559
517
531
553
539
541
571
567
500
420
384
356
318
309
322
319
243
122
84
137
195
215
178
119
66
35
102
225
242
125
7
-8
43
70
85
91
32
-78
-138
-98
-51
-63
-108
-152
-196
-242
-279
-255
-194
-215
-317
-405
-433
-421
-403
-379
-376
-449
-549
-558
-479
-415
-415
-441
-466
-496
-490
-405
-289
-244
-289
-326
-287
-219
-165
-99
-28
-20
-71
-88
-33
43
96
127
157
156
115
116
218
348
407
393
368
357
369
442
547
588
527
429
411
482
506
468
428
389
334
266
259
303
254
138
105
166
200
125
39
65
121
112
80
82
103
72
29
88
153
81
-57
-80
17
45
-45
-118
-130
-154
-215
-221
-131
-129
-303
-438
-408
-317
-306
-352
-343
-338
-435
-524
-484
-388
-387
-473
-500
-459
-450
-475
-445
-329
-259
-321
-372
-315
-226
-164
-115
-36
21
-11
-38
29
128
186
203
213
222
214
221
279
358
385
330
256
244
294
354
387
384
341
286
271
310
353
360
322
265
222
216
244
265
245
194
149
125
110
108
116
112
71
32
26
46
55
39
44
48
16
-19
-3
61
78
49
18
-7
-27
-30
3
32
16
-50
-116
-133
-103
-79
-93
-135
-190
-239
-265
-265
-262
-282
-320
-361
-401
-426
-445
-458
-445
-425
-423
-442
-474
-487
-454
-394
-340
-315
-320
-327
-294
-204
-95
-25
-14
-16
5
72
164
231
268
270
257
266
331
421
436
403
390
403
421
422
442
466
447
408
374
383
389
347
338
346
316
244
173
178
211
195
129
63
37
7
-18
-10
3
-31
-98
-115
-72
-49
-78
-104
-87
-61
-65
-78
-79
-90
-105
-84
-39
-27
-78
-121
-100
-68
-61
-77
-95
-106
-141
-176
-149
-112
-135
-177
-198
-221
-274
-300
-252
-212
-252
-349
-420
-401
-348
-325
-315
-336
-402
-441
-383
-257
-178
-209
-271
-263
-168
-62
11
61
69
58
102
208
319
350
321
327
362
399
459
500
501
486
449
425
442
470
477
450
398
336
281
255
251
243
224
169
85
32
28
28
2
-29
-43
-58
-88
-116
-119
-102
-98
-101
-86
-73
-100
-141
-132
-71
-24
-38
-82
-103
-114
-117
-77
-26
-50
-133
-185
-168
-120
-99
-112
-121
-129
-164
-173
-120
-78
-107
-164
-177
-150
-139
-169
-189
-179
-184
-205
-220
-210
-224
-272
-267
-214
-171
-188
-232
-228
-214
-198
-156
-103
-52
-50
-52
-14
41
98
124
155
201
224
248
288
319
348
369
384
409
431
441
425
418
424
399
387
372
336
308
259
212
189
162
133
102
61
29
-10
-56
-87
-99
-98
-102
-120
-146
-167
-175
-172
-148
-117
-108
-117
-137
-148
-124
-99
-72
-43
-53
-83
-122
-127
-75
-40
-39
-80
-135
-143
-124
-91
-63
-77
-125
-165
-168
-125
-90
-96
-126
-163
-168
-146
-130
-112
-101
-117
-148
-144
-97
-65
-69
-72
-75
-79
-73
-59
-26
12
10
-15
8
46
60
66
77
114
130
121
137
171
198
212
230
244
257
260
264
289
309
286
242
231
243
232
201
180
158
108
44
27
60
70
28
-18
-53
-95
-119
-104
-73
-50
-62
-122
-157
-121
-79
-46
20
46
-42
-125
-93
-17
21
29
7
-53
-108
-114
-69
-7
16
-27
-92
-116
-103
-79
-58
-54
-80
-133
-175
-164
-115
-90
-102
-120
-128
-138
-145
-121
-75
-60
-85
-107
-89
-47
-14
-1
4
5
-2
-6
20
67
91
82
60
57
71
96
109
116
146
126
94
132
175
153
121
148
138
111
121
117
147
110
105
135
22
76
123
45
45
59
38
-91
-79
-10
-52
-84
-37
-63
-178
-130
-154
-183
-108
-24
-120
-233
-124
-127
-80
-76
93
193
-139
66
256
99
144
160
158
-87
-34
272
56
98
262
57
-89
34
85
-199
-234
-144
-295
-418
-354
-365
-710
-837
-618
-424
44
713
913
636
132
-432
-396
59
453
950
937
379
-220
-554
-284
35
423
744
475
116
-251
-465
-538
-597
-339
-421
-808
-969
-936
-586
-176
286
692
765
665
412
291
415
562
861
1177
1082
674
383
296
192
8
273
604
182
-56
-101
-415
-633
-802
-922
-1356
-1479
-1064
-801
-284
357
391
-140
-442
-481
-386
198
877
1094
768
302
-69
-397
-417
-85
330
633
733
503
102
-184
-477
-417
-60
195
451
351
47
-282
-447
-116
99
221
453
344
19
-334
-474
-269
-214
-210
-294
-655
-733
-638
-448
-129
-156
-179
-156
-129
47
113
512
703
558
472
308
321
118
272
426
230
398
258
86
33
38
155
36
148
129
-261
-383
-366
-456
-311
-80
-142
-128
-206
-341
-113
-47
96
356
331
354
270
148
60
-38
12
14
104
148
103
23
-65
-127
-267
-9
-58
-79
139
-271
-192
-285
-443
-69
-189
-74
-11
-119
16
-45
196
329
92
177
103
8
128
153
196
15
-20
-69
-228
-117
-195
-55
45
-55
-25
-246
-200
-198
-148
152
-152
-50
156
-87
156
239
169
269
200
72
121
199
58
217
347
148
98
-64
-165
-193
-140
184
191
155
98
-285
-549
-643
-611
-332
-94
81
232
-22
18
16
-64
325
308
609
743
475
488
93
83
156
21
226
159
128
131
-61
-46
-55
-10
-21
-107
-55
-291
-397
-400
-461
-216
-292
-332
-273
-476
-330
-266
-137
-47
-199
173
43
-26
270
7
198
192
-30
69
-7
178
92
52
333
212
256
402
402
336
207
241
62
13
-57
-460
-417
-557
-659
-472
-664
-621
-675
-851
-632
-527
-476
-146
-34
-214
-83
-252
-462
-268
-222
291
600
872
1369
940
869
662
322
679
725
1265
1339
957
915
247
-17
-186
-207
37
-128
200
77
-328
-546
-1020
-1035
-1101
-809
-333
-152
46
-182
-254
-419
-574
-213
133
514
656
699
666
395
358
319
474
651
589
895
646
74
87
-205
-359
-178
-313
-280
-488
-663
-246
-341
-309
-120
-601
-522
-405
-678
-63
305
-14
114
-8
-456
-644
-428
-157
-303
-63
134
-53
-139
-317
-180
-193
-237
106
18
127
240
-47
153
382
170
47
247
168
279
359
377
806
340
314
423
-192
-201
36
216
157
339
124
-270
-316
-388
-103
-384
-344
-28
-295
-55
-137
-495
-235
-346
-410
20
-19
161
310
-160
-33
20
-119
88
-62
254
453
186
545
400
-38
-173
-206
125
230
262
313
187
-143
-349
172
150
-153
247
220
172
312
218
302
67
-221
-7
123
-105
-76
93
16
96
-167
-85
203
-429
-383
74
38
-26
91
329
-97
-383
39
125
-134
-8
77
-98
242
105
-133
216
-316
-506
-231
-217
29
-114
10
-43
-264
-232
-425
43
-146
-406
61
-444
-220
156
-147
29
-258
-174
-94
-223
388
265
135
208
-40
217
-25
11
393
-194
216
698
-100
123
363
-257
-80
233
104
-30
-24
136
-38
-96
11
-30
62
-197
-71
494
203
62
301
57
46
133
243
388
192
38
137
357
-256
-70
434
-240
-68
-244
-502
-452
-265
292
151
131
-295
-338
-430
-769
88
150
-307
18
89
-447
-178
68
-678
-402
75
-337
140
338
-371
29
-55
-173
-7
-415
335
359
122
684
438
-52
-24
76
-351
-151
113
330
593
244
411
-361
-741
128
-75
389
678
125
-45
-624
-311
154
39
381
417
209
-117
26
91
-155
219
95
327
379
-110
-52
-242
332
129
-13
721
-350
-430
256
-59
8
-131
-371
-291
-253
265
535
203
37
36
164
-592
-13
606
-345
468
240
-355
-249
-443
36
-355
42
180
-268
-13
-777
-589
-119
-573
-28
-119
-528
-116
-550
-312
262
56
141
187
-81
-584
181
279
-269
509
128
24
318
-22
308
497
278
166
85
168
184
-219
227
10
-555
322
-77
-108
318
-384
121
142
-237
65
-38
-59
-248
253
417
-82
213
46
73
66
41
444
-15
214
488
95
527
388
-185
-145
-24
61
362
580
394
-214
-760
-387
-297
51
371
-191
131
-47
-260
70
-34
-6
-188
-76
-68
-204
-86
-397
-290
54
-97
-122
-440
-279
-131
-497
321
-198
-542
394
-323
127
144
-542
115
-290
506
633
-276
469
-414
-357
433
-43
258
-172
-133
-107
-273
205
-300
-187
239
-92
91
108
-268
-190
-332
151
222
272
86
-229
199
-8
176
577
-142
-232
157
-83
561
213
116
604
-442
63
346
310
550
260
-30
172
231
-96
370
431
112
75
-428
-536
299
141
-284
192
-557
-136
47
-425
19
-380
-362
293
-246
170
308
-491
-244
-661
-332
299
291
226
-210
-170
-85
-150
82
-22
280
256
-88
-56
-504
-138
153
-392
131
287
-40
-226
-216
-62
-324
175
331
-36
-146
-659
-336
183
-91
145
406
-130
-146
46
29
617
313
12
514
-24
-4
141
-339
88
288
230
88
38
-30
-44
47
-71
299
-34
-150
-113
-328
-125
-148
-140
547
-165
-252
211
-262
620
487
182
281
-132
157
33
148
749
10
-252
-41
-43
41
-201
134
12
43
-45
-346
-10
367
-213
-293
203
-374
-307
-25
-19
-220
-113
-184
-40
112
-640
-216
84
-271
148
-148
-326
-86
-446
-5
121
-559
12
-227
-113
-78
151
296
-437
-119
-414
-108
532
-50
331
546
-171
-234
177
284
-93
410
519
-148
141
77
-288
73
-28
69
71
9
530
-164
-249
477
-513
207
311
-10
379
-404
244
520
-96
394
190
-65
261
24
484
97
-90
395
66
-135
-21
85
-363
75
350
-277
83
-372
-96
265
-534
412
336
-439
162
-111
-282
162
50
-227
-183
-203
-547
-298
-20
-170
-96
-155
-367
-539
-120
-136
192
30
-193
-416
-394
-179
38
114
-242
278
-229
53
642
-482
441
248
-433
383
65
366
360
-122
216
-343
-285
316
-190
2
385
-152
-39
84
-433
-30
90
-24
305
160
65
417
460
27
188
-32
76
279
377
591
175
-109
267
55
376
-119
-81
521
-463
132
356
-335
-474
-650
24
-181
-157
-20
-87
-284
-321
174
7
44
14
222
-224
-262
134
299
40
-67
213
-459
-151
-34
-284
366
-186
-463
209
-317
-415
145
-142
-267
-286
246
58
-364
-104
-368
-172
204
-201
23
13
-391
83
571
-118
134
537
-117
65
-236
-55
321
-172
201
232
14
-6
-92
-19
207
152
94
578
134
3
209
-29
199
439
416
170
115
61
-207
189
381
-376
318
155
58
-162
-153
-114
-134
-35
303
147
-414
39
-176
-417
33
-287
72
-55
-122
223
-383
-161
-61
-215
135
103
41
82
107
-662
-244
50
-413
314
5
25
-14
-490
-349
-159
392
-37
40
243
-255
267
-223
-470
535
-92
-182
387
-301
111
-252
-448
228
-314
72
142
163
135
69
-244
-173
135
217
-247
304
224
-273
76
-330
227
-50
383
602
40
423
-68
129
579
-20
507
92
-64
446
-237
-89
-63
-196
287
16
24
148
-300
-226
-59
280
220
-338
279
-145
-246
160
-88
297
-169
217
32
-263
127
-260
355
-167
-258
405
-232
-275
37
-148
-99
-134
-165
36
-555
115
-98
-616
510
-380
-66
327
-565
-53
-3
199
150
-287
139
-159
-577
50
192
68
-81
-113
236
-134
12
39
-148
302
-44
152
365
0
-179
34
67
-75
133
255
44
-367
337
-309
51
153
53
431
-455
38
297
20
239
252
13
-114
66
11
-12
83
257
-181
383
173
-157
204
-308
296
75
213
290
-243
121
-95
-18
-82
-68
299
-305
-104
181
-216
-41
221
-163
-212
-189
39
38
-54
226
-303
54
9
-391
122
-172
-6
93
-57
207
-378
-274
191
-319
97
198
-67
-302
-342
495
-390
-156
324
-445
-7
-64
205
-253
-291
446
1
130
-47
-90
-23
-216
221
91
-26
468
-214
-145
159
-301
154
-9
-223
566
-38
8
180
-396
152
-130
77
301
11
81
-215
260
-166
-130
524
-158
-62
377
-122
310
112
12
23
-134
270
-77
160
-11
-330
28
12
-20
143
16
-248
1
149
-391
172
305
-440
-16
48
-266
0
98
-149
-29
116
-134
75
92
-234
28
123
-44
173
-19
232
-135
-237
160
9
-80
118
33
-30
194
-138
-461
132
45
-18
184
-14
-14
-318
-51
325
-316
-210
306
-158
-289
397
-549
-111
21
-387
175
125
71
-9
221
245
11
-191
10
292
-104
472
327
-288
76
-149
-1
-25
93
90
61
17
292
82
-449
212
-298
-96
398
-264
141
150
-538
-38
-69
-114
203
-74
91
4
-100
59
-174
227
286
-21
54
-158
-217
45
70
-37
301
16
-593
17
289
-402
159
315
-357
67
-242
337
-95
-439
572
-70
-25
394
185
41
76
271
-136
-184
280
-35
17
453
-280
-62
-142
-577
-31
-3
333
38
-110
32
-262
-234
-169
208
-14
-198
465
-2
-245
299
-353
78
99
-296
381
196
-185
174
193
-239
-140
39
-118
130
383
125
-367
-205
32
-271
58
177
-278
150
132
-265
256
74
-510
455
-94
-345
535
-53
-127
203
-240
193
217
-603
329
-27
-426
354
85
101
-10
25
-165
-17
-207
-81
162
-169
247
73
36
72
-590
35
198
40
141
147
-174
10
125
47
35
-205
140
-91
191
86
-347
63
-30
-164
-27
371
27
190
-32
145
190
-458
245
120
-88
207
82
-151
-89
-37
-272
169
10
-228
-222
-51
-147
-30
63
44
-220
-175
272
-184
11
286
-201
298
131
54
-76
73
19
-234
338
48
304
-148
-238
481
-521
133
521
-513
46
312
-184
-111
156
-85
-282
111
132
-94
-48
148
-72
-227
96
-116
-162
28
82
84
-48
63
-47
-87
-71
-102
96
-34
93
64
-191
-12
-118
14
99
64
257
69
-142
13
155
-7
97
-19
151
203
-217
291
-67
-326
204
-71
92
27
-115
79
-342
-59
77
-276
152
51
-175
157
-78
-167
195
-71
-71
66
12
97
84
90
-59
321
-352
-114
686
-433
323
133
-401
282
-197
171
-63
-215
160
-244
218
-10
-277
105
-371
-99
95
-71
168
-122
-293
256
-168
140
103
-222
406
-236
100
243
-160
165
-133
198
136
-10
148
-182
255
-32
-293
527
-390
-96
171
-427
157
-202
135
284
-405
226
-86
-167
119
-179
234
209
-57
-41
-42
63
-270
148
356
-343
144
-57
-103
-53
-103
158
-138
-88
204
0
115
-58
-184
340
-253
98
377
-74
-144
-306
245
12
-177
287
-421
128
397
-515
267
279
-287
-167
-148
330
49
-25
54
-324
7
-180
-59
262
-238
211
-417
-42
453
-361
222
178
-125
77
-181
35
219
-183
325
56
-338
367
-42
-83
11
251
153
-58
75
-146
245
-249
-57
148
-50
10
-246
80
-297
277
197
-345
271
18
-305
73
271
-183
250
-94
-208
-7
-232
53
56
27
45
-65
-157
143
-52
-193
287
12
227
36
-203
100
-229
150
187
-216
69
-34
-95
95
-67
-229
100
148
-259
52
206
-155
-287
-25
65
-101
148
7
45
1
-242
124
137
21
-64
104
175
-165
177
159
-48
24
-143
151
-47
73
141
-143
-42
-14
-221
38
-24
-31
202
-74
-27
-74
10
-176
269
203
-332
422
-129
-61
127
1
181
68
-146
57
74
-258
108
-115
117
34
-181
203
-8
-108
86
-86
-60
84
-130
286
-193
-176
261
-488
150
-61
79
70
-466
297
-196
19
-42
-216
93
-296
8
125
131
-101
-55
-18
-127
9
201
10
-55
371
-193
-88
113
-83
239
-144
66
348
-310
-41
-3
-238
217
198
-171
340
35
-301
-52
194
-165
-7
319
-169
-144
44
-26
88
-26
-99
266
56
169
45
-225
245
-230
129
154
-127
57
-135
345
-234
-19
215
-280
370
-146
-144
440
-362
-18
285
-450
287
99
-304
286
7
-144
-304
360
-50
-222
352
-259
182
-114
-203
314
45
-196
94
-172
-166
122
-157
43
-16
-158
-174
-9
7
-284
335
91
-241
-4
-77
66
-167
108
50
9
357
-518
127
120
-450
535
-157
-7
221
-349
258
64
-148
90
-4
13
245
24
-206
24
7
-83
20
64
47
-54
22
-94
112
116
-53
106
-211
476
-229
32
260
-275
151
-20
83
-75
-206
303
-54
-231
315
-168
74
136
-291
401
-264
85
211
-149
157
112
-59
-204
214
-207
4
130
40
-205
279
-34
-356
174
-245
200
194
-45
18
-291
226
-184
-60
290
-200
-2
-167
-169
313
-285
-309
270
-217
-168
165
63
-166
-223
87
40
18
62
-175
42
-40
-86
269
-37
-147
17
109
4
278
-279
225
-4
-223
166
138
-63
-8
60
-118
2
111
104
78
-232
56
205
-204
71
358
-341
132
141
-163
88
-167
293
-256
89
223
-272
160
-11
-108
93
-30
11
102
-135
42
113
-70
-36
35
-187
67
139
-132
90
149
-151
-85
-20
-119
213
-245
107
186
-132
40
-294
137
12
-219
221
59
-66
-110
-121
202
-334
-122
268
-123
54
-71
-91
135
-275
35
187
-118
80
10
-54
-146
20
136
-164
178
49
-115
157
-92
-8
97
166
127
-246
93
198
-105
107
147
-52
36
124
55
164
-25
-81
149
37
125
103
15
-15
-275
226
41
-316
351
8
-260
-46
252
-234
-202
201
-8
60
-48
-71
227
-376
-188
563
-322
-76
174
-184
-44
-28
56
-69
-185
2
-61
-22
187
-101
-204
-85
-116
203
-6
-155
-15
-56
-52
-125
103
-69
-44
142
-324
94
104
-237
134
-56
42
-25
-83
75
-104
215
-94
-199
329
-59
-276
254
136
-202
217
161
-171
28
111
29
69
101
9
59
18
114
247
-182
58
81
-51
361
-166
139
231
-165
209
-222
101
75
-217
431
-49
-44
153
-264
52
-51
-43
221
-9
82
-122
-92
96
-203
-15
180
-120
-137
90
-60
-215
96
33
-313
173
-177
81
31
-459
149
60
-168
-132
-21
-118
-58
-38
-90
136
-277
-42
-38
-86
89
-190
71
-2
8
-27
-142
124
5
-156
157
158
-144
64
13
-175
20
207
-150
156
181
-230
234
-106
126
111
-146
316
-7
-23
242
-136
159
89
-90
83
48
198
-5
56
126
-128
130
141
49
36
-9
157
-62
-5
246
-175
18
124
-14
-142
151
-96
-66
133
-99
103
-66
5
-60
-140
61
24
-83
23
-80
-106
-30
-59
-52
83
-248
-5
224
-291
17
98
-219
-67
100
-93
-18
-190
76
-59
-144
180
-214
-19
35
-138
28
90
-27
-36
-119
-65
154
-163
47
-41
-32
122
-90
-151
138
35
-83
44
100
115
-86
104
87
-111
116
-3
27
50
123
-44
9
140
-196
200
100
-60
139
-57
133
66
-126
121
155
-55
-6
6
58
111
-34
69
54
-39
43
99
-72
-101
142
-25
33
97
-128
23
-100
-20
107
-214
37
28
-146
103
-82
-45
-19
-54
54
-80
127
-97
-36
49
-160
109
-113
32
-33
-20
42
-133
167
-176
40
-83
-172
360
-200
-32
98
-210
-33
4
88
-105
142
-98
-270
378
-245
-44
271
-194
114
-19
67
41
-127
80
92
184
-53
-4
43
-211
142
50
-37
238
-84
-28
26
-122
75
-5
102
82
-134
115
3
-103
86
-41
-23
96
66
-80
-36
99
-137
38
125
-119
129
-70
-97
192
-185
-48
120
-68
47
9
-70
-13
73
-41
-69
-3
-48
21
-7
-88
50
33
-233
52
57
-127
92
-114
-48
16
-48
-3
-47
86
-50
-76
56
28
-15
46
101
-32
-31
64
26
-31
9
31
113
-66
-64
80
-54
147
-143
-34
238
-170
64
151
-59
-29
75
-65
82
146
-245
150
104
-100
97
-70
52
27
-69
97
58
-8
-18
-28
19
-25
54
-73
-82
214
-141
-14
134
-183
18
-72
98
85
-139
153
-225
-95
196
-136
43
-35
-81
21
-128
28
-72
59
64
-221
212
-115
-88
118
-71
70
-47
-24
12
-21
10
-56
3
31
-41
57
-10
-64
-3
10
72
-104
76
0
17
-22
5
9
-41
134
-68
132
-81
37
67
-118
183
-136
105
128
-234
217
6
-92
169
-145
117
53
-85
128
-60
-42
133
-46
-51
155
-87
-109
277
-64
-115
144
-125
-84
124
15
-2
-50
-8
-9
-110
107
-1
19
-33
-5
-24
-55
75
-57
-1
-8
18
-39
-62
41
-122
23
37
-111
24
-15
-54
58
-48
-8
-12
-18
16
-75
97
-53
-15
-20
-25
119
-96
80
-15
-23
6
-118
113
32
-31
2
33
-46
-25
72
-25
-35
141
27
-176
207
61
-119
36
49
68
-115
163
36
-132
68
43
43
-82
106
28
-136
58
136
-61
-36
76
-79
51
-6
-32
-62
101
11
-117
84
23
-70
-63
73
-26
7
-83
-43
153
-209
66
-7
-45
92
-37
18
14
-55
-18
53
2
-18
-60
-1
13
-55
-15
-6
29
-93
-26
14
2
-57
-7
102
-113
-25
6
-35
9
44
-11
-57
121
-54
-7
59
14
-1
-66
112
-46
-33
119
-15
-54
40
58
-16
76
52
-9
-1
13
-39
48
23
-14
80
-94
82
-26
-45
154
-124
39
36
-91
84
9
1
72
-82
66
5
-23
99
-66
61
-2
-52
85
-40
19
-10
7
-16
-16
19
-54
19
-41
9
-21
-53
47
-91
-5
49
-44
-50
12
8
-71
28
6
-76
11
22
-28
30
-3
-65
2
5
39
-13
7
2
-71
13
8
25
-1
-47
31
17
-59
33
38
-48
21
-26
76
2
-101
75
-17
-20
4
14
43
-14
35
0
-12
32
-20
31
59
-56
41
13
6
3
-30
55
-18
0
72
-44
-5
-7
0
59
-71
1
65
-62
45
20
-35
42
-43
-14
24
-16
26
-1
-30
-5
13
-15
-39
8
7
-10
3
-5
13
-57
-35
49
-60
45
38
-129
90
-20
-96
116
-53
9
-7
-60
101
-81
3
44
-63
53
-32
20
19
-49
70
-8
-30
14
-7
10
19
21
-30
14
12
-35
45
-18
-8
37
-38
6
6
7
-7
-38
76
5
-60
56
15
-8
43
-17
-26
41
20
-16
9
40
-21
-18
56
8
-31
14
-25
-18
67
-17
-48
34
-28
-46
42
-13
-2
-13
35
-48
-26
43
-45
28
-25
21
6
-52
40
-52
2
-19
-1
28
-22
6
-41
6
-7
18
21
-88
47
29
-102
68
43
-76
19
-2
47
3
-9
61
-13
-18
-8
49
-9
12
38
-48
50
12
-40
10
85
-33
-51
68
-60
35
6
-36
49
-54
23
13
-44
-1
22
19
4
-14
-23
-14
9
47
-14
11
-8
-31
34
-12
25
0
-14
41
-13
-51
45
11
-30
30
-15
8
-52
6
56
-68
6
-8
-16
-13
-6
-1
-3
-10
-78
38
12
3
-5
-56
49
-31
-3
29
3
1
11
-8
-43
65
-9
-14
40
-13
9
-20
-20
44
11
-7
17
-36
37
10
-9
31
3
-11
12
-12
31
6
2
34
-50
2
54
-31
14
42
-26
3
45
-4
-29
83
-54
-6
50
-40
13
2
36
-50
-20
40
-37
16
16
-34
34
-14
-53
55
5
-36
-15
-34
22
-31
15
-3
-52
41
-25
-9
10
-26
0
-15
19
-9
-34
30
-15
-38
31
2
-10
-44
20
29
-64
20
54
-49
-20
45
-11
-30
58
-6
-34
44
-24
-6
51
-19
-22
18
-4
-29
16
18
-1
2
18
17
-17
14
22
21
10
19
-12
9
11
2
38
28
0
-39
39
10
-30
69
0
-44
50
-13
-14
57
-46
6
14
-26
47
-17
-10
21
-36
16
-22
17
38
-57
10
-1
-25
-3
-9
27
-44
-7
32
-22
-6
-39
25
4
-47
38
-41
-31
30
-50
-6
32
-52
-26
19
-34
-26
12
-31
-9
-7
-13
20
-8
-14
-21
27
-5
-6
17
-33
53
2
-22
45
-43
-11
57
15
-39
6
29
-17
34
16
-23
46
1
-22
60
9
-26
39
27
-5
-26
48
27
-38
29
10
3
-12
-22
57
-1
-29
18
-19
12
-6
16
25
-23
0
-27
55
-10
-30
57
-45
-12
28
-12
-12
-12
14
-14
-3
-13
4
7
-23
18
-8
-16
7
-22
4
18
-39
2
19
-33
-20
18
7
-31
17
-27
2
16
-45
3
-1
-5
-26
13
-5
-19
34
-28
12
-26
-3
33
-36
26
6
-26
23
16
-21
14
7
-19
17
12
4
-15
20
7
1
16
-8
21
-3
-3
32
6
-7
8
-2
7
24
-12
6
5
-10
9
11
10
-6
-3
13
-22
19
11
-21
23
-11
-9
19
-17
17
-23
-6
25
-32
33
-37
-13
23
-35
27
1
-20
-20
7
-12
-27
43
-9
-5
-11
1
-7
-33
27
10
-5
-12
7
-7
-33
24
-1
-16
28
-15
-30
22
-5
-27
23
15
-32
1
9
-13
8
-1
8
12
-11
22
16
-2
25
-6
13
6
0
14
-3
8
5
-1
26
9
-23
17
11
-17
29
-14
-14
26
-20
5
32
-29
16
25
-27
11
6
7
5
-3
16
-21
5
-9
-16
28
-8
-15
14
-4
-26
0
16
-12
-11
13
-15
-10
-17
-9
22
-45
19
2
-40
21
-18
-14
-8
0
12
-35
15
-7
-27
15
-2
-18
-6
16
4
-40
19
19
-28
23
-12
-3
13
-32
27
-6
-9
8
-14
24
-14
-4
20
-10
13
-5
4
31
-14
8
34
-18
11
11
7
12
-7
24
2
-18
5
18
-2
-14
23
1
-10
34
-2
2
5
-16
16
-8
12
21
-32
-3
2
-6
-4
-1
21
-26
5
29
-38
15
-3
-18
12
-18
3
3
-16
3
-3
-4
-19
-18
27
-18
7
17
-49
9
-6
-6
16
-21
12
-12
-10
13
-7
-10
-3
8
-4
6
28
-36
-19
33
-28
17
34
-25
6
-18
0
25
-17
6
34
-15
-11
3
14
4
2
19
-13
2
3
-5
20
-14
7
27
-24
3
26
-14
-1
20
-4
5
12
3
1
-11
18
1
-7
10
14
-2
-3
-9
7
12
-9
28
5
-38
19
8
-18
21
2
-14
-8
-26
9
17
-13
16
8
-24
-18
-10
8
5
-1
4
-18
-10
0
-10
-1
14
-6
-20
14
-3
-19
11
-13
-5
7
-8
27
-15
-27
26
-25
5
10
-25
15
-6
2
-3
4
0
1
11
-23
19
-1
8
2
-1
13
-5
-16
11
10
-12
24
-1
-7
9
-2
4
20
-5
-9
30
-24
0
18
-14
-1
-9
16
-3
2
5
7
2
-3
7
11
0
6
1
15
-8
-10
5
4
8
-5
8
13
-14
-3
7
-2
-8
5
2
-10
5
-1
-10
9
-7
-7
13
2
-2
0
-6
2
6
-10
5
6
-17
11
4
-22
5
3
6
8
-12
8
5
-8
0
10
4
-5
12
-15
-9
11
-16
8
1
-22
15
6
-4
0
-11
13
1
-5
16
-7
-9
-10
8
5
-25
12
-1
-32
6
4
-3
6
-3
-2
-1
-3
-3
5
-15
13
11
-13
-4
4
-9
3
7
-11
5
0
-8
-1
9
-8
-17
14
-9
-4
0
2
-3
-7
4
5
1
0
1
6
1
-6
7
3
-6
7
-1
11
20
-5
-7
17
-5
-10
23
5
8
0
-11
16
-10
-10
19
11
-4
5
3
-9
8
2
-9
16
11
-11
11
-2
-4
2
1
18
-3
-15
10
1
-11
20
-6
1
-2
-7
9
-6
21
-10
-5
5
-27
22
-11
-12
24
-14
-7
20
-17
4
7
-8
4
10
-6
-10
19
-4
-17
13
-7
-6
3
-7
11
4
-8
-3
-5
-4
-7
3
15
2
6
-2
-15
-5
-8
-1
12
7
-3
1
-2
-5
-1
-10
14
-1
-15
27
-11
-23
16
-15
-3
14
-6
10
7
2
10
-5
8
-1
-14
6
8
2
5
12
-6
-24
6
9
-8
6
10
4
-5
-10
-2
-7
0
15
-2
-6
-6
-9
0
3
-3
1
1
0
2
-4
1
-3
-3
12
-1
-10
-3
8
-3
-7
13
0
-7
6
-1
-5
3
-5
11
6
-27
12
3
-18
6
0
8
7
5
3
-5
-1
-2
7
10
6
5
-10
-1
-2
-14
11
-4
-10
15
-5
3
2
-10
10
-5
-3
12
-5
-3
12
3
-12
-5
8
-2
7
4
-9
12
1
-8
19
2
-3
6
2
10
-6
-2
10
7
6
-10
8
3
-18
17
2
0
13
-11
10
-2
-12
8
-7
8
7
-9
11
-13
-3
5
-11
15
-6
-8
8
-7
-13
-5
7
-10
-4
12
-9
-9
2
8
-1
-4
12
1
-15
2
4
-5
3
7
1
-5
-1
4
-5
-3
3
3
3
-7
1
-2
1
8
-12
3
7
-7
-1
-1
7
-6
-3
6
-5
11
-2
-5
10
-13
7
12
-7
12
-5
-1
7
-12
3
-6
-5
1
-13
7
-3
-9
4
-4
10
-3
-6
13
-14
7
6
-21
15
2
-3
8
-5
11
-6
-6
8
-7
2
-3
-4
11
-8
-3
7
-3
1
-5
5
6
-10
8
1
-2
9
-3
7
7
-3
9
4
0
0
-3
6
2
3
4
2
5
-6
2
6
-6
5
9
1
2
6
-4
-2
7
-5
9
-2
-16
18
-7
-15
5
-7
3
-6
-1
4
-18
9
2
-8
5
-8
4
-9
-7
2
-16
3
2
-2
-5
-5
8
-10
-4
7
-5
-5
-4
2
-1
-8
5
2
-1
5
2
3
-6
-2
6
-4
0
5
1
1
8
5
2
2
-3
9
8
-1
8
0
-2
7
2
0
12
3
-2
13
-3
-6
3
-11
1
0
-10
4
-7
-12
-4
-6
-3
-6
-3
-4
-2
-2
-10
0
-7
-7
8
-4
5
3
-8
2
0
3
5
4
6
1
2
1
5
6
0
8
11
2
-1
7
5
-2
6
9
4
0
3
10
5
1
10
0
-3
14
-2
-3
11
-7
-4
6
0
0
1
3
-3
-4
-4
-10
1
-3
-11
1
-5
-11
-5
-3
-5
-8
-7
-4
-9
-5
-3
-5
-2
-8
-3
2
-5
-3
5
-1
-7
4
6
-1
-1
-5
3
7
0
7
1
1
12
-4
4
17
0
4
11
6
1
6
14
1
1
3
-3
6
2
7
9
-2
5
8
4
3
3
0
1
1
-7
-8
-4
-6
-4
-7
-2
-5
-11
-6
-5
-7
-12
-9
-5
-9
-8
-6
-7
-12
-4
0
-6
-4
-2
-2
-6
8
9
-10
2
5
-7
5
5
-2
6
6
3
5
-2
1
10
1
3
12
-1
6
11
3
9
0
-1
2
6
7
-2
5
-2
0
5
1
8
4
1
4
0
-1
0
0
2
-1
2
1
-3
0
-2
1
0
-3
-1
-6
-3
-2
-1
-1
-2
-1
-3
0
-2
-4
-3
-1
-3
1
3
-4
-2
-2
-5
-1
2
-1
0
3
0
1
8
2
2
7
-2
3
5
-9
7
-1
0
11
-3
4
-1
-4
2
-2
1
-2
-2
0
3
5
5
1
-3
-1
1
4
8
4
1
4
-3
1
5
-3
2
1
-3
0
-1
-3
1
3
1
8
6
1
2
-1
-3
1
0
-1
3
1
-2
0
-3
-4
2
2
3
3
0
-1
0
1
-2
4
0
-2
2
-2
-1
1
-2
0
3
3
5
3
1
-2
-1
6
1
7
5
1
5
-1
0
-3
-1
5
-1
1
-1
0
-1
-3
-2
-2
0
-1
-2
-3
-2
-3
-2
5
1
-1
1
-4
-2
-6
-6
-3
-5
-4
-4
1
2
-4
