0
0
0
0
-1
-1
-3
-4
-3
-3
-2
0
0
1
2
1
0
0
1
3
2
4
2
-1
1
3
-1
-4
1
-5
1
4
6
-1
1
-2
-3
-1
2
1
1
0
2
-1
-3
0
0
1
2
1
3
4
4
1
0
1
1
0
-1
-1
0
-1
-2
-3
-1
1
3
2
-1
-1
0
1
0
-3
-3
-1
0
-2
-3
2
-1
-4
0
3
1
0
0
2
2
4
3
0
5
1
0
-1
1
-3
2
1
0
-1
0
-1
3
-1
-3
1
3
4
2
2
6
1
0
0
-1
-1
0
4
4
1
2
1
1
-1
0
2
2
0
1
2
4
1
0
2
4
2
2
4
1
3
0
-1
2
0
1
3
1
1
1
-2
-2
-2
-3
-2
-2
-1
-1
-1
-1
-2
-2
-2
-3
-4
-1
-2
-2
-3
-3
-1
0
-1
0
2
2
-1
-2
-3
-2
-2
-1
-2
0
0
-1
0
-1
-2
-1
1
0
1
0
-1
0
0
1
1
1
-1
-3
0
0
-1
0
1
2
1
-1
-1
0
0
-1
-1
-2
0
1
0
0
2
2
1
1
0
-1
-2
1
2
-3
-1
3
3
-2
0
4
2
-2
1
5
3
2
4
4
3
4
6
4
1
0
0
2
4
4
2
4
5
-1
-5
0
2
1
2
3
2
0
0
-1
-2
1
3
3
1
-1
-3
-3
-3
-1
0
0
-1
-1
0
0
0
1
1
1
1
0
0
0
1
0
0
0
0
0
-2
0
1
2
2
2
2
3
2
-2
-1
2
2
0
-1
-2
3
2
-3
-1
2
2
3
0
-1
-1
-3
-2
-1
-1
-1
-2
-2
-1
-1
-3
-2
-2
-1
-2
-2
-4
-2
-2
-3
-4
-5
-2
-2
-3
-3
-3
-2
-1
-1
-1
-2
-3
-4
-3
-2
-1
0
-1
-2
-2
0
1
2
2
1
0
-1
0
0
-1
0
1
2
2
2
2
3
5
8
7
5
4
3
2
3
2
3
3
3
4
4
4
3
4
4
3
3
3
3
0
0
0
2
4
4
2
1
0
0
0
1
2
3
3
1
1
-1
0
-1
-1
-1
-2
-3
-4
-4
-3
0
0
1
0
-1
-2
-1
0
1
2
1
0
1
0
0
-1
-1
0
1
1
0
0
-2
-1
0
2
1
0
-1
-1
0
1
2
3
1
-1
-2
-3
-2
0
0
2
4
0
1
1
0
4
4
0
-1
-3
-1
2
0
0
0
-1
-3
-4
-3
-3
-4
-3
-1
0
1
-1
-2
-3
-3
-1
0
1
0
-2
-1
2
1
1
2
0
0
3
4
2
0
4
2
-1
-3
-3
-4
-4
-4
-4
-1
0
0
0
0
0
0
0
0
0
-1
1
0
2
-1
-3
1
1
-1
2
0
-3
3
-1
-1
4
1
0
1
0
1
1
1
1
1
0
0
-2
2
1
-1
1
3
0
-2
2
2
0
1
4
2
1
5
6
4
4
3
1
1
2
2
3
3
3
2
1
2
1
0
0
0
0
0
-1
-1
-1
0
1
1
1
1
1
2
1
-1
-3
-4
-3
-1
-2
-4
-4
-3
-2
-2
-3
-3
-2
-2
-4
-2
0
1
0
0
2
2
0
-2
0
1
3
-1
0
0
-2
-2
-2
-4
0
0
-2
-1
-3
-4
-2
-2
-1
1
2
2
2
0
1
0
2
3
2
1
2
1
0
-2
-3
-1
1
1
1
1
3
3
2
1
0
0
-2
-1
-1
-1
1
1
0
-1
-1
1
1
-1
1
2
4
3
2
1
1
-1
-2
-2
-2
-3
-2
0
0
0
-2
0
1
1
0
0
0
-1
-1
0
1
1
0
0
0
0
3
4
3
0
0
-4
-3
-1
-1
1
1
0
1
-1
0
-2
-1
0
1
1
5
1
0
2
-2
2
6
0
5
2
-2
2
1
-1
5
3
4
5
2
3
4
4
3
-1
-2
0
0
0
0
4
4
-1
0
-1
-2
-3
-2
-3
-3
-1
1
-1
-3
-1
-1
-2
-1
0
-5
-6
-2
-4
-7
-2
1
-4
-4
0
0
-2
-3
1
2
0
0
1
0
1
0
1
0
-1
0
2
0
0
2
3
5
4
3
5
4
3
2
2
1
2
0
0
2
0
0
1
3
2
3
1
1
0
1
3
2
2
0
-1
2
1
-1
2
-1
-3
0
-4
-5
-1
-1
1
2
-2
-3
3
2
-1
-1
0
2
0
-4
-3
-2
-2
-3
-3
-2
-2
-1
0
1
0
1
2
2
4
2
-1
1
3
4
2
0
1
1
0
0
-2
1
0
1
2
2
2
0
-1
-3
-3
-5
-4
-5
-4
-3
-3
-2
-3
-1
0
0
-1
1
-1
1
1
1
2
3
1
1
2
1
-1
1
4
0
0
2
1
-3
0
1
-1
0
3
2
2
5
5
1
-1
1
2
1
-1
-1
1
3
2
-1
0
1
-1
1
-1
-1
-1
-3
-3
-3
-4
-4
-4
-3
-2
-2
0
1
0
0
1
1
0
1
1
1
-1
1
0
0
-2
-2
0
0
-1
-1
1
2
1
0
0
0
1
-1
-1
0
1
0
1
0
0
-1
-2
-1
-1
-1
-1
0
1
1
1
0
-3
-4
-4
0
0
-2
-3
-4
-3
-4
-4
-4
-2
1
-2
-1
2
-1
0
0
-1
2
5
2
5
2
3
4
0
1
0
1
2
0
5
0
3
7
3
2
-1
5
3
-1
2
2
4
1
-1
0
0
-3
-2
1
0
-1
0
1
0
0
1
1
-1
0
0
0
-1
-4
-2
0
2
1
-1
-2
-1
-1
-1
0
1
2
1
-1
-1
0
0
0
1
1
0
-1
-1
-1
-1
0
-1
-1
1
0
0
0
2
4
3
1
0
1
2
0
1
3
7
6
4
4
5
5
3
1
1
2
2
1
1
-1
0
1
3
2
1
-1
1
0
-2
-1
1
1
-1
-4
-2
-1
1
0
1
0
-1
0
0
-3
-4
-2
0
-3
-4
-4
-1
-1
-1
-1
1
2
0
-1
-1
-1
-1
1
0
2
2
2
2
0
0
0
1
3
3
3
1
0
1
1
1
2
2
1
1
0
1
0
0
0
1
2
1
0
-1
-1
0
1
1
1
0
0
-1
0
0
-1
-2
-3
-3
-3
-3
-2
0
1
2
0
0
-1
0
-1
1
3
2
1
0
-1
-1
-1
0
0
1
1
0
-1
-1
1
2
1
-1
-3
-2
-1
-2
1
5
5
2
1
1
0
1
4
5
2
2
1
1
1
1
0
1
0
1
-2
-5
-3
-2
-4
2
2
1
4
-2
-4
0
-3
-2
2
-4
-4
-2
-2
-1
2
2
0
1
0
0
1
2
2
4
3
2
3
2
1
1
0
1
-1
2
0
0
0
2
3
5
6
5
3
3
4
3
3
4
2
0
-1
-3
-2
-1
1
0
1
-1
-2
-3
-4
-3
-3
0
3
3
3
0
-3
-2
-1
0
1
1
1
-1
-3
-4
-3
-2
-5
-3
-3
-3
-3
-3
0
1
1
2
2
5
3
-3
-3
3
6
6
3
1
0
-2
-2
-2
1
0
1
1
-1
-1
1
3
2
-1
0
3
4
2
2
5
8
6
4
4
4
3
1
-2
-3
2
3
3
1
-1
-2
-4
-5
-6
-6
-3
0
3
0
-1
-1
1
3
6
8
8
4
-2
-3
-1
-1
-6
-7
-2
2
1
-3
-8
-5
3
8
9
5
2
2
4
4
5
5
3
0
0
4
5
3
-3
-7
-8
-4
-1
-2
-4
-7
-5
-2
0
0
-2
-2
3
6
5
5
1
0
-1
-1
-1
-3
-6
-5
-5
-6
-7
-7
-4
-2
-3
-5
-4
0
3
7
10
10
8
10
8
3
-2
-2
2
4
3
0
2
1
2
-4
-7
1
2
3
-2
0
8
0
-4
4
15
8
-1
7
9
3
0
7
8
-2
-4
-5
-13
-14
-5
-3
-6
-1
-10
-7
-5
-3
2
-2
15
2
6
19
-15
12
11
-37
19
31
-47
-22
31
-23
-54
30
32
-60
-24
36
-10
-38
43
54
-28
2
49
-6
-56
4
27
-23
-1
35
40
-28
-14
51
-33
-29
8
-33
-47
-44
6
12
0
26
32
44
-10
-14
48
27
20
60
69
-16
-82
-105
-187
-224
-114
82
225
189
-19
-125
38
177
91
-27
-3
51
23
10
28
-11
-36
3
-24
-23
104
59
-122
-145
10
109
20
-105
-222
-241
-224
-201
29
306
401
214
-10
5
22
1
42
119
116
-58
-96
26
52
-66
-194
-105
60
102
70
89
55
-101
-87
50
13
-87
-57
-43
-85
-29
81
80
-16
-24
39
19
-33
-17
39
27
-108
-207
-106
51
66
5
31
93
89
106
148
65
-25
-21
20
47
31
17
-35
-75
-34
-11
-88
-178
-86
78
71
-31
-17
80
36
-88
-74
24
4
-81
-12
88
45
-51
-50
43
38
-49
-57
38
113
41
-21
2
1
-29
-32
20
11
-39
-1
38
39
23
28
26
-24
-4
54
50
-20
-79
-57
-14
-18
-53
-34
16
-1
-59
-24
81
98
6
-51
-6
19
-17
-58
-27
9
-23
-34
-4
32
-9
-32
26
47
10
-39
16
69
-3
-31
10
31
40
32
29
37
-3
-4
22
6
2
-1
21
8
-55
-75
-46
-3
-26
-56
-7
17
4
-9
-5
23
14
-17
-28
-7
4
-15
6
47
16
-62
-54
19
41
20
37
82
58
2
-22
-21
12
16
-14
-7
12
4
-18
-16
-1
-4
5
36
32
10
-16
-64
-68
-34
-14
-1
30
50
12
-22
-22
-7
17
51
77
35
0
-5
-20
-13
-25
-24
27
25
-5
24
59
45
11
9
12
-42
-60
23
50
-3
-48
-63
-29
-31
-48
10
32
15
12
10
17
-29
-68
-25
4
1
2
1
5
-14
-32
-14
38
84
76
27
-24
-55
-78
-68
-11
4
-1
5
-26
-28
16
44
62
52
19
20
14
-20
-15
0
-31
-73
-63
-7
11
0
29
61
23
-25
-19
30
48
-9
-24
4
-23
-51
-46
-46
-33
-16
6
24
23
92
114
10
-50
-32
-17
-55
-46
27
34
-37
-93
-45
0
-20
-11
50
75
42
34
56
38
-11
-9
4
7
8
-17
-45
-76
-60
-25
3
59
60
31
14
-8
-13
-17
42
30
-109
-100
39
92
41
7
40
54
49
86
102
57
5
-30
-28
-53
-112
-104
-72
-93
-87
11
80
68
57
99
125
40
-7
18
41
6
-76
-82
-63
-48
-21
-10
61
83
-22
-126
-112
18
99
78
23
37
44
-97
-153
40
191
70
-79
-43
25
-33
-143
-117
-65
-102
-151
-124
13
71
-37
-133
-56
174
284
220
193
153
-12
-172
-139
-28
-102
-207
-207
-217
-198
-92
46
64
-8
16
71
104
162
213
194
16
-160
-76
47
-69
-299
-358
-191
-54
-23
74
185
156
-7
-72
130
269
172
66
49
5
-117
-87
133
201
7
-136
-16
220
358
273
84
31
76
23
8
99
42
-116
-182
-123
2
108
136
107
163
250
209
181
243
201
-9
-258
-308
-117
19
-23
-111
-41
111
88
65
212
305
168
-15
-1
68
4
-89
-125
-110
-38
-28
-139
-132
11
6
-107
-144
-54
27
-12
-78
-34
138
110
-193
-342
-234
-138
-178
-192
-111
-123
-215
-270
-181
-57
-135
-273
-282
-192
-45
131
203
85
-154
-383
-445
-326
-155
-40
-39
-72
-56
31
196
327
321
220
130
108
181
185
5
-192
-398
-563
-509
-263
-87
-86
-74
-23
54
163
260
297
241
105
54
190
261
118
-112
-236
-242
-255
-122
103
169
94
20
46
180
249
157
85
78
0
-64
27
177
177
36
-32
50
163
206
231
226
182
185
215
249
251
220
167
37
-47
-22
46
96
113
236
418
451
410
338
213
173
141
91
158
203
120
25
24
91
122
216
336
317
281
310
322
232
86
12
-16
-39
40
254
394
293
155
164
134
3
-26
-3
-160
-479
-691
-606
-409
-328
-267
-137
-102
-219
-252
-133
-138
-348
-501
-546
-678
-929
-1251
-1668
-2151
-2581
-2870
-2955
-2798
-2492
-2077
-1590
-1083
-597
-90
408
748
917
914
804
622
390
249
84
-143
-270
-223
-86
32
237
594
930
1147
1349
1614
1859
1926
1864
1858
1761
1440
1165
1134
1136
967
814
899
1100
1233
1376
1637
1801
1745
1704
1759
1675
1411
1250
1102
829
650
611
640
725
895
1102
1230
1365
1457
1385
1313
1229
998
623
205
-134
-521
-941
-1129
-1045
-881
-772
-651
-608
-792
-1144
-1550
-1935
-2448
-3258
-4343
-5658
-7083
-8251
-8757
-8547
-7787
-6515
-4732
-2705
-752
998
2445
3372
3638
3350
2715
1934
1148
315
-596
-1377
-1880
-2154
-2171
-1892
-1402
-809
-226
315
994
1819
2461
2779
2957
3052
2911
2547
2179
1794
1272
714
292
115
184
377
622
890
1157
1422
1577
1589
1591
1581
1461
1244
1043
963
875
674
533
514
485
471
612
917
1230
1466
1644
1752
1772
1677
1378
970
638
316
-62
-290
-295
-264
-197
99
485
634
646
781
906
838
705
545
298
46
-110
-190
-245
-258
-295
-451
-580
-493
-291
-108
189
701
1200
1470
1619
1664
1354
639
-261
-1260
-2481
-3881
-5229
-6640
-8420
-10200
-11187
-11097
-10067
-8086
-5184
-1943
875
3099
4936
6298
6815
6361
5149
3497
1688
-4
-1400
-2472
-3253
-3718
-3859
-3741
-3304
-2424
-1324
-441
223
1028
1970
2703
3158
3521
3708
3472
2935
2473
2154
1710
1046
450
192
203
263
330
535
826
922
801
836
1148
1338
1225
1159
1323
1410
1295
1254
1321
1222
1003
986
1145
1294
1519
1839
1983
1866
1676
1410
934
376
-4
-144
-164
-188
-104
265
779
1144
1372
1611
1710
1518
1189
895
560
100
-390
-828
-1227
-1537
-1598
-1415
-1143
-747
-120
560
1116
1679
2152
2083
1459
742
-28
-1197
-2741
-4453
-6550
-9254
-12016
-13720
-13667
-11995
-9169
-5552
-1729
1587
4224
6496
8284
8971
8308
6661
4516
2320
526
-780
-1973
-3248
-4386
-5155
-5435
-5077
-4205
-3295
-2603
-1840
-551
1331
3341
4916
5907
6338
6037
5065
3950
2949
1713
77
-1422
-2182
-2198
-1884
-1468
-936
-468
-331
-321
84
923
1701
2137
2356
2502
2544
2499
2434
2224
1656
775
-73
-612
-774
-587
-214
47
90
155
395
649
715
668
665
650
501
432
711
1152
1339
1322
1403
1498
1403
1252
1186
993
538
-1
-436
-720
-819
-830
-999
-1270
-1293
-982
-515
167
1196
2340
3278
4018
4603
4749
4168
2954
1396
-387
-2378
-4451
-6597
-9094
-11917
-14289
-15289
-14460
-11771
-7695
-3266
619
3780
6417
8546
9877
10038
8943
6882
4288
1700
-346
-1769
-3041
-4477
-5849
-6741
-6881
-6220
-5089
-3997
-2969
-1552
393
2560
4700
6429
7088
6627
5827
5116
4178
2858
1411
7
-1244
-2108
-2421
-2273
-2072
-2131
-2247
-2037
-1448
-569
524
1526
2205
2690
3077
3278
3321
3142
2421
1197
-43
-978
-1561
-1611
-978
77
1048
1602
1675
1388
961
645
530
494
467
527
725
937
1121
1415
1729
1651
1109
703
818
1095
1117
984
828
536
126
-193
-429
-855
-1535
-2044
-1880
-977
361
1820
3186
4405
5532
6304
6207
5238
3790
1841
-666
-3087
-4970
-6959
-9701
-12759
-15302
-16774
-16419
-13537
-8780
-4014
-325
2766
5810
8423
10082
10671
10001
7891
4860
1970
-97
-1433
-2720
-4586
-6801
-8234
-8203
-7430
-6746
-5899
-4345
-2269
86
2858
5765
7797
8267
7677
6795
6030
4953
3259
1566
251
-804
-2038
-3016
-3046
-2759
-2918
-3515
-3527
-2524
-1269
53
1647
3545
5026
5489
5532
5364
4683
3279
1585
207
-926
-1652
-1830
-1602
-1092
-453
166
560
708
600
264
-37
46
628
1432
1999
2034
1806
1812
2063
2038
1430
532
-199
-566
-616
-518
-532
-742
-1030
-1241
-1344
-1318
-1209
-1180
-1209
-888
113
1472
2667
3666
4621
5283
5452
5484
5565
4994
3243
975
-971
-2666
-4323
-5471
-6200
-7628
-10184
-12828
-14591
-15095
-13615
-9691
-4340
185
3079
5318
7509
9266
9718
9027
7458
4926
2108
41
-701
-1032
-2238
-4459
-6734
-7898
-7789
-7087
-6320
-5311
-3681
-1514
840
3388
6167
8193
8240
6818
5782
5641
5065
3458
1832
652
-864
-2765
-3878
-3860
-3854
-4518
-4952
-4086
-2100
34
1834
3417
4668
5156
5005
4790
4504
3672
2323
996
-37
-757
-1101
-1088
-973
-956
-966
-996
-1231
-1501
-1191
-183
907
1826
2927
4022
4361
3756
2775
1927
1205
309
-742
-1362
-1108
-349
258
473
318
-184
-865
-1390
-1554
-1441
-1252
-879
10
1294
2402
3044
3386
3564
3558
3351
3076
3003
3139
2998
2292
1436
687
-457
-2210
-3881
-5190
-6890
-9315
-11772
-13798
-15264
-15141
-12199
-7134
-2256
1011
3127
4993
6589
7451
7673
7533
6759
5138
3356
2271
1779
965
-1021
-4207
-7407
-9039
-8915
-8303
-7701
-6223
-3686
-1149
1160
4014
6877
7965
7004
5853
5889
6356
5927
4632
3338
2060
224
-1814
-3011
-3351
-3945
-5169
-5771
-4559
-2164
-117
1232
2551
3769
4180
3912
3748
3742
3329
2487
1707
1179
741
226
-632
-1989
-3259
-3500
-2622
-1336
-21
1243
2007
2170
2555
3538
4215
3750
2492
1298
717
705
708
302
-324
-818
-1094
-1103
-859
-628
-641
-741
-544
92
892
1436
1606
1575
1456
1296
1313
1665
2103
2349
2642
3292
4042
4411
4225
3448
1989
-21
-2089
-3646
-4622
-5680
-7461
-9739
-11971
-14079
-15573
-14950
-11345
-6166
-1744
1209
3608
5962
7768
8610
8799
8690
7824
5904
3913
2887
2356
889
-2126
-5815
-8814
-10164
-10035
-9652
-9012
-6975
-4101
-1711
651
3742
6405
7149
6589
6667
7719
8217
7328
5898
4723
2930
123
-2435
-3714
-4061
-4782
-5818
-5823
-4247
-2157
-1053
-403
777
2031
2711
3057
3947
5014
5393
5121
4612
4124
3046
1355
-440
-1981
-2895
-3181
-2457
-1056
330
1349
1567
1350
1153
1268
1429
1031
663
1011
1793
2367
2339
1893
1159
311
-283
-687
-1070
-1442
-1663
-1753
-1715
-1380
-870
-482
-398
-139
530
1228
2051
2984
3639
3558
3240
3680
4304
4311
3834
3251
2211
39
-2364
-4036
-5289
-6650
-7947
-8604
-9326
-10868
-12559
-13081
-11311
-7568
-3130
632
3030
4489
5225
5609
6047
6441
6563
5829
4359
2977
2239
1526
-560
-4015
-7708
-10290
-10778
-9504
-7603
-5538
-3134
-999
274
1449
3211
4616
4772
4615
5420
6819
7496
7138
6348
5033
2559
-595
-2899
-3745
-4070
-4678
-5059
-4400
-2986
-1767
-995
-167
858
1622
2075
2931
4487
5932
6435
6194
5745
4989
3683
2124
746
-423
-1373
-1799
-1646
-1387
-1468
-1840
-2158
-2023
-1177
189
1490
2337
2821
3190
3430
3346
2775
1639
150
-1012
-1306
-1136
-1307
-1861
-2285
-2520
-2699
-2462
-1581
-598
46
779
1960
3084
3625
3722
3642
3447
3275
3270
3237
2923
2357
1443
-62
-1866
-3197
-3793
-4174
-4664
-5008
-5320
-6152
-7628
-9250
-10201
-9858
-7870
-4231
-261
2105
2618
2500
2654
3104
3412
3435
3391
3382
3341
3131
2647
1629
-463
-3474
-5950
-6510
-5371
-3903
-2997
-2553
-2270
-2098
-1851
-1103
176
1373
2147
3025
4534
6184
6773
5794
3981
2310
1060
148
-207
95
281
-374
-1405
-1903
-1735
-1706
-2249
-2456
-1582
-87
1537
3128
4406
4951
4500
3506
2821
2721
2858
2836
2515
1929
1121
272
-482
-1268
-2033
-2500
-2594
-2221
-1193
-8
357
-102
-378
5
683
1334
1820
2047
2105
2033
1586
669
-362
-1135
-1623
-1815
-1500
-806
-411
-520
-414
225
699
762
1203
2234
2996
3149
3330
3734
3714
3035
2267
1638
672
-619
-1363
-1280
-1237
-1838
-2791
-4023
-6008
-8645
-10977
-11871
-10575
-7304
-3612
-1385
-1130
-1633
-1628
-900
301
1875
3751
5279
5933
6011
5744
4853
3085
406
-2157
-3009
-2434
-1929
-2682
-4300
-5482
-6278
-6635
-6023
-4535
-2870
-1497
105
2197
4084
4809
4477
4058
4065
4460
4883
5187
5226
4554
2930
711
-957
-1820
-2632
-3503
-3752
-2721
-1242
-187
524
846
769
585
1088
2297
3310
3840
4168
4234
3539
2220
827
-454
-1466
-1781
-1001
191
750
560
-49
-610
-919
-779
28
969
1619
1686
1396
1333
1048
449
-586
-1729
-1897
-1185
-193
344
390
266
41
102
690
1720
2471
2595
2530
2619
2727
2573
2357
2197
1886
1486
1390
1425
842
-326
-1200
-1453
-1705
-2373
-3302
-4571
-6505
-8794
-10374
-10353
-8737
-6390
-4448
-3598
-3699
-3907
-3299
-1554
906
3316
5202
6336
6560
6019
5248
4339
2829
813
-727
-933
-574
-834
-2030
-3731
-5036
-5659
-5486
-4733
-3800
-2730
-1689
-528
682
1549
1999
2403
3275
4438
5303
5484
5151
4573
3770
2898
2149
1829
1797
1437
868
602
800
753
-328
-1593
-2219
-2268
-2015
-1666
-984
-555
-517
-307
255
1149
1783
2234
2718
3246
3766
4005
4134
4011
3394
2217
745
-457
-1258
-1736
-2017
-2212
-2442
-2604
-2407
-1947
-1698
-1856
-2030
-1843
-1103
98
1095
1490
1415
1500
1979
2492
2898
2833
2376
1836
1581
1942
2488
2737
2332
1532
945
676
361
-369
-1280
-1851
-2115
-2429
-2702
-3058
-3910
-5574
-7461
-8389
-8291
-7269
-5428
-3391
-2177
-2647
-3778
-3900
-2649
-560
1528
3117
4008
3879
3214
2785
2705
2713
2091
1205
1062
1628
1950
914
-1093
-2756
-3388
-3163
-2627
-2006
-1566
-1849
-2801
-3472
-3043
-1736
-380
676
1740
2932
3888
4189
4170
4382
4540
4360
4215
4448
4796
4293
2669
1065
12
-919
-1871
-2572
-2755
-2827
-3135
-3188
-2927
-2609
-2006
-1154
-261
564
1301
2207
3074
3485
3738
4117
4343
4022
3095
2052
1270
682
266
93
-6
-464
-1517
-2667
-3254
-3295
-3319
-3486
-3322
-2493
-1330
-314
495
1172
1549
1655
2083
3131
4122
4342
4126
4129
4261
4100
3702
3224
2428
1185
-19
-680
-1013
-1439
-1742
-1655
-1657
-2301
-3422
-4597
-5941
-7545
-8674
-8518
-6963
-4733
-3134
-2997
-4124
-5370
-5242
-3479
-1019
1265
2638
2934
2741
2580
2941
3861
4563
4521
3924
3496
3559
3068
1229
-967
-2186
-2310
-2047
-1803
-1755
-2493
-4199
-5756
-5764
-4190
-2289
-1019
-207
620
1412
1870
2170
2764
3634
4300
4671
5186
5861
5915
4882
3442
2516
2071
1570
947
363
-465
-1777
-3119
-3895
-4120
-4037
-3660
-3080
-2523
-1905
-989
117
1156
2150
3161
3975
4335
4243
3930
3648
3441
3137
2722
2390
1981
953
-578
-1716
-2098
-2332
-2830
-3253
-3245
-2889
-2319
-1576
-846
-414
-266
46
878
2004
2837
3114
3109
3276
3777
4307
4443
4027
3184
2237
1629
1499
1366
735
-157
-873
-1577
-2656
-3909
-4993
-6105
-7398
-8336
-8393
-7745
-6807
-5859
-5402
-5932
-6941
-6907
-4979
-2140
78
1308
1914
1960
1726
2067
3339
4866
5764
5789
5461
5361
5183
4254
2803
1691
1140
755
152
-970
-2665
-4525
-5967
-6453
-5676
-4207
-3368
-3648
-4064
-3673
-2673
-1542
-85
1888
3771
4852
5371
6070
6839
6764
5750
5002
5144
5142
4148
2793
1716
488
-1115
-2226
-2460
-2663
-3309
-3908
-3978
-3636
-3176
-2499
-1672
-1056
-533
103
897
1838
2515
2838
3068
3018
2939
3263
3450
2960
2039
1297
1030
785
132
-694
-1253
-1362
-1302
-1314
-1316
-1471
-1994
-2378
-1823
-442
743
1148
1164
1353
1840
2364
2607
2554
2456
2412
2488
2819
3106
2746
1837
1069
627
173
-426
-1121
-2016
-3331
-4958
-6196
-6565
-6527
-6578
-6531
-6595
-7479
-8683
-8715
-7229
-5190
-3328
-1801
-780
-350
39
1305
3589
5704
6484
6277
6188
6386
6254
5664
5017
4494
4020
3527
2732
1227
-894
-2894
-4077
-4299
-3996
-3842
-4207
-4875
-5346
-5243
-4520
-3484
-2424
-1350
-301
563
1382
2382
3351
4011
4616
5438
6093
6065
5480
4851
4271
3536
2772
2251
1836
1150
309
-300
-724
-1327
-2066
-2623
-2908
-3020
-2978
-2557
-2076
-1815
-1599
-1238
-639
-218
232
1015
1813
2278
2292
2399
2695
2840
2838
2907
2986
2598
1780
1067
528
-294
-1251
-1527
-977
-492
-731
-1236
-1329
-1009
-614
-204
357
997
1355
1246
1105
1407
1943
2070
1768
1552
1504
1125
353
-322
-910
-1685
-2805
-3861
-4580
-5075
-5055
-4725
-4698
-5665
-7290
-8023
-7217
-5412
-3698
-2680
-2433
-2783
-2918
-2043
-254
1455
2315
2519
2816
3499
4243
4762
5034
5138
5174
5206
4951
3968
2436
1187
714
684
535
-50
-1296
-3151
-4832
-5353
-4724
-3896
-3482
-3313
-3154
-3032
-2748
-1957
-809
193
992
1971
3164
4093
4469
4513
4560
4694
4829
4845
4569
3904
3023
2247
1661
1058
310
-476
-1192
-1785
-2149
-2307
-2586
-3165
-3549
-3041
-1751
-564
-41
101
253
391
530
993
1783
2363
2389
2166
2123
2235
2207
1973
1678
1398
1144
980
918
841
722
690
779
853
776
523
216
80
141
144
-12
-102
-72
-208
-527
-610
-390
-409
-879
-1297
-1415
-1732
-2524
-3303
-3633
-3662
-3575
-3446
-3798
-5095
-6519
-6551
-5035
-3400
-2740
-2893
-3380
-3858
-3673
-2218
43
1778
2292
2195
2402
3010
3533
3793
4027
4373
4615
4428
3731
2807
2027
1573
1442
1441
1129
149
-1252
-2330
-2627
-2332
-1886
-1621
-1724
-2202
-2802
-3140
-2899
-2062
-1092
-488
-140
396
1089
1562
1838
2284
2953
3515
3782
3939
4096
4062
3815
3650
3601
3256
2408
1376
580
151
-102
-460
-969
-1413
-1686
-1851
-1876
-1641
-1223
-867
-727
-759
-778
-554
-21
625
1122
1346
1282
1048
891
952
1122
1275
1385
1416
1374
1302
1158
983
997
1188
1258
1131
1027
996
836
464
143
174
369
293
60
45
10
-492
-1230
-1826
-2522
-3617
-4758
-5332
-5182
-4735
-4617
-5175
-6240
-7172
-7165
-5864
-3927
-2553
-2284
-2572
-2574
-1890
-535
1169
2534
2946
2596
2308
2552
3009
3171
3082
3167
3441
3394
2766
1980
1559
1548
1700
1849
1807
1248
117
-989
-1343
-1026
-818
-1114
-1608
-2024
-2482
-2951
-3000
-2450
-1756
-1358
-1076
-556
68
474
814
1462
2335
3007
3380
3678
3940
4013
3914
3804
3632
3208
2567
1978
1605
1363
1044
493
-242
-879
-1150
-1144
-1139
-1135
-931
-663
-736
-1139
-1327
-984
-397
70
401
645
703
552
430
515
670
693
640
722
926
1008
908
932
1278
1652
1672
1438
1285
1205
1026
946
1221
1503
1279
780
595
581
61
-1014
-2040
-2801
-3613
-4466
-4831
-4541
-4240
-4710
-6006
-7381
-7937
-7298
-5778
-4119
-3101
-3022
-3393
-3377
-2455
-699
1224
2378
2419
2042
2140
2833
3624
4100
4205
4107
3923
3630
3244
2918
2688
2428
2196
2095
1789
927
-104
-635
-685
-771
-1084
-1555
-2246
-2998
-3371
-3118
-2491
-2020
-1930
-2049
-1981
-1427
-706
-61
703
1365
1815
2370
2895
3184
3450
3985
4605
4603
3994
3458
2962
2423
2212
2259
2126
1501
462
-490
-1013
-1103
-895
-623
-448
-495
-930
-1615
-1945
-1468
-557
81
289
229
-4
-167
10
389
604
588
519
546
758
1094
1301
1313
1380
1604
1719
1565
1363
1294
1253
1254
1456
1625
1273
542
116
177
175
-345
-1268
-2277
-3235
-4108
-4666
-4621
-4269
-4511
-5769
-7292
-7919
-7245
-5812
-4466
-3758
-3779
-4245
-4469
-3641
-1653
490
1617
1621
1335
1439
1997
2830
3709
4265
4284
3999
3742
3495
3217
3093
3145
3096
2813
2340
1590
653
76
121
196
-312
-1180
-1957
-2641
-3213
-3242
-2625
-2027
-2074
-2544
-2766
-2403
-1641
-833
-115
582
1198
1529
1686
2035
2624
3206
3718
4156
4253
3819
3136
2650
2563
2748
2826
2462
1710
905
284
-79
-140
31
123
-178
-814
-1440
-1779
-1744
-1328
-723
-377
-567
-996
-1135
-851
-470
-231
-59
97
177
331
786
1328
1485
1338
1430
1866
2208
2250
2166
2026
1839
1800
1937
1847
1309
708
406
231
-107
-671
-1518
-2670
-3820
-4499
-4598
-4423
-4277
-4433
-5233
-6565
-7435
-6925
-5399
-4076
-3647
-3881
-4216
-4144
-3289
-1628
286
1505
1478
774
640
1606
2977
3913
4328
4402
4111
3597
3266
3336
3634
3836
3682
3221
2714
2138
1311
515
174
81
-286
-985
-1702
-2294
-2743
-2819
-2330
-1680
-1616
-2259
-2849
-2694
-1919
-1025
-261
340
719
871
1017
1419
2054
2620
2909
2984
2971
2866
2667
2531
2641
2923
3073
2908
2462
1813
1077
578
607
1009
1249
930
117
-726
-1128
-1004
-627
-350
-462
-1061
-1771
-1960
-1508
-949
-683
-576
-470
-443
-393
-50
461
718
753
983
1426
1736
1849
1900
1873
1854
2100
2471
2429
1800
1052
683
644
512
31
-789
-1925
-3181
-4018
-4144
-3927
-3881
-4331
-5475
-6980
-7810
-7244
-5767
-4497
-4092
-4383
-4786
-4791
-3983
-2180
-32
1205
1050
397
383
1286
2664
3932
4662
4685
4164
3558
3314
3490
3767
3863
3711
3341
2772
2051
1270
597
194
15
-182
-526
-963
-1506
-2158
-2585
-2378
-1748
-1443
-1766
-2212
-2247
-1911
-1407
-710
83
506
345
88
315
936
1478
1846
2226
2520
2504
2343
2362
2524
2626
2685
2763
2743
2472
1966
1441
1205
1339
1569
1516
988
82
-780
-1095
-771
-263
-105
-458
-1075
-1564
-1655
-1354
-876
-508
-442
-595
-624
-327
51
199
247
541
1038
1405
1535
1562
1525
1480
1644
2040
2253
1939
1320
840
623
473
166
-432
-1354
-2421
-3282
-3674
-3646
-3507
-3684
-4528
-5905
-7002
-6993
-5953
-4776
-4148
-4060
-4227
-4419
-4222
-3133
-1376
-48
130
-242
-95
801
1927
2864
3529
3853
3766
3488
3475
3841
4140
4001
3653
3502
3561
3504
3028
2136
1198
581
329
300
320
90
-672
-1751
-2440
-2312
-1742
-1427
-1563
-1813
-1943
-1942
-1681
-1065
-468
-348
-518
-403
96
617
1011
1385
1725
1965
2195
2440
2548
2494
2460
2567
2723
2789
2696
2464
2140
1802
1509
1264
1005
655
237
-88
-198
-198
-334
-622
-863
-933
-866
-734
-661
-782
-1030
-1149
-963
-551
-207
-148
-234
-132
246
705
1098
1334
1298
1088
1095
1487
1893
1893
1612
1395
1190
733
144
-309
-799
-1636
-2551
-3021
-3077
-3183
-3500
-3938
-4626
-5608
-6326
-6132
-5209
-4367
-4058
-4149
-4446
-4775
-4689
-3747
-2218
-957
-441
-352
-150
370
1110
1900
2619
3205
3617
3900
4198
4481
4518
4237
3909
3828
3964
3898
3215
2115
1263
905
775
793
953
784
-165
-1453
-2135
-1913
-1421
-1246
-1232
-1152
-1311
-1823
-2068
-1634
-1030
-816
-820
-647
-356
-228
-203
62
623
1131
1367
1518
1757
1975
1979
1770
1597
1733
2116
2391
2358
2150
1911
1638
1346
1172
1195
1278
1123
605
-42
-430
-427
-242
-187
-374
-742
-1171
-1460
-1346
-858
-458
-485
-679
-553
-58
455
755
930
1065
1111
1112
1285
1605
1721
1462
1083
837
660
469
375
323
-60
-931
-1862
-2393
-2624
-2804
-2877
-2923
-3472
-4635
-5632
-5750
-5226
-4664
-4297
-4216
-4579
-5082
-4987
-4013
-2690
-1624
-959
-568
-270
153
799
1512
2139
2751
3416
3955
4180
4148
3984
3725
3503
3553
3806
3846
3395
2646
1953
1450
1095
924
942
843
290
-515
-1038
-1165
-1201
-1232
-1084
-874
-966
-1341
-1558
-1417
-1195
-1068
-854
-481
-191
-89
10
178
274
357
677
1207
1636
1803
1801
1772
1882
2212
2537
2592
2453
2323
2189
1953
1683
1500
1361
1113
728
386
188
-2
-263
-526
-795
-1078
-1222
-1138
-920
-679
-521
-550
-661
-603
-375
-173
-12
243
510
574
488
532
790
1035
1103
1091
1096
1012
762
520
488
538
304
-318
-1043
-1636
-2141
-2516
-2569
-2494
-2914
-4031
-5200
-5680
-5425
-4885
-4413
-4172
-4299
-4713
-4928
-4484
-3504
-2496
-1780
-1331
-959
-460
213
888
1451
2077
2853
3450
3627
3661
3825
3900
3682
3476
3602
3802
3623
3088
2568
2157
1670
1168
961
1007
873
384
-140
-390
-417
-479
-661
-860
-1077
-1416
-1722
-1671
-1325
-1131
-1278
-1493
-1538
-1421
-1131
-591
51
452
477
347
435
926
1671
2306
2581
2531
2334
2118
1995
2070
2260
2315
2092
1756
1522
1355
1081
702
405
295
271
184
6
-210
-443
-724
-932
-852
-513
-246
-273
-466
-621
-722
-728
-435
139
506
327
-39
-36
310
595
687
713
683
538
382
380
509
514
135
-620
-1434
-1951
-2056
-1893
-1751
-2018
-2940
-4225
-5125
-5187
-4697
-4175
-3858
-3855
-4219
-4656
-4639
-3986
-2997
-2092
-1490
-1132
-767
-230
422
1052
1585
2008
2332
2632
3062
3626
3992
3862
3476
3356
3587
3781
3715
3535
3315
2903
2323
1920
1842
1698
1109
355
-10
-23
-198
-664
-1063
-1311
-1697
-2132
-2107
-1590
-1211
-1349
-1650
-1678
-1474
-1208
-759
-84
470
619
589
717
1014
1331
1641
1925
2116
2214
2253
2204
2057
1918
1859
1778
1582
1393
1338
1287
1025
629
360
259
146
-39
-128
-66
-96
-382
-646
-543
-258
-234
-438
-465
-302
-279
-373
-250
25
60
-140
-144
176
482
540
492
475
373
152
80
304
462
129
-587
-1243
-1664
-1948
-2082
-2027
-2039
-2491
-3361
-4136
-4375
-4150
-3846
-3685
-3641
-3695
-3877
-3932
-3587
-3005
-2510
-2203
-1983
-1659
-1133
-475
131
527
813
1218
1757
2313
2862
3384
3702
3681
3539
3614
3840
3860
3633
3455
3378
3087
2494
1936
1607
1231
619
116
-8
-61
-413
-911
-1245
-1468
-1749
-1958
-1857
-1553
-1407
-1528
-1659
-1573
-1324
-1003
-610
-217
46
225
480
828
1152
1396
1581
1716
1835
1984
2100
2121
2100
2092
2036
1888
1709
1576
1476
1306
1006
693
509
422
310
161
9
-160
-350
-493
-477
-279
-99
-154
-362
-444
-333
-187
-71
38
53
-87
-206
-103
148
323
327
212
63
-57
-108
-77
-24
-117
-485
-1015
-1458
-1738
-1903
-1967
-1959
-2083
-2560
-3269
-3804
-3949
-3863
-3761
-3669
-3590
-3622
-3740
-3725
-3457
-3068
-2744
-2493
-2174
-1643
-896
-138
392
704
997
1350
1711
2156
2819
3540
3933
3906
3812
3887
3914
3708
3520
3571
3583
3248
2763
2450
2181
1636
946
528
387
135
-330
-693
-863
-1122
-1554
-1845
-1834
-1754
-1811
-1873
-1740
-1451
-1175
-958
-722
-451
-215
-41
187
606
1159
1599
1774
1795
1857
1964
1997
1980
2061
2214
2234
2037
1752
1501
1271
1045
864
738
623
443
199
12
-86
-169
-257
-323
-315
-248
-272
-370
-386
-318
-306
-356
-327
-194
-130
-129
-33
173
323
253
89
35
-6
-105
-108
61
164
-114
-685
-1186
-1565
-1933
-2188
-2181
-2018
-2101
-2617
-3178
-3413
-3459
-3560
-3656
-3606
-3513
-3480
-3388
-3104
-2739
-2524
-2512
-2475
-2152
-1512
-782
-216
163
512
874
1170
1489
2031
2681
3070
3123
3169
3401
3604
3574
3460
3451
3401
3084
2672
2484
2431
2171
1651
1166
846
472
-13
-353
-459
-586
-982
-1472
-1697
-1733
-1847
-1938
-1821
-1595
-1440
-1342
-1166
-922
-712
-505
-210
170
585
968
1245
1384
1492
1683
1897
2027
2115
2215
2225
2046
1800
1684
1678
1605
1414
1153
841
474
163
59
121
114
-73
-291
-363
-360
-453
-596
-592
-433
-295
-235
-137
-21
-47
-188
-202
0
216
274
236
186
87
-85
-210
-193
-175
-337
-645
-965
-1275
-1615
-1899
-1944
-1865
-1973
-2301
-2656
-2919
-3098
-3272
-3417
-3457
-3440
-3398
-3246
-2975
-2706
-2535
-2445
-2341
-2119
-1710
-1121
-516
-20
427
864
1242
1526
1768
2107
2523
2811
2971
3190
3459
3585
3510
3403
3344
3163
2814
2564
2555
2506
2145
1654
1318
1056
668
249
-17
-246
-646
-1127
-1409
-1467
-1515
-1630
-1696
-1675
-1672
-1703
-1627
-1382
-1062
-737
-404
-91
202
528
876
1134
1295
1474
1703
1897
2032
2179
2305
2252
1999
1774
1738
1731
1551
1271
1049
854
612
404
324
275
118
-113
-261
-276
-253
-272
-313
-325
-318
-325
-330
-288
-208
-193
-263
-307
-244
-157
-132
-141
-135
-187
-348
-470
-497
-504
-658
-955
-1225
-1466
-1671
-1833
-1923
-2014
-2282
-2649
-2931
-3027
-3026
-3080
-3165
-3225
-3233
-3175
-3008
-2724
-2389
-2112
-1945
-1819
-1551
-1056
-526
-153
146
541
959
1247
1462
1770
2120
2337
2441
2596
2871
3084
3127
3089
3034
2952
2743
2565
2531
2471
2217
1802
1448
1201
947
626
302
-16
-366
-718
-1011
-1168
-1305
-1457
-1584
-1654
-1624
-1550
-1410
-1227
-1045
-865
-671
-430
-135
204
544
828
1043
1234
1430
1590
1704
1812
1910
1924
1856
1791
1814
1790
1616
1359
1120
965
801
645
541
422
228
-14
-119
-75
-50
-119
-227
-309
-403
-498
-506
-388
-259
-251
-333
-354
-279
-228
-241
-241
-217
-266
-389
-454
-417
-421
-598
-877
-1145
-1411
-1710
-1944
-2021
-2057
-2230
-2515
-2737
-2834
-2894
-2974
-3037
-3052
-3039
-2984
-2829
-2542
-2195
-1926
-1774
-1634
-1382
-1026
-652
-295
77
457
775
1016
1284
1651
2020
2238
2319
2439
2651
2827
2902
2978
3090
3090
2884
2636
2500
2397
2190
1936
1740
1549
1238
871
590
374
54
-370
-709
-869
-957
-1086
-1233
-1335
-1408
-1464
-1441
-1281
-1051
-874
-761
-615
-380
-82
243
565
853
1101
1312
1485
1616
1720
1810
1862
1874
1882
1890
1860
1752
1572
1357
1163
1034
952
862
738
581
377
159
6
-50
-77
-148
-253
-366
-488
-593
-606
-525
-461
-477
-505
-482
-450
-458
-470
-468
-514
-613
-670
-651
-664
-818
-1075
-1356
-1637
-1893
-2052
-2101
-2144
-2291
-2516
-2694
-2759
-2758
-2774
-2815
-2826
-2785
-2690
-2537
-2301
-2009
-1771
-1651
-1526
-1233
-827
-472
-200
64
328
562
789
1088
1473
1815
1990
2055
2161
2319
2443
2540
2638
2687
2625
2493
2413
2423
2399
2225
1986
1767
1502
1170
921
819
674
335
-78
-375
-561
-759
-963
-1087
-1174
-1323
-1463
-1429
-1233
-1047
-940
-835
-676
-490
-322
-123
156
484
753
910
1027
1199
1390
1509
1557
1612
1684
1706
1670
1637
1589
1464
1292
1153
1074
1013
921
758
531
301
131
33
-30
-96
-173
-265
-368
-436
-429
-378
-358
-392
-414
-413
-410
-377
-315
-296
-365
-496
-598
-635
-702
-859
-1058
-1270
-1528
-1809
-2023
-2140
-2237
-2389
-2567
-2689
-2755
-2818
-2882
-2870
-2798
-2736
-2669
-2529
-2311
-2058
-1838
-1633
-1401
-1146
-867
-555
-251
15
255
511
791
1060
1343
1651
1895
2031
2131
2264
2437
2592
2696
2759
2758
2677
2565
2498
2449
2325
2124
1911
1694
1465
1263
1108
920
632
294
0
-222
-385
-519
-667
-836
-1012
-1155
-1208
-1186
-1146
-1075
-981
-887
-770
-617
-417
-182
31
240
473
684
886
1083
1240
1355
1426
1484
1545
1598
1657
1655
1539
1378
1222
1074
970
903
810
636
407
228
147
101
25
-63
-133
-225
-336
-377
-327
-297
-359
-418
-383
-305
-286
-316
-335
-363
-467
-602
-667
-659
-693
-825
-1010
-1220
-1475
-1741
-1947
-2077
-2163
-2244
-2354
-2480
-2571
-2600
-2604
-2604
-2576
-2520
-2463
-2384
-2232
-2012
-1784
-1587
-1400
-1173
-872
-545
-257
0
273
529
744
982
1301
1626
1828
1897
1975
2146
2313
2384
2431
2501
2484
2349
2247
2247
2210
2040
1831
1684
1549
1357
1172
1046
870
550
195
-67
-252
-418
-555
-667
-817
-1023
-1213
-1325
-1332
-1265
-1171
-1063
-961
-864
-714
-506
-272
-40
143
313
521
732
923
1097
1224
1293
1341
1423
1537
1611
1601
1507
1389
1299
1227
1135
1034
928
770
567
426
380
334
219
71
-61
-162
-238
-284
-284
-284
-344
-431
-464
-453
-449
-449
-459
-529
-663
-792
-848
-831
-798
-836
-982
-1207
-1453
-1669
-1827
-1944
-2047
-2162
-2289
-2406
-2472
-2490
-2505
-2515
-2489
-2429
-2376
-2305
-2169
-1982
-1799
-1618
-1383
-1088
-772
-472
-199
60
322
596
872
1132
1366
1557
1706
1842
2011
2201
2341
2388
2388
2393
2400
2383
2357
2335
2270
2108
1890
1695
1551
1413
1255
1082
878
609
298
31
-137
-253
-390
-558
-738
-916
-1049
-1098
-1069
-1011
-968
-945
-903
-802
-662
-503
-313
-114
69
263
492
702
855
992
1146
1283
1372
1423
1459
1478
1449
1399
1378
1361
1276
1138
1018
923
805
677
588
523
412
236
79
-6
-57
-127
-191
-229
-293
-408
-503
-514
-471
-460
-497
-539
-572
-611
-640
-627
-594
-618
-718
-856
-986
-1124
-1295
-1490
-1671
-1834
-1999
-2161
-2298
-2416
-2533
-2629
-2663
-2625
-2565
-2518
-2472
-2400
-2282
-2109
-1888
-1644
-1407
-1188
-959
-690
-369
-17
322
601
811
1005
1229
1473
1710
1938
2126
2234
2297
2382
2497
2589
2626
2614
2566
2461
2305
2144
2015
1885
1711
1507
1288
1037
752
480
269
101
-109
-379
-617
-797
-940
-1049
-1099
-1101
-1117
-1167
-1196
-1142
-1025
-894
-756
-589
-407
-235
-63
131
340
537
713
871
996
1115
1248
1346
1395
1449
1517
1543
1485
1380
1292
1207
1078
946
863
776
622
438
295
177
48
-80
-173
-256
-371
-508
-603
-624
-609
-604
-618
-636
-657
-672
-664
-627
-587
-581
-622
-685
-739
-785
-840
-930
-1073
-1246
-1455
-1701
-1903
-2038
-2154
-2260
-2359
-2431
-2462
-2486
-2477
-2393
-2296
-2215
-2122
-1979
-1778
-1566
-1360
-1136
-884
-616
-341
-75
184
445
705
963
1244
1540
1780
1942
2087
2236
2375
2493
2575
2625
2631
2562
2452
2358
2281
2196
2073
1881
1640
1393
1159
955
773
577
347
79
-195
-425
-588
-699
-796
-899
-1020
-1146
-1232
-1244
-1189
-1091
-994
-917
-828
-684
-488
-274
-75
123
338
537
724
930
1129
1281
1398
1495
1610
1718
1764
1758
1711
1630
1552
1480
1386
1249
1081
906
731
552
387
253
125
-33
-216
-375
-481
-559
-619
-658
-683
-725
-761
-757
-746
-748
-741
-728
-726
-738
-757
-763
-770
-821
-896
-975
-1080
-1206
-1349
-1528
-1712
-1872
-2004
-2101
-2187
-2281
-2357
-2391
-2378
-2323
-2257
-2183
-2088
-1982
-1860
-1689
-1479
-1253
-1037
-835
-598
-319
-42
240
532
815
1080
1327
1571
1826
2048
2199
2299
2380
2435
2455
2461
2457
2426
2363
2266
2162
2040
1867
1675
1500
1306
1085
849
602
357
111
-117
-310
-482
-651
-811
-959
-1097
-1208
-1265
-1260
-1221
-1174
-1117
-1033
-919
-778
-601
-383
-164
33
219
429
662
885
1073
1230
1368
1486
1582
1653
1706
1721
1676
1592
1505
1425
1327
1189
1019
839
653
469
303
157
11
-154
-321
-441
-537
-629
-694
-746
-801
-859
-895
-883
-863
-856
-827
-793
-798
-817
-816
-803
-822
-883
-928
-954
-1026
-1160
-1296
-1405
-1530
-1690
-1830
-1931
-2046
-2170
-2236
-2225
-2190
-2168
-2126
-2035
-1931
-1817
-1673
-1497
-1281
-1070
-899
-706
-462
-196
72
328
609
904
1146
1364
1607
1838
2008
2104
2187
2297
2389
2416
2394
2361
2315
2237
2138
2041
1937
1800
1616
1436
1288
1102
854
586
331
112
-79
-272
-460
-639
-826
-1013
-1138
-1174
-1170
-1158
-1146
-1126
-1059
-934
-792
-626
-429
-234
-48
151
380
624
837
1012
1170
1323
1476
1612
1711
1776
1795
1767
1720
1653
1560
1436
1297
1146
990
841
691
520
330
137
-45
-215
-358
-467
-555
-659
-771
-849
-875
-881
-884
-877
-866
-862
-872
-882
-859
-812
-778
-767
-768
-781
-820
-892
-960
-1023
-1115
-1235
-1379
-1543
-1679
-1784
-1896
-2002
-2076
-2133
-2169
-2155
-2099
-2013
-1919
-1830
-1720
-1560
-1375
-1188
-986
-759
-528
-315
-98
159
432
696
958
1212
1457
1673
1847
2000
2126
2201
2263
2317
2341
2327
2269
2184
2088
1980
1859
1723
1579
1416
1221
1004
785
569
351
131
-74
-267
-465
-652
-815
-937
-1023
-1093
-1126
-1115
-1089
-1018
-902
-781
-662
-526
-362
-167
55
290
492
657
836
1017
1188
1345
1454
1531
1582
1594
1581
1555
1507
1412
1293
1171
1046
910
771
629
458
296
118
-56
-190
-323
-447
-566
-666
-749
-842
-920
-952
-962
-970
-962
-951
-945
-932
-904
-846
-777
-736
-725
-732
-749
-768
-797
-840
-894
-987
-1104
-1219
-1341
-1471
-1598
-1729
-1841
-1923
-2004
-2051
-2039
-2010
-1977
-1912
-1814
-1689
-1531
-1354
-1177
-984
-776
-572
-352
-94
155
393
642
904
1169
1400
1594
1781
1935
2066
2191
2286
2365
2397
2365
2320
2256
2165
2041
1899
1761
1596
1400
1176
948
747
530
296
75
-146
-355
-563
-768
-919
-1014
-1092
-1141
-1148
-1119
-1062
-1001
-894
-728
-551
-383
-192
18
232
447
637
839
1024
1187
1335
1461
1584
1654
1685
1703
1685
1653
1583
1469
1345
1212
1062
902
737
572
397
218
52
-119
-274
-405
-545
-673
-790
-883
-928
-957
-972
-976
-969
-964
-970
-935
-863
-799
-747
-697
-670
-663
-661
-658
-640
-637
-674
-731
-796
-872
-963
-1083
-1221
-1352
-1488
-1624
-1725
-1798
-1863
-1910
-1936
-1935
-1909
-1860
-1759
-1633
-1488
-1330
-1165
-971
-775
-556
-319
-65
196
434
671
903
1127
1340
1547
1735
1906
2053
2160
2238
2277
2299
2278
2209
2126
2015
1887
1736
1573
1397
1194
975
741
514
305
89
-136
-339
-525
-701
-856
-961
-1010
-1042
-1037
-999
-926
-815
-714
-586
-411
-228
-31
169
358
543
721
884
1035
1185
1320
1422
1487
1531
1563
1569
1556
1517
1433
1309
1168
1027
882
734
580
405
213
23
-151
-310
-468
-622
-759
-898
-1003
-1072
-1115
-1141
-1165
-1163
-1150
-1121
-1061
-1003
-952
-890
-833
-782
-742
-708
-669
-661
-666
-671
-683
-703
-751
-808
-889
-994
-1113
-1223
-1329
-1431
-1523
-1606
-1668
-1728
-1754
-1734
-1701
-1627
-1532
-1428
-1296
-1136
-954
-749
-542
-344
-129
99
315
538
765
985
1199
1407
1596
1769
1919
2035
2130
2185
2210
2202
2163
2106
1998
1870
1719
1548
1373
1171
964
754
537
315
99
-96
-282
-471
-651
-794
-915
-1016
-1064
-1068
-1051
-1003
-912
-796
-652
-482
-305
-116
83
279
480
687
859
1018
1187
1334
1454
1551
1636
1707
1736
1712
1664
1599
1516
1407
1272
1127
976
787
582
401
230
39
-160
-338
-487
-635
-773
-876
-955
-1027
-1097
-1153
-1170
-1161
-1162
-1134
-1068
-1011
-963
-903
-831
-762
-703
-649
-601
-573
-555
-543
-545
-560
-597
-665
-740
-812
-899
-995
-1101
-1214
-1318
-1406
-1481
-1529
-1559
-1580
-1573
-1535
-1491
-1410
-1286
-1154
-1011
-833
-636
-442
-230
-10
190
388
602
814
1028
1236
1420
1585
1737
1865
1970
2039
2070
2071
2046
1980
1875
1754
1638
1500
1313
1102
893
687
472
258
67
-107
-275
-435
-566
-670
-770
-859
-914
-929
-922
-892
-820
-702
-570
-441
-297
-114
95
296
477
655
825
968
1096
1224
1337
1415
1463
1499
1514
1491
1443
1381
1295
1177
1037
886
729
562
391
211
28
-159
-330
-490
-641
-778
-892
-986
-1066
-1131
-1176
-1213
-1241
-1242
-1208
-1158
-1094
-1019
-939
-866
-792
-721
-648
-577
-519
-482
-457
-440
-443
-463
-487
-525
-590
-679
-769
-856
-944
-1036
-1130
-1218
-1291
-1355
-1405
-1434
-1436
-1421
-1384
-1311
-1217
-1102
-966
-805
-625
-440
-250
-49
163
374
580
781
977
1161
1331
1492
1637
1758
1854
1922
1959
1961
1928
1867
1786
1685
1555
1396
1220
1039
854
654
455
267
76
-107
-265
-402
-543
-688
-795
-864
-908
-926
-910
-849
-778
-689
-566
-410
-226
-43
152
354
540
721
883
1059
1220
1343
1425
1481
1543
1566
1562
1555
1512
1444
1348
1225
1095
950
789
618
447
278
97
-94
-267
-436
-593
-726
-852
-956
-1034
-1113
-1174
-1197
-1192
-1178
-1169
-1138
-1079
-1010
-935
-854
-775
-710
-652
-610
-560
-509
-480
-458
-453
-449
-458
-503
-543
-602
-668
-735
-821
-898
-991
-1092
-1179
-1259
-1312
-1353
-1375
-1353
-1303
-1240
-1163
-1051
-910
-753
-599
-439
-258
-68
121
321
518
706
892
1062
1219
1363
1491
1601
1694
1765
1812
1826
1807
1769
1687
1579
1477
1336
1180
1010
825
646
467
294
131
-18
-161
-291
-410
-506
-575
-623
-645
-656
-636
-590
-515
-415
-312
-193
-64
78
233
382
541
690
832
966
1056
1138
1212
1251
1273
1271
1238
1187
1121
1047
952
829
699
561
412
262
110
-36
-182
-328
-471
-611
-743
-868
-982
-1077
-1152
-1214
-1243
-1269
-1277
-1269
-1246
-1195
-1148
-1082
-1012
-950
-871
-809
-757
-709
-665
-640
-630
-617
-608
-604
-613
-629
-653
-692
-734
-763
-793
-844
-905
-949
-973
-990
-995
-983
-953
-920
-874
-787
-675
-548
-408
-261
-111
54
219
373
539
693
837
976
1100
1226
1330
1421
1501
1558
1602
1612
1609
1587
1538
1475
1385
1292
1176
1040
889
723
567
405
251
115
-10
-119
-231
-321
-383
-425
-446
-450
-431
-397
-357
-300
-220
-119
-1
121
248
366
489
613
731
846
948
1031
1088
1125
1141
1138
1127
1099
1048
979
886
779
661
536
406
266
134
-7
-159
-307
-448
-581
-711
-834
-939
-1037
-1119
-1183
-1233
-1264
-1284
-1289
-1278
-1248
-1203
-1158
-1106
-1043
-974
-901
-821
-745
-690
-647
-612
-571
-526
-500
-487
-487
-489
-494
-513
-527
-539
-558
-595
-626
-649
-662
-675
-677
-658
-640
-613
-575
-510
-421
-338
-246
-151
-54
59
190
333
470
588
705
821
935
1048
1150
1243
1325
1376
1404
1427
1439
1431
1382
1320
1249
1165
1072
971
857
730
597
472
351
230
111
-3
-106
-194
-267
-313
-327
-331
-340
-343
-321
-271
-203
-125
-42
43
128
212
300
396
496
586
658
712
756
795
822
832
826
801
761
709
647
572
488
392
281
159
30
-104
-242
-378
-502
-621
-735
-845
-946
-1028
-1100
-1170
-1220
-1255
-1277
-1279
-1274
-1254
-1221
-1194
-1148
-1081
-1025
-967
-901
-825
-747
-688
-630
-564
-503
-445
-387
-347
-321
-301
-285
-276
-279
-283
-288
-294
-303
-318
-334
-348
-355
-353
-342
-323
-299
-265
-221
-161
-89
-7
72
155
245
341
436
532
632
733
827
909
982
1054
1116
1165
1206
1233
1228
1212
1191
1152
1104
1045
976
904
821
734
652
556
456
363
273
184
103
31
-28
-70
-96
-113
-113
-93
-69
-46
-13
32
86
147
208
259
301
349
394
427
458
488
502
507
507
497
474
452
428
375
297
217
131
42
-51
-150
-251
-366
-491
-600
-702
-801
-883
-966
-1053
-1132
-1197
-1245
-1271
-1280
-1281
-1279
-1274
-1253
-1224
-1186
-1134
-1068
-993
-914
-828
-736
-638
-539
-442
-350
-264
-180
-100
-36
9
47
88
127
150
154
154
150
144
133
126
119
114
114
120
132
147
163
181
204
235
265
296
337
389
452
525
585
636
694
746
804
872
912
935
952
953
948
952
952
937
895
842
785
724
670
617
551
472
385
301
230
170
111
53
-5
-61
-111
-148
-167
-150
-103
-60
-48
-56
-62
-60
-54
-49
-49
-49
-43
-41
-53
-69
-72
-62
-56
-67
-70
-57
-58
-82
-106
-131
-175
-242
-296
-354
-413
-462
-520
-573
-628
-679
-738
-797
-830
-876
-915
-931
-925
-908
-908
-892
-865
-835
-797
-758
-691
-623
-563
-501
-424
-325
-234
-158
-80
-5
60
120
186
262
313
333
345
350
359
352
345
344
319
279
232
182
148
120
106
99
75
41
5
-13
5
17
32
67
99
138
193
258
329
382
436
493
541
592
627
663
704
738
763
768
760
746
719
686
661
627
577
526
467
395
328
264
200
136
76
22
-29
-82
-132
-167
-175
-176
-179
-173
-163
-166
-159
-134
-99
-67
-50
-30
6
41
72
89
108
126
131
129
135
138
134
117
94
60
5
-65
-133
-196
-267
-348
-429
-506
-594
-678
-758
-837
-905
-964
-1004
-1022
-1034
-1043
-1048
-1039
-1009
-971
-928
-863
-779
-696
-613
-515
-410
-309
-213
-115
-26
60
148
245
340
422
482
521
546
575
591
598
600
578
550
515
465
434
392
343
319
285
241
214
183
161
160
160
179
195
201
217
237
263
301
341
383
421
453
485
515
537
562
579
585
582
575
559
533
505
478
444
396
337
273
213
162
100
26
-44
-102
-151
-205
-265
-310
-349
-374
-386
-404
-403
-384
-371
-352
-329
-304
-266
-223
-179
-134
-90
-54
-22
11
45
74
95
102
98
94
89
88
74
25
-22
-60
-113
-170
-229
-297
-372
-442
-499
-561
-618
-658
-703
-744
-770
-792
-802
-798
-791
-772
-738
-694
-634
-572
-511
-454
-391
-315
-240
-162
-82
-6
72
146
214
283
335
375
409
433
458
475
480
496
502
485
464
432
396
359
320
284
253
216
186
173
165
155
143
130
132
142
149
162
192
229
253
276
311
345
383
422
440
447
453
457
472
491
477
448
426
397
364
327
276
215
153
101
56
3
-52
-105
-161
-214
-250
-278
-309
-326
-335
-344
-342
-326
-311
-289
-265
-241
-210
-168
-117
-68
-21
19
42
62
86
105
134
150
152
152
130
106
89
55
13
-31
-91
-152
-207
-253
-293
-337
-384
-444
-505
-540
-576
-606
-624
-639
-637
-623
-616
-601
-570
-539
-506
-469
-417
-350
-281
-213
-148
-87
-21
43
99
158
213
250
286
322
350
369
388
407
413
397
378
364
342
320
301
279
246
209
175
150
133
117
105
94
82
75
78
90
106
124
146
166
185
213
243
276
304
331
347
358
374
392
402
396
381
359
332
305
277
240
191
140
92
53
11
-36
-89
-140
-179
-219
-250
-272
-289
-298
-312
-322
-319
-306
-290
-271
-247
-224
-200
-169
-133
-94
-57
-12
15
43
69
80
101
102
106
100
89
83
59
40
14
-22
-63
-110
-154
-187
-222
-276
-329
-377
-411
-443
-465
-482
-504
-515
-507
-490
-472
-454
-428
-396
-355
-312
-260
-208
-155
-101
-44
17
72
121
174
218
253
289
320
349
373
392
402
393
384
372
353
339
318
281
239
202
177
151
128
109
71
33
14
8
-1
-10
-11
-5
-3
8
28
47
60
75
98
129
151
162
176
198
222
232
234
238
235
217
196
180
157
122
94
75
51
16
-24
-65
-100
-124
-144
-163
-184
-207
-226
-233
-228
-219
-213
-213
-205
-181
-149
-122
-93
-65
-35
-9
18
48
76
94
108
131
154
158
152
146
136
120
108
88
53
20
-5
-38
-76
-111
-156
-206
-241
-263
-293
-326
-349
-361
-364
-364
-366
-369
-362
-346
-316
-280
-249
-218
-176
-134
-88
-38
6
43
87
136
176
214
246
269
294
327
343
338
334
332
323
317
307
283
247
214
188
157
126
91
52
25
4
-19
-33
-46
-67
-84
-95
-99
-93
-86
-73
-64
-53
-32
-12
12
49
70
81
94
110
122
125
127
125
116
114
107
84
61
40
14
-13
-34
-49
-72
-91
-104
-135
-173
-194
-208
-205
-200
-203
-193
-178
-173
-155
-127
-109
-93
-69
-39
-5
29
55
75
103
127
140
148
162
171
172
173
167
156
140
120
99
74
46
16
-20
-55
-82
-114
-152
-178
-200
-226
-247
-267
-290
-291
-289
-287
-264
-236
-219
-203
-179
-148
-112
-78
-47
-11
34
74
110
144
172
195
219
239
255
263
266
265
263
258
249
230
207
181
157
136
106
77
53
26
0
-20
-34
-56
-65
-74
-93
-93
-99
-96
-87
-84
-75
-69
-46
-31
-29
-10
3
23
40
49
58
67
73
74
80
71
53
40
25
14
4
-16
-42
-56
-73
-92
-109
-124
-143
-156
-159
-158
-161
-169
-165
-154
-145
-133
-119
-104
-83
-60
-35
-9
16
37
56
80
113
136
148
171
186
187
190
187
180
177
174
157
141
125
99
82
54
32
10
-19
-41
-63
-83
-101
-115
-125
-146
-159
-155
-160
-165
-153
-149
-143
-127
-117
-91
-66
-62
-41
-24
1
33
48
66
85
95
110
126
125
125
132
126
120
109
98
86
73
62
52
36
21
10
-10
-24
-28
-37
-46
-50
-58
-58
-50
-54
-61
-54
-49
-44
-29
-21
-9
7
12
21
35
41
45
49
50
52
54
51
46
36
30
26
13
0
-8
-21
-40
-53
-65
-82
-94
-98
-97
-110
-124
-118
-108
-110
-108
-98
-90
-77
-64
-45
-26
-12
1
18
38
62
75
82
98
118
129
137
147
153
157
154
147
139
126
110
96
85
71
49
30
18
-4
-22
-34
-49
-66
-79
-83
-92
-107
-110
-102
-105
-107
-98
-94
-88
-81
-70
-56
-45
-38
-26
-13
-6
2
17
30
37
46
57
65
65
67
68
63
58
56
48
37
30
21
18
10
-5
-15
-18
-22
-25
-28
-28
-33
-35
-34
-30
-25
-18
-15
-10
-8
-3
7
16
21
32
36
37
40
41
42
47
46
44
45
38
30
24
14
6
-4
-20
-26
-29
-41
-53
-59
-66
-74
-79
-85
-87
-87
-85
-85
-80
-77
-71
-58
-43
-32
-21
-5
9
25
37
43
57
70
78
83
93
101
101
97
100
104
96
84
79
81
73
56
42
31
19
4
-9
-16
-28
-43
-48
-48
-59
-69
-72
-72
-69
-68
-69
-64
-58
-51
-43
-33
-22
-19
-11
1
9
11
17
28
37
42
43
41
44
50
49
42
35
33
31
27
21
15
10
5
-3
-9
-17
-20
-25
-24
-25
-29
-33
-35
-33
-28
-26
-26
-22
-16
-8
-3
2
8
13
19
22
27
30
29
27
25
24
20
15
11
7
2
-5
-14
-22
-28
-32
-42
-51
-54
-58
-63
-69
-72
-71
-72
-72
-68
-62
-56
-48
-36
-21
-11
-3
7
19
30
38
47
56
64
70
78
85
89
89
90
90
85
76
70
65
60
52
43
34
22
11
0
-10
-18
-27
-35
-42
-49
-55
-56
-56
-58
-59
-55
-49
-45
-43
-37
-28
-21
-18
-8
4
13
14
19
26
33
34
39
42
42
41
40
41
38
35
33
30
27
22
18
8
-1
-6
-7
-9
-16
-22
-23
-26
-26
-28
-29
-24
-23
-23
-17
-15
-15
-7
-5
3
11
8
9
12
11
11
12
18
16
12
16
16
12
9
-1
-3
-1
-9
-15
-19
-28
-33
-36
-36
-39
-46
-47
-46
-46
-44
-42
-39
-37
-33
-27
-21
-15
-9
-2
6
12
15
20
28
33
39
40
42
44
46
46
46
44
42
38
35
30
23
16
11
7
1
-8
-18
-22
-24
-28
-35
-39
-36
-38
-44
-42
-35
-36
-35
-29
-22
-20
-14
-6
-2
2
9
17
24
28
29
33
39
42
44
44
48
47
45
42
41
37
32
29
28
24
14
7
2
-5
-12
-17
-20
-22
-26
-29
-29
-25
-25
-24
-21
-21
-23
-20
-14
-13
-10
-1
2
3
7
13
15
16
20
20
21
24
22
18
14
10
8
8
1
-8
-9
-10
-18
-25
-26
-28
-33
-35
-37
-37
-38
-37
-36
-33
-29
-27
-23
-18
-12
-8
-5
0
9
15
18
24
31
35
40
44
41
35
39
40
36
32
31
25
20
16
9
3
-2
-11
-12
-13
-26
-34
-34
-33
-37
-42
-42
-40
-39
-33
-25
-24
-25
-21
-14
-5
-1
2
9
14
19
23
28
32
34
36
39
38
37
36
36
35
29
28
26
23
17
10
6
4
-3
-9
-13
-14
-15
-20
-23
-27
-26
-22
-19
-20
-22
-19
-15
-8
-2
0
3
7
12
17
19
22
23
25
24
25
25
23
19
17
12
11
9
4
0
-5
-9
-13
-17
-22
-27
-32
-34
-35
-36
-35
-33
-32
-30
-25
-22
-20
-17
-12
-6
-1
3
5
10
14
18
21
25
27
29
31
32
32
31
28
26
24
23
19
15
10
5
0
-4
-5
-7
-13
-19
-20
-20
-23
-27
-29
-27
-25
-27
-27
-23
-18
-14
-11
-8
-4
-1
1
4
10
12
15
19
20
22
23
23
20
22
23
22
16
12
11
10
7
3
0
1
-1
-5
-11
-15
-15
-13
-14
-16
-15
-12
-14
-16
-8
-5
-8
-3
2
4
7
10
13
17
13
16
22
17
16
20
16
14
15
10
9
6
0
-1
-2
-7
-9
-12
-16
-19
-20
-24
-24
-25
-25
-24
-23
-23
-20
-22
-19
-15
-14
-10
-6
-5
0
-1
7
14
9
11
19
18
19
22
20
23
24
19
19
20
18
13
13
11
4
0
2
-1
-6
-7
-7
-10
-15
-14
-14
-16
-17
-13
-11
-11
-10
-8
-7
-6
-3
-1
6
11
12
14
14
15
18
17
19
21
19
15
15
17
12
8
12
10
4
4
4
-1
-4
-5
-6
-10
-14
-17
-19
-18
-16
-19
-22
-22
-18
-14
-11
-12
-10
-10
-5
-2
1
4
4
8
10
13
12
11
16
16
16
12
12
15
13
9
5
5
6
2
-3
-8
-7
-7
-9
-12
-16
-18
-20
-18
-19
-17
-14
-14
-13
-9
-9
-6
-4
-2
3
5
5
9
10
12
14
18
17
19
20
18
17
16
13
13
13
12
10
6
3
2
-1
-4
-7
-10
-12
-13
-13
-14
-15
-17
-15
-14
-14
-15
-14
-7
-5
-6
-5
-1
7
11
15
19
20
17
17
20
22
24
24
20
16
17
16
17
12
6
2
2
2
-5
-11
-9
-13
-18
-19
-22
-25
-22
-28
-26
-21
-21
-20
-14
-13
-9
-7
-6
-4
-1
0
2
9
15
16
19
16
14
19
17
15
18
16
14
12
5
3
5
0
-5
-8
-9
-11
-16
-21
-24
-24
-24
-24
-24
-23
-23
-23
-20
-17
-13
-9
-7
-5
-4
0
3
9
12
15
16
19
21
22
23
22
22
21
20
17
14
14
11
11
9
4
3
-1
-4
-6
-14
-18
-12
-14
-16
-13
-17
-16
-13
-14
-12
-8
-6
-3
1
6
7
9
13
20
25
26
21
20
21
21
17
20
22
20
14
9
8
7
2
-1
1
1
-5
-11
-15
-16
-15
-15
-20
-19
-19
-22
-20
-18
-17
-12
-7
-7
-5
-5
-3
-1
3
5
6
9
11
12
15
17
15
17
15
10
10
9
8
8
4
0
-3
-7
-10
-9
-8
-13
-19
-21
-19
-17
-18
-21
-18
-16
-16
-16
-16
-13
-9
-7
-3
-3
1
6
8
10
10
9
11
15
15
18
19
19
18
16
14
12
10
10
7
5
2
-1
-1
-4
-4
-5
-5
-8
-10
-12
-10
-10
-10
-10
-8
-5
-1
1
1
0
2
7
14
14
13
14
18
20
19
19
21
22
18
15
13
15
14
12
11
7
3
0
-3
-3
-7
-7
-8
-11
-15
-16
-13
-16
-18
-19
-15
-14
-15
-16
-15
-9
-8
-7
-5
-4
-1
2
4
5
6
8
9
10
10
10
10
9
8
8
6
4
2
1
-2
-4
-7
-8
-10
-10
-11
-11
-12
-13
-14
-14
-14
-14
-13
-11
-10
-8
-7
-4
-4
-2
-1
1
3
5
7
8
8
8
9
11
9
8
10
11
9
8
7
3
4
5
2
-4
-1
2
-3
-7
-5
-5
-6
-5
-4
-6
-8
-6
-3
0
-2
-3
1
4
4
3
6
9
9
9
11
12
15
15
14
14
15
14
11
11
9
9
7
7
5
4
1
1
1
-1
-4
-6
-7
-8
-7
-7
-9
-8
-9
-10
-10
-7
-6
-5
-2
2
-2
-3
0
5
5
3
1
1
4
3
0
0
2
5
4
2
1
2
1
0
0
1
0
-3
-5
-5
-5
-7
-7
-5
-5
-4
-6
-6
-5
-2
-6
-2
1
-4
-4
2
5
4
5
5
4
3
3
4
4
7
7
5
4
0
0
2
3
5
1
1
4
0
-5
-2
-2
-5
-4
-5
-8
-7
-3
-2
-7
-6
-4
-1
-1
-2
-3
-1
3
5
4
3
4
5
8
8
8
10
8
8
8
4
8
4
4
6
1
5
2
-1
2
-4
0
-3
-6
-4
-9
-8
-9
-11
-9
-10
-9
-8
-8
-7
-7
-5
-6
-4
-5
-2
0
0
-1
-1
0
0
5
5
3
6
3
2
5
1
-2
3
2
2
1
-2
0
2
1
0
0
0
0
0
1
1
-1
0
2
0
-1
-1
1
1
3
3
4
5
3
2
6
8
10
8
6
4
4
5
6
6
4
5
3
4
2
1
1
2
5
6
5
4
4
4
4
6
5
1
-1
1
4
3
-1
1
5
4
-1
0
3
3
-1
0
3
3
0
0
3
5
1
-1
0
2
-1
-4
-4
-3
-5
-4
-3
-3
-6
-6
-5
-6
-6
-5
-5
-8
-8
-8
-8
-10
-8
-5
-5
-3
-3
-6
-8
-7
-3
-1
-2
-3
-4
-3
-3
-4
-4
-3
-4
-4
-2
-3
-5
-4
-4
-3
0
1
0
-3
-2
-1
1
0
-2
-1
0
-2
-3
-1
0
1
1
1
3
3
3
3
5
6
6
6
5
5
5
4
7
6
7
7
7
7
8
6
5
4
2
5
5
4
3
3
3
5
6
5
4
2
1
1
2
0
1
1
3
2
1
0
2
4
4
5
7
7
5
2
3
3
5
6
5
5
3
3
1
1
2
2
1
1
-1
-3
-2
-1
-1
-5
-5
-6
-10
-8
-5
-6
-5
-4
-2
-3
-8
-6
-3
-8
-4
1
-5
-5
-3
-3
0
1
-3
-2
-1
-5
-8
-4
-1
-3
2
2
-6
-7
-4
-2
-6
-6
-2
-4
-4
-6
-5
-1
-1
-3
-4
-4
-3
-2
-5
-1
-1
-2
3
3
2
5
3
0
4
1
1
6
4
4
3
0
3
6
5
5
5
5
4
2
2
0
-1
2
2
3
1
0
2
3
3
1
0
1
0
2
2
1
-1
0
2
3
1
