0
-1
-2
-1
-1
-1
-1
1
1
-2
-1
-2
-1
0
0
1
0
0
0
0
-2
-1
-2
-4
-4
-4
-4
-3
0
0
1
0
-1
-3
-2
-1
-2
-1
1
0
2
3
5
2
2
3
4
0
-2
-1
1
-1
-1
2
4
3
2
3
3
3
2
1
3
4
3
3
3
3
0
-1
2
3
3
1
1
1
1
-1
-2
-2
-1
-1
-2
0
-1
-3
0
-1
-3
1
-1
-2
2
-1
-2
1
-2
-2
-1
-2
-1
1
1
3
5
3
0
-1
2
4
5
5
5
5
2
1
0
0
0
-1
-1
-2
-1
0
0
0
-1
0
-1
-1
-1
0
0
1
2
2
2
1
1
0
-1
-2
-3
-1
1
2
0
-1
-3
-1
0
1
0
1
2
4
2
3
4
4
2
3
3
3
3
1
1
2
1
2
1
-1
-2
0
2
1
-2
-2
-1
-1
0
-1
1
1
-1
-3
-3
-3
-4
-2
-1
-1
-2
-1
0
0
-1
0
2
3
-1
0
2
1
1
-1
1
3
2
1
1
-1
0
-1
1
2
3
2
2
3
4
4
4
2
0
0
-2
-3
-3
-2
0
4
2
1
1
0
1
2
0
0
0
-1
1
1
2
2
0
-3
-3
-3
-1
-3
-4
-2
-1
0
-1
-4
-1
1
-3
-2
-1
-1
2
1
0
1
0
0
1
2
0
0
-2
0
0
1
2
2
1
2
0
1
-1
-2
-2
-2
-1
-2
-1
0
0
-3
1
0
0
4
1
-2
0
-3
-2
1
-1
-1
0
-2
-1
2
0
1
0
-1
-2
-1
0
2
3
3
2
2
2
2
2
4
3
4
4
3
3
4
4
4
4
4
4
3
1
1
-1
0
1
0
-1
-2
-3
-2
0
3
3
1
1
1
0
2
2
-1
2
-1
-4
0
0
-2
1
-4
-2
2
-2
-2
1
0
2
2
1
0
0
1
-2
0
0
0
4
2
-2
3
1
0
1
-1
2
4
0
-1
1
0
1
3
2
3
1
1
1
1
-2
-1
-1
0
-1
-2
-1
0
0
-2
-1
0
0
0
-1
-1
-3
0
2
2
0
1
2
-1
-2
-2
-2
-1
-1
-1
0
1
1
-1
-2
-1
-1
0
-1
1
3
2
0
3
6
2
-1
2
4
0
2
6
1
-1
-1
1
2
3
0
2
3
-1
-5
-1
1
-4
-1
1
1
0
2
0
-2
-1
1
2
2
1
0
0
-1
0
1
1
0
-1
-2
-1
0
1
1
1
1
0
-1
0
-1
-1
-1
0
-1
1
0
-2
0
0
1
1
3
3
4
4
3
3
4
2
-2
-1
-1
-3
-4
-2
1
-2
-3
1
2
1
1
3
4
2
1
1
2
1
0
0
1
1
-1
-2
-4
0
-5
-4
-2
-2
-5
-3
-2
-4
1
-3
-2
1
0
-5
0
-1
1
3
0
1
5
-1
-5
0
1
1
-2
3
4
-1
6
2
-1
3
2
2
-1
0
0
2
4
0
1
-2
-2
-1
-1
-1
2
2
3
4
4
3
3
3
3
3
3
3
0
0
-2
-1
-1
-1
1
1
1
0
-1
-1
-1
-1
0
0
2
1
1
1
0
-1
-2
-2
-3
-1
-1
-1
-1
0
2
0
-1
-3
-4
-4
-3
-2
-2
-1
-2
-2
-1
-1
0
1
0
0
-1
-1
-1
-1
0
1
2
1
-1
-1
1
0
-2
-1
1
3
0
-2
-1
-1
-1
-2
0
0
0
3
2
3
1
2
5
4
5
0
-2
1
1
0
1
1
1
-1
0
0
1
0
0
0
0
0
0
1
0
0
0
0
1
0
-1
0
0
1
0
0
0
1
1
2
3
2
3
1
0
0
0
-2
-2
-1
0
1
0
0
1
1
-1
-2
-1
0
0
-1
-1
1
1
2
2
0
0
-2
-1
0
0
0
0
0
0
1
2
-2
-2
-4
-3
-3
-2
1
0
-1
0
1
3
3
1
2
3
3
2
1
2
3
4
5
3
3
4
1
2
2
1
2
-4
-3
0
-4
-1
4
-2
-3
0
-1
-4
-1
1
1
-1
-3
-5
-2
-1
0
0
1
0
-1
-1
-2
-2
-1
1
0
1
1
0
1
-4
-4
-2
0
-1
0
0
-3
4
2
-1
6
-2
-1
1
-2
1
1
2
1
-1
-1
-1
-1
0
1
2
3
2
1
1
0
0
0
0
0
-2
-2
-2
-2
-1
-1
0
-1
-1
0
-1
0
0
0
0
1
1
1
1
0
1
1
2
1
1
1
1
1
1
1
1
1
1
2
2
0
0
0
1
0
-1
0
1
1
0
-1
1
2
2
2
2
4
4
2
2
0
-3
0
-2
-4
1
-2
-2
1
-2
-2
1
-2
-1
1
-1
0
0
2
0
0
1
0
1
2
2
2
2
1
0
0
1
2
2
1
1
-1
0
1
0
1
0
0
0
1
1
1
0
0
0
0
-1
-2
-2
0
1
1
0
0
-1
-1
-1
-1
0
0
-1
0
0
0
-1
0
0
0
0
0
0
-1
-3
-1
4
4
1
-1
0
2
1
1
3
4
2
2
1
1
0
0
1
1
1
3
2
2
4
0
0
1
1
-1
1
-2
-2
2
1
2
2
0
0
-2
-1
1
0
0
-4
-2
2
-1
1
-1
-2
4
1
0
0
-2
-1
-2
0
1
0
0
0
0
1
1
1
1
1
0
0
1
0
1
3
3
3
3
4
0
4
1
1
2
-1
1
0
-1
-1
2
2
2
0
0
3
1
0
-1
0
1
-3
-2
-1
-2
2
1
3
2
-1
-1
0
-2
-2
-1
1
2
0
0
0
-1
0
0
1
0
1
3
4
4
1
1
2
1
0
-1
-2
1
0
-2
2
0
-2
1
-2
-4
0
-4
-3
0
-4
-3
-2
-2
-3
-4
0
-1
-3
1
-2
0
4
-2
2
4
0
3
3
-1
4
2
2
7
3
1
3
1
0
-1
-2
-2
-2
-2
-1
0
2
3
3
3
1
0
0
-1
-1
0
0
2
4
3
3
2
1
1
2
2
1
1
1
1
2
2
2
1
-1
-2
-1
-1
0
1
1
1
-1
-1
-1
-2
-1
0
0
0
-2
-2
0
-1
-4
-3
-1
-1
1
0
0
2
2
2
3
2
1
1
1
2
0
0
-1
0
1
0
-1
-2
-1
1
2
1
1
-2
-1
0
-2
1
-4
-1
1
-3
0
-3
0
0
-5
0
0
2
0
-4
-1
1
0
0
1
0
-1
1
1
2
5
2
2
3
1
0
0
0
0
-1
0
0
0
-1
1
1
1
1
1
-1
0
0
-1
0
-1
-2
-3
-1
-2
-3
-3
-1
0
-3
-6
-5
-2
0
-2
-3
0
3
3
0
0
0
1
3
4
6
7
6
6
6
6
6
6
7
9
8
8
6
4
5
3
4
1
0
0
-1
0
2
1
1
-1
0
-2
0
0
0
0
0
-1
-1
-2
0
1
1
2
1
1
0
-2
-2
-3
-6
-4
-5
-7
-3
-6
-7
-5
-8
-8
-3
-5
-6
-6
-10
-7
-2
-1
-1
-3
-2
3
1
0
0
4
7
7
6
8
9
9
6
7
7
8
7
7
8
8
6
3
2
2
1
0
0
1
1
-2
-4
-5
-5
-8
-7
-8
-6
-6
-7
-7
-7
-7
-7
-6
-7
-8
-8
-10
-10
-10
-10
-11
-11
-8
-12
-12
-9
-9
-8
-7
-7
-4
-5
-4
2
-3
-6
-2
-4
-2
0
-6
-5
-1
-5
-7
-5
-3
0
-1
-4
-5
-5
-5
-5
-4
-1
-3
-2
-3
-2
-3
-1
-1
-2
-3
-1
4
6
2
4
8
11
9
11
13
16
19
22
20
25
28
26
28
29
27
30
32
31
33
34
33
35
33
30
30
30
32
32
29
27
24
24
26
24
20
19
16
13
16
11
8
10
6
5
3
0
0
-1
-5
-7
-8
-10
-12
-14
-15
-16
-18
-20
-22
-24
-25
-26
-27
-28
-27
-28
-29
-30
-29
-33
-35
-34
-33
-35
-38
-37
-32
-36
-39
-40
-42
-44
-48
-51
-53
-56
-55
-55
-58
-61
-65
-69
-63
-64
-68
-65
-61
-58
-55
-53
-51
-43
-35
-27
-13
-3
5
12
19
30
40
52
60
68
74
81
89
98
106
113
122
129
136
144
142
147
156
156
156
156
151
152
152
153
155
154
158
165
165
165
166
169
171
168
164
161
157
152
141
130
128
121
114
106
94
84
72
58
50
36
17
-7
-23
-36
-58
-79
-94
-112
-128
-145
-162
-171
-177
-189
-208
-224
-242
-257
-269
-277
-288
-306
-324
-335
-352
-372
-389
-403
-421
-434
-457
-482
-492
-515
-547
-563
-578
-592
-602
-614
-611
-600
-591
-568
-543
-519
-486
-447
-412
-375
-332
-284
-237
-184
-125
-67
-11
46
100
152
202
255
306
350
395
440
483
516
541
568
598
617
626
639
657
668
675
685
695
696
703
716
721
725
736
745
751
763
769
770
766
756
742
729
708
678
653
624
583
545
506
461
420
376
320
270
222
165
110
60
6
-47
-95
-143
-185
-230
-278
-315
-356
-405
-453
-502
-555
-605
-653
-704
-751
-806
-863
-909
-953
-1006
-1057
-1102
-1148
-1203
-1253
-1297
-1341
-1380
-1397
-1393
-1372
-1329
-1265
-1184
-1085
-967
-837
-702
-561
-422
-289
-157
-21
103
216
325
429
521
599
665
719
753
774
788
775
744
719
685
634
586
550
523
487
452
435
423
410
408
403
408
425
431
437
450
461
481
509
533
569
606
632
657
673
676
678
666
640
610
558
499
439
372
308
247
190
151
117
79
51
21
-13
-44
-76
-106
-138
-166
-184
-192
-197
-194
-184
-175
-169
-154
-136
-124
-111
-98
-92
-92
-84
-74
-68
-55
-32
-12
13
50
88
117
144
172
190
193
181
162
146
121
81
36
-12
-54
-111
-193
-268
-350
-464
-578
-695
-837
-981
-1109
-1229
-1339
-1429
-1488
-1516
-1511
-1475
-1417
-1332
-1213
-1079
-942
-792
-634
-486
-353
-216
-77
47
160
276
385
476
556
629
689
723
731
730
713
669
611
538
463
398
328
266
228
196
167
159
168
182
200
221
244
259
285
331
366
404
461
501
538
600
660
711
767
815
842
855
858
847
802
739
673
580
478
399
310
201
108
24
-85
-183
-255
-355
-465
-561
-651
-763
-854
-903
-975
-1026
-1021
-1005
-957
-860
-718
-579
-454
-301
-163
-28
114
232
301
336
384
407
422
474
528
546
552
582
613
638
679
702
666
622
575
519
484
453
431
384
355
382
391
393
431
444
404
360
320
265
202
126
36
-78
-176
-250
-332
-391
-444
-552
-676
-774
-882
-1018
-1164
-1311
-1474
-1639
-1748
-1800
-1833
-1833
-1793
-1718
-1611
-1464
-1293
-1126
-967
-838
-722
-601
-475
-350
-267
-190
-97
-11
84
203
325
420
487
538
580
606
627
633
605
563
525
480
457
467
474
473
474
482
511
550
586
617
622
613
627
643
657
701
752
768
794
853
910
956
1003
1037
1025
985
936
878
814
736
618
479
356
258
177
125
102
75
30
3
-4
-5
-3
-7
-30
-77
-141
-185
-200
-225
-247
-249
-265
-269
-225
-176
-132
-82
-62
-70
-66
-52
-40
-27
-14
-24
-46
-31
20
63
99
133
149
152
160
170
175
172
151
102
47
10
-23
-68
-118
-180
-266
-358
-440
-524
-615
-716
-847
-997
-1137
-1268
-1399
-1520
-1632
-1732
-1792
-1810
-1807
-1764
-1671
-1562
-1451
-1313
-1151
-995
-845
-695
-549
-416
-277
-137
1
151
311
448
573
709
826
908
975
1019
1008
971
944
887
798
733
676
605
558
534
513
487
486
499
469
444
465
433
380
400
409
375
408
494
535
573
690
803
850
919
1008
1022
999
1008
982
883
799
740
635
538
497
405
270
193
118
-23
-152
-242
-371
-536
-662
-757
-847
-871
-822
-789
-752
-639
-510
-393
-236
-90
-45
-42
-10
8
-20
-20
10
-10
-32
22
93
159
260
342
353
349
365
366
350
334
296
225
186
201
207
221
275
290
252
232
246
253
232
181
106
-7
-95
-133
-183
-239
-278
-351
-443
-508
-558
-631
-724
-851
-1013
-1192
-1355
-1507
-1652
-1780
-1892
-1991
-2035
-1995
-1897
-1766
-1623
-1473
-1311
-1130
-953
-802
-654
-497
-378
-297
-179
-28
111
253
409
550
681
810
922
1019
1104
1146
1125
1090
1074
1013
919
870
815
718
664
647
600
571
582
565
518
514
528
488
444
455
446
418
455
522
546
599
708
778
823
908
964
931
903
885
793
678
599
484
321
209
140
56
10
43
67
43
57
105
111
100
108
70
-18
-76
-99
-131
-141
-104
-87
-103
-64
20
81
136
169
132
83
72
44
4
15
36
3
-8
52
114
145
187
224
196
152
147
136
106
76
-1
-102
-153
-175
-219
-256
-267
-308
-408
-483
-521
-596
-696
-809
-965
-1142
-1315
-1482
-1656
-1826
-1971
-2102
-2200
-2220
-2204
-2161
-2069
-1960
-1849
-1696
-1506
-1327
-1155
-960
-777
-634
-459
-243
-49
135
346
547
722
913
1100
1220
1312
1412
1430
1381
1360
1333
1245
1152
1086
1000
906
868
841
773
739
747
703
635
632
640
582
530
530
512
484
518
564
594
669
754
772
785
851
876
821
783
749
625
482
405
326
244
233
246
205
170
186
188
176
185
153
52
-37
-82
-135
-177
-162
-161
-198
-180
-91
-11
54
131
151
118
108
99
69
66
56
-9
-56
-29
24
48
77
130
131
85
88
115
105
82
48
-13
-45
-32
-30
-43
-47
-69
-116
-130
-98
-98
-156
-214
-279
-375
-459
-512
-596
-715
-822
-922
-1046
-1150
-1226
-1339
-1491
-1637
-1759
-1855
-1922
-1985
-2059
-2099
-2074
-2014
-1903
-1713
-1510
-1339
-1152
-919
-661
-417
-190
27
214
378
562
762
942
1085
1198
1292
1352
1397
1450
1463
1392
1295
1200
1083
990
928
834
733
678
626
545
537
594
573
505
516
536
495
503
561
549
525
575
621
630
682
749
740
732
787
799
740
712
702
615
505
430
321
193
126
64
-31
-44
18
18
-9
44
102
98
111
145
113
42
7
-33
-94
-100
-67
-79
-92
-37
20
50
107
154
126
94
106
100
77
89
79
17
4
78
117
99
117
145
101
43
33
15
-36
-80
-135
-201
-217
-202
-235
-289
-309
-340
-398
-427
-450
-525
-622
-695
-791
-906
-980
-1052
-1196
-1357
-1478
-1611
-1757
-1836
-1869
-1927
-1989
-1990
-1946
-1871
-1746
-1605
-1486
-1336
-1153
-1001
-830
-591
-386
-248
-47
198
391
615
901
1096
1199
1341
1466
1481
1500
1546
1474
1314
1225
1157
1029
943
926
847
742
736
728
663
689
746
667
589
635
638
560
577
658
631
594
675
729
732
814
854
747
661
658
610
511
460
387
213
74
43
8
-14
47
79
26
39
126
154
151
195
175
34
-61
-52
-55
-65
-31
-36
-89
-59
39
89
128
174
120
1
-45
-51
-95
-116
-111
-160
-201
-138
-56
-41
-12
30
-21
-95
-69
-28
-71
-113
-135
-194
-233
-190
-160
-175
-168
-178
-248
-285
-261
-275
-340
-388
-451
-570
-642
-659
-753
-900
-995
-1110
-1283
-1411
-1477
-1581
-1727
-1820
-1889
-1959
-1930
-1844
-1819
-1764
-1630
-1521
-1393
-1155
-898
-704
-510
-264
-43
164
417
643
810
1002
1158
1225
1334
1477
1491
1415
1375
1312
1186
1114
1099
987
836
789
732
604
585
619
547
484
523
525
475
518
600
580
560
637
667
633
691
762
706
669
722
676
574
583
561
431
379
377
264
150
146
130
54
68
148
121
76
144
192
174
204
226
150
91
122
105
38
61
80
-33
-95
-19
4
-36
3
16
-59
-72
-21
-30
-68
-56
-72
-140
-122
-44
-44
-51
-17
-42
-100
-89
-63
-95
-136
-146
-187
-240
-225
-186
-205
-222
-217
-255
-290
-274
-276
-330
-389
-463
-568
-659
-716
-777
-885
-1015
-1131
-1247
-1374
-1478
-1572
-1696
-1824
-1922
-1981
-1989
-1933
-1845
-1750
-1626
-1466
-1288
-1084
-848
-611
-385
-180
9
233
492
716
908
1108
1262
1339
1413
1491
1485
1421
1355
1243
1092
1005
952
828
705
671
617
526
538
591
548
505
535
540
514
546
580
550
542
587
581
572
662
716
642
600
631
602
551
554
505
371
280
226
138
119
199
210
142
175
266
281
307
377
335
203
153
133
68
48
51
-31
-104
-53
25
66
135
182
119
61
85
93
52
42
18
-111
-198
-137
-82
-87
-63
-40
-67
-61
-10
9
7
20
-21
-120
-147
-110
-137
-197
-209
-218
-256
-261
-231
-237
-276
-327
-417
-511
-550
-596
-718
-845
-924
-1024
-1169
-1266
-1333
-1465
-1615
-1734
-1842
-1927
-1965
-1994
-2031
-2011
-1924
-1818
-1692
-1514
-1303
-1085
-863
-643
-399
-128
121
344
574
788
955
1101
1244
1338
1365
1359
1313
1230
1177
1135
1033
928
875
805
720
683
661
615
579
561
528
510
548
569
541
537
571
584
583
601
606
576
567
567
537
554
625
616
559
575
619
609
597
622
600
528
490
475
443
435
425
364
316
318
314
273
257
256
190
110
112
115
59
45
66
32
-2
21
17
-26
-33
-20
-54
-87
-71
-83
-128
-128
-117
-154
-171
-147
-160
-195
-186
-180
-218
-237
-233
-269
-320
-323
-330
-374
-395
-394
-419
-435
-407
-401
-446
-484
-507
-597
-708
-763
-825
-948
-1080
-1214
-1367
-1500
-1600
-1709
-1819
-1897
-1966
-2034
-2022
-1931
-1859
-1777
-1633
-1485
-1325
-1087
-824
-600
-377
-140
62
249
494
727
862
971
1096
1164
1203
1272
1297
1253
1226
1201
1120
1040
1021
966
867
811
772
714
687
693
689
664
659
669
651
646
661
633
593
566
528
505
508
511
506
516
546
566
592
654
707
703
676
679
683
647
612
605
577
537
516
491
477
485
465
417
378
337
259
168
110
49
-40
-101
-125
-147
-154
-137
-133
-143
-116
-66
-57
-65
-62
-80
-121
-129
-118
-127
-121
-100
-112
-104
-44
-24
-62
-70
-69
-124
-182
-200
-246
-322
-379
-426
-469
-476
-475
-517
-580
-627
-684
-759
-824
-910
-1053
-1214
-1356
-1506
-1660
-1767
-1842
-1935
-2021
-2048
-2023
-1962
-1843
-1707
-1596
-1454
-1254
-1062
-870
-622
-406
-274
-106
121
289
429
619
759
806
885
987
995
975
1010
974
838
775
768
667
574
604
578
461
490
616
624
634
754
797
768
844
926
866
820
862
805
697
742
789
686
642
688
623
558
634
640
512
463
459
360
316
429
468
392
432
543
568
636
776
775
661
620
586
469
397
394
280
113
86
118
98
129
196
141
53
85
112
53
45
65
-30
-137
-101
-35
-30
-13
13
-26
-58
-21
-12
-45
-39
-76
-210
-265
-216
-248
-342
-385
-434
-532
-566
-526
-550
-634
-688
-787
-913
-932
-917
-998
-1115
-1226
-1385
-1556
-1654
-1725
-1848
-1957
-2023
-2114
-2153
-2045
-1908
-1824
-1710
-1543
-1377
-1185
-936
-692
-503
-356
-217
-47
172
392
565
684
792
887
961
1043
1099
1080
1015
906
780
719
689
617
524
460
445
465
535
655
756
809
852
903
970
1048
1090
1056
982
928
896
883
919
963
965
937
935
983
1036
1062
1063
986
877
824
794
750
733
706
640
582
592
652
690
685
648
579
505
446
386
333
274
171
46
-14
-10
-17
-57
-97
-138
-184
-213
-219
-216
-217
-239
-284
-308
-271
-217
-195
-181
-174
-195
-198
-163
-155
-180
-187
-209
-278
-334
-338
-360
-437
-532
-614
-677
-738
-815
-907
-1003
-1095
-1196
-1280
-1319
-1368
-1479
-1623
-1759
-1865
-1915
-1943
-1987
-2021
-2019
-1988
-1891
-1681
-1435
-1235
-1023
-780
-562
-315
-12
225
376
532
668
728
817
968
1029
991
1002
1023
975
952
959
861
700
604
486
315
244
229
103
-31
-18
25
41
138
265
321
392
541
654
721
828
898
871
889
980
995
972
1017
1036
979
975
1013
954
854
795
693
576
570
587
534
499
517
517
543
651
730
702
671
685
649
600
616
591
470
383
376
362
349
390
393
309
249
243
195
149
154
93
-38
-74
-16
-8
-35
-27
-51
-148
-196
-161
-151
-175
-202
-283
-382
-405
-403
-469
-556
-633
-742
-860
-919
-961
-1063
-1204
-1356
-1525
-1647
-1711
-1820
-2009
-2188
-2329
-2484
-2602
-2598
-2546
-2537
-2505
-2407
-2232
-1944
-1609
-1320
-1054
-787
-532
-257
66
374
602
770
920
1067
1246
1434
1539
1561
1576
1567
1502
1472
1469
1332
1080
862
647
415
258
133
-67
-248
-314
-359
-402
-325
-205
-178
-147
-16
125
263
461
632
708
791
943
1078
1195
1333
1388
1336
1308
1323
1316
1308
1297
1219
1105
1029
992
973
980
967
868
727
645
624
595
549
499
430
352
329
390
475
523
519
483
454
469
512
526
483
422
381
346
328
363
409
390
333
293
276
272
253
192
106
3
-90
-152
-178
-196
-253
-356
-461
-571
-666
-773
-938
-1138
-1373
-1637
-1891
-2143
-2369
-2585
-2840
-3073
-3263
-3433
-3542
-3562
-3518
-3456
-3379
-3191
-2886
-2545
-2149
-1712
-1290
-858
-394
59
488
901
1234
1466
1686
1892
2039
2179
2288
2278
2193
2125
2039
1869
1662
1441
1119
739
451
198
-90
-312
-469
-667
-825
-828
-779
-753
-654
-521
-449
-335
-93
135
297
496
693
831
1036
1316
1514
1647
1794
1864
1847
1859
1836
1676
1451
1231
970
716
564
441
291
191
148
114
178
353
462
458
482
526
494
476
544
547
446
420
476
508
586
720
750
688
710
775
741
704
732
660
489
428
475
457
430
472
447
341
318
357
306
197
80
-105
-312
-440
-559
-752
-970
-1207
-1515
-1839
-2112
-2418
-2808
-3200
-3578
-3971
-4308
-4506
-4634
-4721
-4680
-4516
-4295
-3946
-3408
-2812
-2242
-1630
-991
-412
167
786
1285
1612
1932
2231
2395
2519
2683
2745
2642
2511
2375
2115
1803
1545
1155
624
219
-116
-552
-902
-1048
-1226
-1444
-1447
-1300
-1213
-1034
-720
-507
-314
38
374
609
921
1270
1483
1655
1913
2123
2234
2345
2389
2296
2177
2029
1756
1416
1079
685
286
-8
-181
-302
-422
-503
-478
-327
-101
98
260
415
533
656
857
1047
1135
1171
1226
1270
1315
1435
1525
1474
1401
1336
1212
1116
1083
982
808
684
636
611
649
762
797
733
717
723
640
566
567
494
290
95
-30
-139
-262
-418
-637
-909
-1214
-1546
-1908
-2328
-2849
-3454
-4063
-4600
-5044
-5399
-5644
-5745
-5646
-5335
-4887
-4346
-3667
-2876
-2083
-1310
-565
110
744
1311
1706
2002
2337
2572
2625
2692
2768
2674
2486
2280
1934
1482
1072
598
-22
-538
-873
-1330
-1829
-1951
-1857
-1899
-1830
-1459
-1120
-845
-375
116
450
883
1329
1526
1751
2188
2467
2496
2620
2846
2864
2751
2723
2599
2269
1927
1512
955
499
104
-493
-1091
-1435
-1665
-1839
-1774
-1457
-1087
-746
-376
42
545
1143
1582
1709
1754
1853
1884
1839
1796
1727
1569
1337
1142
1098
1137
1073
872
679
575
521
490
473
488
545
584
598
717
994
1214
1191
1084
1093
1093
930
720
557
336
33
-253
-499
-752
-1068
-1541
-2152
-2741
-3271
-3853
-4513
-5153
-5665
-6044
-6349
-6423
-6064
-5479
-4943
-4309
-3422
-2406
-1381
-415
360
969
1553
1980
2181
2473
2807
2717
2404
2325
2200
1815
1522
1192
493
-182
-574
-1132
-1862
-2201
-2311
-2717
-2996
-2653
-2199
-1906
-1318
-599
-145
414
1134
1572
1942
2492
2720
2565
2684
3057
3056
2839
2860
2801
2482
2311
2137
1655
1213
795
40
-640
-877
-1152
-1650
-1942
-1927
-1854
-1625
-1002
-218
452
1063
1551
1938
2548
3186
3249
2828
2469
2233
1857
1387
1022
678
204
-249
-431
-345
-212
-191
-249
-249
-81
235
575
845
1116
1476
1806
1979
2211
2607
2769
2481
2137
1956
1713
1371
1050
651
154
-275
-615
-935
-1219
-1601
-2263
-3059
-3731
-4282
-4823
-5372
-5891
-6290
-6441
-6328
-5952
-5246
-4285
-3360
-2579
-1676
-508
620
1402
1944
2376
2592
2648
2753
2792
2597
2292
1849
1201
733
505
-109
-1100
-1754
-2180
-2851
-3322
-3277
-3174
-3105
-2774
-2232
-1555
-619
353
909
1320
2017
2500
2540
2718
2973
2840
2481
2263
2191
2083
1877
1581
1183
845
563
136
-276
-504
-816
-1254
-1490
-1466
-1344
-1151
-924
-690
-246
498
1272
1904
2453
2855
2991
3024
3188
3314
3004
2250
1475
962
602
215
-226
-667
-1013
-1163
-1107
-893
-580
-259
-63
82
464
1137
1717
2015
2261
2556
2768
2949
3121
3061
2744
2383
1933
1352
931
727
324
-334
-785
-916
-1123
-1537
-1928
-2313
-2903
-3664
-4359
-4858
-5233
-5663
-6116
-6264
-6000
-5510
-4758
-3677
-2604
-1744
-848
160
1078
1870
2452
2591
2413
2326
2353
2249
1981
1590
1005
301
-320
-871
-1466
-2096
-2804
-3509
-3832
-3709
-3523
-3212
-2463
-1637
-1033
-175
1002
1864
2332
2745
2969
2867
2736
2677
2456
2070
1648
1159
734
535
264
-249
-653
-912
-1302
-1575
-1452
-1257
-1196
-1026
-651
-207
314
871
1231
1419
1625
1735
1740
1888
2148
2354
2432
2258
1936
1861
1969
1751
1151
550
-1
-570
-869
-906
-990
-1014
-818
-542
-39
818
1515
1758
2010
2480
2775
2857
3075
3283
3162
2959
2825
2532
2199
1977
1538
811
241
-66
-441
-891
-1150
-1266
-1441
-1702
-1956
-2096
-2208
-2650
-3402
-4038
-4514
-4993
-5334
-5432
-5338
-4985
-4293
-3370
-2425
-1515
-613
160
810
1420
1798
1889
1855
1726
1602
1531
1293
962
789
474
-189
-723
-1075
-1738
-2492
-2819
-2974
-3148
-2890
-2220
-1628
-972
-9
863
1474
2145
2703
2775
2670
2639
2298
1778
1582
1342
765
366
204
-163
-616
-840
-1019
-1353
-1611
-1636
-1528
-1214
-767
-441
-40
562
978
1230
1635
1894
1758
1563
1416
1109
801
824
1020
1057
1098
1168
976
804
871
730
290
-143
-503
-787
-839
-555
-185
20
313
871
1450
1938
2367
2661
2770
2820
2932
3015
2967
2899
2847
2581
2095
1744
1565
1139
463
-24
-327
-754
-1124
-1103
-936
-1043
-1325
-1517
-1720
-2140
-2724
-3366
-4078
-4813
-5372
-5616
-5569
-5248
-4588
-3673
-2788
-2067
-1289
-320
555
1039
1298
1550
1631
1521
1608
1859
1760
1369
1070
697
150
-250
-712
-1607
-2412
-2708
-2953
-3185
-2858
-2177
-1683
-1156
-307
562
1288
1965
2360
2389
2476
2603
2297
1865
1864
1760
1023
340
195
-42
-697
-1298
-1615
-1790
-1930
-2030
-1806
-1174
-664
-491
-161
530
1120
1315
1396
1511
1486
1381
1187
822
694
970
1183
1262
1447
1472
1161
918
856
639
296
-159
-852
-1205
-797
-334
-278
-112
428
918
1252
1799
2409
2625
2607
2735
2975
3177
3264
3203
2996
2619
2194
1894
1547
1008
508
151
-204
-562
-719
-674
-790
-1112
-1366
-1716
-2285
-2798
-3358
-4120
-4828
-5310
-5587
-5624
-5267
-4438
-3397
-2486
-1813
-1120
-106
891
1382
1617
1864
1848
1667
1785
2023
1944
1649
1208
466
-250
-629
-1122
-2035
-2818
-3129
-3304
-3360
-2922
-2176
-1585
-1009
-181
738
1626
2402
2800
2882
3023
3117
2896
2585
2366
1975
1270
458
-243
-745
-1201
-1859
-2536
-2812
-2773
-2738
-2575
-2060
-1447
-1013
-485
359
1196
1810
2227
2425
2619
2973
3117
2822
2386
2015
1548
923
392
81
-270
-776
-1239
-1476
-1352
-1002
-862
-837
-447
103
348
553
1057
1508
1596
1687
2074
2484
2742
2885
2879
2855
2963
2903
2438
1942
1721
1418
771
209
73
33
-257
-553
-545
-450
-603
-917
-1156
-1407
-1930
-2638
-3201
-3686
-4308
-4870
-5157
-5229
-4999
-4299
-3335
-2533
-1908
-1117
-195
574
1270
1921
2107
1849
1815
2097
2151
1866
1422
828
228
-294
-896
-1469
-1867
-2358
-2949
-3100
-2683
-2249
-1917
-1260
-456
105
810
1855
2580
2776
2956
3108
2925
2686
2525
2113
1484
790
-17
-727
-1199
-1681
-2222
-2560
-2648
-2682
-2623
-2208
-1544
-1016
-608
-138
309
676
959
1094
1273
1710
2190
2453
2486
2289
1973
1729
1460
980
419
-139
-817
-1356
-1354
-1019
-827
-828
-753
-444
-6
425
778
964
1082
1302
1595
1967
2512
3026
3153
3001
3066
3373
3369
2845
2217
1752
1221
550
169
250
277
-76
-446
-513
-520
-766
-1236
-1808
-2404
-2986
-3580
-4120
-4525
-4824
-5024
-5076
-4805
-4008
-2891
-2008
-1489
-867
131
1075
1622
2019
2289
2177
1906
1796
1679
1403
1040
461
-316
-821
-1082
-1631
-2212
-2363
-2477
-2731
-2555
-1876
-1257
-739
6
803
1505
2299
2987
3307
3431
3449
3260
2901
2477
1934
1223
537
-157
-1015
-1676
-2028
-2462
-2840
-2881
-2743
-2437
-1832
-1108
-536
-47
483
862
1114
1443
1557
1298
1088
968
658
401
437
625
885
1049
850
480
412
525
294
-106
-229
-407
-735
-666
-254
21
74
30
70
344
810
1235
1456
1734
2241
2649
2861
3183
3593
3672
3228
2622
2265
1995
1415
693
301
129
-205
-532
-567
-553
-811
-1281
-1762
-2207
-2687
-3292
-4052
-4734
-5069
-5161
-5132
-4774
-3916
-2746
-1743
-1106
-482
391
1255
1665
1623
1611
1639
1355
1127
1301
1264
682
57
-465
-1025
-1372
-1644
-2265
-2744
-2647
-2558
-2523
-1903
-974
-416
21
839
1758
2385
2903
3311
3355
3304
3334
3041
2491
2065
1524
657
-213
-899
-1424
-1811
-2215
-2581
-2552
-2140
-1825
-1588
-962
-232
93
370
863
1182
1220
1091
782
525
606
846
974
1072
1077
839
588
489
446
406
52
-744
-1280
-1094
-748
-744
-704
-368
-173
-83
355
838
993
1100
1168
1113
1461
2234
2547
2314
2386
2794
2850
2607
2539
2493
2059
1366
845
631
504
222
-208
-567
-810
-1130
-1495
-1765
-2102
-2643
-3245
-3855
-4414
-4614
-4483
-4411
-4195
-3365
-2203
-1238
-483
226
916
1552
2010
2106
1907
1759
1615
1216
938
890
410
-364
-774
-1143
-1778
-2203
-2445
-2807
-2876
-2535
-2271
-1877
-888
92
510
1007
1987
2749
2992
3230
3441
3251
2935
2683
2246
1701
1149
353
-492
-1037
-1486
-1909
-2087
-2128
-2115
-1820
-1232
-634
-159
271
628
852
1088
1314
1251
977
744
469
196
154
288
511
811
915
643
331
381
594
459
60
-315
-671
-783
-568
-407
-406
-444
-437
-371
-250
169
768
981
896
1131
1812
2338
2358
2413
2621
2425
2008
1848
1836
1707
1360
941
692
623
484
8
-585
-913
-1248
-1931
-2655
-3018
-3331
-4122
-5023
-5315
-5151
-4968
-4609
-3669
-2248
-1085
-438
354
1463
2269
2636
2851
2799
2421
2092
1832
1421
1032
630
-210
-1164
-1591
-1831
-2351
-2825
-3025
-3040
-2809
-2413
-1957
-1225
-252
491
1000
1860
2968
3542
3609
3708
3718
3353
2775
2151
1474
722
-121
-944
-1491
-1742
-1960
-2160
-2092
-1835
-1629
-1315
-703
-93
276
621
1029
1251
1247
1151
1003
866
874
1078
1373
1375
884
431
500
631
379
71
-126
-463
-758
-609
-201
17
-68
-298
-429
-301
-2
223
204
42
104
501
902
1170
1518
1770
1615
1430
1684
2048
1970
1535
1147
996
990
920
729
591
508
195
-360
-750
-894
-1309
-2238
-3154
-3615
-3940
-4497
-5000
-5062
-4846
-4634
-4136
-2941
-1440
-449
13
626
1614
2558
3055
3039
2780
2540
2210
1737
1408
1131
465
-523
-1441
-2136
-2461
-2532
-2832
-3156
-2839
-2176
-1703
-1024
41
841
1289
1928
2724
3381
3893
4103
3882
3510
3162
2669
1936
1151
312
-746
-1660
-2123
-2395
-2448
-2238
-2075
-1790
-1063
-227
362
761
1049
1163
1249
1444
1465
1282
1084
551
-261
-593
-311
36
309
645
683
256
87
465
739
629
276
-224
-418
-61
286
264
121
-70
-374
-582
-395
96
419
425
519
957
1576
2124
2342
2132
1752
1534
1469
1303
1029
939
893
550
227
261
212
-393
-1247
-1818
-2364
-3244
-3962
-4313
-4815
-5483
-5859
-5726
-5110
-4203
-3051
-1726
-621
132
865
1768
2619
3089
3125
2842
2391
2093
2012
1716
995
190
-571
-1499
-2308
-2512
-2470
-2794
-3189
-3009
-2328
-1610
-897
-10
901
1569
2124
2865
3663
4100
4104
3899
3582
3130
2573
1937
1215
395
-525
-1374
-1901
-2128
-2334
-2567
-2598
-2253
-1564
-675
258
1089
1681
2024
2305
2594
2644
2326
1874
1438
932
443
166
-5
-275
-573
-732
-781
-775
-691
-560
-416
-205
66
319
567
759
749
689
788
811
539
291
259
165
-4
102
427
626
723
923
1149
1224
1197
1168
1076
898
818
880
824
566
345
166
-244
-842
-1328
-1756
-2447
-3355
-4134
-4726
-5295
-5735
-5811
-5505
-4842
-3758
-2345
-910
253
1070
1748
2435
2924
3041
2866
2409
1797
1486
1426
945
59
-645
-1265
-2111
-2740
-2810
-2753
-2841
-2758
-2270
-1464
-556
229
850
1490
2202
2827
3336
3835
4162
4068
3650
3129
2551
1870
1121
299
-556
-1211
-1635
-1908
-1909
-1784
-1659
-1216
-529
143
929
1672
2046
2162
2236
2203
1905
1427
867
138
-548
-886
-841
-438
112
372
196
-34
38
229
334
438
332
-52
-167
179
544
659
468
80
-137
-75
105
352
532
526
541
731
988
1165
1180
977
596
389
573
743
649
634
720
566
274
200
248
30
-567
-1320
-1956
-2549
-3335
-4151
-4794
-5468
-6145
-6359
-5845
-4797
-3536
-2219
-1048
-131
851
1928
2669
3089
3290
3035
2508
2158
1915
1516
940
24
-1241
-2201
-2569
-2824
-3020
-2969
-2927
-2851
-2329
-1465
-713
-103
589
1260
1840
2559
3333
3861
4068
3889
3440
3024
2553
1792
948
182
-632
-1341
-1629
-1623
-1644
-1721
-1675
-1319
-657
83
809
1551
2072
2166
2094
2174
2309
2363
2404
2276
1713
989
668
734
733
451
-106
-762
-1076
-846
-480
-319
-316
-399
-367
46
585
825
846
832
729
691
913
1122
1063
880
728
658
788
1054
1122
816
381
183
224
242
181
213
311
212
-56
-239
-390
-708
-1240
-1867
-2432
-2989
-3549
-4071
-4732
-5423
-5907
-6164
-5758
-4470
-2960
-1680
-645
196
1174
2238
2835
2992
3031
2734
2101
1703
1582
1264
660
-217
-1342
-2133
-2351
-2620
-2955
-2892
-2712
-2469
-1734
-823
-122
572
1222
1648
2130
2942
3602
3601
3406
3336
2923
2228
1669
1110
420
-324
-1117
-1632
-1569
-1407
-1560
-1504
-963
-404
87
756
1507
2155
2614
2817
2772
2574
2202
1404
408
-122
-122
242
901
1275
957
359
28
72
273
431
285
-232
-518
-180
275
375
107
-308
-496
-336
101
757
1148
959
753
904
1239
1553
1561
1272
915
595
643
959
872
464
192
56
-50
-145
-238
-470
-914
-1386
-1877
-2411
-2944
-3732
-4790
-5723
-6307
-6381
-5860
-4883
-3569
-2232
-1276
-569
209
1092
1989
2579
2654
2518
2299
1874
1425
1012
318
-720
-1671
-2251
-2624
-2772
-2607
-2559
-2664
-2285
-1530
-953
-337
500
1196
1698
2289
3009
3523
3552
3268
2873
2408
1922
1358
790
316
-219
-713
-1025
-1300
-1424
-1305
-1135
-855
-309
391
1077
1708
2306
2717
2760
2590
2315
1801
1223
867
823
1173
1593
1494
879
233
-25
135
355
410
279
188
457
776
728
480
68
-508
-738
-352
231
547
535
397
308
351
508
669
759
789
793
946
1295
1463
1201
684
178
7
274
597
586
252
-138
-497
-934
-1386
-1918
-2776
-3816
-4651
-5167
-5501
-5706
-5620
-5160
-4355
-3202
-1968
-982
-121
711
1401
2063
2635
2676
2253
1814
1339
806
416
-182
-1210
-2005
-2301
-2590
-2836
-2697
-2431
-2278
-1956
-1322
-584
169
877
1429
1952
2550
3019
3191
3097
2780
2215
1540
968
421
-70
-345
-618
-907
-983
-960
-906
-834
-724
-325
273
845
1387
1873
2383
2760
2713
2475
2164
1587
940
517
526
1008
1458
1370
836
315
224
529
861
972
807
594
687
924
919
591
-31
-605
-637
-215
271
526
362
26
-58
178
492
626
601
592
633
757
989
1074
799
364
140
210
291
203
77
-46
-249
-596
-1153
-1813
-2532
-3408
-4229
-4860
-5424
-5784
-5783
-5337
-4373
-3216
-2244
-1499
-899
-208
742
1676
2258
2457
2342
1946
1410
942
466
-283
-1229
-1978
-2311
-2248
-2108
-2174
-2248
-2127
-1789
-1248
-678
-51
651
1181
1744
2544
3196
3482
3367
2889
2364
1798
1138
595
75
-554
-1024
-1286
-1464
-1459
-1304
-1152
-886
-320
499
1337
1954
2303
2482
2611
2783
2905
2786
2454
2074
1710
1339
925
468
2
-409
-553
-326
59
343
467
630
955
1231
1385
1480
1400
1190
1036
943
845
628
262
-89
-307
-258
28
210
209
231
240
174
141
172
227
236
258
522
871
923
647
204
-146
-335
-694
-1284
-1956
-2685
-3409
-4202
-5055
-5705
-5993
-5811
-5129
-4009
-2692
-1796
-1394
-803
140
1085
1742
1997
1967
1722
1343
963
448
-266
-1063
-1849
-2362
-2445
-2341
-2265
-2201
-2004
-1500
-807
-179
404
1000
1504
1964
2537
3149
3497
3413
3051
2598
2098
1552
892
171
-395
-859
-1350
-1633
-1608
-1538
-1468
-1131
-399
502
1230
1745
2233
2627
2717
2569
2411
2298
2108
1826
1571
1297
869
362
-87
-469
-745
-775
-580
-350
-85
325
740
957
1055
1186
1319
1380
1378
1338
1265
1133
888
551
258
84
-19
-77
-56
34
131
192
244
332
428
483
519
624
774
764
525
213
-51
-266
-555
-1053
-1708
-2471
-3359
-4279
-5096
-5611
-5625
-5230
-4470
-3343
-2383
-1928
-1447
-628
274
1079
1584
1712
1709
1640
1306
631
-164
-963
-1883
-2529
-2597
-2649
-2902
-2961
-2810
-2513
-1985
-1265
-489
237
972
1811
2715
3513
3904
3834
3622
3363
2959
2508
2011
1356
700
212
-194
-671
-1241
-1708
-1883
-1712
-1218
-695
-217
420
995
1430
1971
2508
2993
3367
3326
2882
2335
2090
2167
1935
1205
299
-572
-997
-918
-908
-1108
-1177
-969
-526
82
621
804
755
866
1206
1564
1737
1614
1271
945
796
753
614
345
71
-123
-193
-127
-43
-98
-154
56
451
738
849
811
544
138
-116
-211
-473
-1043
-1719
-2359
-3104
-4045
-4930
-5384
-5262
-4627
-3667
-2763
-2217
-1853
-1281
-458
401
1123
1585
1746
1757
1724
1504
910
-19
-1038
-1874
-2382
-2569
-2630
-2840
-3198
-3344
-3086
-2655
-2193
-1528
-602
426
1466
2476
3257
3648
3702
3590
3455
3306
3007
2460
1790
1122
370
-483
-1197
-1656
-1896
-1807
-1315
-711
-223
261
805
1351
1927
2448
2749
2926
3146
3283
3186
2872
2340
1636
990
532
136
-260
-604
-861
-987
-870
-557
-289
-196
-149
-21
200
497
817
1057
1170
1181
1084
895
664
442
260
166
173
201
162
41
-97
-168
-148
-54
106
303
450
454
344
200
29
-245
-693
-1264
-1836
-2359
-2953
-3718
-4488
-4915
-4791
-4204
-3390
-2643
-2220
-1998
-1485
-526
417
967
1246
1451
1600
1662
1487
894
17
-801
-1366
-1653
-1743
-1880
-2227
-2550
-2592
-2542
-2552
-2416
-1979
-1306
-440
591
1552
2160
2544
2901
3072
3035
2951
2784
2561
2378
2102
1581
882
193
-345
-633
-673
-641
-658
-558
-228
174
545
910
1191
1297
1346
1503
1756
2084
2527
2934
3006
2647
2012
1405
1070
887
577
15
-582
-806
-706
-707
-852
-978
-989
-806
-456
18
521
832
944
1040
1162
1230
1145
962
864
787
558
303
162
53
-30
-3
100
149
121
129
186
171
77
-98
-434
-871
-1287
-1756
-2421
-3261
-4053
-4465
-4343
-3817
-3209
-2793
-2567
-2358
-1923
-1110
-209
378
709
971
1182
1309
1255
917
303
-315
-688
-1001
-1366
-1599
-1807
-2165
-2464
-2507
-2457
-2491
-2374
-1793
-962
-225
410
994
1503
1946
2301
2510
2569
2518
2403
2256
2034
1635
1016
358
-126
-427
-513
-364
-155
-6
118
322
715
1169
1537
1858
2148
2426
2697
2853
2817
2628
2433
2317
2143
1798
1328
816
391
41
-372
-731
-778
-605
-457
-306
-76
21
-151
-218
124
529
669
686
647
532
461
385
176
-32
-135
-246
-333
-256
-145
-204
-300
-219
-12
120
70
-67
-149
-217
-415
-764
-1179
-1598
-2039
-2562
-3148
-3672
-4015
-4000
-3469
-2703
-2281
-2264
-2113
-1552
-834
-177
354
647
754
921
1144
1144
872
494
40
-398
-614
-763
-1124
-1536
-1721
-1770
-1895
-1956
-1846
-1769
-1584
-980
-292
160
619
1166
1558
1814
2168
2437
2350
2227
2249
2064
1611
1137
684
208
-204
-404
-467
-566
-650
-601
-414
-89
355
941
1720
2455
2764
2661
2547
2680
2952
3177
3155
2731
2138
1806
1589
1007
129
-569
-856
-842
-649
-390
-347
-541
-518
-181
157
424
635
758
936
1216
1326
1084
712
489
345
170
66
-66
-351
-501
-344
-183
-222
-327
-368
-441
-592
-660
-737
-1062
-1410
-1540
-1758
-2330
-3055
-3607
-3826
-3654
-3153
-2620
-2334
-2232
-2074
-1703
-1129
-542
-164
34
298
669
893
836
640
389
48
-312
-563
-762
-1046
-1369
-1578
-1660
-1707
-1767
-1807
-1720
-1374
-841
-373
14
532
1096
1463
1720
2017
2158
2043
1972
2047
1902
1426
922
550
219
-136
-384
-411
-373
-361
-246
-11
304
661
961
1245
1565
1848
2100
2382
2623
2703
2653
2618
2559
2309
1920
1568
1241
816
359
32
-179
-373
-492
-453
-387
-427
-450
-267
18
209
340
506
601
558
562
707
762
605
427
332
175
-70
-231
-304
-424
-473
-321
-165
-225
-425
-581
-696
-905
-1134
-1315
-1608
-2021
-2390
-2721
-3093
-3440
-3501
-3155
-2694
-2369
-2094
-1772
-1393
-958
-539
-229
-6
242
512
699
785
738
485
150
-91
-308
-547
-707
-843
-1106
-1405
-1534
-1605
-1754
-1684
-1299
-989
-765
-304
257
628
912
1331
1707
1841
1984
2207
2205
1976
1727
1482
1201
925
722
499
119
-236
-397
-497
-544
-402
-152
44
216
492
828
1049
1290
1880
2616
2982
2953
2812
2666
2523
2413
2204
1680
1015
652
556
312
-117
-504
-822
-1028
-902
-503
-262
-294
-187
135
310
366
504
589
586
742
1026
1077
828
641
602
437
217
132
35
-154
-232
-217
-384
-737
-1093
-1270
-1465
-1808
-2074
-2296
-2526
-2768
-2875
-2805
-2763
-2642
-2395
-2158
-1996
-1696
-1176
-753
-501
-244
4
103
154
361
576
495
257
179
109
-146
-421
-658
-978
-1340
-1505
-1554
-1713
-1822
-1756
-1611
-1468
-1145
-647
-188
153
533
1114
1491
1635
1749
1797
1773
1598
1524
1458
1194
899
666
452
102
-225
-376
-336
-149
-12
148
313
519
861
1214
1640
2002
2287
2587
2819
2898
2748
2535
2219
1879
1635
1442
1252
920
615
364
71
-185
-374
-455
-414
-284
-152
-72
-89
-123
-96
-21
95
181
193
225
300
359
393
346
209
103
77
148
223
133
-64
-236
-393
-578
-809
-1046
-1235
-1391
-1549
-1749
-2002
-2285
-2554
-2708
-2639
-2441
-2289
-2176
-1992
-1742
-1512
-1297
-1077
-911
-783
-542
-169
108
149
84
53
5
-84
-140
-208
-374
-545
-675
-896
-1203
-1417
-1454
-1464
-1454
-1240
-946
-694
-391
22
438
711
984
1293
1474
1585
1673
1738
1729
1579
1384
1196
1006
787
560
404
341
337
352
346
307
359
514
737
1057
1483
1827
2009
2180
2250
2183
2051
2015
2036
1908
1716
1562
1467
1249
950
719
472
222
94
180
232
126
3
-93
-143
-148
-56
47
96
129
173
247
245
143
68
76
142
218
300
292
148
-89
-280
-372
-546
-737
-879
-982
-1072
-1220
-1432
-1757
-2056
-2253
-2318
-2287
-2285
-2320
-2402
-2385
-2327
-2280
-2120
-1852
-1576
-1329
-1044
-830
-735
-650
-577
-514
-493
-450
-323
-270
-372
-507
-643
-857
-1023
-1078
-1138
-1225
-1284
-1179
-1045
-899
-590
-280
-35
234
592
889
1104
1324
1487
1582
1545
1484
1456
1358
1246
1188
1180
1164
1078
960
916
927
979
1113
1281
1425
1589
1820
2047
2198
2295
2310
2210
2099
2078
2050
1911
1702
1518
1375
1220
1066
929
701
437
353
386
327
208
135
53
-66
-96
-34
-80
-247
-335
-324
-340
-390
-409
-428
-464
-452
-395
-402
-478
-563
-657
-721
-735
-734
-852
-1033
-1068
-1077
-1219
-1460
-1633
-1736
-1907
-1998
-1958
-1991
-2188
-2353
-2370
-2364
-2345
-2177
-1880
-1624
-1384
-1108
-921
-841
-728
-547
-345
-161
-31
69
139
94
-60
-219
-358
-522
-665
-661
-590
-668
-812
-787
-644
-525
-391
-124
210
450
640
954
1280
1416
1470
1563
1629
1567
1521
1585
1568
1404
1224
1129
963
784
798
898
952
943
1088
1358
1491
1610
1809
1965
1954
1881
1936
1978
1931
1835
1741
1632
1407
1224
1141
974
669
403
408
464
319
112
-4
-83
-242
-350
-269
-215
-284
-274
-116
-19
-138
-214
-161
-149
-173
-192
-222
-364
-532
-623
-741
-901
-1074
-1194
-1233
-1219
-1200
-1270
-1451
-1635
-1703
-1731
-1808
-1879
-1872
-1842
-1879
-1932
-1943
-1970
-1975
-1834
-1619
-1472
-1373
-1260
-1111
-961
-871
-836
-799
-677
-476
-290
-192
-186
-257
-373
-455
-507
-519
-488
-470
-417
-321
-191
-100
-61
35
170
338
536
760
981
1119
1184
1209
1202
1160
1131
1181
1273
1323
1320
1303
1268
1227
1208
1198
1207
1239
1380
1564
1701
1791
1793
1781
1785
1809
1850
1812
1751
1681
1556
1404
1272
1127
925
751
649
613
592
504
383
234
101
-32
-171
-277
-367
-397
-395
-329
-277
-332
-383
-404
-346
-310
-326
-296
-324
-441
-570
-633
-732
-885
-966
-987
-990
-1041
-1107
-1161
-1307
-1479
-1588
-1612
-1613
-1671
-1701
-1732
-1809
-1867
-1857
-1824
-1818
-1759
-1586
-1370
-1245
-1174
-1066
-1005
-987
-864
-653
-501
-398
-266
-153
-144
-188
-217
-269
-315
-275
-234
-254
-254
-207
-174
-164
-120
-4
130
254
452
684
835
919
989
1060
1135
1172
1197
1268
1312
1269
1228
1246
1227
1123
1055
1083
1124
1179
1309
1446
1468
1417
1435
1545
1648
1707
1750
1750
1705
1659
1623
1562
1392
1153
1012
972
910
779
604
438
286
144
70
41
-48
-189
-238
-166
-139
-222
-251
-208
-208
-180
-62
-6
-93
-210
-270
-312
-404
-524
-601
-662
-765
-836
-862
-980
-1183
-1276
-1270
-1350
-1465
-1509
-1585
-1724
-1789
-1777
-1799
-1869
-1896
-1839
-1769
-1689
-1572
-1483
-1483
-1479
-1380
-1246
-1168
-1084
-912
-766
-709
-597
-451
-440
-479
-422
-347
-367
-429
-421
-390
-421
-404
-293
-210
-156
-16
159
263
349
509
672
765
908
1117
1209
1213
1293
1359
1301
1221
1216
1246
1230
1199
1208
1189
1133
1147
1234
1306
1348
1394
1466
1568
1687
1771
1757
1676
1606
1548
1500
1501
1498
1405
1234
1082
972
809
594
438
319
200
141
129
81
-54
-211
-260
-243
-256
-241
-159
-92
-96
-86
-34
-86
-237
-311
-309
-336
-391
-439
-490
-589
-715
-797
-875
-1001
-1068
-1034
-1024
-1102
-1197
-1310
-1495
-1638
-1656
-1696
-1843
-1920
-1838
-1766
-1768
-1698
-1584
-1587
-1636
-1554
-1389
-1276
-1169
-967
-777
-697
-620
-497
-409
-384
-388
-349
-305
-348
-409
-405
-416
-480
-502
-416
-312
-247
-136
50
223
352
482
656
832
975
1103
1213
1301
1350
1341
1362
1439
1446
1415
1452
1485
1429
1367
1354
1336
1306
1342
1408
1433
1475
1557
1567
1515
1510
1520
1494
1511
1575
1568
1483
1401
1301
1141
987
855
701
558
432
295
156
28
-97
-217
-291
-267
-245
-302
-292
-184
-172
-213
-172
-139
-224
-363
-422
-386
-433
-569
-585
-563
-696
-844
-850
-874
-1024
-1104
-1042
-1061
-1203
-1293
-1347
-1479
-1648
-1724
-1709
-1717
-1768
-1770
-1707
-1677
-1703
-1675
-1591
-1568
-1541
-1397
-1225
-1144
-1077
-919
-747
-682
-617
-442
-329
-364
-350
-278
-321
-407
-387
-335
-330
-322
-253
-170
-108
-24
97
222
348
471
611
782
937
1024
1091
1156
1190
1243
1364
1484
1506
1503
1558
1557
1449
1402
1441
1419
1357
1366
1421
1396
1283
1238
1280
1252
1154
1121
1151
1134
1091
1137
1204
1116
958
901
862
752
651
577
466
301
156
106
69
-65
-203
-252
-256
-254
-220
-140
-104
-185
-264
-251
-257
-346
-403
-364
-325
-384
-433
-389
-419
-532
-534
-484
-536
-636
-663
-667
-784
-944
-1034
-1179
-1392
-1470
-1428
-1438
-1541
-1633
-1653
-1674
-1710
-1656
-1535
-1483
-1479
-1372
-1166
-1022
-961
-852
-705
-627
-573
-461
-347
-335
-394
-394
-372
-446
-501
-443
-416
-483
-523
-461
-379
-364
-318
-148
14
92
226
456
632
697
791
969
1098
1143
1245
1406
1491
1490
1509
1562
1573
1551
1578
1614
1594
1567
1564
1558
1539
1494
1457
1449
1429
1411
1447
1478
1463
1435
1388
1314
1203
1064
970
885
757
666
584
436
292
196
140
61
-54
-84
-47
-86
-140
-138
-179
-307
-406
-403
-432
-554
-630
-641
-697
-787
-828
-853
-902
-947
-949
-934
-940
-986
-1081
-1196
-1293
-1376
-1465
-1559
-1651
-1707
-1707
-1698
-1719
-1762
-1788
-1765
-1697
-1564
-1411
-1361
-1346
-1222
-1064
-962
-839
-677
-554
-480
-374
-240
-200
-246
-241
-197
-198
-208
-184
-131
-98
-110
-66
5
0
23
146
287
395
493
615
703
712
779
931
1028
1066
1127
1227
1304
1336
1402
1473
1435
1370
1409
1469
1465
1450
1448
1419
1375
1362
1371
1336
1251
1182
1159
1162
1161
1129
1065
999
921
828
752
706
627
519
462
415
302
194
164
115
9
-22
26
-1
-75
-70
-55
-136
-235
-257
-282
-387
-463
-455
-483
-576
-623
-623
-657
-720
-758
-784
-851
-935
-994
-1068
-1190
-1314
-1406
-1498
-1592
-1642
-1649
-1678
-1728
-1735
-1709
-1688
-1641
-1534
-1438
-1392
-1300
-1151
-1034
-941
-805
-645
-528
-440
-338
-262
-259
-270
-236
-196
-206
-226
-177
-114
-107
-80
-15
21
40
124
267
385
467
561
666
754
820
904
1026
1129
1185
1263
1376
1447
1449
1461
1515
1508
1449
1456
1477
1415
1352
1349
1331
1285
1250
1222
1215
1225
1199
1169
1182
1168
1105
1094
1107
1006
866
814
760
624
509
450
349
175
62
57
-7
-157
-211
-192
-253
-312
-280
-262
-338
-425
-424
-409
-490
-561
-547
-570
-652
-694
-708
-777
-869
-876
-867
-976
-1116
-1187
-1241
-1341
-1468
-1556
-1619
-1708
-1739
-1680
-1676
-1761
-1810
-1761
-1672
-1579
-1454
-1340
-1295
-1239
-1088
-925
-827
-730
-576
-430
-339
-236
-122
-129
-197
-172
-107
-92
-99
-87
-35
15
33
79
144
181
248
404
581
689
747
846
958
1012
1080
1197
1254
1257
1327
1439
1482
1440
1411
1419
1386
1326
1313
1309
1256
1190
1169
1162
1128
1081
1062
1067
1069
1062
1057
1066
1067
1015
959
932
869
778
720
665
563
441
352
265
115
-18
-59
-115
-218
-258
-248
-277
-330
-353
-349
-377
-432
-425
-371
-369
-396
-415
-452
-501
-544
-585
-639
-704
-745
-777
-862
-973
-1070
-1158
-1245
-1334
-1411
-1477
-1554
-1608
-1600
-1595
-1652
-1705
-1689
-1623
-1518
-1400
-1325
-1274
-1183
-1057
-924
-785
-663
-568
-466
-321
-164
-82
-84
-96
-76
-59
-33
21
41
-4
-9
72
141
167
211
279
354
461
590
696
791
895
1004
1119
1232
1321
1380
1427
1467
1496
1510
1490
1449
1407
1349
1269
1190
1110
998
890
862
904
921
887
847
829
842
898
963
973
929
876
847
855
853
759
600
481
404
329
266
188
40
-119
-187
-193
-234
-306
-352
-386
-430
-445
-413
-414
-467
-464
-372
-321
-355
-363
-331
-354
-401
-379
-368
-476
-595
-603
-606
-722
-863
-941
-1030
-1161
-1244
-1282
-1410
-1601
-1687
-1654
-1660
-1738
-1763
-1704
-1636
-1548
-1396
-1270
-1233
-1175
-1009
-820
-724
-676
-582
-492
-425
-332
-267
-280
-319
-310
-236
-179
-212
-239
-184
-120
-75
2
96
147
173
286
479
615
689
791
904
1023
1131
1204
1289
1355
1380
1446
1540
1568
1515
1468
1488
1469
1378
1329
1293
1212
1180
1223
1239
1167
1095
1119
1166
1155
1131
1124
1107
1079
1077
1086
1013
864
759
701
606
480
373
280
171
59
-14
-64
-161
-279
-332
-346
-397
-475
-496
-473
-499
-539
-529
-534
-590
-616
-599
-607
-659
-698
-698
-717
-776
-827
-871
-940
-1027
-1088
-1130
-1198
-1296
-1367
-1436
-1554
-1654
-1680
-1689
-1715
-1727
-1699
-1641
-1559
-1429
-1270
-1171
-1114
-994
-822
-682
-567
-447
-351
-291
-216
-110
-36
-37
-66
-47
7
45
62
91
127
128
154
242
308
328
389
482
572
674
786
886
966
1057
1168
1253
1297
1355
1435
1487
1492
1502
1514
1456
1370
1344
1329
1252
1167
1138
1124
1093
1079
1059
1007
971
965
977
985
967
951
936
885
834
785
703
616
549
464
365
271
178
65
-32
-81
-142
-243
-303
-326
-389
-455
-489
-530
-582
-613
-611
-611
-656
-699
-697
-706
-741
-769
-779
-783
-801
-828
-851
-915
-1009
-1076
-1134
-1216
-1309
-1401
-1471
-1530
-1604
-1656
-1689
-1722
-1729
-1715
-1662
-1557
-1453
-1340
-1205
-1082
-964
-848
-722
-588
-498
-411
-304
-231
-172
-127
-117
-107
-90
-55
6
47
80
117
131
162
233
306
371
456
568
683
778
882
994
1073
1144
1241
1318
1367
1411
1460
1508
1514
1479
1457
1444
1412
1374
1340
1298
1241
1204
1200
1179
1143
1121
1083
1039
1028
1033
1037
1022
976
939
904
839
776
716
618
519
449
370
274
174
83
3
-78
-155
-226
-303
-365
-398
-425
-456
-506
-567
-602
-616
-638
-675
-712
-728
-724
-734
-755
-779
-819
-846
-856
-884
-939
-1001
-1053
-1100
-1164
-1229
-1283
-1377
-1486
-1532
-1554
-1581
-1596
-1599
-1566
-1514
-1462
-1366
-1256
-1174
-1082
-970
-833
-675
-555
-449
-340
-270
-228
-175
-119
-89
-76
-32
31
67
90
114
130
140
171
223
283
365
467
554
629
715
806
888
963
1061
1156
1200
1254
1339
1383
1390
1396
1390
1379
1365
1353
1350
1310
1246
1221
1227
1204
1148
1088
1045
1007
989
1018
1030
991
952
939
922
876
808
741
673
598
527
456
349
227
138
70
-21
-128
-214
-275
-328
-362
-391
-454
-533
-580
-604
-635
-669
-702
-730
-755
-757
-746
-767
-809
-842
-851
-834
-835
-894
-967
-1020
-1070
-1124
-1184
-1271
-1376
-1451
-1488
-1524
-1568
-1597
-1620
-1606
-1553
-1484
-1406
-1331
-1246
-1137
-1014
-913
-824
-699
-583
-486
-394
-322
-255
-200
-139
-86
-58
-23
15
62
104
142
191
205
230
293
355
430
510
577
664
748
837
933
1008
1093
1162
1227
1304
1352
1382
1396
1395
1393
1382
1350
1308
1271
1222
1176
1136
1095
1063
1022
972
930
899
876
872
877
875
859
832
794
748
706
675
627
544
460
398
332
247
163
86
-6
-94
-143
-180
-246
-323
-383
-418
-460
-497
-513
-542
-577
-583
-581
-575
-575
-588
-567
-525
-520
-514
-504
-521
-558
-575
-579
-613
-694
-765
-818
-891
-977
-1049
-1120
-1202
-1272
-1301
-1305
-1305
-1300
-1278
-1236
-1183
-1127
-1065
-997
-923
-843
-754
-679
-620
-559
-489
-436
-408
-376
-344
-330
-307
-255
-220
-228
-233
-204
-170
-149
-119
-62
2
66
144
229
310
394
480
581
689
774
847
927
988
1046
1108
1151
1176
1194
1211
1234
1256
1290
1330
1343
1343
1359
1376
1377
1366
1363
1360
1337
1311
1295
1274
1234
1183
1136
1086
1031
975
916
843
766
687
601
509
412
315
229
151
68
-19
-107
-206
-310
-396
-469
-549
-634
-693
-738
-789
-849
-892
-916
-939
-962
-973
-985
-1016
-1056
-1087
-1125
-1171
-1219
-1272
-1328
-1375
-1421
-1486
-1559
-1607
-1634
-1648
-1643
-1618
-1585
-1543
-1482
-1397
-1299
-1205
-1115
-1013
-905
-797
-677
-546
-441
-375
-310
-225
-149
-102
-63
-12
35
67
112
175
218
234
265
326
380
431
507
585
650
714
782
839
895
967
1037
1093
1137
1174
1204
1234
1259
1267
1263
1268
1274
1268
1256
1248
1233
1206
1197
1205
1194
1157
1124
1101
1070
1043
1024
988
937
899
864
802
734
684
631
564
509
475
420
333
250
199
128
51
-19
-85
-138
-216
-286
-346
-413
-471
-526
-575
-624
-673
-721
-759
-779
-795
-817
-840
-859
-889
-915
-932
-958
-997
-1041
-1086
-1132
-1187
-1246
-1291
-1344
-1393
-1418
-1437
-1449
-1434
-1403
-1373
-1336
-1272
-1190
-1107
-1029
-942
-862
-776
-669
-571
-497
-435
-384
-325
-255
-209
-174
-140
-108
-69
-24
19
52
79
103
168
250
309
376
444
534
606
661
741
807
862
924
989
1045
1094
1140
1177
1214
1243
1265
1269
1260
1264
1273
1282
1288
1276
1256
1251
1242
1221
1219
1196
1164
1145
1106
1064
1009
948
904
841
771
716
663
601
540
473
409
336
242
164
93
8
-81
-167
-253
-347
-432
-498
-579
-658
-716
-770
-818
-865
-908
-936
-972
-1008
-1019
-1028
-1055
-1095
-1133
-1164
-1201
-1232
-1274
-1341
-1398
-1446
-1503
-1534
-1544
-1558
-1556
-1531
-1502
-1472
-1422
-1342
-1244
-1143
-1041
-939
-834
-728
-622
-514
-418
-335
-252
-162
-77
-5
51
96
134
176
223
266
300
333
377
442
513
566
616
688
772
841
895
959
1028
1076
1112
1155
1193
1215
1228
1248
1266
1263
1251
1250
1259
1250
1222
1194
1171
1142
1116
1094
1068
1032
996
970
939
888
829
782
740
685
624
574
516
441
373
326
276
212
148
92
36
-31
-104
-174
-242
-315
-386
-444
-497
-556
-608
-651
-691
-714
-732
-758
-773
-781
-800
-816
-823
-835
-857
-884
-909
-931
-973
-1022
-1056
-1098
-1140
-1174
-1220
-1250
-1260
-1278
-1294
-1282
-1251
-1218
-1178
-1109
-1025
-963
-895
-800
-702
-622
-556
-473
-385
-326
-262
-182
-125
-89
-50
-11
26
69
97
122
155
189
231
287
341
387
447
520
589
648
718
795
856
904
959
1012
1048
1080
1116
1146
1170
1186
1197
1204
1212
1213
1207
1195
1182
1170
1156
1140
1119
1095
1064
1025
993
968
933
882
826
770
711
659
612
553
483
413
348
279
213
160
104
26
-58
-120
-187
-262
-321
-408
-483
-534
-609
-675
-731
-773
-808
-855
-881
-901
-919
-936
-966
-985
-1008
-1044
-1078
-1125
-1171
-1218
-1264
-1304
-1353
-1386
-1412
-1423
-1435
-1445
-1432
-1415
-1384
-1338
-1270
-1185
-1108
-1027
-921
-809
-701
-582
-487
-396
-290
-194
-105
-38
27
84
134
199
246
291
329
362
422
480
534
583
624
683
743
807
863
919
984
1046
1107
1156
1192
1215
1241
1260
1274
1288
1280
1259
1246
1228
1199
1164
1134
1107
1079
1041
1006
976
934
880
836
809
773
721
675
636
585
525
479
442
386
310
239
182
121
39
-44
-112
-173
-247
-322
-380
-431
-493
-555
-603
-640
-685
-737
-782
-816
-844
-876
-900
-906
-920
-935
-929
-925
-935
-955
-978
-986
-1000
-1035
-1065
-1082
-1104
-1134
-1156
-1177
-1179
-1177
-1180
-1158
-1129
-1089
-1050
-997
-920
-858
-782
-699
-610
-526
-444
-339
-236
-151
-75
-11
56
107
146
196
236
274
311
352
404
433
471
535
587
635
694
752
806
863
918
975
1031
1069
1101
1138
1174
1194
1212
1228
1243
1230
1203
1205
1193
1161
1124
1107
1097
1057
1028
1005
972
935
892
859
822
773
715
654
615
559
486
430
379
325
250
169
104
30
-57
-139
-195
-268
-351
-410
-465
-504
-560
-619
-656
-701
-751
-808
-855
-898
-959
-1014
-1054
-1089
-1131
-1168
-1196
-1223
-1255
-1283
-1302
-1319
-1334
-1353
-1368
-1370
-1362
-1354
-1334
-1307
-1279
-1242
-1200
-1151
-1096
-1043
-980
-900
-824
-755
-663
-574
-479
-367
-273
-165
-53
38
145
247
335
421
500
578
653
719
779
836
908
968
1021
1075
1123
1160
1182
1223
1253
1291
1320
1321
1351
1353
1344
1351
1346
1327
1300
1277
1244
1205
1155
1099
1052
981
928
887
828
776
722
677
617
568
522
454
398
335
275
217
158
97
19
-48
-111
-170
-239
-319
-380
-445
-511
-581
-643
-679
-727
-761
-797
-836
-858
-892
-914
-927
-945
-971
-999
-1015
-1028
-1050
-1071
-1080
-1095
-1116
-1115
-1117
-1117
-1118
-1122
-1108
-1079
-1064
-1047
-1010
-974
-939
-900
-851
-797
-770
-729
-662
-597
-534
-484
-420
-358
-303
-209
-129
-63
8
79
174
261
344
426
505
582
646
716
776
824
877
930
975
1006
1040
1073
1094
1110
1134
1155
1160
1156
1163
1172
1165
1157
1153
1146
1130
1107
1095
1080
1031
979
954
917
865
822
771
714
661
613
562
501
443
388
329
272
216
149
92
43
-15
-67
-112
-161
-212
-264
-319
-368
-430
-496
-546
-592
-648
-696
-734
-768
-807
-844
-871
-895
-921
-946
-966
-985
-1003
-1036
-1067
-1077
-1090
-1100
-1111
-1111
-1106
-1112
-1104
-1091
-1066
-1041
-1022
-989
-948
-911
-877
-833
-786
-748
-711
-657
-603
-555
-502
-441
-377
-320
-261
-192
-117
-43
25
91
167
251
330
405
494
591
670
731
801
882
944
990
1040
1096
1132
1153
1180
1204
1212
1208
1212
1220
1211
1190
1183
1188
1172
1132
1106
1092
1059
1006
964
935
890
826
773
738
696
634
568
511
455
386
317
261
208
143
73
19
-31
-92
-165
-227
-274
-322
-380
-436
-478
-523
-578
-624
-656
-694
-739
-771
-786
-807
-843
-876
-892
-911
-936
-959
-973
-984
-991
-989
-982
-984
-984
-969
-951
-935
-925
-900
-866
-833
-807
-774
-730
-686
-647
-611
-567
-518
-477
-438
-395
-351
-308
-261
-217
-182
-144
-95
-52
-20
24
78
130
185
234
292
353
417
488
544
609
674
729
799
860
914
955
995
1035
1053
1069
1085
1087
1079
1069
1058
1041
1021
1002
972
940
913
878
844
809
765
726
691
653
614
564
518
480
431
377
331
278
210
149
101
53
-8
-64
-110
-159
-218
-266
-302
-345
-400
-441
-462
-495
-534
-568
-599
-637
-680
-707
-737
-753
-784
-807
-805
-825
-838
-842
-849
-846
-848
-843
-830
-818
-804
-782
-766
-758
-737
-718
-704
-683
-663
-647
-631
-615
-599
-572
-547
-522
-489
-461
-421
-383
-332
-278
-240
-202
-162
-117
-72
-29
20
63
110
159
212
260
306
353
402
460
510
561
624
684
743
800
867
930
972
1011
1042
1075
1102
1114
1124
1130
1122
1101
1080
1058
1025
989
956
915
867
826
787
741
693
643
593
551
498
438
384
331
281
226
157
106
53
-24
-92
-157
-238
-322
-394
-442
-501
-561
-598
-642
-682
-718
-757
-777
-804
-843
-874
-883
-886
-904
-908
-907
-909
-901
-900
-891
-874
-867
-853
-827
-804
-778
-747
-714
-682
-646
-608
-570
-531
-485
-451
-425
-385
-344
-317
-280
-249
-219
-178
-152
-103
-39
8
54
101
149
191
231
277
317
368
406
433
475
502
524
553
577
595
603
615
636
658
682
704
727
748
766
795
825
838
850
855
858
870
874
870
864
839
810
779
738
706
654
596
553
490
426
363
306
255
192
130
67
26
-18
-81
-127
-183
-232
-285
-350
-381
-425
-486
-527
-573
-610
-648
-694
-718
-742
-782
-814
-833
-845
-851
-858
-864
-863
-857
-850
-840
-821
-796
-773
-751
-723
-689
-654
-620
-583
-544
-499
-451
-401
-346
-302
-270
-228
-181
-137
-93
-69
-39
9
41
67
100
129
161
191
213
242
273
296
319
344
366
389
412
430
451
465
487
511
519
538
541
560
570
563
569
570
575
583
588
585
591
594
593
600
601
606
597
600
603
593
588
570
556
528
499
476
434
395
355
314
273
224
180
132
83
43
1
-36
-77
-119
-158
-203
-246
-291
-336
-377
-419
-457
-489
-520
-552
-584
-610
-636
-667
-693
-710
-725
-737
-746
-748
-749
-752
-741
-721
-701
-684
-664
-639
-617
-591
-560
-527
-503
-478
-446
-409
-366
-321
-273
-236
-198
-159
-120
-71
-28
14
48
83
119
151
188
221
243
263
285
310
329
351
374
389
404
419
431
440
454
469
477
490
499
505
507
511
514
507
498
488
475
457
443
435
423
411
401
399
389
376
370
363
352
345
341
331
312
292
273
240
210
197
177
142
108
78
53
25
-10
-44
-73
-104
-143
-181
-207
-228
-254
-278
-294
-316
-340
-356
-371
-397
-421
-439
-460
-471
-491
-514
-515
-521
-540
-545
-548
-552
-546
-538
-531
-519
-502
-479
-459
-433
-405
-390
-371
-340
-314
-289
-261
-240
-210
-180
-157
-124
-84
-54
-23
8
28
56
87
107
138
180
209
228
253
277
297
314
327
339
355
362
363
359
356
358
367
371
369
372
375
382
389
385
379
379
368
348
340
332
325
319
302
286
281
267
244
228
215
201
186
183
184
178
164
151
136
127
120
110
105
98
83
65
47
25
0
-22
-44
-62
-83
-110
-130
-151
-171
-196
-219
-234
-251
-259
-267
-282
-296
-309
-317
-327
-332
-339
-348
-361
-368
-370
-376
-380
-379
-380
-376
-373
-361
-348
-331
-311
-292
-263
-243
-224
-208
-191
-174
-161
-140
-123
-112
-102
-92
-78
-55
-32
-14
5
27
49
63
78
97
119
137
150
171
186
199
204
206
216
216
210
211
214
213
197
193
195
185
182
184
193
194
192
200
204
200
191
187
182
168
159
160
153
136
127
129
131
115
102
106
112
113
101
99
104
98
98
91
98
100
80
80
76
80
74
47
44
31
18
3
-24
-25
-35
-48
-54
-66
-67
-79
-85
-91
-100
-110
-120
-121
-127
-134
-147
-157
-171
-181
-182
-187
-192
-203
-201
-200
-203
-207
-202
-192
-192
-185
-178
-167
-157
-155
-146
-135
-123
-118
-110
-100
-99
-90
-85
-77
-61
-58
-46
-36
-35
-26
-22
-2
18
29
36
43
65
69
75
84
81
90
87
92
95
97
94
83
94
90
84
85
89
97
90
92
99
111
116
107
112
118
112
110
106
99
98
86
82
85
77
78
84
78
80
82
80
79
75
75
80
77
73
73
77
83
76
64
62
56
45
22
16
8
-12
-17
-25
-34
-36
-38
-38
-43
-45
-49
-52
-55
-60
-70
-73
-75
-83
-90
-86
-85
-92
-98
-93
-88
-86
-86
-91
-91
-88
-81
-77
-73
-66
-61
-53
-45
-42
-39
-35
-30
-25
-22
-22
-21
-19
-18
-16
-12
-10
-15
-16
-11
-10
-12
-15
-12
-12
-16
-19
-19
-18
-12
-10
-10
-11
-10
-13
-17
-19
-19
-19
-17
-18
-16
-6
-1
-3
2
7
6
5
8
5
3
6
10
12
15
13
10
13
18
18
21
29
32
35
37
41
46
50
54
55
58
64
67
69
72
73
74
73
72
72
70
68
65
60
59
56
55
52
49
46
45
42
42
37
34
30
27
23
17
11
5
-2
-9
-10
-11
-13
-17
-18
-19
-22
-20
-25
-27
-18
-21
-26
-25
-30
-30
-23
-27
-35
-39
-36
-38
-43
-40
-38
-41
-43
-46
-48
-44
-47
-48
-47
-49
-48
-45
-45
-47
-46
-49
-50
-48
-50
-54
-53
-50
-47
-44
-39
-35
-31
-32
-33
-28
-21
-15
-12
-9
-6
-6
-6
-4
0
7
14
17
13
12
17
19
13
13
19
25
25
28
33
33
32
37
45
48
42
42
44
44
45
47
50
47
43
44
44
41
40
38
32
30
25
19
19
19
16
13
12
14
13
13
10
7
6
3
1
1
-1
-3
-3
-5
-4
-7
-8
-9
-9
-11
-8
-8
-6
-5
-4
-3
-3
-1
-2
-1
-1
-3
-8
-12
-10
-8
-11
-17
-19
-17
-17
-20
-24
-26
-24
-25
-28
-32
-31
-32
-35
-38
-37
-38
-38
-39
-40
-37
-37
-38
-38
-36
-34
-34
-35
-34
-32
-31
-29
-24
-20
-17
-14
-13
-12
-11
-8
-5
-5
-2
0
3
3
5
8
15
19
23
26
29
31
33
34
40
44
49
52
54
53
52
52
54
54
52
50
49
46
40
34
31
32
32
33
30
27
25
23
23
22
19
17
16
14
12
11
9
7
5
4
4
1
0
0
-1
-5
-1
-2
-7
-6
-3
-5
-11
-10
-8
-11
-17
-20
-19
-21
-26
-28
-25
-26
-31
-34
-32
-31
-36
-39
-38
-39
-41
-45
-45
-44
-42
-41
-40
-42
-42
-38
-35
-34
-33
-32
-33
-28
-28
-31
-26
-17
-15
-20
-17
-13
-14
-9
-9
-5
-2
3
6
7
9
10
12
18
17
15
19
28
27
25
26
33
35
35
38
42
41
38
42
47
43
40
42
46
40
35
35
36
36
34
34
32
31
29
26
22
20
18
17
15
13
10
10
10
9
7
5
4
3
1
-1
-1
1
-1
-2
-2
0
1
-5
-9
-12
-11
-9
-10
-10
-11
-13
-12
-13
-14
-16
-16
-15
-17
-20
-25
-28
-29
-28
-29
-31
-34
-37
-36
-37
-34
-37
-37
-37
-37
-37
-35
-33
-32
-32
-33
-31
-28
-26
-26
-24
-20
-19
-18
-19
-16
-12
-11
-8
-3
0
2
1
5
9
11
8
10
15
18
18
19
24
26
29
34
35
36
40
41
42
41
42
43
42
45
48
47
47
44
42
43
45
41
37
33
30
28
26
24
24
23
21
22
23
15
9
10
13
11
2
-4
-2
0
-3
-7
-7
-7
-9
-14
-13
-16
-19
-22
-25
-24
-25
-28
-26
-25
-29
-26
-26
-29
-27
-28
-30
-29
-29
-31
-31
-31
-31
-30
-28
-27
-27
-24
-22
-24
-24
-22
-18
-17
-19
-22
-17
-13
-12
-12
-11
-9
-7
-4
0
2
1
0
1
2
3
5
6
7
8
9
11
12
12
14
17
15
14
14
17
18
16
18
21
24
22
21
22
22
21
19
18
19
20
19
19
17
16
18
20
22
21
18
13
11
10
11
12
11
9
7
5
4
5
5
5
4
3
1
-1
-1
-1
-1
0
0
-1
-3
-3
-3
-5
-8
-11
-12
-11
-9
-11
-9
-9
-12
-12
-12
-13
-13
-17
-15
-12
-20
-22
-15
-20
-21
-20
-21
-22
-20
-24
-25
-26
-27
-27
-26
-27
-26
-24
-22
-23
-19
-18
-17
-14
-10
-10
-10
-8
-6
-6
-6
-2
0
1
2
2
2
3
4
8
10
14
17
20
23
25
27
29
31
32
32
32
32
30
30
30
29
29
29
28
29
29
31
31
27
30
29
27
29
24
18
22
19
19
22
18
14
13
8
8
7
5
3
1
1
1
0
0
-2
-4
-4
-7
-10
-11
-12
-14
-12
-17
-16
-16
-22
-17
-22
-18
-18
-25
-22
-25
-24
-23
-25
-26
-25
-22
-24
-22
-22
-23
-22
-22
-23
-24
-24
-23
-23
-24
-21
-21
-22
-20
-21
-23
-17
-21
-19
-11
-14
-15
-10
-12
-13
-13
-9
-7
-8
-6
-2
-4
-6
-1
-1
2
4
7
9
9
10
11
14
14
17
21
22
23
24
25
24
25
29
29
28
27
28
32
32
27
26
28
30
29
26
25
23
23
24
25
28
27
24
22
21
21
20
19
17
16
15
14
15
13
12
10
9
8
6
3
1
-3
-3
-4
-2
-3
-6
-12
-16
-14
-15
-15
-17
-18
-21
-22
-21
-23
-23
-21
-23
-19
-21
-24
-27
-28
-27
-26
-26
-28
-30
-31
-28
-27
-26
-27
-28
-27
-25
-24
-23
-24
-22
-19
-19
-18
-17
-15
-15
-13
-9
-7
-5
-7
-5
-1
2
-1
1
3
6
5
5
7
10
13
13
16
18
17
17
18
19
20
21
22
23
23
23
24
24
22
25
25
23
24
23
23
24
25
26
26
26
26
24
24
25
24
23
22
20
17
15
11
9
10
8
7
8
6
5
5
8
7
9
10
8
4
3
2
-1
-1
-2
-2
-5
-6
-6
-8
-9
-9
-7
-5
-7
-10
-8
-6
-9
-14
-13
-12
-13
-14
-16
-19
-20
-23
-26
-29
-29
-28
-27
-27
-25
-26
-25
-25
-25
-26
-23
-23
-26
-24
-22
-23
-23
-20
-19
-19
-18
-16
-14
-11
-9
-9
-5
-3
-1
-1
-2
0
3
9
12
13
12
13
13
16
16
16
16
15
15
18
18
15
17
19
17
15
21
19
18
20
25
23
23
24
22
20
18
17
16
16
15
15
15
15
15
14
13
11
10
11
13
14
12
10
10
10
10
8
8
