-1
-3
-2
-2
0
1
3
3
2
1
-2
-2
-1
-2
-2
-1
1
3
2
3
2
2
2
4
4
3
5
5
5
5
5
4
3
4
5
5
5
6
5
2
-2
-3
-3
-4
-3
-3
-2
-3
-3
-2
-3
-2
-3
-4
-3
-4
-3
-1
-1
-1
-2
-1
-2
-1
1
-1
-2
-2
-1
2
2
3
4
2
3
3
1
2
0
0
0
0
2
2
2
2
1
0
-1
-4
-4
-3
-3
-3
-3
-3
-6
-8
-5
-3
-2
-2
-1
-1
1
0
0
-1
1
4
2
0
2
4
6
4
5
7
6
5
7
6
4
0
0
1
-1
0
-1
1
4
4
3
1
3
5
6
1
1
3
2
0
-3
-4
-3
-3
-4
-2
-1
-2
-3
-5
-5
-5
-5
-7
-7
-5
-5
-8
-8
-5
-4
-4
-4
-4
-1
1
2
2
5
5
5
4
1
1
2
3
4
3
3
5
6
4
3
4
3
2
2
1
-1
-2
0
3
4
1
1
0
0
-1
-3
-5
-4
-4
-4
-3
0
1
2
1
1
1
0
3
4
3
5
3
3
3
0
1
1
2
0
0
1
2
0
-2
-2
-2
-3
-4
-4
-3
-3
-3
-1
2
2
0
-2
-3
0
-2
-3
-1
1
3
2
0
-2
-2
-4
-5
-5
-5
-4
-4
-3
-2
-3
-4
-4
-4
-3
-2
-3
-2
0
1
0
3
2
1
1
3
3
2
0
0
1
1
3
2
-1
1
0
0
1
1
2
5
4
6
9
8
8
8
9
9
11
8
4
3
4
1
2
2
-1
-3
-4
-3
-4
-5
-3
-3
-6
-6
-5
-8
-8
-7
-5
-4
-3
-1
-1
1
2
1
1
1
1
0
0
-2
-3
-4
-4
-5
-4
-4
-3
-2
-1
0
2
2
2
0
-2
-3
-2
-2
0
1
0
0
-2
-2
-3
-1
-1
-2
0
-1
2
4
3
3
3
3
5
3
5
7
8
9
8
6
4
4
3
4
4
3
2
2
1
1
0
-1
-1
-3
-4
-1
-3
-2
-4
-3
-2
-4
-5
-6
-7
-7
-9
-7
-7
-6
-5
-4
-5
-4
-3
-3
-2
-1
1
1
1
2
2
2
2
4
6
6
4
4
3
2
2
1
2
3
1
1
2
3
0
-1
-1
0
1
1
1
0
0
-1
-2
1
2
-1
-1
2
3
2
2
2
4
6
4
3
2
4
2
0
1
2
0
-1
-1
-1
-2
-3
-3
-2
-5
-6
-8
-8
-5
-5
-8
-9
-6
-5
-4
-4
-3
0
2
1
0
2
4
4
4
4
6
3
1
1
1
0
-1
-1
0
3
3
4
3
3
4
4
2
4
4
3
1
-1
-3
-1
-4
-7
-8
-8
-9
-5
-3
0
4
5
5
7
7
5
4
3
2
2
1
1
0
2
4
3
1
2
2
1
-2
-3
-2
0
1
0
-1
0
-2
-3
-5
-6
-7
-4
-4
-3
-2
-3
-5
-8
-9
-7
-6
-3
-2
-1
1
2
2
3
3
2
1
4
4
5
5
5
6
4
2
1
1
1
1
1
1
2
2
2
3
2
3
2
4
5
2
3
2
1
0
-1
-2
-2
-2
-1
-2
-1
-1
1
-1
0
0
-1
-1
-1
-1
-1
-2
-3
-3
-3
-1
1
2
2
3
3
2
-1
-2
-2
-2
-1
-1
-3
-3
-6
-7
-7
-5
-2
1
0
1
1
0
-1
-1
0
0
1
2
1
-1
0
1
2
2
3
-1
1
1
3
3
3
2
1
2
2
0
-3
-3
-3
-2
-2
-3
-2
-2
1
3
1
1
3
3
6
7
6
5
5
6
7
4
4
3
4
5
3
4
3
3
2
2
2
1
-1
-4
-5
-6
-7
-7
-8
-8
-8
-7
-8
-9
-9
-9
-9
-9
-8
-7
-4
-1
1
1
2
3
4
3
3
2
3
3
3
3
1
-2
-1
0
-1
-1
1
3
6
4
4
3
1
0
2
4
3
4
3
1
0
-3
-4
-3
-1
0
2
1
1
-1
0
1
-1
-2
0
1
2
3
5
7
8
7
6
5
5
4
2
2
5
5
5
7
5
2
2
0
0
-3
-8
-7
-6
-7
-8
-10
-11
-11
-10
-12
-14
-11
-8
-7
-6
-5
-3
-3
-6
-3
0
-1
0
2
3
1
1
-2
-3
0
1
-2
-1
3
4
5
5
4
5
5
5
6
6
11
13
12
21
27
26
19
15
9
9
10
12
20
32
50
56
123
149
116
108
78
39
-57
-139
-180
-135
-15
56
101
23
-17
8
-50
-74
-151
-219
-199
-264
-304
-471
-579
-524
-429
-329
-264
-153
-155
-46
-79
-101
-50
3
249
467
583
680
805
847
814
798
793
987
1189
1128
1077
906
884
708
458
437
279
201
91
-99
-342
-562
-769
-922
-1109
-1267
-1387
-1461
-1547
-1732
-1849
-1996
-1907
-1893
-1856
-1634
-1471
-1297
-1207
-1052
-834
-592
-331
-153
87
338
448
657
714
922
1265
1500
1691
1748
1794
1786
1738
1569
1439
1424
1454
1439
1462
1384
1232
1050
859
666
438
315
94
41
316
583
749
797
558
445
411
250
-86
-537
-634
-470
-388
-563
-665
-639
-687
-969
-1402
-1655
-1699
-1884
-2249
-2475
-2402
-2151
-2198
-2225
-2036
-1591
-1055
-948
-1004
-939
-853
-839
-826
-676
-339
12
319
611
1061
1388
1521
1428
1188
1255
1250
1139
989
914
1047
1100
1042
960
975
1054
859
703
629
526
531
353
413
473
553
690
633
705
822
918
786
713
710
712
998
932
1441
2640
3105
3585
2975
2329
2742
2531
1751
322
-332
11
99
-235
-920
-900
-602
-1114
-2285
-3541
-3681
-4136
-5353
-6365
-6947
-6230
-6008
-6523
-6590
-5876
-4393
-3857
-4122
-4074
-3221
-2315
-2392
-2292
-1567
-170
997
1179
2087
3618
4885
5266
4740
5024
6105
6504
5791
5371
5651
6179
6640
5632
5116
5463
4802
3690
2073
1172
893
-123
-1177
-1822
-1701
-1398
-1810
-2628
-2892
-2420
-2727
-3474
-4135
-4345
-3744
-3813
-3650
-2746
-1620
-312
195
564
1401
2175
2204
1722
1541
1661
1940
1553
1206
1433
1772
2210
2031
3123
4176
4392
3990
1967
2070
2169
893
-883
-2871
-2218
-1431
-1639
-2391
-3021
-1811
-1933
-3355
-4984
-5648
-5060
-6358
-7714
-8602
-7755
-6338
-7189
-7374
-6551
-4464
-2835
-3408
-3428
-2235
-433
112
-434
209
1728
3390
3636
3869
5749
7409
8294
7494
7155
8552
9067
8664
7366
6950
7831
7677
6827
5918
5871
5819
4333
2557
1152
643
-204
-2171
-3404
-3635
-3329
-3803
-4938
-5366
-4995
-4345
-5038
-5714
-5615
-5410
-4989
-5492
-5280
-4049
-2914
-1982
-1456
-89
1564
2518
2489
2203
2815
3107
2866
2183
1660
2200
2498
2213
2355
3759
4755
4966
4182
2990
3501
3392
1640
-751
-2389
-2213
-2434
-3499
-4381
-4187
-3017
-3164
-4357
-5302
-4953
-4869
-6301
-7758
-8539
-7756
-7542
-8386
-8006
-6553
-4431
-3200
-3058
-1984
162
1877
2011
1788
2435
3602
4298
4004
4563
6129
7368
7938
7656
8439
9995
10313
9523
8479
8431
8236
7082
5524
4082
3950
3300
1766
560
-289
-219
-997
-2390
-2985
-3412
-3779
-4614
-5657
-6115
-5732
-5680
-6256
-6020
-5621
-4844
-4254
-4324
-3428
-2433
-1548
-788
-397
586
1824
2424
2459
2607
2651
2693
2427
1817
1952
2019
1945
3301
3900
4614
5282
3948
4058
4080
3142
1466
-703
-1257
-1735
-2449
-3539
-4365
-3462
-3294
-3710
-4740
-5041
-4233
-5287
-6733
-8394
-8691
-8465
-9530
-9658
-9068
-7113
-5255
-4840
-3684
-1638
682
1304
987
1552
2563
3555
3307
3247
4557
6068
7320
7579
8390
10265
10950
10633
9955
10078
10176
9054
7265
5396
4934
4431
2848
1347
320
307
-205
-1425
-2055
-2593
-2870
-3581
-4898
-5588
-5636
-5711
-6309
-6510
-6193
-5562
-4867
-4624
-3580
-2447
-1463
-515
-267
694
1831
2306
2573
2484
2571
2856
2769
2782
2417
3162
4718
4809
5527
5236
5204
6205
5369
4099
1849
708
589
-994
-2226
-3730
-3949
-3869
-5169
-5964
-6675
-5765
-6092
-7740
-8832
-9683
-9215
-10741
-12327
-12122
-11754
-10302
-9905
-9249
-6802
-4334
-2656
-2077
-571
1497
2976
3470
3267
4460
5553
5990
6556
7050
9234
11093
11487
12160
13033
14048
13882
12672
11330
10284
9184
6876
4986
3661
2820
2353
777
233
434
-10
-512
-1637
-2442
-3127
-4129
-5494
-6629
-6738
-7094
-7104
-6943
-6159
-4464
-3651
-2582
-1423
-415
917
1378
1390
1637
1862
1761
1218
1099
1142
1120
2158
2671
3656
4763
4509
5034
4786
4279
3099
784
-347
-1980
-3464
-4883
-6276
-6339
-6924
-7290
-7889
-7753
-7023
-7822
-8359
-9399
-9789
-10032
-11644
-11964
-11792
-11084
-9986
-9304
-7402
-4787
-2405
-1130
159
2428
4387
5876
6224
6711
8145
8777
9324
9605
10278
11881
12394
12580
13141
13993
14451
13694
12489
11223
10392
8924
6516
4595
2843
1646
156
-1552
-1947
-2087
-2305
-2917
-3567
-3641
-3766
-4298
-5601
-6410
-6740
-7187
-7370
-7547
-6726
-5357
-4196
-2949
-1633
77
1557
2501
2702
2912
3142
2501
2195
1459
1744
2655
2306
2909
2988
3708
4923
4383
3597
2110
1168
128
-1889
-3349
-5126
-5910
-7043
-8593
-9142
-9385
-8413
-8545
-9144
-9380
-9485
-8953
-9808
-10506
-10532
-10432
-9815
-9671
-8738
-6898
-4959
-3372
-2057
86
2369
4318
5566
6589
8550
9800
10402
10550
10630
11664
11887
11865
11756
12048
12775
12449
11967
11342
11167
10567
8548
6817
4992
3793
2554
344
-1095
-1985
-2416
-3058
-3539
-3526
-3308
-3007
-3847
-4233
-4267
-4650
-4852
-5676
-5664
-5108
-4716
-4101
-3432
-2139
-635
449
1018
1864
2730
2948
2964
2271
2670
3033
2407
2603
2002
2698
3538
2777
2050
1228
1283
381
-1233
-2604
-4161
-4801
-6577
-8195
-9089
-9649
-9400
-10551
-11074
-10788
-10428
-10085
-10665
-10503
-10138
-9951
-9633
-9425
-8088
-6491
-5592
-4711
-3151
-742
1399
2859
4394
6346
8351
9500
10338
11404
12818
13739
13324
13274
13709
13994
13680
12625
11807
11495
11043
9715
8234
7219
5903
4274
2475
905
-135
-1417
-2862
-3932
-4412
-4485
-4723
-5206
-5256
-4668
-4552
-4778
-4735
-4545
-3992
-3786
-3957
-3532
-2656
-1700
-1128
-522
570
1860
2611
2699
3748
4263
4475
4872
3826
4084
4482
3680
2706
1391
1389
937
-263
-1332
-2541
-2885
-3982
-5570
-7335
-8335
-8403
-10028
-11260
-11893
-11885
-11452
-12359
-12629
-12113
-11235
-10496
-10377
-9441
-7780
-6222
-5708
-5037
-3190
-1443
151
1047
2134
4431
6215
7477
8720
10114
11893
12888
13157
13802
14655
14948
14414
13332
12565
12384
11564
9744
8358
7374
6508
5410
3527
2399
1792
706
-757
-2276
-3076
-3555
-4556
-5923
-6422
-6105
-5972
-5860
-5823
-5058
-3882
-3346
-2903
-2309
-1330
-603
-604
-563
238
1095
2084
2943
3289
4497
5154
5510
6172
6178
5907
4795
3913
3213
1972
784
-893
-2056
-3131
-4529
-5712
-6834
-7008
-7693
-8859
-9902
-10830
-11119
-12199
-13207
-13697
-14059
-13771
-13505
-12807
-11410
-9870
-8675
-7482
-5668
-3795
-2196
-1064
-32
1561
3062
4230
5578
7048
8794
10278
11029
12023
13335
14014
14262
14210
13873
13780
13191
11924
10752
9514
8321
7048
5414
4336
3477
2059
837
-170
-1058
-1587
-2590
-3801
-4230
-4524
-5003
-5489
-5821
-5393
-4839
-4515
-3900
-2875
-1593
-604
-11
514
1806
3423
3806
4170
4737
5051
5809
6039
5761
5652
5559
5242
4386
3574
3111
2145
543
-1308
-2836
-4200
-5280
-6545
-8290
-9070
-9749
-10628
-11284
-12281
-12749
-13190
-14021
-14268
-14160
-13661
-12788
-12253
-11634
-10068
-8456
-7173
-5650
-4222
-2426
-571
715
2020
3462
5055
6273
7159
8150
9340
10592
11396
11945
12350
12695
12910
12604
12083
11609
10835
9817
8767
7487
6374
5514
4191
3034
2121
1052
480
-339
-1338
-1643
-2313
-2998
-3286
-3547
-3359
-3052
-2990
-2907
-2448
-1795
-1084
-330
215
1489
2787
3429
4703
5135
5514
6325
6007
5559
5002
4523
4133
3190
2363
1460
738
-57
-1324
-2390
-3287
-3812
-5220
-6842
-7886
-9059
-9748
-10961
-12170
-12588
-13053
-13135
-13217
-12799
-11788
-11108
-10602
-10057
-8841
-7558
-6701
-5796
-4884
-3389
-1929
-968
439
1899
3488
4675
5358
6434
7640
8546
8845
9036
9240
9504
9691
9285
8958
8702
8272
7757
6886
6193
5589
4683
3857
2986
2274
1811
1081
389
13
-264
-647
-938
-1176
-1161
-1011
-1075
-943
-639
-56
526
847
1757
3170
4085
5072
5781
6035
6824
7108
6514
6004
5520
5050
4256
3041
2294
1611
755
-457
-1857
-2876
-3469
-4312
-5859
-6939
-7652
-8435
-9560
-10949
-11500
-11809
-12350
-12812
-13111
-12428
-11373
-11048
-10669
-9525
-7988
-6819
-6082
-5226
-3719
-1985
-1211
-498
712
2003
3336
3813
4280
5518
6528
6926
7002
7240
7720
7895
7338
6682
6433
6048
5519
4423
3417
3290
2716
1963
1427
900
953
766
-26
-236
-76
-224
-478
-861
-888
-211
61
124
691
1447
2498
3156
3346
4251
5665
6244
6492
6869
7089
7821
8064
7475
7036
6804
6620
5872
4681
3935
3148
1887
312
-1520
-3077
-4044
-5352
-7142
-8265
-9021
-9528
-10102
-11082
-11521
-11626
-11985
-12240
-12204
-11800
-11005
-10594
-10362
-9277
-7868
-6654
-5508
-4550
-3148
-1457
-247
813
2009
3364
4549
5273
5526
6124
7066
7213
7260
7173
6908
7075
6640
5836
5217
4512
3873
2731
1426
609
-18
-746
-1575
-2181
-2712
-2855
-3120
-3628
-3362
-3092
-3033
-2912
-2798
-1814
-733
-165
543
1398
2619
3973
5311
6355
7561
8868
9326
10039
10803
11009
10979
10231
9717
9221
8350
7514
6123
4910
3786
2202
563
-787
-2065
-3638
-5086
-6635
-7847
-8706
-10176
-11346
-12263
-13083
-13404
-13896
-14060
-13498
-12802
-12207
-11282
-9887
-8354
-6802
-5667
-4375
-2485
-683
703
1869
2926
4329
5675
6135
6770
7409
7771
8100
7920
7755
7921
7690
6955
6023
5034
4315
3459
1887
607
-493
-1795
-2835
-4016
-4928
-5266
-5776
-6536
-6666
-6500
-6119
-5581
-5445
-4789
-3806
-3119
-2221
-1452
-456
997
2081
3170
5156
6715
8130
9864
10477
11754
12932
12842
12814
12352
11924
11380
10189
9216
8155
6906
5367
3663
2032
779
-551
-2739
-4503
-5977
-7166
-8255
-9910
-11020
-11894
-12646
-13084
-13543
-13397
-12933
-12516
-12106
-11167
-9805
-8637
-7473
-6467
-5070
-3380
-2053
-633
883
2373
3949
5106
6100
7498
8464
8934
9282
9072
9101
9115
8285
7317
6346
5292
4306
3079
1632
514
-575
-1645
-2763
-3988
-4745
-5492
-6320
-7071
-7535
-7587
-7706
-7784
-7527
-6893
-5995
-5057
-4111
-2972
-1606
127
2088
3385
5096
6838
7684
9253
10371
10758
11247
11285
11337
11142
10788
10516
9819
9022
8046
6808
5484
4514
3087
1215
-203
-1913
-3246
-4629
-6278
-7409
-8696
-9783
-10635
-11417
-11587
-11459
-11541
-11459
-10663
-9844
-8847
-7750
-6975
-5431
-3787
-2640
-1244
19
1333
2832
3632
4278
5196
5769
6219
6617
6640
6908
7186
6810
6499
6098
5504
5124
4159
2993
2131
976
-205
-1392
-2590
-3641
-4565
-5552
-6415
-6701
-6964
-7258
-7298
-7174
-6712
-6111
-5642
-5137
-4268
-3220
-2232
-1301
-255
1599
2864
3948
5591
6330
7818
9213
9188
9397
9651
9855
9742
8974
8424
7943
7325
6365
5235
4002
3274
2334
347
-923
-2019
-2949
-3923
-5518
-6367
-6946
-7644
-8127
-8556
-8464
-8033
-7869
-7892
-7180
-6020
-5361
-4741
-4220
-3307
-1788
-912
-130
1094
2084
3352
4173
4453
5514
6231
6392
6496
6228
6090
5867
5154
4205
3285
2344
1338
293
-902
-1618
-2337
-3262
-3885
-4620
-5052
-5508
-6079
-6446
-6816
-6830
-7030
-7163
-6904
-6369
-5568
-4912
-3844
-2752
-1246
890
2173
3760
5443
6417
7963
8933
9250
9522
9482
9368
8728
8063
7618
7022
6227
5096
4063
3322
2973
2092
634
-275
-1313
-2139
-3260
-4754
-5538
-6517
-7438
-8222
-8765
-8582
-8322
-8147
-7871
-6900
-5722
-4732
-3618
-2731
-1341
143
1006
2052
3080
4001
4821
5335
5769
6365
6872
6846
6833
6823
6808
6768
5975
5210
4577
3476
2636
1471
37
-879
-2051
-3464
-4532
-5490
-6336
-6893
-7793
-8524
-8594
-8770
-8768
-8517
-8329
-7681
-6951
-6291
-5320
-4197
-2926
-1666
-557
521
2390
4116
5065
6601
7383
8148
9604
9750
9717
9774
9610
9463
8604
7832
7233
6344
5137
3604
2134
1092
356
-1425
-3008
-3832
-4825
-5441
-6658
-7674
-7808
-8303
-8729
-8896
-8715
-7886
-7182
-6934
-6117
-4623
-3432
-2289
-1371
-413
1264
2454
3300
4630
5688
6663
7594
8025
8535
9269
9386
9041
8824
8314
7843
6921
5351
4258
2832
1168
-104
-1891
-3268
-4247
-5648
-6712
-7339
-7993
-8523
-8948
-9734
-9723
-9490
-9877
-9571
-9370
-8874
-7631
-6918
-5862
-4372
-2901
-1299
729
2717
4374
6620
7837
9148
10934
11323
11792
11620
11292
11236
10099
9188
8187
6920
5830
4381
2836
1756
997
-495
-1699
-2933
-4169
-4764
-6383
-7675
-8581
-9803
-10237
-10868
-11298
-10841
-10356
-9811
-8812
-7375
-5840
-3987
-2503
-1117
976
2534
3926
5343
6221
7421
8581
9027
9440
10137
10424
10433
10358
9925
9752
9181
8031
6993
5488
4253
3069
971
-658
-1999
-3711
-5080
-6493
-7873
-8714
-9677
-10674
-11109
-11388
-11282
-11081
-11087
-10352
-9337
-8439
-7301
-6291
-4906
-3160
-1691
-393
1571
3806
5084
6907
8112
8988
10885
11333
11207
11233
11109
11068
10214
9196
8295
7250
5969
4319
2625
1236
439
-1426
-3265
-4337
-5589
-6158
-7544
-8912
-9344
-9985
-10200
-10405
-10402
-9691
-8994
-8508
-7742
-6209
-4684
-3372
-2195
-928
1006
2574
3790
5155
6215
7507
8576
9118
9843
10709
11118
11028
10847
10413
10140
9319
7707
6356
4845
3356
1913
-80
-1780
-3082
-4533
-5924
-7150
-8240
-8970
-9728
-10596
-10933
-10832
-10693
-10850
-10743
-10122
-9255
-8177
-7261
-6125
-4433
-2729
-936
1446
3424
5502
7624
8589
10267
11681
12033
12290
11850
11551
10986
9932
9079
7848
6719
5341
3696
2363
1371
230
-1455
-2865
-4361
-5323
-6319
-7943
-8900
-9878
-10714
-11168
-11700
-11574
-11120
-10664
-10041
-8955
-7363
-5712
-4045
-2652
-843
1241
2874
4523
5831
6937
8421
9349
9878
10731
11099
11190
11356
10859
10590
10388
9364
8309
6989
5571
4612
3018
1194
-208
-1954
-3430
-4878
-6538
-7557
-8679
-9932
-10694
-11372
-11503
-11235
-11411
-11102
-10098
-9163
-7953
-6761
-5506
-3838
-2150
-745
805
3177
4752
6255
7870
8623
10432
11530
11317
11373
11201
11038
10380
9309
8240
7160
6051
4312
2573
1129
60
-1558
-3622
-4918
-6146
-6953
-8137
-9736
-10363
-10930
-11296
-11531
-11762
-11041
-10093
-9442
-8601
-7116
-5407
-3846
-2544
-1423
490
2367
3688
5097
6180
7450
8819
9399
9969
10871
11394
11427
11280
10920
10664
10175
8784
7404
6012
4566
3338
1405
-444
-1702
-3154
-4532
-5858
-7039
-7799
-8517
-9400
-10045
-10203
-10238
-10314
-10353
-9935
-8993
-7949
-6923
-5910
-4381
-2545
-1017
1178
3146
4652
6900
8109
9327
11083
11532
11647
11470
10984
10611
9808
8893
7644
6342
5044
3415
1908
683
-487
-2216
-3657
-5117
-6361
-7170
-8765
-9958
-10840
-11735
-12037
-12447
-12464
-11985
-11451
-10768
-9670
-8070
-6449
-4675
-3190
-1527
690
2514
4153
5739
6969
8444
9768
10374
11144
11730
11944
12066
11633
11380
11214
10394
9428
8198
6834
5822
4532
2582
944
-590
-2286
-3756
-5483
-6867
-7958
-9243
-10182
-10825
-11045
-10948
-10938
-10677
-10017
-8840
-7712
-6705
-5328
-3926
-2427
-804
372
2383
4596
5509
7232
8346
9241
11049
11143
10753
10777
10391
10137
9204
7864
6953
5734
4262
2683
944
-360
-1335
-3435
-5016
-6075
-7426
-8209
-9756
-11101
-11550
-12058
-12335
-12443
-12169
-11395
-10445
-9637
-8508
-6581
-5093
-3678
-2186
-788
1290
3111
4378
5737
7151
8427
9717
10594
11002
12052
12346
12054
12330
11666
11179
10560
8849
7586
6145
4531
3172
1133
-619
-1699
-3206
-4569
-5627
-7076
-7880
-8551
-9594
-9887
-10109
-10250
-10150
-10000
-9250
-8291
-7304
-6232
-5028
-3382
-1698
98
2330
4050
5729
7584
8576
10030
11152
11161
11184
10873
10592
9989
8953
8064
6775
5408
3977
2279
840
-274
-1833
-3656
-4936
-6316
-7264
-8340
-9948
-10909
-11764
-12461
-12771
-12970
-12831
-12254
-11615
-10854
-9278
-7523
-5946
-4174
-2622
-753
1439
3082
4692
6214
7528
9009
9964
10725
11659
12137
12209
12173
11914
11686
11322
10320
9113
7904
6655
5469
3873
2126
639
-958
-2415
-3965
-5356
-6507
-7812
-8811
-9610
-10025
-10105
-10250
-10220
-9897
-9079
-8058
-7160
-6051
-4675
-3147
-1660
-218
1668
3806
5065
6472
7871
8695
10369
10956
10518
10626
10408
10072
9314
8103
7154
5967
4461
2904
1351
-43
-1215
-3068
-4908
-5955
-7233
-8170
-9579
-11050
-11506
-12176
-12557
-12658
-12675
-11932
-11150
-10440
-9194
-7570
-5956
-4451
-3132
-1594
518
2237
3519
5035
6251
7608
9059
9679
10675
11547
11786
12211
12076
11909
11833
10947
9635
8441
7112
5588
4133
2249
479
-849
-2475
-3827
-5081
-6324
-7235
-8190
-8836
-9261
-9395
-9382
-9556
-9409
-8780
-7953
-7143
-6149
-5069
-3763
-2092
-649
1458
3464
4789
6797
7844
9156
10891
11096
11169
10946
10554
10167
9149
8257
7112
5674
4346
2664
1174
175
-1195
-3176
-4555
-5852
-6896
-7675
-9346
-10476
-11265
-12176
-12622
-13043
-12988
-12468
-11882
-11137
-9908
-8180
-6519
-4871
-3469
-1753
432
2098
3708
5235
6602
8113
9236
10119
10859
11542
11886
11812
11642
11452
11257
10286
9102
8089
6721
5560
4186
2273
763
-547
-2145
-3636
-4909
-6229
-7263
-8333
-9349
-9566
-9759
-9816
-9699
-9647
-8698
-7668
-6892
-5752
-4516
-3056
-1387
101
1658
4122
5484
6634
8365
8888
10452
11328
10590
10634
10388
10032
9379
8166
7156
5991
4773
3162
1712
299
-888
-2461
-4556
-5598
-6819
-7876
-9074
-10714
-11367
-11887
-12396
-12605
-12625
-12070
-11366
-10650
-9689
-8111
-6411
-5072
-3674
-2295
-324
1684
2898
4385
5727
6993
8391
9353
10059
10797
11535
11359
11407
11547
10964
10517
9294
7984
6947
5395
4105
2316
467
-854
-2386
-3861
-5034
-6107
-7275
-7925
-8723
-9158
-9000
-9322
-9121
-8972
-8605
-7401
-6758
-5874
-4622
-3542
-1925
-357
1078
3430
5100
6372
8284
9168
10564
11793
11476
11343
11173
10632
9979
8901
7652
6385
5008
3362
1794
408
-819
-2283
-4139
-5398
-6513
-7395
-8545
-10022
-10951
-11744
-12307
-12742
-12881
-12598
-12101
-11359
-10471
-8875
-7034
-5501
-3972
-2358
-474
1440
3078
4370
5798
7177
8263
9235
9947
10686
11227
11264
11153
11090
10977
10386
9408
8203
6961
5783
4247
2510
699
-941
-2417
-3961
-5341
-6500
-7528
-8601
-9332
-9764
-9982
-9787
-9807
-9713
-9041
-7953
-6941
-5806
-4494
-3197
-1490
91
1499
3675
5694
6752
8408
9468
10454
12011
11873
11483
11396
10943
10529
9389
8133
7085
5642
4172
2508
893
-294
-1560
-3649
-5148
-6210
-7460
-8326
-9956
-11174
-11653
-12349
-12605
-12725
-12569
-11835
-11153
-10453
-9008
-7169
-5702
-4164
-2773
-1221
932
2406
3588
5057
6267
7564
8630
9287
10052
10718
10971
10939
10860
10766
10426
9529
8241
7110
5787
4230
2739
777
-946
-2182
-3794
-5251
-6280
-7467
-8414
-9076
-9770
-9777
-9624
-9702
-9434
-9018
-8222
-6983
-6025
-5002
-3546
-2214
-582
1113
2556
4940
6533
7634
9561
10344
11672
12733
12202
12106
11813
11210
10448
9211
7954
6672
5240
3554
1953
449
-813
-2443
-4423
-5534
-6777
-7781
-8994
-10695
-11401
-12090
-12702
-12865
-13076
-12708
-11952
-11279
-10250
-8613
-6956
-5523
-3981
-2451
-505
1460
2960
4424
5859
7216
8451
9436
9998
10663
11087
10813
10789
10574
10061
9515
8301
7061
5904
4558
3240
1546
-212
-1580
-2985
-4436
-5678
-6882
-7986
-8765
-9504
-10018
-9929
-9889
-9775
-9369
-8658
-7478
-6385
-5196
-3963
-2482
-824
756
2357
4215
6361
7471
8765
10285
11012
12290
12466
11796
11744
11350
10902
9848
8624
7480
6147
4746
3031
1516
-29
-1441
-3284
-5063
-6147
-7361
-8404
-9868
-11117
-11637
-12272
-12573
-12771
-12674
-12017
-11295
-10367
-9193
-7578
-6069
-4780
-3236
-1555
383
1987
3316
4713
6124
7489
8480
9268
9765
10280
10647
10349
10332
10082
9306
8581
7326
6154
5045
3565
2133
401
-1211
-2416
-3807
-5142
-6143
-7296
-8228
-8618
-9278
-9373
-9182
-9387
-8947
-8494
-7723
-6473
-5593
-4480
-3163
-1754
-27
1500
3177
5234
6587
8071
9600
10491
11860
12445
12018
11927
11650
11121
10261
9060
7805
6415
4985
3307
1660
321
-1017
-2797
-4358
-5467
-6622
-7579
-8985
-10324
-10984
-11731
-12214
-12423
-12517
-11971
-11344
-10694
-9442
-7963
-6468
-4996
-3611
-1953
4
1599
2998
4381
5685
7138
8120
8815
9530
9974
10221
10198
9996
9806
9516
8681
7521
6492
5280
3983
2512
750
-761
-2106
-3446
-4805
-6038
-7015
-8069
-8894
-9417
-9801
-9646
-9506
-9428
-8831
-7990
-6936
-5833
-4752
-3469
-2049
-422
1109
2878
4893
6277
7801
9132
10187
11514
11959
11724
11576
11366
10963
10274
9251
8118
6959
5529
3977
2483
1156
-125
-1998
-3575
-4728
-5968
-7004
-8475
-9872
-10560
-11193
-11775
-11945
-11932
-11620
-11015
-10496
-9393
-7892
-6634
-5170
-3858
-2371
-339
1113
2298
3736
4870
6131
7336
8061
8839
9562
9731
9855
9858
9609
9407
8490
7409
6502
5263
4129
2755
1021
-408
-1773
-3110
-4342
-5488
-6615
-7678
-8483
-9034
-9333
-9456
-9445
-9398
-8938
-8122
-7154
-6187
-5096
-3669
-2433
-826
810
2499
4513
5817
7326
8679
9847
11285
11612
11546
11556
11322
10947
10192
9226
7988
6831
5487
3875
2542
1283
-130
-1839
-3287
-4470
-5558
-6641
-8087
-9246
-10048
-10800
-11305
-11676
-11655
-11353
-10918
-10287
-9211
-7742
-6462
-5125
-3781
-2178
-216
1268
2653
4067
5315
6659
7629
8348
9097
9545
9709
9788
9557
9376
9154
8164
7175
6275
5035
3885
2483
830
-507
-1896
-3305
-4527
-5792
-6797
-7808
-8784
-9217
-9558
-9674
-9597
-9579
-9087
-8205
-7374
-6373
-5233
-3996
-2428
-1012
706
2822
4260
5950
7516
8502
10183
11163
11227
11446
11301
11136
10649
9645
8750
7589
6339
4983
3397
2253
1261
-379
-1926
-3079
-4300
-5247
-6494
-8005
-8859
-9604
-10378
-10857
-11152
-11055
-10810
-10517
-9782
-8569
-7279
-5918
-4623
-3245
-1297
409
1733
3203
4536
5632
6810
7783
8338
9125
9580
9414
9563
9532
9274
8823
7832
7024
6018
4839
3772
2122
589
-578
-2266
-3736
-4679
-6039
-7036
-7809
-9010
-9232
-9217
-9643
-9543
-9387
-8945
-8003
-7284
-6423
-5229
-3990
-2555
-1046
763
2568
4172
5701
7040
8577
9830
10442
10709
10772
10845
10451
9657
8983
7941
6818
5645
4141
3006
2120
666
-785
-2008
-3306
-4120
-5337
-6860
-7769
-8798
-9607
-10087
-10650
-10715
-10402
-10256
-9673
-8508
-7481
-6118
-4752
-3603
-1872
-187
1172
2804
4033
5338
6727
7337
8455
9196
9429
10054
9863
9659
9807
9263
8513
7640
6547
5425
4149
2680
1101
-309
-1585
-3002
-4439
-5533
-6650
-7523
-8357
-9318
-9533
-9802
-10051
-9903
-9716
-9037
-8242
-7449
-6481
-5177
-3648
-2124
-193
1347
3113
5044
6084
7779
9199
9654
10318
10457
10417
10354
9743
8997
8090
7058
5989
4715
3418
2524
1230
-253
-1239
-2540
-3614
-4618
-6087
-7100
-7990
-8914
-9558
-10092
-10388
-10354
-10161
-9774
-8791
-7749
-6634
-5171
-3823
-2140
-364
938
2457
3997
5137
6481
7621
8224
9247
9870
9852
10409
10294
9931
9834
8920
8213
7378
6078
4956
3376
1904
595
-1053
-2390
-3700
-5121
-6218
-7195
-8237
-8918
-9445
-10043
-10183
-10249
-10104
-9550
-9105
-8347
-7352
-6297
-4870
-3555
-1706
161
1529
3573
5053
6478
8319
9083
9559
10213
10509
10359
9924
9390
8536
7680
6637
5235
4099
3104
1841
298
-959
-2040
-3004
-4238
-5685
-6671
-7685
-8482
-9192
-9974
-10144
-10169
-10131
-9781
-9001
-7943
-6958
-5804
-4523
-2834
-1076
394
1972
3434
5010
6418
7432
8556
9332
10073
10515
10600
10874
10779
10433
9744
8889
8073
7017
5824
4254
2686
1366
-172
-1640
-3119
-4582
-5806
-6991
-8100
-8921
-9520
-10095
-10603
-10837
-10632
-10237
-9756
-9112
-8360
-7074
-5669
-4383
-2331
-673
940
2973
4207
6029
7778
8515
9329
9721
10105
10374
9844
9383
8673
7744
6885
5627
4400
3546
2203
651
-526
-1883
-2754
-3859
-5555
-6521
-7412
-8312
-8841
-9595
-10069
-9998
-10065
-9955
-9145
-8321
-7387
-6198
-5215
-3557
-1648
-247
1455
2933
4336
6137
7299
8324
9527
10157
10705
11132
11137
11288
11071
10274
9565
8645
7613
6604
4948
3363
2072
487
-892
-2347
-3981
-5126
-6236
-7545
-8343
-9019
-9770
-10234
-10703
-10752
-10381
-10094
-9534
-8927
-7908
-6426
-5189
-3226
-1608
-58
2025
3277
5192
6989
7869
8830
9298
9803
10142
9868
9547
8778
7910
7041
5867
4772
3928
2495
1017
-27
-1464
-2290
-3425
-5098
-6034
-7118
-8077
-8638
-9406
-9909
-10054
-10232
-10078
-9322
-8654
-7798
-6742
-5747
-4096
-2489
-1013
697
2083
3627
5299
6650
7931
9109
10025
10612
11231
11540
11631
11575
10920
10279
9357
8279
7290
5691
4109
2711
1097
-281
-1664
-3319
-4601
-5596
-6904
-7778
-8463
-9426
-9939
-10390
-10782
-10559
-10300
-9944
-9345
-8478
-7135
-5759
-3817
-2228
-618
1501
2930
4934
6656
7541
8690
9163
9632
9977
9648
9514
8853
7926
7105
6040
5055
4206
2777
1360
287
-1066
-1980
-3243
-4816
-5729
-6859
-7854
-8539
-9301
-9743
-10057
-10289
-10139
-9539
-8857
-8082
-7186
-6105
-4506
-3015
-1616
17
1458
3103
4665
6038
7393
8493
9549
10145
10876
11371
11467
11485
10823
10370
9669
8537
7614
5995
4548
3263
1545
295
-1090
-2782
-3966
-5114
-6450
-7060
-7972
-8904
-9288
-10038
-10037
-9969
-10047
-9454
-9115
-8331
-6970
-5993
-4201
-2367
-1161
923
2473
4066
6217
7059
7903
8831
9282
9878
9745
9442
9066
8269
7458
6353
5299
4467
3166
1602
460
-774
-1722
-2885
-4556
-5641
-6641
-7561
-8355
-9114
-9514
-9851
-10058
-10044
-9661
-8987
-8383
-7691
-6712
-5350
-3792
-2401
-1007
537
2132
3669
5137
6604
7700
8893
9836
10329
11133
11416
11283
11020
10410
9793
8908
7861
6569
5027
3779
2353
826
-424
-1945
-3400
-4398
-5625
-6652
-7273
-8166
-8884
-9372
-9670
-9678
-9581
-9388
-9095
-8469
-7344
-6246
-4959
-2964
-1621
7
2044
3310
5433
6959
7604
8694
9204
9901
10112
9643
9494
8765
7937
7095
5807
4779
3887
2294
933
-56
-1344
-2269
-3671
-5182
-6032
-7111
-8033
-8781
-9568
-9945
-10129
-10342
-10146
-9493
-9073
-8342
-7359
-6380
-4691
-3210
-1946
-252
1251
2828
4452
5679
6892
8096
8957
9722
10396
10726
10982
10849
10313
9808
8976
7985
6930
5416
4067
2864
1357
65
-1309
-2787
-3764
-4903
-6040
-6685
-7534
-8244
-8675
-9197
-9296
-9191
-9154
-8863
-8336
-7465
-6296
-5164
-3475
-1725
-384
1698
3216
4749
6819
7625
8417
9286
9659
10054
9822
9477
9007
8184
7422
6220
5084
4241
2956
1357
289
-853
-2007
-3009
-4559
-5696
-6532
-7587
-8421
-9104
-9594
-9823
-10043
-10018
-9484
-9018
-8447
-7618
-6845
-5437
-3915
-2822
-1283
349
1687
3350
4678
5833
7312
8128
9040
9782
9998
10536
10333
9865
9561
8651
7822
6883
5501
4272
3049
1688
470
-845
-2236
-3275
-4336
-5247
-6074
-6865
-7405
-8146
-8578
-8750
-8841
-8654
-8485
-8099
-7343
-6239
-5137
-3956
-2022
-631
905
2818
3942
5919
7466
8097
9074
9540
9975
9997
9439
9158
8425
7545
6628
5304
4298
3525
1937
587
-231
-1609
-2467
-3615
-5124
-5736
-6661
-7694
-8341
-9030
-9362
-9577
-9907
-9687
-9114
-8686
-7857
-7074
-6164
-4501
-3274
-2146
-442
913
2341
3978
5114
6263
7530
8292
8842
9497
9652
9714
9534
8928
8492
7608
6604
5673
4264
3177
2164
720
-330
-1424
-2693
-3455
-4415
-5515
-6089
-6817
-7513
-7870
-8331
-8397
-8290
-8229
-7851
-7232
-6322
-5150
-4156
-2780
-775
434
2142
3859
4881
6822
7788
8182
9100
9420
9565
9234
8703
8331
7555
6739
5596
4419
3698
2703
1144
112
-821
-2088
-2943
-4264
-5423
-6021
-6989
-7907
-8501
-8853
-9097
-9295
-9302
-8884
-8336
-7771
-6883
-6129
-4957
-3425
-2433
-1051
595
1864
3317
4584
5709
6795
7657
8333
8596
8906
9042
8753
8410
7878
7217
6399
5449
4436
3248
2271
1280
-56
-1076
-1974
-3166
-3946
-4782
-5901
-6369
-6947
-7672
-7923
-8114
-8102
-7909
-7590
-7090
-6221
-5168
-4098
-2986
-1574
347
1521
3023
4602
5556
7226
7984
8313
9097
9240
9274
8815
8236
7860
6955
6062
4900
3702
2907
1855
389
-631
-1535
-2772
-3592
-4736
-5753
-6247
-7139
-7885
-8308
-8567
-8710
-8780
-8677
-8249
-7631
-7035
-6135
-5278
-4088
-2640
-1682
-237
1301
2408
3827
4978
5952
6994
7717
8100
8439
8688
8474
8230
7716
7073
6474
5449
4571
3599
2445
1619
473
-698
-1471
-2549
-3559
-4173
-5156
-5922
-6310
-6978
-7307
-7466
-7587
-7417
-7178
-6772
-6196
-5306
-4348
-3235
-2130
-908
968
2022
3436
4984
5688
7252
7975
8118
8778
8836
8646
8198
7510
6851
6021
5015
3828
2703
1785
908
-472
-1435
-2124
-3306
-3905
-4865
-5859
-6205
-6936
-7608
-7916
-8105
-8280
-8128
-7949
-7537
-6748
-6167
-5156
-4165
-2994
-1497
-478
940
2359
3457
4837
5805
6502
7318
7810
8028
8222
8015
7702
7430
6731
6122
5323
4376
3596
2492
1507
677
-420
-1383
-2227
-3192
-3883
-4515
-5414
-5964
-6396
-6847
-7024
-7167
-7119
-6893
-6532
-5994
-5280
-4271
-3324
-2200
-1140
88
1829
2717
4115
5299
5842
7282
7591
7721
8234
7889
7721
7202
6411
5841
4960
4026
3015
1944
1090
207
-1111
-1806
-2642
-3822
-4239
-5315
-6030
-6302
-7114
-7472
-7643
-7787
-7744
-7454
-7166
-6521
-5723
-4998
-3811
-2874
-1578
-206
766
2176
3261
4183
5306
6030
6515
7039
7320
7316
7436
7133
6716
6446
5744
5190
4438
3568
2892
1831
940
127
-938
-1748
-2547
-3521
-4096
-4623
-5440
-5661
-5928
-6305
-6155
-6203
-6034
-5616
-5252
-4699
-4012
-3153
-2257
-1496
-163
1056
1867
3315
4066
5026
6242
6354
6837
7120
6985
6913
6211
5752
5191
4159
3393
2347
1380
846
-354
-1451
-1810
-2833
-3511
-3988
-4994
-5270
-5649
-6330
-6464
-6547
-6748
-6599
-6417
-6088
-5359
-4908
-4190
-3224
-2399
-1155
-155
764
2028
2909
3795
4849
5455
5909
6428
6563
6689
6811
6468
6194
5819
5229
4698
4020
3312
2561
1669
831
133
-705
-1483
-2120
-2922
-3429
-3930
-4490
-4683
-5014
-5247
-5301
-5359
-5126
-4896
-4667
-4187
-3604
-2892
-2177
-1056
-118
809
2045
2710
3923
4882
5233
5788
5921
6042
5938
5469
5031
4322
3573
2830
1930
1227
586
-459
-1162
-1651
-2566
-2928
-3575
-4350
-4555
-5153
-5494
-5581
-5774
-5878
-5770
-5580
-5206
-4641
-4254
-3466
-2780
-2012
-887
-139
911
1898
2522
3503
4318
4798
5414
5810
5909
6202
6181
5988
5988
5520
5070
4563
3900
3369
2590
1778
1019
209
-576
-1175
-1871
-2481
-2887
-3515
-3738
-3899
-4170
-4226
-4346
-4296
-4208
-4038
-3785
-3558
-3208
-2746
-2441
-1630
-838
-534
582
1120
1836
3057
3196
4015
4461
4425
4908
4536
4477
4198
3259
2875
2154
1298
877
-46
-934
-1111
-2022
-2502
-2606
-3399
-3500
-3852
-4250
-4219
-4364
-4437
-4459
-4315
-4165
-3817
-3501
-3087
-2435
-2037
-1302
-602
1
936
1576
2240
3044
3636
4178
4752
5117
5359
5588
5514
5477
5334
4960
4569
3948
3414
2796
2085
1443
684
-1
-604
-1156
-1661
-2049
-2446
-2810
-2988
-3155
-3268
-3367
-3474
-3552
-3536
-3464
-3430
-3240
-3147
-2845
-2481
-2155
-1296
-936
-283
614
974
2016
2609
2885
3544
3655
3789
3858
3526
3359
2851
2227
1797
1037
587
125
-746
-987
-1375
-1988
-2007
-2456
-2769
-2750
-3145
-3279
-3241
-3339
-3366
-3264
-3222
-2968
-2658
-2466
-1916
-1580
-1058
-373
-7
799
1406
1827
2625
3079
3467
4072
4256
4476
4734
4598
4635
4516
4123
3875
3364
2899
2456
1720
1198
614
-70
-535
-1051
-1533
-1799
-2193
-2499
-2556
-2753
-2835
-2931
-3089
-3050
-3091
-3147
-3084
-3027
-2942
-2737
-2504
-2114
-1595
-1180
-595
23
765
1464
1918
2584
3022
3296
3536
3491
3458
3335
2854
2368
2012
1496
989
422
-136
-410
-899
-1325
-1560
-1899
-1984
-2254
-2562
-2537
-2644
-2780
-2790
-2853
-2772
-2605
-2597
-2332
-2023
-1750
-1282
-978
-462
148
581
1211
1751
2208
2800
3237
3566
3940
4064
4127
4204
4023
3813
3520
3112
2670
2147
1635
1099
604
93
-452
-826
-1154
-1469
-1784
-2022
-2157
-2313
-2450
-2593
-2699
-2747
-2794
-2904
-2894
-2743
-2720
-2576
-2308
-1995
-1560
-1152
-677
-133
454
1052
1476
1978
2465
2660
2907
2995
2950
2940
2675
2349
2040
1689
1324
893
486
151
-189
-538
-792
-1073
-1285
-1455
-1738
-1836
-1937
-2047
-2137
-2213
-2211
-2204
-2107
-2085
-1919
-1745
-1541
-1212
-949
-471
-99
334
870
1267
1796
2235
2587
2900
3132
3258
3345
3318
3083
2890
2529
2127
1776
1214
789
369
-148
-467
-775
-1061
-1233
-1408
-1594
-1573
-1636
-1742
-1749
-1926
-1950
-2033
-2146
-2177
-2243
-2204
-2166
-1965
-1714
-1376
-990
-625
-93
365
880
1342
1633
1975
2210
2334
2407
2412
2298
2144
1992
1712
1519
1342
1028
804
581
337
159
-67
-280
-473
-686
-851
-1038
-1196
-1270
-1441
-1542
-1534
-1616
-1559
-1518
-1539
-1383
-1285
-1138
-925
-743
-478
-224
45
352
672
940
1155
1359
1508
1664
1692
1631
1573
1420
1269
1028
760
553
269
-13
-232
-428
-567
-666
-846
-908
-874
-969
-965
-997
-1076
-1036
-1122
-1207
-1164
-1188
-1204
-1143
-1106
-909
-701
-567
-226
42
329
724
915
1217
1529
1619
1762
1874
1868
1867
1798
1651
1555
1405
1214
1065
883
754
577
382
304
144
-14
-105
-273
-396
-481
-636
-740
-799
-919
-1024
-1089
-1131
-1174
-1196
-1174
-1165
-1078
-970
-881
-685
-493
-327
-132
59
259
430
547
631
681
671
630
536
422
312
91
-84
-218
-407
-508
-635
-757
-761
-808
-836
-775
-754
-714
-679
-676
-603
-587
-581
-566
-595
-556
-516
-482
-387
-264
-187
-8
221
409
673
843
1022
1249
1410
1573
1666
1698
1720
1681
1634
1613
1485
1348
1181
994
917
753
604
448
267
196
84
10
-17
-109
-182
-215
-255
-263
-300
-428
-512
-585
-669
-726
-804
-875
-917
-927
-895
-806
-700
-629
-527
-411
-270
-128
-73
-9
-1
-28
-21
-111
-199
-282
-444
-581
-653
-758
-831
-855
-949
-938
-892
-863
-778
-735
-641
-584
-501
-383
-347
-267
-258
-263
-214
-192
-164
-142
-115
-54
52
182
324
477
627
793
972
1141
1287
1376
1439
1486
1514
1523
1477
1404
1288
1198
1125
1024
970
859
749
687
602
545
491
380
309
243
143
141
51
-52
-90
-250
-311
-356
-504
-543
-622
-737
-721
-754
-762
-681
-679
-605
-480
-416
-277
-193
-190
-126
-169
-230
-245
-403
-519
-627
-811
-880
-960
-1073
-1081
-1119
-1151
-1058
-1025
-966
-829
-808
-704
-594
-568
-457
-412
-397
-333
-332
-311
-247
-256
-213
-152
-154
-30
67
147
335
447
595
795
930
1107
1260
1341
1435
1470
1471
1487
1425
1343
1273
1133
1032
977
867
807
760
666
662
668
645
676
654
609
610
542
471
393
221
96
-35
-195
-274
-386
-495
-523
-562
-563
-516
-514
-493
-460
-466
-437
-439
-484
-499
-575
-630
-651
-747
-789
-835
-937
-942
-975
-1038
-1006
-1025
-1049
-967
-945
-889
-755
-706
-609
-484
-441
-348
-279
-291
-257
-275
-334
-333
-388
-422
-383
-385
-304
-168
-93
79
244
347
545
675
758
911
963
1010
1092
1076
1074
1071
1009
991
953
889
878
831
812
852
827
855
900
849
893
908
819
828
695
517
435
216
102
11
-185
-210
-306
-377
-278
-314
-260
-167
-222
-150
-115
-152
-97
-140
-200
-225
-325
-383
-430
-516
-550
-606
-694
-712
-771
-842
-825
-865
-884
-804
-803
-749
-616
-583
-482
-371
-380
-313
-286
-343
-322
-376
-465
-488
-573
-623
-600
-624
-582
-486
-431
-289
-125
-11
172
316
396
519
576
592
642
618
578
579
539
534
557
557
599
635
670
729
751
778
788
768
758
719
671
618
548
493
419
359
309
234
196
149
92
87
49
21
35
12
23
48
39
66
67
54
60
24
1
-32
-100
-131
-191
-258
-276
-325
-353
-347
-368
-346
-314
-306
-256
-227
-214
-176
-177
-185
-193
-244
-306
-375
-467
-558
-643
-737
-813
-864
-911
-921
-899
-875
-809
-723
-642
-521
-405
-305
-187
-95
-24
53
93
122
154
162
179
203
218
250
298
338
399
464
509
572
616
636
674
669
652
646
591
552
512
444
411
363
318
315
284
282
300
291
321
334
335
369
367
372
390
367
371
362
325
320
283
243
224
172
137
111
58
34
9
-28
-36
-59
-79
-80
-105
-126
-145
-190
-236
-288
-366
-443
-525
-621
-700
-780
-857
-906
-944
-958
-943
-916
-861
-788
-709
-626
-541
-466
-403
-354
-328
-309
-300
-309
-314
-315
-315
-288
-252
-204
-123
-52
29
122
188
259
315
331
357
358
336
329
307
295
306
306
331
375
416
480
542
598
665
713
753
798
819
838
854
849
845
828
795
775
729
671
619
547
482
413
327
261
195
123
79
31
-5
-27
-67
-93
-114
-155
-193
-249
-315
-371
-443
-519
-577
-641
-687
-715
-744
-745
-733
-726
-699
-668
-646
-611
-599
-595
-580
-597
-609
-614
-640
-640
-646
-664
-639
-628
-610
-554
-525
-472
-392
-341
-260
-178
-128
-38
25
69
145
178
213
264
274
314
353
364
413
450
483
551
592
642
712
745
795
843
856
887
887
860
851
808
766
730
660
618
573
514
487
439
394
379
336
313
306
272
272
270
247
255
233
199
180
117
60
2
-97
-180
-273
-384
-462
-549
-632
-682
-736
-772
-784
-801
-802
-800
-811
-813
-820
-843
-859
-886
-917
-924
-928
-924
-883
-846
-789
-698
-626
-530
-425
-352
-259
-170
-113
-34
26
67
135
175
217
278
303
345
391
405
451
486
504
551
572
593
633
644
661
683
677
679
676
656
640
615
583
555
522
495
473
452
437
425
417
416
415
411
414
407
401
395
376
356
328
285
238
179
111
41
-43
-122
-203
-282
-347
-414
-467
-505
-541
-561
-573
-592
-598
-612
-628
-636
-656
-679
-701
-734
-755
-770
-786
-782
-768
-740
-692
-636
-568
-492
-409
-328
-248
-168
-102
-39
12
50
87
115
140
169
191
214
241
259
278
296
305
317
326
326
330
325
317
313
303
295
292
283
281
279
279
285
291
299
316
336
364
393
423
455
488
521
548
570
585
595
596
590
572
545
507
456
397
329
252
172
87
-3
-89
-176
-264
-344
-420
-493
-558
-622
-682
-732
-778
-815
-841
-862
-869
-868
-855
-824
-784
-730
-660
-585
-497
-402
-307
-207
-114
-31
50
117
172
218
249
271
283
282
279
266
250
233
211
190
167
145
124
101
79
54
29
7
-17
-43
-65
-83
-94
-102
-104
-101
-87
-64
-33
4
49
99
152
210
267
326
380
425
472
509
541
564
561
562
555
533
507
456
404
357
293
230
159
88
22
-45
-113
-172
-219
-267
-310
-349
-383
-401
-418
-434
-446
-454
-443
-427
-415
-393
-371
-337
-291
-254
-210
-164
-128
-81
-40
-5
31
60
79
99
112
119
124
122
118
114
107
96
84
73
61
41
25
9
-12
-28
-46
-65
-79
-95
-110
-118
-125
-133
-131
-126
-118
-102
-84
-64
-32
-4
24
60
91
122
150
176
198
217
230
236
241
242
234
221
204
182
159
137
114
87
63
39
18
1
-21
-39
-52
-64
-72
-78
-86
-90
-96
-99
-99
-101
-101
-100
-98
-91
-81
-69
-56
-40
-28
-10
9
19
34
45
52
62
62
63
65
58
55
47
36
30
19
9
2
-10
-22
-30
-43
-53
-62
-73
-83
-93
-103
-108
-116
-121
-122
-124
-119
-113
-108
-95
-87
-72
-55
-43
-27
-11
3
22
36
47
59
68
76
83
87
90
89
86
84
80
75
67
58
46
39
36
29
20
14
8
7
7
6
6
6
6
9
7
7
9
10
16
19
25
29
30
35
41
47
53
55
55
55
53
50
49
43
37
27
21
14
6
-2
-9
-20
-32
-37
-44
-48
-52
-58
-64
-68
-71
-75
-80
-86
-88
-92
-90
-89
-93
-89
-86
-82
-75
-67
-56
-48
-41
-29
-21
-9
4
12
22
30
34
38
42
45
48
47
48
50
48
46
45
41
38
41
42
43
43
41
40
37
36
34
29
25
22
19
16
14
12
9
8
10
12
14
19
23
25
27
30
34
35
35
36
35
32
28
24
22
17
11
6
1
-5
-9
-17
-24
-31
-36
-43
-47
-52
-54
-58
-60
-64
-66
-68
-68
-69
-69
-68
-67
-65
-62
-59
-55
-50
-44
-38
-31
-23
-14
-9
-2
6
13
20
26
28
33
36
37
36
37
42
43
40
38
34
31
28
28
27
26
22
22
20
20
20
16
16
18
20
18
18
22
22
23
23
24
29
34
34
33
36
37
36
34
33
30
24
18
11
3
-2
-8
-16
-18
-21
-26
-29
-33
-37
-38
-42
-45
-47
-48
-47
-47
-48
-45
-44
-40
-38
-34
-30
-27
-26
-21
-17
-12
-8
-6
-2
0
1
-3
-2
1
2
2
1
-1
-1
-2
-3
-4
-2
1
1
2
4
4
7
8
8
9
11
12
13
14
14
17
20
20
22
25
25
25
25
25
23
22
24
26
26
27
29
30
26
24
23
20
17
16
14
10
8
4
2
-2
-5
-7
-9
-10
-12
-14
-14
-13
-14
-15
-18
-21
-24
-28
-29
-33
-35
-36
-35
-33
-33
-30
-28
-26
-24
-24
-23
-19
-16
-13
-9
-7
-5
-2
1
3
4
7
10
11
14
16
17
18
17
15
14
12
12
9
7
8
9
9
10
8
5
5
4
5
9
9
9
8
11
13
12
13
14
15
16
16
16
16
14
12
11
9
5
4
1
1
-1
-3
-5
-7
-8
-7
-9
-12
-12
-13
-15
-15
-15
-18
-21
-22
-22
-21
-20
-19
-19
-19
-19
-15
-10
-5
0
0
2
4
4
6
8
11
11
11
12
9
9
11
9
6
