1
2
3
4
2
-1
-2
1
4
2
-1
-1
1
1
-1
-1
0
1
1
0
0
-1
-1
1
4
2
0
-1
1
0
-1
-1
-1
1
0
0
0
0
-1
0
1
0
0
0
3
0
-2
-3
-2
-1
-2
0
0
0
0
-1
2
2
0
-1
0
1
0
1
4
4
3
2
4
3
5
4
2
5
6
0
0
5
4
1
2
4
-1
-2
1
0
3
3
1
6
4
-1
-2
-3
-1
-3
-4
-1
-1
-1
1
-3
-3
-3
-2
-2
-3
0
2
3
0
1
0
2
-1
-1
0
1
1
2
1
3
2
2
1
0
0
1
1
1
0
1
0
0
0
-1
-2
0
1
2
1
1
0
1
2
2
2
0
1
1
2
1
-1
0
1
0
-1
-1
0
1
-2
-1
1
-1
-2
0
-1
-1
-1
0
-1
-5
0
-1
-1
0
1
1
-2
1
0
-2
0
-2
0
1
-2
-3
1
2
2
4
3
3
2
1
0
-1
-1
1
2
3
2
1
0
0
-1
0
2
2
1
-2
-2
0
2
2
2
1
-1
-1
-1
-1
0
1
2
0
2
0
-1
1
0
0
2
3
1
3
1
-1
-2
-3
-1
2
-2
-2
-2
-2
-1
0
-2
0
1
0
2
1
2
0
1
4
1
3
0
0
2
0
0
2
0
0
0
1
1
2
0
1
1
2
0
-1
3
4
1
2
3
2
0
2
1
0
1
2
1
0
0
2
1
1
2
1
0
2
1
1
2
2
0
3
2
0
2
-1
-2
-1
-1
0
0
0
0
-2
-2
0
3
2
1
0
1
-4
-8
-5
1
2
-2
-4
0
0
-1
-1
3
1
-5
-5
0
3
0
-2
0
3
2
-2
-1
0
0
-1
-1
0
0
0
0
0
2
-2
-5
0
5
1
0
0
0
-1
0
2
-1
-2
-1
1
1
1
2
2
2
2
-1
0
-1
1
0
1
0
-1
3
6
6
6
4
2
1
2
-1
-3
2
3
2
1
2
3
2
3
1
5
2
2
2
-2
0
-1
-1
3
-3
3
0
0
3
-3
3
3
1
5
1
2
1
0
1
-1
1
0
0
1
1
0
1
1
1
-1
0
0
0
0
-2
1
0
-1
-4
-2
-1
-1
-2
-3
-2
1
0
1
-1
-1
0
-1
1
1
0
-1
-1
-1
-1
-1
1
2
3
4
2
2
0
0
1
1
-1
-1
0
1
1
1
1
0
-1
-1
1
2
1
3
1
0
0
-5
0
-6
-3
1
-1
2
-2
-1
1
0
1
-1
1
2
0
-1
0
0
-1
2
1
1
0
0
1
1
-3
0
1
4
3
-2
0
-2
0
1
-1
3
-2
0
-1
-1
2
1
2
2
2
2
1
0
-1
-2
-4
-1
-1
-2
-1
0
0
-1
1
0
0
2
-1
-1
0
-1
-1
1
2
1
2
2
4
2
2
3
-4
0
2
1
2
1
2
5
6
1
1
0
0
-1
1
4
-2
0
2
0
5
2
2
6
1
-1
-2
0
-1
-4
-1
1
0
3
2
0
1
1
1
2
-1
-1
2
0
-1
-2
-1
1
0
0
-1
-1
-1
-2
-4
-3
-2
-3
-2
0
0
-2
0
0
-2
-3
-1
0
-3
-6
-4
-2
-1
-1
-2
-2
-1
-1
-2
-1
-1
-1
-2
-2
1
3
4
4
3
3
3
-1
-1
0
0
1
1
1
2
0
-1
-1
-1
-1
-1
0
1
3
3
3
3
2
1
0
0
-1
1
3
4
3
0
1
2
2
1
-1
1
2
-1
-2
1
1
-3
-1
1
1
0
-2
1
-1
-1
-4
-4
1
1
0
0
1
-1
-1
0
1
-1
-3
2
0
0
0
4
5
0
4
3
3
3
-2
0
2
-1
-3
-1
-1
-1
-1
-2
-2
-2
-2
-2
-1
3
2
5
4
2
2
1
-1
-1
-2
-3
1
1
1
3
0
0
4
3
4
0
0
1
0
-1
-1
2
2
1
1
2
1
0
-1
2
2
0
-3
-2
-2
-2
-2
-1
-1
-1
-1
-1
-1
-1
0
1
1
-1
-2
-1
-1
-1
-1
0
2
2
3
2
0
-1
1
1
1
-1
-3
0
-1
-1
-1
1
2
2
-1
0
2
0
4
3
2
1
-1
6
1
0
3
1
1
-2
2
3
-1
1
2
0
-1
-2
-1
0
1
0
0
1
2
0
-1
-1
0
0
2
2
2
2
1
-1
-1
1
1
0
2
4
0
-1
1
2
-3
-1
2
-2
-3
-3
-2
-4
-4
-3
-3
-3
-2
-2
-2
0
-1
0
1
0
1
1
1
1
1
1
0
0
-1
0
-1
0
1
1
2
3
3
0
0
0
0
2
2
1
0
-1
-1
0
0
1
1
2
3
4
5
5
5
3
1
1
1
0
0
0
1
1
0
-1
-1
1
0
-2
-1
0
0
-1
-3
-2
0
-2
-2
1
1
0
0
-1
-1
1
1
-2
-1
0
-3
-3
1
0
-4
-1
4
0
-2
0
2
0
1
2
1
-1
-1
1
1
0
0
1
3
2
1
0
0
0
1
1
2
0
-3
-3
-1
-1
2
3
2
0
2
0
-3
-4
-2
-1
-2
-1
0
-2
-1
0
1
0
0
1
0
0
1
0
1
1
2
4
4
2
0
-2
-1
0
0
-1
0
0
0
-1
0
-1
-3
-4
-3
-2
-1
-2
-3
3
2
-2
1
0
-2
0
-3
-1
2
-2
-1
4
2
0
0
0
0
-1
-2
-2
-1
-1
0
1
2
2
2
2
1
-3
-3
-4
0
0
-1
-4
-4
-1
0
-3
0
2
0
-3
2
3
1
1
4
0
-1
2
3
3
1
0
0
1
2
-1
1
2
2
6
3
2
2
-2
0
-1
0
1
-1
1
-1
-1
-1
-3
-2
-3
-3
-2
-2
-2
-2
-2
-4
-3
-2
-1
-1
-1
-3
-2
-3
0
1
0
0
1
1
-1
0
-1
0
2
0
3
-3
0
2
-1
3
0
2
-1
0
2
1
3
1
1
6
3
2
5
3
3
6
1
2
2
1
0
2
3
2
3
3
3
2
-1
-1
0
2
1
-2
-2
0
-1
0
0
-1
0
-1
0
1
-1
0
1
0
-1
-2
1
1
0
-1
0
1
-1
-2
-1
0
0
1
3
2
2
1
0
1
1
2
1
1
1
1
0
0
0
2
3
3
2
3
4
3
1
0
2
3
5
3
2
1
0
0
-1
0
0
-1
-1
0
-2
0
-1
-1
-1
0
0
1
0
0
0
0
1
0
0
0
-1
-1
-1
0
1
1
0
-1
0
0
2
2
2
2
2
2
2
2
2
2
3
4
4
5
4
6
5
4
4
3
4
3
2
2
2
1
-1
-1
0
-2
-4
-3
1
2
0
0
-1
1
-2
-3
-3
-3
-5
0
-3
-5
-2
-4
-2
2
-1
-1
1
-3
-2
-1
1
1
0
-2
-1
-1
-1
-2
-1
1
0
0
1
1
3
2
-1
2
3
0
0
5
5
3
5
6
2
0
3
2
2
3
1
-1
-1
-1
0
1
0
-1
2
3
1
-1
-1
0
0
-4
-3
2
2
0
2
2
0
1
-1
-3
-1
2
-1
-2
-1
-4
1
1
-5
1
7
5
2
5
4
4
5
1
-2
1
1
-3
-2
0
-1
1
2
1
3
-1
1
3
3
5
0
-2
-1
-3
0
3
2
2
1
1
4
3
2
2
0
4
2
-2
-1
-2
-4
-3
-3
-2
0
0
-1
-2
1
-1
-3
3
4
-1
2
6
5
0
-2
2
2
1
3
1
-2
2
3
-6
-5
2
2
-2
5
5
-3
-2
3
-4
-2
5
0
0
4
-1
-3
-2
0
0
-8
-4
8
-5
-8
8
-2
-10
6
4
-10
6
11
-15
6
12
-12
6
10
-4
-3
2
6
0
-6
5
4
-8
2
11
-7
-2
18
0
-10
9
-1
-8
5
4
1
11
4
1
10
0
2
6
-2
3
7
0
2
2
-1
2
1
-1
4
-1
-3
1
-6
-1
8
7
3
6
5
-11
-4
10
-8
-14
-3
-6
-8
-8
-8
-9
-10
-3
-3
-6
-1
-1
-3
0
0
-2
1
2
2
2
2
0
-3
0
6
-1
-1
7
6
2
4
3
4
4
2
2
4
5
0
2
5
-2
1
2
3
1
2
4
3
1
1
3
2
1
4
3
2
1
0
0
1
4
2
8
5
1
8
3
-4
-2
-1
-5
-9
-2
1
-12
-9
7
-14
-15
17
-7
-13
17
-5
-5
0
-7
17
-25
1
40
-54
16
52
-78
21
60
-75
-5
65
-29
-50
52
37
-78
17
73
-71
-6
61
-34
-9
4
8
18
-54
36
51
-93
33
61
-84
33
47
-67
16
31
-27
1
10
-6
-14
-3
3
-8
10
16
-3
-8
5
11
2
0
6
-10
-16
11
-7
-22
-4
-31
-12
8
-41
3
49
5
11
34
6
13
25
-2
1
-6
-15
10
-12
-39
-10
-2
-22
-24
-21
1
29
10
4
30
19
-7
14
37
12
-14
6
15
-10
-18
-7
-2
-12
-20
-9
-4
-3
9
5
-1
15
9
0
17
12
-9
1
2
-10
-3
-6
-10
0
-7
-12
1
2
-1
4
9
10
1
4
10
1
-8
-1
1
-5
-3
-7
-2
2
-7
1
0
2
11
4
6
-2
-1
10
-7
-5
11
-3
-4
-2
-3
6
-9
-7
15
-1
-1
10
2
8
4
-3
0
5
1
-1
5
1
-5
-5
7
1
-6
0
-2
3
2
0
6
3
7
-3
-1
8
-9
-6
1
-1
-4
-6
4
2
-2
-1
1
11
2
-10
7
6
-6
1
2
-2
0
-5
-7
-5
-1
-3
-5
5
8
-5
-1
8
-3
-6
4
5
-4
-1
4
-5
0
6
-6
0
11
-1
-3
7
3
-2
0
5
3
-7
-3
4
-7
-9
-2
0
0
-3
-5
9
6
-2
11
9
3
14
8
-1
6
6
-3
-5
-4
-4
-6
-6
-5
-3
2
1
-3
1
6
4
-5
-1
11
5
-5
0
-2
-2
1
-3
-5
0
-1
2
4
-3
-2
7
7
5
1
-6
-5
1
-4
-15
-10
1
-5
-7
6
3
-9
5
15
4
4
13
14
11
10
3
-4
-3
-2
-4
-9
-4
-1
-7
-6
2
-3
-10
5
17
4
3
20
11
0
8
6
-3
-4
-4
-3
-2
-10
-7
-4
-6
-6
-3
0
3
5
6
6
7
5
5
2
-1
4
-1
-13
-5
1
-5
-6
-2
0
5
-1
-2
1
8
12
4
2
10
3
-4
1
0
-9
-11
-5
-4
-11
-12
-8
-4
2
-3
1
11
3
4
15
6
-7
-2
4
-3
-16
-9
3
-1
-4
-3
6
9
0
2
3
3
9
4
-4
1
0
-5
-4
-5
-7
-8
-3
1
-3
-1
-1
-1
8
6
-1
3
5
7
9
4
2
3
2
1
-4
-4
1
-7
-7
0
-4
-3
7
4
1
5
11
13
6
2
8
2
-1
-2
-11
3
7
-11
-8
2
2
-2
1
15
7
-4
11
2
-6
3
-8
-9
0
-5
-2
-4
-6
5
-1
-5
6
11
7
0
8
12
-2
2
10
-9
-10
4
-4
-9
-1
6
8
-3
-6
5
5
-1
2
7
10
6
-1
8
10
-1
-2
-2
-4
0
-10
-13
-3
-1
-4
-7
-4
4
5
4
1
-5
3
11
1
-2
8
4
-7
-5
-2
-9
-11
-4
-3
-5
-1
-1
-3
4
6
-1
0
7
6
2
3
4
2
2
0
-5
-4
-1
-3
-7
-6
-1
0
-2
-3
0
6
6
1
1
8
6
2
3
9
4
-4
-2
2
-3
-8
-5
-2
-6
-5
-5
-3
-2
2
3
3
5
4
2
3
7
6
3
3
5
2
-1
-1
5
4
0
-5
-4
1
0
-6
-6
-4
-3
-4
1
5
3
0
-1
0
4
4
1
2
6
1
-5
-2
5
0
-4
-2
0
2
0
-1
3
2
0
1
2
1
-1
0
2
0
-2
-2
-1
2
3
-1
-3
-4
1
5
3
-3
0
5
2
-4
-2
1
2
1
0
-1
1
0
-3
1
4
0
-2
1
2
-2
-1
4
3
0
1
1
5
4
0
-1
4
5
3
-1
-2
-2
3
3
-3
-5
0
-1
-2
-1
-1
-4
-2
-1
-2
-3
2
3
-2
-2
3
3
4
5
3
2
7
3
-6
1
8
-1
-8
-5
-2
-1
0
-3
-3
1
-2
-2
5
7
-1
-2
8
10
1
-5
0
9
8
-4
-9
0
3
-4
-6
-4
-2
2
4
-4
-5
3
7
2
-2
-1
-1
-1
0
-2
-2
-3
-2
0
2
2
-3
-5
2
5
-1
-5
-3
3
3
-4
-1
0
2
6
2
2
5
2
5
6
2
3
2
-1
0
-3
-2
0
0
3
0
-4
-1
-1
0
1
1
4
7
6
3
0
2
0
-4
-5
-3
-3
1
1
-1
2
2
-6
-1
2
-1
4
3
-2
1
1
-2
0
-2
-2
-2
-3
-2
-1
0
-5
-9
-6
2
5
2
1
2
3
1
1
0
2
4
2
4
2
-4
-4
-1
2
1
-4
-5
0
1
-1
-7
-4
7
7
6
3
-1
5
6
-2
-1
-1
-3
0
2
3
4
2
-1
-3
-6
-3
0
0
1
-5
-6
-4
-7
-7
-3
-6
2
6
0
2
1
-3
4
3
3
10
9
7
6
2
0
0
0
0
4
3
-2
-3
-4
-5
2
10
11
7
0
-1
3
-1
-10
-5
5
10
6
-2
-8
-4
1
-1
0
2
1
0
1
-4
-4
-3
-2
7
6
-1
-2
1
2
1
-3
-1
9
10
2
-1
3
5
1
-5
-8
0
3
-6
-8
-7
-7
-7
-8
-7
0
-4
-12
-7
2
2
-6
-12
-7
3
-2
-9
-6
5
11
6
-5
-2
7
3
-11
-9
0
4
2
1
1
5
5
2
3
15
6
-2
7
-2
-6
9
-2
-5
9
-5
-5
8
-5
-3
5
-3
-1
3
-1
0
-1
0
0
-1
0
-1
-1
1
0
0
1
0
2
1
1
-3
-5
-7
-6
-6
-6
-6
-4
0
5
6
7
11
21
28
31
26
13
3
-4
2
7
8
0
11
25
30
37
29
5
-42
-62
-66
-30
0
8
22
-67
-137
-263
-261
-80
-16
71
182
217
28
-99
-132
-162
148
141
125
422
136
142
350
-67
68
398
226
206
164
101
-48
-313
-31
-222
-462
89
-363
-421
130
-418
-470
-49
-193
-356
5
-36
-246
221
-39
-495
-192
-198
-694
-541
104
20
-177
92
-46
-18
319
-168
-170
-65
-179
-31
-750
-1027
-948
-591
168
556
673
928
1455
1238
1363
761
383
1422
1118
1217
871
-59
382
271
189
398
177
195
187
-142
-646
-575
-270
-879
-901
-514
-1031
-816
-744
-1694
-1346
-452
-817
-452
110
-453
182
579
-31
105
490
658
756
998
448
156
447
189
28
-171
198
661
699
442
-214
-149
-343
-236
-49
-577
209
204
-48
42
-711
203
308
-335
642
821
158
102
-6
-661
-343
-155
-739
-138
107
-381
-352
-300
-703
-982
-184
15
-99
277
-310
-363
162
-355
-694
278
470
-1
860
782
61
492
193
-360
574
1024
380
910
605
-588
352
317
-534
92
16
-91
321
-67
-922
-763
-198
-457
-239
86
-137
-363
-593
-661
-541
-261
-237
-108
423
-117
-400
477
82
82
467
-439
320
928
-157
208
643
163
119
306
290
255
688
353
-45
589
282
127
556
-281
-554
216
179
128
254
-112
-19
193
-261
-822
-588
323
299
8
239
89
436
353
-461
55
610
350
524
579
-31
-154
-101
-687
-536
-77
-286
-217
-56
-389
-779
-577
-656
-1054
-315
-192
-532
319
-23
-605
-127
-292
-291
372
660
349
647
494
-327
46
-8
-35
722
703
218
154
548
-54
-715
-84
175
20
79
-27
-296
19
8
-619
7
-25
-471
20
-227
-98
-306
-647
124
-29
-555
-262
463
594
69
-12
-8
275
394
-263
-452
-115
243
391
387
-82
-532
445
367
-342
255
210
314
298
156
158
59
331
-306
96
530
-8
359
23
-667
-410
222
-66
-307
42
-212
102
472
-96
-336
93
129
-175
112
108
19
261
-203
-84
546
330
124
134
-72
-474
-163
208
-258
-60
115
-49
183
17
-586
-667
202
106
-29
536
249
328
-70
-536
-143
-261
-165
116
1
-184
-313
-140
69
-197
-306
-215
88
255
-314
-304
-151
-300
-140
136
378
339
163
-85
111
239
-19
72
290
266
33
232
50
-275
1
-434
-462
187
80
93
107
-332
-401
-330
-302
-226
79
331
63
105
-16
-292
35
-111
-79
503
444
114
19
328
223
-130
157
324
607
781
652
281
44
216
-140
238
387
-96
493
330
-173
-78
-480
-436
296
361
-37
102
-26
-925
-954
-251
-275
-110
320
16
-16
54
-452
-443
-185
16
482
695
540
108
-134
-97
-139
10
318
414
219
14
-162
-356
-437
-456
-273
-136
-132
-110
-341
-536
-874
-1146
-505
-5
-87
-209
-275
-375
-533
-205
-177
-173
3
-89
274
43
-88
66
-57
312
272
267
416
420
435
68
78
275
156
209
346
402
319
111
133
90
36
240
271
224
82
-48
208
353
291
167
-40
369
731
414
536
322
-40
608
330
-152
503
417
77
64
-88
-56
172
375
-178
-391
64
-203
-309
90
78
-30
166
-240
-433
46
-670
-855
-20
-152
-12
69
-307
-323
-453
-255
-38
40
172
9
93
3
-621
-705
-205
-40
-292
-255
269
27
-557
-454
-500
-464
-193
-41
-323
-417
-92
-369
-499
-441
-314
-93
-196
48
27
-173
-163
-485
-256
47
-83
188
328
269
119
-296
-218
74
-3
59
148
347
378
-257
-145
253
20
83
213
125
98
200
-72
-218
279
156
159
603
371
217
105
-110
85
526
701
765
1058
713
357
557
646
561
370
479
433
658
847
-61
-127
341
182
330
396
305
137
219
480
143
179
209
162
423
203
420
99
-497
-192
-233
-31
184
128
-115
-443
-359
-280
-107
-211
-159
-290
-641
-274
-465
-515
-411
-886
-462
-336
-486
-103
-572
-920
-542
-385
-630
-629
-241
-498
-661
-303
-787
-893
-422
-717
-204
-76
-589
6
-185
-846
-583
-206
-475
-274
177
-490
-673
-200
-114
-245
-204
-127
-257
74
12
-308
159
179
90
391
245
36
297
584
275
16
226
730
886
537
412
551
784
357
325
821
617
653
539
623
1106
715
401
612
775
795
641
582
516
535
554
306
557
794
278
286
504
159
236
278
278
399
14
176
435
84
-139
-67
56
-209
-338
-148
-189
-266
-281
-300
-192
-198
-308
-416
-332
-100
-414
-355
39
-182
-346
-357
-146
-109
-305
-352
-408
13
-115
-717
-263
-56
-596
-735
-528
-487
-634
-831
-770
-426
-625
-805
-713
-778
-577
-799
-885
-487
-405
-375
-608
-493
-97
-443
-635
-239
18
-277
-361
93
-4
-221
-167
-287
6
199
-243
55
357
-281
-51
256
-68
182
138
122
423
328
419
247
105
505
357
313
760
661
420
589
679
474
513
827
794
621
880
940
630
742
697
594
788
645
760
904
716
531
270
476
519
580
749
171
381
663
364
274
84
344
227
54
-9
-116
280
-301
-348
319
-258
-434
-165
-185
-281
-486
-143
-196
-660
-255
-175
-566
-313
-278
-574
-487
-277
-246
-616
-602
-293
-504
-403
-406
-549
-404
-508
-401
-719
-507
-19
-1104
-720
150
-745
-558
126
-414
-770
-222
-262
-720
-332
-172
-536
-339
-248
-486
-384
-679
-532
93
-228
-256
-122
-408
-85
-98
-335
91
-101
-132
385
142
-54
72
266
70
-174
404
363
41
376
434
350
206
0
408
653
-83
152
1037
438
520
1159
542
514
555
556
1338
971
493
1264
1436
178
-147
1021
739
532
1402
790
60
735
646
-802
-274
880
-40
-93
227
-301
-125
-220
-769
-460
75
-542
-645
562
-56
-746
298
-431
-1022
281
6
-541
451
162
-537
157
-263
-691
191
85
111
379
-287
-450
-242
-345
-701
-586
66
-142
-335
-71
-479
-873
-746
-599
-492
-395
-599
-500
-75
-725
-1423
-845
-131
-403
-1037
-548
-96
-718
-856
-326
-420
-717
-206
-268
-569
-159
-293
-252
-542
-370
808
-435
-556
952
27
-335
122
377
595
256
384
667
360
240
773
692
134
376
995
431
215
1170
554
168
836
818
666
462
819
763
356
852
766
548
435
537
1057
663
398
365
371
590
512
338
369
691
285
84
395
69
26
428
196
51
309
-68
-62
13
-306
-310
158
160
-574
-83
117
-459
-723
-348
51
-648
-99
16
-723
-238
-451
-693
-521
-192
54
-838
-683
203
-461
-1044
-572
-127
-327
-554
-306
-194
-284
-634
-933
-175
-167
-1013
-45
48
-984
-289
-207
-690
-395
-532
-589
-247
-349
-486
-403
-766
-772
-271
-219
-288
-712
-560
123
-498
-669
-144
-75
-25
-309
130
529
-289
-76
575
126
194
679
725
262
-36
766
1082
113
53
1618
998
-241
888
1238
882
200
625
1367
418
483
945
697
141
516
850
142
556
938
291
-59
654
959
12
-226
786
748
-375
223
718
-190
132
553
-155
-11
445
120
-161
-162
196
-76
-392
226
89
-557
-202
225
-424
-533
-290
-264
33
-647
-531
-15
-540
-468
-703
-254
25
-1035
-280
43
-613
-282
-378
-317
-107
-513
-771
-280
-252
-523
-382
-290
-343
-921
-610
167
-536
-1473
-245
-69
-1509
-382
-342
-1009
-482
-1074
-1365
-800
-223
-635
-965
-701
-446
-195
-579
-606
-24
-66
-521
17
563
215
-101
130
377
487
789
432
680
1117
974
701
731
1712
1078
742
1493
1394
1475
1037
1011
1444
1110
628
1085
1715
1132
633
665
704
828
999
865
565
700
895
601
479
961
849
307
423
802
457
-37
454
520
-49
148
241
-131
-269
-209
-186
-300
-314
-359
-423
-351
-503
-712
-714
-342
-160
-767
-874
-355
-589
-875
-502
-486
-1032
-961
-353
-892
-1290
-550
-733
-1322
-1050
-622
-1141
-1484
-727
-1008
-1536
-1068
-1170
-1559
-1562
-1424
-1428
-1635
-1679
-1541
-1663
-2054
-1811
-1577
-1508
-1276
-1646
-1574
-1243
-1171
-1104
-1066
-451
-194
-321
-275
0
560
687
942
885
879
1826
1908
1519
1701
2343
2325
1721
2488
2856
2353
2370
2597
2797
2758
2598
2088
2233
2591
1842
2029
2569
1743
1366
1668
1498
1286
1451
1266
803
1241
1199
505
950
1000
169
290
893
340
19
762
355
-310
-137
73
199
-306
-593
52
2
-701
-382
-152
-678
-734
-443
-238
-379
-454
-609
-1184
-853
-602
-1531
-1205
-520
-1374
-1514
-1232
-1776
-2417
-2555
-2262
-2698
-2936
-2469
-2824
-3710
-4080
-3716
-3311
-3832
-3947
-2853
-3300
-4170
-3023
-2573
-3331
-3030
-1902
-1618
-1869
-1086
-154
-396
-767
21
784
603
1195
1942
1543
1641
2199
2294
2433
2526
2666
3126
3049
2711
3139
3260
2537
2396
2848
2735
2592
2846
2676
2463
2316
1979
2024
2168
2281
2101
1938
2266
1990
1779
1798
1611
1817
1787
1704
1908
1842
1391
1120
1221
1033
912
1093
1112
948
593
404
432
383
119
-134
-136
-155
-14
-193
-489
-492
-958
-1143
-780
-905
-1253
-1134
-1325
-1635
-1584
-2114
-2567
-2425
-2584
-3385
-3675
-3402
-4041
-4687
-4482
-4506
-5050
-5154
-4887
-5097
-5430
-5465
-5282
-4726
-4033
-3985
-4141
-3334
-2559
-2762
-2349
-1058
-474
-339
314
1099
1436
1457
1790
2531
3066
3255
3137
3377
3854
3372
2673
3084
3873
3550
2959
2878
3060
2939
2127
2189
2407
2101
2103
2154
2223
1784
1443
1690
1770
1664
2016
2649
2353
1832
2321
2700
2249
2232
2773
3036
2847
2369
2518
2914
2255
1517
1749
2017
1954
1764
1427
1257
1104
702
308
382
526
249
63
-267
-612
-552
-872
-1241
-1157
-1049
-1411
-1984
-1917
-2072
-2551
-2979
-3413
-3450
-3851
-4367
-5043
-5918
-5776
-5744
-6375
-6349
-6236
-6748
-7072
-7192
-6890
-5940
-5795
-5800
-5151
-4815
-4369
-3873
-3146
-2386
-1817
-894
-304
565
1381
1624
1960
2554
3542
3792
3764
4392
4726
4327
4006
4300
4328
4128
3977
3684
3625
3443
3018
2399
2146
2400
1826
1547
1934
1757
1607
1310
1305
1538
1300
1566
1936
2160
2234
2185
2719
2712
2301
2756
3369
3257
3035
3414
3692
3327
2950
3144
3008
2378
2549
2707
1961
1755
1814
1061
858
984
170
-118
309
-108
-587
-514
-827
-1410
-1919
-2217
-2107
-2318
-2919
-3224
-3624
-4439
-5227
-5742
-6051
-6390
-6543
-6277
-6286
-7022
-7815
-8134
-8044
-7598
-6922
-6331
-5974
-5659
-5460
-5343
-4798
-3653
-2615
-1961
-1010
-72
521
900
1464
2235
2619
3463
4484
4825
4902
4724
4627
4756
4745
4661
4808
4872
4519
4065
3650
3340
2673
2039
2341
2405
2042
1825
1483
1237
964
760
842
1397
1755
1388
1497
1935
1859
1767
2257
2858
3154
3393
3462
3414
3386
3387
3339
3418
3703
3652
3381
3181
2482
1828
2078
2036
1475
1327
1126
531
44
-348
-911
-1188
-1298
-1572
-1932
-2390
-2876
-3485
-3922
-4549
-5289
-5837
-6758
-7086
-7011
-7361
-7312
-7520
-8513
-9293
-9154
-8488
-7970
-7458
-7107
-6810
-6660
-6654
-5785
-4641
-3707
-2714
-1984
-1238
-436
384
1070
1548
2528
3575
4208
4828
5248
5376
5087
5009
5663
6061
6138
6012
5656
5253
4760
4511
4184
3707
3450
3244
2888
2431
1997
1616
1171
860
1043
1207
1328
1201
893
1159
1386
1619
1876
2077
2494
2666
2675
2926
3410
3612
3737
4075
4115
4026
3884
3599
3538
3536
3204
2876
2796
2503
1831
1153
982
874
189
-404
-993
-1547
-1926
-2735
-3387
-4007
-4970
-6092
-7251
-8020
-8084
-7675
-7955
-8962
-10118
-11197
-11426
-10563
-9423
-8725
-8426
-8462
-8570
-8319
-7506
-6241
-4827
-3577
-2625
-1876
-1273
-390
487
1116
1948
3373
5054
5594
5483
5440
5137
5295
6160
7012
7011
6612
6118
5158
4917
5152
4968
4915
4506
3793
3206
2562
2304
2102
1738
1577
1373
1272
1070
588
538
798
1186
1759
1930
1921
2024
2109
2551
3158
3765
4174
4154
4225
4206
4218
4454
4581
4598
4321
4108
3996
3631
3224
2935
2742
2329
1618
945
288
-416
-862
-1349
-2160
-3230
-4707
-6051
-7081
-8108
-8562
-8246
-8265
-9124
-10971
-12985
-13122
-11854
-10920
-10615
-10042
-9807
-10400
-9921
-8903
-7798
-6155
-4904
-3729
-2846
-2202
-1093
-156
649
1565
2806
4643
5589
5487
5537
5541
6039
6825
7365
8144
7508
6156
6213
6125
5891
5975
5658
5184
4120
3345
3303
2871
2355
2082
1906
1369
1271
1459
769
673
823
1181
2089
2106
1912
1857
1833
2252
3101
3859
4104
4136
3884
3778
4233
4663
4844
4961
4681
4318
4342
4224
4079
3903
3239
2654
2307
1662
1005
372
-478
-1182
-2109
-3653
-5111
-6361
-7341
-7476
-7417
-8073
-9498
-11554
-12948
-12632
-11588
-10806
-10655
-11140
-11633
-11637
-11265
-10375
-8869
-7244
-6212
-5881
-5251
-4075
-2797
-1949
-976
467
1995
3636
4079
4001
4261
5151
6153
6823
7842
7465
7219
6791
5965
6978
7300
7072
6721
5468
4540
4305
4236
4235
4174
3060
1972
1911
1738
1408
1517
1371
1156
1492
1251
972
1552
1736
1729
2486
3170
3537
3881
3695
3544
4133
4831
5291
5491
5353
4977
4375
4421
5267
5153
4246
3560
2520
1916
2015
1474
626
-497
-2251
-3613
-4772
-5908
-6179
-6112
-6687
-8089
-10048
-11607
-12086
-11768
-11245
-11000
-11093
-11630
-12175
-12006
-11311
-10335
-8995
-7614
-7000
-6971
-6790
-5618
-3948
-2720
-1537
-561
724
1645
2001
2573
3412
4799
5355
6276
6890
5909
6154
6184
6311
7425
7193
7045
6673
5474
4984
5234
5374
4854
4737
4087
3112
2840
2218
2073
2096
1941
2193
1904
1012
863
1323
1655
2298
2370
2064
2607
2774
2519
3227
4398
4930
4929
4743
4630
4791
4787
5213
5949
5694
4958
3869
2983
2717
2191
2180
1932
889
-645
-3025
-4486
-5220
-5331
-5039
-6096
-7866
-10163
-11532
-11458
-11305
-10703
-10711
-11237
-11658
-12035
-11526
-10887
-9981
-8644
-7851
-7485
-7189
-6559
-5558
-4368
-3362
-2251
-1005
-115
471
395
1159
2802
3682
4463
4754
4930
4847
4427
5594
6492
6546
6697
6204
5219
4775
5437
5559
5539
5182
4192
3871
3305
3138
3217
2777
2753
3003
2744
1980
1558
1822
2443
2791
2816
2685
2738
2825
2572
2762
3563
4320
4512
4378
4050
3796
3878
4504
5136
5014
4684
3593
2955
2885
2609
2458
1267
451
-744
-2547
-3554
-4412
-4046
-4291
-5915
-8007
-10084
-9971
-9547
-9764
-10131
-10823
-10744
-11359
-11745
-11070
-10372
-9271
-8994
-8446
-7695
-7590
-6785
-5945
-4471
-3028
-2141
-1173
-1117
-757
113
1675
3170
3435
4223
4004
3798
4735
4729
5704
6365
6104
6264
5786
5472
4964
5115
5650
5351
5030
4280
3819
3362
2978
3193
3318
3326
3005
2441
1826
1777
2564
3534
3675
2907
2494
2921
3584
3946
4229
4484
4603
4582
4503
4445
4619
5222
5638
5541
5024
4182
3392
3250
3162
2889
2664
1695
357
-1506
-3056
-3543
-3931
-3369
-3820
-6084
-8292
-10342
-10160
-9486
-9571
-9637
-11027
-11431
-11793
-11854
-10959
-10627
-9406
-9053
-8601
-8098
-8186
-6929
-5969
-4879
-3658
-2690
-1996
-1925
-1443
-843
1125
2750
2732
3447
3040
2864
4107
4853
5846
6203
5720
5387
5350
5101
5215
6047
6080
5507
4807
4221
3973
3808
3879
4074
3830
3134
2564
2239
2031
2081
2806
3677
3315
1994
1526
2377
3262
3590
4120
4637
4528
4179
4104
4452
4917
5468
5792
5829
5337
4573
3930
3586
3718
3329
3056
2023
527
-857
-2399
-2750
-3351
-3233
-3818
-5973
-7998
-9833
-9206
-8776
-9146
-9503
-10840
-11234
-11891
-11521
-10357
-10113
-9085
-9127
-9165
-8756
-8340
-6957
-6067
-4602
-3830
-3574
-2856
-2638
-1787
-838
888
2037
2099
2560
2146
2835
3957
4555
5761
5314
4659
4911
5125
5397
5666
6050
5568
5019
4433
3975
4449
4286
4177
4375
3512
2811
3071
2966
2779
2969
3157
3817
3538
2516
2740
3381
4003
4026
4010
4531
4231
4413
4568
4504
5160
5170
5697
5476
4501
4417
3866
4205
4020
3301
2912
1372
588
-712
-2027
-2366
-3085
-3092
-4515
-6498
-8064
-9427
-8714
-8792
-9359
-10150
-11059
-10931
-11626
-11338
-10843
-10360
-9506
-9496
-9065
-8865
-8318
-7284
-6213
-5052
-4420
-3875
-3473
-2843
-2043
-742
480
626
1199
1123
1543
3073
3338
4138
4579
4254
4315
4477
5042
5369
5861
5855
5366
4846
4264
4392
4623
4650
4446
3947
3328
2926
2980
3166
3256
3302
3595
3524
2925
2801
3222
4046
4395
4110
4348
4460
4693
5119
5099
5230
5329
5610
5870
5598
5275
4807
4493
4513
4046
3554
2877
1976
1083
-438
-1210
-1922
-2466
-3014
-4770
-6323
-7865
-7917
-7703
-8421
-9359
-10586
-10450
-10876
-10939
-10291
-10480
-10006
-10111
-9704
-8671
-8421
-7742
-7111
-6215
-5432
-4752
-4031
-3563
-2603
-1992
-649
7
-61
924
1221
2175
2910
3173
4001
3825
3810
4270
4723
4908
4777
4960
4872
4706
4335
4351
4705
4229
4167
3934
3391
3307
3208
3411
3333
2982
3077
3471
3247
2844
3243
3870
4216
3927
3662
4059
4487
4788
5175
5123
4851
5088
5411
5637
5623
5208
4831
4603
4165
3817
3383
2501
1836
753
-540
-1328
-1903
-2472
-3500
-4885
-6562
-7309
-7304
-7921
-8629
-9663
-9938
-9651
-10072
-9963
-10051
-10094
-9939
-9950
-8945
-8270
-7952
-7543
-7070
-6349
-5669
-4436
-3760
-3385
-2618
-1654
-696
-508
126
925
1678
2596
2539
2977
3448
3364
4041
4702
4829
4428
4497
4792
4758
4633
4474
4826
4655
4287
4066
3728
3547
3565
3852
3731
3360
2896
3120
3642
3350
3362
3784
4060
3899
3671
4136
4884
5139
5048
5130
5006
4796
5315
5789
5689
5542
5039
4758
4508
3745
3489
3161
2491
1691
418
-720
-1537
-1993
-2560
-3588
-5133
-6720
-6640
-6799
-7987
-8585
-9147
-9062
-9545
-10082
-9668
-9845
-9535
-9221
-8906
-8357
-8320
-8029
-7501
-6788
-6187
-5493
-4865
-4559
-3792
-2987
-2046
-1407
-1309
-577
365
1361
1870
1860
2425
2662
2681
3446
4254
4078
3676
4049
4455
4521
4421
4404
4558
4487
4196
4098
3978
3738
3916
4079
3626
3109
3192
3731
3992
3777
3837
4294
4337
3908
3906
4622
5283
5359
5192
4992
4661
4711
5351
5972
5884
5309
4854
4484
4226
3972
3763
3381
2606
1298
129
-556
-1294
-1521
-2273
-3527
-5248
-6520
-6144
-6648
-7632
-8561
-8776
-8693
-9635
-9613
-9595
-9647
-9372
-9479
-8830
-8372
-8492
-8214
-7333
-6551
-6067
-5393
-5193
-4549
-4058
-3415
-1969
-2027
-1596
-764
-279
495
518
1248
2073
2139
2410
3222
3468
2963
3330
4114
4467
4122
3767
4146
4447
4289
4186
4178
4048
4039
4261
4444
3987
3341
3757
4441
4238
4011
4243
4461
4401
4182
4435
5135
5320
5191
5235
5016
5050
5305
5658
5975
5656
5061
4737
4697
4131
4004
3708
2890
2181
453
-128
-417
-1204
-1347
-2771
-4378
-5676
-6187
-5735
-6415
-7526
-8469
-8495
-8601
-9279
-8911
-9124
-8927
-8738
-9207
-8329
-8168
-8453
-7782
-7053
-6585
-6089
-5700
-5435
-4813
-4279
-3394
-2581
-2457
-2019
-1476
-869
-8
404
928
1512
1362
1919
2874
2850
2982
3451
3789
3913
3503
3534
4147
4268
4283
4278
3886
3860
4214
4372
4263
3793
3715
4492
4709
4114
4080
4558
4811
4738
4744
5363
5809
5515
5523
5706
5398
5515
6037
6079
5946
5556
5013
4933
4876
4497
4168
3613
2792
2036
930
34
-475
-937
-1567
-2768
-4516
-5740
-5334
-5411
-6325
-7604
-8304
-7890
-8643
-8749
-8479
-8502
-8299
-8914
-8597
-8020
-8103
-7809
-7041
-6520
-6422
-6063
-5807
-5461
-4942
-4114
-3000
-3001
-3068
-2430
-1780
-1332
-1071
-198
573
732
277
1093
2023
1660
2301
2481
3213
3119
2415
3170
3304
3610
3327
3465
3412
3115
3840
3994
4050
3458
3857
4922
4579
4280
4561
5080
5262
5029
5159
5797
5808
5572
5859
5784
5641
5867
6154
6336
5896
5321
5241
5227
4743
4414
4181
3429
2693
1365
741
397
-438
-505
-1632
-3315
-4973
-5452
-4608
-5203
-6528
-7724
-7889
-7854
-8419
-8163
-8037
-8198
-8419
-8463
-7892
-7699
-7636
-7143
-6208
-6188
-6279
-5587
-5527
-4797
-4293
-3570
-2775
-3381
-2757
-1881
-1375
-951
-901
137
820
196
184
1138
1403
1294
1686
2301
2250
1499
1650
2606
2971
2864
2835
2743
2733
2951
3423
3795
3256
2998
4105
4698
4120
3963
4591
5232
5139
4934
5796
6494
6037
6121
6670
6407
6355
6866
7202
7117
6430
5869
6063
5702
4956
4820
4209
3338
2323
1337
717
-225
-733
-1149
-2376
-4355
-5601
-5022
-4926
-6055
-7372
-7820
-7509
-8204
-8446
-8012
-7873
-7857
-8350
-7948
-7469
-7589
-7366
-6485
-5722
-6059
-5841
-5409
-5101
-4656
-3954
-2973
-3119
-3116
-2492
-1808
-1385
-1718
-953
242
-103
-528
209
880
662
684
1214
1935
1687
1130
1935
2206
2173
2185
2426
2663
2123
2715
3340
3057
2425
2866
4243
4162
3663
4063
5071
5188
4715
5273
6273
6534
6344
6501
6594
6471
6644
7570
7705
6839
6498
6570
6635
5839
5232
5212
4588
3578
2190
1406
926
64
-300
-1275
-3015
-4760
-5016
-4209
-5148
-6625
-7455
-7262
-7443
-8312
-8120
-7669
-7416
-8083
-8063
-7439
-7422
-7200
-6688
-5861
-6069
-5976
-5270
-4951
-4538
-3998
-3056
-2945
-3227
-2968
-2047
-1027
-1578
-1601
-67
190
-636
-384
597
780
718
782
1264
1306
476
1254
1908
1700
1544
1634
1995
1507
1811
2527
2724
2134
2094
3323
3562
3248
3220
4441
5018
4324
4693
5662
6308
6063
6111
6492
6369
6521
7211
7724
7279
6558
6436
6679
6461
5808
5477
5131
4169
2944
2107
1600
1043
560
-224
-1894
-3791
-4252
-3620
-4071
-5532
-6739
-6705
-6878
-7871
-7917
-7441
-6947
-7408
-8029
-7682
-7367
-6939
-6279
-5762
-5894
-5898
-5365
-4739
-4616
-4288
-3061
-2966
-3277
-3131
-2508
-1300
-1543
-1985
-910
-152
-751
-906
221
560
420
510
862
1232
472
796
1659
1588
1391
1289
1744
1498
1600
2289
2340
2048
1936
2865
3440
3171
3101
3826
4593
4381
4244
5009
5931
6054
6041
6263
6295
6384
7051
7680
7399
6670
6408
6847
6697
6114
5655
5269
4755
3391
2476
2042
1567
1154
103
-1219
-2971
-3838
-3262
-3560
-4932
-6386
-6548
-6323
-7258
-7658
-7383
-6937
-7075
-7760
-7721
-7261
-6651
-6097
-5762
-5886
-5769
-5358
-4776
-4375
-4448
-3431
-3013
-3523
-3422
-2857
-1739
-1535
-2098
-1399
-414
-1007
-1234
-374
-58
66
134
402
482
-37
388
1179
1017
850
901
965
1144
1161
1625
1994
1437
1359
2191
2793
2832
2833
3388
3944
3836
3899
4727
5641
5996
5968
5914
5891
6118
6959
7751
7427
6523
6332
6812
6769
6109
5711
5711
5141
3769
2773
2234
2062
1779
769
-666
-2477
-3188
-2691
-2887
-4190
-5783
-5883
-5719
-6694
-7062
-6918
-6345
-6278
-7180
-7288
-6948
-6414
-5652
-5247
-5607
-5793
-5146
-4372
-4184
-4285
-3289
-2938
-3407
-3244
-2681
-1554
-1449
-1926
-1368
-749
-924
-1061
-381
229
65
-264
88
268
-44
378
982
724
323
343
555
823
877
1277
1468
788
801
1773
2300
2156
2426
2975
3514
3367
3045
4285
5269
5642
5898
5487
5433
5846
6816
7779
7550
6565
6272
6738
6657
6429
6217
5688
4983
3804
2956
2502
2257
1929
929
-473
-2509
-3255
-2342
-2344
-3769
-5289
-5474
-5550
-6232
-6585
-6362
-5617
-5719
-6710
-7009
-6562
-6050
-5332
-4663
-5124
-5559
-4911
-4305
-3943
-3744
-3166
-2705
-3278
-3268
-2657
-1841
-1226
-1792
-1526
-904
-1379
-1149
-282
31
-213
-423
-148
148
-124
73
977
670
-40
305
650
625
668
1104
1363
660
552
1635
2096
2033
2201
2677
3336
3110
2887
4055
4999
5105
5398
5439
5150
5487
6512
7435
7354
6378
6044
6576
6656
6310
6181
5886
4971
3947
3232
2743
2249
1989
1636
63
-1985
-3036
-2314
-1924
-3394
-4823
-5370
-5390
-6020
-6422
-5992
-5806
-5666
-6187
-6672
-6606
-6222
-4955
-4129
-4771
-5429
-4844
-3817
-3522
-3508
-2740
-2246
-2855
-3122
-2386
-1401
-1191
-1584
-1361
-1095
-1575
-1379
-220
127
-571
-896
-468
-270
-475
-4
690
163
-581
-282
96
44
208
924
1248
161
-300
1054
1807
1659
1929
2447
2908
2622
2449
3781
4795
4813
5185
5337
5093
5324
6127
7092
7177
6372
6074
6371
6357
6092
6111
6014
5043
3849
3301
2816
2178
2056
1838
292
-2019
-3096
-2202
-1486
-2961
-4876
-5116
-5035
-5775
-6090
-5663
-5317
-5399
-5950
-6364
-6221
-5679
-4496
-3649
-4367
-5285
-4814
-3429
-2828
-3003
-2310
-1860
-2890
-3111
-1901
-963
-811
-1304
-1209
-898
-1544
-1445
-138
353
-294
-589
-691
-691
-617
-194
853
128
-949
-535
-269
-263
-169
447
861
-9
-757
294
1391
1215
1345
1914
2420
2225
1791
3109
4611
4599
4722
4952
4676
4989
6118
7324
7316
6081
5763
6452
6610
6418
6378
6177
5156
3957
3522
3239
2569
2163
2212
819
-1650
-2942
-2285
-1437
-2679
-4248
-4920
-5114
-5613
-6161
-5449
-5189
-5590
-5732
-5996
-6178
-6000
-4806
-3437
-3929
-5218
-4813
-3517
-3130
-3040
-2079
-1450
-2545
-3225
-2090
-964
-667
-917
-949
-825
-1429
-1525
-241
564
-268
-730
-502
-589
-677
-421
708
553
-712
-763
-430
-352
-371
308
872
-163
-1182
-210
1271
1223
939
1440
2007
1945
1746
2798
4142
4237
4319
4875
4752
4678
5686
7055
7316
6306
5833
6409
6641
6364
6492
6656
5666
4188
3701
3446
2714
2492
2463
1261
-1035
-2756
-2442
-1293
-1849
-3900
-5125
-5113
-5350
-5817
-5493
-5088
-5450
-5892
-5954
-6000
-5946
-5009
-3537
-3473
-4833
-5089
-3707
-2724
-2653
-2098
-1328
-2005
-3095
-2243
-483
-155
-746
-791
-544
-808
-1137
-342
817
470
-450
-417
-354
-570
-206
578
661
-579
-1390
-606
-253
-642
-102
526
-281
-1494
-944
778
1094
518
867
1443
1367
1252
2133
3546
3866
3682
4125
4364
4315
5033
6449
7069
6204
5593
6142
6560
6429
6373
6504
5982
4657
4060
3955
2997
2284
2467
2264
543
-2164
-3032
-1578
-1166
-2892
-4552
-5086
-5377
-5725
-5324
-4892
-5643
-6181
-5847
-5764
-6096
-5727
-4289
-3516
-4269
-5090
-4192
-3130
-2927
-2245
-1645
-1651
-2730
-2762
-744
-16
-575
-687
-525
-734
-836
-129
919
807
-387
-317
245
-181
-180
537
742
-111
-1051
-625
26
-520
-504
441
132
-1283
-1516
-27
1110
714
292
850
1283
1116
1563
2803
3471
3548
3871
4209
4193
4442
5678
6915
6472
5421
5702
6411
6545
6462
6586
6375
5188
4338
4483
4155
2847
2424
2789
1693
-577
-2295
-1937
-1027
-1987
-3362
-4591
-5412
-5359
-5366
-4907
-5287
-6212
-5882
-5736
-6093
-5916
-4886
-4005
-3983
-4892
-4854
-3747
-3373
-2600
-1905
-1759
-2599
-3166
-1825
-340
-26
-991
-959
-602
-862
-464
306
983
234
-573
-237
-119
-201
287
824
222
-889
-1106
-389
-110
-421
-134
215
-740
-1913
-1077
732
1050
171
-107
531
942
1076
1967
2981
3053
3100
3632
3939
4103
4790
6046
6697
6033
5539
6131
6642
6683
6926
6924
5938
5042
5253
5269
4048
2711
2453
2765
1906
-269
-1541
-1377
-1542
-2456
-3384
-4294
-5189
-5519
-5129
-4935
-5795
-6856
-6573
-5512
-5523
-6168
-5828
-4954
-4647
-4655
-4441
-4070
-3663
-2904
-2020
-2154
-2918
-2474
-1171
-647
-709
-773
-764
-483
-344
16
949
795
-154
96
720
628
351
461
851
316
-593
-149
364
-176
-483
-130
60
-611
-1306
-629
496
539
-131
-293
265
700
1162
1958
2163
2072
2676
3478
3818
3844
4340
5466
5935
5565
5619
6166
6497
6656
6875
6699
5820
5319
5894
6063
4709
3106
2662
2844
2329
1042
-79
-937
-1975
-2586
-2516
-3109
-4634
-5466
-5243
-5164
-5833
-6676
-6621
-5842
-5611
-6060
-6547
-6470
-5390
-4204
-4110
-4884
-5140
-3865
-2546
-2806
-3118
-2285
-1573
-1657
-1742
-1231
-767
-769
-293
478
220
-458
-313
396
1025
1029
404
82
181
270
486
476
136
24
-137
-412
-313
-75
-211
-584
-314
389
258
-210
38
869
1746
1779
1426
1855
2700
3568
3989
3802
4202
4920
5183
5650
6272
6591
6478
6280
6732
7027
6579
6315
6278
6186
5739
4578
3663
3341
2865
2293
1527
429
-673
-1938
-2882
-2677
-2536
-3833
-5475
-6037
-5827
-5763
-6239
-6671
-6313
-6038
-6666
-7116
-6682
-5721
-4686
-4665
-5645
-5754
-4486
-3335
-3159
-3079
-2509
-2343
-2818
-2577
-1323
-439
-461
-664
-427
-319
-437
83
1039
1226
743
445
-52
263
1047
1158
970
-12
-345
-76
-180
118
435
307
-289
-550
-139
399
552
736
1282
1361
1218
1336
2140
3339
3586
3434
3799
4109
4470
5173
5838
6369
6388
6049
6108
6545
7000
7056
6698
6267
5841
5579
5185
4318
3585
3095
2382
1574
845
153
-983
-2499
-3065
-2683
-3031
-4727
-6246
-6141
-5500
-5829
-6649
-7175
-7049
-6400
-6390
-6853
-6905
-6116
-5101
-5412
-6125
-5584
-4253
-3633
-3611
-3648
-3338
-2587
-2490
-1857
-1014
-925
-892
-1112
-394
506
400
419
599
677
713
810
962
1097
1267
1227
697
151
472
719
466
758
729
245
-24
-34
698
1459
1409
1092
1196
1452
1934
2672
3107
3317
3550
3994
4371
4555
5025
5677
6108
6266
6088
6093
6627
7029
7145
6633
6107
6235
6062
5652
5108
4332
3561
2757
2016
1284
873
218
-1466
-3154
-3585
-2946
-3443
-5275
-6403
-6377
-6036
-6628
-7277
-7328
-7048
-6661
-7122
-7587
-7490
-6476
-5484
-5979
-6397
-5684
-4916
-4731
-4431
-3834
-3035
-3003
-3212
-2397
-1780
-1502
-1146
-590
-238
-192
-222
-11
755
903
868
825
608
936
1341
1323
821
753
1206
1219
785
731
1182
1186
706
500
973
1591
1672
1556
1743
1970
2232
2827
3229
3381
3802
4341
4637
4721
4874
5556
6331
6404
6399
6447
6593
6985
7078
7141
6913
6285
5868
5749
5513
4643
3717
2927
2054
1349
823
569
-759
-2909
-3677
-3317
-3292
-4724
-6300
-6610
-6439
-6685
-7400
-7774
-7982
-7583
-7101
-7744
-8438
-8027
-6544
-5888
-6590
-6802
-5990
-5276
-4963
-4272
-3474
-3366
-3686
-3224
-2042
-1335
-1213
-990
-680
-425
12
434
950
1180
1007
1020
1234
1483
1488
1723
1870
1546
1399
1285
1287
1444
1728
1993
1508
697
823
1986
2553
1948
1563
1930
2454
2642
3093
3673
3678
3737
4057
4749
5083
4897
5593
6449
6310
5910
6090
6513
6932
7021
6662
6214
5686
5591
5788
5413
4305
3288
2420
1596
1002
605
365
-1343
-3485
-4011
-3756
-4042
-5365
-6447
-6890
-7179
-7701
-8167
-8247
-8371
-8023
-7809
-8561
-9234
-8593
-7236
-6657
-7082
-7389
-6675
-6050
-5735
-4808
-3885
-3558
-3850
-3525
-2217
-1551
-1256
-828
-340
-53
65
649
1122
1424
1645
1908
1812
1596
2083
2392
2583
2472
2209
2239
2051
2079
2551
2865
2423
1833
1913
2707
3238
2888
2713
3009
3271
3459
3690
3972
4397
4808
5003
4938
4852
5434
6409
6919
6475
5846
5944
6598
7150
7091
6803
6008
5384
5724
5678
5096
4257
3516
2891
1618
643
255
196
-514
-2682
-4370
-4999
-4891
-5062
-6157
-7169
-8117
-8584
-8803
-8896
-8747
-8787
-8877
-9251
-9511
-9215
-8425
-7816
-7770
-7614
-7138
-6707
-6418
-5701
-4657
-3993
-3820
-3597
-2947
-2147
-1410
-730
-308
-187
146
783
1466
1773
1709
2004
2393
2456
2495
2787
2947
2988
3058
2914
2837
2525
2704
3451
3346
2792
2478
2750
3249
3346
3332
3379
3444
3608
3892
4121
4272
4504
4926
5109
5117
5342
5642
6037
6333
6265
6036
6206
6524
6705
6645
6072
5772
5719
5568
5223
4341
3730
3345
2570
1421
290
-79
-489
-1504
-2886
-4363
-5436
-6087
-6073
-6541
-7797
-9048
-9816
-9611
-9660
-9779
-9742
-10128
-10310
-10282
-10133
-9694
-8893
-8091
-7722
-7909
-7885
-6827
-5534
-4613
-4110
-3852
-3524
-3192
-2256
-682
308
536
846
1250
1457
2065
2757
3204
3061
2332
2405
3096
4062
5034
6092
6971
7434
8445
9142
8955
7763
6342
5202
3268
485
-2633
-5209
-6774
-7596
-8783
-9549
-9479
-8928
-7774
-7236
-6363
-5241
-4367
-3673
-3276
-2861
-2554
-1507
-726
-205
348
765
1826
2596
3409
4224
4711
5120
5159
5599
6260
6630
6924
6925
6918
6914
6816
7155
7410
7003
6466
6376
6433
6162
5842
5544
5595
5478
4775
4365
4211
4407
4399
3890
3509
3212
3098
3057
3025
2751
2644
2689
2332
2204
2096
2173
2280
1874
1763
1583
1385
1572
1399
1131
681
79
133
323
-49
-782
-1438
-1892
-2140
-2489
-3010
-3446
-4157
-4956
-5582
-6275
-6608
-6658
-7058
-7704
-8782
-9495
-9478
-9301
-8897
-9249
-9744
-9935
-9642
-8795
-8318
-7783
-7574
-6900
-6138
-5882
-5190
-4179
-2903
-2148
-1709
-1385
-440
739
1456
2320
2732
3277
3732
4370
5264
5707
6216
6228
6519
7015
7103
7485
7583
7700
7412
7104
7446
7368
7466
7035
6526
6464
6109
5721
5277
5512
5321
4730
4004
3225
3438
3343
3006
2567
1897
1513
1283
1112
930
826
623
319
-66
-283
-247
-272
-233
-280
-672
-1071
-1190
-1033
-713
-764
-1352
-1712
-1639
-1519
-1462
-1770
-2073
-2159
-2441
-2919
-3161
-3263
-3434
-3528
-4383
-4997
-5318
-5801
-5690
-5699
-5575
-6305
-7456
-7801
-7169
-6076
-6426
-7125
-7405
-6826
-6093
-6008
-5517
-5234
-4551
-3726
-3750
-3537
-2537
-1277
-475
-23
150
664
1673
2345
3403
4075
4186
4352
4619
5638
6214
6562
6511
6383
6743
6904
7327
7265
7293
7123
6861
6778
6169
6207
6107
5705
5245
4677
4287
3641
3307
3069
2804
2138
948
693
800
594
-1
-772
-928
-1210
-1489
-1595
-1782
-1974
-2106
-2130
-2466
-2543
-2520
-2299
-1970
-2327
-2360
-2235
-2248
-1825
-1570
-1559
-1583
-1741
-1436
-882
-870
-1148
-1076
-824
-886
-821
-943
-1117
-1064
-1398
-1406
-1479
-2076
-2568
-2643
-2395
-2644
-3158
-3633
-3981
-4158
-4193
-3768
-3958
-4442
-4364
-4285
-3911
-3663
-3254
-2722
-2737
-2275
-1717
-1449
-1018
-147
907
1161
933
1289
2540
3465
3659
3908
4118
4356
4719
5203
5674
5707
5549
5628
5727
5576
5554
5590
5233
4815
4312
3952
4072
3688
3293
2815
1789
1648
1503
852
498
228
-267
-968
-1524
-1918
-1578
-1647
-2345
-2750
-3195
-3074
-2984
-3146
-3090
-2895
-2984
-3205
-2897
-2595
-2222
-2033
-1834
-1378
-1347
-1164
-794
-263
404
380
271
576
834
1215
1551
1431
1316
1569
1592
1348
1230
1361
1549
1042
258
151
361
-49
-770
-1220
-1288
-1405
-1762
-1994
-2580
-2915
-3191
-3111
-2809
-3365
-3561
-3551
-3200
-3136
-3104
-2518
-2590
-2144
-1628
-1536
-1236
-615
38
323
577
647
1198
1660
1785
2362
2469
2435
2395
2572
3202
3011
2667
2740
2979
2790
2208
2068
2049
2270
1701
1139
1198
557
541
384
-128
-17
-546
-1015
-926
-1173
-1272
-1340
-1894
-1976
-1582
-1662
-1772
-1793
-1760
-1298
-1310
-1544
-1179
-749
-330
-285
-412
-97
330
710
966
1304
1474
1551
1817
2051
2562
2751
2755
2955
2848
3008
3219
3135
3095
3165
3086
2609
2530
2655
2707
2485
1576
1446
1575
1147
881
439
112
-359
-971
-1150
-1256
-1381
-1963
-2586
-2965
-3202
-3049
-3211
-3458
-3887
-4086
-3769
-4135
-4193
-3760
-3575
-3459
-3813
-3887
-3257
-2725
-2474
-2379
-2383
-2171
-1751
-1613
-1247
-881
-900
-708
-715
-615
-272
125
233
-17
113
183
384
568
639
745
534
489
644
929
1086
1093
869
730
1039
875
1009
1445
1245
1232
1062
932
1171
1437
1561
1351
1469
1235
1233
1632
1688
1954
1919
1886
1844
1880
2127
2473
2829
2743
2718
2594
2706
2986
3253
3503
3275
3094
2999
3076
3145
3107
3221
3082
2671
2313
2201
2354
2317
1800
1356
984
536
329
142
-186
-668
-1422
-2239
-2640
-2846
-3121
-3537
-4414
-5139
-5548
-5891
-5836
-6037
-6402
-6780
-7266
-7229
-7107
-6759
-6640
-6693
-6311
-6357
-6358
-5921
-4932
-4112
-4075
-4251
-3903
-2708
-2038
-1680
-1198
-807
-450
-293
451
1399
1790
1901
2149
2481
2795
3391
3800
4013
4231
4178
4259
4503
4829
4990
4968
4727
4235
4469
4697
4562
4358
3971
3804
3542
3356
3327
3362
2940
2397
2287
2036
2172
2187
1867
1792
1525
1449
1618
1462
1489
1761
1729
1742
1631
1567
1963
2083
1897
1930
1928
1771
1871
1874
1752
1567
1216
1256
1105
668
443
215
-85
-581
-876
-1109
-1601
-2076
-2638
-2845
-3128
-3760
-4246
-4681
-4912
-5480
-5987
-6088
-6219
-6428
-7086
-7545
-7548
-7198
-6963
-7307
-7597
-7624
-7007
-6445
-6363
-5929
-5555
-5087
-4545
-4051
-3313
-2701
-2009
-1433
-760
-229
213
1114
1909
2623
2872
3251
3834
4256
4883
5357
5647
5575
5807
6094
6296
6585
6399
6382
6399
6265
6162
6071
5931
5655
5296
5052
4922
4467
4030
3823
3567
3061
2732
2520
2083
1903
1578
1242
1008
659
557
334
-21
-351
-468
-331
-454
-731
-922
-927
-876
-875
-932
-1165
-1170
-1094
-1024
-1077
-1261
-1130
-1195
-1281
-1417
-1598
-1571
-1735
-1698
-1820
-2115
-2243
-2321
-2202
-2421
-2605
-2697
-2839
-2724
-2934
-2826
-2837
-3312
-3316
-3285
-3247
-3400
-3669
-3745
-3482
-3330
-3803
-4033
-4097
-3640
-3101
-3498
-3566
-3349
-3035
-2533
-2408
-2210
-1808
-1083
-684
-738
-429
367
1370
1657
1830
2066
2467
3242
3523
3888
4301
4563
4628
4779
5147
5276
5463
5451
5498
5563
5299
5140
5113
5088
4977
4556
4011
3889
3714
3266
3024
2608
2027
1672
1232
902
870
313
-432
-802
-1087
-1233
-1523
-2091
-2373
-2435
-2870
-3102
-3186
-3420
-3135
-3155
-3491
-3525
-3577
-3247
-2807
-2707
-2831
-2888
-2544
-2057
-1686
-1611
-1491
-1223
-907
-380
-479
-541
5
237
396
329
225
660
1019
882
682
766
1063
1350
1240
977
1019
1141
1081
997
1030
1076
956
562
257
232
249
104
-153
-479
-888
-1240
-1403
-1217
-1188
-1468
-1776
-1966
-1706
-1519
-1543
-1478
-1197
-775
-890
-1013
-650
-136
375
365
169
162
588
1179
1167
1205
1281
1355
1373
1338
1497
1546
1768
1673
1352
1109
1134
1371
1202
1009
665
449
265
-23
38
-104
-363
-634
-957
-1290
-1393
-1088
-1272
-1662
-1942
-2180
-1929
-1872
-1906
-1870
-2034
-2151
-2007
-1668
-1581
-1267
-1063
-1082
-858
-687
-213
243
486
817
973
1050
1469
2035
2328
2663
2828
2790
3128
3471
3656
3724
3729
3905
3731
3510
3590
3657
3728
3329
2802
2779
2858
2758
2460
2191
2033
1809
1556
1149
1020
1055
563
191
-170
-516
-783
-1292
-1500
-1621
-1855
-2767
-3648
-3709
-3615
-3655
-4290
-4790
-5143
-5132
-4828
-5106
-4955
-4910
-5004
-4663
-4742
-4746
-4319
-3722
-3482
-3627
-3614
-3431
-2702
-2168
-2037
-1940
-1870
-1288
-997
-867
-393
25
198
259
602
822
1133
1534
1634
1747
1830
1949
2100
2230
2359
2397
2382
2263
2369
2537
2517
2466
2368
2414
2270
2308
2563
2383
2391
2399
2259
2361
2276
2208
2474
2502
2189
2217
2150
1933
2297
2440
2330
2104
1912
2241
2276
2289
2349
2261
2173
2111
2101
2010
2100
1865
1794
1672
1104
1156
1208
944
633
225
-37
-78
-276
-611
-713
-981
-1244
-1272
-1465
-1767
-1831
-1897
-2158
-2482
-2693
-2796
-3096
-3283
-3513
-3930
-4184
-4299
-4271
-4605
-5199
-5632
-5584
-5138
-5365
-5881
-6067
-5871
-5310
-5300
-5353
-4993
-4566
-4193
-4037
-3686
-3253
-2486
-1871
-1680
-1301
-995
-200
540
898
1443
1925
2286
2563
3140
3739
4128
4422
4656
4954
5108
5322
5599
5782
5869
5697
5569
5591
5637
5536
5275
5207
5026
4734
4396
3946
4003
3899
3343
2883
2304
2153
2193
1757
1241
779
458
146
-219
-391
-615
-1086
-1446
-1563
-1769
-1951
-2046
-2093
-1915
-2072
-2442
-2293
-1944
-1744
-1636
-1662
-1773
-1544
-1288
-1147
-963
-1021
-863
-841
-959
-799
-706
-527
-538
-668
-672
-711
-724
-710
-536
-456
-633
-845
-886
-693
-657
-762
-897
-1026
-1066
-1251
-1371
-1620
-1863
-1805
-2136
-2295
-2236
-2691
-3000
-3017
-2819
-2558
-2870
-3158
-2987
-2620
-2242
-2149
-1996
-1729
-1175
-789
-769
-301
165
778
1221
1363
1633
1953
2493
2767
3025
3166
3357
3620
3630
3775
3685
3899
4013
3700
3733
3551
3340
3242
3127
2925
2489
2365
2054
1710
1439
970
931
672
122
-364
-653
-768
-1113
-1374
-1750
-2128
-2225
-2305
-2571
-2867
-2880
-2943
-3096
-3128
-3128
-3004
-2703
-2572
-2541
-2400
-2263
-1786
-1184
-1052
-982
-683
-298
199
551
753
1104
1397
1560
1751
1892
2128
2451
2515
2427
2371
2366
2521
2640
2500
2358
2328
2231
2130
2050
2052
2022
1853
1741
1748
1692
1440
1291
1245
1319
1178
586
324
261
210
-67
-738
-1123
-1252
-1303
-1739
-2400
-2658
-2981
-2992
-2949
-3447
-3884
-3983
-3661
-3553
-3688
-3848
-3757
-3216
-3112
-3189
-3121
-2751
-2190
-2058
-2203
-2090
-1554
-1298
-1142
-877
-792
-621
-467
-129
212
271
411
532
764
1002
1069
1181
1250
1420
1517
1375
1253
1470
1792
1541
1295
1328
1263
1258
1207
1150
1122
901
620
653
913
811
590
579
507
604
729
690
678
702
982
1203
1232
1239
1312
1669
2000
2206
2164
2198
2426
2579
2848
2958
3030
2994
3018
3223
3178
3068
3041
3054
2782
2536
2353
2148
2169
1809
1273
1094
977
636
223
-79
-168
-343
-876
-1208
-1316
-1425
-1461
-1703
-2188
-2362
-2349
-2548
-2675
-2925
-3202
-3344
-3641
-3723
-3884
-4310
-4349
-4169
-4211
-4794
-5308
-5080
-4518
-4331
-4692
-4900
-4932
-4417
-3900
-3939
-3654
-3504
-3181
-2732
-2607
-2431
-1925
-1258
-972
-803
-877
-489
293
606
984
1097
1229
1570
1819
2343
2699
2831
2862
3001
3279
3417
3698
3734
3933
4010
3717
3901
3993
4050
4050
3937
3845
3700
3610
3493
3612
3438
3157
3001
2601
2625
2742
2332
2033
1864
1501
1319
1162
963
807
371
84
-5
-359
-569
-639
-799
-927
-1238
-1627
-1550
-1363
-1547
-1665
-1882
-1837
-1632
-1916
-1713
-1530
-1763
-1697
-1694
-1726
-1529
-1348
-1332
-1301
-1485
-1495
-1107
-1049
-1030
-897
-940
-875
-813
-830
-486
-225
-363
-321
-256
-133
211
175
75
276
238
109
96
136
268
107
-228
-314
-435
-489
-438
-670
-907
-1196
-1553
-1477
-1301
-1596
-1979
-2029
-1986
-1848
-1930
-2140
-1787
-1378
-1353
-1479
-1431
-971
-392
-103
-80
-4
198
586
1070
1327
1412
1455
1643
1949
2034
2109
2299
2365
2317
2353
2415
2326
2311
2389
2334
2107
1801
1729
1819
1707
1446
1109
817
779
681
425
299
61
-284
-479
-678
-764
-733
-936
-1248
-1416
-1550
-1617
-1468
-1364
-1474
-1662
-1693
-1526
-1408
-1314
-1192
-995
-832
-819
-783
-609
-173
206
192
202
448
676
907
1226
1425
1457
1458
1560
1796
1976
2040
2042
1966
1972
2071
2046
2045
2101
1980
1900
1933
1771
1633
1750
1805
1617
1339
1181
1238
1281
1123
975
764
462
277
212
182
-93
-491
-810
-1200
-1556
-1766
-1966
-2251
-2576
-3080
-3616
-3854
-3935
-3900
-3973
-4519
-4970
-4883
-4716
-4561
-4486
-4664
-4590
-4280
-4201
-4078
-3686
-3165
-2743
-2653
-2563
-2131
-1605
-1031
-488
-310
-215
151
601
1076
1545
1817
1983
2146
2362
2751
3050
3142
3386
3579
3417
3352
3587
3788
3750
3495
3338
3304
3122
3013
3009
2827
2577
2274
1999
1943
1791
1552
1503
1333
969
641
422
553
745
427
80
37
-81
-94
-7
-98
-80
-65
-239
-296
-282
-188
11
-18
-164
-224
-174
28
98
45
109
51
-91
-30
118
214
164
-61
-205
-126
-48
-118
-224
-305
-409
-533
-644
-669
-629
-688
-872
-1098
-1196
-1093
-1079
-1150
-1099
-1173
-1312
-1225
-1123
-1007
-904
-1084
-1198
-1080
-1156
-1252
-1162
-1242
-1424
-1523
-1651
-1690
-1653
-1846
-2087
-2093
-2061
-2097
-2196
-2221
-2108
-1982
-1933
-1915
-1629
-1252
-1059
-877
-658
-386
-63
330
706
916
1133
1426
1770
2101
2356
2538
2647
2864
3018
3122
3228
3127
3154
3328
3259
2953
2811
2856
2774
2595
2274
2048
2006
1804
1497
1208
1029
903
627
303
17
-186
-345
-538
-757
-1050
-1315
-1470
-1565
-1762
-2040
-2143
-2117
-2174
-2311
-2403
-2400
-2253
-2075
-2080
-2155
-1991
-1690
-1527
-1395
-1255
-1121
-876
-551
-359
-258
-55
158
388
526
568
771
971
1064
1146
1236
1307
1299
1371
1564
1614
1446
1435
1653
1735
1705
1568
1623
1834
1731
1664
1670
1644
1678
1638
1552
1457
1431
1404
1333
1239
1117
1083
1090
1071
899
697
646
538
459
307
119
-40
-276
-456
-804
-1036
-1104
-1238
-1575
-2189
-2567
-2641
-2595
-2880
-3359
-3585
-3704
-3733
-3858
-3888
-3833
-3882
-3777
-3678
-3749
-3652
-3246
-2853
-2683
-2722
-2618
-2128
-1660
-1416
-1209
-998
-752
-435
-187
42
336
603
828
946
1050
1307
1604
1865
2018
2017
2117
2330
2501
2677
2768
2768
2828
2861
2822
2821
2908
3007
2907
2584
2365
2378
2441
2394
2183
1941
1776
1590
1495
1516
1428
1305
1133
827
642
617
690
781
576
223
22
-50
92
227
98
-32
-140
-282
-246
-150
-103
-30
-71
-240
-355
-341
-135
59
-101
-397
-502
-485
-417
-385
-432
-506
-659
-838
-843
-775
-674
-599
-857
-1109
-1057
-1064
-1086
-904
-898
-1116
-1183
-1260
-1165
-895
-894
-937
-941
-967
-907
-781
-610
-461
-429
-572
-720
-575
-316
-287
-379
-514
-743
-877
-866
-791
-724
-880
-1235
-1492
-1565
-1532
-1415
-1392
-1594
-1747
-1709
-1606
-1546
-1345
-1032
-997
-974
-816
-624
-243
149
366
493
589
698
1021
1412
1655
1822
1833
1844
2087
2312
2409
2571
2655
2504
2405
2501
2587
2554
2466
2360
2190
1967
1780
1713
1705
1539
1206
843
612
530
477
295
-36
-310
-589
-761
-773
-953
-1154
-1266
-1424
-1630
-1809
-1815
-1723
-1604
-1638
-1818
-1855
-1810
-1578
-1224
-1065
-1137
-1206
-1009
-672
-340
-253
-271
-20
263
327
342
652
964
978
999
1014
1026
1200
1356
1361
1314
1223
1131
1244
1353
1333
1307
1223
1216
1151
1076
1163
1253
1214
1009
896
952
1050
978
843
861
766
611
525
537
588
447
287
275
188
43
86
121
9
-171
-373
-430
-403
-583
-826
-918
-1087
-1359
-1604
-1914
-2186
-2280
-2425
-2774
-3148
-3468
-3592
-3630
-3785
-3932
-4066
-4123
-4131
-4128
-4070
-3946
-3703
-3538
-3480
-3297
-2947
-2558
-2179
-1824
-1537
-1209
-809
-354
103
470
833
1186
1460
1794
2172
2471
2700
2886
3109
3318
3436
3619
3787
3842
3941
4054
4058
4011
4004
4019
3945
3829
3771
3652
3518
3455
3297
3027
2767
2530
2413
2365
2027
1560
1317
1182
1054
741
331
180
80
-99
-348
-647
-823
-895
-904
-1034
-1305
-1474
-1426
-1338
-1476
-1592
-1623
-1614
-1537
-1584
-1615
-1595
-1595
-1596
-1597
-1543
-1590
-1615
-1551
-1537
-1553
-1656
-1616
-1470
-1485
-1524
-1561
-1615
-1544
-1344
-1336
-1412
-1346
-1283
-1157
-1130
-1128
-892
-820
-835
-725
-647
-453
-292
-331
-238
-23
63
145
289
410
577
688
746
909
1032
1092
1236
1318
1272
1271
1320
1378
1336
1147
1012
988
888
715
532
332
237
109
-173
-475
-622
-521
-572
-860
-1078
-1164
-1078
-998
-1045
-1038
-953
-870
-766
-682
-609
-362
-138
-65
13
58
251
507
618
732
753
774
915
1042
1105
1105
1125
1185
1164
1029
975
1055
1112
1038
832
680
673
695
620
416
242
139
35
-109
-222
-284
-415
-524
-623
-742
-798
-828
-798
-765
-843
-1015
-1015
-812
-740
-817
-872
-744
-542
-480
-428
-316
-131
56
169
293
380
529
784
919
947
1066
1215
1280
1416
1487
1432
1465
1438
1376
1384
1302
1175
1085
986
873
738
628
576
525
396
215
59
-10
-29
-94
-188
-332
-488
-532
-563
-615
-621
-635
-696
-823
-917
-899
-860
-880
-968
-1011
-1033
-1088
-1087
-1070
-990
-925
-995
-1040
-1007
-918
-855
-828
-846
-869
-810
-815
-849
-796
-765
-833
-954
-1040
-1105
-1096
-1088
-1248
-1401
-1505
-1588
-1551
-1556
-1676
-1701
-1614
-1610
-1628
-1539
-1368
-1119
-969
-960
-813
-459
-145
56
280
526
801
1119
1356
1590
1849
2051
2250
2403
2502
2646
2836
2987
3003
2994
3023
3058
3103
3070
3003
2945
2818
2706
2653
2530
2375
2298
2169
1898
1648
1512
1395
1179
904
678
501
289
65
-147
-379
-611
-829
-1044
-1254
-1454
-1613
-1717
-1871
-2062
-2182
-2218
-2205
-2263
-2382
-2368
-2286
-2295
-2294
-2213
-2101
-1991
-1913
-1823
-1720
-1676
-1563
-1362
-1303
-1314
-1236
-1143
-1046
-957
-909
-770
-627
-608
-534
-435
-332
-156
-26
16
72
193
265
362
537
667
741
755
828
939
1031
1144
1227
1310
1339
1300
1349
1513
1638
1583
1535
1630
1678
1612
1618
1712
1727
1613
1520
1525
1525
1440
1371
1332
1218
1027
863
826
772
528
260
79
-85
-290
-546
-823
-1016
-1202
-1446
-1641
-1903
-2138
-2172
-2253
-2482
-2716
-2791
-2697
-2648
-2752
-2840
-2723
-2527
-2401
-2333
-2221
-1993
-1764
-1567
-1374
-1171
-916
-637
-333
-133
-12
216
506
740
874
1008
1195
1353
1473
1617
1737
1807
1917
2007
2034
2042
2059
2122
2168
2079
1964
1965
1942
1850
1734
1642
1616
1475
1292
1254
1180
1060
975
887
804
695
568
520
533
476
365
298
263
251
230
162
100
85
76
28
-31
-22
-8
-102
-187
-191
-206
-244
-311
-381
-406
-474
-595
-653
-676
-722
-842
-1022
-1101
-1113
-1174
-1259
-1380
-1479
-1500
-1546
-1622
-1683
-1743
-1737
-1713
-1818
-1842
-1724
-1695
-1652
-1605
-1571
-1437
-1343
-1256
-1070
-959
-906
-718
-530
-397
-233
-75
140
347
420
526
759
961
1065
1178
1342
1483
1564
1653
1812
1899
1892
1927
2044
2115
2012
1933
1937
1895
1757
1565
1450
1360
1223
1026
799
594
420
287
156
-37
-279
-449
-557
-705
-856
-955
-1024
-1083
-1162
-1244
-1240
-1200
-1183
-1114
-1051
-1056
-990
-809
-674
-624
-573
-456
-302
-215
-178
-63
81
167
169
191
302
399
443
425
405
402
409
414
348
293
277
220
122
29
0
36
38
-59
-159
-202
-193
-155
-178
-247
-275
-282
-292
-294
-292
-247
-169
-114
-102
-153
-151
14
161
146
118
152
229
327
353
332
386
435
421
426
470
518
546
526
483
465
455
429
416
399
309
163
76
61
42
-25
-131
-208
-244
-305
-346
-306
-298
-355
-385
-381
-348
-308
-279
-200
-147
-179
-177
-102
-9
54
74
86
82
96
185
278
327
320
278
299
334
302
312
354
310
200
126
123
138
86
-12
-91
-154
-253
-365
-434
-487
-574
-718
-879
-973
-1038
-1105
-1148
-1270
-1448
-1515
-1490
-1481
-1510
-1543
-1521
-1493
-1460
-1353
-1226
-1113
-970
-829
-691
-534
-364
-146
100
279
390
522
736
990
1184
1283
1362
1490
1631
1715
1769
1832
1892
1924
1903
1847
1854
1887
1839
1772
1716
1621
1549
1503
1438
1340
1187
1032
937
823
659
509
408
299
100
-97
-177
-229
-358
-521
-668
-778
-846
-906
-969
-1043
-1125
-1168
-1189
-1242
-1262
-1216
-1172
-1171
-1213
-1235
-1174
-1099
-1066
-1056
-1059
-1054
-1011
-949
-886
-838
-842
-838
-759
-696
-682
-601
-488
-457
-462
-426
-345
-230
-135
-54
28
89
160
285
420
522
595
661
745
852
934
987
1067
1155
1199
1212
1239
1295
1378
1424
1411
1394
1405
1424
1403
1345
1307
1292
1235
1117
1002
961
938
813
627
511
420
294
152
-5
-157
-294
-474
-638
-755
-932
-1131
-1234
-1326
-1477
-1631
-1743
-1796
-1837
-1940
-2028
-2033
-2032
-2036
-2005
-1989
-1963
-1869
-1785
-1742
-1661
-1545
-1428
-1323
-1233
-1119
-958
-813
-693
-534
-347
-194
-53
107
280
476
657
776
921
1113
1243
1352
1502
1616
1680
1761
1847
1910
1906
1848
1860
1923
1883
1773
1706
1671
1627
1545
1432
1347
1307
1255
1168
1058
946
876
856
795
666
545
472
446
394
259
136
86
26
-59
-142
-235
-320
-379
-418
-487
-595
-674
-702
-707
-725
-811
-901
-918
-914
-926
-951
-983
-1002
-1024
-1038
-1019
-1001
-1000
-989
-964
-928
-909
-900
-853
-763
-688
-669
-694
-669
-537
-413
-411
-435
-381
-285
-204
-168
-168
-127
-62
-34
-23
-6
25
84
130
136
118
105
153
240
252
193
145
143
183
214
172
124
117
122
115
94
84
106
119
89
71
80
96
140
194
210
209
228
258
295
351
392
382
371
394
407
422
454
428
362
324
329
345
309
251
241
227
195
165
127
108
114
95
36
-54
-91
-50
-32
-72
-134
-179
-178
-153
-145
-150
-190
-234
-216
-188
-226
-266
-241
-187
-179
-235
-271
-224
-164
-154
-169
-162
-136
-114
-74
-9
28
27
36
94
169
197
196
234
290
324
343
359
394
445
492
514
516
515
542
584
592
586
582
563
554
579
597
573
532
502
482
458
423
366
304
250
204
168
109
27
-17
-34
-89
-178
-257
-311
-347
-396
-468
-540
-606
-661
-705
-754
-823
-885
-929
-955
-974
-1022
-1069
-1064
-1046
-1045
-1051
-1045
-998
-933
-887
-848
-820
-772
-672
-612
-601
-563
-492
-409
-352
-331
-285
-210
-160
-123
-83
-51
-13
42
90
122
139
161
224
293
317
338
398
453
487
512
534
577
625
645
642
641
659
688
712
730
734
729
746
766
769
752
749
764
747
709
699
698
706
709
675
653
628
595
599
588
550
516
488
464
428
380
348
353
330
266
213
197
207
202
163
120
103
91
64
29
28
33
-16
-81
-138
-174
-221
-261
-283
-340
-424
-504
-525
-527
-585
-664
-725
-755
-786
-833
-858
-878
-915
-928
-949
-994
-997
-976
-967
-956
-966
-989
-949
-886
-854
-819
-788
-743
-694
-624
-543
-498
-438
-333
-218
-149
-111
-34
79
173
220
243
293
375
436
465
517
581
608
629
683
722
726
744
786
824
810
758
765
828
822
760
717
693
672
645
608
547
473
408
353
298
219
153
107
52
-20
-103
-160
-185
-219
-267
-318
-391
-445
-433
-418
-451
-499
-522
-511
-497
-500
-479
-429
-392
-372
-350
-313
-256
-202
-160
-120
-97
-88
-53
10
55
78
97
112
124
144
169
193
192
177
184
187
178
212
268
279
260
264
301
341
352
347
360
390
391
370
381
413
442
453
416
392
431
469
468
450
411
380
380
366
335
298
253
217
196
162
117
90
74
43
-18
-92
-139
-163
-211
-291
-369
-419
-451
-490
-541
-590
-622
-641
-680
-741
-787
-809
-822
-853
-914
-947
-939
-948
-976
-973
-956
-951
-942
-908
-851
-807
-789
-760
-689
-617
-569
-519
-441
-351
-281
-228
-160
-70
21
106
187
251
301
359
433
498
533
566
613
670
738
788
816
835
861
913
949
933
926
949
968
971
944
918
924
918
900
889
854
802
774
758
729
681
624
579
541
497
440
374
315
267
214
154
88
19
-43
-94
-146
-210
-294
-366
-406
-443
-484
-527
-580
-624
-627
-611
-639
-701
-727
-698
-674
-694
-725
-724
-702
-692
-692
-687
-665
-632
-602
-565
-541
-531
-505
-456
-406
-377
-377
-371
-318
-256
-230
-231
-205
-138
-79
-57
-48
-23
33
81
101
123
145
163
198
239
267
279
291
329
370
385
379
375
375
376
378
374
359
345
343
340
320
289
272
272
266
234
200
182
168
147
137
130
100
65
65
89
78
34
18
49
69
42
12
18
34
28
18
28
29
16
14
29
24
-11
-31
-19
-13
-53
-106
-121
-106
-118
-174
-206
-190
-200
-245
-269
-284
-317
-349
-365
-366
-383
-415
-420
-406
-411
-412
-392
-353
-329
-322
-296
-247
-207
-179
-145
-98
-50
-19
21
87
153
196
241
292
336
383
426
467
504
534
563
601
641
665
668
673
701
719
712
709
701
693
680
639
594
567
537
502
445
376
331
296
260
206
124
54
5
-59
-131
-196
-252
-300
-356
-421
-479
-527
-562
-591
-635
-701
-767
-784
-784
-809
-845
-871
-869
-881
-898
-894
-880
-866
-864
-852
-823
-800
-768
-719
-681
-652
-610
-568
-515
-441
-382
-328
-279
-230
-158
-84
-10
46
112
199
267
318
367
431
488
531
572
614
659
705
747
781
805
814
829
869
888
871
852
852
863
861
829
807
804
787
760
725
679
635
597
559
509
440
375
331
294
243
181
133
104
64
9
-43
-86
-130
-175
-214
-249
-302
-356
-378
-386
-420
-470
-501
-504
-507
-543
-574
-577
-580
-603
-615
-611
-609
-623
-626
-615
-612
-610
-593
-573
-567
-564
-547
-529
-510
-492
-460
-418
-378
-345
-309
-260
-227
-192
-152
-114
-75
-55
-17
41
76
98
132
178
213
228
245
279
321
342
342
354
389
416
422
426
428
433
453
464
458
454
458
458
449
435
426
421
415
396
373
352
338
325
310
285
250
220
205
180
142
110
95
75
35
2
-8
-16
-45
-74
-89
-105
-137
-167
-178
-191
-224
-253
-261
-271
-299
-327
-330
-335
-367
-399
-399
-393
-414
-443
-450
-438
-428
-430
-437
-435
-420
-408
-402
-398
-385
-357
-326
-296
-281
-261
-224
-177
-137
-109
-77
-29
22
61
87
123
173
229
274
308
340
382
430
472
498
515
533
555
572
581
589
591
596
603
600
583
560
548
545
519
474
449
433
406
374
330
284
251
219
182
144
97
54
19
-27
-78
-115
-153
-187
-225
-277
-314
-342
-384
-419
-446
-475
-503
-527
-541
-547
-559
-586
-597
-588
-592
-600
-598
-590
-577
-579
-585
-554
-524
-512
-481
-456
-440
-415
-381
-343
-309
-292
-263
-224
-191
-158
-122
-75
-28
4
40
89
139
177
209
250
289
319
355
402
438
454
480
525
558
568
585
607
613
606
612
626
623
605
599
602
593
573
549
528
506
486
464
426
381
348
321
281
240
204
164
123
92
58
17
-24
-55
-85
-121
-167
-213
-249
-265
-285
-320
-361
-379
-380
-389
-418
-432
-429
-439
-459
-459
-453
-463
-458
-434
-431
-440
-427
-395
-370
-372
-379
-356
-324
-312
-301
-281
-259
-241
-230
-208
-178
-159
-144
-120
-106
-90
-56
-27
0
22
36
65
101
123
139
160
186
208
223
245
270
287
301
319
341
342
342
360
369
364
364
363
371
365
342
338
342
326
308
287
272
257
239
222
198
180
155
132
117
94
74
51
26
4
-22
-46
-63
-79
-108
-147
-183
-196
-201
-237
-263
-280
-307
-316
-320
-324
-338
-345
-338
-339
-350
-364
-355
-339
-344
-356
-352
-330
-310
-291
-282
-272
-261
-222
-182
-172
-147
-115
-94
-67
-37
-19
12
45
67
96
116
141
182
215
224
248
267
276
308
325
339
349
358
386
394
394
394
403
409
392
380
374
368
358
349
336
316
295
284
269
243
217
188
156
126
98
79
48
19
-6
-38
-64
-92
-111
-134
-170
-199
-226
-243
-258
-292
-306
-313
-326
-344
-348
-348
-360
-357
-373
-391
-383
-383
-379
-380
-383
-377
-373
-355
-344
-342
-326
-300
-281
-270
-255
-237
-219
-208
-198
-178
-152
-126
-97
-65
-42
-31
-5
43
75
81
109
149
180
208
232
262
285
307
322
346
357
373
384
403
406
398
397
416
427
412
393
396
402
387
372
363
347
316
293
284
266
237
212
189
168
141
115
94
74
43
14
-12
-34
-51
-74
-95
-106
-127
-157
-169
-175
-192
-214
-231
-235
-242
-253
-266
-278
-285
-287
-293
-292
-292
-301
-301
-302
-304
-300
-307
-303
-286
-284
-279
-280
-282
-261
-244
-239
-227
-217
-196
-175
-174
-163
-148
-137
-112
-91
-76
-46
-20
-6
23
51
65
88
118
144
165
181
203
235
254
267
289
311
336
353
351
360
372
373
383
392
377
366
366
361
354
346
333
325
315
295
272
248
223
198
172
144
115
86
52
23
-5
-36
-66
-89
-115
-144
-174
-199
-216
-235
-262
-289
-311
-326
-344
-353
-354
-359
-369
-371
-369
-374
-375
-361
-356
-358
-343
-323
-308
-290
-282
-268
-238
-222
-214
-186
-160
-141
-115
-94
-68
-49
-31
-1
28
39
55
92
112
132
152
166
192
207
218
232
243
262
279
286
291
297
305
313
326
336
334
330
335
339
326
304
297
299
284
268
252
232
222
208
185
166
138
118
103
73
42
10
-16
-30
-54
-86
-106
-126
-139
-154
-195
-214
-231
-246
-257
-276
-284
-300
-305
-313
-311
-308
-320
-319
-325
-312
-309
-312
-298
-298
-285
-263
-251
-239
-215
-190
-174
-155
-143
-126
-103
-79
-53
-39
-22
7
39
63
80
92
109
132
150
165
177
188
204
221
240
255
263
278
286
288
284
285
288
289
286
275
262
254
252
238
228
220
213
201
182
165
144
129
117
102
81
59
44
24
6
-16
-33
-48
-67
-79
-96
-112
-125
-132
-142
-159
-176
-183
-188
-197
-206
-213
-217
-219
-220
-220
-221
-225
-224
-216
-211
-203
-205
-196
-183
-185
-172
-164
-148
-142
-145
-133
-126
-114
-103
-94
-73
-60
-50
-34
-21
-16
-5
12
26
37
51
67
76
84
96
101
111
121
129
145
155
157
161
174
186
187
199
206
203
205
207
211
202
204
217
211
212
211
201
195
185
179
176
162
144
129
117
104
86
73
59
47
37
24
12
-6
-16
-28
-43
-59
-85
-106
-123
-141
-148
-152
-175
-186
-187
-193
-198
-217
-217
-231
-244
-239
-245
-246
-254
-260
-253
-247
-244
-237
-225
-219
-208
-195
-179
-165
-153
-140
-125
-103
-96
-83
-53
-39
-27
-10
5
24
48
60
70
92
105
120
139
152
162
172
193
211
217
220
231
246
250
256
258
256
265
260
259
261
254
245
229
225
233
218
201
195
180
170
163
134
119
110
85
71
54
37
17
-6
-28
-47
-68
-85
-95
-111
-135
-156
-170
-180
-199
-217
-229
-243
-259
-268
-267
-272
-283
-287
-288
-293
-296
-291
-283
-273
-269
-263
-249
-231
-227
-218
-190
-171
-165
-149
-124
-108
-96
-72
-44
-19
5
23
39
60
81
103
120
134
146
164
190
209
214
223
241
258
262
260
266
282
289
287
284
286
292
294
287
279
278
271
254
236
227
213
193
180
170
150
123
104
93
79
62
44
26
6
-17
-34
-49
-67
-91
-108
-116
-131
-158
-181
-188
-192
-208
-226
-236
-235
-240
-248
-253
-256
-262
-267
-263
-261
-263
-254
-243
-240
-241
-233
-226
-216
-201
-186
-182
-172
-152
-136
-123
-107
-90
-72
-54
-38
-18
2
20
36
53
70
85
103
117
132
147
163
178
192
201
205
211
221
231
235
237
244
255
258
251
245
246
249
248
243
235
228
222
217
210
195
181
173
163
145
122
103
92
76
56
35
20
3
-16
-33
-50
-70
-92
-100
-109
-129
-153
-166
-170
-182
-207
-225
-225
-225
-234
-243
-250
-251
-253
-253
-253
-255
-259
-255
-247
-238
-230
-223
-212
-201
-192
-181
-166
-150
-136
-121
-106
-94
-79
-55
-32
-13
5
25
53
73
87
99
115
133
149
162
176
188
200
210
219
229
240
246
249
253
257
256
254
255
253
245
241
240
233
217
200
193
182
165
149
139
125
107
90
78
55
33
19
8
-8
-26
-41
-55
-73
-96
-113
-128
-139
-152
-166
-174
-181
-192
-206
-214
-216
-224
-235
-238
-240
-244
-245
-241
-233
-228
-226
-222
-217
-211
-202
-194
-184
-172
-159
-142
-124
-109
-96
-81
-66
-54
-38
-20
-4
8
20
37
55
74
88
99
109
118
127
141
155
165
173
186
193
198
203
208
213
214
215
218
219
220
218
212
207
203
202
199
192
183
174
164
150
138
130
122
106
90
77
68
52
33
21
11
-4
-19
-28
-38
-55
-71
-82
-95
-110
-127
-142
-157
-175
-191
-194
-195
-206
-216
-218
-223
-233
-237
-236
-236
-237
-237
-233
-225
-220
-216
-207
-198
-194
-189
-174
-162
-153
-145
-132
-118
-101
-80
-61
-45
-26
-9
-2
8
31
53
67
76
93
106
112
120
139
159
170
176
185
201
212
218
221
229
236
240
241
242
242
237
236
236
231
223
213
207
202
191
176
168
162
146
124
107
94
81
62
47
32
18
2
-14
-23
-34
-52
-67
-79
-96
-118
-131
-138
-147
-159
-175
-185
-189
-199
-217
-225
-222
-228
-239
-239
-233
-235
-237
-232
-223
-223
-222
-212
-201
-194
-186
-178
-170
-158
-139
-121
-107
-94
-82
-67
-53
-38
-19
1
17
28
44
64
81
95
106
121
135
147
158
169
175
180
187
198
204
209
215
223
228
228
229
230
228
222
213
210
204
197
187
177
169
157
143
129
119
108
91
75
60
45
31
16
4
-8
-23
-39
-54
-70
-92
-113
-123
-132
-141
-155
-163
-167
-174
-185
-194
-201
-207
-217
-217
-213
-213
-215
-213
-205
-193
-185
-178
-170
-166
-164
-157
-146
-137
-131
-121
-106
-91
-77
-58
-38
-23
-16
-9
2
12
19
33
48
59
69
82
100
112
114
124
137
148
150
150
161
161
165
169
172
173
173
182
183
175
172
179
174
165
165
161
152
138
135
127
107
93
81
74
64
53
41
27
17
6
-3
-10
-23
-43
-52
-54
-61
-81
-97
-106
-116
-126
-138
-145
-145
-154
-157
-159
-160
-161
-164
-159
-161
-164
-164
-163
-160
-162
-160
-155
-147
-144
-144
-125
-115
-112
-110
-92
-79
-81
-69
-53
-40
-38
-28
-13
-1
11
17
31
45
57
65
66
85
91
96
106
112
117
116
126
141
146
154
154
153
150
147
150
153
155
154
151
146
143
136
131
122
115
110
102
99
89
82
76
68
63
53
44
32
17
8
-3
-11
-20
-30
-38
-45
-52
-60
-68
-75
-81
-83
-89
-96
-103
-108
-109
-110
-114
-118
-123
-124
-123
-124
-125
-126
-127
-125
-121
-118
-114
-110
-104
-100
-95
-93
-88
-80
-74
-66
-60
-54
-45
-35
-25
-19
-14
-8
2
12
23
31
36
42
45
51
57
62
67
76
81
88
94
100
105
107
109
109
108
107
106
105
104
105
105
104
102
101
99
95
89
82
77
72
66
58
52
47
42
36
30
22
14
8
1
-3
-9
-17
-25
-31
-39
-44
-49
-54
-59
-65
-68
-73
-74
-76
-78
-81
-83
-85
-87
-87
-85
-82
-80
-81
-79
-77
-76
-75
-74
-72
-65
-60
-57
-52
-44
-36
-33
-31
-25
-17
-12
-9
-6
1
6
10
13
20
25
26
29
33
37
40
44
48
51
52
54
54
52
54
56
59
62
63
61
59
61
60
55
53
52
52
52
45
44
43
38
33
31
29
24
17
14
13
8
-1
-5
-7
-12
-22
-27
-25
-26
-31
-35
-35
-38
-43
-47
-46
-49
-53
-54
-52
-51
-53
-55
-51
-49
-51
-51
-50
-47
-47
-47
-45
-42
-37
-32
-27
-26
-24
-20
-16
-13
-11
-6
-3
2
4
8
15
18
19
20
20
23
27
30
31
30
30
34
38
40
39
41
47
47
44
43
46
46
45
44
44
43
41
37
36
37
36
34
31
27
25
23
22
21
17
12
9
5
1
-1
-2
-6
-8
-11
-14
-16
-19
-21
-22
-27
-31
-29
-29
-30
-34
-34
-29
-29
-31
-36
-39
-38
-38
-40
-39
-38
-39
-40
-40
-38
-36
-32
-31
-28
-26
-24
-23
-21
-20
-18
-15
-14
-11
-9
-7
-7
-7
-4
0
1
1
7
14
15
14
18
23
26
24
24
28
27
26
28
35
35
32
30
35
35
34
32
35
36
35
33
34
35
34
32
31
29
26
23
22
21
19
17
14
13
12
10
6
4
5
1
-2
-6
-7
-9
-13
-16
-15
-16
-18
-20
-22
-23
-24
-26
-24
-25
-24
-25
-26
-26
-26
-25
-23
-22
-20
-23
-24
-18
-22
-25
-17
-16
-14
-12
-12
-7
-4
-8
-4
0
2
1
1
3
5
5
3
3
5
8
8
8
12
14
15
15
15
15
15
15
15
14
15
14
13
15
16
16
14
14
16
15
12
10
10
10
7
7
4
6
5
1
-1
0
-1
-3
-6
-4
-4
-7
-7
-5
-6
-7
-6
-3
-6
-8
-8
-9
-10
-9
-8
-9
-9
-8
-8
-10
-10
-12
-11
-9
-6
-6
-8
-7
-6
-6
-5
-5
-3
-3
-3
-3
-3
-4
-4
-2
0
1
1
1
-1
2
3
3
6
4
1
4
3
3
9
6
6
9
7
9
11
8
9
9
9
8
10
9
7
7
7
6
5
6
8
7
6
5
5
4
2
2
4
5
4
1
-1
0
0
0
-2
-4
-6
-3
-3
-3
-3
-4
-5
-6
-7
-7
-7
-7
-9
-7
-9
-9
-10
-7
-7
-5
-3
-4
-6
-5
-5
-5
-4
-3
-2
-3
-2
-5
-6
-5
-4
-5
-1
-1
-3
2
0
-2
2
-1
0
5
5
6
7
4
4
5
5
6
7
6
6
4
6
5
7
8
6
5
5
5
7
6
5
5
6
6
4
4
5
7
8
5
1
3
5
4
5
3
3
5
4
-4
-4
2
1
-4
-3
-2
-5
-5
-1
0
-2
-2
-5
-5
-6
-7
-6
-8
-8
-10
-9
-7
-5
-5
-5
-7
-6
-5
-4
-3
-3
-3
-3
-6
-5
-5
-4
-4
-4
-3
-3
-4
-2
-1
1
3
5
4
4
3
3
4
5
7
7
7
5
4
3
4
4
4
3
3
4
4
7
7
8
7
4
5
3
6
2
2
1
1
6
5
6
6
3
3
4
3
1
1
0
0
0
0
-1
-1
1
-1
-1
-1
-4
-1
-1
-2
-4
-5
-6
-6
-4
-5
-3
-3
-2
-3
-3
-3
-3
-3
-2
-3
-3
-4
-4
-3
-1
-1
-1
-2
0
-1
-1
-1
-1
0
3
3
4
3
2
0
-1
0
1
2
2
1
-1
-1
2
1
0
0
3
4
3
2
1
1
1
2
2
1
0
0
2
3
5
4
4
2
0
1
2
4
4
4
5
4
2
3
0
-1
1
0
-2
1
1
-2
3
0
-1
1
-3
-4
0
-2
-5
-4
-4
-5
-3
-3
-4
-3
-3
-4
-4
-3
-3
-3
-3
-2
-4
-3
-3
-4
-3
-3
-2
-3
-2
-1
-1
-1
0
1
1
2
2
2
2
2
0
1
1
2
3
3
5
4
5
4
5
5
6
6
5
5
4
3
3
2
3
3
4
5
6
5
5
6
6
5
7
5
4
3
3
1
0
0
-2
-1
-2
-4
-3
-3
-4
-2
-4
-5
-4
-4
-5
-3
-4
-4
-2
-3
-3
-4
-3
-6
-7
-9
-8
-8
-6
-5
-5
-4
-4
-3
-1
-2
-3
-4
-2
-3
-2
0
2
0
1
2
-1
-4
-3
0
1
1
3
4
4
4
5
6
6
6
7
8
8
6
5
5
3
5
5
5
6
5
4
6
7
7
6
5
5
6
2
6
2
4
2
0
3
-2
0
0
-3
1
-4
-1
-2
-2
0
-1
0
0
-1
-2
-3
-3
-4
-3
-5
-5
-7
-6
-6
-6
-6
-6
-6
-6
-5
-5
-6
-6
-6
-2
-2
-2
-2
-9
-4
-8
-5
-4
-6
-1
-2
1
-1
0
4
1
-1
2
5
4
2
4
4
1
3
6
5
4
5
6
6
6
8
8
8
6
4
5
8
9
8
7
7
7
6
4
3
5
4
4
4
4
3
3
4
4
4
5
5
2
0
-2
0
2
-1
-2
-4
-4
-2
-2
-4
-4
-3
-3
-3
-1
-1
-3
-4
0
-1
-4
-3
-5
-5
-7
-7
-5
-4
-7
-8
-6
-4
-5
-7
-4
1
0
-3
-4
1
2
0
-3
0
2
-1
-3
-3
-2
-1
-1
0
2
3
2
3
2
3
5
7
8
5
3
2
4
4
4
5
6
7
4
5
4
5
5
5
7
7
6
4
3
3
4
1
-1
0
1
-1
-1
1
1
2
2
3
2
2
2
0
0
-1
-1
1
0
1
0
0
-4
-4
-5
-5
-6
-5
-4
-4
-4
-5
-5
-6
-5
-5
-4
-4
-4
-3
-2
-1
-1
-2
-2
-3
-2
-1
0
0
-2
-2
-1
-1
0
2
1
1
3
4
3
4
7
6
5
5
5
4
4
5
6
5
6
6
6
5
6
5
6
4
3
3
2
3
2
3
4
6
4
2
4
3
1
1
4
5
2
0
0
2
-1
-4
-4
-2
-1
-5
-6
-2
-1
-4
-5
-4
-3
-5
-8
-7
-4
-5
-5
-6
-4
-3
-4
-6
-5
-6
-4
-3
-2
-3
-5
-6
-6
-5
-4
-7
-5
-3
-4
-5
-1
1
-1
1
5
2
0
1
0
-1
0
2
2
2
3
4
4
5
3
4
5
6
5
5
6
9
10
9
7
6
6
5
5
4
5
6
7
6
7
6
3
4
4
5
4
3
1
1
0
1
0
1
0
0
-1
-2
-4
-4
-3
-2
-3
-4
-3
-4
-4
-5
-5
-5
-3
-3
-2
-1
-3
-4
-3
-5
-5
-5
-5
-2
-4
-4
-5
-5
-5
-5
-5
-5
-5
-6
-5
-5
-3
-3
-3
-4
-4
-2
1
3
4
4
4
4
4
5
5
4
6
6
7
5
4
3
4
6
6
4
5
4
6
6
7
7
6
5
3
4
3
5
4
6
6
5
5
3
3
3
3
4
2
1
0
-1
1
0
-1
0
0
0
3
-2
-5
-1
-3
-4
-1
-4
-5
-5
-8
-7
-5
-6
-3
-2
-4
-6
-6
-4
-4
-5
-6
-6
-4
-3
-3
-3
1
2
-1
-4
-4
-2
-3
-5
-3
-1
2
1
1
1
4
4
3
4
4
5
3
4
4
5
3
3
4
4
3
4
4
5
5
5
4
4
4
3
4
4
4
5
5
6
5
3
2
0
1
3
3
2
2
1
1
3
2
2
2
0
0
-3
1
-2
-3
0
-2
-2
0
-3
-5
-2
-5
-4
0
-5
-7
-6
-6
-6
-4
-4
-4
-5
-3
-3
-4
-4
-3
-3
-3
-3
-3
-2
-2
-3
-3
-3
-1
0
1
1
2
1
1
2
4
5
5
3
2
4
4
5
6
5
4
3
4
3
4
4
5
5
5
5
3
4
3
5
5
4
4
4
4
4
4
4
4
4
4
3
2
0
3
5
5
4
4
2
0
-1
0
0
-2
-5
-2
-1
1
-2
-1
-1
1
-1
-4
-2
-3
0
-4
-3
-4
-1
-5
-5
-8
-8
-7
-3
-3
-5
-5
-4
-3
-1
-3
-2
-2
0
1
1
-1
-1
-2
-1
1
2
1
1
0
0
2
3
3
3
4
3
6
4
5
4
5
4
4
3
1
2
3
4
4
3
2
1
0
0
3
4
5
5
5
4
2
2
3
4
4
2
1
-1
-2
-3
-1
-2
-3
-3
-4
-4
-4
-3
-4
-3
-3
-2
-2
-4
-6
-6
-6
-5
-5
-5
-5
-5
-6
-6
-3
-2
-3
-7
-4
-1
1
-3
-5
-1
1
0
-2
-2
-2
-3
-1
2
2
2
1
3
2
-1
-1
3
7
5
3
3
6
5
4
4
5
7
4
1
1
3
4
4
5
4
5
4
4
4
5
4
4
4
3
2
0
-1
0
0
0
-1
-2
-2
-2
-2
-2
-1
0
0
-1
-1
-2
-4
-4
-3
-2
0
0
-1
-1
-2
-1
1
1
1
0
-2
-3
-4
-4
-2
-2
-4
-5
-4
-5
-5
-4
1
2
0
0
1
3
1
-1
0
1
2
0
0
2
2
2
2
2
2
4
3
2
6
6
3
3
6
2
2
4
4
0
1
5
3
1
3
4
3
5
3
3
4
2
3
3
1
3
4
0
-1
-2
-2
-1
-2
-1
1
3
3
0
0
0
0
-1
0
-1
-3
-3
-4
-4
-4
-3
-3
-2
-3
-3
-3
-3
-2
-2
-2
-2
-3
-3
-3
-3
-3
-3
-3
-2
-2
-2
-1
-1
0
0
1
1
0
0
0
0
0
0
1
0
-1
1
1
0
0
2
1
1
3
4
3
2
2
3
3
5
5
5
4
4
4
6
5
4
3
1
-2
-1
1
2
2
3
2
1
1
0
-1
-1
-2
-2
-4
-2
-3
-2
1
1
-2
0
1
-4
-5
-4
-3
-5
-4
0
-3
-5
-2
-2
-5
-2
-1
-4
-2
-1
-3
0
0
-1
-1
-1
-3
-4
-4
-4
-4
-3
-1
-2
-1
-1
0
1
3
4
3
3
2
1
0
0
2
3
4
3
2
1
1
2
3
2
3
1
1
1
1
1
5
5
3
4
6
2
1
4
5
3
5
6
2
0
2
0
-1
1
1
1
1
0
-1
-1
-1
-2
0
1
0
1
1
0
0
0
-1
0
0
0
2
1
1
1
-1
-1
-2
-2
-2
-3
-4
-3
-3
-4
-5
-4
-2
-3
-3
-2
-2
-1
1
3
1
-3
-5
-3
2
0
-3
-1
2
2
1
3
5
5
4
1
0
0
0
-1
0
1
1
2
2
3
4
5
4
4
2
1
1
0
0
1
1
2
3
4
2
3
5
4
0
0
1
-4
-5
-2
-2
-4
-1
2
0
0
2
1
-1
0
1
-1
-3
-3
-1
-1
-2
0
0
2
1
-1
0
0
-1
-3
-4
-3
-3
-2
-3
-4
-4
-2
0
1
0
-1
1
1
-1
-2
-1
0
1
-1
0
1
2
4
4
5
5
1
2
-1
3
5
2
6
1
5
4
3
5
4
5
3
2
0
0
-1
0
1
3
3
3
5
3
4
5
4
4
4
5
4
2
0
-1
0
0
0
0
-1
0
2
0
0
0
0
1
0
-3
-4
-4
-3
-2
-4
-4
-5
-6
-5
-4
-4
-3
-3
-4
-5
-6
-5
-4
-4
-4
-4
-4
-4
-3
-2
0
1
2
3
4
2
2
-1
-2
-1
0
1
2
1
1
1
-1
-1
1
3
3
4
3
2
1
1
2
3
4
4
3
3
4
6
7
6
5
1
1
0
-1
-1
0
-1
0
1
1
0
1
3
4
3
-1
0
2
1
-3
-3
-1
1
-1
-3
-2
0
0
-2
-2
-2
-4
-3
-3
-4
-4
-4
-3
-3
-3
-4
-3
-4
-4
-4
-3
-3
-3
-4
-4
-3
-5
-4
-4
-2
-1
0
0
0
1
2
1
-1
0
3
5
3
4
7
7
7
5
8
9
6
2
4
9
9
6
5
9
8
4
4
7
7
4
5
4
3
0
-2
3
3
-1
-3
-1
1
-3
-6
-2
0
-2
-4
-1
-1
-2
-4
-5
-3
-3
-4
-3
-3
-3
-2
-1
0
-1
-2
-4
-4
-3
-3
-2
-4
-3
0
0
-3
-3
0
0
-3
-3
-2
0
0
-1
-3
-2
1
1
0
0
3
2
-1
1
-1
-2
1
0
0
4
2
-1
6
2
2
2
0
2
4
1
2
2
3
1
2
5
4
2
3
4
3
2
-1
1
1
1
0
2
5
4
4
1
5
0
3
0
3
0
2
-1
1
0
0
-1
-1
1
0
-2
-1
0
1
-2
-3
1
1
-1
-2
-1
0
-1
-2
0
-1
0
-2
-1
-2
-4
-6
-5
-4
-5
-4
-3
-2
-2
-3
-2
-1
0
1
0
0
1
1
1
4
3
3
1
2
4
3
1
0
4
5
5
4
2
1
1
2
3
3
5
3
3
1
-1
1
5
4
-1
1
4
2
-2
1
1
-3
-2
1
-1
0
0
-1
-2
-1
-1
-2
-1
2
-1
-4
-4
-5
-1
-3
-5
1
-6
-1
2
-1
-1
0
0
0
2
1
-1
1
0
-1
-1
-1
-3
-1
-3
-2
-3
-3
-4
-4
-1
-5
2
1
-2
5
-3
-1
-1
-3
0
0
1
1
1
1
0
0
1
3
0
2
2
1
4
3
4
4
4
3
2
2
2
1
1
3
4
2
0
-1
1
0
-2
0
2
2
0
-2
1
0
-1
-2
1
1
-2
-2
1
1
-1
-1
1
2
0
-3
1
0
-1
-1
0
0
-2
-3
-1
0
1
-1
0
0
0
-1
-1
-4
-5
-2
-2
-2
-4
-5
-3
-1
-1
-3
-2
0
-1
-3
-4
-1
1
3
1
3
4
5
4
3
4
6
4
4
5
7
4
3
5
5
5
4
1
1
0
2
2
2
2
1
1
0
-1
0
0
2
1
2
2
3
2
-1
0
-1
-1
0
1
1
0
-1
-1
-1
2
1
1
1
0
1
0
0
1
-2
-2
-2
-3
-4
-5
-1
0
0
-1
0
-1
0
0
0
4
0
-7
0
-1
-4
-2
-4
-1
2
-5
-6
-1
-1
-2
-3
0
1
-2
-3
-3
-1
-3
-2
-1
-1
-2
1
3
3
-1
-2
3
6
3
0
2
3
3
0
0
1
2
1
4
3
2
4
4
4
3
3
4
2
2
4
2
0
1
2
1
1
1
2
1
1
2
2
2
1
3
5
7
5
2
1
-1
0
1
0
0
-1
-1
0
0
0
