6
8
7
8
8
9
5
2
0
-2
-3
-4
-3
-4
-4
-6
-3
-2
-4
-4
-7
-6
-4
-3
1
3
3
2
2
0
-2
-3
-4
-4
-4
-3
-3
-3
-1
-1
1
2
1
4
7
6
5
6
9
8
8
7
5
5
3
3
4
3
4
2
0
-1
-1
0
1
0
-3
-4
-1
0
1
3
2
-2
-7
-12
-12
-10
-9
-8
-5
-1
0
2
2
2
-1
-5
-5
-6
-7
-7
-4
0
3
5
6
4
2
2
1
-1
0
2
2
4
5
5
5
9
10
8
7
7
2
0
-3
-5
-5
-5
-4
-2
-2
0
4
5
5
7
9
8
6
3
-1
-4
-4
-3
-3
-1
-4
-7
-8
-12
-12
-12
-13
-12
-10
-9
-7
-4
0
1
5
5
6
5
5
3
2
2
1
1
2
5
3
2
2
1
0
-1
0
0
1
3
4
5
7
6
2
-2
-3
-6
-9
-5
-4
-1
1
0
0
1
2
5
5
7
7
7
6
5
7
5
4
0
-3
-7
-9
-7
-6
-4
-5
-4
0
0
3
6
6
5
3
3
3
2
-1
-2
-1
-3
-7
-8
-8
-7
-4
0
3
3
1
3
2
2
3
3
0
-2
-6
-7
-8
-8
-9
-9
-8
-4
-3
-2
1
2
3
1
1
0
3
6
5
5
5
6
1
-2
-3
-2
-3
-4
-2
1
6
8
11
12
9
5
0
-1
-1
-1
-2
0
0
0
0
-2
-4
-7
-9
-6
-2
2
5
11
12
13
10
2
-3
-7
-10
-10
-8
-4
-3
-2
-4
-4
-3
-1
-2
-5
-3
3
6
9
12
12
9
5
3
4
2
-1
-4
-6
-9
-10
-10
-10
-8
-5
-3
-2
1
4
7
7
6
6
3
1
-1
-4
-4
-6
-7
-5
-4
-3
-1
-3
-3
-2
0
0
0
3
2
2
2
1
4
2
1
-1
-2
-3
-5
-3
-2
-2
-1
0
1
3
5
8
9
7
6
3
3
2
2
1
3
2
1
-1
-2
2
3
5
4
3
3
2
1
0
-3
-6
-7
-6
-8
-10
-9
-8
-8
-9
-11
-7
-2
1
2
5
7
6
5
3
0
1
2
-1
-1
-1
-1
-4
-5
-4
-3
0
3
7
10
12
14
12
12
10
8
6
5
1
-2
-4
-6
-9
-10
-12
-12
-11
-11
-11
-10
-9
-7
-3
-1
-1
2
2
4
7
7
5
5
1
0
-2
-2
0
0
3
5
5
4
2
3
4
4
6
5
4
5
3
3
-1
-3
-6
-9
-9
-11
-12
-10
-8
-9
-7
-2
0
3
6
12
16
16
18
20
21
20
17
16
15
12
9
6
5
4
0
-6
-9
-15
-19
-21
-25
-27
-30
-33
-36
-40
-40
-40
-37
-32
-29
-27
-24
-21
-14
-7
0
10
17
25
32
34
37
37
34
32
30
32
32
32
31
34
34
29
26
23
17
14
9
4
1
-2
-4
-8
-13
-21
-22
-30
-33
-30
-28
-25
-30
-33
-30
-28
-24
-23
-23
-20
-17
-19
-21
-28
-38
-46
-54
-65
-80
-99
-100
-91
-78
-73
-83
-86
-84
-78
-72
-77
-84
-84
-77
-63
-50
-47
-48
-47
-41
-20
18
56
90
134
189
281
373
433
473
471
477
477
424
347
234
112
-3
-104
-177
-241
-295
-350
-376
-365
-352
-346
-385
-462
-529
-591
-636
-684
-761
-779
-739
-637
-480
-301
-127
35
190
338
467
552
600
609
613
627
648
669
679
674
678
695
715
717
688
635
574
520
470
410
332
243
159
95
49
6
-46
-99
-146
-186
-217
-258
-313
-377
-442
-496
-542
-583
-613
-634
-638
-613
-564
-498
-428
-362
-293
-234
-184
-148
-130
-124
-127
-134
-144
-151
-154
-151
-138
-116
-91
-64
-30
3
34
61
74
77
73
69
66
67
72
77
87
105
131
156
166
161
143
121
99
75
51
27
18
32
70
134
213
298
387
474
571
665
746
797
798
768
718
647
552
410
239
69
-78
-194
-288
-367
-444
-499
-532
-535
-522
-541
-598
-689
-793
-868
-929
-995
-1053
-1099
-1071
-942
-750
-525
-316
-126
58
236
391
496
538
524
497
501
542
603
651
683
727
792
879
952
959
909
821
730
653
566
459
335
215
122
64
28
-20
-90
-182
-273
-350
-415
-476
-546
-617
-668
-692
-694
-689
-696
-708
-709
-700
-672
-635
-595
-544
-476
-385
-281
-175
-78
3
66
116
153
170
168
153
132
113
97
91
96
102
102
94
81
77
83
94
106
120
144
189
250
313
358
363
337
292
245
204
159
114
83
84
128
199
271
319
338
332
308
267
203
109
3
-88
-144
-161
-150
-131
-107
-72
-25
36
99
147
183
225
291
397
530
665
767
824
843
837
800
705
539
304
40
-208
-421
-601
-776
-955
-1120
-1235
-1280
-1277
-1268
-1288
-1338
-1387
-1411
-1420
-1437
-1481
-1532
-1539
-1470
-1308
-1081
-829
-571
-303
-7
315
625
874
1040
1142
1223
1311
1394
1446
1451
1421
1402
1423
1472
1514
1509
1457
1382
1310
1240
1145
1002
812
608
433
303
205
121
39
-33
-77
-100
-123
-171
-249
-347
-448
-533
-601
-661
-708
-741
-745
-716
-677
-632
-597
-574
-550
-539
-533
-533
-548
-560
-575
-592
-606
-632
-657
-687
-716
-730
-739
-746
-739
-725
-697
-652
-609
-555
-502
-436
-343
-238
-111
27
172
334
497
654
790
895
974
1023
1038
1024
980
914
842
765
691
623
553
493
446
410
386
369
350
332
321
318
320
320
313
305
302
305
305
287
247
190
128
70
21
-14
-27
-1
73
202
373
564
737
867
936
941
887
749
520
212
-148
-513
-851
-1142
-1388
-1599
-1766
-1881
-1935
-1927
-1891
-1863
-1862
-1885
-1898
-1886
-1858
-1821
-1778
-1709
-1580
-1374
-1093
-775
-451
-134
176
490
785
1030
1208
1327
1412
1491
1575
1652
1709
1742
1772
1828
1904
1974
2002
1975
1908
1823
1733
1622
1468
1275
1064
873
729
610
484
337
176
29
-102
-227
-374
-554
-748
-911
-1017
-1068
-1091
-1103
-1101
-1066
-985
-876
-763
-678
-620
-569
-524
-473
-450
-476
-538
-632
-712
-769
-821
-873
-926
-957
-934
-871
-780
-689
-621
-550
-475
-395
-316
-279
-284
-310
-332
-310
-255
-183
-92
16
167
365
575
769
899
957
968
929
866
785
669
556
452
386
383
411
467
529
570
604
620
624
633
621
607
587
558
559
580
615
663
668
631
544
417
311
217
125
48
-35
-46
62
263
559
824
990
1085
1090
1088
1046
852
528
55
-437
-832
-1171
-1427
-1681
-1968
-2178
-2300
-2281
-2154
-2086
-2083
-2127
-2168
-2098
-2029
-2025
-2066
-2181
-2210
-2105
-1901
-1589
-1298
-1022
-675
-268
217
696
1055
1337
1554
1748
1977
2163
2283
2331
2302
2305
2357
2411
2448
2405
2322
2265
2218
2181
2109
1960
1781
1587
1411
1272
1108
906
680
451
272
110
-76
-294
-560
-827
-1063
-1268
-1434
-1589
-1739
-1853
-1907
-1885
-1813
-1738
-1686
-1649
-1601
-1523
-1433
-1362
-1326
-1302
-1263
-1185
-1073
-966
-879
-803
-726
-618
-488
-355
-236
-133
-22
113
271
435
569
670
752
829
897
932
911
844
750
654
566
481
399
324
280
294
358
446
536
611
682
753
822
871
874
840
788
740
710
679
630
558
483
438
416
406
376
303
220
162
141
141
110
56
21
37
152
319
461
558
584
608
651
634
516
248
-128
-504
-862
-1176
-1458
-1763
-2057
-2306
-2443
-2412
-2323
-2261
-2249
-2259
-2186
-2049
-1931
-1857
-1856
-1869
-1811
-1661
-1394
-1079
-797
-501
-142
312
820
1258
1586
1824
1996
2164
2330
2440
2471
2397
2301
2307
2384
2466
2479
2420
2382
2373
2374
2342
2223
2025
1774
1512
1300
1113
873
566
235
-40
-231
-411
-617
-853
-1095
-1293
-1454
-1592
-1719
-1885
-2065
-2196
-2251
-2229
-2195
-2176
-2119
-2004
-1825
-1607
-1408
-1227
-1067
-923
-759
-594
-465
-390
-372
-350
-303
-257
-231
-236
-255
-257
-234
-190
-116
-40
41
142
265
418
560
660
712
726
716
686
635
574
513
463
438
433
463
531
616
703
790
877
971
1067
1151
1203
1206
1160
1099
1035
973
898
796
680
580
509
485
477
460
443
442
508
679
889
1078
1207
1249
1292
1319
1247
1051
686
238
-205
-655
-1041
-1393
-1755
-2077
-2373
-2549
-2567
-2575
-2617
-2701
-2795
-2802
-2808
-2851
-2881
-2945
-2998
-2995
-2917
-2670
-2347
-2042
-1673
-1218
-641
-23
491
973
1419
1765
2060
2291
2501
2666
2657
2586
2594
2668
2754
2719
2621
2622
2649
2664
2652
2586
2518
2363
2117
1937
1783
1580
1266
849
530
301
27
-277
-609
-904
-1137
-1385
-1562
-1643
-1723
-1792
-1844
-1808
-1668
-1568
-1524
-1481
-1426
-1338
-1282
-1255
-1176
-1075
-970
-862
-734
-550
-378
-288
-232
-181
-140
-142
-225
-322
-385
-452
-518
-558
-549
-496
-455
-419
-331
-229
-162
-137
-133
-103
-64
-45
-1
68
139
213
280
385
499
558
585
597
617
650
648
627
603
586
641
734
827
917
965
1036
1131
1189
1260
1319
1364
1408
1438
1607
1900
2118
2165
2043
1977
2010
1880
1517
1007
512
80
-410
-870
-1177
-1434
-1765
-2154
-2371
-2287
-2154
-2201
-2360
-2466
-2454
-2474
-2605
-2727
-2849
-3027
-3184
-3165
-2876
-2502
-2235
-1943
-1453
-798
-175
286
697
1115
1402
1535
1654
1836
1971
1873
1665
1646
1830
1989
1964
1876
1927
2065
2129
2106
2052
1966
1780
1511
1299
1173
977
633
231
-59
-204
-339
-541
-751
-889
-932
-912
-842
-739
-676
-686
-685
-585
-436
-397
-501
-595
-564
-480
-446
-429
-344
-214
-126
-50
96
268
316
188
46
11
-13
-176
-454
-673
-762
-813
-889
-924
-855
-749
-680
-611
-461
-286
-217
-277
-351
-361
-368
-429
-504
-518
-488
-461
-387
-219
-22
101
149
229
372
500
529
494
467
453
430
397
406
490
609
698
787
1029
1517
2061
2391
2472
2606
2953
3231
3077
2551
2015
1583
1029
260
-465
-961
-1402
-1978
-2463
-2528
-2286
-2166
-2285
-2347
-2161
-1942
-1939
-2066
-2160
-2277
-2501
-2649
-2473
-2089
-1830
-1676
-1244
-416
419
918
1252
1712
2161
2259
2075
1991
2056
1902
1383
926
921
1146
1108
785
613
796
1043
1044
885
795
723
494
147
-92
-199
-395
-763
-1070
-1065
-841
-688
-675
-626
-428
-200
-61
45
168
182
12
-173
-148
-5
-54
-315
-445
-230
114
291
354
534
773
818
666
546
496
266
-226
-680
-829
-808
-917
-1130
-1151
-903
-609
-435
-296
-91
75
67
-26
-85
-172
-437
-831
-1103
-1123
-1021
-947
-872
-673
-331
15
275
454
586
639
613
605
645
650
496
257
139
185
256
274
332
513
760
1143
1849
2726
3255
3153
2909
3114
3448
3053
1801
511
-246
-889
-1924
-2975
-3484
-3661
-4037
-4363
-3901
-2777
-2010
-1994
-1991
-1408
-785
-877
-1393
-1581
-1463
-1570
-1729
-1185
69
1100
1520
2118
3465
4812
5133
4658
4357
4281
3631
2299
1166
692
213
-797
-1657
-1502
-696
-360
-746
-989
-548
-18
-161
-857
-1433
-1668
-1927
-2306
-2435
-2124
-1712
-1484
-1125
-205
975
1677
1747
1742
1996
2110
1670
939
368
-146
-890
-1605
-1758
-1480
-1484
-1905
-1994
-1314
-473
-250
-519
-522
-140
23
-240
-474
-341
-106
-180
-273
125
810
1256
1245
1172
1455
1745
1618
1152
624
289
-38
-474
-703
-760
-811
-897
-952
-599
-49
191
227
183
306
578
566
491
469
421
553
749
1159
1833
2155
2085
1843
1855
2824
3904
4017
3102
1846
1598
1956
1233
-656
-2787
-4049
-4498
-5339
-6057
-5915
-5602
-5780
-6373
-5984
-4045
-2567
-2585
-2904
-2186
-463
468
193
296
1089
1804
2137
2726
4376
5830
5697
5036
5209
5991
5751
3735
1700
833
107
-1271
-2714
-3026
-2440
-2575
-3195
-2627
-712
946
798
-226
-19
1228
1908
1328
406
493
1205
1604
1975
2748
3708
3992
3358
2992
3199
2827
1094
-1464
-3321
-4160
-5051
-6138
-6769
-6644
-6177
-5783
-4736
-2755
-1102
-692
-904
-297
1224
1999
1398
620
803
1718
2263
2326
2654
3169
3197
2605
2064
1955
1512
39
-1856
-3042
-3319
-3427
-3838
-4185
-3913
-3124
-2230
-1228
-198
553
837
787
1056
1666
1884
1623
1227
1295
2084
2754
3132
3432
3514
3639
3431
2900
2594
1908
747
-613
-1628
-803
1059
2098
1892
950
1279
2825
3034
1390
-1146
-2963
-3542
-4573
-5691
-5735
-5331
-5081
-5341
-4734
-1972
592
1060
276
-104
827
1167
-207
-1416
-1685
-1469
-1276
-875
1083
3461
3980
3336
3204
4055
4238
1995
-888
-2306
-2874
-3649
-4658
-4391
-2336
-705
-157
954
3363
5808
5871
3722
2240
2351
2656
1761
35
-487
430
1366
2071
2791
3460
3361
1811
87
-718
-1546
-3408
-6089
-7784
-7392
-6289
-5329
-4092
-2386
-497
741
1633
3051
3975
3190
1207
-131
351
1089
505
-472
-417
856
2052
2129
1758
1342
347
-1325
-2983
-3647
-3608
-3952
-4416
-4048
-2424
-195
1399
2220
2717
3039
3206
2963
2489
1797
545
-561
-882
-314
800
1378
1565
1969
2448
2937
2658
1570
252
-1334
-1733
-277
1630
2780
2240
1502
2468
3568
2886
100
-3039
-4560
-5662
-6998
-7357
-6709
-5766
-5668
-5779
-3622
-86
1783
1345
445
1031
1956
1298
243
203
817
1145
1203
2883
5924
7059
5530
3701
3312
3149
799
-2826
-4955
-5314
-5443
-5973
-5266
-2236
712
1642
1998
3603
5949
6487
4449
2246
1705
2222
2249
1650
1740
2485
2857
2911
3082
3027
1681
-1175
-3886
-5106
-5540
-6460
-7665
-7612
-5897
-3878
-2230
-447
1546
2804
2598
1924
2161
2779
2107
8
-1571
-1276
-176
80
-440
-578
-101
194
-162
-800
-1339
-2264
-3777
-4868
-4736
-3749
-2905
-2435
-1476
98
1703
2948
3577
3932
3883
3156
2565
2447
2494
2075
896
273
732
1448
1851
1252
341
164
57
-28
-290
-1009
-1475
-1201
1327
5265
7413
6951
4822
3881
4523
3313
-603
-4959
-6970
-7066
-7307
-7151
-5561
-3358
-2691
-3635
-3582
-1044
1079
-158
-2354
-2634
-1121
-232
-749
-355
1243
2583
2565
2796
5039
6394
4465
976
-691
-591
-1646
-4266
-6243
-5439
-3700
-3369
-2945
-502
2828
3697
2621
2805
4956
6644
5209
2524
1905
3543
4692
3868
2970
2895
2830
1798
355
-365
-1317
-3324
-5732
-6536
-5282
-4167
-4217
-4299
-2832
-487
1138
2059
2894
3587
3202
2124
1743
2435
2719
920
-1369
-1887
-853
-284
-1252
-2386
-2629
-2162
-2081
-2754
-3073
-3172
-3982
-5072
-5086
-3778
-2242
-1474
-1206
-318
1318
2812
3337
3317
3263
2634
1885
1801
1978
1967
1262
-52
-182
797
1242
940
-103
-644
-548
-844
-351
1870
5618
8284
7215
4534
3576
4288
3609
-569
-5915
-7781
-6368
-5087
-4405
-3378
-1295
-208
-1490
-2136
-519
1719
1133
-1854
-2434
37
2136
1841
682
798
1714
1492
472
865
1456
-168
-3242
-4501
-2943
-2089
-3455
-5021
-4367
-1751
-442
-510
651
3150
4385
3592
3478
5357
7135
5838
2440
847
2138
3566
2258
-96
-1001
-823
-728
-1390
-1790
-1756
-2442
-3761
-4234
-2817
-1126
-1022
-1898
-1903
-646
819
1781
2127
2328
1946
1056
978
1730
2012
438
-1643
-1674
17
1352
930
-208
-300
286
103
-872
-1447
-1596
-2339
-3640
-3954
-2734
-1318
-1002
-1462
-1174
27
1045
999
374
163
61
182
604
956
714
-160
-425
149
1194
1364
571
111
-74
-32
82
2878
7680
9747
7805
3060
1177
2670
1750
-3442
-9869
-10992
-7821
-5282
-3869
-2484
-151
456
-1578
-2829
-190
3285
2553
238
569
4212
6708
5191
2595
856
436
-1012
-2626
-1478
-367
-1571
-3593
-2879
2
778
-1691
-4391
-3581
-1328
-1216
-2085
-299
3620
4858
3731
3861
6429
8015
4477
-935
-2457
245
1835
-405
-2641
-2192
-583
-331
-1121
-1215
-995
-2057
-3955
-3300
21
2146
1460
194
908
2445
2562
1299
68
-464
-1405
-2508
-1548
1161
2225
474
-1173
-276
1758
1724
-718
-2563
-1976
-591
-377
-423
350
534
-832
-2416
-2559
-1453
-1286
-2645
-3130
-1361
1106
1844
972
324
-90
-774
-1751
-2222
-1345
-586
-701
-427
1157
3184
3470
2155
2345
5792
9713
9813
5487
863
-437
-117
-1559
-5375
-8331
-7871
-6147
-4838
-3539
-1904
-1093
-2947
-5469
-4858
-637
3269
3710
3162
4707
7175
7485
5088
2176
318
-1003
-2294
-1860
640
2355
1272
-805
-1086
-580
-1450
-3569
-4818
-3675
-1914
-692
1413
4875
7126
5920
3553
3278
4314
3046
-1003
-3882
-2650
685
1834
802
340
635
-317
-3185
-5387
-5271
-4404
-4376
-4337
-2365
864
2489
1432
-322
-1017
-1133
-1450
-1599
-1062
-336
228
1002
2179
2862
1587
-962
-2431
-1948
-837
-336
267
1754
3453
4030
3162
1843
555
-1084
-3079
-4013
-2793
-566
1289
2445
3529
4565
4381
2728
289
-1558
-2344
-2857
-2769
-1664
-84
816
810
308
-58
1657
5221
7873
7079
2728
-1361
-1992
-776
-2399
-7340
-10244
-8336
-4263
-1689
-1251
-1197
-1197
-2703
-5209
-4925
-1037
1912
1288
48
1517
4410
4991
1892
-1744
-2200
-410
1096
2345
3794
4230
3023
1436
290
-685
-2058
-3552
-3359
-747
2347
4424
6130
7256
6336
3656
1315
671
752
-353
-2290
-2109
1107
4044
3748
1109
-1360
-2654
-3465
-4321
-4282
-2609
-543
732
1863
3384
3839
1727
-1982
-4694
-4963
-3914
-3184
-2553
-1029
931
1818
1145
-484
-2367
-4026
-4973
-4562
-2777
-479
1313
2263
2714
2660
1759
-105
-2442
-4221
-4553
-3224
-988
1135
2615
3455
4013
4231
3500
1592
-509
-1362
-606
1053
2690
3871
4322
3672
2618
3402
6724
9187
6805
311
-4878
-5190
-3489
-4686
-8622
-10319
-7579
-3691
-1782
-1379
-1144
-1874
-4539
-6598
-4103
2002
6044
5395
3586
4206
5583
3878
-1111
-5425
-5780
-3284
-652
1592
3564
4130
2643
178
-1908
-3293
-4246
-4430
-2789
742
4496
7121
8623
8604
6296
2872
907
1253
1980
1106
-226
704
3629
4906
2479
-1475
-4073
-5141
-5891
-6065
-4348
-1146
1206
1642
1604
1994
1522
-797
-3459
-4103
-2639
-1107
-690
-510
182
482
-411
-1672
-2205
-2134
-2091
-1916
-869
819
1704
956
-378
-876
-886
-1209
-1727
-2048
-1815
-1132
-608
-666
-946
-1210
-1535
-1094
298
1535
2180
2698
3233
3686
3851
3033
2735
5595
10227
12268
9261
3351
-1192
-2401
-2680
-5535
-9137
-9375
-6427
-3221
-1643
-1570
-2324
-3823
-6217
-7616
-4951
396
3581
3220
2262
2679
3346
2002
-1853
-4675
-3422
-27
2406
3376
3543
2837
1183
-1431
-4431
-5890
-5077
-2966
-54
3164
5331
5869
5148
3337
1468
1111
2363
4014
5187
5598
5466
5291
4264
1523
-1735
-3762
-4232
-3676
-2306
-539
1163
2182
1702
227
-1136
-2181
-3152
-3482
-2466
-701
1000
2070
2276
1981
1178
-378
-2290
-3541
-3686
-3020
-1866
-934
-815
-1464
-2318
-2749
-2665
-2243
-1985
-1912
-1635
-1265
-718
-351
-409
-826
-1420
-1048
197
1459
2001
1441
695
70
950
4697
9524
11976
9001
2400
-2598
-3656
-3071
-4490
-7371
-8386
-6083
-1769
1587
1887
-651
-4198
-6506
-5522
-1405
3004
5329
5493
4957
4348
3048
446
-3094
-5213
-4119
-532
3711
6313
5935
3208
-173
-2697
-3832
-3517
-1923
421
3123
5342
6043
5158
2802
-497
-3041
-3071
-316
3226
5284
5277
4058
2624
699
-1993
-4588
-5870
-5045
-2465
860
3553
4217
2707
81
-2196
-3340
-3527
-3038
-2155
-1080
18
760
905
120
-1771
-3703
-4087
-2586
-499
709
873
595
333
53
-470
-750
-430
78
493
751
714
-40
-1473
-2842
-3649
-3545
-2712
-1681
-215
1332
2157
1931
1454
3127
7060
10698
11000
6851
1839
-433
146
639
-1903
-5856
-7783
-6197
-3188
-2742
-5423
-8730
-10370
-9739
-7382
-3638
762
4102
5009
4051
2977
2656
2244
1401
1824
4362
7478
8772
7235
4119
547
-3355
-6729
-7701
-5303
-1447
1091
1761
1486
848
-405
-2025
-2209
198
4013
7271
9117
9719
8882
6267
2705
-76
-1089
-1059
-1185
-1471
-1445
-1437
-2167
-3794
-5492
-6233
-5760
-4341
-2406
-473
783
901
308
-199
-76
725
1607
2001
1816
1260
637
-112
-1378
-3114
-4491
-4418
-2847
-760
671
670
-358
-1818
-3328
-4103
-3498
-1628
595
2218
3000
3619
4431
4660
3704
3460
5993
9828
11181
6920
-357
-4677
-4204
-2456
-3662
-6355
-6777
-4531
-2618
-3929
-6697
-8057
-7906
-7226
-5014
-188
4593
5622
2288
-1491
-2810
-3270
-4976
-6175
-2530
4820
10281
10303
6442
3002
769
-1537
-3681
-3367
55
4077
6777
7650
7032
4252
-615
-4904
-5532
-1987
2464
5487
6672
6370
4816
1861
-823
-1790
-879
543
1544
2877
4195
4540
2775
-514
-3256
-4190
-3420
-2328
-1487
-1335
-1902
-3021
-4566
-5581
-5489
-3795
-1325
701
1725
1566
1121
597
-201
-1113
-1508
-1094
-165
656
632
144
-779
-1887
-2878
-3399
-2749
-1603
-598
-384
-1071
-1705
-1669
-994
1374
5948
10816
13276
10353
4168
-455
-1639
-746
-1496
-2874
-2244
-178
626
-2594
-7632
-10825
-11502
-11093
-9316
-4964
564
3949
2688
-399
-2285
-3275
-4677
-5875
-2585
4848
11100
11812
7610
3398
1103
-655
-2760
-2952
180
4373
6626
5683
3493
1083
-1461
-3424
-3344
-73
4232
7449
8657
8143
6235
2781
-573
-1961
-163
2980
4787
4787
3377
1830
-10
-2224
-3882
-3952
-2037
138
1010
-18
-1984
-3727
-5128
-6126
-6600
-5488
-2883
-159
1228
405
-1730
-3913
-5102
-4721
-3069
-880
991
1855
1796
1048
-216
-1707
-2929
-3031
-1870
-79
897
705
-415
-1666
-2445
-2728
-307
4330
9121
10527
6708
2419
543
1509
1814
-306
-869
1162
3980
3009
-2006
-6493
-8177
-7838
-7693
-6223
-2575
1288
2047
-767
-3079
-4037
-4973
-7026
-7073
-1308
6998
12025
10438
5619
2107
232
-1255
-2287
-607
3169
6258
6397
3958
986
-2252
-4781
-5412
-3039
1362
4730
6078
5530
4029
1680
-1114
-2355
-830
2960
6231
7185
5730
2872
44
-2230
-3181
-2947
-1776
-63
1284
1554
-316
-3649
-6650
-7702
-6539
-4337
-1691
985
3225
3788
2081
-736
-2867
-2961
-1521
632
2411
3130
2569
758
-1169
-2826
-3740
-3937
-3318
-1787
-580
-211
-1194
-2430
-2893
-1774
1687
5831
8630
7455
3635
782
291
989
-325
-2082
-1493
1357
2929
-372
-5757
-9261
-9261
-7854
-6864
-5045
-2468
-397
-714
-2252
-3007
-3489
-4494
-5403
-2851
3343
9136
10513
7475
4188
2509
1629
284
-460
1203
4224
6476
6282
4365
1708
-1168
-2883
-2220
1163
4886
6670
6366
5025
3459
1087
-1294
-1894
191
3500
5285
4914
3276
1540
-283
-2395
-3865
-3846
-2185
-98
1154
927
-916
-3561
-5880
-6660
-5892
-4552
-3358
-2278
-919
129
5
-1324
-2723
-2945
-1906
-229
1139
1701
1251
-60
-1499
-2512
-2511
-1532
5
1275
1245
22
-1675
-2666
-2578
-1288
1451
4839
7320
6887
4194
1724
975
1165
150
-1290
-1126
1147
3120
1928
-1452
-4434
-5377
-5268
-5262
-4732
-3423
-2015
-1994
-3003
-3760
-4098
-4528
-5079
-3849
-287
3605
5055
3402
1043
-315
-689
-1095
-1285
0
2631
5342
6422
5653
3740
1602
457
1008
3355
6099
7737
7897
7041
5691
3544
938
-865
-581
1604
3876
4764
3973
2286
314
-1693
-3313
-3929
-3109
-1372
242
783
86
-1338
-2825
-3871
-4377
-4317
-3751
-2777
-1741
-1284
-1783
-3006
-4031
-4043
-2998
-1449
-209
354
201
-418
-1013
-1500
-1806
-2020
-1818
-810
454
1193
446
-1312
-2797
-2780
-551
2553
4784
4453
2232
606
739
1782
1145
-1019
-2242
-855
1814
2296
192
-2389
-3036
-1946
-903
-213
225
687
365
-697
-1632
-2416
-3306
-4537
-4415
-2036
1294
3137
2221
343
-908
-1179
-1374
-1576
-674
1320
3596
4663
4328
3062
1308
-27
-300
1110
3275
4892
5465
5256
4896
3924
2279
529
-264
447
1810
2991
3268
2865
2195
1481
928
368
157
382
919
1125
366
-993
-2358
-3190
-3831
-4517
-4893
-4564
-3543
-2780
-2761
-3320
-3760
-3662
-3220
-2513
-1732
-874
-194
150
307
333
344
185
6
18
245
508
344
-277
-1088
-1469
-974
148
1137
1091
147
-596
-108
1386
2422
2149
1237
1113
2010
2589
1753
8
-1075
-820
61
611
543
121
-577
-1455
-2239
-2778
-3293
-4016
-4378
-3621
-1866
-272
155
-279
-663
-550
-274
-139
44
425
965
1464
1789
1606
514
-1082
-1963
-1118
900
2589
3154
3047
3060
3142
2916
2429
2175
2414
2905
3483
4102
4619
4614
3863
2716
1719
1202
1082
1204
1371
1312
879
204
-437
-1130
-2185
-3541
-4484
-4314
-3254
-2257
-2069
-2560
-3116
-3309
-3087
-2594
-2018
-1571
-1293
-993
-541
-172
-251
-700
-1025
-931
-697
-729
-974
-1079
-890
-554
-145
329
571
170
-639
-842
158
1531
1840
932
266
1015
2465
2876
1745
330
-38
601
1259
1334
924
250
-609
-1506
-2216
-2804
-3514
-4210
-4259
-3315
-1989
-1276
-1456
-1865
-1830
-1435
-1158
-1133
-1023
-523
339
1324
2039
2013
1146
147
61
1092
2292
2746
2694
2974
3700
4098
3768
3360
3633
4404
4901
4884
4800
4903
4840
4258
3333
2475
1813
1299
984
856
592
-135
-1122
-1853
-2254
-2781
-3620
-4240
-4110
-3549
-3351
-3712
-4044
-3856
-3388
-3142
-3166
-3135
-2884
-2520
-2154
-1854
-1802
-2128
-2539
-2475
-1806
-1075
-861
-1078
-1155
-785
-101
736
1632
2234
2000
1000
241
646
1804
2371
1809
1107
1443
2572
3136
2426
1153
441
621
1270
1874
2048
1503
304
-888
-1425
-1480
-1848
-2774
-3448
-3060
-1976
-1442
-2044
-3040
-3387
-2941
-2336
-1963
-1551
-749
353
1361
1921
1824
1141
376
247
1015
2177
3052
3472
3661
3664
3319
2746
2376
2418
2618
2738
2909
3273
3581
3491
3092
2781
2702
2690
2648
2600
2389
1725
694
-182
-618
-1002
-1804
-2794
-3320
-3246
-3173
-3585
-4208
-4444
-4170
-3741
-3426
-3216
-3090
-3071
-2953
-2404
-1546
-1055
-1345
-1909
-1889
-1219
-743
-1056
-1686
-1758
-1153
-533
-293
-15
731
1493
1326
103
-1008
-695
996
2645
3040
2402
1924
2229
2727
2552
1711
992
969
1442
1803
1614
794
-380
-1358
-1705
-1594
-1696
-2334
-2924
-2671
-1709
-1039
-1287
-1940
-2123
-1712
-1259
-1034
-734
-139
524
961
1190
1267
974
295
-152
337
1580
2553
2591
2132
1998
2302
2517
2433
2473
2968
3584
3760
3423
3004
2851
2871
2798
2550
2259
2043
1853
1550
1051
394
-318
-982
-1537
-1991
-2377
-2650
-2700
-2515
-2284
-2227
-2321
-2324
-2135
-2009
-2251
-2725
-2912
-2489
-1784
-1452
-1761
-2338
-2613
-2438
-2132
-2021
-2066
-1988
-1652
-1189
-738
-210
537
1284
1436
656
-485
-790
351
2116
2994
2423
1366
1087
1612
1873
1200
120
-403
-101
554
1041
1146
814
102
-709
-1322
-1762
-2313
-2919
-3041
-2348
-1345
-943
-1426
-2174
-2417
-2008
-1335
-724
-193
351
923
1436
1718
1598
1187
995
1496
2541
3405
3609
3421
3338
3381
3205
2770
2511
2722
3134
3295
3150
2990
2996
3055
2991
2748
2365
1928
1598
1460
1332
872
12
-875
-1404
-1636
-1920
-2356
-2692
-2763
-2783
-3032
-3440
-3676
-3608
-3391
-3170
-2916
-2607
-2375
-2316
-2321
-2274
-2274
-2458
-2652
-2520
-2065
-1738
-1873
-2221
-2276
-1851
-1146
-326
529
1107
986
337
114
1037
2495
3066
2239
1104
995
1824
2310
1684
531
-135
-82
238
501
710
801
565
60
-394
-720
-1202
-1849
-2072
-1412
-347
101
-408
-1151
-1310
-920
-599
-652
-775
-560
40
745
1170
1095
696
556
1172
2368
3416
3815
3749
3674
3687
3577
3303
3043
2870
2653
2403
2336
2484
2525
2183
1633
1249
1114
1002
763
464
173
-149
-489
-756
-993
-1408
-2049
-2600
-2731
-2571
-2613
-3070
-3600
-3749
-3491
-3143
-2933
-2857
-2864
-2947
-2972
-2714
-2207
-1821
-1804
-1879
-1589
-980
-625
-877
-1378
-1535
-1194
-562
283
1346
2204
2146
1177
423
973
2423
3209
2519
1346
1197
2162
2843
2177
632
-516
-658
-134
492
926
991
545
-249
-989
-1522
-2097
-2774
-3055
-2462
-1380
-819
-1236
-2012
-2274
-1907
-1454
-1256
-1075
-583
193
937
1353
1311
936
677
1054
2154
3458
4344
4625
4503
4163
3634
3045
2655
2610
2796
2995
3058
2931
2624
2199
1738
1266
810
496
442
532
462
70
-463
-863
-1129
-1472
-1937
-2317
-2439
-2422
-2539
-2871
-3254
-3475
-3429
-3141
-2726
-2404
-2370
-2570
-2667
-2417
-2003
-1811
-1888
-1843
-1377
-749
-499
-774
-1193
-1343
-1194
-838
-136
1004
2106
2348
1571
745
955
2051
2747
2247
1295
1211
2155
2862
2259
720
-499
-710
-284
117
221
34
-436
-1068
-1571
-1838
-2157
-2712
-3056
-2576
-1473
-776
-1111
-1889
-2076
-1494
-868
-710
-699
-298
487
1193
1467
1252
660
57
70
1097
2750
4090
4511
4199
3699
3293
2977
2809
2931
3291
3595
3609
3366
3014
2604
2106
1563
1112
871
822
825
695
325
-200
-685
-1006
-1234
-1545
-1968
-2328
-2458
-2444
-2563
-2960
-3400
-3460
-2996
-2366
-2117
-2440
-2994
-3268
-3098
-2741
-2497
-2346
-2041
-1497
-992
-880
-1183
-1568
-1660
-1320
-544
615
1850
2520
2150
1175
718
1375
2380
2451
1463
636
987
1947
2094
971
-412
-895
-395
338
732
718
381
-194
-758
-1079
-1327
-1896
-2666
-2875
-2090
-1009
-765
-1527
-2292
-2186
-1489
-1046
-1056
-928
-216
788
1481
1591
1251
779
594
1124
2388
3767
4493
4412
4003
3680
3380
2976
2700
2858
3302
3523
3263
2770
2378
2110
1817
1517
1329
1256
1147
873
435
-107
-674
-1126
-1362
-1487
-1740
-2181
-2571
-2726
-2849
-3283
-3956
-4320
-3952
-3075
-2341
-2167
-2419
-2683
-2711
-2551
-2386
-2301
-2181
-1821
-1201
-606
-421
-717
-1141
-1300
-1162
-910
-479
440
1759
2697
2454
1238
275
532
1631
2339
2064
1446
1392
1874
2047
1423
423
-211
-183
292
861
1197
1017
300
-569
-1173
-1551
-2048
-2637
-2740
-2005
-938
-455
-836
-1506
-1827
-1718
-1413
-981
-366
302
785
1047
1194
1180
896
557
704
1577
2713
3398
3389
3047
2793
2709
2715
2820
3034
3170
3020
2634
2275
2095
1979
1766
1463
1166
916
695
481
217
-178
-670
-1068
-1209
-1213
-1373
-1797
-2271
-2550
-2670
-2833
-3063
-3124
-2839
-2355
-2028
-2053
-2277
-2408
-2329
-2156
-2028
-1945
-1819
-1595
-1306
-1050
-957
-1109
-1396
-1556
-1412
-1057
-667
-128
808
1948
2502
1917
777
398
1352
2717
3099
2262
1286
1147
1617
1771
1215
400
-81
-70
264
686
861
411
-635
-1640
-1949
-1663
-1511
-1841
-2144
-1810
-1042
-654
-1001
-1524
-1508
-947
-380
-140
-82
32
219
435
696
932
955
768
764
1305
2199
2831
2875
2649
2632
2884
3105
3104
2981
2885
2785
2614
2410
2248
2095
1824
1413
961
597
356
184
-9
-278
-603
-900
-1133
-1374
-1711
-2113
-2404
-2458
-2350
-2257
-2252
-2250
-2151
-2003
-1973
-2162
-2455
-2575
-2337
-1873
-1557
-1629
-1918
-1997
-1671
-1210
-1031
-1190
-1315
-1065
-578
-315
-508
-764
-384
830
2174
2581
1728
553
385
1486
2647
2505
1121
-61
108
1205
1840
1266
60
-662
-400
425
1019
885
147
-553
-630
-229
-172
-1049
-2350
-2876
-2057
-641
152
-57
-600
-728
-416
-172
-290
-545
-485
134
1094
1791
1676
849
133
331
1397
2482
2893
2748
2624
2765
2870
2627
2110
1666
1543
1753
2129
2425
2436
2110
1560
938
343
-117
-287
-136
79
-14
-511
-1133
-1577
-1853
-2156
-2495
-2605
-2312
-1805
-1461
-1454
-1652
-1870
-2068
-2270
-2394
-2316
-2011
-1587
-1220
-1074
-1230
-1556
-1740
-1548
-1112
-839
-932
-1164
-1189
-1005
-886
-840
-444
573
1727
2136
1553
785
815
1617
2168
1717
681
110
435
1041
1152
688
155
-53
36
251
487
624
514
195
-88
-231
-478
-1067
-1735
-1893
-1329
-499
1
51
-47
-104
-197
-373
-464
-311
44
486
963
1356
1417
1066
659
699
1277
1989
2435
2610
2702
2705
2472
2031
1623
1416
1366
1386
1516
1768
1951
1786
1218
484
-109
-417
-483
-427
-393
-494
-751
-1070
-1369
-1698
-2148
-2632
-2838
-2570
-2013
-1591
-1527
-1673
-1768
-1780
-1857
-2024
-2058
-1728
-1099
-498
-211
-268
-490
-668
-699
-597
-470
-428
-459
-449
-383
-406
-596
-683
-215
825
1749
1760
899
142
360
1280
1793
1268
298
-32
574
1385
1561
979
140
-405
-380
150
746
808
153
-663
-931
-706
-788
-1602
-2471
-2404
-1341
-229
140
-95
-346
-378
-354
-370
-334
-187
78
558
1253
1750
1506
617
-26
348
1486
2428
2606
2323
2146
2183
2145
1874
1539
1390
1532
1902
2297
2433
2151
1564
929
374
-117
-476
-529
-280
-49
-194
-733
-1356
-1801
-2067
-2247
-2301
-2124
-1744
-1367
-1167
-1166
-1290
-1465
-1623
-1655
-1506
-1233
-950
-717
-534
-452
-578
-905
-1208
-1266
-1096
-925
-891
-891
-808
-723
-764
-807
-476
374
1322
1721
1378
777
580
936
1368
1355
907
502
540
900
1125
916
378
-125
-298
-100
250
413
209
-205
-482
-522
-631
-1133
-1844
-2167
-1763
-972
-412
-326
-462
-516
-461
-421
-419
-387
-258
26
475
940
1128
923
639
759
1370
2025
2267
2124
1988
2083
2269
2312
2185
2002
1837
1708
1639
1617
1549
1349
1067
809
572
290
-8
-190
-236
-299
-480
-662
-704
-689
-856
-1243
-1570
-1582
-1351
-1149
-1124
-1182
-1224
-1276
-1406
-1578
-1655
-1556
-1327
-1098
-980
-1030
-1215
-1402
-1451
-1339
-1169
-1050
-1003
-993
-990
-994
-967
-841
-547
-81
424
744
716
443
272
446
827
1043
912
648
601
849
1159
1238
994
596
340
441
808
1067
881
343
-109
-219
-256
-651
-1380
-1886
-1702
-977
-277
7
-57
-203
-281
-277
-207
-61
173
518
969
1396
1538
1236
699
371
509
951
1350
1546
1628
1695
1694
1521
1211
919
787
850
1069
1351
1565
1581
1337
897
416
46
-142
-184
-172
-180
-233
-353
-596
-973
-1383
-1632
-1604
-1359
-1065
-850
-757
-786
-931
-1162
-1382
-1513
-1512
-1365
-1085
-780
-648
-821
-1198
-1502
-1539
-1374
-1186
-1057
-950
-857
-868
-1031
-1197
-1110
-636
91
742
1043
987
843
900
1175
1368
1178
709
401
577
1048
1302
1055
509
120
139
414
620
598
451
360
347
224
-201
-850
-1357
-1351
-823
-177
127
6
-220
-237
-81
-28
-190
-326
-109
470
1023
1148
821
392
232
432
817
1170
1389
1498
1558
1583
1499
1230
815
448
334
478
692
784
756
702
625
437
128
-138
-208
-97
22
12
-115
-287
-436
-544
-628
-718
-819
-880
-841
-736
-696
-808
-1025
-1215
-1314
-1351
-1348
-1272
-1091
-880
-781
-847
-991
-1060
-1002
-881
-785
-755
-784
-830
-838
-767
-619
-423
-167
174
536
767
769
653
633
777
923
887
684
511
514
638
727
664
474
302
283
428
567
486
159
-203
-400
-469
-608
-897
-1164
-1186
-931
-575
-297
-140
-33
82
188
235
213
203
317
570
830
930
838
708
727
920
1159
1290
1278
1198
1141
1137
1136
1074
922
740
629
651
770
901
977
965
857
668
433
210
27
-110
-200
-227
-206
-188
-229
-348
-517
-706
-886
-1015
-1062
-1026
-950
-886
-883
-977
-1169
-1388
-1505
-1432
-1206
-968
-852
-894
-1036
-1192
-1313
-1382
-1401
-1363
-1246
-1055
-843
-672
-541
-357
-69
251
446
452
399
481
738
977
972
704
391
267
357
509
559
507
486
603
797
886
734
398
77
-80
-118
-207
-429
-671
-733
-554
-262
-24
114
237
415
593
652
566
448
452
623
834
922
856
756
762
876
980
975
899
868
932
1006
962
761
519
385
405
504
583
621
660
708
695
538
245
-61
-239
-250
-179
-151
-230
-366
-489
-559
-616
-730
-894
-1001
-947
-760
-598
-601
-767
-992
-1189
-1339
-1433
-1417
-1277
-1087
-985
-1029
-1170
-1328
-1458
-1522
-1453
-1233
-939
-717
-644
-673
-684
-597
-383
-68
279
550
691
763
858
987
1034
916
713
599
664
829
953
978
938
887
843
799
753
694
617
530
452
367
225
7
-214
-321
-264
-112
45
170
279
358
337
219
101
110
248
399
439
357
237
155
124
106
95
132
234
367
444
417
319
230
204
211
189
125
98
183
371
531
543
414
262
204
243
278
231
118
22
-14
-39
-127
-273
-397
-425
-379
-353
-420
-545
-640
-659
-663
-731
-869
-1000
-1026
-947
-864
-878
-992
-1111
-1138
-1060
-954
-889
-865
-826
-740
-632
-556
-527
-501
-407
-210
71
380
633
765
753
637
510
448
447
439
374
276
215
228
275
297
282
277
324
414
498
518
474
396
308
208
88
-25
-73
-10
157
360
512
558
502
382
261
190
179
208
236
242
243
268
317
375
413
434
473
551
648
697
658
538
409
356
411
531
635
671
641
596
571
544
474
340
164
-15
-177
-325
-458
-562
-624
-647
-656
-675
-721
-787
-838
-846
-814
-794
-849
-995
-1179
-1307
-1321
-1250
-1160
-1097
-1051
-998
-935
-884
-872
-871
-822
-698
-536
-411
-360
-326
-221
-44
122
187
149
114
176
322
450
486
464
465
523
584
583
534
519
605
768
906
947
902
851
854
887
873
778
645
565
576
631
649
603
551
559
617
624
495
261
54
-17
34
102
88
-2
-96
-135
-139
-160
-215
-264
-268
-217
-160
-143
-172
-205
-190
-123
-42
14
43
72
119
171
181
128
38
-57
-134
-209
-301
-396
-460
-467
-431
-382
-357
-356
-357
-349
-348
-373
-417
-459
-469
-460
-459
-482
-526
-558
-566
-549
-516
-477
-430
-384
-342
-316
-312
-309
-292
-253
-194
-127
-56
15
76
118
142
165
209
281
372
462
529
564
561
522
466
419
401
426
493
586
668
698
663
584
505
451
419
384
345
315
302
286
237
146
47
-7
6
53
78
51
-14
-81
-132
-179
-233
-274
-274
-231
-166
-132
-152
-198
-221
-204
-158
-96
-36
11
29
0
-64
-129
-144
-88
8
101
159
177
157
96
-12
-139
-229
-233
-168
-97
-84
-130
-184
-211
-218
-238
-285
-323
-315
-268
-233
-260
-349
-443
-483
-469
-441
-426
-406
-334
-207
-76
-16
-51
-126
-161
-119
-34
38
91
164
280
398
442
389
311
308
410
543
593
550
475
422
400
349
252
176
189
297
414
426
331
207
145
169
203
177
98
32
25
34
-11
-129
-251
-283
-206
-92
-52
-109
-199
-249
-234
-213
-240
-303
-342
-305
-226
-183
-196
-238
-241
-171
-74
-7
8
-1
0
29
59
59
43
41
77
139
187
199
186
168
160
141
99
49
19
17
29
24
-4
-36
-57
-80
-120
-170
-203
-194
-171
-159
-178
-218
-232
-215
-192
-179
-181
-170
-131
-73
-32
-33
-58
-59
-20
43
96
117
125
155
199
233
224
185
158
170
210
243
242
215
196
193
185
150
104
79
101
153
188
181
142
108
98
92
69
31
5
17
48
51
9
-56
-100
-98
-74
-69
-93
-122
-136
-131
-131
-156
-196
-221
-216
-191
-172
-183
-213
-229
-215
-177
-145
-129
-115
-93
-62
-35
-31
-41
-43
-19
24
58
68
67
63
58
45
23
2
-5
8
27
32
19
0
-10
-12
-21
-39
-53
-47
-24
-8
-12
-34
-50
-40
-15
3
0
-11
1
41
84
101
94
86
104
145
180
184
171
171
197
228
234
206
172
158
170
184
171
134
100
88
95
89
57
18
-4
2
16
9
-21
-56
-76
-80
-84
-98
-117
-126
-120
-112
-116
-137
-165
-185
-191
-184
-184
-189
-193
-191
-183
-182
-194
-204
-203
-188
-164
-144
-129
-116
-100
-83
-66
-50
-29
0
33
59
73
78
87
103
120
134
140
149
158
162
160
143
128
121
123
130
127
114
95
80
71
59
41
25
15
15
18
14
-1
-16
-25
-25
-20
-21
-25
-28
-18
-3
8
7
-6
-14
-12
2
14
14
11
13
22
24
14
-6
-19
-18
-6
2
0
-8
-15
-20
-24
-29
-31
-29
-13
8
23
25
16
2
-8
-14
-18
-19
-16
-7
-1
-7
-26
-47
-61
-62
-51
-38
-28
-22
-20
-25
-36
-51
-67
-71
-60
-44
-28
-17
-13
-13
-7
-4
-1
-2
1
13
27
34
32
23
18
26
34
36
32
32
42
52
53
43
28
21
22
25
16
5
0
4
9
6
0
-9
-11
-5
1
2
-2
-3
0
1
-2
-9
-11
-10
-4
0
1
4
7
13
14
14
14
16
22
24
25
21
15
12
9
8
7
6
7
9
11
10
2
-5
-10
-13
-13
-12
-11
-12
-9
-6
-9
-18
-26
-31
-33
-31
-30
-31
-27
-24
-22
-24
-26
-30
-30
-23
-12
-5
-5
-5
-8
-10
-10
-11
-11
-6
2
9
13
14
12
11
12
15
17
18
20
20
20
17
16
19
25
28
31
27
22
19
16
14
11
8
3
0
-4
-7
-9
-9
-12
-16
-18
-20
-20
-19
-19
-17
-16
-16
-15
-15
-14
-11
-7
-4
0
5
8
9
8
6
3
5
8
10
9
8
6
4
3
4
0
-1
-2
1
3
7
9
8
7
5
6
9
9
10
10
13
12
10
7
3
1
-2
-5
-6
-10
-15
-17
-15
-13
-11
-10
-10
-7
-8
-8
-7
-6
-5
-6
-7
-10
-10
-8
-6
-4
-2
0
0
1
1
1
-1
-3
-1
3
5
7
8
9
10
10
7
2
3
3
1
1
-2
-2
-1
-3
-4
-4
-7
-6
-6
-1
2
2
1
-2
-1
0
2
4
3
3
4
6
6
5
5
5
4
-1
-2
-2
-1
0
1
0
1
1
0
-4
-5
-4
-3
-3
0
3
2
0
0
0
2
0
-1
-1
0
0
-2
-1
-1
1
4
5
5
4
2
3
6
5
6
6
5
5
6
3
0
-5
-6
-7
-9
-8
-9
-7
-3
-2
0
2
2
1
3
1
-3
-4
-7
-7
-3
-1
-1
-1
-1
0
-3
-4
-5
-6
-3
-2
-2
-5
-6
-6
-3
-3
-4
-2
-2
-4
-7
-6
-4
-7
-6
-4
-5
-5
-5
-3
-1
-3
0
3
3
4
4
3
6
9
11
9
11
11
8
8
9
9
10
12
12
12
13
12
12
12
11
12
13
15
13
10
7
8
5
4
3
1
2
3
4
1
-2
-3
-7
-9
-10
-13
-15
-18
-17
-15
-10
-9
-9
-10
-12
-12
-12
-13
-13
-15
-17
-17
-13
-14
-14
-13
-16
-19
-19
-17
-14
-14
-10
-6
-5
-5
-8
-9
-10
-11
-8
-4
1
4
6
6
6
6
7
9
11
15
18
18
21
23
24
26
25
26
24
24
22
20
19
18
17
18
17
16
18
16
15
10
6
5
2
1
1
-1
-2
-3
-5
-5
-6
-7
-5
-2
-1
0
1
1
-1
-1
-1
-2
-3
-7
-8
-10
-9
-10
-11
-13
-13
-14
-15
-18
-21
