-2
0
0
1
1
0
-1
-1
-2
0
0
0
-1
0
2
2
-2
-2
0
0
0
-2
-1
1
0
-1
0
-1
0
1
1
0
1
1
1
1
0
0
2
1
0
1
1
4
2
2
2
4
5
5
3
3
6
2
0
5
4
0
1
2
-1
-4
-2
-1
-2
1
3
2
0
2
2
1
-1
0
3
2
1
1
3
3
2
1
0
2
0
0
0
1
0
0
-1
-1
-1
-2
-1
-1
-2
-3
1
-1
-4
0
1
0
0
0
3
2
3
2
0
7
5
1
3
2
4
5
0
-2
2
3
0
0
-1
1
2
-2
0
-1
1
1
-1
-4
-3
3
1
-5
-3
-1
-1
-3
-1
2
-3
-1
-1
-7
-4
-2
-7
-5
1
-2
-2
1
-2
-2
-1
-4
-1
0
-3
-4
-3
-5
-5
1
3
-1
1
5
2
0
1
0
-3
-1
1
0
-1
2
4
2
1
2
4
0
-1
-2
0
2
-1
1
-1
4
7
2
3
-4
-2
-1
1
5
-1
1
2
1
2
0
1
2
2
1
0
-1
-1
-1
-2
-2
-2
1
2
1
-1
2
4
3
0
1
4
5
2
0
0
1
-2
-4
-5
-2
-1
0
0
0
-1
-2
-3
-1
-1
-1
-2
-1
-1
2
1
1
3
1
0
2
4
2
-2
3
2
-1
5
5
5
2
1
3
-1
3
1
1
2
-2
3
-3
-2
-3
-5
-2
-6
-3
-2
-2
1
1
1
0
-1
-2
0
0
1
1
0
1
-1
0
0
0
0
0
1
0
0
0
-1
0
0
0
-1
0
0
0
0
0
-1
-1
1
0
1
1
1
0
0
-1
-1
-1
-1
1
2
1
1
1
1
1
2
2
1
0
-1
-1
1
1
1
0
0
-1
-1
0
-2
-3
-4
-2
0
0
-1
-3
-2
0
0
0
-1
-3
-1
-1
-1
-2
-1
1
-3
0
0
-2
3
0
0
2
0
0
1
3
1
5
1
-4
2
-6
-2
0
-2
1
-4
2
3
2
1
0
3
0
1
1
1
0
0
4
0
5
7
1
4
4
6
2
2
7
0
0
2
-2
-3
-5
1
2
2
2
0
3
1
-1
1
1
3
2
1
1
-2
0
1
1
-1
0
2
1
0
2
2
1
1
1
2
1
-3
0
1
-1
1
-2
-4
-3
-2
-2
-2
-3
-4
-3
-3
-2
-2
-2
-3
-3
-1
0
1
2
0
1
-1
0
-1
-1
-2
-3
-4
-4
-4
-3
-3
-1
0
-1
-1
-1
-1
-2
-3
-3
0
0
-2
-2
1
1
-1
-1
0
-2
-1
-1
-1
-2
-1
1
-2
-2
-2
-1
0
1
-2
-3
-3
-2
0
1
2
0
0
-2
0
-1
-1
0
3
1
2
3
0
-1
-2
2
0
4
6
-1
2
3
5
1
0
6
2
3
4
1
0
-1
4
2
1
2
0
1
0
0
3
1
1
1
3
3
0
-3
-1
0
0
0
0
1
1
-2
1
0
-1
-1
-5
-5
-6
-3
1
-2
-2
-5
-2
0
-2
-2
0
2
0
-2
-2
3
2
-2
-4
-3
1
1
-4
-4
-4
-4
2
1
0
3
-1
-3
4
1
-2
1
0
-3
-1
1
1
-1
1
4
2
1
3
2
2
0
2
4
3
6
3
4
1
1
2
1
1
0
-1
1
0
1
1
2
2
3
1
-1
0
2
4
1
-3
-3
-1
-1
-2
0
3
1
0
0
1
0
-5
-4
-1
0
-2
-4
-4
-6
-5
-1
0
-2
-3
-3
-1
0
1
2
3
4
2
0
0
1
1
2
2
2
2
1
1
-1
-1
0
1
-1
-2
-1
-3
0
0
-2
5
2
-3
0
-1
0
3
-2
0
4
1
0
3
0
1
0
-1
1
2
0
0
0
-1
-2
-1
1
1
1
-1
-1
0
1
1
2
4
4
2
3
4
5
3
1
2
2
1
1
1
1
0
1
2
2
1
1
0
1
1
1
2
-1
-1
-3
-1
2
-1
-1
-3
-2
-2
-6
-8
-6
-2
1
0
0
-2
-1
0
1
1
2
1
0
2
3
3
3
2
0
-1
-1
2
1
0
-1
1
2
1
0
0
2
1
1
1
1
0
-1
-2
-2
0
0
-2
0
2
-2
-1
0
0
-3
0
1
-3
-4
0
-1
-4
-3
1
1
-1
-2
0
2
0
1
1
1
0
-1
0
0
0
-1
-2
2
4
-2
-5
1
0
0
4
5
-1
-1
3
2
1
2
3
0
-2
1
-1
2
0
-2
2
0
3
1
-1
-1
0
0
-2
0
1
-3
-6
0
0
-4
-2
1
-2
-4
-3
-4
-4
-2
-2
-2
-1
1
1
3
3
3
2
4
4
3
-1
-1
-2
0
0
0
1
3
3
1
-2
0
2
1
-2
-2
-3
-2
-1
0
0
-1
-2
1
1
-1
0
2
2
0
0
1
0
0
0
1
4
6
5
2
0
0
-1
1
1
1
-1
-1
0
-3
-2
3
3
1
1
2
1
1
0
-2
2
1
-3
-2
-1
-3
0
-3
-4
1
-1
-4
0
1
0
0
-1
-1
0
-2
-3
-3
-2
-2
-2
-2
-1
-1
0
-2
0
1
1
1
1
1
2
0
0
-2
-4
-2
-1
-3
1
-1
-3
2
0
0
3
0
1
4
2
1
2
0
2
2
-2
-2
-3
-2
-5
-1
1
-3
-4
-2
-4
-4
-2
1
-1
-1
1
-1
-2
0
-1
-3
-1
1
-2
0
-1
-1
2
1
-2
-1
-1
0
1
4
1
0
1
3
4
3
3
1
2
2
2
3
3
4
4
-1
-2
1
6
5
0
3
4
-1
7
6
1
5
1
1
4
1
2
2
0
2
-1
1
0
0
1
-2
-3
2
-2
-4
0
-2
-3
0
-4
-2
2
-1
0
-3
-1
-1
-3
-2
-4
0
1
2
4
2
1
0
0
1
1
1
0
0
-1
1
3
4
4
2
1
-1
-1
-1
0
-1
0
2
0
1
1
-1
0
-1
-2
1
1
-1
-4
-5
-1
-2
-5
1
2
1
3
3
1
1
1
2
3
0
-5
-4
-1
1
-2
-2
2
5
2
0
-2
0
5
2
-1
0
3
0
-1
1
1
-1
0
4
1
-3
0
-1
-3
-2
-1
0
2
3
3
3
2
2
3
1
0
-1
-2
-1
-1
0
0
0
-1
0
0
0
1
0
1
0
1
0
0
-1
0
0
1
2
1
2
2
2
2
2
0
0
0
-2
0
2
-1
3
6
3
2
5
4
2
0
0
0
-1
-1
-1
-2
-2
-1
1
2
2
0
-1
-1
-1
-3
-1
1
1
-1
-1
-1
-1
1
1
-1
0
1
-1
-2
3
2
-1
2
5
1
-1
0
0
-1
-1
-3
-1
0
-2
-4
-3
-2
-7
-3
4
2
-1
-2
1
-1
-4
0
0
-3
-5
-3
-1
-5
-3
-1
-3
-2
-3
-3
-2
-2
-1
2
1
-3
-6
-4
-3
-4
-3
-1
0
-1
-1
-2
-2
1
3
1
1
4
3
-1
-2
2
2
-1
2
6
4
1
3
4
0
1
6
6
1
0
4
1
-2
2
4
2
0
0
3
1
0
5
3
0
6
3
2
4
-2
0
3
0
3
5
1
-1
-1
1
-3
-3
1
-3
-7
1
-1
0
3
-1
-1
2
0
1
2
1
2
0
-1
-2
-1
-1
-1
-1
0
0
0
-2
-2
-3
-2
1
1
0
0
1
2
3
4
4
3
3
3
2
3
2
1
4
2
0
2
-1
-3
0
-3
-4
1
-2
-1
0
-3
-2
0
-1
-1
-1
1
2
-2
-5
-2
5
6
4
2
4
3
1
1
1
3
1
-3
0
5
1
-4
0
5
0
-3
1
3
0
1
2
0
-1
-3
-2
-1
0
0
0
1
-1
-2
-2
0
-1
0
1
1
2
1
1
0
-2
0
1
-1
-3
-2
0
-1
-2
-3
-4
-1
0
-6
-3
4
5
4
6
8
6
3
1
3
1
0
1
1
-1
-2
-4
-4
-4
-6
-5
-2
0
0
1
1
4
4
3
3
4
3
4
1
0
1
2
0
-3
-2
-3
-5
-4
2
1
0
0
1
5
5
2
3
5
4
2
-1
-2
-2
-3
-3
-2
-4
-5
-2
0
-3
-7
-4
1
3
0
0
3
3
0
-2
0
3
3
-2
-3
-4
-5
-6
-4
-5
-6
-6
-4
-1
1
0
1
5
9
8
6
4
6
5
4
2
0
-5
-10
-8
-9
-6
-12
-12
-8
-9
-6
-8
-2
-1
1
9
8
12
6
9
16
8
8
12
5
3
4
-1
-5
-5
-6
-5
-4
-4
-7
-7
-4
0
2
4
4
6
6
6
6
6
6
5
5
3
0
-3
-5
-3
-2
-3
-5
-4
-1
2
0
0
6
7
5
7
3
3
5
-1
-5
-4
-8
-8
-9
-15
-13
-8
-5
-4
-3
-3
3
9
7
9
16
15
12
13
7
2
1
-3
-6
-6
-10
-10
-12
-14
-11
-10
-9
-5
-2
1
4
7
10
13
12
11
8
6
4
3
2
-2
-4
-6
-9
-8
-10
-6
-5
0
2
4
7
7
10
13
14
17
12
9
6
-1
-2
-4
-8
-9
-9
-12
-12
-10
-10
-5
-2
2
6
9
11
12
13
15
15
15
13
8
4
-3
-9
-14
-18
-21
-21
-21
-21
-19
-15
-13
-5
1
7
12
15
15
18
17
12
10
9
5
6
2
-3
-9
-13
-15
-14
-9
-5
-2
0
0
6
12
15
16
20
16
16
16
9
7
2
-2
-4
-6
-10
-9
-12
-15
-13
-12
-8
-4
2
10
16
19
19
19
21
21
18
16
12
9
5
-4
-11
-19
-20
-18
-17
-14
-14
-13
-12
-10
-5
-1
4
8
10
12
13
8
4
-1
-6
-2
-4
-9
-11
-20
-23
-20
-19
-13
-8
-4
4
8
9
10
9
12
15
18
18
14
8
2
-3
-6
-6
-8
-8
-11
-13
-15
-15
-13
-9
-3
3
9
13
15
14
14
13
14
14
14
11
8
0
-5
-9
-10
-10
-12
-13
-14
-13
-11
-7
-4
1
5
9
13
18
18
17
15
11
8
5
2
-2
-7
-12
-16
-18
-16
-13
-8
-5
1
2
3
3
1
2
3
7
11
11
10
5
-2
-7
-11
-13
-12
-11
-12
-14
-14
-15
-12
-6
2
8
14
16
16
15
15
15
16
17
16
13
7
-1
-9
-13
-17
-18
-19
-21
-22
-23
-21
-18
-11
-3
7
16
23
27
28
26
23
20
18
14
10
3
-4
-12
-15
-15
-16
-17
-13
-6
-5
-5
-1
3
8
11
13
19
21
17
13
6
-4
-7
-13
-17
-19
-20
-20
-16
-13
-11
-7
-1
6
9
12
11
12
14
15
13
11
10
9
6
-3
-14
-16
-20
-23
-27
-25
-19
-19
-20
-15
-13
-4
12
15
14
25
27
24
24
23
24
19
15
11
3
-3
-11
-18
-21
-23
-24
-25
-24
-22
-15
-3
5
10
19
31
33
26
26
27
20
10
2
-4
-11
-19
-24
-29
-31
-27
-18
-12
-8
-4
4
11
17
20
25
27
29
27
18
9
0
-6
-11
-20
-25
-23
-28
-28
-18
-16
-12
-5
-1
5
12
15
19
23
23
24
23
19
17
14
10
1
-3
-12
-20
-21
-24
-26
-20
-19
-16
-12
-10
-4
4
8
15
21
24
25
23
18
13
9
6
2
-5
-10
-17
-21
-22
-20
-17
-13
-11
-7
-3
4
11
19
24
28
29
29
25
16
4
-8
-16
-22
-26
-30
-33
-34
-31
-23
-14
-5
3
11
17
22
25
27
28
30
29
24
15
3
-9
-20
-27
-31
-31
-30
-28
-25
-19
-12
-3
6
16
24
25
24
19
13
9
8
8
5
1
-2
-5
-11
-18
-19
-15
-11
-10
-10
-6
-2
1
6
10
16
20
19
18
14
12
13
14
14
10
2
-3
-14
-16
-23
-24
-22
-21
-19
-23
-18
-14
-7
4
12
22
25
30
30
27
22
11
6
-7
-14
-24
-33
-38
-40
-34
-29
-18
-6
3
15
21
29
31
32
35
27
24
17
9
4
-7
-12
-20
-30
-28
-31
-25
-18
-12
1
4
12
22
23
29
26
24
21
13
8
-1
-4
-7
-5
-4
-8
-9
-15
-14
-14
-13
-8
-10
-8
-10
-10
-4
-6
3
7
9
14
6
7
4
2
9
3
7
0
-6
-5
-16
-11
-14
-15
-7
-14
-6
-7
-9
1
-2
11
17
20
27
19
22
16
11
9
-5
-8
-20
-28
-27
-32
-25
-13
-5
11
18
19
24
19
21
19
20
17
6
4
-9
-12
-11
-21
-12
-17
-18
-12
-20
-17
-12
-9
1
12
17
19
21
13
13
9
4
5
-2
-4
-4
-3
0
-2
1
-2
-1
1
-7
-4
-5
-9
-4
-4
-1
1
-1
2
4
6
10
6
10
6
2
8
-2
1
0
-3
4
-2
-1
-6
-11
-9
-11
-2
-6
-1
5
-3
10
12
12
23
23
19
15
8
-8
-8
-17
-24
-19
-29
-21
-21
-18
0
-3
20
20
20
32
10
23
11
9
16
-6
11
-9
-8
-5
-21
-4
-16
-11
-6
-13
-4
-10
-1
3
0
13
2
9
10
-4
13
-6
-3
3
-16
4
-9
-10
2
-15
-7
-8
-6
-5
-6
1
-6
-2
-6
7
4
-11
23
8
7
22
4
14
-6
2
9
-10
10
-9
-7
-9
-22
-2
-19
-3
0
-13
6
-7
2
7
18
26
18
36
18
20
14
-6
5
-24
-18
-15
-40
-24
-29
-21
-9
-6
17
8
11
27
10
13
21
9
19
10
12
8
-10
4
-9
-7
-3
-15
-7
-15
-12
-9
-3
8
4
25
16
16
24
3
10
9
-2
-3
-2
-5
-17
-3
-15
-16
-2
-21
0
-9
-16
7
-13
-1
-3
-1
6
5
21
3
21
11
8
17
-7
15
-4
-17
3
-16
-23
-10
-21
-17
-9
-16
7
-9
-3
18
-5
24
14
5
27
-2
27
10
2
14
-26
5
-16
-20
-16
-34
-1
-22
-14
1
0
11
3
31
7
3
22
-13
7
2
-1
13
-12
10
-11
-15
3
-17
1
-14
-14
1
-25
1
2
-5
18
3
16
24
6
7
7
-2
0
13
-5
0
5
-22
6
-9
-12
13
-28
4
-10
-30
27
-13
5
28
-5
29
12
14
24
4
15
9
-7
-7
-16
-24
-17
-20
-17
-4
-16
-12
2
-10
13
15
-12
34
4
-15
31
-8
12
18
0
29
-2
-7
-1
-21
-13
-18
-21
4
-15
-36
16
-6
-21
28
2
13
6
2
28
-22
26
26
-21
44
5
-17
17
-28
-31
-19
-19
-11
-33
-5
12
-31
16
37
-6
29
37
10
20
5
9
6
-8
10
-21
-19
3
-47
-28
-4
-44
-24
-7
-5
6
-10
26
28
2
49
39
12
39
8
6
16
-18
6
-12
-28
3
-30
-7
1
-34
13
-1
-14
13
-1
7
-9
8
33
0
24
32
-3
21
21
-7
19
-2
-34
8
-27
-46
-10
-33
-2
-17
-3
35
-25
17
10
-10
36
8
24
20
5
9
-5
11
-17
-14
-4
-20
-28
-32
3
-26
-17
13
8
16
-10
44
23
-9
37
13
25
0
12
33
-33
4
-19
-25
-28
-58
20
-52
-42
21
-53
2
-3
0
52
12
32
28
19
31
10
24
14
7
-7
-14
-2
-37
-43
-6
-20
-42
14
-5
-29
14
1
11
23
23
32
14
27
16
3
27
-5
1
19
-31
-17
-33
-29
-13
-48
9
-7
-24
16
-4
14
5
24
31
20
49
-4
33
33
-19
30
-14
-5
-27
-39
12
-88
-18
5
-68
24
-18
6
14
-6
68
-9
35
48
-15
52
13
-5
7
-19
-26
-39
-24
-32
-49
-26
1
-37
-12
46
-32
15
50
5
47
22
28
25
13
26
-1
5
-19
-18
-31
-36
-28
-49
-2
-41
-9
34
-33
59
22
9
59
2
29
4
34
10
-8
58
-31
-1
8
-37
-5
-50
-19
-43
-58
-16
-48
13
-8
0
58
-3
30
50
14
20
24
21
-8
1
22
-56
-3
15
-62
10
-45
-40
-30
-40
45
-77
41
71
-62
109
24
25
47
-34
80
-73
3
23
-121
34
-85
-10
28
-87
84
-58
-21
46
-59
68
-1
64
55
-14
107
-28
35
4
-53
73
-98
1
-1
-48
35
-109
59
-2
-62
68
-54
82
-46
-31
137
-109
61
45
-32
95
-42
55
38
-24
-11
-6
27
-103
27
0
-99
37
-41
-24
1
-1
37
7
79
-10
27
80
-89
50
28
-69
40
-33
-1
-25
-83
56
-41
-14
89
-40
52
-8
-5
90
-37
28
18
30
-15
-62
63
-67
-42
26
-36
41
-35
-32
54
5
-28
10
70
-39
-41
61
2
-41
-8
47
-30
-64
42
11
-50
5
26
23
15
-12
57
0
-42
8
-31
19
-58
-54
52
-53
-5
16
40
43
-35
100
-7
-18
44
-61
62
-32
-38
67
-18
-1
-23
46
-27
-47
64
-91
15
21
-41
89
-38
23
29
-47
10
-16
21
-72
-11
52
-90
25
24
-13
48
-8
95
27
-54
53
-13
-6
-36
20
19
-79
44
-63
26
31
-116
80
-28
-27
55
-5
40
-30
26
20
-20
35
0
16
-72
1
43
-138
24
47
-65
40
42
26
6
32
5
23
58
-82
61
16
-102
37
-83
10
12
-102
97
-4
-65
62
15
-9
-24
21
33
-34
5
27
28
-31
-7
88
-61
-35
94
-47
-25
56
-23
10
42
-30
27
37
-75
-1
44
-84
-33
36
-50
-28
57
21
4
61
53
14
27
21
-21
4
-10
-49
21
-17
-60
-16
-27
4
-27
-33
56
14
-38
-4
66
-15
-38
110
-6
-2
15
-74
45
-58
-77
53
-32
-72
1
33
-28
16
52
4
19
31
6
-11
18
-10
-26
58
-11
-62
76
-27
-34
56
-51
23
-15
-9
46
-19
4
-21
51
-63
-49
101
-59
-2
34
-6
28
-36
12
68
21
-30
52
18
-108
54
-33
-100
118
-114
-79
126
-119
-6
87
-68
74
59
-69
112
45
-128
139
17
-134
149
-86
-106
95
-164
-33
55
-113
22
77
-13
24
72
-6
47
49
11
63
-74
-12
28
-90
-24
-12
0
-54
48
65
-100
100
-33
-52
85
-78
69
-50
2
100
-113
61
9
-58
57
-6
-9
23
27
-6
32
-25
-20
106
-103
-12
124
-147
-28
19
-75
5
-57
9
44
-7
10
57
45
-40
83
19
-18
74
-84
69
18
-175
78
-48
-113
85
-80
-29
43
-107
25
39
-49
69
61
30
52
1
55
-5
-73
66
-23
-139
37
-14
-78
25
-60
80
18
-74
152
-45
12
73
-91
51
-11
-29
33
11
15
-15
0
5
45
-56
-4
83
-148
45
31
-108
41
-3
62
-54
-17
65
-29
-35
-4
80
-9
-48
121
-45
-29
41
-56
35
6
-54
-31
-24
-25
-96
-2
48
-41
36
79
-15
34
34
40
16
64
30
37
2
-77
21
-92
-93
61
-77
-7
-34
-16
39
-42
72
12
88
73
-28
136
-16
-2
96
-88
-18
46
-86
-81
15
-29
-95
43
-6
-75
96
-5
8
96
-37
37
44
-10
26
-1
5
-43
5
-16
-65
44
-81
8
-1
-97
49
-73
47
27
-39
67
-39
-56
103
-26
-62
153
38
-85
82
21
-73
51
-22
29
11
-50
-2
-58
-40
0
-19
-17
31
8
-18
37
19
-26
22
108
-18
23
130
-53
-22
0
-41
-14
-84
-5
-16
-44
-35
-22
67
-107
18
161
-93
56
85
-65
15
24
2
-68
44
43
-56
27
2
15
-127
-5
85
-167
87
31
-84
122
-29
20
31
-22
88
-1
8
12
-12
-17
-84
49
-17
-102
104
18
-90
66
-8
-95
77
7
-36
86
-46
30
3
-63
129
-102
-2
150
-131
32
44
-111
60
-6
-8
75
-78
13
16
-43
35
-54
-7
46
-26
-42
85
-23
-46
138
-90
74
62
-159
152
-40
-108
35
-29
15
-85
108
13
-109
102
-66
71
32
-53
113
-44
29
-9
3
11
-129
115
-16
-67
58
-72
0
-61
47
29
-78
118
-48
-10
111
-31
-2
46
18
-50
13
39
-134
11
82
-138
29
7
-64
25
-11
69
-79
55
46
-90
104
-42
7
30
-15
52
-37
-23
24
-19
-65
57
-43
-70
105
-75
-3
87
-130
21
65
-103
49
25
-64
46
38
-52
-8
105
-51
8
65
-73
72
-18
-11
57
-53
10
-2
8
10
2
-24
6
14
-113
65
30
-145
129
18
-107
140
-63
-10
139
-69
59
37
-22
46
-9
-3
-6
16
-43
-25
20
-34
-23
-3
11
-28
-3
-8
-24
11
-3
39
8
-11
64
17
8
27
-4
39
-3
-51
19
-20
-78
-31
-31
-2
-31
-12
50
-73
29
23
-19
46
-35
26
44
31
-44
17
55
-29
47
-9
43
-28
-27
53
-116
59
-20
-95
99
-85
-9
25
-41
35
-11
86
-35
-24
107
-54
9
59
-9
-4
-20
-1
25
-83
-61
58
3
-51
6
80
-37
-40
44
-12
8
-33
34
33
-70
38
-51
1
79
-100
71
53
-101
81
23
-76
40
15
-37
35
-27
-15
67
-98
-17
67
-88
22
25
-23
13
-22
2
36
20
-76
66
18
-66
86
-60
-8
47
-68
26
26
-57
28
5
-40
72
-68
-41
47
-40
19
-5
-13
8
16
9
8
17
18
33
-33
45
45
-41
41
-6
-4
28
-17
2
-33
7
-8
-13
26
-32
6
-3
32
9
-22
65
-27
-11
38
-13
30
-3
-35
16
21
-18
-37
4
10
-11
-3
15
-22
-13
2
-26
15
-24
6
-9
-27
24
-20
38
-39
14
58
-51
82
-10
-16
56
-28
36
-55
-16
15
-38
-3
-98
33
-31
-76
73
-43
9
-11
18
53
-55
46
3
29
23
-31
94
-51
-30
35
-26
26
-68
22
31
-76
-11
11
41
-60
-7
102
-56
-13
39
-18
33
-51
40
99
-69
40
27
-24
20
-46
51
24
-74
31
44
-86
-36
51
-56
-26
23
1
27
-41
3
48
-40
-12
49
31
-45
-5
39
-40
-9
-20
12
42
-76
25
44
-61
18
0
6
11
-60
24
16
-36
-29
19
36
-70
35
48
-56
19
5
15
11
-2
26
-1
0
-19
1
8
-11
20
6
20
-11
-53
36
19
-28
33
15
13
-4
-17
50
-30
-24
114
10
-37
55
-2
2
-2
-25
70
-23
-34
89
-17
-74
34
26
-49
24
7
-16
11
-42
37
14
-56
-4
39
24
-51
44
14
-61
61
-22
-15
15
-63
42
-18
-68
4
-18
-29
-22
32
-8
-21
26
14
61
-39
-15
68
-49
-28
2
17
-33
-39
24
-45
6
-26
-24
43
-49
31
46
-16
19
-26
33
32
-28
41
33
-9
8
21
-25
-27
6
-9
-13
-30
-22
11
-33
-36
40
-9
-8
39
27
38
12
30
0
13
28
-18
40
-29
-8
44
-43
10
-13
-33
19
-13
17
-16
-27
20
0
5
-10
18
22
-18
41
26
-20
15
1
-3
10
-14
5
-7
-34
-7
-8
-22
-20
-7
-1
-13
-12
4
10
-21
-13
15
-16
0
13
4
46
-6
-20
68
13
-18
34
2
-6
4
-23
-4
-5
-66
-14
35
-43
-22
14
-23
18
22
-15
21
5
-24
42
26
-26
32
10
-30
26
14
6
22
-12
8
33
-19
-10
33
-29
-35
27
-3
-29
4
-18
-12
4
-20
53
5
-43
39
27
14
-10
-4
8
-13
3
-2
13
-14
-26
8
-2
-10
-18
-2
3
-15
10
8
-8
-12
-19
18
9
-24
22
14
-25
4
-12
-9
6
-31
15
1
-35
32
-4
19
13
-46
63
15
-21
58
4
-30
-5
22
4
-13
-27
8
40
-37
20
61
-20
-6
9
41
22
-22
6
10
3
-35
8
16
-24
4
6
44
11
-1
45
18
-1
13
44
-5
-8
25
-5
13
-20
-22
25
-37
-8
45
-26
-25
7
-6
-22
-41
1
20
-31
-22
12
-7
-32
1
29
-11
-9
10
5
29
-5
-15
16
-16
-2
28
-1
-11
-17
-15
18
3
-23
-11
-10
-6
3
-26
-10
16
-33
10
27
-24
8
-3
-8
13
-1
-12
-4
12
-21
-12
26
-4
-14
7
-11
-12
7
-1
-5
-5
-6
-12
-13
-17
-10
-4
-22
12
12
-8
10
3
-3
-3
-2
-2
8
10
-2
3
9
5
2
23
7
4
25
11
13
-9
-16
4
-9
4
15
-5
-15
-22
-15
7
-1
-4
3
-11
2
12
-9
-6
-14
-10
23
11
-16
-2
0
-14
20
13
-11
8
-10
8
11
-25
16
12
-12
23
9
2
20
8
7
19
19
25
46
21
3
34
6
6
38
11
19
13
-17
8
11
-10
21
26
-7
9
19
7
13
12
17
29
15
11
9
-12
10
14
12
9
-17
-7
-9
-5
-1
-9
-12
-13
-7
-17
-9
-15
-19
-3
-31
-16
-5
-23
-16
-32
-20
-5
5
1
-27
-12
-33
-20
1
-36
-21
-22
-19
-17
-32
-13
-26
-13
6
-5
4
-1
0
-3
0
9
-6
-1
6
-2
-11
-4
5
-3
-1
10
10
9
25
27
9
19
23
20
36
40
30
31
31
31
45
45
55
74
63
61
56
64
56
50
57
53
87
61
37
55
43
57
41
60
67
34
73
52
48
58
30
47
37
55
47
43
35
-13
2
-23
-9
-4
-22
13
-19
-13
-15
-60
-61
-64
-28
-28
-71
-63
-75
-110
-134
-151
-147
-162
-164
-128
-121
-180
-175
-148
-183
-145
-142
-150
-101
-147
-142
-146
-204
-195
-231
-235
-203
-262
-305
-286
-321
-388
-388
-452
-480
-456
-522
-515
-545
-546
-516
-547
-507
-506
-485
-458
-394
-323
-297
-225
-182
-129
-87
11
96
120
215
236
286
400
432
493
531
582
672
697
683
708
726
701
769
819
831
841
823
842
778
768
751
700
740
703
721
709
602
601
599
572
588
593
587
574
578
582
557
540
515
520
521
466
462
449
367
340
318
253
220
164
111
62
-68
-138
-192
-283
-338
-443
-504
-555
-660
-693
-763
-877
-980
-1079
-1157
-1268
-1381
-1548
-1691
-1892
-2153
-2245
-2377
-2426
-2327
-2322
-2326
-2337
-2366
-2261
-2013
-1772
-1400
-1015
-813
-533
-203
30
342
680
967
1362
1653
1869
2131
2127
2094
2174
2193
2209
2221
2128
1942
1679
1389
1207
937
607
460
310
109
-36
-208
-464
-686
-826
-872
-750
-743
-749
-615
-682
-661
-552
-455
-217
-60
146
390
564
704
786
878
929
1074
1250
1306
1369
1293
1143
1046
921
822
765
679
531
436
294
100
-31
-233
-348
-367
-372
-294
-299
-413
-448
-439
-410
-249
-86
43
220
266
325
496
512
578
754
823
942
1028
1016
965
831
755
736
720
668
534
389
130
-53
-155
-398
-581
-789
-1000
-1201
-1485
-1658
-1885
-2153
-2366
-2522
-2611
-2796
-2897
-2987
-3095
-3037
-2951
-2766
-2657
-2606
-2368
-2141
-1827
-1428
-1008
-629
-352
48
440
761
1099
1390
1675
1924
2159
2364
2425
2380
2288
2205
2156
2062
1928
1710
1372
1036
754
498
255
-25
-286
-452
-603
-745
-833
-942
-1046
-1036
-894
-698
-526
-402
-263
-99
65
316
542
743
928
1035
1223
1351
1404
1472
1445
1409
1391
1362
1279
1136
908
669
539
356
231
44
-250
-356
-556
-678
-636
-713
-730
-813
-833
-747
-706
-543
-398
-310
-169
32
206
325
482
585
747
967
1131
1341
1416
1407
1463
1481
1473
1489
1493
1395
1298
1177
1013
843
600
428
328
136
-47
-192
-455
-738
-995
-1261
-1458
-1673
-1912
-2069
-2268
-2531
-2690
-2837
-3025
-3163
-3278
-3312
-3239
-3103
-2952
-2823
-2792
-2714
-2380
-2013
-1609
-1115
-710
-392
-97
268
637
941
1248
1548
1838
2079
2232
2261
2186
2032
1908
1929
1870
1678
1444
1095
742
417
164
15
-152
-333
-491
-573
-674
-808
-853
-821
-683
-500
-288
-68
22
124
302
519
787
1025
1277
1454
1532
1602
1678
1774
1737
1718
1733
1589
1510
1376
1114
896
653
516
393
215
36
-218
-433
-643
-682
-649
-666
-557
-595
-620
-603
-586
-413
-257
-112
78
310
442
511
591
676
802
947
1169
1331
1357
1278
1213
1183
1153
1211
1196
1130
1018
839
716
558
350
204
59
-86
-173
-321
-540
-792
-1078
-1312
-1520
-1699
-1846
-2065
-2361
-2593
-2769
-2981
-3241
-3442
-3537
-3591
-3496
-3274
-3085
-3034
-3055
-2893
-2563
-2107
-1568
-1077
-671
-397
-84
323
698
1044
1343
1687
1993
2192
2316
2276
2161
2016
2002
2069
1993
1764
1386
1011
625
304
127
-45
-227
-450
-604
-716
-877
-1007
-1045
-903
-675
-427
-156
-15
-3
72
357
677
922
1272
1516
1552
1574
1594
1716
1786
1782
1826
1764
1641
1431
1200
962
650
473
357
224
-8
-316
-521
-823
-1023
-931
-855
-794
-790
-830
-806
-775
-672
-460
-197
7
211
499
638
640
704
840
1060
1264
1443
1569
1483
1330
1264
1325
1419
1398
1350
1263
1106
883
713
626
451
323
286
201
1
-292
-496
-621
-804
-957
-1043
-1251
-1564
-1798
-1970
-2163
-2361
-2511
-2653
-2866
-3131
-3358
-3476
-3467
-3344
-3133
-2934
-2897
-2909
-2732
-2392
-1927
-1394
-953
-612
-331
-19
365
721
1044
1411
1760
2011
2177
2154
2051
1932
1766
1842
1914
1711
1444
1054
672
372
77
-1
-96
-346
-473
-533
-628
-769
-813
-668
-472
-240
-1
255
357
327
504
846
1176
1415
1589
1724
1742
1684
1718
1829
1827
1775
1752
1667
1484
1224
914
642
443
304
223
75
-134
-418
-698
-845
-882
-817
-794
-762
-713
-721
-654
-496
-275
-109
54
319
550
669
721
797
896
988
1147
1357
1420
1295
1196
1179
1121
1016
1048
1130
951
740
658
521
369
247
268
296
134
40
-49
-264
-441
-477
-424
-538
-778
-958
-1171
-1492
-1773
-1835
-1946
-2245
-2464
-2627
-2887
-3202
-3398
-3358
-3262
-3202
-3015
-2863
-2912
-2880
-2608
-2131
-1594
-1169
-748
-435
-272
26
473
929
1247
1501
1804
1956
1963
1913
1861
1828
1762
1794
1784
1500
1055
653
417
244
111
50
-115
-405
-665
-751
-724
-735
-698
-519
-321
-232
-96
53
97
244
509
857
1139
1224
1330
1403
1394
1461
1607
1716
1698
1632
1531
1397
1225
1041
967
831
692
568
327
116
-115
-301
-378
-455
-472
-455
-487
-499
-527
-564
-421
-216
-58
73
204
312
346
433
556
745
882
929
1047
1070
970
910
930
960
948
963
999
899
650
541
539
445
395
423
392
281
132
46
-27
-176
-249
-223
-313
-506
-694
-874
-1124
-1415
-1572
-1702
-1917
-2137
-2381
-2654
-2994
-3275
-3339
-3286
-3222
-3143
-3090
-3164
-3194
-2988
-2563
-2014
-1537
-1205
-913
-632
-341
83
553
978
1328
1571
1759
1850
1864
1858
1854
1844
1859
1876
1630
1223
949
741
549
415
322
152
-139
-379
-472
-482
-527
-596
-529
-410
-331
-198
-67
32
132
287
614
952
1079
1135
1232
1358
1510
1621
1735
1801
1697
1563
1554
1572
1438
1281
1122
907
758
564
389
269
74
-45
-134
-246
-322
-474
-564
-462
-358
-274
-161
-126
-154
-111
29
235
389
471
565
576
548
638
745
769
789
870
974
982
869
837
880
810
775
850
867
768
644
622
578
440
327
287
240
118
10
-115
-366
-664
-867
-1018
-1252
-1535
-1790
-2064
-2411
-2700
-2868
-3118
-3419
-3565
-3613
-3641
-3588
-3474
-3389
-3386
-3266
-2814
-2239
-1815
-1468
-1116
-789
-431
60
618
1046
1290
1512
1803
2023
2125
2156
2139
2114
2093
2099
1956
1558
1191
957
752
512
312
185
-94
-492
-720
-757
-772
-836
-804
-652
-592
-604
-441
-167
-5
158
468
841
1101
1202
1340
1531
1624
1764
2003
2109
2025
1855
1706
1666
1592
1402
1249
1129
919
659
394
176
33
-119
-215
-211
-333
-563
-657
-676
-701
-640
-524
-388
-283
-273
-210
-92
27
261
468
533
587
582
553
660
768
802
833
853
890
864
822
864
879
869
892
973
922
768
754
726
639
537
459
447
266
65
-6
-229
-523
-688
-788
-997
-1359
-1708
-1959
-2250
-2587
-2739
-2843
-3172
-3543
-3724
-3788
-3790
-3651
-3410
-3280
-3325
-3233
-2809
-2288
-1812
-1361
-982
-651
-300
173
749
1168
1415
1718
2019
2200
2286
2280
2233
2151
2087
2088
1953
1580
1150
820
546
328
111
-63
-220
-566
-815
-871
-936
-1020
-996
-786
-617
-508
-381
-224
-31
172
510
936
1223
1412
1595
1733
1871
1999
2119
2249
2260
2194
2097
1910
1746
1611
1441
1272
1083
911
699
348
34
-222
-549
-863
-1058
-1138
-1269
-1569
-1800
-1872
-1956
-1980
-1788
-1425
-1059
-810
-629
-462
-332
-87
447
1099
1539
1642
1591
1590
1645
1793
2105
2373
2369
2132
1851
1690
1546
1319
1264
1357
1224
880
561
273
34
-54
36
149
-10
-361
-565
-641
-728
-790
-834
-874
-979
-1176
-1352
-1579
-1880
-2077
-2153
-2156
-2190
-2407
-2743
-3077
-3349
-3453
-3393
-3170
-2825
-2642
-2744
-2938
-3051
-2803
-2080
-1236
-603
-406
-598
-606
-201
412
1119
1611
1791
1885
1877
1888
1933
1797
1749
1942
2095
2036
1598
919
447
266
346
601
608
211
-336
-729
-672
-402
-356
-317
-154
-118
-74
96
264
391
510
851
1396
1632
1536
1520
1659
1836
2021
2263
2429
2262
1917
1752
1734
1679
1579
1444
1221
840
365
-26
-261
-406
-576
-884
-1219
-1551
-1990
-2296
-2289
-2112
-1790
-1452
-1349
-1508
-1708
-1515
-723
279
962
1061
777
620
830
1371
2049
2389
2215
1901
1699
1564
1484
1435
1392
1388
1359
1151
689
104
-246
-141
202
417
308
-105
-645
-967
-829
-442
-217
-254
-440
-714
-1038
-1149
-957
-851
-980
-1117
-1263
-1523
-1878
-2163
-2250
-2355
-2531
-2652
-2900
-3279
-3528
-3496
-3212
-3000
-2964
-2905
-2814
-2577
-2108
-1564
-1045
-675
-434
-125
252
730
1236
1568
1839
2089
2227
2310
2353
2386
2378
2248
2169
2115
1882
1529
1144
801
627
588
525
297
-69
-413
-598
-558
-389
-283
-318
-394
-324
-121
30
192
468
732
944
1160
1319
1365
1353
1426
1647
1834
1840
1763
1641
1489
1349
1154
973
829
693
589
423
61
-354
-632
-769
-716
-681
-796
-906
-1091
-1190
-1068
-914
-729
-589
-439
-187
-117
-90
150
314
494
813
1024
1109
1064
1030
1186
1312
1356
1396
1293
1157
1068
986
947
835
662
501
389
354
275
143
3
-105
-232
-379
-402
-391
-514
-693
-789
-916
-1171
-1391
-1501
-1681
-1986
-2215
-2330
-2551
-2916
-3233
-3444
-3597
-3572
-3322
-3161
-3360
-3674
-3650
-3243
-2643
-2077
-1731
-1580
-1439
-1037
-412
186
632
970
1272
1611
1988
2152
2182
2164
2179
2467
2612
2394
2038
1653
1393
1258
1172
1089
838
410
40
-163
-210
-257
-412
-448
-365
-392
-391
-239
-112
7
222
533
907
1149
1207
1357
1650
1889
2065
2253
2389
2342
2183
2140
2197
2187
2114
1980
1687
1247
774
407
181
-52
-368
-794
-1320
-1798
-2234
-2633
-2768
-2600
-2226
-1828
-1761
-1998
-2188
-2031
-1244
-49
859
1058
714
442
662
1285
2113
2728
2694
2259
1954
1885
1899
1902
1882
1842
1743
1464
949
387
-1
-125
33
275
235
-197
-775
-1141
-1057
-689
-415
-314
-410
-801
-1201
-1193
-917
-807
-950
-1102
-1242
-1563
-1976
-2205
-2254
-2342
-2523
-2720
-3006
-3430
-3742
-3712
-3434
-3232
-3266
-3344
-3298
-3058
-2583
-2038
-1531
-1070
-760
-481
-43
507
1053
1507
1934
2293
2375
2364
2455
2538
2653
2742
2614
2376
2098
1754
1423
1127
971
964
761
340
22
-232
-457
-482
-340
-173
-198
-410
-431
-247
-79
201
572
857
1015
1076
1201
1432
1621
1798
1998
2125
2140
2003
1749
1589
1558
1507
1415
1229
768
164
-213
-297
-270
-355
-686
-1106
-1366
-1446
-1431
-1345
-1234
-1257
-1360
-1238
-955
-785
-656
-433
-62
373
577
586
689
887
1141
1449
1726
1820
1635
1354
1239
1311
1425
1417
1287
1093
761
428
328
383
377
237
95
29
-154
-450
-560
-447
-372
-411
-416
-432
-668
-971
-1016
-894
-904
-1073
-1283
-1582
-1959
-2213
-2317
-2460
-2749
-3155
-3520
-3738
-3826
-3773
-3692
-3784
-3922
-3837
-3496
-2987
-2456
-2074
-1830
-1540
-1056
-411
197
684
1089
1413
1800
2280
2582
2654
2659
2723
2945
3124
2984
2618
2235
1959
1790
1648
1507
1219
691
178
-50
-69
-181
-406
-474
-435
-481
-477
-314
-95
40
140
423
850
1147
1278
1398
1576
1778
1955
2117
2235
2220
2051
1892
1907
1917
1640
1175
848
752
656
397
78
-254
-639
-959
-1064
-961
-908
-1121
-1386
-1411
-1314
-1221
-1044
-782
-575
-496
-425
-191
97
234
308
511
835
1044
970
895
969
926
870
1030
1175
1068
776
589
672
708
531
416
410
340
153
55
76
-50
-245
-278
-198
-232
-362
-447
-570
-695
-696
-640
-701
-907
-1189
-1495
-1727
-1842
-1937
-2176
-2595
-3031
-3385
-3591
-3594
-3481
-3442
-3654
-3877
-3759
-3399
-2893
-2345
-1930
-1663
-1449
-1069
-507
89
612
1090
1537
1793
2034
2352
2513
2570
2688
2981
3171
2892
2466
2208
1975
1724
1566
1494
1300
791
188
-94
-147
-295
-472
-491
-445
-595
-820
-753
-479
-276
-99
243
653
817
827
1056
1447
1771
1992
2158
2313
2329
2132
2024
2161
2213
1930
1537
1272
1028
679
367
212
4
-394
-799
-1022
-1064
-1163
-1331
-1379
-1338
-1311
-1328
-1266
-1081
-947
-766
-432
-138
48
159
202
312
607
947
1166
1234
1225
1198
1138
1158
1313
1409
1326
1129
957
811
612
505
547
544
465
331
116
-99
-256
-330
-339
-357
-364
-351
-447
-651
-777
-793
-847
-945
-1000
-1123
-1414
-1717
-1905
-2088
-2389
-2776
-3107
-3297
-3392
-3434
-3449
-3581
-3858
-3984
-3712
-3159
-2613
-2196
-1925
-1754
-1474
-989
-345
372
1021
1385
1531
1812
2098
2321
2538
2641
2832
3042
2904
2511
2168
1979
1770
1547
1574
1545
1084
500
41
-183
-166
-207
-272
-280
-401
-578
-604
-388
-132
69
282
544
866
1019
1089
1335
1637
1898
2112
2355
2613
2569
2276
2204
2341
2358
2138
1774
1391
886
370
86
-164
-610
-1270
-2012
-2496
-2626
-2515
-2241
-2061
-2192
-2574
-2866
-2553
-1626
-622
40
187
-22
-136
124
763
1575
2167
2296
2082
1792
1667
1720
1736
1746
1921
1992
1642
1090
675
352
96
153
514
668
278
-363
-759
-780
-574
-245
62
87
-235
-583
-655
-478
-246
-108
-127
-313
-634
-991
-1279
-1449
-1557
-1727
-1936
-2189
-2628
-3239
-3765
-3897
-3626
-3384
-3417
-3635
-3875
-3859
-3503
-2919
-2194
-1688
-1548
-1379
-913
-203
490
979
1363
1657
1958
2341
2563
2635
2647
2574
2670
2834
2665
2327
2011
1608
1314
1340
1390
1091
565
173
-64
-238
-223
-142
-228
-376
-506
-538
-353
-127
98
427
689
911
1186
1362
1543
1816
1981
2143
2394
2527
2519
2361
2130
2109
2093
1859
1679
1448
936
290
-270
-525
-728
-1182
-1549
-1819
-2280
-2899
-3480
-3596
-3233
-2736
-2040
-1499
-1648
-2171
-2369
-1645
-158
1150
1768
1662
1082
695
920
1741
2766
3116
2612
2022
1695
1541
1514
1415
1346
1446
1282
819
481
99
-406
-554
-230
242
478
208
-356
-764
-818
-472
129
604
671
319
-135
-276
-106
56
6
-193
-470
-926
-1426
-1731
-1995
-2468
-3081
-3510
-3642
-3811
-4112
-4366
-4651
-4812
-4654
-4402
-4124
-3731
-3395
-3102
-2597
-1861
-1158
-687
-251
405
1173
1868
2416
2724
2942
3173
3305
3509
3792
3754
3420
3132
2983
2760
2253
1749
1566
1394
942
443
134
-130
-507
-730
-588
-380
-459
-718
-761
-535
-323
-68
403
879
1099
1100
1198
1568
1962
2208
2419
2611
2599
2307
2043
2029
1995
1765
1457
1106
666
135
-327
-557
-682
-921
-1290
-1661
-1913
-2056
-2102
-2026
-1911
-1830
-1773
-1768
-1670
-1339
-1014
-806
-494
-135
128
343
529
733
964
1157
1365
1538
1555
1410
1201
1123
1173
1170
1110
1015
865
667
379
221
366
474
386
364
355
191
26
37
199
331
312
276
254
71
-156
-223
-227
-325
-558
-911
-1329
-1738
-2049
-2294
-2660
-3146
-3584
-3995
-4351
-4429
-4268
-4193
-4337
-4556
-4613
-4321
-3718
-3029
-2407
-1912
-1568
-1224
-685
4
751
1469
2028
2463
2862
3164
3344
3454
3584
3789
3900
3797
3596
3257
2731
2241
1886
1651
1489
1144
625
145
-319
-660
-776
-806
-771
-724
-762
-752
-685
-567
-295
94
476
786
1030
1277
1499
1660
1818
1972
2064
2105
2150
2188
2121
1872
1508
1083
683
465
354
126
-275
-764
-1200
-1504
-1721
-1758
-1693
-1752
-1865
-1905
-1829
-1667
-1464
-1285
-997
-637
-347
-71
148
395
523
583
844
1205
1513
1553
1501
1462
1371
1302
1290
1393
1384
1254
1110
857
615
461
407
332
236
249
111
-136
-251
-276
-261
-239
-183
-134
-190
-359
-494
-520
-584
-733
-927
-1158
-1450
-1743
-2007
-2342
-2804
-3278
-3704
-4036
-4113
-4008
-3905
-3972
-4190
-4406
-4402
-3977
-3322
-2577
-1976
-1690
-1437
-1091
-594
114
924
1601
2063
2450
2783
3037
3152
3189
3307
3457
3545
3487
3323
3071
2614
1998
1486
1381
1388
1132
808
448
30
-436
-804
-770
-523
-365
-340
-312
-260
-290
-247
-5
495
949
1137
1374
1595
1657
1633
1638
1828
2036
2076
2044
1933
1604
1136
740
555
487
318
25
-336
-730
-1125
-1442
-1566
-1526
-1508
-1600
-1677
-1631
-1504
-1391
-1270
-1065
-811
-573
-334
-47
288
510
523
582
861
1189
1357
1350
1368
1393
1243
1133
1231
1252
1073
856
725
670
540
381
300
186
28
-48
-12
16
-21
-195
-379
-444
-430
-335
-284
-226
-237
-448
-677
-841
-966
-1180
-1437
-1621
-1865
-2279
-2792
-3283
-3734
-4053
-4103
-3938
-3790
-3898
-4205
-4444
-4356
-3839
-3128
-2466
-1933
-1586
-1313
-955
-366
414
1110
1638
2066
2482
2901
3193
3338
3399
3448
3495
3459
3380
3310
3125
2662
2090
1735
1515
1176
788
534
327
21
-303
-527
-608
-646
-686
-593
-473
-377
-194
2
253
530
690
806
989
1250
1519
1709
1776
1811
1780
1697
1689
1646
1489
1246
967
690
488
363
126
-217
-532
-760
-929
-1058
-1136
-1227
-1346
-1432
-1422
-1331
-1223
-1132
-1007
-825
-634
-403
-114
136
253
310
545
874
1062
1165
1261
1336
1288
1176
1239
1298
1229
1154
1084
1039
908
704
591
539
419
278
205
87
-12
-79
-169
-199
-225
-252
-291
-362
-432
-556
-730
-926
-1124
-1302
-1489
-1741
-2047
-2401
-2807
-3230
-3623
-3940
-4122
-4110
-4013
-4033
-4130
-4152
-4072
-3828
-3357
-2782
-2274
-1841
-1454
-1002
-403
263
903
1404
1749
2060
2432
2905
3290
3488
3561
3461
3254
3012
2884
2850
2681
2350
1920
1574
1247
810
431
206
66
-152
-402
-492
-468
-532
-640
-553
-321
-105
69
288
574
785
923
1096
1341
1597
1719
1773
1854
1920
1955
1928
1911
1843
1594
1269
931
677
499
329
168
-104
-449
-800
-1050
-1107
-1105
-1132
-1235
-1355
-1386
-1356
-1223
-1001
-791
-696
-711
-625
-376
-107
78
242
449
574
563
601
773
915
938
956
1066
1135
1025
921
959
937
793
720
717
667
530
341
225
174
119
54
2
-101
-207
-277
-378
-403
-384
-450
-621
-821
-929
-1104
-1397
-1634
-1784
-1961
-2247
-2592
-2939
-3263
-3544
-3725
-3724
-3608
-3578
-3637
-3572
-3343
-3073
-2792
-2460
-2095
-1696
-1189
-594
-26
486
913
1251
1576
1934
2331
2682
2904
3094
3239
3198
3068
2951
2806
2646
2466
2258
2034
1730
1367
1062
833
603
334
89
-82
-207
-309
-370
-379
-356
-319
-235
-62
165
341
427
500
653
892
1146
1371
1538
1603
1543
1426
1368
1387
1395
1326
1223
1060
838
560
282
77
-132
-311
-467
-617
-769
-952
-1070
-1144
-1202
-1201
-1115
-992
-924
-905
-847
-689
-487
-270
-33
163
290
371
443
562
715
801
838
917
971
938
868
808
772
720
642
616
601
485
310
171
92
20
-78
-130
-105
-92
-153
-248
-310
-371
-420
-387
-287
-242
-343
-587
-843
-1032
-1180
-1292
-1455
-1739
-2083
-2465
-2864
-3192
-3412
-3541
-3605
-3619
-3589
-3520
-3409
-3261
-3065
-2797
-2460
-2059
-1606
-1129
-616
-92
392
842
1270
1681
2070
2434
2778
3015
3103
3158
3207
3202
3171
3075
2869
2593
2277
1984
1781
1606
1357
1070
793
484
158
-58
-143
-201
-288
-374
-401
-357
-303
-268
-189
-40
103
206
338
552
785
952
1045
1118
1195
1225
1177
1132
1134
1109
1005
834
649
473
246
-13
-174
-274
-412
-584
-732
-817
-874
-940
-973
-944
-888
-837
-781
-690
-564
-446
-335
-205
-73
14
89
226
396
499
543
619
695
685
629
629
666
617
521
504
514
451
332
212
140
69
-14
1
74
100
73
-9
-80
-92
-117
-147
-127
-100
-101
-143
-223
-295
-400
-622
-879
-1056
-1212
-1464
-1785
-2114
-2467
-2867
-3249
-3486
-3584
-3643
-3706
-3743
-3675
-3475
-3225
-2934
-2573
-2206
-1878
-1545
-1110
-515
125
698
1247
1752
2147
2457
2730
2982
3206
3384
3479
3474
3406
3307
3132
2868
2585
2308
2019
1723
1447
1171
867
537
216
-48
-229
-356
-444
-465
-438
-429
-420
-346
-229
-138
-72
27
165
294
420
587
784
931
997
1024
1027
1002
952
864
742
635
550
440
308
190
47
-171
-405
-552
-604
-627
-655
-671
-680
-716
-782
-803
-722
-580
-460
-369
-273
-185
-135
-93
-20
60
114
165
247
328
379
428
469
473
440
418
441
447
415
396
349
262
227
251
259
244
220
209
204
196
206
213
199
174
142
95
46
-17
-109
-229
-350
-472
-640
-862
-1081
-1300
-1554
-1845
-2179
-2516
-2834
-3136
-3361
-3502
-3623
-3689
-3668
-3579
-3391
-3105
-2786
-2462
-2134
-1751
-1313
-844
-324
241
782
1242
1642
2042
2439
2771
3018
3197
3311
3317
3214
3083
2976
2833
2605
2332
2061
1779
1489
1221
968
728
490
223
-26
-178
-244
-305
-383
-392
-336
-316
-269
-128
14
86
100
123
213
311
401
537
672
730
725
699
657
579
460
335
241
182
106
-8
-116
-195
-272
-345
-390
-415
-457
-516
-552
-549
-522
-479
-400
-303
-235
-206
-175
-124
-63
11
92
168
212
193
131
106
162
255
340
416
448
399
325
316
362
385
367
350
352
357
373
396
391
354
328
327
329
317
275
194
115
79
69
31
-33
-120
-260
-443
-601
-710
-852
-1074
-1296
-1468
-1639
-1842
-2121
-2454
-2773
-3076
-3322
-3431
-3431
-3419
-3443
-3430
-3255
-2937
-2585
-2206
-1773
-1340
-965
-594
-148
346
811
1222
1599
1974
2339
2652
2887
3057
3164
3168
3055
2889
2737
2594
2401
2148
1873
1613
1378
1181
1020
864
665
412
162
-15
-98
-123
-122
-107
-90
-92
-109
-79
13
93
136
181
226
239
237
261
296
319
341
350
334
321
291
230
156
54
-48
-132
-206
-227
-226
-254
-260
-239
-242
-252
-254
-267
-297
-307
-262
-204
-174
-149
-110
-59
-16
14
39
67
92
95
85
108
155
184
201
245
299
322
333
387
458
500
520
541
561
541
507
513
528
522
496
435
374
312
215
119
22
-97
-185
-258
-368
-489
-597
-700
-809
-923
-1043
-1178
-1348
-1527
-1680
-1820
-1986
-2187
-2428
-2704
-2946
-3122
-3233
-3243
-3163
-3034
-2858
-2620
-2309
-1939
-1541
-1140
-753
-380
-1
371
762
1162
1498
1777
2041
2297
2529
2715
2870
2963
2912
2746
2553
2365
2147
1890
1658
1443
1214
1034
894
740
568
385
222
93
-8
-39
-39
-68
-99
-109
-76
-12
63
160
222
210
192
178
183
226
255
255
242
222
194
148
102
99
94
21
-99
-192
-232
-263
-317
-352
-331
-291
-258
-213
-156
-114
-122
-167
-173
-115
-60
-29
12
70
112
147
197
242
268
259
217
197
221
255
294
341
374
394
398
392
418
463
463
443
448
447
420
401
409
390
309
212
150
110
66
7
-89
-203
-304
-420
-552
-657
-744
-836
-930
-994
-1020
-1056
-1145
-1265
-1381
-1493
-1600
-1702
-1817
-1971
-2162
-2351
-2504
-2590
-2606
-2571
-2495
-2367
-2177
-1920
-1594
-1214
-824
-472
-174
109
424
773
1112
1404
1651
1860
2050
2240
2405
2522
2557
2477
2328
2162
1979
1798
1621
1407
1159
913
717
575
472
410
356
277
194
129
107
106
92
89
97
109
162
238
280
280
252
196
122
74
89
117
107
77
44
5
-38
-50
-43
-70
-113
-149
-205
-252
-241
-216
-211
-206
-182
-133
-62
30
133
208
224
217
216
221
253
300
322
342
367
359
361
392
392
365
343
329
326
325
322
321
303
287
292
303
306
299
292
276
251
240
221
180
128
69
18
-28
-85
-128
-176
-257
-344
-428
-520
-592
-646
-698
-747
-780
-798
-826
-880
-934
-983
-1046
-1117
-1183
-1250
-1351
-1502
-1678
-1846
-2003
-2129
-2189
-2192
-2150
-2059
-1945
-1787
-1541
-1218
-860
-516
-212
73
348
601
855
1116
1331
1496
1651
1818
1979
2104
2164
2144
2037
1859
1672
1517
1359
1145
917
732
577
463
383
307
243
192
140
133
178
214
213
197
167
150
146
148
161
170
148
110
76
47
20
-17
-60
-85
-99
-125
-132
-110
-89
-99
-126
-164
-213
-231
-216
-180
-116
-53
-15
32
94
150
205
255
290
321
358
399
430
441
443
433
408
374
352
352
365
376
380
358
313
256
200
160
155
169
173
175
178
167
142
127
118
84
40
7
-16
-17
-16
-48
-111
-198
-305
-396
-469
-526
-568
-611
-662
-721
-774
-808
-822
-816
-810
-822
-828
-820
-805
-779
-761
-783
-855
-980
-1130
-1287
-1447
-1577
-1654
-1695
-1717
-1714
-1669
-1571
-1417
-1195
-918
-624
-336
-64
176
387
573
717
832
958
1105
1252
1388
1514
1587
1580
1522
1431
1327
1227
1111
995
871
738
631
543
460
394
329
275
236
237
277
320
321
309
276
199
134
80
47
31
-9
-24
-43
-81
-115
-142
-148
-163
-166
-122
-66
-6
35
28
-3
-57
-110
-105
-64
6
107
204
321
423
485
538
561
569
569
569
615
674
717
731
693
620
546
464
397
365
344
328
298
244
171
77
1
-68
-120
-126
-104
-59
-31
-31
-36
-72
-139
-201
-242
-280
-300
-295
-283
-277
-306
-376
-457
-538
-610
-649
-627
-573
-532
-515
-518
-545
-578
-602
-611
-598
-558
-509
-462
-444
-469
-535
-662
-857
-1064
-1243
-1399
-1506
-1569
-1621
-1663
-1693
-1696
-1628
-1477
-1256
-982
-691
-399
-117
134
348
505
623
719
834
982
1144
1309
1440
1508
1498
1427
1327
1212
1103
998
892
792
704
616
517
412
311
230
177
174
226
299
366
380
359
293
177
79
7
-11
-11
-28
-46
-69
-89
-119
-136
-130
-114
-81
-38
36
127
194
204
165
111
86
105
172
265
360
439
502
554
595
616
606
576
543
536
557
589
621
601
528
440
326
235
177
141
128
114
89
43
-24
-108
-171
-200
-201
-161
-103
-62
-46
-50
-79
-126
-191
-243
-266
-273
-261
-237
-240
-272
-318
-373
-432
-476
-502
-509
-493
-461
-429
-411
-414
-445
-475
-490
-489
-467
-423
-378
-358
-378
-442
-569
-749
-937
-1140
-1335
-1494
-1608
-1681
-1767
-1836
-1864
-1853
-1752
-1578
-1332
-1032
-734
-454
-203
21
214
345
464
608
759
930
1100
1265
1386
1419
1395
1326
1256
1197
1113
1014
929
835
723
615
485
371
283
197
169
182
217
256
266
255
209
146
73
-1
-31
-52
-71
-67
-77
-75
-67
-61
-39
12
88
175
299
422
518
570
558
526
484
479
507
546
614
678
725
742
731
701
662
623
585
564
546
525
496
452
391
321
251
184
130
92
71
58
37
-8
-70
-144
-221
-274
-287
-268
-230
-203
-186
-178
-205
-257
-310
-363
-402
-400
-356
-304
-269
-262
-281
-328
-383
-421
-429
-415
-386
-338
-284
-269
-294
-325
-353
-372
-372
-364
-336
-289
-264
-287
-378
-534
-718
-931
-1172
-1387
-1562
-1724
-1864
-1985
-2086
-2125
-2084
-1959
-1736
-1448
-1142
-828
-525
-241
21
236
397
552
718
891
1095
1321
1506
1618
1661
1632
1555
1472
1379
1269
1144
991
821
657
476
309
180
65
-13
-27
-7
51
128
173
188
161
100
68
70
90
135
171
178
184
195
205
228
247
228
218
243
285
361
450
498
520
512
495
537
627
721
784
801
788
755
706
647
582
536
492
437
428
448
444
413
337
239
157
77
32
32
24
-11
-58
-106
-148
-175
-188
-199
-194
-169
-138
-104
-78
-92
-128
-182
-239
-254
-231
-191
-133
-93
-92
-105
-127
-169
-214
-226
-219
-218
-213
-182
-143
-139
-188
-257
-314
-354
-384
-412
-417
-416
-479
-603
-767
-992
-1271
-1570
-1840
-2044
-2203
-2337
-2434
-2498
-2508
-2433
-2257
-1987
-1645
-1261
-886
-537
-198
118
391
614
779
934
1122
1335
1560
1771
1926
2000
1954
1808
1638
1473
1291
1096
897
696
488
283
105
-32
-141
-228
-276
-256
-180
-88
-8
38
42
37
41
63
124
208
283
343
396
449
498
527
559
597
631
687
773
840
857
837
778
677
578
536
538
550
573
607
636
645
627
575
492
398
316
262
248
255
225
138
39
-44
-110
-151
-141
-93
-63
-55
-37
-57
-116
-171
-246
-292
-275
-230
-152
-62
-10
4
-22
-75
-111
-144
-158
-133
-94
-69
-61
-58
-68
-114
-183
-239
-267
-259
-204
-138
-109
-127
-185
-268
-359
-418
-445
-476
-502
-505
-526
-597
-760
-1027
-1352
-1726
-2079
-2321
-2478
-2563
-2600
-2643
-2646
-2563
-2381
-2063
-1653
-1213
-764
-359
19
395
696
911
1077
1201
1338
1537
1774
2024
2227
2302
2263
2122
1891
1643
1400
1134
859
587
321
73
-140
-311
-459
-582
-647
-630
-525
-349
-170
-53
-2
12
1
-8
36
138
256
381
519
658
772
854
891
887
877
911
993
1078
1125
1105
1005
844
672
529
431
388
396
432
477
520
536
500
410
296
188
120
102
114
128
115
49
-49
-126
-170
-195
-192
-152
-92
-16
48
47
-15
-109
-211
-276
-271
-199
-97
-17
16
29
18
-35
-92
-131
-149
-123
-39
58
134
159
127
48
-58
-147
-176
-166
-136
-101
-91
-116
-177
-284
-427
-573
-718
-844
-926
-980
-1098
-1363
-1761
-2216
-2656
-3011
-3224
-3287
-3248
-3143
-2976
-2731
-2392
-1986
-1572
-1173
-758
-315
142
602
1051
1420
1649
1767
1859
1970
2114
2272
2434
2531
2516
2403
2190
1874
1491
1059
597
187
-107
-302
-428
-529
-636
-771
-883
-930
-890
-766
-613
-427
-240
-102
19
117
205
299
401
554
750
972
1228
1431
1528
1519
1433
1343
1252
1180
1122
1045
968
874
744
582
404
215
47
-45
-33
61
144
210
232
181
71
-51
-104
-108
-91
-37
20
80
106
88
27
-61
-139
-201
-208
-149
-60
10
25
22
-17
-62
-87
-76
-16
49
144
229
269
269
218
171
106
61
69
92
158
177
151
78
-48
-169
-313
-408
-429
-434
-412
-422
-470
-596
-789
-994
-1249
-1545
-1895
-2276
-2651
-3017
-3307
-3532
-3680
-3750
-3733
-3555
-3218
-2693
-2050
-1383
-744
-235
181
518
853
1219
1551
1870
2133
2377
2600
2784
2927
2941
2843
2645
2384
2091
1774
1439
1037
545
3
-482
-860
-1129
-1266
-1298
-1264
-1188
-1080
-949
-804
-679
-568
-446
-275
-17
316
664
1007
1316
1535
1685
1807
1908
1990
2050
2067
2021
1892
1671
1360
972
554
141
-252
-595
-876
-1112
-1302
-1428
-1475
-1443
-1324
-1107
-785
-371
96
560
945
1202
1318
1310
1214
1088
985
906
823
736
651
563
463
351
222
77
-53
-143
-194
-204
-193
-197
-225
-252
-239
-157
-23
148
354
534
657
712
689
615
511
387
274
176
119
105
78
16
-88
-258
-502
-789
-1084
-1374
-1660
-1965
-2326
-2778
-3285
-3783
-4218
-4536
-4681
-4647
-4482
-4210
-3807
-3274
-2654
-2007
-1375
-773
-194
372
926
1463
1962
2372
2650
2820
2939
3044
3116
3127
3070
2925
2663
2292
1831
1317
778
219
-310
-728
-996
-1138
-1186
-1195
-1170
-1125
-1092
-1033
-892
-680
-423
-147
139
458
792
1104
1398
1672
1907
2083
2188
2241
2236
2149
1958
1674
1346
1012
673
381
164
-6
-141
-269
-413
-554
-663
-728
-752
-733
-646
-490
-301
-118
33
150
232
299
376
453
524
585
621
616
566
481
364
228
103
-1
-81
-131
-169
-208
-241
-282
-308
-295
-252
-148
13
203
411
598
747
850
904
916
899
871
835
756
642
512
346
143
-80
-316
-525
-679
-775
-813
-839
-918
-1062
-1265
-1532
-1830
-2123
-2444
-2837
-3286
-3741
-4135
-4392
-4454
-4354
-4161
-3892
-3492
-2925
-2210
-1420
-658
-12
496
906
1274
1648
2037
2394
2654
2814
2937
3060
3152
3140
2969
2631
2177
1687
1221
784
347
-121
-612
-1050
-1321
-1394
-1329
-1197
-1032
-857
-668
-445
-187
80
319
522
712
952
1276
1620
1894
2051
2097
2053
1963
1867
1762
1608
1378
1102
842
624
420
204
-41
-298
-531
-676
-706
-663
-608
-554
-510
-460
-353
-155
87
327
539
705
817
900
953
933
830
663
484
347
274
235
180
78
-62
-200
-288
-310
-288
-252
-219
-167
-70
73
229
376
478
534
594
691
804
904
969
957
847
675
487
285
79
-114
-284
-427
-538
-627
-732
-888
-1105
-1369
-1663
-1961
-2234
-2532
-2945
-3474
-4031
-4516
-4816
-4839
-4623
-4289
-3878
-3370
-2749
-1986
-1129
-343
246
661
967
1233
1564
1985
2368
2583
2638
2616
2587
2557
2473
2258
1887
1397
874
395
8
-310
-630
-956
-1199
-1256
-1090
-782
-470
-233
-70
68
241
503
837
1176
1459
1662
1805
1974
2173
2278
2194
1939
1578
1184
864
681
606
552
418
173
-79
-204
-204
-184
-204
-256
-311
-343
-300
-148
62
224
306
378
504
688
867
922
809
613
424
236
67
-22
-64
-141
-234
-266
-227
-177
-191
-289
-391
-391
-274
-86
154
418
629
750
846
992
1152
1223
1180
1090
1016
977
947
875
716
484
222
-31
-229
-372
-530
-769
-1043
-1249
-1349
-1376
-1393
-1443
-1533
-1631
-1719
-1805
-1947
-2227
-2707
-3350
-3985
-4393
-4444
-4166
-3709
-3226
-2775
-2299
-1728
-1055
-355
233
603
785
945
1228
1629
2015
2253
2282
2154
1989
1860
1722
1462
1012
419
-185
-664
-948
-1052
-1067
-1060
-1020
-860
-522
-66
377
706
904
1046
1245
1570
1991
2402
2683
2796
2787
2715
2560
2271
1828
1280
714
233
-82
-245
-350
-467
-584
-665
-681
-604
-449
-305
-226
-150
7
275
622
957
1196
1322
1373
1390
1395
1378
1262
979
582
188
-125
-345
-500
-629
-761
-887
-963
-965
-921
-882
-871
-855
-755
-499
-103
341
746
1072
1324
1543
1762
1939
2007
1950
1815
1664
1565
1512
1393
1117
719
274
-158
-527
-840
-1113
-1404
-1698
-1924
-2050
-2029
-1976
-1965
-2022
-2125
-2195
-2265
-2367
-2602
-3024
-3537
-3970
-4116
-3860
-3282
-2632
-2096
-1675
-1281
-833
-311
179
494
613
650
747
990
1381
1752
1891
1751
1461
1146
834
508
123
-342
-844
-1254
-1452
-1428
-1273
-1097
-959
-799
-497
-17
539
1035
1433
1764
2062
2378
2757
3149
3419
3479
3361
3132
2831
2457
1955
1308
616
12
-441
-728
-846
-868
-890
-922
-887
-753
-562
-356
-152
71
344
699
1108
1489
1773
1921
1912
1780
1599
1415
1193
887
496
73
-324
-655
-910
-1103
-1269
-1415
-1501
-1502
-1420
-1290
-1157
-1032
-867
-599
-232
180
591
958
1246
1463
1646
1799
1894
1912
1854
1730
1592
1497
1423
1272
985
592
142
-317
-716
-1010
-1217
-1380
-1522
-1632
-1687
-1697
-1715
-1788
-1905
-2024
-2147
-2310
-2554
-2915
-3382
-3862
-4189
-4209
-3855
-3217
-2532
-1998
-1594
-1171
-655
-88
421
760
918
1020
1189
1475
1826
2066
2004
1648
1200
800
444
59
-393
-877
-1312
-1619
-1738
-1653
-1464
-1334
-1283
-1143
-747
-105
610
1222
1701
2111
2500
2885
3280
3604
3705
3524
3180
2829
2499
2073
1460
694
-65
-637
-920
-947
-862
-838
-922
-990
-877
-550
-131
228
472
673
939
1323
1765
2122
2261
2160
1933
1712
1543
1377
1133
766
325
-102
-464
-727
-893
-1058
-1306
-1553
-1631
-1507
-1296
-1109
-943
-751
-491
-168
204
599
941
1148
1243
1343
1510
1666
1704
1630
1526
1434
1352
1266
1129
854
419
-70
-485
-775
-985
-1181
-1378
-1534
-1590
-1541
-1429
-1325
-1310
-1422
-1621
-1829
-2021
-2262
-2640
-3185
-3819
-4334
-4497
-4191
-3521
-2757
-2154
-1772
-1439
-947
-259
440
929
1152
1244
1382
1652
1997
2238
2172
1763
1204
738
448
187
-211
-754
-1291
-1688
-1904
-1927
-1804
-1673
-1596
-1446
-1036
-350
416
1062
1541
1915
2262
2635
3037
3365
3490
3393
3150
2845
2520
2146
1635
958
244
-298
-560
-606
-602
-649
-715
-711
-591
-356
-24
344
672
942
1217
1554
1891
2088
2070
1914
1746
1588
1387
1142
885
586
216
-180
-523
-766
-943
-1130
-1328
-1432
-1410
-1325
-1198
-1020
-848
-697
-478
-151
211
528
761
895
956
993
1027
1056
1073
1069
1060
1061
1060
1016
894
675
367
11
-332
-600
-774
-892
-1005
-1111
-1171
-1174
-1153
-1162
-1232
-1369
-1540
-1695
-1823
-2021
-2399
-2991
-3707
-4367
-4765
-4731
-4221
-3406
-2596
-2006
-1587
-1126
-486
244
876
1310
1591
1819
2072
2374
2615
2569
2128
1453
835
432
152
-187
-648
-1131
-1548
-1881
-2083
-2078
-1949
-1853
-1747
-1392
-697
137
875
1428
1783
2047
2327
2620
2933
3210
3291
3155
2907
2610
2263
1807
1203
526
-74
-447
-603
-663
-676
-657
-622
-548
-397
-138
204
537
799
1027
1272
1518
1654
1578
1315
922
468
61
-186
-136
182
476
527
389
183
20
-34
-31
-113
-278
-369
-351
-329
-322
-353
-494
-631
-526
-151
331
781
1097
1236
1284
1319
1346
1367
1371
1339
1306
1303
1319
1294
1116
711
201
-212
-481
-642
-680
-669
-752
-935
-1114
-1287
-1537
-1866
-2211
-2523
-2761
-2911
-3032
-3229
-3570
-4059
-4584
-4886
-4735
-4077
-3049
-1969
-1199
-795
-457
57
702
1303
1726
1940
2027
2093
2165
2196
2039
1509
663
-142
-627
-868
-1119
-1489
-1897
-2225
-2431
-2437
-2150
-1705
-1373
-1136
-673
191
1214
2046
2580
2846
2902
2894
2939
3050
3135
2988
2539
2006
1555
1119
603
-19
-692
-1243
-1505
-1398
-992
-515
-160
34
191
453
861
1380
1920
2333
2568
2732
2901
2974
2817
2409
1859
1312
867
534
311
145
-114
-556
-1044
-1394
-1585
-1680
-1677
-1578
-1434
-1252
-974
-609
-276
-72
21
134
391
765
1119
1361
1444
1338
1092
846
675
559
460
335
204
206
333
408
347
170
-52
-238
-381
-463
-478
-508
-588
-688
-754
-743
-729
-801
-960
-1133
-1263
-1352
-1426
-1526
-1732
-2105
-2715
-3538
-4356
-4951
-5109
-4655
-3730
-2730
-2015
-1714
-1609
-1311
-655
173
912
1501
1977
2344
2638
2807
2634
2024
1175
425
4
-137
-296
-661
-1145
-1591
-1939
-2138
-2154
-2016
-1737
-1324
-741
105
1090
1821
2115
2219
2401
2653
2899
3129
3257
3134
2744
2264
1821
1303
567
-275
-936
-1243
-1219
-961
-607
-375
-372
-437
-251
337
1111
1742
2139
2395
2627
2839
2936
2843
2504
1973
1523
1287
1079
753
298
-261
-773
-1093
-1274
-1407
-1490
-1543
-1575
-1501
-1258
-928
-617
-352
-182
-69
133
399
638
856
967
956
976
1030
1016
953
859
736
679
718
756
728
626
373
-30
-382
-556
-660
-778
-863
-915
-965
-996
-1019
-1021
-980
-1008
-1159
-1256
-1217
-1208
-1368
-1692
-2198
-2951
-3842
-4580
-4872
-4536
-3726
-2838
-2133
-1760
-1697
-1563
-1075
-330
423
983
1377
1759
2120
2339
2283
1856
1152
457
72
34
48
-187
-660
-1153
-1529
-1772
-1840
-1724
-1516
-1263
-825
-103
746
1398
1704
1802
1942
2238
2592
2851
2955
2879
2622
2250
1848
1383
753
-5
-671
-1034
-1042
-812
-534
-342
-238
-152
58
509
1112
1621
1938
2163
2390
2617
2775
2738
2453
2035
1658
1428
1288
1039
548
-25
-425
-609
-711
-810
-931
-1100
-1260
-1292
-1159
-954
-750
-526
-267
14
282
488
633
735
793
820
853
911
933
877
786
666
540
469
417
385
365
265
127
-31
-266
-463
-579
-683
-773
-855
-887
-854
-844
-904
-1022
-1167
-1296
-1403
-1480
-1627
-1966
-2466
-3087
-3759
-4292
-4481
-4114
-3222
-2267
-1681
-1470
-1367
-1114
-600
97
683
952
1021
1031
1055
1096
912
391
-192
-562
-674
-623
-624
-855
-1222
-1496
-1551
-1366
-1026
-722
-501
-184
332
944
1509
1906
2055
2018
1988
2114
2343
2446
2246
1804
1339
972
668
348
-20
-386
-652
-727
-544
-165
208
428
572
823
1235
1725
2170
2445
2522
2446
2262
2106
2029
1875
1550
1176
913
758
550
208
-150
-416
-535
-469
-292
-192
-246
-345
-436
-476
-430
-426
-482
-427
-262
-108
6
65
67
49
78
154
237
333
402
425
486
559
566
536
480
419
419
415
337
236
136
-20
-217
-358
-413
-454
-520
-581
-592
-569
-611
-772
-991
-1193
-1385
-1617
-1910
-2280
-2783
-3429
-4047
-4295
-3954
-3157
-2280
-1670
-1419
-1318
-1070
-554
118
705
1014
1064
1040
1054
999
724
209
-411
-845
-908
-780
-805
-1132
-1558
-1820
-1849
-1627
-1216
-830
-497
-118
372
984
1503
1731
1818
1943
2151
2395
2511
2378
2021
1564
1172
897
659
352
-28
-345
-476
-395
-186
21
181
360
646
1066
1531
1913
2135
2236
2325
2405
2442
2407
2239
1989
1760
1556
1413
1249
903
466
100
-137
-217
-247
-319
-395
-459
-507
-517
-521
-527
-529
-505
-389
-193
-26
62
84
114
204
279
294
320
339
334
367
386
326
280
261
203
179
239
283
242
117
-91
-272
-332
-344
-379
-385
-374
-395
-430
-500
-627
-733
-832
-1020
-1202
-1309
-1528
-1938
-2473
-3125
-3730
-4032
-3895
-3309
-2488
-1789
-1424
-1301
-1113
-732
-235
310
711
861
882
853
773
572
131
-430
-868
-1050
-1029
-1065
-1335
-1694
-1922
-1962
-1854
-1584
-1159
-727
-369
9
512
1055
1454
1731
2018
2316
2550
2596
2420
2138
1806
1506
1282
1014
671
300
-90
-322
-289
-151
-36
68
203
447
857
1377
1855
2140
2212
2212
2286
2366
2313
2186
2082
1954
1845
1795
1583
1102
525
23
-200
-124
-56
-107
-158
-274
-476
-579
-566
-595
-660
-630
-434
-103
177
207
57
-41
-17
119
341
528
546
439
338
292
285
218
53
-50
7
95
118
75
-94
-413
-718
-823
-716
-555
-460
-400
-340
-357
-500
-708
-894
-1036
-1143
-1251
-1370
-1578
-2054
-2774
-3448
-3861
-3884
-3423
-2664
-2002
-1625
-1474
-1364
-994
-291
352
694
894
1019
1026
933
656
204
-226
-521
-658
-662
-759
-1167
-1708
-1992
-1976
-1836
-1612
-1325
-977
-487
58
483
796
1026
1200
1492
1990
2460
2644
2491
2062
1553
1203
979
710
407
139
-69
-130
-58
-1
34
122
266
537
1007
1571
2056
2359
2472
2446
2346
2224
2089
1959
1856
1740
1604
1490
1384
1119
614
95
-184
-181
35
245
270
176
39
-54
-8
45
-19
-83
-26
160
365
406
257
50
-84
-61
72
188
272
267
132
29
39
-1
-67
-17
94
207
238
112
-87
-173
-175
-189
-162
-148
-168
-290
-426
-483
-598
-816
-1148
-1421
-1552
-1694
-2014
-2567
-3158
-3711
-4084
-3989
-3422
-2670
-2086
-1821
-1753
-1543
-1052
-459
207
790
1140
1279
1237
1124
812
233
-405
-795
-846
-724
-676
-968
-1441
-1836
-2086
-2093
-1892
-1597
-1198
-651
-13
571
949
1110
1153
1204
1400
1727
2056
2252
2216
1945
1536
1066
602
256
133
211
380
538
575
463
340
371
585
925
1350
1815
2197
2403
2408
2230
1944
1690
1621
1731
1794
1708
1514
1205
861
570
289
108
125
195
251
312
251
89
-71
-159
-127
-6
99
164
180
81
-23
-145
-253
-226
-137
49
278
357
287
171
71
12
15
70
123
134
99
4
-148
-326
-489
-557
-461
-286
-180
-211
-337
-488
-642
-809
-951
-1073
-1224
-1421
-1773
-2257
-2831
-3535
-4107
-4303
-4024
-3347
-2638
-2186
-1985
-1830
-1547
-1052
-448
106
557
911
1195
1342
1233
831
273
-186
-403
-460
-519
-666
-873
-1086
-1259
-1384
-1469
-1481
-1348
-1014
-500
75
543
844
1081
1350
1574
1673
1710
1759
1821
1836
1856
1792
1482
961
408
89
2
89
255
392
500
502
477
511
676
970
1320
1674
1910
2018
1968
1782
1598
1457
1377
1406
1510
1522
1348
991
573
319
301
393
468
488
466
425
358
269
142
-11
-71
46
238
316
201
-7
-174
-240
-193
-54
103
194
269
427
585
596
454
292
269
351
350
239
86
-108
-277
-326
-309
-312
-354
-414
-470
-549
-713
-945
-1171
-1341
-1461
-1608
-1871
-2294
-2836
-3310
-3492
-3321
-2953
-2610
-2388
-2226
-1988
-1605
-1152
-780
-583
-473
-248
141
511
679
591
353
152
56
-4
-123
-355
-606
-712
-731
-815
-935
-1044
-1126
-1092
-881
-557
-242
37
340
653
951
1198
1335
1406
1482
1541
1587
1620
1553
1410
1298
1237
1181
1040
842
721
689
738
872
967
974
976
971
990
1035
1011
958
975
1061
1150
1155
1093
1030
985
979
954
863
767
668
605
673
718
599
466
389
278
167
63
-64
-138
-123
-87
-108
-206
-328
-428
-488
-476
-425
-380
-334
-262
-145
1
86
57
-3
-1
56
133
200
180
56
-56
-80
-54
-47
-89
-170
-239
-281
-333
-421
-505
-565
-615
-680
-771
-885
-1016
-1168
-1334
-1488
-1605
-1676
-1707
-1714
-1707
-1703
-1696
-1681
-1666
-1665
-1665
-1638
-1544
-1372
-1175
-1013
-895
-812
-755
-667
-511
-362
-288
-267
-279
-331
-397
-472
-590
-712
-750
-682
-538
-379
-265
-198
-119
-7
126
297
489
641
763
896
1016
1079
1078
1082
1110
1138
1228
1370
1479
1552
1585
1623
1698
1724
1734
1760
1674
1509
1398
1347
1322
1273
1176
1078
1019
998
977
953
897
811
822
903
946
1005
1049
1029
1030
1047
1045
1047
1035
1004
945
859
770
653
491
300
91
-93
-223
-320
-366
-348
-354
-451
-569
-605
-556
-472
-364
-241
-148
-133
-144
-105
-74
-139
-249
-314
-353
-444
-591
-804
-1107
-1433
-1722
-1962
-2106
-2197
-2303
-2373
-2419
-2504
-2550
-2507
-2364
-2088
-1808
-1675
-1607
-1548
-1484
-1312
-1072
-907
-832
-788
-697
-522
-355
-299
-333
-357
-320
-278
-280
-310
-379
-489
-573
-603
-640
-702
-721
-643
-471
-244
-11
218
460
706
942
1170
1365
1517
1663
1812
1952
2089
2168
2106
1952
1832
1775
1773
1822
1862
1814
1706
1600
1512
1444
1382
1344
1383
1490
1540
1473
1374
1305
1237
1159
1101
1046
972
917
881
798
622
412
235
101
9
-50
-91
-118
-131
-143
-165
-180
-168
-135
-106
-110
-154
-209
-237
-230
-210
-218
-277
-370
-465
-546
-617
-673
-684
-634
-543
-475
-462
-497
-559
-616
-647
-644
-615
-592
-605
-670
-809
-1009
-1257
-1494
-1657
-1761
-1799
-1780
-1790
-1857
-1970
-2088
-2082
-1922
-1710
-1527
-1424
-1361
-1259
-1118
-986
-900
-839
-747
-600
-405
-245
-189
-190
-180
-145
-129
-166
-207
-240
-281
-260
-234
-285
-359
-428
-474
-463
-365
-226
-71
109
317
593
870
1101
1265
1396
1529
1664
1859
2077
2225
2245
2160
2039
1902
1765
1648
1565
1496
1418
1325
1221
1113
1020
956
907
856
825
819
839
852
852
846
823
797
745
676
603
539
518
513
474
379
273
199
169
161
139
88
15
-3
47
107
134
88
31
1
-8
1
-27
-74
-121
-166
-184
-236
-323
-415
-474
-478
-496
-534
-608
-702
-749
-757
-757
-807
-908
-1021
-1138
-1226
-1305
-1398
-1502
-1602
-1669
-1713
-1746
-1755
-1708
-1619
-1540
-1474
-1435
-1415
-1379
-1276
-1117
-1007
-935
-858
-752
-620
-500
-408
-377
-379
-354
-281
-191
-152
-181
-233
-259
-255
-248
-256
-259
-238
-194
-150
-122
-113
-88
-2
157
366
580
773
938
1088
1245
1411
1566
1702
1826
1937
2029
2083
2096
2046
1930
1794
1681
1587
1499
1398
1287
1185
1099
1025
970
923
892
888
895
917
961
973
930
862
796
744
691
604
494
362
223
134
89
40
-16
-69
-107
-132
-155
-165
-159
-137
-102
-61
-21
-11
-43
-105
-175
-223
-238
-230
-221
-243
-278
-318
-395
-485
-565
-628
-644
-639
-666
-748
-911
-1112
-1304
-1497
-1672
-1821
-1922
-1933
-1897
-1890
-1927
-1988
-1991
-1882
-1722
-1571
-1473
-1418
-1326
-1176
-1026
-914
-852
-816
-749
-625
-499
-420
-393
-398
-417
-428
-430
-454
-495
-501
-477
-439
-394
-368
-353
-326
-266
-180
-77
54
216
380
524
652
783
917
1019
1121
1259
1405
1554
1697
1809
1894
1938
1921
1907
1925
1925
1898
1856
1773
1652
1517
1403
1319
1230
1135
1051
969
903
836
771
758
771
759
735
694
624
564
523
478
439
391
315
233
166
89
-23
-162
-292
-374
-402
-394
-383
-381
-394
-412
-390
-319
-253
-226
-212
-194
-179
-171
-175
-194
-228
-264
-297
-342
-390
-440
-495
-530
-558
-640
-766
-886
-1014
-1159
-1300
-1421
-1510
-1572
-1639
-1707
-1763
-1786
-1752
-1658
-1518
-1351
-1219
-1137
-1046
-922
-797
-697
-623
-550
-461
-381
-313
-274
-292
-325
-352
-357
-341
-322
-327
-344
-364
-399
-403
-399
-378
-306
-231
-130
-23
75
175
308
487
680
851
980
1070
1167
1304
1436
1536
1609
1656
1694
1729
1736
1711
1671
1606
1566
1532
1450
1365
1278
1195
1126
1034
942
845
786
781
778
773
734
693
691
698
690
641
579
535
501
474
422
336
243
172
108
29
-69
-157
-210
-229
-221
-216
-247
-302
-343
-314
-246
-194
-174
-169
-136
-101
-78
-85
-149
-213
-236
-228
-242
-309
-409
-509
-571
-621
-678
-747
-863
-972
-1082
-1204
-1318
-1439
-1528
-1563
-1585
-1635
-1715
-1785
-1790
-1727
-1633
-1524
-1434
-1373
-1294
-1168
-1038
-926
-831
-739
-605
-466
-348
-284
-273
-273
-277
-259
-227
-214
-226
-259
-298
-332
-343
-337
-322
-290
-230
-154
-90
-31
51
164
303
452
612
771
916
1058
1201
1317
1397
1472
1558
1659
1750
1811
1829
1784
1717
1657
1605
1562
1491
1406
1308
1196
1088
981
872
771
679
639
632
625
612
572
536
515
498
499
502
509
509
485
439
372
308
245
171
76
-34
-144
-234
-289
-325
-371
-412
-431
-427
-422
-420
-409
-384
-334
-249
-157
-105
-103
-119
-134
-168
-227
-301
-396
-495
-580
-653
-752
-897
-1075
-1250
-1399
-1518
-1607
-1642
-1619
-1582
-1570
-1581
-1601
-1594
-1521
-1389
-1244
-1122
-1019
-926
-825
-708
-601
-538
-508
-452
-337
-206
-125
-110
-145
-190
-202
-191
-191
-221
-258
-245
-193
-160
-150
-149
-159
-135
-58
37
121
201
309
451
598
729
835
921
1008
1119
1256
1391
1494
1576
1662
1729
1756
1744
1715
1686
1656
1627
1595
1526
1435
1346
1234
1111
994
880
787
704
629
574
516
458
410
362
327
300
282
281
275
261
241
196
163
166
172
146
74
-11
-83
-160
-243
-312
-376
-431
-459
-466
-472
-506
-548
-564
-534
-466
-382
-309
-256
-208
-159
-135
-152
-194
-237
-278
-328
-395
-490
-646
-849
-1050
-1252
-1445
-1586
-1666
-1702
-1720
-1741
-1755
-1750
-1712
-1627
-1499
-1336
-1157
-980
-817
-673
-552
-457
-380
-307
-226
-154
-84
-49
-41
-63
-105
-143
-202
-248
-292
-323
-323
-309
-276
-254
-233
-227
-208
-152
-75
36
146
258
391
522
622
707
796
867
951
1069
1172
1239
1291
1341
1376
1392
1396
1388
1352
1312
1305
1332
1333
1296
1245
1169
1080
972
883
817
753
716
690
632
550
469
390
315
248
190
165
154
139
139
142
126
90
57
38
22
23
41
44
27
9
-19
-79
-167
-222
-237
-260
-260
-229
-219
-238
-254
-255
-266
-283
-279
-228
-179
-162
-148
-166
-219
-303
-386
-467
-595
-730
-865
-1019
-1199
-1377
-1518
-1651
-1767
-1837
-1876
-1906
-1902
-1812
-1661
-1522
-1398
-1259
-1136
-1014
-844
-646
-475
-349
-234
-103
3
39
41
30
-5
-41
-52
-69
-112
-164
-206
-227
-235
-245
-250
-234
-188
-100
20
144
248
359
502
655
789
905
1007
1098
1206
1341
1471
1545
1567
1570
1563
1540
1517
1508
1495
1469
1451
1423
1350
1245
1157
1088
1020
970
948
923
867
805
757
714
641
548
469
409
354
305
270
229
155
66
-2
-53
-91
-105
-112
-143
-166
-162
-159
-157
-164
-198
-230
-249
-238
-197
-184
-205
-216
-222
-224
-228
-254
-285
-309
-300
-239
-182
-179
-217
-272
-336
-393
-432
-480
-576
-705
-833
-969
-1140
-1333
-1497
-1616
-1708
-1781
-1827
-1859
-1878
-1845
-1744
-1625
-1519
-1417
-1300
-1164
-1003
-820
-644
-496
-363
-224
-94
-13
9
12
17
17
14
12
-16
-75
-124
-159
-201
-246
-271
-269
-230
-152
-56
42
119
193
313
465
589
705
850
1003
1154
1308
1431
1497
1527
1550
1584
1621
1628
1615
1589
1534
1460
1380
1281
1164
1052
957
884
824
785
755
704
633
553
488
450
417
383
347
302
275
268
239
168
80
1
-72
-137
-162
-175
-203
-229
-247
-259
-297
-378
-434
-426
-375
-298
-222
-159
-107
-82
-69
-72
-108
-139
-123
-65
-1
49
82
63
-16
-102
-173
-254
-346
-399
-400
-428
-528
-678
-873
-1109
-1319
-1451
-1510
-1531
-1549
-1539
-1507
-1505
-1515
-1497
-1475
-1435
-1332
-1170
-989
-825
-683
-557
-478
-442
-394
-335
-288
-223
-134
-54
-19
-29
-72
-145
-241
-312
-333
-333
-306
-231
-148
-79
-33
-21
13
89
187
347
539
713
893
1058
1174
1248
1268
1280
1331
1390
1461
1549
1580
1565
1549
1491
1378
1258
1155
1088
1063
1053
1041
1010
954
888
812
721
627
562
543
559
594
626
622
565
481
408
353
282
214
183
172
183
172
72
-69
-199
-293
-329
-339
-325
-279
-232
-179
-124
-101
-104
-116
-108
-48
31
112
196
252
274
255
192
117
57
1
-39
-66
-118
-197
-293
-417
-569
-755
-951
-1130
-1288
-1425
-1508
-1557
-1602
-1658
-1725
-1787
-1827
-1818
-1743
-1625
-1490
-1331
-1177
-1076
-1000
-946
-888
-827
-767
-673
-575
-484
-419
-380
-380
-443
-516
-565
-580
-583
-570
-543
-521
-498
-468
-421
-388
-354
-307
-213
-48
117
296
495
662
815
941
1057
1157
1244
1381
1543
1681
1795
1868
1892
1867
1824
1778
1732
1686
1666
1659
1646
1603
1510
1385
1241
1103
982
901
846
816
821
796
742
674
575
484
410
357
333
321
289
254
183
56
-62
-167
-275
-365
-437
-465
-486
-530
-571
-596
-629
-666
-661
-635
-598
-531
-460
-398
-345
-302
-255
-233
-237
-213
-171
-142
-117
-99
-106
-160
-247
-334
-421
-520
-621
-718
-820
-937
-1059
-1178
-1304
-1412
-1473
-1502
-1513
-1518
-1498
-1422
-1321
-1215
-1101
-998
-908
-809
-702
-595
-500
-406
-315
-241
-189
-156
-153
-188
-221
-245
-260
-278
-302
-321
-361
-400
-420
-435
-444
-436
-367
-253
-144
-43
62
184
306
431
565
697
824
957
1114
1260
1361
1423
1483
1542
1566
1584
1596
1591
1594
1590
1576
1529
1442
1359
1276
1200
1130
1055
995
934
899
873
813
746
678
631
607
589
598
592
553
515
466
401
306
210
153
103
56
8
-53
-129
-197
-239
-288
-341
-384
-407
-387
-352
-311
-278
-276
-279
-274
-251
-233
-230
-228
-206
-177
-153
-136
-149
-191
-245
-309
-384
-465
-550
-618
-683
-793
-931
-1065
-1221
-1373
-1467
-1527
-1574
-1596
-1595
-1562
-1502
-1439
-1373
-1301
-1220
-1122
-993
-839
-699
-596
-488
-389
-336
-304
-282
-290
-304
-289
-267
-263
-293
-348
-413
-490
-563
-608
-633
-638
-598
-507
-402
-308
-228
-140
-32
100
263
435
594
764
948
1121
1275
1386
1465
1525
1577
1642
1713
1755
1767
1775
1760
1693
1583
1462
1347
1245
1175
1131
1087
1031
977
925
851
764
688
630
618
636
658
672
650
598
556
503
407
309
226
153
127
115
67
-10
-108
-205
-279
-354
-430
-488
-523
-499
-436
-400
-394
-400
-411
-414
-405
-383
-341
-289
-227
-161
-134
-168
-244
-331
-392
-434
-466
-477
-516
-594
-688
-819
-977
-1134
-1293
-1417
-1486
-1513
-1496
-1471
-1484
-1522
-1557
-1551
-1475
-1355
-1215
-1073
-945
-794
-631
-523
-472
-448
-422
-354
-272
-205
-154
-145
-155
-152
-192
-274
-364
-441
-454
-421
-393
-366
-335
-319
-299
-252
-199
-139
-45
102
293
497
675
816
930
1033
1134
1237
1337
1424
1524
1639
1746
1800
1787
1733
1664
1589
1514
1442
1376
1320
1279
1233
1171
1077
957
862
803
760
748
747
740
761
768
734
679
589
514
497
489
478
446
366
281
212
137
41
-87
-198
-228
-221
-236
-278
-341
-406
-451
-467
-486
-503
-489
-443
-374
-319
-290
-281
-303
-313
-312
-315
-315
-330
-323
-325
-358
-427
-533
-622
-714
-793
-866
-949
-1036
-1136
-1217
-1284
-1344
-1397
-1432
-1446
-1445
-1383
-1276
-1178
-1081
-991
-933
-856
-761
-666
-580
-526
-457
-372
-300
-235
-214
-240
-291
-328
-354
-381
-419
-441
-444
-427
-407
-433
-451
-438
-392
-310
-218
-133
-39
82
220
371
519
632
736
860
1008
1158
1270
1344
1409
1470
1519
1548
1537
1519
1515
1506
1500
1487
1418
1312
1225
1169
1102
1032
952
896
876
848
828
779
719
690
670
671
654
605
566
527
476
415
337
238
153
118
101
78
10
-97
-166
-207
-242
-301
-380
-429
-443
-400
-363
-365
-397
-435
-424
-394
-353
-335
-337
-316
-285
-256
-286
-356
-422
-469
-499
-561
-632
-714
-805
-869
-938
-1028
-1164
-1300
-1385
-1431
-1441
-1454
-1467
-1475
-1455
-1386
-1283
-1181
-1116
-1043
-948
-844
-722
-633
-575
-533
-492
-428
-380
-355
-353
-360
-350
-337
-323
-337
-383
-415
-421
-397
-376
-362
-340
-287
-197
-114
-39
27
95
206
336
473
604
721
850
996
1132
1244
1331
1403
1472
1542
1602
1639
1640
1640
1652
1641
1606
1539
1438
1357
1308
1264
1219
1146
1072
1035
993
943
902
847
791
766
757
735
688
628
580
534
470
377
265
165
108
71
32
-23
-94
-171
-255
-330
-390
-463
-527
-534
-505
-481
-473
-484
-507
-521
-513
-490
-476
-466
-432
-385
-342
-313
-328
-369
-402
-429
-454
-494
-554
-589
-614
-663
-730
-838
-985
-1130
-1234
-1260
-1243
-1252
-1269
-1266
-1253
-1211
-1141
-1070
-1001
-932
-844
-730
-620
-521
-439
-404
-400
-399
-383
-358
-344
-344
-337
-334
-353
-389
-449
-515
-554
-555
-509
-444
-379
-309
-228
-146
-75
-10
63
162
303
472
628
768
907
1041
1151
1235
1293
1326
1360
1425
1502
1548
1556
1547
1536
1495
1421
1342
1262
1192
1149
1129
1110
1066
1004
958
909
848
795
749
728
732
743
755
724
628
523
440
376
318
261
208
162
117
68
-1
-117
-252
-351
-407
-433
-459
-497
-519
-528
-513
-522
-572
-618
-636
-598
-548
-504
-478
-485
-470
-465
-485
-529
-585
-623
-634
-626
-655
-720
-799
-903
-1005
-1117
-1229
-1317
-1360
-1357
-1331
-1321
-1355
-1366
-1324
-1245
-1162
-1111
-1049
-949
-808
-643
-521
-449
-418
-396
-345
-276
-219
-209
-206
-197
-198
-198
-252
-338
-401
-421
-396
-357
-332
-298
-236
-162
-69
13
68
146
278
444
599
731
844
943
1045
1135
1222
1280
1330
1411
1481
1539
1566
1543
1528
1496
1444
1395
1345
1303
1260
1231
1216
1156
1069
980
930
902
857
807
746
715
731
734
699
624
523
451
416
368
300
238
190
163
139
70
-66
-216
-312
-349
-361
-386
-431
-479
-494
-478
-480
-510
-554
-583
-550
-470
-406
-376
-362
-364
-347
-329
-348
-399
-442
-450
-440
-433
-462
-537
-638
-727
-804
-917
-1027
-1123
-1162
-1139
-1147
-1185
-1236
-1269
-1247
-1184
-1117
-1055
-973
-874
-756
-650
-579
-526
-491
-440
-367
-309
-269
-246
-237
-233
-260
-321
-385
-437
-458
-450
-432
-406
-384
-371
-326
-257
-197
-135
-59
35
174
332
475
605
721
823
916
1008
1090
1162
1228
1290
1354
1411
1446
1452
1438
1416
1395
1372
1350
1330
1299
1273
1237
1197
1145
1078
1011
939
897
848
793
761
717
686
654
592
521
447
373
314
265
200
143
97
34
-50
-147
-239
-313
-376
-414
-437
-469
-496
-520
-538
-559
-592
-607
-621
-605
-557
-518
-490
-491
-492
-482
-494
-503
-534
-576
-598
-619
-643
-696
-777
-866
-959
-1044
-1119
-1184
-1245
-1285
-1305
-1314
-1302
-1298
-1272
-1205
-1135
-1051
-956
-846
-733
-631
-525
-440
-373
-318
-268
-200
-151
-121
-83
-85
-95
-102
-147
-198
-244
-261
-242
-240
-232
-201
-147
-77
-18
18
67
149
254
385
526
643
750
861
967
1050
1097
1129
1166
1207
1255
1299
1325
1331
1317
1303
1261
1196
1133
1081
1048
1040
1031
1001
951
898
860
825
765
691
636
617
619
613
580
520
454
391
327
261
179
85
9
-21
-42
-103
-198
-290
-359
-400
-426
-454
-484
-491
-463
-423
-403
-402
-410
-413
-389
-341
-285
-236
-202
-169
-144
-146
-188
-226
-248
-265
-278
-316
-360
-399
-463
-536
-634
-758
-875
-951
-981
-994
-990
-1012
-1049
-1058
-1056
-1007
-948
-910
-853
-786
-692
-581
-512
-475
-445
-432
-411
-363
-334
-299
-269
-268
-265
-283
-317
-347
-384
-389
-371
-335
-292
-261
-217
-168
-117
-70
-35
28
114
231
360
472
583
681
780
863
903
956
1020
1076
1140
1195
1225
1241
1237
1224
1233
1216
1172
1154
1134
1133
1145
1125
1079
1002
943
917
894
853
788
728
685
669
632
560
485
392
342
312
254
175
92
34
-29
-94
-181
-275
-343
-405
-426
-446
-490
-529
-553
-552
-546
-547
-551
-530
-492
-455
-423
-406
-409
-416
-426
-445
-468
-509
-560
-593
-634
-685
-756
-850
-928
-981
-1030
-1071
-1122
-1173
-1186
-1177
-1154
-1117
-1094
-1065
-1005
-931
-848
-751
-659
-582
-511
-447
-375
-316
-275
-225
-202
-178
-155
-154
-158
-162
-162
-175
-181
-177
-175
-162
-141
-96
-35
16
73
144
217
294
377
455
542
633
716
787
864
928
996
1054
1092
1134
1159
1186
1196
1196
1192
1176
1173
1154
1130
1104
1067
1039
1015
983
958
933
885
863
833
797
783
729
663
603
554
511
448
373
288
202
120
46
-15
-103
-202
-285
-353
-403
-455
-503
-545
-574
-576
-577
-571
-563
-555
-528
-504
-475
-461
-458
-442
-428
-410
-410
-426
-437
-451
-466
-496
-540
-595
-649
-702
-754
-792
-832
-873
-909
-933
-936
-948
-940
-916
-883
-832
-785
-726
-666
-605
-538
-484
-431
-385
-340
-285
-231
-187
-161
-133
-121
-125
-118
-127
-131
-111
-92
-68
-45
-29
0
36
68
109
141
167
238
320
387
460
510
547
607
664
718
771
811
851
901
955
972
972
979
979
988
992
979
956
943
944
955
945
897
853
833
822
812
785
741
697
664
635
590
517
435
370
325
283
215
127
48
-7
-59
-124
-201
-287
-354
-384
-420
-477
-531
-584
-617
-606
-608
-633
-642
-623
-591
-542
-507
-509
-510
-483
-458
-437
-434
-447
-436
-418
-417
-436
-488
-534
-555
-570
-601
-636
-673
-680
-659
-668
-682
-704
-719
-695
-659
-623
-612
-596
-552
-497
-444
-426
-416
-378
-327
-268
-208
-183
-175
-146
-114
-98
-110
-133
-144
-125
-89
-69
-61
-50
-46
-20
24
44
67
91
138
221
279
324
363
392
434
483
521
543
572
607
646
681
712
728
727
732
747
770
772
765
772
783
793
799
766
732
728
721
728
730
703
689
686
681
668
627
557
509
485
448
406
340
264
214
170
125
51
-49
-121
-166
-202
-224
-268
-329
-366
-400
-421
-435
-476
-510
-520
-504
-488
-492
-492
-502
-488
-455
-446
-445
-456
-451
-421
-402
-398
-420
-442
-449
-459
-461
-480
-513
-517
-524
-518
-519
-556
-566
-563
-555
-532
-525
-513
-491
-472
-436
-408
-407
-401
-379
-350
-306
-266
-243
-217
-191
-163
-132
-113
-105
-87
-48
-9
14
27
50
82
108
130
141
147
167
191
214
248
273
292
316
339
365
393
404
415
445
478
505
527
531
544
567
593
619
639
643
658
695
724
731
731
732
733
741
747
745
728
704
683
659
635
607
561
522
495
455
407
355
295
241
190
127
71
15
-47
-94
-134
-185
-231
-270
-312
-348
-379
-408
-437
-464
-476
-476
-492
-513
-515
-518
-525
-528
-532
-520
-508
-495
-481
-469
-465
-454
-446
-460
-443
-441
-453
-445
-454
-464
-479
-489
-485
-486
-483
-496
-520
-522
-505
-496
-490
-479
-462
-435
-406
-378
-352
-317
-275
-240
-201
-171
-146
-111
-82
-48
-22
-9
4
17
45
57
45
51
62
81
89
83
78
67
70
84
89
86
86
101
129
153
162
172
196
236
273
300
321
351
392
433
469
486
506
531
568
603
615
626
646
671
688
687
682
664
657
656
651
646
622
589
571
556
524
489
450
417
395
368
338
307
256
209
185
150
119
76
24
-9
-41
-76
-122
-175
-220
-266
-295
-325
-359
-382
-390
-402
-407
-409
-431
-444
-441
-433
-415
-403
-405
-408
-415
-422
-421
-432
-451
-454
-443
-434
-433
-445
-464
-476
-485
-482
-468
-474
-493
-497
-491
-472
-452
-462
-459
-430
-395
-356
-329
-301
-273
-231
-173
-134
-115
-110
-88
-42
-7
19
25
31
36
38
38
30
26
14
31
54
30
13
-9
-17
3
12
12
24
40
62
92
108
124
153
189
229
269
302
329
364
403
438
467
494
520
538
560
587
604
613
622
623
615
614
613
605
599
603
602
590
578
561
539
526
511
490
469
440
406
377
338
299
258
209
174
132
75
39
4
-32
-54
-92
-149
-188
-216
-235
-248
-269
-285
-287
-293
-303
-315
-325
-332
-330
-329
-333
-342
-357
-374
-385
-394
-412
-437
-462
-479
-489
-502
-518
-532
-540
-542
-540
-542
-547
-547
-541
-522
-489
-469
-447
-419
-380
-337
-298
-267
-248
-206
-176
-152
-109
-92
-85
-76
-61
-42
-49
-62
-74
-80
-86
-102
-100
-119
-135
-134
-145
-160
-165
-169
-167
-150
-136
-105
-76
-57
-29
-10
17
44
76
110
131
167
216
245
269
295
307
319
345
361
377
406
445
477
495
516
530
533
545
556
575
603
621
637
649
647
646
639
617
597
582
576
580
572
551
520
482
442
399
344
300
267
240
221
188
134
90
46
8
-26
-67
-89
-103
-101
-110
-137
-169
-209
-236
-260
-281
-305
-333
-345
-356
-375
-404
-453
-497
-516
-536
-555
-563
-575
-581
-579
-583
-591
-596
-605
-593
-560
-532
-511
-484
-458
-430
-397
-380
-376
-356
-315
-275
-242
-214
-195
-196
-205
-210
-214
-220
-233
-232
-205
-192
-190
-178
-177
-183
-180
-176
-160
-142
-133
-115
-89
-68
-45
-24
-8
6
22
48
83
113
132
163
201
228
237
248
266
283
310
341
361
385
409
430
451
469
481
496
519
542
569
594
601
613
615
622
635
634
631
618
615
627
624
603
573
544
527
517
483
445
419
387
363
338
299
255
211
173
149
123
100
69
44
30
2
-32
-71
-112
-147
-165
-197
-231
-254
-296
-317
-346
-391
-433
-483
-507
-521
-526
-547
-567
-576
-595
-601
-618
-637
-649
-646
-622
-595
-579
-566
-546
-534
-517
-495
-477
-459
-444
-420
-386
-354
-336
-330
-332
-334
-321
-311
-295
-268
-242
-225
-211
-212
-212
-206
-202
-187
-162
-136
-109
-88
-69
-47
-39
-28
-1
26
51
87
125
156
187
215
234
246
264
286
306
332
361
385
401
412
418
427
432
442
459
479
506
520
522
537
537
525
518
504
499
516
510
502
504
491
472
450
424
399
377
366
363
350
327
305
277
247
220
196
171
146
132
117
93
71
45
18
-10
-43
-75
-85
-95
-116
-136
-160
-185
-217
-261
-306
-341
-368
-380
-386
-392
-400
-408
-416
-432
-452
-465
-478
-488
-477
-459
-444
-434
-431
-418
-411
-394
-376
-364
-325
-293
-266
-252
-238
-227
-241
-238
-226
-212
-195
-179
-158
-140
-134
-144
-151
-147
-147
-150
-137
-112
-95
-84
-78
-83
-88
-80
-61
-45
-25
5
35
63
90
106
111
125
147
162
175
200
224
236
255
271
277
285
286
289
288
302
320
335
353
353
351
341
330
336
338
345
360
364
367
373
358
353
343
320
309
309
312
305
302
283
262
253
213
177
155
139
135
126
119
110
92
69
50
19
-18
-29
-45
-55
-66
-89
-95
-115
-137
-161
-180
-186
-212
-216
-200
-199
-212
-225
-233
-231
-227
-247
-259
-248
-242
-236
-226
-221
-220
-224
-229
-224
-216
-205
-185
-180
-167
-145
-144
-146
-156
-173
-163
-149
-144
-123
-120
-124
-116
-131
-143
-140
-142
-133
-119
-112
-102
-89
-90
-88
-91
-101
-97
-102
-94
-86
-81
-68
-70
-62
-62
-68
-61
-51
-43
-34
-16
5
20
19
19
25
31
47
58
66
87
112
128
149
164
169
176
183
192
205
227
252
267
268
273
278
283
278
272
282
283
288
279
256
257
237
218
204
180
175
173
166
155
137
110
100
96
71
49
31
14
16
14
-16
-26
-29
-49
-64
-72
-78
-92
-95
-87
-90
-93
-101
-98
-102
-113
-109
-97
-81
-69
-69
-63
-49
-52
-59
-51
-51
-56
-42
-23
-18
-17
-17
-19
-23
-24
-25
-32
-33
-26
-17
-11
-18
-34
-49
-65
-81
-85
-88
-94
-92
-99
-113
-119
-120
-134
-155
-164
-161
-154
-148
-141
-140
-147
-153
-155
-154
-145
-129
-122
-116
-107
-101
-91
-88
-84
-69
-61
-56
-42
-31
-12
8
12
21
40
51
69
83
87
106
133
154
173
184
188
189
189
193
205
209
218
232
235
238
227
201
177
164
159
167
164
152
144
120
90
66
43
38
40
22
11
6
-12
-29
-50
-64
-57
-50
-52
-53
-61
-73
-76
-79
-82
-78
-74
-71
-57
-53
-64
-59
-43
-33
-26
-14
-7
-9
-12
-3
10
18
30
46
52
55
55
43
38
45
50
59
77
74
51
36
26
24
27
23
22
30
24
9
-4
-22
-30
-27
-32
-36
-30
-41
-54
-58
-64
-64
-61
-60
-56
-64
-79
-81
-85
-93
-87
-78
-72
-74
-83
-88
-89
-87
-77
-67
-60
-47
-36
-39
-45
-41
-34
-27
-8
8
13
14
12
10
14
20
26
34
43
43
35
30
26
21
21
32
36
30
27
20
5
-3
-4
-3
-4
-8
-8
-13
-27
-34
-33
-28
-19
-9
-4
-4
-10
-14
-11
-10
-4
4
9
16
19
15
18
18
22
44
57
63
70
67
63
62
64
80
91
90
97
96
87
86
89
95
105
105
106
112
103
90
86
79
80
82
74
68
59
37
27
19
11
10
9
7
-2
-21
-41
-58
-72
-72
-63
-64
-69
-78
-91
-99
-101
-101
-97
-93
-81
-81
-88
-92
-99
-98
-87
-81
-70
-65
-74
-75
-72
-70
-61
-49
-41
-29
-24
-26
-27
-30
-31
-19
-5
1
4
6
5
2
-5
-10
2
17
24
29
24
12
8
7
6
14
24
25
24
19
8
-4
-7
-7
-2
3
4
6
-1
-8
-12
-13
-10
-6
-4
-6
-14
-19
-23
-20
-12
-3
3
5
1
-4
-7
-3
4
14
24
32
34
30
24
17
18
23
36
49
57
57
49
41
37
43
54
67
74
73
68
60
54
51
53
58
64
67
67
57
47
38
35
37
40
39
32
18
7
-2
-2
-1
1
0
-4
-11
-20
-28
-36
-37
-33
-28
-25
-28
-37
-48
-60
-65
-62
-54
-45
-39
-43
-51
-63
-68
-67
-57
-46
-38
-34
-36
-40
-44
-45
-39
-31
-22
-14
-12
-15
-25
-31
-32
-25
-17
-12
-14
-24
-34
-41
-39
-34
-25
-18
-15
-16
-24
-33
-33
-29
-23
-11
-1
1
-2
-8
-14
-17
-14
0
14
22
23
17
6
-5
-1
8
18
25
33
34
24
18
22
26
38
54
64
60
54
47
44
48
62
77
85
84
78
67
57
54
60
71
79
80
73
54
36
26
27
34
43
48
41
26
9
-4
-9
-7
2
12
14
8
-9
-25
-38
-43
-34
-19
-12
-12
-18
-36
-54
-59
-53
-44
-31
-22
-27
-37
-50
-61
-60
-47
-35
-23
-15
-23
-43
-55
-56
-52
-36
-15
-3
-4
-13
-27
-39
-41
-33
-15
2
14
9
-6
-22
-31
-30
-16
4
20
20
11
-4
-22
-31
-24
-10
7
19
17
2
-18
-33
-36
-22
-1
18
25
15
-6
-27
-37
-30
-13
10
25
27
15
-5
-22
-28
-17
8
33
48
46
30
7
-6
-2
14
39
61
67
60
40
21
11
17
37
61
75
73
54
30
8
2
10
31
51
59
50
24
-3
-22
-25
-10
13
31
33
17
-9
-34
-44
-39
-18
7
23
24
8
-17
-37
-47
-37
-17
4
15
10
-5
-30
-48
-52
-38
-14
8
19
13
-8
-29
-44
-39
-22
2
23
28
18
0
-17
-23
-15
5
28
41
40
21
-4
-22
-25
-11
9
27
32
21
-2
-26
-43
-43
-29
-8
10
14
-2
-28
-53
-65
-60
-40
-15
0
0
-19
-42
-65
-73
-62
-41
-15
2
0
-17
-40
-56
-57
-41
-16
6
17
14
-2
-21
-30
-26
-6
21
41
46
38
22
11
11
24
42
61
70
68
53
34
22
24
39
59
72
72
58
35
15
8
15
32
51
63
59
41
16
-2
-9
-1
19
39
49
42
24
2
-16
-20
-12
4
20
28
24
8
-10
-22
-22
-8
9
22
22
10
-10
-22
-25
-16
-2
10
18
13
2
-15
-28
-30
-20
-4
11
14
2
-15
-32
-38
-31
-19
-4
4
1
-12
-31
-46
-54
-47
-31
-13
-4
-7
-22
-41
-55
-59
-54
-43
-31
-23
-23
-32
-47
-60
-63
-52
-34
-18
-13
-17
-28
-34
-37
-34
-27
-18
-6
2
3
0
-4
-4
0
8
16
22
24
23
21
18
18
22
29
36
38
35
30
25
24
27
31
35
38
37
31
24
16
11
12
14
19
25
27
25
19
12
8
6
10
17
24
26
23
16
8
1
-1
-1
6
14
21
21
16
6
-2
-5
-2
4
10
17
18
13
6
-1
-5
-3
3
13
19
19
12
3
-5
-6
0
10
17
19
15
6
-2
-6
-4
3
11
15
11
1
-13
-26
-32
-30
-23
-13
-7
-10
-22
-41
-57
-60
-49
-29
-9
-1
-8
-30
-56
-75
-80
-66
-44
-19
-10
-21
-42
-65
-75
-70
-46
-19
1
6
-3
-26
-47
-54
-47
-16
12
27
22
-2
-20
-38
-32
-1
25
61
61
37
19
-14
-27
-4
51
84
84
92
69
6
-22
5
20
42
108
137
83
13
12
-19
-73
-7
101
114
66
74
57
-47
-79
10
53
29
69
121
44
-61
-40
17
-2
20
124
136
21
-44
-26
-54
-93
-20
80
54
-29
-57
-95
-181
-175
-26
107
118
97
81
-1
-100
-91
2
73
110
167
186
91
-33
-87
-97
-71
19
133
181
126
32
-41
-86
-108
-92
-4
116
134
55
-1
-50
-135
-150
-43
42
26
30
54
-41
-176
-172
-109
-109
-83
7
16
-99
-192
-204
-203
-181
-74
40
42
-18
-54
-91
-161
-162
-58
45
77
78
58
-29
-136
-164
-103
-25
39
100
126
71
-21
-69
-70
-50
15
128
191
143
65
20
-14
-24
40
138
187
179
156
122
50
-16
14
103
156
178
174
108
11
-49
-53
-20
26
85
132
105
11
-72
-110
-114
-66
39
123
109
38
-23
-86
-145
-128
-30
55
81
77
32
-65
-148
-149
-96
-37
22
72
69
2
-80
-120
-116
-80
-8
76
101
53
-10
-51
-83
-88
-38
40
91
98
71
15
-53
-94
-75
-23
25
58
66
23
-50
-94
-95
-74
-28
40
81
64
10
-45
-82
-86
-50
3
42
50
27
-23
-82
-117
-104
-55
-3
30
48
37
-14
-73
-91
-71
-40
5
53
50
0
-50
-77
-80
-57
-17
26
59
68
48
25
-1
-32
-29
20
51
46
43
45
14
-28
-26
11
39
65
94
94
54
18
15
27
35
45
61
67
57
35
9
-8
-9
2
30
69
78
42
5
-9
-23
-31
-7
33
43
31
24
8
-30
-47
-24
2
17
35
47
36
19
8
-16
-36
-30
-5
8
8
5
-9
-32
-39
-31
-28
-31
-22
-7
-8
-24
-28
-24
-26
-33
-29
-23
-35
-55
-57
-42
-36
-37
-30
-23
-32
-46
-49
-48
-46
-36
-11
5
0
-8
-10
-20
-31
-26
-11
1
14
27
26
11
-4
-15
-22
-15
6
25
31
29
19
2
-6
2
10
15
21
25
23
17
13
12
5
4
13
25
24
18
15
13
6
4
14
18
11
5
1
-6
-9
-3
4
13
24
28
22
9
-1
-7
1
10
10
10
23
22
0
-14
-17
-20
-17
8
36
33
10
-4
-6
-13
-19
-1
28
34
29
26
14
-7
-19
-3
14
18
26
33
20
-3
-15
-13
-8
8
32
38
16
-7
-20
-27
-26
-8
15
17
2
-13
-28
-43
-44
-28
-7
3
3
-7
-35
-62
-64
-44
-26
-14
6
11
-17
-51
-62
-62
-52
-17
22
31
5
-27
-48
-58
-53
-32
-1
23
25
7
-20
-45
-51
-36
-9
16
32
35
21
-7
-28
-26
-4
23
47
62
51
16
-12
-17
-13
-3
25
56
59
33
9
-6
-22
-17
24
64
73
62
40
1
-34
-34
-3
34
58
66
59
24
-15
-40
-34
6
42
58
64
36
-18
-57
-65
-41
1
37
58
56
19
-28
-53
-48
-15
30
71
81
54
6
-40
-66
-54
-9
45
82
70
31
-8
-57
-80
-44
11
62
90
79
39
-20
-67
-69
-35
13
58
76
51
-5
-58
-87
-81
-36
15
50
58
19
-35
-76
-99
-79
-23
27
51
36
-12
-61
-96
-92
-41
16
45
44
13
-44
-97
-112
-90
-45
10
49
39
-8
-66
-109
-110
-63
8
65
86
61
12
-45
-88
-89
-35
39
84
88
57
4
-53
-77
-50
2
55
92
101
65
-1
-47
-51
-25
24
81
110
81
27
-20
-46
-49
-14
43
83
83
47
1
-38
-62
-55
-10
45
70
58
27
-13
-52
-64
-33
22
67
86
74
36
-14
-49
-48
-15
27
58
67
48
8
-36
-57
-46
-10
31
60
65
43
3
-27
-34
-18
9
37
55
49
14
-26
-50
-50
-32
0
32
38
14
-16
-40
-52
-51
-25
7
25
18
-3
-33
-61
-70
-53
-23
8
23
18
-11
-42
-58
-57
-41
-16
12
21
7
-24
-55
-70
-68
-42
-3
31
38
22
-6
-30
-41
-34
-8
27
52
52
30
-5
-32
-37
-24
-3
23
45
51
32
7
-12
-18
-9
14
37
53
49
26
-2
-23
-28
-16
8
32
44
40
22
0
-15
-19
-7
13
31
39
32
15
-7
-19
-19
-6
14
31
38
32
19
4
-6
-5
5
18
32
36
28
9
-7
-15
-13
0
15
25
25
17
1
-15
-22
-18
-5
10
19
17
5
-10
-22
-25
-19
-7
6
13
10
-2
-18
-28
-28
-18
-4
5
6
-5
-19
-34
-40
-37
-23
-10
1
0
-8
-22
-34
-36
-26
-11
6
15
13
0
-17
-30
-33
-25
-9
8
15
13
3
-10
-20
-19
-8
5
20
25
20
7
-6
-14
-14
-3
12
23
25
18
6
-8
-11
-4
10
24
32
29
17
0
-10
-11
-4
8
21
26
21
9
-3
-11
-9
1
14
24
26
19
5
-9
-15
-12
-2
9
16
16
10
-1
-10
-11
-3
10
25
32
29
17
1
-8
-9
-2
9
18
21
15
8
-4
-10
-10
-3
8
15
16
9
-4
-13
-15
-12
-5
4
9
9
3
-6
-13
-17
-14
-9
-2
-3
-5
-11
-20
-26
-27
-25
-18
-13
-11
-12
-16
-19
-21
-20
-17
-14
-11
-9
-12
-16
-21
-24
-25
-20
-17
-14
-14
-15
-19
-22
-22
-19
-11
-2
6
9
6
1
-4
-6
-5
2
11
19
23
21
14
5
-2
-4
2
13
23
29
29
23
13
5
3
9
20
30
36
33
25
15
10
10
15
24
31
30
24
14
5
-1
2
8
15
20
20
16
8
1
-1
1
7
16
18
12
4
-7
-12
-12
-6
1
6
6
0
-8
-16
-17
-14
-4
5
9
4
-8
-19
-28
-27
-18
-6
4
8
3
-9
-21
-27
-26
-18
-6
3
2
-5
-16
-25
-28
-20
-9
1
7
4
-7
-16
-25
-23
-15
-4
6
8
2
-8
-18
-21
-17
-4
7
15
14
6
-6
-17
-18
-9
4
16
21
17
6
-7
-13
-12
-2
12
23
25
18
3
-7
-13
-9
2
15
23
21
12
2
-7
-8
-2
9
18
21
17
10
1
-4
-1
4
13
19
18
12
2
-6
-7
-3
5
12
16
13
6
-1
-6
-5
3
12
19
22
15
5
-4
-8
-7
1
11
20
21
16
3
-9
-14
-10
-1
11
20
22
16
5
-8
-16
-17
-7
5
14
14
9
-3
-11
-17
-17
-11
-5
-1
1
-2
-9
-14
-20
-20
-15
-10
-7
-9
-13
-20
-24
-23
-18
-14
-10
-11
-16
-22
-27
-27
-23
-15
-7
-1
-1
-5
-14
-20
-22
-18
-8
0
7
6
1
-8
-14
-15
-7
2
11
17
17
12
3
-4
-7
-1
8
17
22
19
15
10
8
8
13
19
27
29
27
20
13
7
7
10
13
17
20
20
16
11
6
5
9
16
21
21
16
7
2
-1
0
4
10
10
8
0
-7
-12
-12
-8
-1
6
8
4
-3
-13
-17
-18
-9
-1
8
11
6
-3
-13
-20
-21
-14
-4
5
8
4
-6
-16
-22
-20
-10
1
9
12
5
-7
-17
-21
-17
-8
3
8
6
2
-6
-11
-13
-10
-4
1
4
2
-5
-10
-13
-11
-4
3
9
9
4
-3
-10
-11
-6
3
9
12
11
4
-4
-10
-10
-3
4
11
11
7
0
-8
-9
-6
2
10
14
14
9
3
-1
-3
0
6
12
19
18
14
7
-1
-4
0
7
14
16
13
3
-6
-9
-7
-2
2
7
5
1
-1
-4
-5
-1
5
14
15
13
6
-1
-6
-6
-2
3
7
7
7
2
-3
-5
-6
-3
1
6
9
10
8
5
1
0
-2
-1
2
4
3
3
1
-1
-4
-4
-6
-8
-6
-5
-3
-3
-5
-8
-12
-13
-12
-10
-9
-8
-8
-10
-11
-14
-15
-17
-14
-11
-6
-4
-4
-8
-11
-16
-17
-14
-9
-6
-6
-9
-11
-11
-8
-5
-1
-2
-4
-6
-3
-1
2
7
10
12
13
9
3
-1
-3
1
7
16
19
21
17
10
3
1
6
12
18
20
17
13
10
8
6
6
6
7
11
13
12
9
6
4
5
5
4
5
4
4
5
3
4
5
5
6
3
0
-1
-1
2
3
5
6
5
2
-1
-3
-2
2
5
10
10
7
0
-6
-10
-8
-2
5
9
11
8
3
-3
-8
-8
-5
1
5
6
3
-3
-8
-13
-11
-8
-5
-3
-4
-8
-10
-11
-9
-6
-4
-3
-5
-10
-15
-21
-19
-14
-5
1
1
-6
-15
-22
-21
-16
-6
1
4
1
-7
-13
-18
-17
-13
-4
5
11
11
5
-3
-9
-9
-4
3
11
14
12
7
1
-3
-1
5
13
20
24
21
16
8
4
7
14
23
30
28
21
13
7
7
14
21
26
26
21
13
5
0
2
9
19
25
25
15
3
-7
-9
-3
7
17
19
16
7
-3
-11
-14
-7
3
10
14
6
-7
-18
-23
-19
-7
4
8
5
-3
-13
-20
-22
-19
-10
0
3
2
-5
-15
-22
-23
-15
-5
2
2
-4
-13
-20
-20
-16
-9
-2
1
0
-5
-11
-16
-18
-14
-4
7
10
7
-2
-12
-16
-14
-7
2
8
10
8
0
-8
-15
-13
-5
4
9
12
9
3
-5
-8
-5
0
6
9
9
5
-1
-5
-4
3
6
9
11
12
8
0
-5
-2
6
11
13
12
8
3
-3
-6
-3
5
10
14
14
9
3
-4
-7
-4
2
11
17
17
13
7
-1
-5
-2
6
16
20
18
14
9
3
-2
-1
8
13
14
9
6
2
1
-3
-3
0
6
10
10
5
-1
-7
-6
-2
3
7
6
3
-1
-5
-6
-6
-3
0
2
3
0
-6
-13
-12
-7
2
7
4
-2
-8
-15
-19
-19
-12
-1
5
2
-3
-9
-19
-25
-26
-15
-5
3
2
-2
-11
-18
-21
-21
-15
-7
-1
2
-1
-6
-13
-15
-13
-7
-2
2
2
0
-3
-6
-5
-1
3
8
6
3
-2
-4
-4
2
9
15
16
13
7
2
2
5
12
19
26
26
21
14
7
4
8
14
20
23
24
22
18
12
8
6
10
13
19
17
12
7
4
6
11
12
11
7
4
4
7
8
7
2
-3
-5
-6
-7
-9
-10
-8
-6
-4
-6
-12
-17
-17
-15
-13
-13
-12
-12
-14
-15
-20
-21
-22
-18
-15
-11
-11
-14
-17
-19
-19
-18
-16
-16
-13
-10
-9
-10
-11
-12
-10
-7
-3
-2
-3
-6
-8
-5
-2
-1
3
4
3
2
1
0
1
4
9
15
15
13
8
7
8
9
10
13
20
20
16
10
8
11
14
14
16
19
19
13
9
8
8
8
9
11
15
15
14
11
6
5
7
11
15
14
11
8
6
3
1
-2
-3
-1
-1
0
-5
-7
-8
-7
-4
0
1
-1
-6
-7
-8
-9
-7
-5
-3
-2
-4
-6
-12
-14
-12
-10
-8
-7
-8
-8
-8
-10
-12
-12
-9
-3
-3
-4
-1
0
-2
-9
-12
-9
-2
1
0
-2
-2
-2
-4
-1
0
1
0
-2
-6
-10
-11
-6
1
5
5
2
-3
-6
-6
-6
-2
4
6
6
3
-3
-10
-11
-7
-1
7
11
8
4
-4
-8
-7
0
5
11
13
10
3
-1
-3
1
6
11
13
11
6
1
-1
1
6
11
14
14
9
2
-1
0
6
14
20
22
17
10
3
-1
-1
4
11
17
20
16
7
-3
-9
-7
3
15
23
22
14
4
-4
-6
-2
5
13
15
14
6
-2
-10
-11
-6
1
7
6
2
-5
-10
-13
-12
-8
-4
0
0
-4
-10
-16
-18
-14
-5
2
3
-2
-11
-18
-20
-19
-14
-8
-4
-3
-7
-14
-21
-23
-19
-10
-4
-1
-4
-8
-13
-16
-17
-14
-11
-6
-6
-7
-12
-16
-17
-12
-6
-1
2
-1
-7
-11
-13
-9
-1
7
13
15
10
2
-4
-5
-1
8
15
16
13
6
-1
-2
4
11
20
24
22
17
11
8
8
11
17
23
25
23
15
8
5
7
14
21
23
21
14
5
1
0
5
13
19
17
11
0
-5
-6
0
8
15
17
15
6
-2
-9
-8
-2
7
13
12
4
-6
-13
-15
-10
-6
0
5
4
-1
-8
-17
-19
-15
-9
1
2
-3
-13
-21
-23
-18
-12
-5
-2
-2
-7
-15
-22
-25
-20
-8
5
9
3
-10
-20
-24
-19
-9
1
9
12
6
-3
-15
-20
-16
-4
9
15
13
2
-10
-14
-12
-2
8
15
18
15
9
-2
-7
-8
2
13
24
22
12
-1
-8
-5
2
12
20
23
22
14
1
-7
-9
1
13
22
23
16
5
-4
-9
-4
4
14
21
21
13
2
-7
-8
-4
6
14
16
13
4
-6
-12
-11
-5
5
12
12
7
-4
-12
-15
-11
-3
6
10
7
1
-6
-12
-13
-9
-1
5
9
5
-4
-12
-15
-12
-6
3
8
8
1
-6
-13
-15
-12
-6
2
7
6
-2
-10
-16
-16
-11
-1
6
6
0
-7
-12
-16
-16
-8
1
8
8
0
-8
-14
-15
-11
-3
4
7
9
4
-4
-12
-14
-10
0
6
9
6
-3
-9
-9
-5
0
6
10
12
10
5
-1
-3
0
5
9
9
9
6
3
0
1
2
8
13
14
9
3
2
4
6
9
10
11
10
9
8
9
8
4
3
6
10
10
7
2
3
4
2
1
2
4
4
8
7
5
-2
-4
-1
1
1
0
4
6
2
-2
-4
-4
-4
-2
0
-1
-3
-5
-5
-6
-7
-4
-1
-2
-4
-3
-5
-8
-11
-9
-2
1
-1
-5
-7
-6
-7
-9
-8
-2
2
5
3
-4
-7
-8
