34
26
10
-24
-59
-73
-77
-80
-86
-86
-103
-111
-104
-101
-91
-77
-77
-91
-114
-147
-161
-156
-167
-165
-160
-173
-182
-190
-191
-185
-191
-190
-184
-199
-220
-229
-237
-248
-246
-232
-222
-225
-239
-244
-242
-241
-236
-234
-225
-226
-224
-213
-214
-221
-226
-215
-208
-212
-202
-200
-215
-217
-219
-217
-201
-197
-193
-183
-190
-200
-208
-213
-201
-175
-148
-117
-101
-92
-87
-86
-70
-70
-74
-58
-49
-37
-38
-28
-6
-2
0
12
26
35
42
60
70
75
83
85
84
90
116
124
125
130
127
127
119
117
148
156
171
200
193
189
187
179
172
162
171
185
187
199
216
234
246
236
228
222
190
171
174
167
179
189
192
198
183
177
182
166
161
161
163
158
146
167
178
161
167
179
169
156
159
162
152
132
123
120
97
92
99
90
90
85
83
81
66
65
52
27
28
23
18
23
16
13
5
-18
-29
-43
-55
-25
8
10
0
-8
-24
-64
-90
-69
-72
-102
-117
-110
-96
-103
-96
-68
-88
-132
-144
-167
-196
-197
-172
-163
-180
-191
-193
-218
-230
-218
-196
-182
-197
-208
-207
-227
-256
-235
-207
-187
-164
-154
-163
-186
-211
-207
-200
-206
-187
-181
-188
-193
-187
-167
-164
-154
-147
-147
-146
-158
-164
-157
-139
-94
-61
-48
-34
-36
-79
-98
-54
-16
15
42
58
33
-7
0
29
45
53
63
44
25
12
29
54
54
57
77
84
32
25
32
21
36
64
93
65
28
48
61
73
140
187
166
141
152
136
121
194
267
265
257
261
230
187
191
248
278
307
351
352
333
314
305
320
364
392
394
395
365
309
281
324
366
371
408
419
364
312
306
306
290
288
298
280
237
235
238
223
201
204
195
122
75
83
90
53
55
63
13
-26
-28
-41
-75
-96
-64
-35
-65
-71
-96
-161
-178
-144
-83
-25
-36
-110
-145
-173
-224
-228
-144
-127
-184
-203
-215
-255
-327
-318
-296
-357
-361
-298
-363
-432
-384
-434
-498
-482
-463
-458
-486
-534
-555
-553
-593
-596
-535
-543
-606
-605
-569
-535
-514
-539
-556
-619
-671
-575
-473
-433
-454
-433
-419
-484
-434
-302
-272
-323
-254
-126
-128
-151
-87
-59
-73
-2
100
164
199
134
105
207
228
220
297
351
279
264
333
393
379
272
306
331
232
220
308
278
202
205
224
242
152
104
91
51
49
81
102
63
13
-45
-78
-35
10
19
40
6
-48
-72
-49
-32
-23
-3
69
111
19
85
89
10
73
153
255
247
207
196
225
247
302
402
456
453
431
444
517
542
500
600
650
608
657
687
636
615
645
650
686
684
598
548
554
527
538
644
617
481
466
480
414
404
460
459
304
359
443
255
226
230
127
47
84
186
74
67
9
-72
-47
-62
33
-27
-105
-83
-202
-215
-62
-93
-235
-239
-229
-412
-395
-263
-332
-391
-424
-434
-439
-406
-452
-512
-388
-449
-529
-346
-270
-398
-509
-508
-429
-597
-597
-357
-493
-669
-542
-557
-706
-608
-597
-793
-701
-680
-745
-498
-512
-663
-599
-588
-598
-552
-391
-340
-401
-594
-526
-344
-589
-614
-384
-435
-722
-404
-289
-462
-463
-568
-439
-413
-446
-177
-35
-195
-273
-88
-35
-198
-109
-9
-108
-119
-41
88
23
-85
-120
-62
-55
-116
143
184
-53
-26
113
38
17
120
183
26
47
318
342
142
206
253
24
144
493
575
337
416
532
267
189
573
578
344
455
521
465
417
401
417
443
360
465
635
679
557
554
604
402
411
504
703
592
407
807
707
304
420
619
411
184
485
832
547
437
756
487
192
433
387
487
526
332
408
242
112
164
96
194
131
64
100
164
217
-24
180
247
-117
43
281
114
181
235
-44
-19
-109
-183
-149
-176
-95
-388
-295
-117
-410
-581
-373
-291
-570
-455
-84
-306
-526
-448
-145
-305
-554
-216
-146
-468
-548
-115
-296
-719
-604
-492
-769
-764
-625
-638
-583
-690
-725
-457
-643
-648
-478
-576
-345
-280
-333
-328
-139
-373
-563
-213
-358
-572
-284
-224
-580
-528
-328
-674
-542
-227
-575
-410
-253
-512
-503
-356
-350
-495
-415
-234
-253
-288
-255
-83
-407
-320
-219
-284
-122
-103
18
39
18
-139
98
119
-13
109
198
185
122
342
289
123
53
79
130
5
357
458
234
327
285
569
303
344
684
578
847
796
820
997
663
633
767
848
972
802
924
713
727
718
576
737
818
685
575
857
555
428
748
467
472
834
519
384
826
690
468
826
848
626
543
730
644
849
860
618
858
521
321
418
391
315
355
321
260
283
237
115
253
285
182
255
499
258
-21
306
66
122
164
10
101
-27
-279
-415
-131
-236
-456
-303
-330
-287
-555
-556
-198
-516
-537
-239
-215
-333
-428
-248
-378
-395
-468
-388
-249
-781
-785
-464
-712
-1127
-764
-742
-1124
-881
-778
-629
-820
-864
-511
-653
-791
-426
-383
-503
-356
-560
-463
-477
-1000
-565
-274
-922
-650
-424
-809
-792
-589
-604
-602
-692
-718
-416
-509
-622
-537
-439
-535
-646
-451
-318
-675
-759
-388
-665
-750
-398
-546
-579
-388
-438
-507
-381
-267
-452
-179
-60
-205
-24
-68
8
-107
-105
84
-279
-202
146
-302
-242
-53
-284
-78
-135
-41
100
186
26
134
430
89
225
740
607
538
661
493
675
253
374
778
347
246
578
677
472
211
454
388
183
443
661
984
428
717
801
720
768
606
1238
693
708
993
707
655
613
617
657
428
398
609
197
245
360
390
384
489
611
652
640
510
712
760
556
592
763
239
415
440
193
366
51
120
-96
-57
-28
-11
290
-219
208
269
-137
92
16
-141
-410
-201
-68
-424
-254
-167
-316
-573
-463
-327
-533
-558
-394
-208
-726
-469
-331
-872
-781
-450
-783
-718
-353
-855
-690
-409
-776
-784
-596
-570
-676
-753
-618
-588
-956
-759
-387
-631
-637
-203
-315
-563
-92
-175
-183
-90
-240
-62
-163
-186
-143
-220
-125
-321
-196
-41
-273
-238
-57
-22
-1
233
-53
172
155
-106
77
133
-72
-113
175
-242
-92
-174
-181
-96
-342
-282
86
-156
-12
369
-197
189
-103
11
171
-55
218
-21
-28
276
-112
148
431
-202
258
455
42
532
677
80
386
425
127
262
232
682
403
204
500
421
113
560
783
487
986
418
414
665
324
198
518
573
241
495
506
270
409
427
345
483
512
333
460
577
454
294
291
361
218
550
347
757
750
361
638
388
809
465
465
760
461
663
62
492
614
-329
516
690
70
338
407
261
243
67
233
-63
597
-70
15
750
-611
-22
278
-9
-225
18
-77
-528
-171
-172
-339
-388
-852
-470
-414
-868
28
-489
-432
-397
-528
-341
-999
-424
-645
-598
-404
-587
-405
-795
-680
-329
-689
-458
-798
-502
-209
-881
43
-326
-491
-643
-711
-128
-788
-449
-149
-311
-426
-496
-395
-552
-718
-402
-307
-236
-518
-337
127
-598
-316
-401
-310
-408
-213
256
144
-373
-247
187
-497
-156
104
4
-37
-67
-170
65
-272
-641
110
-5
-386
192
327
-112
25
153
-116
-109
-288
33
-34
1
-149
-218
173
-304
-319
84
-72
-355
47
106
149
-128
443
293
-161
412
100
396
280
452
481
136
222
299
35
251
493
197
399
540
396
161
528
21
321
377
89
538
391
273
348
305
462
255
408
623
443
747
428
814
594
167
764
573
598
729
521
1013
799
362
949
512
453
353
544
805
178
360
715
234
-9
312
312
36
-113
499
150
-107
65
-32
-85
-4
259
88
474
-2
-364
278
-293
-425
-121
-56
-242
-190
-13
-16
-303
-281
52
-265
-332
-37
-112
-276
-243
-526
29
-439
-640
31
-401
-186
-165
-414
109
-350
-652
321
-464
-590
274
-390
-449
-217
-296
-613
-415
-491
-486
52
-729
-417
-249
-671
-317
-301
-301
-321
-727
-460
-434
-792
-434
-847
-826
-584
-775
-615
-573
-546
-722
-455
-571
-865
-97
-521
-525
-48
-449
-599
-417
-266
-339
-184
-74
-358
67
-269
-216
355
-306
31
377
8
154
219
62
311
175
246
433
501
52
194
558
299
95
530
874
318
194
607
372
128
170
655
575
44
515
501
457
365
164
387
540
-99
399
514
-216
-155
162
-13
-28
-11
135
247
-257
311
405
5
130
265
177
301
490
326
398
342
-37
76
690
-333
171
683
-248
70
658
132
-187
497
395
81
225
232
368
51
-110
515
258
-322
-113
210
163
-13
220
289
-73
-403
124
313
-74
-86
35
380
-186
-205
263
55
-542
-103
658
-151
-243
187
98
-21
-237
63
209
-368
-382
175
-73
-203
-299
22
-61
-669
-116
-385
-339
-237
-209
87
-560
-470
-406
-499
-391
-415
-121
-344
-820
-237
-438
-661
-341
-295
-139
-590
-228
-216
-182
-464
-469
71
-418
-345
154
89
-519
-67
209
-452
-168
152
-321
-33
124
-454
189
58
-591
241
136
-498
-324
202
63
-207
363
163
-84
277
185
530
386
-117
230
693
187
242
634
233
69
568
704
304
196
167
219
74
219
181
394
152
-49
435
364
-134
-95
-27
-248
-54
-115
79
-21
-139
-100
-47
32
-366
-339
-58
-37
-155
-53
22
-251
-272
27
36
201
254
24
237
89
-273
19
138
208
256
552
399
240
265
29
556
319
20
670
395
223
665
591
557
462
427
688
615
397
491
498
211
-8
471
333
-280
132
331
207
34
137
179
-317
-476
6
334
-145
-160
379
115
-257
-28
176
-120
-368
-221
194
-115
-623
-272
-125
-697
-621
-98
-224
-493
-882
-373
-180
-887
-448
-119
-347
-531
-326
111
-325
-571
-100
-104
-472
-456
-249
-242
-289
-284
37
110
-126
-171
113
-40
-211
-68
157
-12
-390
143
17
-391
-187
15
16
-139
-66
-24
-248
-357
-512
-332
-274
-606
-284
37
-286
-610
-50
23
-601
-204
54
-101
-176
51
273
3
-262
-289
43
-248
-326
330
227
-125
-148
-210
70
-220
-251
502
238
-42
203
544
130
-290
192
145
40
327
445
487
254
170
569
513
200
198
539
444
319
599
587
291
119
540
861
564
643
916
830
371
466
914
472
252
630
805
504
400
547
459
142
-83
246
356
-72
46
279
-62
-425
-403
-137
-255
-436
-66
16
-361
-647
-564
-327
-556
-384
-52
-255
-548
-720
-506
-656
-900
-730
-385
-407
-547
-243
-125
-513
-460
-95
-2
3
12
177
178
38
-3
176
4
-303
-167
-4
-86
-320
-304
-98
-289
-385
-90
-201
-383
-488
-358
-220
-287
-113
-26
14
-148
-25
192
127
49
54
129
113
132
192
274
60
40
93
173
107
31
100
-42
16
38
108
79
-79
-57
115
174
219
253
319
293
253
563
609
508
610
716
579
653
609
377
358
295
299
465
475
266
181
70
-48
-39
203
206
49
122
135
142
187
191
212
201
184
278
341
176
133
219
126
90
120
-43
-41
-16
-259
-195
-156
-480
-470
-322
-410
-537
-564
-681
-965
-976
-984
-1061
-903
-1078
-1134
-952
-1084
-1262
-1183
-1225
-1345
-1180
-1091
-1030
-1105
-1247
-1283
-1253
-1291
-1068
-767
-730
-669
-751
-673
-745
-892
-639
-283
259
1112
1669
1649
1481
1228
1268
2001
2814
3524
4012
3714
3359
3242
2865
2465
2081
1750
1618
1602
1505
1217
377
-943
-1713
-1891
-1820
-1516
-1277
-1241
-1515
-1746
-1543
-1265
-1125
-824
-343
321
959
1435
1742
1712
1399
1391
1877
2173
2325
2404
2204
1676
1117
668
163
-397
-761
-830
-983
-1298
-1661
-2260
-2868
-3157
-3118
-2814
-2393
-2154
-1986
-1785
-1760
-1798
-1603
-1317
-1149
-750
-242
-224
-447
-594
-915
-1166
-1061
-869
-814
-784
-1070
-1415
-1281
-1130
-808
-37
598
1067
1459
1609
1748
2152
2528
2853
3295
3657
3780
3296
2779
2498
2034
1506
1256
1351
1237
748
119
-303
-969
-1726
-1967
-1929
-1891
-1816
-1754
-1706
-1738
-2017
-1927
-1458
-1056
-510
110
451
620
816
1007
1308
1670
1886
2404
2704
2622
2537
2110
1610
1212
1010
968
759
277
-252
-873
-1528
-1823
-2038
-2098
-2029
-1904
-1630
-1424
-1542
-1595
-1583
-1512
-1059
-520
-20
193
-2
-272
-476
-649
-655
-504
-535
-806
-1189
-1713
-2313
-2798
-3141
-3148
-2918
-2764
-2750
-3002
-3170
-3055
-2462
-1396
-290
753
1373
1568
1876
2556
3279
3921
4614
5087
5341
5238
4949
4717
4339
3705
3269
3134
2835
2320
1568
602
-416
-1295
-1755
-1725
-1688
-1902
-2189
-2581
-2828
-2803
-2581
-2147
-1680
-1183
-667
-178
99
314
590
849
1469
2278
2965
3493
3388
3026
2944
2703
2567
2605
2176
1537
826
56
-514
-1091
-1581
-1989
-2401
-2623
-2665
-2631
-2698
-2796
-2668
-2295
-1769
-1276
-868
-488
-437
-377
-96
50
75
19
-15
-105
-345
-635
-1184
-1882
-2446
-2910
-2989
-2939
-3100
-3221
-3529
-3926
-3888
-3371
-2143
-804
179
650
825
1182
1898
3015
4302
5255
5380
5108
4891
4811
4892
4659
4163
3861
3500
2940
2384
1626
496
-679
-1512
-1674
-1490
-1576
-1998
-2610
-3258
-3461
-3205
-2458
-1649
-1378
-1183
-822
-438
18
543
945
1408
2117
2833
3455
3879
3666
3213
3011
2966
3257
3400
3083
2328
1180
211
-519
-1105
-1379
-1773
-2245
-2495
-2756
-2962
-3058
-3032
-2830
-2431
-1852
-1252
-908
-939
-1029
-972
-712
-398
-192
-134
-416
-848
-1140
-1270
-1311
-1602
-2044
-2449
-3113
-3869
-4412
-4772
-4908
-4915
-4794
-4514
-4482
-4365
-3432
-2142
-928
74
782
1582
2648
3806
5324
6720
6946
6551
6403
6626
7135
7125
6631
5929
4770
3610
2938
2374
1442
260
-974
-1707
-1911
-2245
-2746
-3309
-3940
-4218
-3717
-2861
-2038
-1551
-1483
-1291
-726
176
1141
1898
2358
2692
3169
3834
4380
4544
4345
4011
3923
4033
4148
3904
3121
1876
709
-95
-685
-1176
-1896
-2750
-3448
-3839
-3953
-3963
-4004
-3976
-3805
-3344
-2613
-1950
-1509
-1273
-1067
-760
-228
357
596
463
206
-92
-381
-416
-671
-1230
-1833
-2563
-3205
-3844
-4648
-5351
-5729
-5826
-5675
-5522
-5399
-5655
-6020
-5097
-3500
-2191
-1097
-479
139
1152
2445
4319
5888
6176
5752
5616
6354
7284
7561
7285
6580
5384
4292
3717
3258
2301
961
-504
-1283
-1426
-1774
-2296
-3103
-3949
-4122
-3712
-2958
-2235
-2160
-2462
-2509
-1885
-793
345
953
1157
1481
1741
2329
3263
3766
3910
3900
3832
3921
3918
3682
3260
2571
1923
1363
855
192
-714
-1621
-2282
-2781
-3151
-3310
-3516
-3791
-3954
-3760
-3216
-2762
-2342
-1924
-1608
-1102
-408
319
932
1352
1588
1695
1830
1871
1774
1554
1046
508
-75
-744
-1535
-2426
-3190
-3927
-4804
-5382
-5739
-6152
-6674
-6973
-6702
-6248
-5129
-3612
-2647
-2219
-1863
-872
1133
3535
5766
7278
7548
7026
6894
7786
9316
10244
10131
9410
8308
7059
6286
5930
5371
4493
3427
2506
1733
697
-504
-1587
-2383
-2530
-2317
-2144
-2293
-2819
-3471
-3555
-2844
-1730
-634
-92
-86
-56
320
991
1923
2797
3293
3214
2905
2746
2541
2282
2114
1838
1430
809
66
-655
-1557
-2419
-2943
-3342
-3717
-4090
-4445
-4620
-4633
-4483
-4060
-3552
-3304
-3127
-2772
-2357
-1907
-1248
-595
-122
195
406
429
426
438
247
58
-288
-878
-1474
-2303
-3104
-3682
-4187
-4754
-5350
-5959
-6808
-7612
-8099
-8091
-7730
-7651
-7575
-7196
-6315
-4671
-3123
-2104
-1363
-511
1021
3359
6028
8333
9137
8650
8292
9264
11204
12660
12943
11951
10460
8964
7936
7782
7599
6410
4702
3078
1871
891
-246
-1433
-2394
-3007
-3275
-3335
-3501
-3875
-4224
-4222
-3607
-2412
-1356
-846
-879
-942
-483
258
1084
1858
2177
2200
2126
2171
2381
2284
2111
2126
1960
1565
1137
449
-279
-660
-707
-585
-804
-1495
-2230
-2670
-2763
-2469
-2089
-2000
-2225
-2425
-2097
-1413
-754
-196
138
328
624
1171
1776
2139
2206
2040
1808
1570
1230
837
227
-554
-1164
-1753
-2414
-3164
-4035
-4796
-5457
-6035
-6445
-6911
-7242
-7481
-7357
-6888
-6549
-6350
-5565
-3921
-1989
-632
42
672
1844
3662
6054
8657
10101
9768
8662
8452
9713
11382
12069
11570
9988
8108
6773
6375
6387
5765
4127
1903
18
-1290
-2254
-3177
-4321
-5519
-6460
-7142
-7440
-7440
-7374
-7412
-7335
-6751
-5856
-5088
-4628
-4221
-3623
-2787
-1879
-1032
-434
-212
-107
330
1100
1946
2326
2185
1902
1739
1792
1992
2044
1651
983
548
461
411
257
-194
-809
-1197
-1221
-879
-609
-678
-970
-1117
-867
-483
-84
264
488
567
789
1213
1564
1663
1715
1767
1752
1672
1433
1158
808
413
116
-96
-551
-1166
-1713
-2083
-2264
-2480
-2852
-3301
-3763
-4112
-4103
-3869
-3620
-3442
-3561
-3517
-2572
-931
392
693
635
975
2177
4012
6271
8103
8393
7184
6261
6977
8801
10215
10087
8782
6861
5209
4593
4887
4995
4052
2025
-142
-1642
-2273
-2446
-2898
-3922
-5122
-6150
-6838
-6919
-6624
-6437
-6613
-6939
-6884
-6439
-6028
-5520
-4928
-4362
-3858
-3338
-2729
-2122
-1619
-1030
-194
609
1235
1715
2052
2430
2985
3657
4325
4538
4240
3855
3628
3682
3902
3840
3215
2097
1117
765
903
1112
856
97
-848
-1397
-1273
-608
-33
-12
-476
-820
-697
-60
778
1307
1362
1190
1126
1376
1926
2372
2393
1984
1510
1202
1191
1201
1079
727
126
-557
-1104
-1446
-1809
-2352
-2991
-3766
-4416
-4739
-4908
-4968
-5000
-5224
-5435
-5158
-4163
-2772
-1835
-1688
-1857
-1515
-348
1498
3415
4587
4367
3441
3170
4070
5487
6349
5977
4645
3135
2265
2377
2787
2515
1198
-780
-2503
-3237
-3061
-2875
-3467
-4769
-6151
-6968
-6885
-6109
-5341
-5180
-5640
-6044
-5798
-4815
-3580
-2480
-1819
-1613
-1507
-1147
-423
605
1618
2286
2568
2683
2844
3079
3369
3549
3511
3338
3242
3189
3059
2790
2433
2084
1860
1863
1950
1898
1588
1269
1131
1184
1356
1471
1496
1511
1647
2004
2492
2771
2941
3208
3651
4159
4568
4809
4816
4659
4536
4445
4270
3982
3441
2801
2147
1478
774
-31
-879
-1730
-2462
-3016
-3391
-3721
-4171
-4680
-5070
-5189
-5034
-4772
-4516
-4317
-4093
-3740
-3341
-2784
-2146
-1521
-900
-527
-378
-220
-25
218
450
527
380
-29
-500
-851
-1013
-1123
-1321
-1789
-2415
-2913
-3183
-3220
-3237
-3341
-3468
-3580
-3507
-3147
-2611
-2022
-1482
-1014
-543
12
675
1369
1993
2439
2642
2808
3027
3275
3426
3371
3124
2768
2386
2049
1747
1351
809
239
-329
-826
-1224
-1661
-2035
-2357
-2577
-2700
-2726
-2574
-2256
-1846
-1411
-905
-312
338
988
1658
2449
3257
3905
4398
4745
4978
5176
5363
5557
5620
5344
4810
4147
3476
2962
2529
1971
1258
387
-481
-1170
-1699
-2153
-2575
-3043
-3506
-3817
-3942
-3829
-3680
-3569
-3442
-3303
-2963
-2371
-1772
-1253
-824
-442
-26
379
804
1235
1575
1702
1675
1568
1406
1279
1044
682
352
-13
-377
-760
-1170
-1519
-1861
-2119
-2227
-2263
-2229
-2251
-2360
-2324
-2069
-1703
-1290
-914
-711
-590
-332
104
721
1305
1687
1932
2093
2344
2649
2917
3082
3068
2939
2870
2900
2919
2812
2515
2072
1633
1326
1076
868
556
82
-397
-712
-767
-718
-698
-706
-725
-679
-483
-234
39
215
359
513
708
987
1281
1502
1500
1417
1440
1493
1542
1557
1417
1178
824
509
328
175
-66
-459
-911
-1349
-1684
-1921
-2170
-2490
-2850
-3150
-3358
-3432
-3375
-3343
-3310
-3238
-3089
-2829
-2465
-2111
-1727
-1443
-1235
-944
-580
-137
277
571
708
843
991
1179
1412
1577
1590
1454
1228
984
850
749
560
277
-50
-450
-845
-1202
-1576
-1895
-2150
-2385
-2553
-2640
-2799
-2928
-2887
-2744
-2447
-2035
-1657
-1278
-911
-583
-184
304
862
1380
1779
2049
2251
2435
2592
2772
2874
2799
2616
2400
2204
2048
1887
1743
1500
1241
1060
870
783
696
544
436
301
155
142
176
183
205
269
369
505
677
823
916
984
1073
1199
1294
1313
1239
1077
890
657
437
169
-169
-497
-864
-1255
-1593
-1893
-2143
-2327
-2524
-2655
-2660
-2611
-2484
-2267
-2058
-1835
-1565
-1223
-837
-385
102
501
881
1289
1711
2166
2538
2764
2912
3011
3103
3243
3339
3265
3132
2953
2714
2506
2304
2004
1589
1096
610
242
-54
-388
-758
-1186
-1645
-2012
-2251
-2326
-2333
-2370
-2443
-2518
-2466
-2268
-1992
-1713
-1474
-1225
-935
-633
-290
83
413
659
821
1002
1156
1215
1168
1061
920
754
630
478
216
-130
-504
-832
-1052
-1181
-1306
-1519
-1796
-1985
-1984
-1820
-1603
-1397
-1249
-1096
-931
-636
-199
198
490
676
739
728
781
898
949
881
742
477
193
-63
-270
-415
-598
-849
-1203
-1600
-1936
-2105
-2127
-2086
-2067
-2070
-2106
-2098
-1962
-1642
-1206
-843
-595
-393
-108
266
738
1205
1607
1977
2230
2429
2646
2787
2818
2744
2621
2572
2551
2441
2227
1957
1637
1342
1149
973
787
545
199
-65
-187
-262
-311
-404
-494
-565
-644
-637
-562
-519
-488
-431
-327
-167
-17
97
164
196
232
264
289
308
298
209
107
17
-47
-125
-268
-385
-525
-693
-806
-896
-974
-977
-949
-910
-817
-676
-491
-254
-6
217
434
568
667
758
822
965
1086
1136
1127
1062
971
848
745
655
547
396
170
-28
-151
-210
-229
-302
-436
-596
-682
-700
-647
-573
-520
-463
-435
-410
-320
-198
-116
-69
-80
-96
-108
-56
19
90
162
164
134
61
-24
-136
-261
-397
-504
-558
-622
-702
-744
-717
-685
-642
-627
-581
-540
-523
-402
-259
-118
48
216
355
493
605
692
774
792
784
710
544
386
253
111
-38
-232
-525
-807
-1034
-1215
-1337
-1466
-1618
-1800
-1936
-2003
-2015
-1957
-1903
-1874
-1839
-1742
-1565
-1384
-1212
-1056
-932
-800
-644
-456
-282
-164
-8
198
394
572
733
883
1042
1154
1241
1320
1365
1375
1366
1378
1372
1328
1199
1015
884
782
708
592
435
297
204
191
239
332
325
272
220
213
350
558
763
909
926
927
1024
1130
1216
1251
1208
1134
1066
1007
941
816
614
380
195
75
6
-51
-202
-414
-611
-692
-683
-654
-623
-638
-648
-612
-495
-306
-108
55
174
281
375
506
696
830
908
941
937
889
817
756
673
544
363
185
11
-192
-398
-569
-705
-804
-908
-1020
-1121
-1224
-1316
-1335
-1297
-1187
-1011
-857
-726
-577
-443
-369
-267
-145
33
245
408
497
516
523
569
688
803
853
815
711
594
512
440
354
243
103
-52
-199
-343
-505
-675
-833
-941
-999
-995
-993
-991
-970
-927
-841
-714
-518
-313
-141
35
201
339
426
455
495
563
633
697
727
695
590
458
349
270
179
41
-120
-253
-362
-441
-531
-630
-720
-798
-827
-811
-760
-702
-679
-664
-610
-576
-538
-493
-450
-414
-412
-431
-440
-440
-440
-391
-314
-241
-237
-285
-329
-334
-307
-254
-197
-184
-172
-139
-65
37
131
210
317
465
626
776
889
954
1008
1096
1186
1309
1389
1370
1317
1264
1257
1250
1255
1238
1173
1085
1022
1012
1037
1087
1122
1134
1102
1016
905
827
786
728
672
592
504
419
308
175
56
-23
-107
-200
-327
-454
-546
-550
-494
-438
-379
-375
-423
-445
-454
-400
-286
-235
-204
-180
-148
-100
-44
1
15
23
33
75
155
218
205
152
101
82
77
35
-31
-112
-204
-287
-363
-448
-574
-756
-953
-1087
-1163
-1227
-1278
-1325
-1371
-1408
-1417
-1410
-1407
-1401
-1384
-1347
-1297
-1260
-1197
-1110
-1010
-869
-695
-516
-351
-231
-138
-26
96
243
392
491
567
608
602
573
593
646
673
669
613
530
435
379
383
405
399
332
224
116
79
117
164
195
196
173
164
168
205
255
273
277
244
202
192
208
215
198
171
107
16
-42
-54
-63
-92
-171
-286
-380
-431
-447
-451
-476
-554
-609
-614
-565
-484
-435
-427
-441
-436
-393
-297
-169
-80
-33
-17
12
89
191
304
392
441
489
547
605
663
726
761
776
773
761
747
726
715
709
707
715
710
701
668
617
576
550
552
571
601
615
605
586
573
582
600
626
621
551
468
380
307
256
201
130
40
-56
-157
-235
-276
-298
-294
-282
-288
-300
-291
-238
-125
-12
82
163
216
263
344
469
568
599
550
475
416
377
365
304
186
24
-132
-229
-294
-319
-398
-549
-697
-807
-827
-788
-773
-825
-927
-1028
-1071
-1017
-943
-881
-852
-875
-906
-895
-831
-750
-681
-639
-627
-616
-581
-540
-463
-393
-368
-389
-440
-494
-544
-601
-648
-691
-736
-777
-817
-846
-872
-898
-896
-880
-835
-737
-633
-512
-404
-294
-172
-25
151
332
501
655
781
898
992
1071
1117
1116
1085
989
922
853
785
737
645
551
406
261
179
148
140
129
105
21
-90
-140
-95
3
64
84
119
171
248
374
521
619
634
624
652
720
823
910
973
1017
987
943
926
935
918
833
730
576
402
219
36
-106
-270
-448
-608
-735
-805
-821
-793
-751
-709
-662
-582
-500
-407
-294
-192
-103
-27
75
190
293
390
426
421
439
450
439
433
406
331
214
85
-58
-181
-243
-298
-342
-416
-510
-590
-619
-596
-562
-521
-531
-578
-578
-553
-524
-462
-392
-353
-278
-171
-78
63
217
351
437
490
539
603
641
605
573
538
511
459
389
310
221
68
-84
-192
-262
-307
-314
-304
-324
-334
-341
-311
-215
-71
24
96
82
44
54
85
173
270
378
415
406
408
414
459
497
474
414
356
320
232
121
9
-145
-296
-415
-492
-537
-644
-778
-848
-924
-947
-941
-905
-842
-783
-716
-658
-570
-464
-340
-217
-85
7
75
148
193
245
287
304
296
315
360
336
332
364
368
420
461
493
527
515
475
431
352
202
69
-38
-127
-186
-217
-216
-213
-203
-190
-152
-107
-67
-12
35
92
165
218
192
115
72
12
-19
32
85
121
138
105
100
122
185
282
381
486
485
469
476
473
524
551
515
499
467
410
380
361
322
243
157
108
90
59
6
-52
-81
-104
-116
-76
-53
-114
-195
-282
-339
-345
-346
-344
-366
-453
-532
-527
-483
-371
-277
-226
-205
-206
-239
-270
-253
-245
-199
-153
-140
-126
-153
-175
-160
-161
-146
-145
-131
-54
6
56
94
68
25
-4
-10
15
48
16
20
54
63
109
99
86
0
-70
-183
-164
-315
-103
209
-68
-58
-386
-798
-982
-1188
-853
-964
-609
-1221
-1623
-570
-1226
-588
-305
-391
-399
-795
-370
7
864
924
1073
730
-127
-466
-925
-677
-107
269
490
477
42
-600
-767
-774
-602
73
383
577
511
49
-425
-820
-1009
-855
-506
-199
109
47
-203
-450
-597
-523
-254
41
423
565
474
490
364
675
804
1013
1258
1241
1424
1174
1351
1330
1232
1306
1046
1082
880
729
506
286
214
138
211
141
124
183
133
161
185
151
138
196
366
529
723
902
1057
1070
1048
1080
1158
1086
1123
1258
1215
1432
1410
1290
950
387
28
-341
-484
-506
-501
-630
-950
-1248
-1674
-1984
-2139
-2145
-1998
-1830
-1512
-1333
-1197
-1108
-1120
-1045
-1088
-1036
-678
-217
37
268
295
-10
-225
-529
-621
-308
-199
-115
113
33
-335
-530
-728
-1009
-817
-755
-602
-406
-631
-662
-884
-996
-984
-642
-263
-146
349
382
298
482
536
533
964
1070
1184
1672
1499
1517
1567
1499
1489
1538
1568
1478
1660
1360
1364
1295
893
695
418
327
182
269
149
-3
-159
-347
-407
-671
-467
-419
-444
-251
-269
-147
-253
-220
-176
-15
246
154
487
661
234
408
484
480
429
317
474
219
47
93
24
8
-175
-349
-253
-265
-275
-378
-211
-446
-526
-310
-484
-336
-291
-267
-389
-361
-193
-636
-557
-284
-555
-225
121
-306
-71
43
-359
-14
114
-121
153
-27
-215
-80
-343
-279
-261
-647
-465
-295
-730
-413
-298
-618
-228
-234
-32
280
-46
-1
427
279
321
687
814
674
558
960
708
519
671
531
703
653
663
630
461
467
-11
247
-205
-554
87
-464
-313
34
-442
-567
-412
-569
-648
-470
-453
-343
-468
-484
-409
-466
-817
-686
-301
-742
-364
-201
-379
-549
54
-294
-441
178
-277
164
50
-64
2
-59
84
-312
-46
-218
-393
-13
-419
-177
59
-469
-381
-260
-598
-446
-102
-607
-483
-59
-825
-506
144
-560
-235
143
-507
149
40
-188
410
-105
-222
20
30
-373
122
-138
-683
-6
-542
-482
-340
-468
-369
-393
-238
-305
-340
-501
-370
-233
-154
-89
66
-76
89
-74
-49
319
160
589
519
671
594
403
524
580
425
776
549
379
558
255
441
442
650
482
557
507
433
665
431
691
988
537
795
1171
522
974
952
718
986
939
1003
993
1151
824
921
939
972
709
829
1195
678
1128
1282
616
929
943
583
768
722
426
618
281
-12
307
-136
-241
19
-20
-472
119
-97
-888
-216
-487
-693
-279
-413
-591
-201
-495
-646
-29
-553
-429
-241
-386
-14
-274
75
-161
-440
-24
-393
-479
88
-13
-150
84
-102
-460
-303
-375
-525
-310
-262
-604
-329
-470
-955
-331
-1109
-913
-779
-1048
-491
-811
-844
-696
-954
-963
-689
-656
-806
-524
-564
-983
-550
-782
-778
-764
-952
-616
-902
-553
-1003
-1015
-626
-1098
-1094
-627
-668
-1092
-595
-674
-788
-268
-506
-183
-131
-727
-56
-33
-396
423
336
57
411
197
53
410
568
169
827
821
226
815
631
584
626
232
857
689
536
879
699
435
49
253
-39
499
359
93
736
29
63
74
126
185
164
511
607
617
554
589
790
773
587
1468
1054
979
1388
879
1082
759
813
1028
1137
1000
1183
1128
452
526
419
186
32
566
249
-84
407
29
-187
46
-128
-240
-23
-86
-334
-117
-135
-542
-247
-264
-420
-143
-396
-618
-113
-653
-688
-87
-759
-559
-349
-742
-483
-418
-881
-349
-428
-873
-409
-676
-655
-769
-640
-524
-636
-551
-640
-474
-576
-226
-254
-445
126
-195
-111
274
0
639
255
206
770
186
245
276
496
174
87
254
-48
-88
1
-63
-71
-202
-270
-408
-548
-276
-550
-302
-270
-502
-542
-246
-531
-439
-271
-534
-4
-340
-308
68
-109
-410
10
-221
-142
-82
-63
82
-126
272
4
22
212
-124
-67
-84
-237
-108
-336
-449
14
-509
-727
-411
-876
-1049
-828
-1110
-1149
-859
-1337
-911
-729
-971
-563
-280
-405
-326
-104
-121
-40
49
246
234
757
654
607
939
848
735
762
798
886
944
763
931
797
697
427
528
580
574
869
728
1272
702
678
879
508
691
479
536
933
646
718
1154
687
606
679
826
620
795
1089
533
1144
657
652
969
582
881
606
718
610
536
361
454
-13
0
195
-357
49
-62
-72
32
-90
32
108
-110
200
106
78
366
-119
91
354
60
140
363
-35
114
-21
-195
94
-181
-556
-130
-595
-533
-38
-605
-356
-298
-724
-421
-240
-790
-456
-503
-634
-466
-721
-554
-923
-801
-611
-799
-720
-512
-669
-591
-400
-599
-163
-523
-161
-311
-222
36
-223
307
34
243
-28
-49
-147
-375
-80
-399
-170
-166
-694
-147
-457
-406
-133
-600
-163
-476
-409
-154
-589
-246
-266
-349
-142
-198
-298
-430
-376
-396
-545
-421
-500
-645
-432
-834
-587
-326
-572
-306
-104
-610
-76
-258
-241
172
133
271
286
108
205
382
-170
297
76
119
338
19
559
207
125
575
219
543
616
302
911
696
709
635
303
799
266
545
876
376
484
404
145
317
190
-63
242
153
-111
170
355
-44
531
422
394
727
320
482
914
397
706
1039
626
854
710
610
1006
639
808
1041
849
746
728
579
513
787
334
743
768
298
598
691
311
229
400
-135
-40
0
-266
-286
-24
-246
-407
148
-490
-202
-52
-813
-48
-418
-710
31
-360
-342
12
-374
-565
-263
-169
-660
-190
-279
-856
-206
-865
-662
-328
-1059
-648
-934
-899
-696
-1248
-882
-896
-1160
-879
-930
-899
-823
-1107
-1000
-802
-882
-612
-557
-675
-506
-784
-667
-610
-760
-411
-308
-520
-405
-459
-645
-266
-614
0
-137
-394
36
-231
7
-489
-432
-354
-519
-459
-490
-135
-206
-443
-523
-118
-212
-520
-2
-171
238
-3
-60
435
285
247
613
813
662
625
562
781
356
654
948
283
601
807
106
774
643
97
581
536
191
534
502
386
379
31
351
296
404
582
384
457
442
518
432
620
865
126
909
640
193
842
487
492
133
682
199
150
674
-77
188
188
-256
266
-195
-263
289
-387
96
65
43
472
-10
-93
148
-95
-96
-14
-327
-226
-369
-261
-105
-56
-220
-129
81
-230
-40
255
41
361
255
-178
519
-65
79
428
187
432
196
106
223
148
-310
96
63
-586
67
-86
-453
431
-384
-45
380
-402
-80
-193
-103
-265
-226
106
-312
-104
-277
-187
48
-305
12
223
-303
155
-34
-625
100
-548
-793
153
-617
-598
-105
-601
-666
-360
-507
-785
-248
-833
-563
-121
-683
-323
-143
-205
-195
-14
42
-129
-287
-311
-297
-137
-111
-346
190
-241
-495
42
-227
-39
237
-106
-33
53
-285
-4
215
95
234
350
105
-82
257
-104
-127
385
53
67
226
-133
0
15
-110
250
163
59
447
-44
116
594
-54
219
707
174
215
386
158
15
220
141
327
282
173
366
445
237
417
498
367
723
167
180
617
456
12
499
474
-154
602
36
-12
559
-66
-298
628
58
-55
393
-60
47
34
154
32
438
-11
-19
154
-394
-7
-123
-200
245
-46
-55
110
-280
-123
-144
-33
-49
-22
-36
-426
-322
-318
-441
-426
-101
-482
-428
-180
-457
-335
-120
-358
-291
-26
-48
-237
26
-25
-147
-50
-67
-8
187
70
-198
7
29
-481
37
-106
-245
24
-307
-126
-91
-116
-568
33
-83
-602
256
-5
-768
32
-186
-684
177
-199
-554
396
-425
-276
338
-253
92
85
289
-92
226
61
-140
169
-351
-237
-105
-527
-226
-19
-852
-69
-696
-563
-204
-634
-265
-189
-242
-223
0
-338
-132
-293
-149
523
-143
169
-19
-176
-134
57
303
22
187
16
-102
262
216
-101
596
-123
-107
599
-148
4
297
-55
222
-84
-308
613
-51
-393
848
68
-321
501
184
60
1092
48
243
1045
75
322
918
475
625
478
179
668
450
287
272
969
310
247
605
483
824
408
616
928
484
245
673
598
338
417
850
299
325
492
32
533
260
144
203
413
124
-332
377
363
82
87
569
535
-260
-58
177
240
56
-121
629
-171
-471
430
-404
-120
347
-554
-108
602
-694
-312
296
-686
-15
-32
-425
285
-329
-546
336
-614
-794
-241
-464
-287
-283
-260
-326
-312
-843
-41
11
-544
132
-403
-522
-132
-298
-490
68
-379
-525
-187
-327
-610
-23
-216
-606
99
-913
-546
35
-671
-182
-214
-540
-277
-382
-421
-65
-520
-702
70
-484
-54
-207
-154
-416
-608
175
-588
78
-32
-872
-52
-363
-667
-21
-383
-276
-571
-523
-19
-593
-36
94
-265
35
-161
-48
229
1
102
621
-62
-85
755
-95
70
466
-76
91
195
-333
9
237
-489
24
175
-220
28
325
-47
137
666
-325
191
476
-106
-16
577
360
-242
362
334
-189
210
273
-133
591
-110
-40
598
147
-146
515
154
-138
344
-444
327
195
-163
224
230
-20
-16
625
470
162
485
346
89
465
315
422
534
310
74
144
602
-154
352
468
-160
320
89
286
263
-37
161
188
-27
245
314
40
105
107
555
410
339
244
369
-243
-100
331
19
227
-45
6
89
-276
-25
291
-202
241
-211
-298
465
-107
-18
395
-29
-279
-116
-242
134
-310
-242
-137
-138
-365
-243
-187
-137
-45
-747
110
-55
-994
-160
-202
-553
-197
-439
-667
-362
-526
-1012
125
-427
-740
114
-268
-414
3
-484
-473
-26
-805
-268
100
-689
-405
-432
-927
-231
-363
-481
313
-302
-365
392
-296
69
562
11
533
332
196
210
348
272
-231
487
145
-12
620
-60
488
241
-320
652
24
-173
583
375
117
423
632
119
96
565
335
318
600
206
313
363
-130
293
71
-17
116
-93
-25
151
438
-397
478
654
-514
591
158
-254
491
-161
201
529
-216
91
97
45
115
385
492
95
458
157
10
494
-24
140
315
51
184
-181
-125
51
-261
-95
134
183
2
357
233
182
205
58
121
86
164
448
-63
276
468
-264
312
99
53
320
79
252
248
198
285
-10
526
326
62
712
-22
275
361
19
288
402
421
-303
524
197
-157
409
-124
24
19
-519
-86
43
-946
-235
-478
-724
-450
-520
-763
-586
-501
-1408
-341
-951
-990
-468
-1180
-667
-859
-1274
-745
-619
-1266
-648
-1030
-1203
-623
-1233
-1044
-868
-1123
-1396
-1029
-1038
-1346
-1107
-1137
-1078
-855
-812
-872
-533
-583
-831
-391
-517
-424
-685
-183
-398
-635
-50
-338
-321
-71
88
-171
-37
258
-187
246
179
-42
561
91
433
522
203
825
232
720
759
465
946
622
1167
722
756
1082
306
720
1019
288
764
1107
400
563
657
815
420
671
1129
174
577
757
173
711
806
283
586
736
190
560
890
147
733
533
-102
1173
190
249
1044
-51
522
843
165
402
650
289
363
552
652
217
555
535
72
917
361
388
879
320
623
305
150
548
133
311
581
189
31
463
52
-76
287
-113
-266
191
-84
-189
-50
-41
-69
-409
98
-115
-509
56
-37
-348
-45
-261
-501
-125
-72
-423
-197
-232
-785
-515
-249
-843
-313
-438
-779
-322
-537
-710
-449
-514
-516
-363
-532
-530
-609
-439
-695
-509
-428
-823
-266
-781
-292
-95
-386
31
-186
-54
-213
-68
-324
-232
-42
-589
-122
-85
-638
-148
-117
-798
175
-219
-521
292
-11
-362
4
274
-401
293
124
-341
562
-315
-612
393
-290
-454
202
-147
-172
-194
-141
-305
-275
-134
-461
-115
-169
-86
-329
-398
335
-438
-221
450
-236
-223
211
31
-230
499
275
150
