-2
-2
-1
-2
-1
-1
0
1
0
0
-2
-3
-4
-3
1
2
2
1
2
0
-1
0
-2
-2
-1
-1
-2
-2
-3
-1
-1
-2
-2
-1
-1
-1
-1
0
0
-2
-1
-2
-1
2
1
1
1
0
0
2
4
4
6
7
8
6
4
2
2
3
2
2
0
-1
-1
-1
-1
-2
-3
-1
-1
-3
-5
-4
-4
-5
-3
-3
-4
-4
-3
-5
-6
-5
-4
-2
-1
-2
-1
3
4
5
6
4
2
1
3
4
4
2
0
1
2
2
2
0
2
3
4
3
3
-1
-4
-3
-3
-2
1
2
0
2
2
1
0
-1
-2
-2
-2
2
1
-1
-2
-1
-1
-1
-1
2
1
0
1
0
-1
-2
-1
0
-2
-1
0
1
1
2
0
0
-1
-4
-5
-3
1
1
-1
2
2
0
0
-1
0
4
4
3
-1
-4
-5
-6
-3
-4
-4
-3
-5
-6
-4
-2
-1
-1
-3
-5
-5
-3
0
2
2
4
4
5
4
4
7
7
8
7
4
4
4
2
3
4
4
3
2
1
3
5
3
0
-1
-1
-3
-3
-3
0
0
-3
-3
0
1
3
5
5
3
1
1
1
2
3
1
1
-2
-4
-5
-3
-4
-5
-5
-7
-7
-4
-3
-4
-8
-7
-5
-5
-9
-8
-5
-3
-2
0
-1
-2
-2
-3
0
1
2
3
3
3
1
-1
-2
-1
-1
0
2
5
4
3
1
1
0
1
2
4
3
4
5
5
6
5
7
6
5
4
3
3
4
5
5
2
2
3
2
4
3
-1
-2
-1
0
0
0
-1
-2
-1
0
-1
-1
2
4
3
2
-1
-3
-3
-2
-2
-1
-2
-4
-6
-10
-7
-6
-5
-5
-5
-7
-7
-8
-6
-3
-4
-1
3
6
6
4
4
4
6
10
9
9
6
5
8
10
12
11
5
1
0
2
3
-1
-5
-13
-19
-22
-25
-28
-32
-35
-38
-40
-37
-34
-29
-26
-22
-17
-11
-5
-1
-1
2
4
6
10
12
16
22
26
30
33
37
37
38
41
42
41
40
37
36
35
32
34
35
33
32
31
28
26
22
17
13
10
7
3
-2
-8
-14
-18
-21
-21
-21
-25
-28
-32
-36
-37
-39
-38
-39
-41
-42
-42
-43
-42
-39
-37
-34
-29
-25
-23
-19
-16
-10
-1
6
9
6
1
0
7
16
18
13
7
3
4
13
20
20
14
3
-2
3
11
11
0
-19
-31
-34
-29
-23
-20
-23
-28
-29
-24
-11
-1
5
6
7
12
19
23
23
23
26
34
43
50
54
55
53
54
55
57
57
53
47
45
45
47
47
42
35
29
28
27
28
26
19
10
3
-3
-8
-11
-16
-25
-32
-35
-37
-41
-46
-53
-60
-61
-61
-61
-61
-58
-61
-62
-62
-61
-58
-58
-56
-53
-50
-48
-47
-46
-46
-40
-33
-27
-23
-18
-14
-12
-7
-3
3
6
10
13
18
23
27
32
34
35
38
41
43
41
43
43
42
42
41
40
39
40
42
43
45
42
41
39
36
34
34
34
35
34
32
34
42
49
51
58
41
30
41
53
67
49
9
-12
-13
8
29
24
-19
-68
-96
-107
-86
-85
-136
-209
-308
-359
-333
-313
-305
-355
-434
-438
-404
-338
-296
-322
-342
-333
-280
-199
-152
-145
-160
-166
-121
-34
60
121
141
149
182
261
326
352
338
313
345
423
500
551
530
484
460
456
501
546
551
535
471
421
402
376
342
271
193
158
154
162
135
55
-42
-123
-176
-225
-264
-306
-343
-358
-373
-385
-406
-447
-476
-491
-481
-435
-401
-393
-412
-447
-442
-399
-335
-268
-224
-183
-134
-86
-42
-25
-38
-55
-51
-7
69
148
186
177
145
118
122
141
157
162
157
157
164
167
158
128
91
69
89
168
306
453
547
501
330
169
134
252
412
470
380
232
146
196
319
391
317
115
-74
-113
15
151
87
-237
-695
-1045
-1166
-1103
-1004
-1006
-1080
-1149
-1129
-986
-833
-752
-775
-822
-741
-495
-207
-55
-100
-243
-307
-190
72
351
538
617
661
766
934
1067
1051
890
723
727
948
1254
1445
1407
1195
985
926
1028
1163
1185
1065
906
825
830
819
672
383
69
-119
-123
-25
24
-88
-347
-641
-861
-974
-1019
-1037
-1028
-978
-904
-859
-892
-1010
-1152
-1238
-1214
-1101
-979
-927
-961
-1023
-1040
-997
-945
-929
-929
-873
-706
-470
-273
-199
-250
-337
-362
-282
-133
15
118
188
263
356
440
469
443
419
462
589
752
867
888
828
754
737
816
992
1217
1409
1487
1431
1316
1251
1279
1325
1275
1099
894
796
847
966
1007
860
535
166
-69
-84
28
55
-164
-617
-1129
-1506
-1672
-1683
-1659
-1674
-1722
-1718
-1594
-1370
-1169
-1115
-1203
-1282
-1194
-931
-636
-471
-466
-512
-488
-349
-147
40
175
281
415
609
815
922
871
719
620
683
868
1041
1101
1063
1011
993
985
923
775
580
417
359
414
496
488
338
97
-125
-243
-270
-279
-325
-404
-486
-560
-650
-772
-906
-1006
-1019
-933
-768
-585
-458
-422
-452
-485
-485
-458
-427
-390
-325
-216
-79
44
111
110
84
101
191
318
430
498
532
538
504
432
347
286
267
286
340
415
462
434
353
296
317
356
319
214
166
266
470
654
740
733
652
507
353
293
360
454
423
240
36
-48
7
101
121
9
-216
-455
-575
-500
-323
-291
-592
-1166
-1746
-2093
-2167
-2091
-1983
-1882
-1782
-1663
-1507
-1303
-1097
-989
-988
-964
-755
-359
32
233
254
245
322
487
689
905
1128
1324
1486
1644
1818
1942
1904
1702
1507
1496
1675
1886
1973
1914
1803
1718
1652
1560
1403
1189
968
823
799
850
845
661
305
-79
-348
-482
-595
-787
-1047
-1285
-1445
-1559
-1690
-1848
-1987
-2049
-2014
-1908
-1770
-1655
-1590
-1557
-1537
-1515
-1498
-1492
-1462
-1369
-1197
-968
-734
-555
-456
-413
-353
-226
-49
100
162
160
174
256
378
483
535
570
649
792
963
1110
1190
1195
1159
1142
1244
1500
1788
1880
1645
1237
988
1097
1401
1554
1367
975
668
625
785
946
887
512
-30
-418
-392
-22
287
129
-526
-1334
-1890
-2063
-2026
-1996
-2039
-2063
-1942
-1639
-1234
-908
-843
-1045
-1277
-1244
-865
-375
-90
-86
-166
-119
68
255
335
319
305
424
754
1218
1591
1644
1364
983
787
877
1104
1233
1191
1119
1187
1382
1515
1411
1083
686
395
307
418
565
529
293
119
252
443
225
-480
-1275
-1755
-1862
-1779
-1671
-1622
-1592
-1546
-1515
-1466
-1430
-1484
-1562
-1502
-1191
-774
-481
-400
-620
-1045
-1383
-1395
-1006
-364
289
766
1017
1092
961
610
220
43
109
294
509
661
725
730
698
725
827
978
1153
1343
1937
2971
3873
3934
2869
1350
257
-4
479
898
825
528
132
-81
-68
-115
-609
-1943
-3422
-3974
-3405
-1923
-612
-515
-1596
-3092
-3962
-3894
-3100
-1802
-575
377
1151
1689
1880
1575
901
2
-564
-73
1258
2611
3265
3008
2208
1160
304
-238
-660
-816
-594
57
990
1604
1454
498
-720
-1543
-1819
-1447
-582
414
1243
1653
1714
1530
950
53
-827
-1129
-657
123
726
931
665
-26
-930
-1706
-2138
-2097
-1707
-1177
-506
89
274
-43
-646
-1050
-1150
-1008
-542
63
617
1055
1211
1129
853
375
-80
-256
24
583
910
931
762
279
-248
-646
-932
-923
-613
-371
-109
24
163
308
194
408
964
895
1224
2774
4561
5660
4410
1466
-1071
-2434
-2066
-1233
-1702
-1867
-1672
-1983
-2151
-2534
-3141
-4189
-5925
-6420
-5109
-2568
666
2222
1281
-610
-2135
-2430
-1294
741
3127
5130
6320
6458
5262
3120
1144
-298
-991
-399
1009
2437
3164
2486
709
-1284
-2744
-3470
-3615
-2660
-694
1305
2763
3194
2469
1100
-142
-591
-356
547
2088
3300
3697
3299
1913
59
-1531
-2577
-2971
-2747
-1776
-553
-266
-940
-2032
-3320
-4092
-4096
-3534
-2191
-315
1217
1655
994
83
-548
-769
-221
762
1505
1986
1960
1355
498
-410
-1119
-1553
-1344
-633
12
554
651
390
-150
-883
-1227
-1292
-587
262
850
1916
2084
1752
1160
401
940
1443
2407
3013
2051
3362
5573
5892
4313
3
-3765
-5488
-5665
-3747
-3385
-3919
-2825
-2847
-3335
-3400
-3918
-4629
-5744
-5528
-3350
-223
3612
5974
4560
1040
-1433
-2605
-1931
837
3767
6399
7789
7154
4487
269
-2459
-3345
-3376
-1768
339
2122
3273
3038
1418
-1066
-2657
-2879
-2333
-282
2926
5587
6558
5700
3461
786
-696
-626
17
968
2104
2825
2588
1391
-836
-3750
-5602
-5686
-4845
-3415
-1625
-275
-95
-948
-2319
-3925
-4746
-4008
-2306
-320
1579
2627
2057
357
-1529
-2823
-2929
-1853
-129
1363
2056
2122
1313
-409
-2208
-3299
-2853
-1327
349
1775
2346
2168
1865
895
-80
-287
237
1340
2459
3372
3909
3641
3008
2697
1803
1861
1517
2056
4987
7271
7366
3452
-1695
-5446
-7136
-6357
-4968
-5021
-4236
-2430
-1390
-954
-2348
-4343
-6446
-7162
-4905
-1825
1884
5363
5821
2967
-1198
-4316
-5293
-3827
-400
3306
6083
7219
6001
2215
-2097
-4475
-5067
-3707
-862
2040
4281
5251
4601
2016
-1064
-2825
-2801
-976
2205
5554
7389
7327
5840
3043
260
-1149
-1516
-1260
-507
793
2021
1883
226
-2155
-4105
-4591
-4069
-3226
-1700
221
1515
1280
-186
-1949
-3204
-3667
-3216
-2307
-1100
244
847
900
353
-307
-1046
-1723
-1867
-1724
-750
429
786
175
-1254
-2176
-2481
-2363
-1855
-1143
173
1093
1932
2134
1865
1486
1709
2175
2268
2458
2849
3295
3510
3744
2885
4768
7470
7857
4857
-497
-3822
-5873
-6139
-5104
-5265
-4791
-2609
-1255
-464
-666
-2175
-4216
-6180
-5027
-1937
1408
4976
5781
2884
-1412
-4566
-5652
-4776
-2317
895
3623
5403
5457
2861
-719
-3133
-4524
-4703
-2611
861
4357
6535
6567
4307
836
-1712
-2935
-2690
-600
2232
4509
6046
6529
5370
2671
-96
-2065
-3234
-2912
-1155
1184
3028
3291
1768
-775
-2821
-3704
-3631
-2331
-209
1480
1949
1410
263
-1350
-3035
-4084
-4055
-2880
-953
680
1774
1825
621
-1379
-3157
-3384
-2546
-1325
-467
-193
-279
-923
-1828
-2920
-3017
-2776
-2098
-1093
-20
1557
2282
3080
3045
2772
2222
2186
2478
3223
3821
4704
8275
9806
8582
3478
-2857
-6793
-8326
-6653
-5502
-5654
-4617
-2647
-414
2104
2169
-970
-4878
-6611
-4081
495
5814
9581
7944
2631
-3355
-7712
-8597
-6748
-3403
117
3376
6208
6222
3097
-822
-4191
-5936
-4952
-1765
2273
5990
8147
7745
4543
921
-1726
-3279
-3113
-1610
630
3174
5483
6166
4524
1195
-2251
-4568
-4974
-3400
-825
2103
4652
5295
3734
1155
-1428
-2958
-3370
-2538
-559
1555
3050
2907
919
-1925
-4485
-5604
-5033
-3129
-184
2516
3733
3009
937
-1413
-2995
-2984
-2091
-1060
87
924
847
-843
-3459
-5590
-6377
-5136
-3095
-732
1308
2692
3228
2121
759
-477
-752
185
1582
3473
4693
7454
11145
11385
7202
-395
-7262
-10758
-9860
-6664
-4799
-4073
-2567
-459
1806
3584
1583
-2923
-6133
-4788
916
7241
12226
12324
6800
-747
-7008
-9467
-8126
-4710
-1276
1752
4816
6865
5735
1655
-3035
-6973
-7754
-4527
697
6064
9561
10165
7119
1934
-2131
-4351
-4518
-3271
-1017
1687
4147
5700
4722
1043
-3881
-7059
-7220
-5046
-1770
1284
3848
5620
5628
3226
-302
-3051
-3973
-3236
-1001
2151
4009
3618
734
-3131
-5387
-6097
-4762
-2436
556
3231
3900
2941
396
-2228
-3618
-2814
-989
1636
4106
5179
4122
364
-3794
-7460
-8124
-5910
-3106
-290
1110
1342
1174
600
-162
-510
152
1405
4080
10864
16702
16878
10248
-309
-9692
-13690
-11734
-9765
-8928
-6905
-2981
1085
4052
2954
-3436
-10144
-12182
-7275
1455
11026
16837
14852
7987
-220
-6323
-8804
-7519
-4200
-465
4619
9280
10084
6344
50
-6918
-11684
-10809
-5280
2321
9479
13154
11390
6174
1609
-1557
-3496
-3740
-2181
1232
5797
9571
9205
4193
-2806
-8631
-11003
-9972
-6742
-2773
1154
4159
4729
2612
-608
-3244
-4529
-3656
-795
3101
5919
6061
3761
-392
-4472
-7167
-7766
-5581
-1353
2830
4784
4018
1330
-2112
-4969
-5578
-4029
-827
3476
5971
5818
3457
-169
-3525
-5648
-5474
-4000
-1457
2079
4781
5643
4835
2169
-472
-2363
-578
6552
12602
13958
8316
-874
-8329
-11024
-9704
-9389
-9515
-7463
-3072
2668
7070
4432
-3843
-11576
-13748
-8629
-388
8002
11887
10216
5762
-200
-4439
-6144
-5405
-2940
777
6025
10313
10985
7332
491
-7313
-11899
-10705
-4969
2609
8423
10461
8635
5304
2252
-899
-3228
-3757
-1642
3169
8860
12038
10412
5273
-1031
-6091
-8213
-7841
-6082
-3225
477
3303
3462
1051
-3091
-7225
-8629
-6548
-1604
3988
7249
6906
3570
-285
-3269
-5092
-5349
-4038
-1456
1822
4199
4440
2026
-1602
-4582
-5945
-4658
-1903
849
2872
3026
1496
-894
-3074
-3936
-4166
-2309
-55
2326
4925
5444
4282
1572
-897
-2446
-2375
-439
5960
13427
16950
13211
2193
-8879
-15102
-12581
-7733
-5643
-4758
-3506
1099
6935
7528
-713
-12023
-17819
-13405
-2431
8185
13390
11025
5394
-1346
-7065
-9727
-9033
-4459
1066
6750
11556
13277
11274
4776
-4840
-13237
-14519
-7525
3269
11908
14404
10967
4974
228
-3021
-5311
-6195
-4474
808
7240
11611
11216
6218
-464
-6320
-8875
-7512
-3231
1792
5175
6206
4759
1269
-3133
-6847
-8346
-6571
-2007
3359
6877
6232
2491
-2677
-7053
-8356
-7358
-4070
549
4871
6938
5601
1800
-2934
-5618
-5644
-3507
-214
2939
4536
3623
1309
-2471
-5890
-7913
-7811
-5113
-1149
2650
3820
3028
988
-1215
-2939
-3394
-2394
2969
13016
20321
19784
9346
-4795
-14340
-13896
-7638
-4481
-4666
-4916
-913
7075
11929
6146
-7645
-18701
-18401
-6889
7575
16794
16429
9460
380
-7759
-12376
-12263
-7283
-720
5584
10642
13269
12615
7299
-2810
-14126
-18796
-12727
377
12612
17777
14793
7924
1973
-2513
-6146
-8271
-7572
-3275
3803
10850
13727
10685
2887
-6446
-12675
-13015
-8126
-1727
3148
5054
4730
3601
1311
-2572
-6794
-7916
-4535
2013
8248
10360
7691
1950
-3890
-8113
-9840
-8326
-4777
-220
4339
7034
6251
2556
-1821
-5090
-5604
-2888
1638
4977
5631
3623
28
-3376
-5304
-6115
-6250
-4897
-2490
-339
915
1591
1046
876
607
3115
10290
15982
15572
6492
-5351
-12994
-12320
-7539
-6453
-7140
-5825
-7
7417
9745
1945
-10399
-16922
-13337
-2034
9329
15951
15001
8552
-822
-10151
-13768
-10975
-3867
3379
9392
14172
15820
12311
2391
-10246
-18356
-16445
-6150
5718
13331
14635
11077
5436
-285
-5266
-7767
-6150
-462
7325
13536
15290
11068
2433
-6765
-12971
-13413
-8804
-2300
2653
4729
4568
2030
-2082
-6609
-10094
-9951
-4892
2986
9560
11803
8419
1449
-5613
-9705
-9575
-6366
-1400
2808
4711
3966
890
-3361
-7119
-8067
-5386
-100
5668
8791
8068
4291
-700
-4881
-6976
-5760
-2510
1687
4569
5122
3195
368
-1203
-747
5844
14507
18211
12898
1077
-9430
-13506
-10833
-9236
-10808
-10809
-5289
4240
11164
8724
-3341
-15156
-18572
-11564
390
10572
14858
11648
4112
-4967
-10904
-11285
-8032
-3621
796
7056
14233
17721
13157
971
-12013
-16976
-10924
480
9587
12607
10354
5679
1168
-2182
-4294
-3768
-300
3987
7673
10435
11312
8524
2531
-4516
-9466
-8768
-3394
2054
4089
2852
-229
-3329
-5135
-6095
-5886
-3777
22
3317
4585
3353
420
-2107
-3820
-3881
-2064
626
2838
3102
1005
-2172
-4733
-6241
-5462
-2617
418
2569
3212
1665
-669
-1739
-3234
-4206
-3315
-2052
42
1945
2982
1460
1147
7744
15540
18744
12577
-846
-11290
-11737
-5532
-3686
-7129
-10143
-7785
643
7858
4671
-7333
-17228
-17482
-6939
6607
15421
15245
7986
-1191
-9998
-13052
-10016
-4050
1470
5199
9461
13376
13481
5767
-8058
-19304
-19139
-7147
8168
17415
16699
9372
1109
-3948
-5509
-4829
-1418
3787
8870
12086
12052
8415
1860
-4326
-7596
-6076
63
6252
8787
6639
1532
-4130
-8106
-9272
-7993
-4151
1431
6297
7435
4187
-1793
-7238
-9085
-6978
-2569
2166
5625
6434
4094
-765
-4955
-6935
-6286
-2976
736
3943
5466
4391
-120
-5251
-7647
-7529
-4508
-875
1154
1723
1936
419
-2091
-4163
-2630
7283
19116
23485
13885
-2918
-14497
-13904
-4724
-1272
-5449
-11157
-9994
-401
8418
6500
-6543
-18712
-20285
-9006
6845
17815
18592
10760
-336
-10835
-14157
-9814
-1208
5969
8973
10427
11546
10948
3683
-9426
-20219
-19397
-5533
11500
20168
16385
5423
-4769
-8856
-7282
-2680
2658
7348
11486
13496
12066
6271
-1965
-8312
-9922
-5544
2127
8377
9503
5115
-1516
-6653
-8743
-8677
-7170
-3520
2593
7951
8614
4281
-2587
-7221
-7235
-4094
-908
524
1337
1170
665
-280
-2408
-4290
-4193
-1648
1693
5208
5995
3108
-811
-3685
-4164
-2850
-1673
-2931
-4349
-3659
-2061
-12
177
729
8363
19563
24293
15832
-1209
-14741
-14814
-4378
1646
-679
-6027
-7720
-3091
1897
-1658
-12739
-20969
-19776
-7876
7613
17878
16950
6894
-6188
-17233
-18030
-9117
3030
11593
13912
13068
11407
8525
720
-10848
-18416
-14899
-1053
13817
19244
12394
-721
-11445
-13516
-7429
1785
9007
12097
12579
11602
9775
6093
-63
-4839
-4747
583
7587
11063
8003
81
-7386
-10774
-9084
-4757
-1196
948
3453
5435
4340
-77
-6217
-9132
-6492
-977
3437
4005
1548
-1823
-3833
-4310
-4633
-4263
-3135
-1546
1055
3339
3386
1389
-1629
-3620
-3438
-1236
362
-1119
-3232
-3947
-3053
-1118
273
266
5647
17149
23537
16833
-707
-14928
-14807
-1346
8294
4185
-4980
-10194
-6732
-546
-217
-7787
-15362
-15923
-8703
2920
11761
12995
5267
-6164
-15745
-16372
-6844
4283
11058
11218
8640
7660
6747
1222
-8428
-14342
-10335
2648
15641
18583
9921
-3390
-13361
-14849
-7346
3345
11169
14241
12969
8905
3796
-1079
-4839
-4806
490
7902
13229
12758
5999
-2741
-8028
-8247
-5384
-1705
1322
3055
3452
2139
-1352
-5199
-7249
-6465
-2852
1772
4528
3409
-645
-4792
-6623
-5326
-2560
-652
4
-391
-1345
-1893
-2010
-1908
-1845
-991
484
1540
1527
-1196
-4463
-5798
-4451
-1464
1280
3458
9352
18392
20328
9755
-7995
-17817
-11335
4559
12182
4243
-7472
-12444
-7858
-1273
-1359
-7940
-13359
-11608
-3765
6036
11506
8886
-640
-10393
-14840
-10547
-51
7501
8710
5776
3980
5778
7298
3520
-5040
-10176
-6163
4406
13376
13251
4443
-5796
-10737
-8023
285
8429
11594
9434
4803
791
-936
-985
-944
123
3845
8790
11527
8820
1322
-5492
-6626
-2597
2217
4388
3405
1110
-1001
-2983
-5059
-6230
-5624
-3335
-81
2017
1216
-1898
-5372
-6688
-4671
-475
2841
2918
726
-2482
-5014
-5748
-4208
-1505
833
2022
1654
-94
-2933
-6633
-8777
-7710
498
16306
26679
23200
5926
-11340
-14910
-5043
4762
2302
-4789
-6859
-1764
4592
3502
-7829
-20383
-23860
-15524
1964
16275
18292
6981
-8588
-17225
-15512
-4028
6496
9753
8286
5663
5889
6982
3857
-4321
-10832
-7774
3545
14486
15920
5950
-7240
-13344
-9650
-58
8703
10884
8529
5437
3073
2045
1758
1603
791
1401
4167
6621
6718
2113
-4700
-7606
-4896
446
4790
6138
4487
1250
-2358
-5163
-5877
-4030
-979
1730
3641
2262
-2093
-5721
-6990
-5313
-2819
-1001
59
641
1276
-244
-2863
-4143
-3501
-1793
193
1445
964
124
-2677
-4774
-5944
-1682
10975
19922
17333
1134
-12953
-11117
3309
15092
9468
-5433
-14756
-12763
-4772
1266
-574
-7364
-12456
-11779
-3291
5308
7595
571
-10409
-14944
-11870
-2409
6160
8275
6213
2487
1914
4595
5809
3130
-1578
-2549
2525
9479
11707
6252
-3754
-11287
-11675
-5026
4903
11164
11592
7224
1273
-1362
14
3671
5950
6423
7537
8951
8660
4323
-2857
-7220
-5638
-1020
2718
3610
1914
-868
-3658
-5133
-5097
-3612
-1150
564
1231
153
-2274
-3552
-2886
-524
857
11
-1340
-2695
-3743
-4236
-2859
152
2759
2491
-895
-4045
-4637
-4469
-5021
-6165
-1352
12744
23304
18550
-1605
-18531
-15848
2884
18053
14342
-164
-10918
-11806
-6868
-2373
-3324
-7693
-11780
-11834
-3735
6410
10591
3203
-11137
-19558
-16051
-2304
10275
12230
5619
-2277
-3809
1183
4881
2771
-1730
-2110
3627
10393
12038
6738
-2338
-8788
-8675
-2198
7344
12064
8146
-126
-5782
-4397
2590
9300
10655
7655
5063
4460
4298
2870
-403
-1915
765
5283
7423
4686
-1029
-5986
-6933
-3876
255
2471
1561
-981
-3083
-4738
-5805
-5478
-2800
1750
4907
4093
-110
-4249
-6483
-5688
-2619
1292
3805
2198
-2326
-7012
-7632
-5646
-3937
-4120
-3171
6430
17592
18989
4353
-14294
-18324
-4573
13039
16021
5143
-6830
-9762
-6478
-2785
-2210
-4492
-7413
-9562
-6874
155
6901
5971
-4784
-16366
-18378
-8503
5143
11618
7661
-315
-3927
-264
5128
6435
2871
-1394
-1508
3255
9186
10955
6308
-2902
-9863
-8827
-255
9163
11448
6271
-854
-3840
-1162
3690
6330
5048
2948
3064
5417
7152
6371
3125
133
129
2564
5238
5458
2282
-2550
-5342
-4285
-983
1203
-58
-3400
-6014
-6341
-4836
-2396
524
2449
2208
-252
-3351
-4636
-3639
-1576
748
2574
2628
-22
-3569
-5598
-4916
-4076
-848
7355
14623
14174
1814
-12161
-15313
-4337
8398
9022
-70
-8113
-8184
-3966
-736
-3139
-7926
-10471
-9665
-4326
2345
5940
1799
-8892
-17600
-17154
-6238
8176
15191
10959
910
-6178
-4936
1670
6767
7014
4585
3055
3838
4716
3835
1151
-2548
-4330
-2916
2161
8038
9023
3707
-3985
-6406
-580
7822
10879
7939
4253
3291
3436
1355
-1371
-1131
2846
6739
6952
4982
2598
-55
-2525
-3667
-2083
1491
3754
2386
-1335
-4727
-6247
-6374
-5737
-3870
-1429
1215
2789
1161
-2291
-4356
-3704
-713
2018
1758
264
-1635
-2004
-2161
-882
7092
14127
13353
1935
-11479
-13313
-2745
8489
8137
-2149
-11610
-12759
-8890
-3060
-273
-2003
-5904
-10892
-10086
-2820
4609
5432
-2777
-13312
-17047
-11049
-36
7707
7548
1466
-5313
-6374
-1521
4626
8384
8118
4797
2291
2646
3770
4707
3414
444
-910
1246
5949
8717
6706
29
-6349
-5749
1204
7722
9357
6189
1504
-896
-367
1814
5040
7540
7444
5357
3109
1687
693
752
2017
3875
4636
2725
-1106
-4456
-5870
-6157
-5054
-3143
-1228
-473
-2030
-4110
-4710
-3677
-1807
31
2294
4115
4263
1262
-2840
-5604
-3224
6919
15054
14075
2292
-9880
-11005
-2461
6068
4842
-3073
-8611
-8650
-6383
-3605
-3322
-6119
-10679
-14417
-10775
-915
6654
4861
-6534
-17073
-17214
-8174
3040
8191
5681
-169
-4952
-4260
423
4253
4409
1884
880
3964
7972
7748
2962
-2619
-3583
541
6163
9789
8129
2191
-4647
-7473
-2445
6712
12507
10998
5355
1295
271
622
1122
2369
4664
7046
7672
5579
1869
-2338
-4709
-2478
3301
8485
8988
4562
-1641
-5991
-6309
-3445
-299
749
-1506
-4790
-5445
-3215
-367
-46
-1967
-3287
-2598
-394
1047
1819
932
1580
7292
11987
10590
1296
-6882
-5641
3448
9822
4882
-6152
-13363
-12356
-7375
-2672
-2391
-6374
-11548
-15345
-12897
-5721
29
188
-5583
-10795
-10837
-6253
-153
2634
1584
-1166
-2656
-347
3739
5550
3233
-128
-526
3147
6608
6028
3079
520
322
1005
1331
3032
5621
5847
2074
-1828
-311
5110
8207
6459
2923
1383
1161
626
1052
4114
8258
9592
6530
1354
-2096
-2235
225
3850
6203
5621
2313
-1804
-4456
-4922
-2386
2001
4925
4055
-9
-4226
-5757
-4415
-3009
-1657
98
1796
1501
-1268
-3293
-3548
2117
10210
11821
5695
-3291
-5326
1134
8487
7924
199
-6282
-6802
-4197
-2310
-1778
-5093
-10159
-14266
-14198
-7697
-1692
-2175
-9057
-16670
-17951
-12754
-4575
2084
2938
-1110
-5929
-6331
-1024
5362
7397
4599
1777
2436
5853
7412
5632
2349
-353
-171
1678
4496
7200
6392
1186
-4462
-4450
1712
7708
7426
2692
-434
641
3282
4881
6501
7735
7090
4524
2057
2563
4748
4928
2513
36
81
2120
3490
2620
68
-2562
-3754
-2617
-290
815
-236
-2024
-3029
-2767
-2042
-1652
-1146
-150
62
429
1683
4455
9856
11586
5950
-4230
-8922
-2071
8255
11304
2834
-8304
-11498
-6776
-1051
1566
221
-4931
-11207
-14687
-10645
-1679
2320
-3214
-13813
-19655
-15922
-7888
-1839
-630
-3168
-6347
-7984
-5377
-40
3551
2897
129
216
4407
8517
7969
4578
2327
3059
5254
5775
5024
3827
1873
-727
-2173
385
4829
5976
2279
-2034
-2284
1086
4661
6700
7649
6768
4062
1406
981
3667
6617
7056
5003
1762
-1227
-2605
-1272
1846
3397
1784
-795
-2311
-2082
-1608
-1538
255
2568
3010
-46
-3794
-4692
-2774
243
1652
6986
13584
12696
1953
-10493
-9129
5161
17267
13896
-1279
-12668
-11871
-4315
2619
5397
1664
-6291
-15048
-16619
-7411
2622
2852
-7907
-19431
-21217
-13917
-4995
-459
-2158
-7024
-10887
-9991
-3871
1966
2383
-1414
-3738
-912
4383
6674
5573
3358
1888
2117
3290
5316
6595
5155
1318
-1049
1836
6719
7403
3111
-947
-1314
417
1923
3621
6363
7561
4218
-845
-1852
2228
6845
8108
7112
5724
3473
-215
-3381
-2468
1830
5166
4530
1127
-1794
-3070
-3106
-2694
-1645
-343
421
625
23
-537
-61
598
4996
12238
14165
8043
-2140
-5052
2361
10501
10081
845
-7179
-7306
-3190
318
1541
-1617
-7790
-13194
-12245
-2627
5869
3511
-8102
-19363
-21011
-14377
-6607
-1027
65
-3354
-9510
-14085
-11606
-4610
441
607
-1279
-870
788
-371
-3176
-2874
1611
7125
9172
6678
2873
-127
-1499
441
5284
10050
9372
2937
-2923
-3821
-277
3330
4988
5638
5258
3064
236
-18
3082
6322
6773
5784
5324
4746
2855
37
-1133
709
2983
3132
1467
88
-383
-925
-729
79
626
226
-1083
-1642
-969
1114
1880
3861
8825
10195
5607
-2230
-3244
4855
12618
11070
234
-8453
-7551
-788
4470
5916
1818
-6277
-13616
-14745
-5840
4989
6973
-1955
-14724
-20630
-16948
-8824
-1473
854
-2437
-8508
-12626
-10614
-4650
-363
-600
-2359
-2212
-527
-418
-2195
-2785
-1545
1384
3848
4447
3552
851
-2136
-1764
3519
9014
8294
1300
-4597
-4324
24
3448
4571
5218
4677
1410
-1968
-765
4517
8551
7479
3832
2235
2943
3848
3821
3607
3217
1286
-1337
-1924
246
2614
2878
1201
232
-27
-645
-1149
118
4005
7306
10712
11799
8459
1551
-4435
-1634
7173
13555
10087
238
-7065
-8110
-4660
-279
2662
868
-4853
-10757
-10344
-2677
3232
1368
-6180
-12388
-12776
-9584
-5987
-2821
-1813
-4126
-8323
-9810
-6179
-1956
-1842
-4485
-4914
-1918
-77
-2653
-5926
-5480
-1482
2736
4890
5696
4420
-147
-4813
-3563
4170
10763
9006
937
-5550
-6473
-4050
-660
3552
6333
4392
-1304
-4686
-1879
3617
6208
5272
4605
4835
3820
1948
1625
3963
5560
4067
1249
-158
-96
-1054
-2026
-739
1568
2335
-6
-1370
1514
5509
9537
10649
8637
5274
3008
5785
10610
11734
6194
-1119
-3364
461
3807
3464
805
-4295
-8513
-10279
-7314
-682
1830
-2767
-10716
-15028
-12482
-7512
-4259
-2914
-3444
-5454
-7645
-7304
-3264
529
224
-2391
-3571
-2037
-763
-2552
-3853
-2245
145
207
-2037
-2549
-315
1583
782
-245
1580
3877
2805
-422
-1551
61
1627
1604
1329
1970
1463
-1690
-3933
-1899
2673
5365
4059
1242
-445
-70
1673
3375
4234
3137
1130
-86
212
1432
1847
911
-314
-1828
-2872
-1766
1877
6500
7844
8103
8133
6457
3319
561
4352
12152
15233
8520
-1794
-5602
-1232
5066
7907
7457
3144
-3239
-8626
-8232
-1360
3377
512
-7609
-14278
-14620
-10607
-6069
-2653
-2265
-5019
-8986
-9826
-5402
-348
1064
-773
-2043
-1416
-1230
-2505
-2835
-978
673
245
-1284
-1275
-337
-376
-611
1711
5492
4971
-716
-5596
-4405
320
2853
2128
1241
448
-2322
-5349
-3875
2560
6658
4226
-921
-2617
-369
1399
1421
2176
4216
4274
1190
-2184
-2077
526
1784
1020
-238
-1185
-2510
-3586
-1374
3279
8005
11126
9590
4929
-81
219
7852
15682
15687
6543
-3061
-5215
54
6542
10062
7517
-783
-8850
-10586
-2923
6157
6912
-835
-10301
-14389
-12356
-7912
-3462
-764
-1994
-6134
-8945
-6375
-872
1044
-1451
-3614
-2171
511
-83
-3124
-4108
-2656
-1001
-466
212
1721
1447
-1216
-2490
792
5158
5223
691
-3060
-2852
-650
1384
2443
2401
-488
-5116
-6415
-1814
4105
4772
54
-4323
-4178
-1319
1541
3509
4062
2425
-1197
-3438
-1363
2822
4437
1752
-2010
-3525
-3208
-2497
-679
1862
5173
8063
7231
3696
16
1221
7746
13237
12156
4805
-1522
-1600
2520
6474
8630
6595
982
-4406
-4858
1809
7542
5280
-2989
-10289
-11393
-8798
-6011
-3141
-1486
-3228
-8259
-11646
-8276
-1551
1568
-49
-1680
-238
992
-1465
-4503
-3033
1699
4347
2647
-339
-1588
-1791
-1760
30
4081
6146
3338
-2028
-4884
-3204
-47
2218
2611
970
-2635
-6182
-5909
-1352
3448
4057
820
-2556
-3451
-2279
-165
2622
4301
2612
-1523
-4453
-3113
971
2641
801
-1592
-2760
-2832
-3304
-2183
918
3885
7064
7853
5736
1415
-1092
3203
10792
13728
7732
-976
-4295
-659
4498
7674
7837
3263
-3057
-6245
-1213
7924
10026
2734
-7076
-11301
-9034
-5225
-1921
623
-82
-5157
-10764
-10007
-2917
1789
-220
-3559
-2463
1057
554
-3718
-4645
-659
3000
2333
26
217
1144
289
-198
2741
6771
5750
-660
-5146
-3340
1082
2659
1154
-605
-2524
-5179
-5877
-1916
3169
3138
-2133
-5707
-3528
498
1836
649
79
484
-698
-2197
-786
2057
2176
-1645
-4733
-3533
-382
115
-1899
-2307
1350
7048
8060
4241
-186
641
6707
10390
8564
3067
-233
243
1934
3345
5037
4891
794
-3273
-2413
4406
8881
4578
-4052
-8980
-7423
-3914
-1947
-690
-282
-3082
-7999
-9729
-4705
2318
3881
231
-2568
-1705
-349
-1308
-2513
-691
1905
1756
-661
-1805
-461
474
300
1423
4870
5965
1786
-3455
-3779
794
4044
3303
345
-2398
-4571
-5529
-2692
2381
3683
-1181
-6933
-7140
-2062
2269
2118
-464
-2460
-3243
-3121
-1211
2230
3661
633
-4568
-6191
-2624
1691
2461
587
-235
2467
6311
6199
2785
316
3202
8412
9400
4441
-1906
-3338
-1013
1868
4230
6033
4083
-2124
-6580
-3214
6011
9749
4104
-3846
-6720
-4957
-3463
-2538
-176
1341
-1914
-7675
-8525
-2401
3189
2411
-1516
-2429
-387
-144
-2240
-1889
1818
3539
998
-2090
-1362
1611
2464
1896
3202
5891
5103
-319
-4097
-2014
2570
3785
1006
-2130
-3905
-5111
-5015
-1405
3132
3148
-2517
-7401
-5526
379
3615
1485
-2462
-4004
-3344
-2050
-294
1116
639
-2472
-5629
-5254
-1538
1224
695
-1478
338
5815
7720
4385
16
2440
9154
11266
6200
-343
-1743
319
2013
2818
4275
2495
-3483
-7675
-3826
5772
8874
2297
-5904
-8489
-6338
-4177
-2225
875
1789
-2740
-8478
-8005
-826
4747
4127
1632
1120
1058
-1324
-3609
-870
4503
5656
1294
-3095
-2896
-417
783
1873
4796
7110
4976
-602
-3453
-672
3326
4404
3067
1059
-1836
-5235
-5888
-1912
2868
2966
-1804
-6243
-5646
-2073
493
1027
-347
-2478
-4599
-5273
-3134
143
1211
-1084
-4341
-5326
-4133
-2097
-246
1497
5056
6850
4188
-338
-831
5571
11462
10202
2567
-3025
-1949
1543
3541
4395
4250
475
-4787
-6166
-127
6848
5393
-2067
-7254
-6467
-4287
-4203
-3803
-1946
-1800
-4816
-6837
-3506
1679
2425
-49
-208
2936
4260
1384
-1398
324
3556
3582
1601
975
1968
1345
-135
1279
5547
7536
3809
-916
-1489
998
2228
1343
466
-428
-2489
-4236
-2615
1221
2028
-1627
-5112
-4195
-469
1585
985
-689
-2088
-3175
-3566
-1819
626
800
-2005
-5460
-5863
-3686
-1599
-872
-836
1462
3889
3352
588
-346
4045
8898
8339
2368
-2301
-1237
2456
4510
4166
2566
-1494
-5763
-5469
1188
8256
6785
-1450
-8113
-8850
-6403
-4477
-2348
-320
-1920
-7068
-10057
-6322
473
2965
1220
611
2501
2795
-119
-1635
1812
6204
5996
2460
418
1587
2598
2363
4105
7526
7772
2676
-2190
-1257
2995
4691
3099
1415
14
-2743
-4988
-2490
2827
4220
-89
-4899
-5012
-2019
-162
-144
-500
-1276
-3089
-4278
-2976
-142
830
-1350
-4399
-5486
-4272
-2331
-880
1456
4355
3848
-419
-4242
-933
7285
11114
6806
-828
-3740
-1858
1099
3330
4732
2539
-3513
-7114
-3280
4945
6826
495
-5332
-5217
-3008
-3952
-5611
-3963
-1877
-4077
-8035
-7298
-1701
925
-1974
-3479
782
5228
3167
-2299
-2957
1990
5167
3642
1820
2919
3653
1490
1007
5994
11279
9133
1748
-1578
1999
5428
4064
1574
1348
813
-2575
-4346
-236
4930
3725
-2637
-5992
-3081
662
656
-916
-954
-768
-2565
-4495
-3116
411
1261
-1898
-5014
-5059
-3079
-2209
-1662
2036
5220
3405
-2443
-4401
2215
9152
8466
1668
-2575
-1026
1243
1405
1694
2229
-503
-4955
-5030
1636
7064
3142
-5061
-8152
-4801
-1668
-2385
-3604
-3955
-5981
-9051
-8561
-3000
1548
-387
-4352
-3617
846
2984
942
-690
623
1699
601
173
2443
4764
3650
1657
3548
7363
7847
4321
2138
4139
6273
5219
2613
1313
828
-2
307
2844
4619
2337
-1581
-2878
-901
1137
701
-766
-1790
-2328
-2782
-2916
-1946
-851
-781
-1709
-2847
-3293
-2683
-2047
-1436
768
2690
1740
-1872
-3478
984
6805
7203
1521
-3541
-2577
1255
3384
3416
1707
-2103
-5871
-5216
1503
7595
5020
-3185
-7862
-5809
-2185
-1653
-2321
-2519
-4474
-8482
-10277
-6224
-514
16
-3313
-4466
-1885
215
-571
-1168
816
2728
1556
-493
-186
1831
2939
3358
5372
7459
6437
2772
793
3210
6841
7456
4937
1726
-395
-564
1481
4755
6141
3769
7
-1919
-879
1377
2683
2555
649
-2443
-4388
-3753
-1341
289
-320
-2301
-3953
-4247
-3638
-2594
-1378
1159
3261
1908
-2269
-4937
-817
5923
7894
3572
-1946
-2995
-1300
518
2684
4549
2402
-3985
-7976
-3778
4384
6311
772
-4688
-5142
-3472
-3532
-3558
-1783
-1573
-4950
-8378
-7260
-3018
-1792
-3413
-3234
-421
839
-2182
-5134
-3504
619
2383
1411
707
807
59
-513
2255
7155
8984
5836
1812
1452
3473
4448
4314
4314
4142
2603
883
1301
3252
4253
3525
2579
2150
1531
246
-713
-162
1177
1681
253
-2240
-3674
-3146
-1367
-310
-1005
-2146
-3258
-3129
-584
2301
2680
-582
-3308
-1374
3072
4831
1903
-1663
-2515
-1511
89
2184
2819
-216
-4794
-5570
-138
5469
4794
-448
-4499
-4745
-3390
-1993
-320
-103
-3241
-7729
-8649
-4318
-36
-626
-3889
-5149
-3162
-880
-534
-886
-1104
-2105
-3372
-2656
650
3206
2218
-107
-62
2692
4914
4862
4034
3619
3180
2602
2854
3730
3664
2506
2198
3624
4717
3734
2124
1890
2811
3211
2392
1220
75
-912
-1061
-66
982
568
-1189
-2603
-2538
-1550
-633
-770
-1594
-1391
-50
823
-269
-1842
-911
2027
3700
2211
-429
-1508
-1429
-1152
29
1591
866
-2782
-5758
-3923
1245
4032
2361
-970
-2970
-3426
-2944
-1137
708
-58
-3524
-6422
-5663
-2638
-966
-1113
-1618
-1931
-2332
-2739
-2021
-401
-74
-1702
-3445
-3165
-1011
777
1263
1031
970
1477
2007
2682
3483
3649
3045
2141
1667
1907
2474
3058
3731
4135
4045
3490
2511
1914
2180
3191
3801
2725
406
-1599
-2033
-1120
49
731
526
-920
-2598
-3060
-1776
760
2525
2029
-502
-2827
-2965
-739
2117
2979
1785
-283
-2085
-2579
-1091
1354
2141
259
-2686
-3655
-1906
417
1336
1029
62
-1669
-2984
-2422
-355
829
-490
-3077
-4215
-3616
-2970
-2416
-1472
-434
-534
-1768
-2457
-1905
-1209
-1382
-1666
-1144
-626
-1245
-2070
-1572
130
1533
1667
1233
1027
1026
1236
2009
2986
3158
2117
989
1203
2476
3617
3853
3470
3195
2900
2319
1956
2161
2530
2266
1212
-30
-869
-1184
-1212
-875
-374
-327
-1110
-1891
-1691
-539
715
955
325
-507
-748
-241
741
1726
1576
431
-752
-854
409
1639
1450
172
-923
-1113
-578
6
465
365
-572
-1853
-2496
-2026
-1447
-1908
-2884
-3215
-3244
-3226
-3193
-2666
-1575
-1309
-1812
-1938
-1118
-503
-1274
-2489
-2485
-1160
170
586
197
37
179
356
890
1723
2452
2419
1784
1442
1838
2441
2461
1923
1763
2339
2787
2773
2550
2288
2115
1886
1627
1588
1498
1038
395
-167
-432
-734
-1015
-1189
-1176
-316
731
968
60
-1051
-1234
-388
639
927
1109
848
-279
-1547
-1707
-137
1628
2036
741
-862
-1486
-1282
-495
694
1431
820
-911
-2628
-2933
-1875
-787
-975
-2071
-3156
-3748
-3215
-2217
-1209
-734
-1173
-1950
-2339
-1752
-913
-556
-808
-1325
-1503
-1143
-354
603
1205
1136
878
892
1277
1699
1963
2282
2551
2376
1753
1312
1443
1966
2388
2468
2342
2165
2038
1955
1957
1917
1584
921
130
-390
-398
-225
-467
-1095
-1484
-1503
-1488
-1207
-314
883
1184
203
-964
-1035
172
1051
1412
1489
792
-397
-1614
-1503
-52
1256
1078
-470
-1595
-1842
-1498
-669
130
544
68
-1372
-2611
-2755
-1915
-1372
-1537
-1908
-2473
-2550
-2414
-1822
-504
346
265
-591
-1044
-761
-443
-478
-869
-791
-124
404
544
464
446
690
1043
1487
1942
2278
2245
1648
1032
994
1677
2336
2205
1603
1299
1671
2204
2195
1930
1889
1851
1563
1115
720
474
105
-733
-1638
-1856
-1507
-1225
-1152
-1048
-658
-274
-204
-379
-293
392
732
781
791
388
-276
-986
-915
0
871
708
-396
-1336
-1780
-1605
-938
-260
-260
-1102
-1987
-2229
-1902
-1648
-1943
-2292
-2411
-2610
-2329
-1524
-645
-167
-457
-758
-533
122
670
734
501
21
-447
-382
230
975
1535
1643
1235
630
326
733
1863
2929
3083
2345
1355
686
512
960
1887
2610
2484
1511
539
621
1619
2326
2174
1483
778
285
-29
-91
-25
-213
-934
-1847
-2003
-1239
-374
-179
-659
-1124
-1161
-789
-318
179
621
299
-803
-1672
-1455
-489
35
-318
-867
-1017
-1132
-1598
-1674
-832
-19
-328
-1450
-2083
-1846
-1640
-2089
-2448
-1971
-1513
-1698
-1906
-1496
-663
-211
-134
194
700
652
-45
-304
342
1022
1012
587
552
1101
1685
2000
2224
2372
2036
1338
1167
1989
3088
3248
2179
791
141
409
1067
1723
2045
1711
909
317
527
1324
1880
1684
913
51
-571
-750
-315
383
706
482
32
-171
-52
70
-5
-176
-410
-874
-1481
-1843
-1643
-997
-499
-606
-1106
-1547
-1814
-1871
-1536
-1001
-943
-1758
-3008
-3716
-3488
-2955
-2747
-2867
-3192
-3627
-3726
-3111
-1957
-845
-326
-374
-517
-441
-112
439
1026
1303
1216
1110
1295
1832
2470
2856
2848
2531
2275
2429
2870
3116
2837
2247
1850
1838
2056
2339
2566
2517
2123
1659
1430
1643
2073
2261
2019
1502
997
594
363
113
-282
-610
-957
-1093
-728
-87
308
11
-611
-992
-644
88
288
-43
-917
-2027
-2649
-2359
-1310
-397
-381
-1430
-2558
-2809
-2377
-1603
-1073
-1239
-1989
-3033
-3761
-3741
-3192
-2925
-3306
-3656
-3581
-3046
-2434
-2212
-1941
-1298
-312
537
756
487
78
-9
284
967
1897
2407
2118
1465
1436
2274
3119
3263
2946
2851
3025
3049
2937
2971
3009
2530
1800
1679
2338
3015
2849
2110
1614
1721
2148
2551
2816
2579
1833
944
322
91
-98
-339
-745
-1073
-1038
-754
-407
-476
-816
-1099
-1018
-644
-485
-537
-1177
-2300
-3070
-2855
-1812
-1040
-1199
-2028
-2619
-2616
-2410
-1970
-1349
-1164
-1721
-2685
-3243
-3022
-2642
-2801
-3410
-3669
-3566
-3261
-2664
-1974
-1255
-923
-870
-537
236
944
896
437
251
637
1401
2086
2410
2313
1936
1769
2089
2682
3062
2949
2674
2493
2507
2645
2726
2597
2257
2054
2037
2119
2180
2199
2329
2366
2150
1883
1903
2103
2065
1805
1362
791
109
-491
-363
370
1001
873
129
-498
-773
-575
-332
-263
-424
-1044
-1742
-2297
-2385
-1997
-1552
-1385
-1845
-2530
-2993
-3035
-2628
-2324
-2336
-2686
-3209
-3476
-3483
-3263
-3179
-3381
-3571
-3554
-3031
-2342
-1849
-1506
-1210
-804
-545
-403
-144
209
509
535
586
964
1507
1885
1976
2071
2226
2331
2420
2566
2775
2811
2657
2564
2624
2678
2537
2391
2328
2207
2058
2062
2303
2418
2150
1813
1768
1979
2015
1757
1532
1361
999
393
-25
194
709
914
575
77
-93
-125
-103
-18
117
13
-854
-1966
-2389
-1828
-1110
-1206
-1841
-2381
-2510
-2477
-2417
-2012
-1627
-1895
-2777
-3512
-3456
-3045
-2885
-3054
-3364
-3656
-3957
-3778
-2852
-1754
-1097
-1050
-1095
-941
-719
-429
-56
365
569
569
677
962
1273
1476
1696
2025
2338
2535
2672
2804
2832
2694
2560
2596
2679
2591
2343
2148
2030
1882
1761
1860
2132
2180
1875
1580
1619
1725
1484
1011
773
870
862
520
38
-168
16
382
725
742
398
-165
-503
-394
-79
107
-340
-1319
-2238
-2423
-1786
-1106
-1090
-1806
-2603
-2887
-2580
-1864
-1292
-1403
-2102
-2839
-3084
-2914
-2774
-2741
-2807
-2992
-3309
-3365
-2742
-1809
-1082
-721
-448
-177
-191
-369
-269
240
781
1024
1115
1229
1230
1163
1365
1990
2642
2855
2750
2635
2582
2549
2605
2785
2718
2191
1626
1503
1724
1825
1762
1810
1898
1759
1488
1491
1721
1654
1144
544
133
-197
-500
-518
-290
-197
-376
-503
-260
56
41
-264
-567
-736
-891
-995
-1050
-1223
-1612
-2023
-2047
-1687
-1346
-1338
-1635
-2019
-2267
-2087
-1435
-889
-1069
-1888
-2589
-2627
-2292
-2053
-1983
-1933
-1953
-2046
-1826
-1168
-466
-123
-23
198
523
673
603
634
894
1170
1388
1624
1770
1687
1527
1597
2011
2502
2742
2681
2513
2416
2457
2541
2401
1959
1465
1206
1144
1132
1161
1184
1065
773
603
791
1049
930
495
159
-28
-399
-963
-1326
-1352
-1246
-1188
-1040
-761
-656
-846
-1050
-909
-619
-532
-729
-1150
-1602
-1859
-1677
-1167
-782
-866
-1243
-1492
-1498
-1319
-1032
-809
-898
-1324
-1809
-2073
-2097
-2035
-2023
-2110
-2169
-1950
-1350
-734
-464
-323
87
664
947
955
1047
1174
991
686
943
1774
2337
2166
1881
2068
2392
2369
2241
2441
2701
2564
2243
2223
2341
2056
1508
1352
1617
1648
1247
958
1044
1064
764
582
833
1022
594
-119
-419
-349
-513
-1044
-1477
-1600
-1696
-1862
-1791
-1390
-1075
-1167
-1394
-1401
-1280
-1294
-1395
-1395
-1409
-1600
-1846
-1913
-1821
-1748
-1692
-1567
-1420
-1370
-1324
-1153
-1019
-1091
-1249
-1316
-1385
-1593
-1744
-1585
-1287
-1179
-1156
-838
-235
257
541
869
1255
1376
1180
1044
1151
1275
1279
1392
1729
2013
2050
2053
2212
2392
2488
2616
2782
2746
2463
2258
2315
2366
2170
1893
1755
1632
1376
1181
1230
1317
1159
875
763
765
559
108
-269
-437
-647
-1072
-1539
-1851
-2059
-2232
-2253
-2026
-1742
-1624
-1639
-1629
-1610
-1663
-1641
-1438
-1265
-1463
-1958
-2272
-2164
-1858
-1646
-1525
-1423
-1408
-1482
-1410
-1052
-686
-670
-962
-1243
-1385
-1480
-1515
-1390
-1224
-1211
-1186
-788
-58
513
696
788
1043
1305
1393
1413
1427
1259
941
908
1407
2050
2368
2455
2641
2867
2890
2824
2948
3122
2984
2614
2443
2532
2463
2051
1657
1594
1680
1594
1379
1266
1237
1086
790
510
290
-27
-519
-1016
-1347
-1570
-1868
-2255
-2508
-2412
-2046
-1757
-1791
-2026
-2158
-2127
-2105
-2110
-1995
-1789
-1799
-2097
-2276
-2008
-1546
-1377
-1507
-1533
-1276
-976
-831
-738
-653
-734
-1011
-1201
-1107
-940
-979
-1145
-1201
-1117
-963
-662
-132
430
736
811
871
940
910
863
984
1182
1195
1076
1150
1491
1837
2038
2251
2522
2586
2340
2121
2234
2496
2555
2418
2321
2242
1975
1618
1520
1742
1947
1911
1764
1653
1482
1160
841
677
524
129
-490
-1048
-1354
-1482
-1549
-1516
-1318
-1096
-1088
-1355
-1700
-1922
-1996
-2000
-1977
-1983
-2131
-2395
-2542
-2361
-1981
-1725
-1700
-1739
-1700
-1601
-1446
-1224
-1068
-1172
-1487
-1721
-1704
-1570
-1484
-1434
-1342
-1183
-962
-642
-251
117
426
696
899
968
907
804
738
775
974
1292
1533
1575
1565
1714
1995
2247
2422
2565
2607
2457
2235
2170
2264
2292
2145
1948
1835
1771
1715
1725
1801
1835
1749
1579
1385
1185
990
803
546
133
-367
-796
-1122
-1441
-1732
-1856
-1807
-1745
-1744
-1700
-1588
-1591
-1812
-2062
-2123
-2013
-1934
-1975
-2078
-2176
-2175
-1965
-1569
-1221
-1114
-1157
-1118
-925
-715
-588
-543
-599
-790
-1029
-1162
-1142
-1078
-1061
-1023
-856
-522
-110
245
461
568
658
753
802
767
667
555
505
597
838
1120
1319
1458
1636
1865
2037
2104
2130
2133
2071
1981
1998
2151
2254
2125
1853
1674
1693
1819
1925
1955
1874
1656
1360
1107
930
714
328
-192
-696
-1055
-1293
-1492
-1710
-1946
-2128
-2163
-2022
-1855
-1848
-1987
-2072
-2007
-1935
-1955
-1968
-1856
-1710
-1635
-1541
-1338
-1176
-1226
-1316
-1143
-716
-361
-243
-246
-297
-441
-607
-597
-430
-372
-521
-640
-529
-290
-65
200
550
790
745
557
511
642
753
724
641
594
595
690
924
1234
1481
1578
1572
1522
1492
1551
1691
1800
1768
1616
1450
1324
1231
1204
1275
1402
1489
1489
1440
1368
1237
1027
778
486
84
-410
-836
-1072
-1209
-1411
-1660
-1808
-1829
-1825
-1788
-1623
-1402
-1359
-1542
-1722
-1720
-1622
-1542
-1434
-1291
-1225
-1258
-1204
-959
-682
-537
-458
-326
-184
-102
-17
100
147
51
-107
-225
-310
-355
-287
-124
6
55
128
281
413
446
445
437
338
137
-15
22
183
338
497
704
901
1014
1089
1198
1301
1322
1309
1354
1433
1446
1374
1292
1261
1261
1293
1387
1500
1537
1470
1368
1298
1226
1066
799
452
43
-408
-823
-1111
-1250
-1314
-1404
-1552
-1719
-1846
-1905
-1910
-1868
-1779
-1674
-1613
-1610
-1609
-1562
-1456
-1285
-1051
-824
-715
-732
-733
-616
-416
-216
-30
126
214
234
253
302
333
315
257
159
28
-69
-54
34
97
141
219
288
265
174
125
147
192
253
342
404
396
404
540
761
936
1026
1102
1180
1230
1271
1333
1354
1264
1141
1135
1279
1455
1538
1500
1392
1288
1255
1292
1301
1161
822
342
-139
-496
-717
-889
-1066
-1211
-1324
-1488
-1726
-1909
-1948
-1945
-2009
-2056
-1984
-1874
-1843
-1805
-1616
-1330
-1119
-993
-838
-659
-560
-522
-431
-280
-171
-126
-69
48
194
322
416
475
525
601
677
673
554
397
271
179
128
132
179
198
160
129
180
303
441
535
555
508
450
456
530
622
714
822
932
1007
1060
1132
1187
1155
1074
1064
1122
1116
1001
922
970
1038
978
838
743
674
522
271
18
-209
-471
-783
-1035
-1153
-1207
-1312
-1474
-1611
-1676
-1697
-1718
-1745
-1757
-1761
-1763
-1740
-1631
-1421
-1190
-1038
-941
-791
-558
-327
-188
-129
-79
-9
84
200
319
410
469
530
622
734
826
880
855
730
567
458
413
359
283
264
311
315
231
172
244
381
470
513
540
523
427
350
421
625
798
821
735
655
656
728
817
882
897
861
783
706
687
740
792
739
578
428
369
330
178
-101
-409
-666
-874
-1071
-1199
-1219
-1204
-1235
-1329
-1411
-1423
-1411
-1394
-1344
-1253
-1172
-1188
-1263
-1261
-1122
-877
-616
-399
-254
-205
-213
-184
-59
108
218
235
223
241
283
322
360
416
477
522
540
549
551
517
435
338
297
322
346
312
244
208
231
279
333
396
456
482
462
428
435
488
557
620
647
639
605
563
547
562
595
623
613
578
541
498
448
376
297
236
172
72
-80
-253
-414
-543
-627
-684
-721
-775
-847
-902
-920
-898
-878
-886
-889
-874
-846
-821
-819
-815
-772
-698
-595
-491
-403
-334
-303
-289
-241
-139
-7
89
109
79
56
72
129
226
336
419
439
387
330
331
403
488
496
422
335
291
293
311
334
354
334
286
273
338
443
484
432
362
321
323
347
382
420
407
334
261
238
253
263
252
240
220
165
87
22
-11
-29
-52
-84
-142
-249
-388
-475
-480
-458
-476
-551
-613
-623
-607
-577
-544
-519
-524
-553
-547
-487
-428
-413
-437
-430
-363
-265
-174
-106
-69
-59
-44
12
102
178
202
193
187
194
218
254
288
313
317
317
331
354
380
404
415
415
401
377
345
301
259
237
228
210
174
138
125
127
132
137
131
112
78
50
42
40
33
26
34
49
50
33
17
-1
-23
-47
-69
-90
-127
-174
-220
-262
-306
-349
-369
-364
-345
-348
-377
-408
-428
-414
-356
-280
-221
-208
-230
-245
-230
-185
-121
-68
-43
-43
-50
-31
25
97
150
171
170
168
187
221
254
269
259
238
218
217
245
279
294
280
255
242
232
221
211
202
185
153
117
91
82
73
53
34
19
8
0
-1
8
12
-5
-42
-76
-89
-74
-49
-31
-32
-59
-95
-124
-124
-103
-85
-86
-108
-138
-162
-177
-191
-197
-197
-193
-196
-202
-201
-199
-196
-193
-189
-172
-154
-139
-129
-120
-106
-97
-94
-79
-47
-4
32
50
54
58
77
113
158
197
209
195
177
181
211
238
244
235
221
218
222
232
244
242
222
193
174
168
165
148
119
81
40
4
-14
-8
5
0
-22
-48
-61
-67
-67
-54
-38
-37
-60
-97
-125
-130
-117
-98
-90
-107
-144
-174
-175
-146
-118
-120
-150
-185
-200
-189
-162
-145
-157
-189
-210
-203
-175
-148
-138
-139
-145
-138
-115
-87
-65
-56
-52
-39
-14
7
26
54
87
113
122
128
141
164
193
219
239
248
237
223
222
237
254
256
243
230
217
204
194
191
192
182
155
123
104
101
101
79
44
13
-6
-14
-17
-21
-34
-63
-99
-119
-113
-98
-100
-122
-145
-158
-161
-160
-159
-156
-158
-169
-179
-177
-170
-170
-173
-167
-153
-148
-161
-179
-180
-165
-151
-146
-142
-136
-131
-126
-114
-99
-85
-75
-58
-25
6
17
14
24
54
90
114
126
132
138
150
168
194
208
206
201
200
207
212
207
200
198
197
192
182
176
166
151
133
122
118
111
93
70
49
29
11
0
-9
-19
-36
-57
-72
-80
-85
-93
-98
-103
-107
-116
-121
-117
-111
-109
-111
-114
-116
-119
-119
-115
-115
-123
-132
-140
-138
-131
-126
-127
-132
-138
-134
-118
-99
-91
-93
-89
-73
-50
-35
-26
-15
-1
16
31
45
59
71
82
97
114
127
129
130
138
154
165
162
154
151
146
146
147
144
136
116
95
91
93
90
77
60
48
35
22
13
6
1
-7
-17
-29
-37
-43
-48
-46
-46
-46
-52
-61
-68
-67
-60
-58
-63
-74
-81
-85
-78
-72
-71
-75
-83
-85
-78
-73
-70
-73
-75
-70
-61
-52
-50
-47
-42
-36
-26
-17
-8
0
4
8
14
21
26
27
33
40
48
50
47
48
55
64
74
76
69
58
54
59
70
77
74
60
43
36
34
36
36
29
16
4
-2
-2
-1
-2
-7
-14
-19
-25
-22
-22
-29
-37
-38
-35
-29
-22
-24
-31
-35
-30
-22
-11
-8
-13
-18
-24
-23
-13
-10
-8
-10
-15
-17
-17
-15
-12
-9
-8
-9
-7
-7
-9
-11
-8
-7
-8
-4
0
4
9
12
13
15
13
13
20
25
25
23
17
14
12
15
19
20
20
18
15
12
12
13
15
16
15
9
3
1
1
4
7
5
-1
-7
-11
-9
-6
-9
-12
-14
-16
-19
-23
-27
-29
-27
-25
-21
-18
-17
-15
-17
-17
-13
-9
-5
-3
1
3
5
6
3
1
2
0
1
4
7
5
3
3
2
3
3
0
-1
-3
-1
-1
-1
0
1
3
9
13
14
16
14
13
13
17
18
19
20
19
15
13
14
14
15
15
14
14
12
11
9
7
8
8
5
1
-3
-5
-5
-5
-8
-10
-12
-14
-17
-20
-21
-23
-26
-30
-29
-27
-25
-25
-24
-22
-20
-18
-15
-12
-12
-12
-11
-7
-3
-1
-1
0
0
0
-2
-2
1
2
4
4
4
6
1
1
1
3
4
6
7
8
9
7
10
12
15
18
18
21
20
20
21
23
24
20
17
17
17
19
19
17
18
18
15
14
13
12
11
8
6
5
3
-2
-6
-9
-9
-8
-9
-11
-15
-19
-20
-23
-25
-26
-27
-26
-26
-26
-27
-26
-25
-22
-21
-19
-20
-21
-21
-20
-16
-13
-13
-12
-13
-8
-4
-4
-3
-1
