4
1
3
2
-4
2
9
2
4
6
-1
2
1
-1
1
-5
-1
2
-1
1
0
-7
-6
-2
-6
-4
-4
-5
-1
-2
1
-1
-3
5
8
-1
1
1
-2
2
-2
-7
-2
-6
-5
0
1
3
5
2
2
3
-6
0
-3
-2
5
-2
5
2
-4
1
0
0
6
2
-2
5
-1
-6
-3
-2
0
-2
0
4
4
5
4
2
4
5
-3
-2
1
-6
-5
-6
-6
5
0
-4
-1
2
-1
3
-3
-4
6
-1
3
8
2
5
6
1
0
-3
-2
0
-3
0
-3
-5
-5
0
6
6
7
3
3
1
-4
-9
-9
-8
-3
4
1
2
3
0
5
6
2
7
9
4
6
0
-4
-5
-9
-2
2
-2
2
4
-4
-3
-3
-6
4
-2
-2
4
-10
-5
2
-8
-3
2
-4
3
2
-6
-4
-5
-7
-2
-1
4
6
2
0
1
-4
-5
-2
-4
3
7
6
-1
-2
-2
-5
0
0
7
16
11
10
3
-1
0
-3
3
4
8
5
-3
-5
-5
-3
2
-3
-2
5
5
4
-1
-9
-5
-2
0
2
-1
4
1
-2
0
0
-2
2
3
2
1
-5
-8
-4
-2
-5
-2
-6
-4
2
-7
0
-3
-7
1
-4
-1
3
-5
7
7
0
7
2
-1
-1
-7
-4
-2
1
8
3
-2
4
5
5
6
5
9
3
5
0
-7
-1
-6
0
6
2
10
5
0
2
-9
-4
2
1
10
5
-4
-11
-13
-6
-4
0
-3
-3
2
-7
-6
-1
-9
-2
0
6
14
2
1
-6
-8
-3
-4
3
6
0
6
7
-2
6
-1
-1
6
-2
2
4
-1
-3
-4
-3
-1
-2
1
-2
7
4
-7
6
-2
-6
1
1
1
2
-1
-6
-5
-5
-1
9
11
1
6
1
-4
3
-8
-5
-2
-2
10
5
2
-4
-6
-1
-2
-1
-1
3
7
6
2
-6
-6
-4
2
3
5
5
3
7
-2
-2
2
-6
-4
2
0
4
0
-7
1
-6
4
2
-3
2
-4
-2
-8
-3
-2
-12
-9
-2
-9
1
4
-7
7
-1
6
15
1
9
5
-3
9
1
-3
5
-3
3
5
-6
2
-6
-10
7
-5
2
9
-6
5
-2
-7
4
-5
5
1
-5
2
-9
-2
8
-1
1
5
5
5
1
-4
-7
0
-1
-3
4
-2
-1
3
-4
1
2
-3
-1
2
0
-5
-11
-5
-2
-2
4
1
1
3
-4
2
4
2
6
9
7
6
0
-5
-1
-4
-1
2
3
10
7
-2
-5
-13
-10
-3
-3
4
-1
2
13
3
3
0
-6
-1
-1
1
3
1
-1
2
-6
-8
-1
-12
-5
2
0
9
2
-3
-1
-7
-2
7
3
8
9
5
4
-1
4
6
-3
0
0
1
4
-1
-4
-7
-3
-7
-9
-5
-1
-1
-1
4
-1
-4
-3
-4
-5
-5
4
5
-1
1
2
4
6
6
2
-2
-1
-6
-1
2
-1
4
3
5
6
2
5
4
1
-3
-4
-1
-9
-5
-8
-10
4
3
2
7
-2
2
0
-10
1
4
6
2
-8
1
3
1
6
2
1
5
11
14
8
5
1
-2
6
4
1
1
-7
-5
-7
-8
1
2
2
3
-1
-1
2
1
0
0
3
9
11
14
18
16
16
12
10
9
7
0
-9
-11
-30
-61
-70
-82
-82
-85
-112
-93
-69
-58
-44
-54
-65
-64
-75
-81
-86
-99
-90
-69
-53
-26
7
32
74
100
124
177
193
205
219
198
211
199
186
198
185
215
253
266
286
273
268
286
277
264
223
185
154
106
104
100
108
157
150
115
53
-52
-85
-102
-84
-5
-7
-23
-72
-194
-244
-301
-329
-257
-234
-177
-148
-268
-370
-536
-687
-646
-596
-473
-325
-306
-238
-182
-137
77
285
504
750
827
854
778
568
392
148
-96
-274
-525
-742
-942
-1179
-1311
-1374
-1371
-1260
-1140
-999
-874
-811
-728
-680
-663
-616
-617
-628
-606
-563
-476
-338
-133
120
375
672
966
1213
1465
1675
1801
1889
1926
1883
1773
1645
1533
1401
1294
1255
1193
1153
1170
1140
1091
1041
934
769
558
339
68
-239
-477
-696
-911
-1026
-1091
-1123
-1066
-953
-836
-723
-579
-466
-443
-436
-443
-528
-629
-709
-826
-923
-923
-891
-854
-738
-573
-447
-318
-181
-109
-84
-53
-59
-132
-195
-258
-390
-488
-520
-558
-580
-535
-473
-452
-407
-319
-231
-99
106
295
488
751
996
1175
1331
1502
1605
1608
1583
1457
1211
950
617
223
-139
-472
-817
-1134
-1321
-1426
-1520
-1527
-1451
-1369
-1256
-1119
-1025
-947
-835
-786
-811
-766
-670
-613
-513
-289
9
337
707
1106
1494
1883
2219
2410
2530
2613
2544
2331
2104
1889
1595
1266
1050
916
792
714
657
595
587
569
433
218
-1
-303
-737
-1126
-1418
-1745
-2058
-2216
-2225
-2142
-1934
-1658
-1400
-1074
-681
-397
-204
-14
73
-14
-128
-172
-276
-435
-510
-535
-533
-423
-275
-172
-40
140
217
188
217
215
40
-161
-275
-403
-568
-664
-698
-711
-661
-578
-518
-385
-154
16
89
223
426
563
687
937
1215
1389
1537
1715
1914
2107
2192
2076
1822
1562
1263
831
373
-58
-589
-1192
-1639
-1861
-2016
-2160
-2236
-2247
-2162
-1958
-1728
-1548
-1375
-1230
-1188
-1120
-877
-614
-481
-348
-78
267
653
1116
1607
2040
2411
2711
2957
3202
3379
3292
2987
2705
2460
2099
1658
1275
894
434
23
-246
-426
-607
-858
-1159
-1393
-1495
-1625
-1876
-2081
-2184
-2314
-2405
-2297
-2068
-1881
-1695
-1406
-1027
-598
-180
101
247
389
498
463
403
416
350
193
156
252
310
300
294
249
151
82
-3
-175
-352
-464
-628
-814
-855
-850
-931
-982
-840
-648
-557
-410
-174
30
293
769
1338
1789
2229
2662
2980
3292
3551
3502
3101
2665
2233
1526
772
202
-524
-1479
-2255
-2715
-3055
-3253
-3280
-3362
-3441
-3209
-2849
-2679
-2440
-2121
-2092
-2108
-1785
-1357
-1122
-868
-453
-134
246
945
1629
2137
2690
3229
3610
4079
4683
4983
4931
4873
4737
4307
3789
3260
2430
1346
322
-622
-1491
-2169
-2770
-3396
-3773
-3783
-3679
-3518
-3183
-2806
-2585
-2395
-2075
-1747
-1483
-1268
-1153
-1017
-724
-350
48
480
882
1148
1342
1619
1859
1910
1834
1673
1503
1363
1137
871
579
271
25
-285
-523
-688
-1061
-1355
-1508
-1612
-1510
-1483
-1434
-1222
-1010
-324
558
1083
1635
2095
2619
3356
3714
3748
3390
2753
2354
1658
749
100
-825
-1909
-2747
-3363
-3644
-3794
-3933
-4050
-4234
-3947
-3275
-2977
-2786
-2495
-2444
-2400
-2109
-1789
-1638
-1507
-1263
-1032
-647
235
1241
1909
2640
3553
4301
5156
6138
6691
6762
6728
6656
6274
5746
5291
4423
3083
1897
893
-172
-1137
-2058
-3184
-4152
-4491
-4529
-4637
-4510
-4119
-3895
-3590
-2876
-2191
-1826
-1529
-1258
-1110
-729
-53
351
484
805
1251
1621
2079
2524
2580
2427
2403
2335
2054
1713
1381
845
243
-166
-600
-1011
-1294
-1719
-2213
-2502
-2640
-2748
-2936
-2991
-2409
-1633
-1091
-510
61
991
2021
2412
2561
2447
2206
2080
1397
583
77
-748
-1752
-2620
-3165
-3205
-3304
-3463
-3428
-3425
-2931
-2138
-1907
-1787
-1498
-1277
-1038
-799
-512
-298
-151
161
388
599
1294
2125
2550
3001
3823
4714
5567
6276
6654
6836
6963
6889
6387
5630
4896
3858
2389
1032
-55
-1091
-2035
-2961
-3780
-4173
-4248
-4221
-4145
-4054
-3894
-3727
-3514
-3138
-2859
-2717
-2475
-2167
-1672
-995
-437
101
671
1118
1550
2014
2431
2611
2534
2454
2407
2355
2168
1756
1263
714
256
-243
-842
-1107
-1550
-2136
-2283
-2625
-2479
-1625
-1245
-804
-508
-178
887
1250
1286
1099
-34
-336
-580
-1698
-2110
-2704
-3752
-4495
-5225
-5037
-4475
-4329
-3848
-3724
-3237
-1490
-472
-275
154
396
575
824
1059
1291
1253
1255
1344
1229
1769
2915
3329
3492
4283
5277
6383
7394
7903
7994
7826
7670
7190
6097
5133
4062
2378
809
-423
-1411
-2074
-2766
-3497
-3994
-4001
-3497
-3145
-3012
-2837
-2835
-2808
-2712
-2677
-2650
-2793
-2990
-3094
-2941
-2441
-2005
-1635
-1263
-1004
-483
272
813
1022
1113
1283
1383
1490
1557
1267
882
622
326
-58
-339
-366
-749
-918
109
823
1075
1528
1802
2489
2887
2680
2158
823
174
-399
-2192
-3191
-3917
-5438
-6633
-7444
-7582
-7386
-7395
-6998
-6766
-6158
-4427
-3307
-2849
-1819
-718
11
848
1953
2804
3354
3975
4436
4590
4999
5857
6156
5921
6304
6845
7205
7778
8090
7994
7728
7427
6889
5795
4714
3658
1951
138
-1167
-2212
-3126
-3906
-4456
-4661
-4465
-3859
-3343
-2956
-2433
-2061
-1811
-1626
-1392
-1103
-1216
-1392
-1358
-1154
-693
-470
-451
-358
-271
-48
100
-7
-170
-434
-665
-744
-964
-1011
-1094
-1434
-1438
-1640
-1756
-1768
-1774
-732
-186
151
1045
1418
2553
3382
3299
3192
2205
1900
1632
60
-873
-1953
-3684
-5011
-6298
-6992
-7253
-7665
-7728
-7932
-7565
-5903
-4871
-4650
-3876
-2910
-2088
-1088
-55
805
1593
2460
3308
3863
4706
6126
6713
6755
7583
8476
9191
9814
9949
9868
9615
9328
8752
7454
6301
5228
3415
1568
205
-1005
-2148
-3275
-4173
-4619
-4635
-4280
-4102
-4052
-3606
-3099
-2772
-2505
-2233
-2004
-1917
-1809
-1648
-1316
-798
-435
-191
41
353
727
936
877
360
-112
-328
-754
-1091
-1557
-1965
-2184
-2604
-2528
-2637
-2315
-999
-737
-345
467
1225
2603
2841
2689
2432
1362
1236
481
-1200
-2021
-3320
-4948
-6295
-7298
-7335
-7373
-7542
-7339
-7114
-6086
-4299
-3373
-3078
-2333
-1515
-852
-90
672
1332
1736
2032
2429
2944
3915
4987
5260
5309
6182
7334
8221
8891
9058
9097
9227
9165
8902
8152
7208
6129
4331
2611
1404
205
-909
-2136
-3219
-3650
-3604
-3178
-2874
-2784
-2421
-2063
-1679
-1192
-946
-891
-1021
-1170
-1144
-1040
-910
-905
-984
-987
-884
-634
-482
-512
-599
-954
-1159
-1240
-1673
-1773
-2125
-2539
-2442
-2939
-2196
-1025
-1038
-330
-333
259
1866
1830
1910
1161
182
637
-482
-1779
-2350
-3828
-5073
-6360
-7340
-7254
-7346
-7593
-7785
-7932
-6847
-5149
-4573
-4163
-3123
-2216
-1124
177
1211
2195
2957
3608
4338
4879
5986
7138
7070
7150
7764
8196
8899
9178
8889
8609
8193
8050
7601
6645
6030
4899
3281
2117
1071
176
-727
-1885
-2797
-3283
-3271
-2990
-2960
-2862
-2540
-2352
-2033
-1561
-1218
-1040
-1117
-1238
-1103
-642
-335
-397
-430
-400
-96
249
414
446
274
277
168
-34
-322
-585
-941
-1812
-2032
-2572
-2590
-1352
-1548
-1418
-1291
-1051
643
607
430
163
-1191
-936
-1529
-2996
-3473
-4576
-5797
-7192
-8312
-8030
-7850
-8206
-8429
-8409
-7460
-5536
-4333
-4019
-2958
-1526
-370
827
1919
3214
4242
4601
5152
5699
6491
7672
7607
7036
7456
8052
8589
8707
8374
8406
8243
7984
7704
6768
6016
5271
3726
2193
1053
132
-759
-1984
-2960
-3320
-3365
-2976
-2646
-2538
-2036
-1304
-687
-205
167
458
555
370
281
264
26
-260
-872
-1422
-1478
-1482
-1513
-1807
-2102
-2039
-1775
-1700
-1737
-1652
-1747
-1432
-1553
-1225
152
287
778
839
578
1914
1949
1603
808
-861
-721
-1524
-3152
-3832
-5369
-6676
-7750
-8883
-9042
-9054
-9108
-9164
-9348
-8622
-7016
-6165
-5906
-4916
-3896
-2975
-1529
-160
1275
2667
3741
4984
6096
7497
9146
9602
9709
10465
10907
11093
11127
10552
9788
8843
7846
6970
5665
4533
3540
1940
697
-3
-710
-1257
-1828
-2381
-2615
-2525
-2126
-1737
-1626
-1382
-902
-505
12
591
839
1080
1250
1241
1517
1600
1457
1247
706
521
364
50
-333
-1088
-1393
-1735
-2068
-2353
-2822
-2698
-2961
-2271
-1184
-1240
-409
-222
206
1286
906
992
-46
-1416
-1371
-2982
-4356
-5240
-7088
-8402
-9808
-10419
-10130
-10269
-10026
-9793
-9477
-8197
-6689
-5978
-5536
-4477
-3687
-3001
-1857
-660
725
1647
2529
3895
5199
7060
8670
9290
10024
11001
11771
12133
12202
11992
11331
10353
9360
8509
7422
6178
4699
2791
1410
533
-376
-1352
-2451
-3120
-3365
-3327
-2953
-2636
-2265
-1725
-1105
-373
427
1184
1689
1896
1945
2075
2314
2443
2186
1622
1164
973
865
604
94
-679
-1008
-1100
-1522
-1713
-2317
-2617
-2729
-2917
-1568
-1127
-1015
-389
-742
332
1042
629
197
-1653
-2250
-2825
-4727
-5578
-6993
-8670
-10078
-11307
-11444
-11357
-10970
-10667
-10470
-9423
-7733
-6112
-5478
-4482
-3120
-2721
-1811
-573
549
1730
2283
3019
4083
5406
7224
8231
8596
9672
10782
11395
12023
12252
11945
11249
10140
9144
8088
6843
5428
3448
1629
535
-338
-1200
-2023
-2714
-3008
-2797
-2322
-1821
-1208
-576
-155
359
1027
1658
2038
1995
1941
1847
1946
2258
2032
1751
1631
1527
1565
1437
1194
761
206
-60
-189
-715
-1128
-1513
-2125
-1355
-782
-878
-550
-938
-156
626
151
84
-1229
-1987
-2076
-3913
-5224
-6364
-7981
-9433
-11232
-12255
-12434
-12634
-12922
-13071
-12653
-11242
-9542
-9006
-8175
-6351
-4995
-3518
-2212
-963
939
2210
3257
4495
5510
7203
8567
8851
9644
10609
11323
12095
12075
11959
11832
11017
10367
9332
7974
6923
5304
3549
2230
1143
372
-504
-1630
-2292
-2393
-2303
-1958
-1815
-1632
-929
-365
307
1068
1517
2013
2244
2259
2548
2860
2919
2760
2264
1843
1796
1554
1226
657
8
-179
-388
-505
-945
-1238
-1296
-1328
-332
-290
-291
153
-258
596
605
-113
-326
-2010
-2473
-3006
-4778
-5314
-6600
-8130
-9295
-10647
-10980
-11150
-11532
-11778
-11795
-11296
-10263
-9289
-9157
-8284
-6972
-6375
-5139
-3863
-2351
-581
217
1480
3130
4537
6460
7624
8109
9341
10303
10921
11667
11718
11805
11337
10018
9535
8675
7459
6417
4484
3059
2212
1367
899
1
-681
-721
-821
-640
-262
-123
36
261
385
759
1258
1565
1808
1710
1724
2381
2850
3005
3022
2669
2664
2836
2670
2357
1592
1017
728
186
-381
-1040
-1505
-1863
-1446
-735
-826
-494
-489
-283
585
313
48
-977
-2420
-2560
-3851
-5272
-6091
-7774
-9146
-10620
-11731
-11797
-11984
-12141
-12210
-12026
-11034
-9580
-8786
-8294
-7000
-5989
-5124
-3950
-2833
-1235
-178
490
1705
2832
4363
5870
6599
7550
8754
9695
10512
11060
11424
11489
10704
9831
9148
8132
7036
5465
3707
2447
1465
836
154
-640
-970
-986
-796
-381
2
330
732
1012
1302
1757
2047
2325
2347
2083
2301
2621
2839
2936
2603
2535
2675
2717
2621
2068
1707
1441
1199
906
183
-40
-354
39
1040
696
938
903
777
1702
1062
525
-354
-2072
-2373
-3814
-5425
-6236
-8060
-9652
-11279
-12401
-12624
-13047
-13410
-13648
-13265
-12355
-11155
-10357
-10092
-8678
-7521
-6775
-5201
-3984
-2367
-974
-284
1262
2623
4012
5636
6216
7114
8606
9452
10289
11003
11165
11395
10919
10020
9521
8446
7391
6174
4238
3070
2190
1360
858
-74
-633
-551
-288
128
444
701
1060
1509
1790
2194
2535
2608
2802
2573
2625
3092
3157
3238
2845
2463
2568
2563
2442
1790
1045
654
580
377
-159
-577
-774
352
1186
1006
1468
1495
2208
2725
1719
1283
66
-932
-1625
-3965
-5165
-6045
-7965
-9783
-11596
-12112
-11923
-12471
-13124
-13273
-12542
-11131
-10160
-10290
-9625
-8063
-7444
-6737
-5812
-4524
-2798
-2212
-1518
-221
1097
3056
4076
4302
5552
6985
8101
8960
9257
9714
9976
9494
9063
8287
7328
6698
5322
3750
2796
2212
1978
1297
358
173
513
1012
1446
1496
1627
2218
2737
3083
3330
3464
3640
3457
3157
3256
3425
3457
3283
2881
2666
2948
3104
2999
2610
1920
1853
1657
1385
1151
556
1396
1748
1292
1527
1076
1776
2063
764
56
-1514
-2094
-2451
-4721
-5894
-6900
-8328
-9686
-11240
-11549
-11503
-11861
-12511
-12915
-12263
-11093
-10043
-10226
-9978
-8435
-7646
-6536
-5331
-4294
-2666
-1848
-695
931
2055
3709
4697
4859
5709
6665
7321
7775
7605
7314
7044
6451
6233
5579
4317
3651
2704
1751
1292
836
799
581
329
627
1080
1868
2691
3125
3405
3878
4387
4735
5033
4995
4822
4567
4252
4186
3993
3834
3663
3328
3260
3186
3119
3227
3114
2812
2502
2117
2018
1883
1848
2560
2486
2220
2277
1797
2174
1969
634
-421
-2141
-3001
-3756
-5753
-6744
-7922
-9618
-10703
-11632
-11711
-11390
-11767
-12116
-11822
-11079
-9965
-9344
-9538
-8853
-8007
-7797
-6716
-5563
-4319
-3063
-2603
-1167
775
2286
3810
4422
4922
6104
6931
7279
7452
7376
7006
6293
5310
4699
4050
2853
1877
773
-94
-117
-218
-283
-408
-348
460
1129
1877
2681
3165
3825
4432
5007
5361
5467
5592
5323
4932
4688
4617
4409
3887
3492
3198
3144
3172
3339
3407
3261
3530
3360
3361
3623
4012
5121
4839
4565
4666
4075
4494
3588
1610
-23
-2197
-3152
-4740
-7143
-8174
-9549
-11004
-12129
-12829
-12363
-11802
-11843
-12086
-11645
-10358
-8897
-8529
-9045
-8333
-7363
-6975
-6256
-5499
-4168
-2954
-2377
-1043
626
2445
4245
4876
5369
6547
7490
7880
7663
7031
6353
5253
3989
2905
1418
-123
-1399
-2728
-3608
-3815
-3559
-3166
-2947
-2248
-918
585
2192
3355
4119
4972
5848
6671
6981
6929
6756
6192
5560
5107
4888
4431
3633
3054
2731
2929
3336
3513
3692
3963
4367
4801
4986
5274
6521
7250
6961
6709
5991
6058
5984
4114
2084
-489
-2290
-3125
-5587
-7672
-9021
-10626
-11714
-12813
-13036
-12194
-11736
-11725
-11580
-10909
-9553
-8215
-8409
-8723
-7869
-7401
-6743
-6011
-5402
-4097
-3555
-2767
-897
658
2670
4227
4723
5845
7084
8010
8572
8235
7615
6604
5090
4009
2834
925
-1007
-2823
-4289
-5021
-5458
-5502
-5329
-5164
-4347
-3116
-1513
502
2031
3122
4223
5390
6537
7189
7135
6927
6587
5828
5266
4552
3729
3236
2332
1801
1848
2199
3013
3463
3957
4763
5834
6869
8155
9781
10103
10325
10047
9178
9398
7814
5366
2796
-710
-2192
-4309
-7186
-8610
-10873
-12563
-13537
-14226
-13345
-12488
-12223
-11820
-10945
-9471
-7694
-7047
-7486
-6986
-6728
-6677
-5862
-5462
-4572
-3969
-3796
-2206
-509
1262
3015
3714
4746
6183
7219
7897
8138
7834
7004
5779
4330
3245
1700
-498
-2336
-4293
-5448
-5865
-6582
-6681
-6760
-6499
-5368
-4152
-2290
-501
889
2516
4053
5609
6887
7609
7830
7705
7250
6574
6033
5119
4112
3029
1795
1488
1426
1351
1809
2227
3063
4363
5217
6926
9315
10388
11380
11500
10937
11901
11098
8744
6244
2591
740
-1551
-5402
-7446
-9891
-12187
-13439
-14918
-14543
-13189
-12770
-12368
-11590
-10068
-7623
-6449
-6722
-5933
-5428
-5468
-4767
-4592
-3913
-3281
-3531
-2606
-1359
162
2168
2855
3438
4780
5848
6794
7378
7230
6593
5405
4323
3573
2056
39
-1987
-4047
-5411
-6259
-6912
-7308
-7549
-7312
-6733
-5660
-3893
-2057
-538
747
2351
4244
5942
7183
7664
7728
7674
7438
6829
5755
4571
3312
2015
1122
582
343
765
1080
1729
3155
4551
7565
10022
11046
13003
13256
14010
14964
12782
11102
8054
4564
2785
-1282
-4420
-6698
-10276
-12346
-14264
-15310
-14511
-14126
-13943
-13191
-11922
-10139
-8122
-7561
-7133
-5725
-5725
-5203
-4222
-4009
-2861
-2844
-2807
-1185
-81
1545
2909
3327
4660
5868
6311
6991
7277
6741
5898
4386
3152
2347
481
-1373
-3319
-5259
-5957
-6869
-7609
-7676
-7792
-7375
-6742
-5716
-4188
-2723
-1283
179
1818
3412
5065
6375
6799
7313
7595
7304
6890
5854
4717
3547
2187
1350
463
39
283
525
1406
2555
5283
8298
9541
11751
12956
13820
15670
14479
13072
10945
7380
5887
2227
-1566
-3298
-7061
-9952
-12030
-13872
-13364
-13303
-13802
-13347
-12660
-10996
-8758
-8401
-8315
-6795
-6374
-6021
-5071
-4557
-3036
-2518
-2582
-1073
102
1958
3817
3863
4626
6035
6780
7347
7264
6638
5886
4312
2822
1784
-141
-1842
-3554
-5783
-6714
-7317
-7804
-7827
-8270
-7956
-7185
-6300
-4793
-3673
-2572
-1061
499
2176
3696
5009
5969
6558
7066
7230
7116
6675
5726
4561
3158
2168
1373
430
-2
-518
-95
846
2437
5717
7161
8923
11243
11768
14179
14772
13340
12634
9407
7663
5821
1600
-281
-3297
-6873
-8728
-11087
-11598
-11354
-12284
-12486
-12101
-11216
-9220
-8149
-8611
-7631
-6697
-6778
-5691
-5133
-4160
-3018
-3379
-2033
-211
1265
3568
4134
4448
6081
7065
7592
7869
7335
6571
5290
3515
2610
1169
-1123
-2935
-5301
-6721
-7092
-8130
-8450
-8778
-8934
-8129
-7608
-6359
-4905
-4044
-2792
-1479
271
2264
3652
4601
5213
5899
6487
6701
6475
5765
4905
3708
2738
2021
1346
1000
238
278
914
2141
5294
6831
7995
10060
10612
12798
14043
12796
12102
9435
7512
6250
2536
450
-1776
-5310
-7361
-9549
-10578
-9947
-10504
-11187
-11002
-10575
-8813
-7254
-7718
-7249
-6397
-6663
-5863
-5138
-4309
-3006
-3146
-2356
-475
1078
3465
4665
4708
6062
7287
7939
8498
7984
7099
5687
3739
2745
1302
-941
-2972
-5532
-7195
-7653
-8426
-8802
-9109
-9393
-8740
-8005
-6864
-5159
-4090
-3094
-1808
-334
1741
3413
4203
4762
5163
5735
6164
5936
5443
4596
3661
2836
1866
1481
1173
264
286
384
977
4176
5764
6501
8652
8731
10560
12576
11196
10997
8880
6495
6355
3003
902
-118
-3806
-5584
-7374
-9038
-7966
-8445
-9484
-9094
-9157
-7899
-6203
-6872
-6754
-5717
-6206
-5825
-5049
-4421
-2718
-2585
-2476
-452
1127
3276
5042
4919
5972
7452
7658
8118
7898
6850
5995
4000
2195
1333
-493
-2347
-4482
-6802
-7279
-7630
-8375
-8497
-9007
-8970
-7986
-7330
-6339
-5000
-4088
-2942
-1581
-87
1925
3306
3867
4574
4990
5376
5779
5217
4471
3664
2658
2145
1347
899
684
242
730
882
2802
5680
6076
7905
8739
8837
11633
11186
9970
8836
5625
5361
3552
268
-374
-3018
-5329
-6472
-8474
-8045
-7339
-8156
-8155
-8101
-7429
-5241
-5058
-6068
-5138
-5015
-5248
-4432
-4207
-2968
-1988
-2099
-533
1209
3176
5695
6065
6312
8010
8849
8989
8709
7518
6270
4444
2294
928
-958
-3072
-4938
-7184
-8213
-8268
-8565
-8694
-8938
-8742
-7838
-7044
-6072
-4973
-4167
-3355
-2218
-870
680
2219
2972
3453
4136
4614
5120
4973
4210
3554
2614
2050
1591
1080
895
216
559
915
1549
4835
5869
6548
8599
7981
9885
11370
9484
9029
6069
4148
4183
662
-622
-1832
-5031
-5646
-7300
-8145
-6512
-7036
-7593
-7205
-7237
-5408
-3881
-5073
-5051
-4352
-4894
-4198
-3845
-3483
-1883
-2019
-1436
706
2166
4758
6304
6023
7449
8852
9217
9518
8499
7169
5742
3461
1930
173
-2236
-4163
-6612
-8216
-8383
-8778
-8849
-8921
-8941
-7991
-6996
-5958
-4694
-3849
-3150
-2251
-1069
429
1801
2500
2718
3077
3681
4273
4266
3643
3014
2290
1773
1365
883
955
514
311
803
976
3723
5991
5889
7695
7810
8317
10805
9284
8081
6528
3395
3347
990
-1582
-1675
-4523
-6156
-6892
-8367
-6764
-6001
-7050
-6700
-6507
-5370
-3114
-3596
-4434
-3464
-3782
-3679
-2877
-2903
-1471
-938
-1298
479
2009
4043
6308
5968
6384
8008
8484
9001
8469
7037
6121
4032
2291
1190
-1218
-2933
-4972
-7467
-7811
-8090
-8354
-8196
-8758
-8182
-7184
-6439
-5096
-4369
-3735
-2680
-1717
-317
1246
2260
2861
3230
3555
4313
4577
4041
3518
2438
1603
1229
338
-22
-429
-1115
-568
-447
404
3877
5108
5785
7936
7653
9348
11122
9076
8265
5697
3378
3464
-77
-1742
-2315
-5690
-6423
-7723
-8635
-6336
-6514
-7115
-6302
-6210
-4258
-2390
-3697
-3746
-2784
-3548
-3025
-2667
-2468
-661
-1020
-841
1308
2562
5107
6467
5736
6920
8242
8641
8828
7806
6705
5463
3215
1806
463
-1759
-3462
-5807
-7627
-7544
-7792
-7966
-8185
-8543
-7596
-6694
-5836
-4644
-4020
-3152
-2160
-1160
419
1792
2642
3008
3233
3873
4397
4421
3854
2896
2068
1386
755
145
-266
-912
-970
-587
-622
2418
4961
4816
7198
7505
8003
11213
9601
8153
6548
2971
3271
629
-2626
-2400
-5655
-7307
-7612
-9458
-7256
-5957
-7051
-5962
-5591
-4370
-1413
-2126
-3124
-1827
-2606
-2663
-1861
-2317
-721
-329
-1009
1049
2496
4456
6766
6197
6495
8086
8117
8048
7519
5724
4476
2625
408
-369
-1975
-3781
-5259
-7426
-7553
-7061
-7418
-7106
-7415
-7211
-6021
-5414
-4497
-3656
-3213
-2430
-1390
-11
1654
3113
3619
3954
4708
5095
5372
4979
3818
2620
1364
450
-368
-1000
-1899
-2281
-2005
-2085
1397
4246
4258
7301
7529
8100
11716
9823
8732
7126
2942
3329
360
-3048
-2578
-6129
-7747
-7839
-9683
-7312
-5840
-6664
-5336
-5198
-4267
-1334
-2085
-3155
-2205
-3377
-3500
-2683
-2942
-1336
-904
-1125
1119
2732
4951
7571
7452
7590
8823
8798
8647
8137
6132
4216
2078
5
-869
-2375
-4039
-5397
-7166
-7260
-6460
-6435
-6158
-6388
-6728
-6101
-5651
-5015
-4332
-4398
-4008
-2895
-1382
754
2545
3444
4293
5266
6218
6799
6515
5516
3924
2407
1121
102
-747
-2136
-2475
-2834
-2121
2111
3629
4922
7762
7208
9596
11527
9216
8699
5283
2169
1714
-2368
-4032
-4919
-8349
-8791
-9469
-9535
-6736
-6125
-5719
-4311
-4285
-2532
-871
-2197
-2399
-2720
-4114
-3670
-3432
-2765
-1457
-1335
126
2385
4446
7293
9025
9333
9700
9833
9414
8991
7686
5261
2560
-161
-1419
-2263
-3867
-4937
-6396
-7205
-6379
-5795
-5324
-5202
-5711
-5915
-5920
-5633
-5085
-4988
-5326
-5060
-3796
-1863
621
2412
3510
4814
5992
7256
7831
7302
6188
4411
2732
1308
295
-923
-2235
-2677
-3303
-523
2839
3409
6549
7252
7648
11061
9650
8333
6951
2433
1215
-1605
-4860
-4941
-7937
-9562
-9608
-10379
-7680
-5680
-5523
-3671
-3125
-2566
-378
-999
-1853
-1793
-3951
-4448
-3899
-3891
-2085
-1666
-1118
1771
3811
6635
9456
10095
10772
10946
9986
9327
8379
6210
3357
34
-2202
-2648
-3608
-4413
-5225
-6571
-5661
-4412
-4126
-3451
-3941
-4933
-5474
-6138
-6134
-6063
-6543
-6805
-6436
-4783
-2044
557
2439
4083
5526
6953
8043
8168
7410
5678
3592
1737
266
-547
-2100
-2573
-2778
-2473
2533
4274
5969
9635
8639
10965
12365
9045
8258
4084
-155
-1233
-6197
-7615
-8061
-11432
-10934
-10854
-10099
-5839
-4732
-3804
-1470
-1864
-526
709
-1650
-2191
-3426
-6136
-5668
-5542
-4578
-2245
-1907
328
3999
6588
10264
12506
12432
12729
12006
10133
8900
6845
3855
915
-2475
-3738
-3745
-4195
-3914
-4658
-4822
-3072
-2135
-1891
-2235
-3759
-5167
-6374
-7637
-8118
-8218
-8509
-8252
-6994
-4444
-741
2432
4435
6002
7389
8450
8631
7863
5639
3182
1012
-1287
-1984
-2835
-3882
-2649
-2791
963
6400
6823
11087
12395
11538
14421
11735
8317
5789
-552
-3321
-6415
-10926
-10361
-12019
-13341
-11254
-10753
-7396
-3380
-2969
-890
-191
-1296
257
-1192
-3754
-4350
-7240
-8229
-6938
-5905
-2682
-200
1668
5650
8975
12041
15176
15512
14131
12614
9978
7177
5014
1975
-1058
-3502
-5378
-4761
-3661
-2441
-1176
-1766
-1114
242
104
-509
-2546
-5737
-7810
-9468
-10746
-10576
-10164
-9077
-7087
-4438
-419
3846
6792
8333
8701
8536
8178
6816
4465
1356
-1859
-3979
-4997
-4993
-4673
-3199
-1858
2080
8106
9908
13559
15168
14017
15467
12549
7952
4304
-1877
-5560
-8455
-12295
-11876
-12469
-12606
-9967
-9045
-5756
-1937
-1774
-482
-562
-3093
-3071
-4792
-7808
-8534
-10596
-10969
-8354
-6038
-1380
3212
6302
11008
14003
15795
18071
17340
14605
11365
6956
3336
720
-1796
-3900
-4904
-5039
-3577
-954
1114
3068
3175
2142
1737
583
-1611
-4401
-8276
-11553
-12746
-13343
-12387
-9970
-7752
-4329
-427
2953
7063
9624
10128
9667
7595
5705
3527
608
-1954
-4820
-6622
-6405
-5228
-3566
-1256
1471
3633
9489
12925
13029
15372
12988
11341
10368
5008
1206
-2740
-7174
-7900
-9822
-10118
-7436
-7898
-6215
-3729
-3920
-1170
-926
-3385
-3337
-6803
-9744
-9751
-12226
-12465
-11592
-11764
-7991
-3130
1321
6857
10278
12868
15816
15729
15113
14725
11374
7698
4123
497
-743
-910
-1008
-530
508
1786
3898
4957
5224
4549
1421
-1579
-3760
-6449
-8856
-10992
-13146
-13498
-11863
-9724
-6346
-2688
-26
2990
5015
6366
8036
7463
5691
3859
1186
-346
-1468
-2874
-3271
-3793
-3606
-1648
402
1726
4218
4582
6658
11107
9594
10796
10351
7339
7975
5025
1271
-395
-3599
-4917
-4976
-6714
-5345
-4634
-6035
-4416
-4707
-5348
-3827
-6351
-7401
-7877
-11359
-11227
-11123
-11453
-9242
-8658
-6562
-1920
1770
5732
9111
10523
12520
13203
11855
11697
10466
7917
5666
3102
2255
2233
2534
3021
3020
3463
3792
3518
2804
1885
-776
-4204
-6343
-7903
-9116
-10007
-10756
-10819
-9475
-7212
-4937
-1935
691
2350
3870
4656
5488
5827
4686
3396
1797
488
-290
-1021
-1244
-1367
-1338
-995
434
1354
2589
3786
3816
8199
8837
8315
10018
7268
7192
6500
2607
457
-1961
-4578
-4735
-5689
-5676
-4092
-5686
-5503
-4191
-5550
-4334
-5670
-8248
-7617
-10486
-11836
-10921
-11492
-9363
-7912
-7013
-2696
1443
4919
8613
10070
11221
12640
11137
10294
10015
7479
5552
3228
2003
2808
2913
3631
4166
4187
4308
3922
2684
1488
-783
-4556
-7351
-8880
-9669
-10187
-10493
-9866
-8320
-6017
-3684
-1173
1574
2971
3654
3989
4070
4571
3731
2315
1461
379
131
173
-57
429
613
729
1614
2241
2212
3332
2629
4361
8215
6460
7911
8022
6200
7160
4886
1978
155
-2328
-3867
-4515
-5825
-4558
-4136
-6354
-5279
-5321
-6220
-4798
-7691
-8756
-8791
-12025
-11383
-11229
-10915
-7959
-7278
-5017
-29
3392
6605
9283
9816
11294
11508
9270
9082
7952
5770
4556
2697
3128
4044
4204
5035
5165
5196
4634
2749
683
-926
-3932
-7506
-9255
-9860
-9971
-9915
-9358
-7707
-5326
-3180
-1728
76
1752
2438
2711
2430
2768
3214
2253
2054
1999
1827
2106
1590
1629
1694
1435
1530
2187
1724
2340
2388
3554
8725
8171
8851
9630
7701
8371
5916
2064
-531
-2947
-5188
-6522
-7201
-5682
-4286
-5422
-4828
-4140
-5203
-4732
-7122
-9169
-9242
-12794
-14122
-13651
-12350
-8853
-6762
-4459
591
4974
7898
10870
11305
11501
11175
7866
6796
6249
4334
3562
2458
3155
5070
5486
6279
6657
6054
4903
2318
-453
-2819
-6133
-9291
-10478
-10667
-10092
-8997
-7734
-5554
-3354
-1782
-970
-75
981
823
457
1053
1562
1928
2254
2637
3723
3906
3327
2903
2710
2116
1623
947
773
1093
1668
1682
3750
9514
9521
10145
10713
9037
9402
6087
1861
-1782
-4115
-5273
-6439
-6714
-4360
-2711
-3488
-2652
-2388
-4064
-5070
-8796
-11793
-11567
-14561
-15962
-15354
-13353
-8373
-4693
-1854
2500
6228
8020
9865
9462
8599
8042
4480
3159
4271
4085
4936
5607
6350
8261
8850
8663
8016
5483
2011
-911
-3965
-6161
-8050
-10185
-9880
-8137
-6485
-4872
-3918
-3059
-2742
-3217
-3431
-3341
-3314
-3793
-3288
-1170
1519
3558
4486
5438
6286
6400
5131
3293
1906
206
-1051
-1602
-428
587
1805
3645
5349
11783
13156
11938
12358
9015
8189
4942
52
-3074
-5540
-5542
-4661
-3670
-994
995
-453
-1167
-1473
-4140
-7157
-11353
-15589
-15293
-15471
-15590
-13763
-11451
-6588
-2247
609
3286
5829
5890
5360
4965
3945
4424
3422
2718
4666
6420
8382
9972
9792
9598
8880
6846
5026
2430
-1135
-3659
-5213
-5891
-5588
-5355
-5145
-4296
-4028
-3722
-3609
-4910
-6590
-8009
-8283
-7256
-5383
-3700
-1443
1379
3979
5984
6660
6677
5504
3248
1109
-138
-840
-1782
-1821
-418
2288
4576
6205
7883
8391
12124
12548
9251
9001
5879
4118
2379
-665
-1621
-2366
-1212
117
529
1813
2160
-460
-3158
-5294
-8099
-10851
-13305
-15545
-14827
-13070
-11700
-9204
-7311
-4095
-1462
-225
798
1736
2155
2049
2548
2966
4577
5878
6596
8100
9268
9889
9928
8377
6395
5082
3067
1074
158
-861
-1746
-1941
-2321
-2032
-2092
-2892
-3983
-6038
-7070
-7500
-8699
-9539
-9108
-7742
-6135
-3643
-606
1712
3320
4218
4391
3700
3002
1852
-198
-1309
-1106
-356
19
1475
3640
5675
6892
7690
7574
8788
11308
8819
7499
6288
5012
5686
2908
960
303
7
978
711
552
1576
-477
-3830
-5604
-6682
-7919
-10410
-13087
-13658
-11821
-10867
-9947
-8960
-6935
-4014
-3215
-1627
736
1775
1737
2063
3509
5784
7164
6698
6923
7934
8598
8575
7624
6600
5732
4019
2341
1950
1952
1066
-678
-1700
-2112
-2470
-3210
-4822
-6468
-7470
-7797
-8319
-8813
-8154
-6883
-5822
-4586
-2342
-100
1374
1755
1411
1545
1574
1095
-203
-913
-402
536
1163
1787
3594
5158
5627
6582
6444
7957
10390
8027
8085
7787
5856
6133
4189
2990
1827
20
-64
392
1492
1991
-468
-3508
-4763
-5329
-6725
-8993
-11362
-12358
-11693
-11270
-9385
-7934
-7388
-6020
-4534
-1749
939
1935
947
829
2425
4497
6113
6546
7323
7785
7790
8414
8831
8106
6808
5085
3417
2771
2943
2005
173
-778
-1953
-2855
-3273
-3994
-5192
-6832
-7944
-8431
-8570
-8111
-7490
-7258
-5707
-3472
-1633
-346
276
564
68
336
275
-296
-926
-1058
-344
497
1971
3265
4093
5011
6237
6883
9089
9539
9023
9770
7380
6671
6526
4617
3475
1257
-167
82
521
2080
1566
-879
-2246
-4454
-5947
-6625
-8719
-10680
-11079
-11375
-10348
-8528
-8538
-7603
-6558
-5332
-2547
-397
943
1689
1676
1807
3220
5056
6456
7616
8143
8763
9310
9211
9242
8031
6257
5078
4011
3690
3272
2364
849
-655
-1539
-2383
-3582
-5490
-7024
-8204
-8997
-8863
-8795
-8604
-7770
-6477
-4949
-3090
-1624
-1225
-962
-917
-1289
-1207
-1419
-1609
-1292
-843
152
1345
3219
4298
5493
6265
6926
8918
8740
9434
9126
7048
7091
5896
4625
3718
1593
616
387
927
1665
1085
251
-1072
-2540
-4581
-6761
-8909
-10758
-10933
-10916
-9806
-8700
-7825
-6609
-6269
-5448
-4469
-2980
-1457
-56
1453
2237
3399
4310
5033
6173
6708
7467
8374
8814
9571
9737
8645
7539
6683
5337
4114
3024
1511
1016
745
-441
-1393
-2958
-4812
-6164
-7502
-8202
-8210
-7971
-7311
-5900
-4701
-3189
-2230
-2056
-605
-185
-579
-810
-1356
-1762
-2016
-1888
-1936
-1268
101
1468
2675
3727
4762
4771
4274
3818
2728
2121
1808
965
825
1184
1733
2386
2506
2278
2290
2285
1926
1463
636
-264
-1296
-2657
-3768
-4505
-5040
-5141
-4923
-4215
-2989
-2374
-2074
-1631
-1360
-1071
-610
-402
-53
806
1286
1941
2838
3652
4376
4480
4416
4318
4042
3785
3586
3295
2933
2548
2085
1736
1403
625
-129
-900
-1694
-1985
-2658
-3221
-3408
-3620
-3412
-2926
-2450
-2272
-2011
-1832
-1583
-1250
-1520
-1592
-1666
-2322
-2731
-2875
-2794
-2035
-1234
-645
173
1049
1647
1868
1678
1319
868
290
210
503
970
1429
1853
2571
3221
3615
3523
3096
2663
2099
1311
507
-131
-640
-1167
-1981
-2735
-2930
-2953
-3024
-2593
-2037
-1550
-992
-818
-569
-213
17
388
682
1183
1921
2481
2985
3564
4204
4453
4361
4064
3588
3185
2510
1929
1369
787
518
184
-30
-380
-992
-1652
-2493
-3224
-3771
-4368
-4997
-5292
-5282
-5115
-4532
-3788
-3001
-2381
-2133
-1835
-1788
-1818
-1697
-1826
-1812
-1503
-1021
-277
591
1327
1907
2282
2469
2591
2466
2260
2174
2034
1900
2023
2316
2731
3090
3050
3192
3439
3253
3036
2401
1570
1104
277
-439
-772
-1231
-1616
-2169
-2681
-2903
-3010
-3034
-2916
-2602
-2387
-1887
-1364
-867
54
549
1174
1994
2489
3305
3768
4005
4465
4550
4469
4362
4061
3471
2883
2289
1577
982
184
-543
-1208
-2009
-2494
-3162
-3898
-4413
-5236
-5692
-5618
-5757
-5770
-5554
-5243
-4583
-3810
-3270
-2844
-2248
-1819
-1557
-1246
-1025
-649
-505
-332
286
647
1116
1572
1671
2145
2601
2807
3116
3171
3173
3195
2962
2937
3070
3024
3023
3015
2977
3092
2987
2593
2275
1770
1310
835
82
-401
-857
-1296
-1674
-2206
-2525
-2688
-2698
-2521
-2106
-1582
-982
-356
-100
285
553
713
1104
1139
1503
1971
2347
3160
3685
4145
4457
4203
3764
3122
2249
1270
322
-531
-1037
-1395
-1766
-1989
-2437
-2807
-3169
-3997
-4794
-5522
-6182
-6363
-6173
-5834
-5286
-4610
-3915
-3214
-2722
-2284
-2024
-1693
-1026
-731
-287
276
736
1281
1273
1273
1343
1641
2317
2490
2756
3118
3217
3406
3264
3052
2878
2505
2357
2294
2316
2800
2862
2262
2049
1529
838
532
-351
-1298
-1946
-2248
-2199
-2226
-1807
-1639
-1701
-1036
-448
-130
41
230
51
299
1234
1744
3692
5314
6365
7371
6788
7278
6564
4611
3128
607
400
1104
1053
1614
862
-21
-1152
-3295
-5204
-6978
-8287
-8741
-8496
-7890
-6915
-6825
-7199
-7412
-7885
-7182
-6326
-5112
-3187
-1987
-526
486
989
1310
804
724
1381
2588
4004
4700
4336
4182
4124
3540
3462
2670
2143
2561
2321
2503
2132
1205
669
-316
-592
-262
17
472
635
410
298
115
-406
-744
-1134
-1309
-943
-514
38
390
300
360
767
1224
1729
1771
1427
1287
1141
1350
1324
1806
3714
5389
7269
8041
7284
6899
5377
3126
506
-2259
-2822
-2373
-1703
-719
-808
-1200
-1724
-3377
-5119
-6613
-8182
-8481
-8120
-7446
-6205
-5851
-5539
-5242
-5236
-4525
-3685
-2598
-1265
-420
393
1605
2415
2762
2673
2041
2152
2453
2266
1861
946
610
694
880
1430
1631
1756
1679
1283
756
167
-172
-505
-464
90
753
1463
1787
1661
1135
611
573
576
801
1160
1288
1584
1788
1676
1279
577
11
-295
-574
-508
-525
-697
680
2473
4118
5850
5810
5893
6081
4912
3479
667
-1432
-1475
-1430
-371
124
-433
-406
-1124
-2339
-3239
-4372
-4930
-4663
-4594
-4381
-4469
-5033
-5218
-5694
-5839
-5017
-3834
-2132
-641
-20
389
940
1251
1458
1669
1702
2284
2812
2551
1865
420
-903
-1640
-1972
-1423
-627
230
974
1198
1268
1198
919
482
112
-206
-170
106
68
153
139
500
1327
2006
2744
2858
2670
2402
1829
1278
635
91
-171
-12
-155
-528
-1136
-1467
-286
899
2508
3670
3903
4987
4569
3313
1269
-1626
-2145
-2034
-958
678
901
1719
1701
642
-430
-2173
-3144
-3029
-2832
-2505
-2298
-2657
-2877
-3671
-4929
-5248
-4952
-3420
-1570
-649
50
177
153
66
-305
-284
197
1262
2275
2746
2820
2258
1499
687
-304
-881
-1066
-928
-427
-61
394
1073
1550
1891
1880
1420
1006
472
-261
-828
-1121
-762
39
806
1498
1846
2092
2075
1566
927
203
-61
-214
-626
-1043
-1800
-1741
-832
144
1546
2283
2789
3337
2763
1638
-392
-2502
-3026
-2773
-1596
-194
402
1237
1484
864
-42
-1620
-2556
-2448
-2106
-1372
-921
-973
-962
-1544
-2258
-2420
-2304
-1319
-358
9
139
-325
-619
-901
-1191
-1077
-729
320
1432
2291
2667
2312
2032
1627
1308
1141
763
619
498
327
315
352
527
968
1351
1645
1993
1920
1714
1308
731
697
755
900
963
659
437
234
66
-126
-205
-130
100
331
28
-533
-1379
-1861
-1775
-1617
-988
-647
-167
442
261
-137
-1248
-2273
-2626
-2915
-2508
-2184
-1919
-1409
-1561
-1802
-2009
-2146
-1637
-988
-423
45
147
230
84
-381
-741
-1032
-682
107
764
1285
1226
1019
711
204
-115
-464
-399
14
519
1299
1946
2493
2855
2873
2747
2459
2133
1834
1593
1519
1611
1843
2045
2058
1796
1321
973
880
1041
1378
1697
2082
2347
2145
1408
204
-926
-1630
-1992
-1900
-1521
-941
-269
-59
-254
-781
-1374
-1757
-2121
-2121
-1891
-1443
-938
-982
-1264
-1859
-2380
-2566
-2861
-2924
-2928
-2751
-2201
-1908
-1842
-2059
-2437
-2503
-2435
-2256
-1900
-1498
-895
-349
-97
6
-121
-156
-140
-127
192
603
1221
1754
1915
1989
1854
1761
1716
1581
1700
1967
2327
2700
2762
2626
2454
2297
2413
2707
3037
3408
3528
3391
2982
2244
1530
1001
770
842
1081
1522
2028
2309
2130
1504
732
114
-354
-837
-1312
-1796
-2139
-2283
-2449
-2560
-2653
-2674
-2436
-2163
-1873
-1665
-1660
-1567
-1496
-1472
-1337
-1323
-1333
-1463
-1915
-2363
-2704
-2793
-2548
-2276
-1923
-1532
-1348
-1362
-1709
-2257
-2605
-2628
-2264
-1541
-744
-74
324
325
95
-225
-510
-568
-401
59
743
1370
1791
1867
1713
1683
1920
2393
2830
3005
3010
2922
2855
2811
2731
2773
2978
3302
3709
3996
4002
3648
3037
2421
1992
1772
1620
1487
1362
1158
787
281
-101
-233
-281
-388
-597
-808
-1009
-1516
-2368
-3270
-3874
-3938
-3698
-3326
-2746
-2053
-1326
-789
-607
-645
-836
-1071
-1271
-1482
-1639
-1710
-1661
-1462
-1262
-1156
-1140
-1189
-1295
-1541
-1916
-2240
-2393
-2349
-2147
-1842
-1429
-1029
-763
-625
-544
-435
-316
-241
-127
72
284
439
478
535
775
1133
1529
1852
2084
2313
2477
2552
2582
2599
2669
2761
2836
2936
3023
3045
2977
2848
2780
2797
2881
2995
3025
2859
2437
1833
1228
710
276
-82
-310
-337
-245
-227
-429
-871
-1451
-2020
-2457
-2747
-2921
-2981
-2928
-2724
-2439
-2231
-2160
-2118
-1954
-1657
-1375
-1279
-1345
-1401
-1363
-1301
-1316
-1380
-1368
-1190
-926
-710
-620
-651
-741
-842
-928
-960
-952
-927
-897
-881
-817
-678
-495
-301
-128
21
221
463
660
697
528
263
75
63
219
490
851
1323
1852
2302
2562
2593
2456
2253
2061
1944
1953
2080
2280
2509
2763
3033
3243
3274
3074
2720
2334
1952
1500
927
325
-150
-430
-594
-759
-942
-1094
-1204
-1352
-1617
-1964
-2299
-2564
-2758
-2899
-2914
-2725
-2343
-1920
-1628
-1485
-1402
-1299
-1239
-1327
-1541
-1698
-1613
-1265
-797
-353
3
242
339
287
107
-148
-461
-798
-1065
-1134
-925
-551
-214
-30
42
127
244
302
187
-49
-214
-172
38
224
282
256
260
359
513
707
971
1332
1738
2090
2318
2399
2304
2021
1606
1247
1140
1324
1669
2013
2294
2519
2663
2613
2288
1742
1135
634
279
0
-260
-509
-698
-801
-867
-973
-1157
-1422
-1751
-2119
-2469
-2709
-2769
-2657
-2438
-2161
-1820
-1435
-1114
-997
-1093
-1245
-1263
-1094
-833
-602
-409
-194
58
295
460
541
561
515
388
215
41
-114
-279
-463
-597
-589
-428
-222
-110
-125
-168
-139
-32
54
60
59
156
365
568
635
562
486
541
736
983
1193
1372
1554
1719
1812
1769
1618
1436
1281
1179
1148
1197
1305
1416
1478
1493
1494
1471
1343
1035
555
28
-424
-770
-1059
-1351
-1610
-1784
-1861
-1888
-1952
-2058
-2158
-2193
-2154
-2098
-2066
-2059
-2043
-1976
-1832
-1564
-1160
-680
-233
87
284
416
514
553
529
508
586
779
985
1090
1060
944
811
688
568
466
387
322
236
98
-69
-230
-345
-389
-344
-189
74
359
551
590
531
469
457
455
415
375
414
552
728
843
875
894
957
1047
1103
1075
968
813
629
446
297
204
171
178
218
284
330
284
112
-175
-509
-827
-1120
-1383
-1610
-1771
-1836
-1829
-1801
-1779
-1768
-1736
-1675
-1604
-1533
-1456
-1345
-1168
-922
-624
-317
-46
170
342
482
598
683
723
740
766
830
924
999
1025
1007
995
1029
1084
1112
1052
892
664
423
217
58
-46
-82
-29
134
379
626
779
789
698
581
514
510
529
533
516
501
491
451
344
172
7
-54
25
201
369
438
386
228
2
-248
-493
-696
-818
-844
-764
-635
-551
-573
-728
-963
-1186
-1365
-1507
-1646
-1787
-1885
-1898
-1809
-1643
-1437
-1231
-1030
-839
-661
-504
-380
-272
-132
79
359
665
913
1036
1044
982
912
881
879
897
928
972
1034
1103
1158
1209
1269
1344
1420
1449
1375
1169
844
480
185
36
60
206
396
573
681
696
614
442
247
105
62
103
162
160
72
-74
-223
-325
-360
-338
-273
-192
-121
-95
-159
-322
-561
-830
-1066
-1223
-1306
-1336
-1338
-1321
-1267
-1178
-1080
-1024
-1051
-1164
-1332
-1494
-1603
-1627
-1542
-1331
-998
-586
-169
163
347
378
315
231
193
238
364
541
740
934
1087
1165
1151
1047
893
742
626
555
530
564
674
871
1131
1403
1602
1659
1555
1316
1026
764
583
514
561
700
879
1019
1032
885
606
285
28
-106
-116
-52
30
86
89
13
-154
-400
-674
-901
-1032
-1056
-1010
-951
-921
-937
-989
-1067
-1177
-1301
-1417
-1485
-1475
-1386
-1242
-1081
-942
-851
-817
-844
-914
-998
-1055
-1039
-917
-691
-401
-107
133
293
372
386
357
316
281
272
288
315
354
396
437
480
521
549
555
536
498
455
438
473
581
772
1014
1268
1472
1588
1597
1509
1370
1231
1148
1154
1246
1390
1515
1566
1501
1310
1029
701
377
103
-97
-219
-284
-328
-381
-461
-573
-707
-852
-992
-1111
-1201
-1266
-1311
-1342
-1377
-1418
-1467
-1514
-1531
-1486
-1362
-1171
-944
-723
-553
-475
-501
-619
-783
-922
-983
-932
-781
-568
-346
-162
-36
27
38
28
22
42
99
176
250
289
285
256
220
201
208
224
244
265
293
337
389
450
532
646
801
980
1146
1272
1346
1381
1394
1402
1409
1414
1420
1435
1454
1461
1432
1347
1197
1000
767
513
260
22
-178
-317
-393
-421
-439
-483
-576
-718
-883
-1040
-1168
-1255
-1291
-1287
-1262
-1241
-1240
-1256
-1263
-1229
-1137
-975
-767
-551
-375
-271
-254
-305
-383
-447
-480
-477
-440
-381
-313
-256
-231
-237
-258
-269
-256
-218
-175
-138
-111
-92
-66
-26
23
73
115
140
155
161
160
168
203
277
390
536
692
826
927
990
1032
1075
1128
1184
1244
1303
1354
1381
1371
1325
1248
1144
1028
902
771
641
505
360
214
75
-53
-171
-282
-391
-498
-602
-714
-837
-970
-1107
-1229
-1324
-1380
-1393
-1365
-1296
-1192
-1068
-932
-795
-674
-570
-481
-419
-376
-340
-303
-247
-169
-72
37
143
224
259
242
180
96
3
-81
-151
-200
-219
-214
-186
-144
-84
-13
67
141
197
226
222
193
153
116
104
125
182
270
374
472
556
626
680
716
740
760
783
808
830
836
822
791
742
678
603
521
435
342
249
151
54
-40
-131
-214
-291
-357
-416
-478
-543
-621
-711
-807
-904
-986
-1043
-1066
-1034
-950
-825
-673
-518
-372
-249
-155
-99
-72
-67
-64
-48
-8
65
169
296
433
557
645
684
656
557
399
208
14
-157
-282
-343
-336
-270
-165
-38
77
162
205
199
157
87
10
-56
-93
-85
-33
51
153
259
349
403
411
370
299
219
145
93
83
111
168
230
277
287
250
162
31
-113
-250
-355
-410
-415
-378
-318
-257
-219
-221
-264
-347
-446
-548
-631
-671
-666
-608
-507
-374
-227
-82
51
156
236
289
316
323
318
315
314
316
330
352
385
421
454
476
480
471
445
393
328
245
154
65
-13
-78
-120
-133
-124
-91
-40
21
79
117
133
118
81
30
-20
-54
-63
-38
14
78
137
167
160
112
21
-89
-201
-290
-340
-340
-299
-243
-184
-151
-158
-204
-286
-387
-480
-546
-560
-529
-470
-384
-298
-222
-171
-150
-148
-161
-173
-174
-166
-150
-120
-75
-28
22
72
118
162
203
238
268
289
304
314
325
325
322
320
316
327
347
372
406
434
463
473
460
426
369
308
253
202
170
160
164
189
221
248
271
282
283
272
240
196
139
82
25
-25
-60
-79
-88
-95
-111
-145
-210
-297
-402
-512
-605
-675
-712
-722
-713
-678
-645
-620
-604
-610
-619
-619
-614
-592
-564
-532
-487
-438
-389
-348
-316
-280
-248
-223
-207
-202
-194
-181
-166
-137
-88
-17
65
157
251
338
412
469
511
543
569
595
629
672
722
771
811
836
848
850
836
818
796
773
750
720
678
620
548
472
395
331
286
262
253
251
241
212
164
95
17
-58
-121
-159
-176
-181
-177
-179
-202
-246
-314
-401
-495
-586
-662
-720
-756
-771
-775
-775
-780
-792
-811
-833
-855
-865
-860
-839
-802
-753
-697
-642
-595
-559
-527
-500
-473
-438
-394
-336
-267
-192
-112
-34
37
97
147
190
230
278
337
413
508
619
736
847
943
1016
1057
1062
1042
1007
967
934
908
898
898
902
895
871
826
758
673
578
477
380
294
221
157
105
57
10
-38
-86
-135
-183
-229
-268
-305
-340
-375
-406
-429
-454
-474
-492
-511
-525
-541
-563
-591
-626
-665
-710
-748
-773
-783
-772
-745
-703
-653
-607
-575
-560
-562
-576
-595
-606
-599
-570
-514
-432
-330
-218
-108
-12
72
136
179
205
214
219
228
251
300
370
468
578
688
786
850
879
870
828
770
709
659
637
639
663
693
722
736
729
697
640
563
478
392
309
238
180
134
99
72
48
19
-19
-67
-128
-197
-269
-342
-405
-453
-484
-491
-482
-459
-429
-399
-380
-377
-387
-411
-441
-473
-500
-516
-520
-506
-475
-436
-397
-362
-341
-338
-355
-393
-446
-505
-556
-584
-588
-557
-488
-388
-271
-148
-35
52
109
136
145
146
152
181
236
317
417
523
620
687
732
749
736
702
644
588
541
504
486
472
468
473
471
461
436
387
330
262
188
117
52
-2
-42
-67
-82
-85
-90
-99
-119
-145
-182
-221
-263
-301
-326
-336
-326
-303
-266
-217
-169
-125
-88
-65
-57
-67
-89
-115
-144
-170
-186
-188
-177
-162
-147
-132
-127
-136
-161
-199
-242
-291
-333
-359
-367
-347
-304
-245
-169
-86
-13
49
96
125
138
141
137
136
143
156
179
215
261
312
345
366
377
365
338
293
239
196
163
139
127
121
123
125
117
101
73
41
4
-34
-68
-94
-108
-116
-117
-109
-97
-82
-72
-68
-73
-80
-87
-98
-100
-98
-89
-74
-50
-25
-2
18
32
37
36
28
15
-4
-22
-33
-45
-58
-69
-70
-67
-66
-65
-67
-71
-73
-84
-96
-107
-114
-106
-95
-81
-53
-24
8
38
66
86
97
103
101
98
96
97
102
105
113
120
126
128
121
112
97
78
60
42
27
11
-2
-12
-23
-35
-47
-59
-71
-82
-89
-94
-95
-96
-95
-92
-84
-79
-80
-79
-78
-76
-74
-73
-69
-57
-45
-28
-12
4
19
28
29
30
28
29
31
32
37
42
49
51
50
50
46
38
28
21
14
9
5
2
2
0
-1
-3
-4
-2
2
11
23
37
54
69
80
90
95
97
96
93
93
92
87
77
67
56
43
28
13
-1
-16
-32
-45
-59
-69
-80
-91
-101
-110
-116
-125
-134
-139
-143
-141
-133
-125
-114
-104
-98
-91
-89
-87
-87
-84
-79
-72
-60
-42
-22
0
19
34
45
53
57
61
63
65
66
72
81
93
105
113
121
120
114
102
88
71
58
50
46
45
50
60
67
74
81
81
78
71
65
58
51
51
55
60
69
77
82
84
79
71
57
38
23
7
-6
-13
-20
-24
-29
-38
-47
-63
-83
-107
-131
-155
-178
-195
-209
-218
-221
-224
-223
-220
-214
-206
-199
-192
-180
-172
-160
-147
-135
-120
-99
-75
-47
-17
11
38
63
84
98
104
105
107
107
112
123
138
158
179
201
222
230
229
219
200
179
152
126
106
96
97
106
114
128
140
146
144
130
113
92
74
60
49
47
46
49
56
58
51
37
19
-7
-36
-63
-89
-106
-119
-131
-138
-143
-150
-157
-171
-186
-200
-211
-224
-236
-241
-243
-242
-241
-235
-223
-209
-197
-183
-169
-156
-142
-132
-120
-104
-87
-70
-54
-36
-14
8
29
52
77
97
113
125
133
140
143
145
147
159
173
188
203
215
224
227
220
208
193
176
163
154
152
155
164
173
176
174
162
142
114
84
55
32
21
14
14
18
16
11
1
-19
-46
-72
-100
-124
-143
-155
-156
-153
-144
-134
-129
-130
-132
-142
-151
-161
-174
-182
-186
-187
-181
-177
-168
-157
-148
-139
-132
-125
-116
-109
-104
-95
-89
-85
-81
-71
-55
-39
-23
-6
13
31
47
62
73
83
93
100
108
118
127
134
143
153
165
172
175
174
172
171
169
168
166
161
155
148
140
135
124
109
97
86
77
64
52
41
33
23
12
-1
-15
-25
-40
-55
-66
-75
-87
-94
-98
-98
-97
-97
-97
-97
-95
-92
-95
-100
-104
-109
-109
-110
-112
-109
-106
-102
-100
-98
-95
-94
-94
-93
-91
-90
-90
-85
-75
-63
-52
-38
-24
-8
6
16
27
36
46
54
60
69
80
90
99
106
116
123
128
128
122
119
111
103
96
86
82
79
73
71
67
65
61
54
43
31
21
11
-2
-15
-25
-33
-36
-39
-39
-38
-37
-36
-37
-38
-39
-41
-46
-49
-52
-54
-53
-45
-36
-28
-21
-15
-11
-12
-18
-27
-38
-45
-49
-53
-51
-45
-37
-29
-25
-25
-26
-27
-29
-33
-35
-35
-33
-27
-19
-8
2
14
26
33
41
49
50
52
55
56
60
61
60
61
59
61
58
57
54
49
44
37
29
22
15
9
4
-1
-3
-6
-8
-11
-13
-16
-19
-22
-26
-30
-32
-35
-34
-33
-29
-24
-23
-23
-23
-25
-24
-21
-19
-14
-11
-13
-13
-12
-10
-9
-9
-6
-6
-9
-11
-11
-11
-13
-13
-11
-8
-5
-2
-5
-5
-2
-4
-7
-5
-1
3
6
7
11
14
16
19
24
29
31
33
34
36
38
36
36
37
42
43
40
38
39
40
37
33
30
28
23
17
11
4
-1
-8
-15
-21
-24
-26
-31
-36
-40
-46
-49
-49
-50
-51
-51
-49
-48
-48
-46
-48
-47
-46
-44
-40
-34
-28
-24
-20
-16
-13
-10
-8
-4
-1
0
1
4
5
7
11
15
18
21
22
22
22
19
24
27
29
33
36
38
39
38
40
40
41
43
48
51
54
53
55
58
58
57
54
52
49
47
41
36
32
26
20
11
3
-4
-12
-22
-31
-38
-45
-53
-59
-66
-72
-78
-82
-86
-88
-86
-86
-84
-80
-77
-75
-70
-66
-61
-58
-52
-44
-39
-34
-30
-24
-16
-12
-7
-2
1
5
6
4
4
8
9
11
16
19
23
26
29
32
39
43
46
52
56
59
62
65
69
73
79
81
84
89
93
94
95
92
91
89
85
80
76
73
70
65
58
49
39
30
17
7
-3
-14
-28
-40
-49
-62
-75
-87
-100
-111
-119
-126
-131
-137
-140
-140
-141
-138
-136
-136
-131
-124
-116
-110
-101
-87
-76
-68
-58
-52
-45
-36
-28
-19
-14
-10
-4
0
6
9
14
19
25
31
36
45
54
64
74
82
92
102
110
117
123
126
129
131
134
137
139
140
141
140
138
136
133
128
122
116
108
99
90
81
73
62
52
37
23
9
-4
-18
-35
-52
-65
-77
-87
-97
-109
-120
-129
-134
-140
-147
-151
-152
-150
-148
-146
-143
-140
-134
-129
-123
-119
-115
-107
-100
-94
-89
-86
-79
-75
-69
-65
-61
-55
-49
-43
-38
-32
-25
-17
-10
-2
7
14
24
34
44
56
67
80
93
100
107
117
126
136
143
149
155
161
167
172
178
179
176
172
172
171
163
154
145
133
120
107
89
74
62
48
30
12
-4
-20
-37
-53
-68
-79
-88
-100
-109
-117
-123
-131
-137
-140
-143
-142
-143
-144
-141
-140
-138
-133
-129
-120
-110
-106
-98
-90
-81
-71
-63
-54
-44
-36
-29
-23
-17
-12
-10
-7
-3
4
6
8
13
16
22
27
31
37
45
51
56
61
68
75
82
90
94
96
98
100
102
100
96
95
93
92
88
81
79
75
70
66
57
50
42
33
25
16
7
-3
-11
-19
-26
-32
-38
-43
-50
-54
-53
-54
-54
-53
-54
-55
-50
-47
-48
-46
-42
-37
-37
-35
-35
-32
-27
-26
-27
-24
-20
-16
-14
-11
-10
-9
-8
-5
-5
-3
-2
-1
4
3
4
3
2
2
1
2
1
0
2
3
4
4
6
7
8
6
8
10
11
10
9
10
11
10
10
11
11
12
10
11
11
12
12
12
13
13
11
6
4
1
-1
-2
-5
-4
-5
-5
-6
-9
-11
-9
-11
-11
-9
-8
-6
-7
-9
-9
-8
-9
-7
-9
-9
-10
