80
84
84
77
64
45
18
-7
-37
-64
-83
-96
-105
-108
-98
-86
-67
-46
-20
5
26
42
52
59
57
50
39
21
2
-18
-33
-44
-56
-59
-58
-54
-42
-23
-2
20
42
63
77
84
90
90
83
70
58
40
18
-5
-26
-42
-57
-64
-65
-61
-53
-39
-23
-7
10
28
48
62
70
73
73
66
45
23
-5
-33
-62
-85
-103
-115
-117
-112
-103
-91
-74
-52
-35
-19
-2
14
19
17
9
-6
-25
-46
-62
-80
-96
-106
-109
-109
-101
-86
-63
-37
-9
21
49
73
93
106
113
117
117
113
103
82
63
43
23
3
-10
-15
-21
-21
-15
-6
11
31
57
78
95
110
123
130
129
122
112
92
68
46
28
13
2
-4
-4
2
11
21
37
52
68
82
91
93
89
82
64
44
22
0
-23
-44
-57
-73
-84
-88
-86
-78
-66
-49
-27
-9
4
19
29
36
38
39
39
32
22
9
0
-15
-30
-41
-58
-71
-79
-78
-79
-76
-69
-59
-47
-33
-16
-4
8
12
19
19
9
-7
-24
-43
-63
-80
-94
-102
-109
-108
-97
-84
-64
-38
-3
26
51
71
84
89
85
81
65
43
18
-7
-32
-59
-83
-97
-104
-106
-99
-89
-79
-64
-45
-29
-13
2
20
31
33
33
29
21
10
-1
-12
-26
-39
-47
-53
-57
-52
-41
-30
-22
-9
5
20
32
44
57
66
65
61
53
37
15
-13
-41
-69
-91
-104
-113
-115
-105
-86
-63
-36
-5
28
56
80
103
117
122
118
114
103
87
68
49
30
13
-2
-11
-14
-17
-16
-10
-4
5
15
29
40
52
62
68
67
59
55
48
37
24
13
1
-14
-24
-33
-36
-37
-28
-13
4
23
43
66
83
97
110
115
109
97
79
57
30
6
-17
-38
-58
-69
-74
-74
-69
-57
-41
-27
-9
13
33
49
59
64
60
53
45
36
21
7
-3
-12
-24
-34
-38
-42
-46
-47
-43
-36
-31
-23
-14
-5
1
8
13
13
7
-2
-8
-24
-38
-49
-57
-66
-73
-74
-74
-73
-65
-50
-34
-16
4
24
38
44
48
53
51
45
37
23
2
-19
-35
-49
-60
-64
-62
-59
-56
-49
-36
-25
-16
-6
4
12
16
22
23
18
12
10
3
-8
-16
-20
-25
-31
-32
-29
-25
-21
-10
3
13
21
30
38
41
45
48
50
43
35
27
10
-13
-32
-47
-63
-71
-73
-72
-68
-60
-45
-25
-6
15
36
54
66
75
87
91
85
75
67
48
28
18
11
4
2
6
7
9
12
20
25
32
40
47
50
46
43
38
29
20
10
3
0
-11
-20
-27
-43
-57
-60
-54
-47
-33
-15
-2
10
30
49
66
80
94
100
95
86
74
56
31
1
-22
-38
-44
-41
-29
-24
-28
-30
-30
-23
-8
18
45
57
50
29
2
-21
-32
-23
-13
-15
-23
-39
-64
-77
-70
-51
-28
-9
6
11
7
5
9
17
24
29
29
24
14
1
-10
-21
-39
-53
-59
-67
-76
-71
-61
-61
-54
-41
-34
-24
-9
-2
0
2
4
7
10
0
-19
-43
-64
-73
-57
-24
8
27
14
-12
-32
-38
-13
42
81
80
57
12
-45
-64
-44
-18
10
31
23
-4
-25
-37
-43
-29
-18
-11
-3
-6
-23
-40
-58
-72
-63
-31
11
51
69
66
49
22
7
22
46
58
61
47
5
-35
-48
-47
-36
-13
5
7
-2
-6
-11
-11
1
15
25
34
31
19
11
8
-1
-11
-7
-16
-28
-18
-7
-8
-5
5
4
5
23
37
44
48
51
57
69
85
102
91
49
0
-47
-62
-29
20
43
35
-21
-112
-146
-104
-32
74
168
147
52
-24
-80
-86
7
112
152
137
69
-40
-109
-98
-48
26
100
118
88
45
-12
-46
-36
0
46
78
79
46
-9
-71
-105
-95
-69
-30
12
6
-34
-68
-99
-113
-87
-37
-6
16
27
9
-3
8
17
28
46
57
47
36
32
11
-8
-16
-31
-50
-56
-45
-31
-14
2
-7
-27
-46
-66
-60
-30
-5
8
3
-30
-79
-104
-91
-63
-24
13
26
15
-4
0
19
39
61
71
63
51
51
65
67
61
35
2
-16
-27
-14
20
24
-8
-45
-84
-130
-137
-94
-61
-42
-28
-35
-54
-60
-46
-8
34
59
73
85
64
33
31
32
22
42
71
74
71
73
57
38
45
61
79
97
90
59
22
-27
-74
-83
-72
-76
-78
-76
-95
-123
-120
-95
-85
-72
-41
-31
-23
-3
23
47
57
55
46
38
34
37
63
89
75
62
42
4
-20
-10
8
12
22
29
5
-11
-8
-6
3
16
14
-14
-36
-39
-59
-60
-37
-39
-63
-76
-81
-98
-85
-26
8
26
53
48
28
20
35
38
56
87
70
36
23
-3
-25
-13
18
15
11
24
0
-28
-16
0
8
24
38
23
9
14
4
9
36
41
43
52
46
25
21
17
-12
-3
12
-6
-1
15
-6
-30
-29
-35
-58
-44
-23
-32
-37
-38
-48
-62
-71
-63
-59
-61
-61
-48
-32
-33
0
25
16
36
43
28
32
51
70
65
75
66
24
15
0
-25
-31
-37
-34
-38
-40
-41
-51
-57
-85
-98
-103
-104
-63
-37
-30
-17
-17
-30
-46
-21
-6
-18
14
24
-5
4
18
35
25
25
40
25
29
45
63
61
45
55
19
-24
-24
-49
-61
-54
-75
-108
-116
-103
-113
-89
-44
-36
-32
-12
3
-2
37
89
97
117
118
108
138
115
97
123
122
107
112
151
138
76
80
42
-22
-35
-24
14
15
1
-23
-90
-147
-173
-140
-134
-143
-70
-84
-136
-118
-86
-79
-72
-24
-18
-9
61
99
103
140
155
159
155
150
125
166
197
121
128
143
42
19
32
19
-7
-41
-36
-54
-97
-115
-112
-58
-128
-164
-116
-156
-204
-150
-111
-180
-123
-68
-127
-120
-47
-43
-43
5
9
-16
39
115
57
61
148
101
7
83
108
69
107
95
45
47
46
-54
-66
-25
-123
-125
-32
-54
-121
-86
-27
-206
-161
-24
-77
-126
-61
-6
-95
-147
-74
-35
-89
-76
7
-43
-77
28
23
-17
-17
21
45
39
84
91
91
88
6
36
135
115
92
133
87
-21
-1
52
69
43
63
101
7
-29
4
33
6
6
35
34
-1
-18
27
63
-29
-78
29
-39
-115
40
82
20
8
-11
-58
-99
-60
84
147
106
165
134
44
-43
49
126
99
207
200
140
47
0
29
34
33
63
115
97
28
10
-11
-41
-105
-26
110
-13
-1
94
-1
-146
-97
68
34
-69
35
-19
-83
-92
-79
32
17
-3
18
47
20
11
146
170
-32
-17
92
-12
-58
115
131
-32
-71
-131
-169
-177
-118
-17
-56
-53
-83
-136
-148
-229
-39
-44
-125
31
52
-70
-110
-58
-76
-93
-3
-24
-13
-10
-53
8
0
6
-34
30
0
-33
-7
-3
48
3
30
57
-97
-110
-143
-182
-161
-218
-143
-192
-314
-330
-306
-310
-313
-161
-146
-115
-15
-113
-87
-9
84
58
55
88
54
106
110
50
154
119
114
160
54
215
239
215
154
149
208
128
164
294
160
63
148
102
-50
53
158
-88
-30
45
-148
-114
50
25
-37
111
142
-73
-16
223
188
118
219
284
99
38
254
131
166
159
51
-19
-88
-121
-210
-90
-21
-127
-51
50
-126
-189
-17
22
-149
-5
-43
-218
-218
-258
-244
-149
-115
-194
-170
-40
-228
-142
66
-61
-52
34
62
42
-26
53
80
4
48
-33
108
116
85
93
164
62
-153
132
192
-115
6
117
5
-131
31
218
-17
54
39
-22
-15
-192
39
150
-100
42
149
-47
-172
-51
127
-57
-49
40
7
-31
-55
162
119
27
58
-48
-57
-143
-126
45
-120
-215
-126
-2
-273
-363
-18
-55
-299
-208
17
-193
-236
-90
-178
-100
32
-104
-50
-93
-179
109
136
83
118
344
131
-133
119
52
-89
113
83
-72
-27
112
97
28
348
384
91
139
151
80
97
250
110
62
197
-18
24
73
-104
-42
194
-81
-93
134
101
-155
61
194
-79
-153
132
187
-39
11
179
24
-172
108
73
-100
-179
-16
-160
-279
-78
-20
-97
-126
-114
-143
-155
-176
36
97
-59
29
283
31
-168
134
57
-215
-74
191
-48
-193
196
207
-3
138
440
354
193
410
590
382
289
471
408
103
132
298
11
-95
210
149
-117
75
118
-40
-181
-64
41
-200
-131
106
-10
-118
-110
14
-87
-196
220
82
-239
-79
-73
-159
-278
-3
245
-115
-148
133
-71
-326
39
4
-247
-72
161
-297
-339
-34
-254
-470
-33
-70
-733
-241
60
-461
-334
267
48
-271
109
288
-143
-25
423
74
-122
292
180
-229
-112
144
-138
-225
147
76
-103
180
325
124
10
207
291
-205
-20
309
-52
-154
94
117
-295
-157
178
-228
-174
213
30
-187
164
283
-176
-20
285
-51
-104
126
250
11
-105
387
22
-220
259
295
-212
-80
269
-341
-371
232
47
-356
123
104
-322
-213
316
-88
-176
359
183
-245
33
320
-281
-254
205
84
-348
-5
335
-235
-277
360
-85
-366
347
320
-300
134
480
-210
-117
517
-16
-138
425
-76
-162
126
194
-12
125
325
211
67
150
128
-154
47
-52
-42
15
171
-10
-133
134
-79
-204
242
300
-110
73
384
-66
-274
331
7
-345
-35
71
-198
-369
295
-37
-444
91
-190
-204
-110
-45
-123
-199
-37
-120
-279
52
-205
-337
-70
-224
-459
-262
-85
-462
-329
-270
-490
-588
-310
-457
-563
-449
-302
-516
-478
-211
-499
-405
-117
-525
-548
-201
-516
-466
-310
-240
-666
-342
-285
-747
-615
-337
-382
-575
-218
-122
-160
3
-25
-85
119
-113
174
244
171
351
206
202
29
89
221
-110
-46
285
67
120
193
158
171
70
28
387
254
168
786
391
266
654
560
302
771
633
587
772
655
480
702
854
370
778
1110
411
796
1078
343
637
959
690
514
713
825
350
548
645
136
310
657
292
162
684
507
196
306
527
240
-44
491
473
-261
104
500
-261
-246
483
-123
-529
348
108
-499
111
87
-448
-201
89
-395
-263
140
-472
-548
-216
-643
-668
-239
-470
-559
-364
-248
-566
-496
-46
-221
-217
75
-73
-10
-134
-192
160
-110
-352
132
-20
-437
34
8
-329
-152
-8
-202
-318
3
-207
-431
-155
-288
-566
-337
-376
-670
-449
-461
-544
-322
-371
-435
-441
-422
-356
-358
-112
-373
-242
112
-295
-141
118
-76
-259
-107
120
-321
-242
56
-109
-110
42
-77
-141
-240
-158
-207
-306
-108
-74
-196
-92
-119
-432
-127
-102
-199
-42
134
-56
-19
35
-35
-86
9
154
-89
62
365
-58
-95
442
92
54
407
311
-97
198
413
-87
124
318
-36
-108
270
76
-51
289
260
-89
213
320
-79
90
479
179
186
650
268
110
473
128
-6
432
415
33
393
591
78
254
502
305
152
439
376
13
250
322
-132
-5
126
-167
-216
-61
-92
-191
-165
-204
-340
-548
-213
-155
-432
-156
-128
-533
-361
-120
-530
-488
-140
-635
-510
64
-364
-482
162
-367
-729
-82
-141
-391
-35
108
-308
-182
-172
-259
-98
-98
28
18
-133
14
1
48
89
230
47
-233
392
92
-354
250
6
-239
245
189
-160
128
100
-384
98
149
-306
157
227
-195
51
315
-90
-20
274
26
87
78
33
138
-37
27
-122
-128
-46
-96
-204
-62
167
9
-105
219
48
136
419
125
151
257
247
207
144
221
85
-165
133
-109
-163
304
145
-125
51
187
-147
124
542
150
324
586
314
425
392
461
373
222
493
358
212
407
515
59
201
440
19
236
461
112
158
545
173
219
738
151
-69
568
115
-155
242
50
-169
49
166
-122
-23
119
-52
-10
202
82
-18
410
350
100
164
262
-42
-208
156
-86
-219
91
-211
-491
-391
-381
-483
-357
-367
-499
-323
-229
-494
-95
50
-319
-31
229
-167
-75
507
-20
-29
510
-129
-327
-42
-235
-425
-103
-55
-468
-131
-36
-426
-203
104
-293
-243
75
-228
-318
94
-72
-373
50
-57
-208
-158
-226
-222
-157
-261
-248
-5
-286
-186
41
-244
-325
120
8
-142
92
-219
-400
-192
-80
-178
-86
-312
-261
-354
-534
-76
-222
-456
-37
-117
-541
-71
-16
-433
52
101
-224
43
-72
-350
-127
-166
-304
-44
99
-270
-119
99
-185
-52
-20
-63
38
56
75
111
179
136
173
413
233
216
533
275
401
798
356
353
809
323
247
796
296
207
648
360
379
673
299
154
525
194
72
618
558
311
548
453
135
336
493
405
368
456
239
-13
215
248
-181
126
170
-178
92
292
-33
60
339
-8
31
416
81
264
618
450
230
387
314
-28
422
547
112
325
290
37
13
50
-71
-214
77
-238
-195
63
-214
-256
-28
22
-142
-66
103
-242
-133
131
-220
-168
97
52
40
56
-136
-253
-75
60
30
64
-16
-109
-45
207
141
129
359
125
29
209
20
207
449
417
394
380
258
140
98
243
71
29
142
48
12
-110
-189
-531
-453
-214
-420
-200
39
-276
-186
-191
-423
-359
-212
-326
-420
-240
-245
-388
-205
-253
-664
-796
-734
-855
-691
-463
-620
-753
-601
-773
-725
-419
-450
-380
-363
-376
-399
-461
-240
-174
-358
-344
-448
-553
-526
-368
-443
-415
-321
-455
-361
-245
-381
-320
-206
-303
-133
-48
-253
-198
39
-131
-160
22
-78
-142
-59
25
105
128
60
79
86
-24
120
265
158
106
232
90
53
369
367
349
326
220
102
-3
145
274
246
293
284
39
-39
4
-17
2
169
184
60
48
-7
-94
-58
83
14
3
57
15
-78
-8
-21
14
232
242
110
109
151
110
240
380
275
301
371
214
237
331
311
376
466
464
444
511
410
299
325
360
332
366
461
315
236
257
155
165
254
263
137
120
199
60
128
197
123
248
187
13
1
-75
-225
-205
-155
-296
-332
-269
-487
-500
-338
-427
-431
-283
-206
-290
-237
-66
-121
-39
132
40
-6
35
-25
-18
71
58
-22
-73
-128
-227
-295
-236
-202
-161
-96
-191
-171
-160
-207
-93
-60
-224
-123
16
-53
40
99
-56
-29
60
-24
-4
222
214
261
407
313
262
396
413
396
574
673
690
738
808
710
633
696
684
730
863
866
830
786
649
471
399
405
416
476
462
421
256
128
174
61
-62
15
-21
-215
-258
-234
-339
-343
-271
-339
-383
-421
-436
-446
-455
-384
-352
-403
-504
-602
-686
-665
-650
-673
-589
-676
-711
-732
-790
-713
-699
-577
-481
-458
-441
-367
-343
-350
-269
-216
-155
-27
-27
-15
38
-19
-29
69
57
-4
68
57
-39
-65
-133
-182
-71
-87
-113
-107
-153
-97
-71
-110
-51
18
-47
80
177
82
148
217
117
170
249
125
86
119
163
122
139
219
240
216
213
312
307
226
294
248
277
416
429
438
369
348
321
229
191
118
163
158
151
54
-55
-160
-340
-234
-274
-311
-167
-261
-243
-149
-263
-319
-242
-304
-396
-386
-345
-441
-457
-313
-442
-546
-535
-631
-743
-775
-875
-954
-887
-894
-938
-1034
-1165
-1327
-1481
-1447
-1409
-1419
-1376
-1302
-1384
-1322
-1156
-1236
-1284
-1249
-1327
-1188
-764
-277
383
912
1092
1375
1534
1785
2473
2964
3220
3532
3549
3393
3353
3008
2632
2308
1904
1765
1593
1191
717
74
-685
-1142
-1359
-1524
-1514
-1584
-1505
-1251
-1103
-654
-46
249
765
1323
1611
2061
2405
2415
2443
2493
2281
2091
1836
1520
1211
834
611
235
-258
-492
-767
-1073
-1194
-1369
-1593
-1626
-1666
-1713
-1615
-1578
-1428
-1115
-880
-610
-439
-420
-349
-402
-472
-331
-450
-740
-883
-1342
-1750
-1819
-2060
-2255
-2147
-2080
-2273
-2389
-2608
-2861
-2783
-2787
-1534
269
1190
2083
2151
1523
2140
3295
3808
4751
5553
5408
5548
5261
4248
3703
2776
1898
1792
1578
1259
469
-979
-2505
-3479
-3968
-4093
-3972
-4069
-3955
-3946
-3888
-3397
-3147
-2886
-2237
-1373
-264
773
1402
1525
1537
1627
1859
2170
2291
2634
2774
2752
2806
2271
1705
1274
783
748
874
542
217
0
-578
-819
-721
-839
-712
-384
-56
303
453
384
227
117
287
614
735
669
387
-82
-456
-778
-1125
-1460
-1957
-2417
-2722
-3052
-3562
-4085
-4624
-5290
-5628
-5762
-5869
-5848
-5665
-5491
-5291
-5243
-5310
-5049
-4389
-2106
823
2611
3633
3595
3009
3872
5475
6511
7820
8586
8178
7876
7247
5929
4743
3415
2358
2222
2174
1642
276
-1907
-3910
-4857
-4947
-4570
-4007
-3888
-3777
-3638
-3406
-2786
-2374
-1833
-741
655
2405
3715
3987
3821
3542
3252
3519
3854
3916
4052
3748
3271
2798
1814
755
4
-390
-194
317
301
-62
-479
-1003
-1058
-713
-325
250
863
1457
2031
2361
2253
2025
2042
2292
2660
2841
2602
1895
1064
397
-212
-812
-1347
-1992
-2600
-3039
-3704
-4558
-5213
-5825
-6140
-6035
-5906
-5931
-5988
-6000
-5869
-5344
-4772
-4350
-4042
-3986
-3719
-2480
-320
2482
4596
5159
4859
4596
4970
6377
7930
8827
9315
8891
7624
6336
4796
3236
2199
1446
1041
779
-231
-2075
-4141
-5937
-6618
-6191
-5349
-4484
-4032
-3980
-3852
-3546
-2699
-1411
-135
1393
2975
4035
4553
4251
3392
2834
2666
2748
2892
2642
1943
1034
-184
-1392
-2448
-3496
-4070
-4009
-3627
-3058
-2529
-2590
-2601
-2200
-1870
-1062
139
1042
2022
3110
3606
3776
3744
3348
3077
3085
3013
2913
2517
1624
783
-124
-1103
-1831
-2578
-3442
-3978
-4108
-4235
-4414
-4604
-4879
-5003
-4677
-4045
-3392
-2904
-2551
-2404
-2355
-2139
-1943
-1823
-1653
-1473
-1473
-1602
-1918
-1625
-397
1598
3626
4342
3881
3468
3749
5059
6930
8125
8500
8133
7051
5942
5229
4487
4032
3821
3482
3239
2588
1060
-974
-2704
-3425
-3158
-2478
-2042
-2050
-2445
-2740
-2592
-2182
-1497
-760
-66
963
1925
2389
2227
1398
498
101
140
340
345
-164
-998
-1993
-3109
-3843
-4227
-4354
-3872
-3139
-2503
-2086
-2019
-1838
-1192
48
1435
2613
3580
4154
4432
4754
4796
4374
3966
3551
3123
2951
2569
1619
571
-429
-1257
-1952
-2757
-3637
-4464
-5006
-5215
-5173
-5030
-4859
-4611
-4333
-4016
-3640
-3250
-3013
-2765
-2338
-1999
-1890
-1809
-2032
-2436
-2458
-2661
-2999
-3060
-3620
-4110
-3222
-1343
1343
3726
4237
3558
3139
3519
5201
7437
8874
9564
9273
7968
6689
5572
4631
4117
3707
3462
3167
2187
389
-1768
-3686
-4577
-4550
-4187
-3682
-3543
-3653
-3680
-3606
-3005
-2143
-1361
-401
816
1978
2732
2660
1937
1184
641
519
599
427
-105
-871
-1848
-2649
-3167
-3578
-3707
-3624
-3472
-2929
-1842
-869
281
1731
2501
3114
4111
4657
5155
5787
5666
5201
4974
4596
4104
3663
2902
1957
870
-428
-1581
-2531
-3332
-3835
-4154
-4405
-4664
-4995
-5337
-5479
-5189
-4475
-3642
-2880
-2238
-1852
-1640
-1416
-1260
-1152
-1230
-1319
-1332
-1399
-1367
-1363
-1689
-2107
-2382
-3029
-2924
-1599
640
3580
5369
5356
4752
4450
5245
7223
8984
9902
10041
8976
7456
6432
5476
4833
4385
3516
2585
1453
-339
-2358
-4151
-5427
-5920
-5803
-5702
-5623
-5687
-5725
-5433
-4797
-3687
-2433
-1195
104
1146
1705
1630
959
271
90
213
229
-88
-1078
-2402
-3618
-4580
-5078
-5057
-4751
-4354
-3876
-3546
-3067
-2197
-1138
348
2082
3258
4040
4835
5264
5465
5716
5428
4691
4241
3835
3312
2924
2238
1048
-101
-1030
-1783
-2268
-2591
-2925
-3311
-3612
-3713
-3665
-3404
-2800
-2161
-1478
-807
-444
-332
-529
-534
-352
-202
-85
-313
-819
-1453
-1682
-1790
-2116
-2424
-2900
-3531
-3662
-2486
-494
2119
4602
5198
4804
4530
4621
6052
8295
9841
10395
10018
8281
6450
5287
4233
3631
2923
1667
212
-1412
-3152
-4927
-6432
-7512
-7971
-7903
-7476
-6900
-6500
-6024
-5531
-4721
-3305
-1725
-175
1217
2003
2095
1838
1359
1027
1085
1240
1231
765
-227
-1412
-2448
-3063
-2911
-2296
-1886
-1482
-1215
-1154
-351
727
1773
3166
4254
5024
5888
6200
5966
5803
5333
4843
4900
4802
4392
3824
2789
1663
712
2
-488
-893
-1202
-1514
-2033
-2668
-3161
-3298
-2953
-2267
-1532
-1096
-1103
-1317
-1595
-1758
-1481
-872
-508
-596
-1070
-2049
-2914
-3279
-3373
-2886
-2255
-2696
-3603
-4789
-5258
-3616
-789
1948
3828
3996
3112
2906
3481
4900
6891
7864
7804
7089
5714
4667
3762
2692
1563
225
-1248
-2522
-3777
-5093
-6215
-7289
-8054
-8249
-8176
-7699
-7149
-6822
-6380
-5821
-5076
-3780
-2127
-544
758
1315
1115
747
592
932
1535
1824
1528
675
-392
-1228
-1653
-1808
-1729
-1301
-950
-723
-234
93
433
1380
2405
3345
4495
5127
4973
4700
4431
4302
4461
4709
4843
4617
4105
3299
2151
1111
437
96
100
278
93
-415
-1165
-1987
-2281
-2032
-1407
-564
65
325
257
-167
-542
-693
-558
-106
250
159
-342
-1243
-2171
-2523
-2775
-2987
-2932
-3684
-4484
-4770
-4513
-2492
862
3544
4413
3828
2525
2570
4681
7371
9728
10669
9648
7583
5570
4400
4099
4106
3558
2270
535
-1249
-3025
-4896
-6464
-7522
-7963
-7685
-7152
-6720
-6562
-6778
-6944
-6405
-5119
-3077
-620
1283
2381
2639
2083
1615
1741
2387
3237
3543
2979
1952
788
-235
-876
-1419
-1850
-1836
-1704
-1422
-1139
-1122
-925
-635
-150
992
2209
3156
4032
4314
4102
4104
4064
3907
4042
4063
3822
3386
2518
1473
513
-139
-454
-672
-955
-1429
-2183
-2946
-3370
-3442
-3026
-2403
-1886
-1500
-1416
-1553
-1566
-1493
-1187
-712
-551
-558
-817
-1373
-1842
-2345
-2877
-3306
-3658
-4028
-4583
-5394
-5989
-4873
-2474
501
2938
2935
1547
724
1133
3507
7087
9520
9855
8589
6075
3959
3356
3344
3453
3045
1759
21
-1922
-3871
-5808
-7506
-8525
-8716
-8187
-7293
-6696
-6925
-7489
-7684
-6894
-4619
-1452
1607
3741
4392
3871
3241
3233
3992
5228
5980
5935
5096
3580
2004
520
-685
-1458
-1849
-1889
-1902
-2072
-2353
-2457
-2158
-1243
162
1572
2881
3949
4737
5496
6036
6352
6581
6548
6464
6431
6091
5397
4452
3260
2190
1456
833
195
-645
-1674
-2665
-3369
-3624
-3655
-3637
-3647
-3683
-3605
-3275
-2697
-2094
-1365
-812
-680
-626
-799
-1102
-1177
-1360
-1723
-2094
-2596
-3241
-3872
-4773
-5999
-7080
-7273
-5439
-1977
1451
2933
1869
-138
-846
940
4796
8892
11154
10827
8398
5359
3530
3270
3903
4374
3682
2001
-72
-2436
-4955
-7343
-9230
-10025
-9581
-8361
-7192
-6859
-7492
-8459
-8485
-6630
-3193
563
3439
4705
4441
3806
3683
4307
5399
6223
6109
5052
3608
2078
600
-749
-1965
-2942
-3574
-3888
-3766
-3953
-4108
-3687
-3342
-2340
-459
1163
2616
4045
4662
4886
5588
6137
6808
7706
7886
7476
6607
5380
4181
3268
2711
2169
1423
437
-879
-2189
-3199
-3921
-4238
-4185
-4036
-3755
-3464
-3405
-3278
-3007
-2578
-1735
-787
-133
386
568
104
-441
-1095
-2022
-2547
-2876
-3261
-3354
-3693
-4885
-6349
-7420
-6881
-3595
563
2969
3186
1818
834
2454
6045
9868
12500
12495
10072
7207
5609
5678
6483
6594
5206
2663
-17
-2292
-4355
-6176
-7682
-8923
-9325
-8746
-7784
-6920
-6668
-7015
-6816
-5250
-2334
1027
3718
5150
5328
4925
4823
5433
6266
6725
6200
4665
2954
1427
138
-978
-2365
-3952
-5281
-6112
-6272
-5850
-5425
-4920
-4059
-2936
-1419
221
1653
2887
4310
5951
7449
8625
9112
8724
7945
7352
6791
6230
5734
4622
3005
1511
-33
-1567
-2847
-4008
-4972
-5438
-5417
-5200
-4949
-4884
-5042
-5137
-4756
-3781
-2622
-1434
-449
121
375
373
-108
-896
-1546
-2183
-2356
-2288
-2624
-3248
-4368
-5856
-7188
-8152
-8139
-6274
-2586
1330
3561
3423
2018
1306
2580
5810
9426
11840
12174
10174
7388
5490
4880
5099
5011
3817
1677
-624
-2706
-4507
-6231
-7991
-9385
-10007
-9340
-7718
-6212
-5544
-5886
-6304
-5566
-3388
-315
2546
4198
4603
4416
4279
4601
5066
5009
4221
3051
2010
1325
639
-348
-1749
-3543
-4805
-5109
-4650
-3693
-2551
-1795
-1735
-1596
-1028
-80
1596
3741
5302
6153
6672
6551
6278
6432
6563
6539
6544
6372
5728
4790
3654
2099
399
-917
-1709
-1943
-1717
-1569
-1808
-2361
-3111
-3769
-3953
-3503
-2524
-1387
-521
-146
-326
-869
-1320
-1359
-1357
-1358
-1449
-1813
-2108
-2514
-3115
-3687
-4268
-4882
-5453
-5835
-5494
-3262
417
3578
5028
4528
3199
2821
4199
6720
9340
10882
10210
7857
5297
3658
3336
3366
2592
699
-1656
-3555
-4751
-5545
-6486
-7830
-9276
-9930
-9194
-7403
-5438
-4532
-4790
-5236
-4894
-3257
-595
2038
3640
4060
3692
3214
3131
3182
2811
1857
708
-81
-399
-405
-657
-1749
-3428
-4792
-5219
-4497
-2886
-1432
-702
-687
-957
-728
101
1500
3128
4349
5184
5811
6158
6229
6189
5996
5771
5815
5956
5946
5461
4378
2830
1203
17
-487
-421
-202
-249
-899
-1963
-3031
-3844
-4039
-3726
-3219
-2757
-2537
-2689
-3083
-3498
-3801
-3808
-3711
-3595
-3425
-3283
-3098
-3019
-3093
-3270
-3823
-4425
-4033
-1917
1547
4976
6609
5988
4616
3984
4642
6441
8364
9279
8678
6993
5216
4009
3453
2943
1690
-81
-1614
-2497
-2772
-3058
-4065
-5833
-7650
-8693
-8308
-6630
-4622
-3291
-3051
-3430
-3619
-2967
-1371
610
2293
3110
3071
2789
2766
2860
2534
1683
405
-755
-1178
-839
-217
-49
-718
-2039
-3255
-3584
-2816
-1435
-136
675
771
639
886
1484
2364
3284
3980
4389
4685
4974
5264
5465
5224
4645
4134
3878
3960
4115
3786
2821
1572
425
-263
-403
-378
-495
-772
-1132
-1554
-2008
-2610
-3433
-4123
-4290
-4079
-3859
-3934
-4411
-4991
-5406
-5557
-5563
-5515
-5365
-5040
-4438
-3921
-3890
-4066
-3681
-1979
885
3735
5402
5744
5292
4869
5199
6239
7481
8175
7656
6341
5157
4524
4081
3051
1184
-970
-2548
-3152
-2962
-2815
-3429
-4816
-6490
-7444
-7224
-6118
-4768
-3817
-3395
-3128
-2532
-1558
-362
733
1321
1326
1059
1099
1476
1856
1892
1204
56
-966
-1406
-1251
-801
-448
-505
-854
-1221
-1228
-771
-100
685
1255
1578
1899
2362
2883
3203
3263
3159
3099
3169
3377
3665
3857
3824
3535
3026
2511
2212
2033
1949
1918
1718
1346
859
390
27
-208
-265
-176
-43
-91
-436
-1073
-1854
-2571
-3146
-3447
-3551
-3637
-3673
-3792
-4190
-4813
-5463
-6001
-6078
-5563
-4915
-4486
-4139
-3424
-2060
-184
1567
2780
3624
4260
4859
5502
6165
6838
7232
6992
6267
5590
5201
4899
4200
2771
903
-832
-2009
-2569
-2848
-3335
-4168
-5124
-5876
-6110
-5940
-5706
-5506
-5179
-4608
-3655
-2419
-1237
-457
-155
-173
-347
-400
-222
64
256
254
123
-171
-491
-688
-886
-1008
-920
-559
-15
575
1252
1946
2504
2874
2998
3026
3257
3770
4362
4784
4809
4425
3888
3355
2997
2844
2702
2574
2465
2318
2053
1571
995
522
223
143
338
791
1281
1490
1342
986
611
479
635
814
784
387
-554
-1741
-2759
-3441
-3766
-3884
-4001
-4332
-4857
-5453
-5995
-6222
-6048
-5493
-4727
-4094
-3661
-3246
-2590
-1486
-110
1199
2245
3076
3764
4323
4676
4707
4378
3721
3061
2784
2999
3488
3708
3203
2015
459
-1003
-1983
-2342
-2228
-1949
-1843
-2037
-2301
-2489
-2550
-2536
-2551
-2468
-2255
-1791
-1081
-351
110
-16
-719
-1589
-2165
-2271
-1986
-1658
-1673
-2163
-2858
-3371
-3375
-2837
-2053
-1282
-546
278
1162
1900
2446
2889
3305
3791
4439
5216
5784
5754
5092
4112
3291
2939
3023
3245
3380
3319
2985
2394
1742
1168
772
712
969
1544
2211
2650
2745
2444
1979
1492
1217
1275
1474
1601
1325
609
-390
-1331
-2103
-2882
-3681
-4433
-5052
-5448
-5573
-5589
-5649
-5636
-5448
-5058
-4388
-3608
-2951
-2576
-2377
-2159
-1722
-850
407
1757
2575
2637
2235
1694
1343
1249
1411
1776
2095
2074
1533
673
-124
-590
-750
-667
-572
-633
-664
-498
-101
357
572
517
396
399
738
1316
1705
1683
1268
564
-116
-543
-720
-820
-1040
-1414
-2001
-2639
-3215
-3843
-4362
-4659
-4565
-3926
-2869
-1764
-1010
-584
-313
-1
553
1377
2385
3369
4169
4594
4607
4378
3974
3433
2994
2877
3075
3389
3527
3295
2713
2029
1422
981
912
1252
1913
2762
3405
3592
3339
2661
1862
1368
1217
1232
1310
1248
799
-97
-1342
-2820
-4093
-4901
-5238
-5236
-5267
-5460
-5884
-6196
-6219
-5900
-5226
-4477
-3709
-2872
-2079
-1230
-364
312
758
884
764
492
283
315
482
614
555
375
279
249
42
-365
-867
-1356
-1702
-1792
-1513
-793
261
1276
1996
2353
2492
2604
2796
3148
3588
3901
4001
3915
3655
3193
2449
1381
199
-780
-1418
-1713
-1865
-2131
-2689
-3501
-4313
-4765
-4607
-3901
-2985
-2250
-1834
-1673
-1569
-1319
-879
-298
478
1286
2089
2932
3592
3795
3406
2733
2215
2151
2613
3332
3873
4002
3558
2717
1960
1547
1625
2025
2684
3463
4069
4284
3984
3284
2691
2406
2410
2585
2605
2231
1358
133
-1244
-2333
-2959
-3165
-3193
-3274
-3567
-4190
-4973
-5617
-5951
-5774
-5116
-4280
-3419
-2741
-2381
-2308
-2357
-2358
-2147
-1747
-1209
-654
-346
-380
-802
-1403
-2015
-2302
-2080
-1610
-1112
-792
-722
-840
-1030
-1198
-1254
-977
-456
228
964
1694
2453
3068
3494
3603
3573
3557
3620
3790
3829
3535
2759
1608
431
-448
-899
-1115
-1407
-1927
-2696
-3531
-4065
-4023
-3516
-2823
-2101
-1448
-928
-523
-259
-80
38
157
413
991
1914
2741
3187
3134
2636
1987
1659
1753
2086
2430
2489
2171
1653
1210
963
904
1032
1360
1845
2556
3240
3647
3721
3601
3429
3411
3655
3930
3978
3573
2825
1815
752
-129
-817
-1304
-1646
-2037
-2343
-2588
-2919
-3345
-3709
-3861
-3748
-3304
-2708
-2116
-1669
-1540
-1714
-1962
-2035
-1913
-1574
-1151
-820
-562
-458
-536
-775
-1227
-1788
-2303
-2688
-2746
-2397
-1794
-1214
-920
-902
-978
-743
-127
633
1423
1927
2029
1901
1855
2104
2658
3252
3473
3268
2685
1783
768
-149
-824
-1311
-1730
-2063
-2353
-2619
-2863
-3243
-3571
-3677
-3463
-2870
-2046
-1080
-338
-22
-85
-199
-104
271
875
1298
1491
1449
1285
1123
981
887
693
578
522
479
457
461
324
2
-295
-511
-304
349
1201
1956
2503
2753
2681
2612
2697
3004
3411
3656
3589
3207
2688
2079
1505
1107
767
382
-83
-585
-1027
-1446
-1914
-2301
-2529
-2520
-2365
-2133
-1905
-1797
-1846
-2157
-2629
-3037
-3229
-3106
-2646
-2014
-1423
-1118
-1178
-1437
-1676
-1765
-1661
-1431
-1218
-1135
-1188
-1369
-1712
-2023
-1914
-1210
16
1320
2249
2692
2817
2744
2631
2760
2984
3113
3083
2955
2889
2837
2543
1838
883
-22
-654
-1004
-1038
-904
-963
-1227
-1626
-1994
-2145
-1989
-1605
-1218
-850
-630
-582
-425
-75
356
705
970
1128
1254
1484
1653
1575
1167
568
20
-238
-50
305
529
489
166
-257
-406
-144
322
823
1152
1232
1169
1115
1195
1455
1904
2327
2516
2522
2448
2355
2227
2102
1991
1927
1855
1774
1577
1310
1006
484
-25
-440
-717
-940
-1098
-1190
-1383
-1692
-2098
-2535
-2919
-3176
-3330
-3326
-3232
-3246
-3361
-3411
-3520
-3533
-3348
-3094
-2839
-2623
-2391
-2133
-1826
-1689
-1709
-1780
-1910
-2023
-2009
-1532
-488
820
1865
2385
2406
2258
2242
2329
2574
2865
2989
2727
2300
1988
1864
1812
1509
910
213
-263
-572
-750
-857
-1066
-1426
-1789
-1951
-1844
-1501
-1265
-1335
-1626
-1898
-1902
-1547
-826
32
661
851
713
516
468
557
658
699
586
445
440
546
770
993
1115
1201
1445
1891
2415
2888
3030
2852
2559
2283
2104
2111
2302
2367
2288
2121
1875
1706
1645
1612
1563
1564
1534
1510
1594
1733
1741
1594
1359
958
510
54
-366
-743
-1103
-1479
-1856
-2144
-2368
-2597
-2861
-3087
-3356
-3617
-3759
-3929
-4102
-4197
-4258
-4182
-3894
-3510
-3170
-2903
-2749
-2682
-2560
-2306
-2077
-2050
-2088
-1770
-837
595
2011
2830
3050
3012
3077
3425
4050
4672
4931
4640
4013
3529
3508
3755
3714
2964
1616
124
-1037
-1519
-1563
-1512
-1795
-2569
-3526
-4226
-4540
-4601
-4584
-4559
-4386
-3954
-3112
-2017
-1043
-491
-372
-407
-197
455
1369
2226
2688
2727
2512
2381
2498
2705
2860
2849
2639
2407
2465
2521
2444
2186
1605
1032
782
852
1002
1126
1039
735
603
835
1297
1748
2093
2241
2197
2310
2621
2883
2991
2839
2388
1898
1510
1087
569
-131
-1058
-2031
-2804
-3221
-3376
-3485
-3720
-4204
-4718
-5024
-5228
-5380
-5456
-5605
-5747
-5565
-5095
-4530
-3964
-3617
-3584
-3515
-3213
-2821
-2472
-2003
-1081
445
2510
4366
5359
5514
5215
5020
5492
6748
8000
8590
8229
7082
5894
5207
4826
4159
2962
1237
-510
-1710
-2201
-2478
-3157
-4413
-6118
-7532
-8037
-7694
-7025
-6362
-5844
-5383
-4595
-3397
-2002
-726
175
648
1115
2033
3306
4425
4857
4552
3814
3235
3239
3625
4020
3843
2793
1472
488
14
-37
-118
-532
-1027
-1239
-1049
-531
67
193
-196
-468
-229
628
1965
3209
3735
3677
3439
3183
3162
3330
3226
2780
2184
1566
1028
506
-241
-1333
-2549
-3629
-4349
-4655
-4762
-4884
-5149
-5521
-5779
-5756
-5477
-5224
-5189
-5165
-5074
-4759
-4095
-3479
-3046
-2805
-2780
-2717
-2440
-2238
-2261
-1702
-117
2245
4637
5893
5737
4922
4451
4857
6147
7814
8768
8396
7065
5633
4746
4476
4215
3185
1503
-265
-1621
-2337
-2833
-3773
-5332
-6953
-7954
-7927
-6999
-6004
-5655
-5850
-5990
-5426
-3892
-1704
348
1643
2192
2368
2743
3548
4294
4380
3747
2947
2525
2787
3397
3538
2764
1192
-531
-1678
-1414
-464
131
403
29
-536
-322
555
1396
2107
2453
2353
2714
3679
4551
5006
4962
4565
4153
4226
4630
4740
4385
3462
1994
661
-180
-734
-1105
-1520
-2136
-2768
-3192
-3464
-3747
-3953
-4155
-4331
-4160
-3648
-3072
-2582
-2343
-2472
-2949
-3253
-3319
-3354
-2943
-2489
-2439
-2378
-2335
-2759
-3543
-3880
-3146
-797
2520
4694
4999
4235
3444
3604
5112
7246
8744
8878
7658
5816
4667
4659
4851
4327
2887
794
-1128
-2221
-2942
-3995
-5604
-7491
-8797
-8700
-7372
-5999
-5412
-5813
-6622
-6691
-5411
-3106
-740
1046
1849
1923
2210
2922
3605
3700
3025
1932
1301
1600
2200
2367
1682
-3
-1889
-2766
-2500
-1401
-325
-120
-593
-1068
-998
-372
650
1562
2078
2674
3566
4498
5173
5277
4734
3930
3604
3895
4427
4866
4644
3540
2111
797
-261
-917
-1291
-1645
-1865
-2004
-2216
-2509
-3096
-3929
-4661
-4902
-4636
-3902
-3081
-2647
-2636
-3004
-3433
-3747
-3768
-3485
-3108
-2637
-2138
-1909
-2011
-2268
-3169
-3996
-3196
-621
2806
5456
6051
4852
3865
4254
5823
8145
9872
9857
8275
6317
5077
4760
4879
4252
2399
288
-1346
-2368
-3001
-3965
-5795
-7793
-8819
-8601
-7308
-5788
-5299
-5849
-6413
-6085
-4473
-1957
485
1870
2205
2097
2134
2705
3564
3798
3088
2135
1443
1348
1545
1230
-51
-1861
-3372
-3873
-3115
-1701
-746
-827
-1461
-2034
-1970
-911
679
2060
3069
3737
4102
4492
4900
4881
4647
4505
4546
4759
4941
4761
3933
2725
1440
351
-262
-563
-848
-1179
-1581
-2127
-2681
-3141
-3519
-3814
-3827
-3670
-3464
-3176
-2991
-3052
-3207
-3265
-3360
-3478
-3598
-3767
-3771
-3444
-3103
-2837
-2678
-2968
-3836
-4700
-4436
-1915
2177
5262
5810
4159
2220
2141
4248
7250
9562
9975
8320
5962
4513
4293
4564
4141
2539
371
-1372
-2142
-2558
-3519
-5233
-7253
-8388
-7762
-6004
-4416
-3927
-4679
-5511
-5023
-3000
-174
2283
3436
3399
3019
3110
3885
4874
5233
4527
3259
2288
1980
1697
922
-569
-2446
-3790
-3923
-3113
-2156
-1459
-1797
-2511
-2490
-1807
-217
1933
3528
4440
5122
5440
5564
5811
5766
5636
5851
6151
6354
6213
5470
4072
2458
1193
323
-233
-520
-922
-1565
-2140
-2717
-3276
-3695
-4079
-4360
-4470
-4397
-4198
-4020
-3813
-3581
-3397
-3282
-3210
-3299
-3742
-4022
-4014
-3798
-3196
-2941
-3212
-3614
-4028
-4592
-4968
-4202
-1942
1496
4396
5041
3712
2151
2045
3708
6440
8785
9503
8432
6317
4290
3163
2807
2253
1082
-380
-1724
-2659
-3424
-4661
-6389
-8051
-8842
-8225
-6567
-4938
-4247
-4532
-4939
-4281
-2351
177
2368
3414
3552
3462
3664
4363
5063
5098
4262
3009
1949
1366
866
3
-1314
-2784
-3742
-3810
-3149
-2462
-2079
-2158
-2238
-1709
-612
1138
2993
4614
5939
6705
7133
7457
7573
7535
7662
7845
7732
7340
6548
5297
4045
2970
1933
990
139
-762
-1642
-2267
-2780
-3292
-3773
-4239
-4639
-4723
-4467
-4183
-3875
-3783
-3823
-3705
-3348
-2849
-2566
-2628
-3095
-3531
-3577
-3467
-3332
-3478
-4091
-4620
-4747
-4640
-4514
-4339
-3764
-2177
387
2764
3769
3269
2118
1803
3418
6342
9034
10072
8782
6062
3528
2363
2431
2694
2360
1047
-673
-2112
-3227
-4405
-5866
-7247
-7915
-7187
-5393
-3759
-3237
-3915
-4758
-4505
-2685
34
2401
3678
3916
3734
3755
3995
4019
3525
2668
1846
1439
1378
1006
-131
-1916
-3560
-4368
-4104
-3151
-2260
-1790
-1648
-1194
-434
721
2286
3580
4580
5617
6466
7048
7758
8273
8274
8170
7845
7044
6132
5090
3842
2814
2141
1592
1030
308
-805
-2126
-3325
-4241
-4760
-4838
-4702
-4640
-4510
-4311
-4240
-4245
-4228
-4152
-3711
-2836
-2080
-1799
-1996
-2388
-2782
-2920
-2653
-2718
-2969
-3213
-3738
-3864
-3593
-3572
-3968
-4511
-4183
-2172
969
3363
3617
2179
826
1354
3773
6758
8483
7829
5577
3209
1876
1955
2383
1959
691
-859
-2069
-2681
-3314
-4372
-5594
-6340
-5884
-4452
-2905
-2243
-2710
-3436
-3349
-1894
440
2624
3914
4274
4122
3752
3325
2825
2131
1483
1040
787
585
-33
-1236
-2704
-3861
-4180
-3607
-2567
-1478
-483
212
765
1523
2383
3309
4570
5917
6981
7867
8346
8221
7859
7575
7200
6783
6227
5147
3708
2401
1423
784
489
152
-470
-1274
-2176
-3003
-3593
-3904
-3923
-3807
-3637
-3584
-3676
-3832
-4094
-4123
-3766
-3134
-2470
-2128
-2272
-2986
-3819
-4205
-4153
-3766
-3319
-3290
-3767
-4229
-4463
-4475
-4143
-4070
-4407
-4431
-3137
-542
2385
4321
4147
2885
2400
3463
5819
8255
9221
8204
6136
4040
2568
2038
1641
823
-264
-1384
-2360
-3260
-4260
-5503
-6393
-6311
-5215
-3473
-2025
-1554
-1933
-2278
-1709
-41
2257
4221
5182
5134
4372
3408
2508
1795
1294
871
480
-36
-881
-2098
-3602
-4913
-5494
-5106
-3988
-2539
-1220
-271
748
1483
2298
3645
4709
6155
8066
9313
9866
9634
8318
6887
6314
6078
5912
5642
4521
2946
1408
27
-876
-1437
-1703
-1764
-1725
-1707
-1952
-2567
-3374
-3982
-4116
-3669
-3017
-2423
-2106
-2307
-2630
-2766
-2662
-2294
-1985
-1999
-2121
-2225
-2388
-2738
-3265
-3931
-4415
-4513
-4538
-4591
-4591
-4521
-4434
-4148
-4061
-4192
-3287
-1246
1378
3759
4521
3850
3212
3567
4843
6605
7689
7296
5939
4094
2437
1405
542
-448
-1699
-3048
-4147
-4869
-5381
-5883
-6302
-6344
-5747
-4704
-3505
-2491
-1777
-1002
50
1336
2719
3832
4443
4674
4569
4130
3447
2511
1576
861
146
-667
-1791
-3302
-4643
-5328
-5315
-4606
-3493
-2485
-1574
-698
275
1475
3489
5651
7120
8559
9143
8927
8941
8693
8308
8315
8227
7625
6660
4954
2604
487
-1159
-1942
-1878
-1638
-1501
-1940
-3017
-4229
-5117
-5295
-4773
-3772
-2742
-2037
-1965
-2517
-3220
-3625
-3310
-2242
-932
34
294
-144
-1008
-1823
-2411
-2736
-2931
-3178
-3387
-3744
-4316
-4921
-5572
-5927
-5630
-4853
-4115
-3771
-3854
-3287
-1406
1261
3619
4483
4094
3611
4221
6047
8007
9044
8437
6529
4355
2593
1472
665
-211
-1380
-2508
-3424
-4316
-5324
-6432
-7194
-7116
-6100
-4385
-2631
-1471
-921
-577
82
1365
2983
4386
5338
5668
5419
4723
3635
2387
1244
388
-217
-692
-1303
-2214
-3343
-4469
-4999
-4700
-3732
-2165
-478
930
2198
3254
4036
4811
5741
6822
7973
9193
10085
10062
9259
7888
6127
4635
3685
2972
2347
1688
651
-726
-2110
-3337
-4102
-4457
-4491
-4213
-3803
-3322
-3023
-3002
-3035
-2958
-2562
-1836
-952
-122
367
585
621
510
326
142
-192
-652
-1198
-1985
-2690
-3374
-4276
-5090
-5794
-6346
-6323
-5831
-5342
-4800
-4314
-4325
-4443
-3933
-2275
497
3721
5900
6368
6067
5688
6000
7165
8053
8004
6971
4991
2745
957
-703
-2557
-4237
-5733
-6655
-6867
-6954
-7318
-7950
-8313
-7949
-6575
-4366
-1953
47
1310
2043
2551
3197
4190
5264
6103
6389
6068
5173
3816
2356
932
-340
-1290
-2034
-2722
-3362
-3948
-4532
-4869
-4782
-4163
-2871
-1177
432
1878
3296
4403
5687
7028
7817
8775
9568
9741
9744
9100
7623
6070
4774
3585
2792
2034
694
-834
-2470
-3931
-4864
-5293
-5211
-4896
-4383
-3854
-3452
-3039
-2625
-2146
-1530
-621
384
1322
2158
2621
2806
2754
2485
2128
1661
1085
252
-909
-2250
-3524
-4503
-5210
-5729
-6205
-6690
-7048
-7023
-6567
-5669
-4487
-3529
-2761
-2191
-1560
261
2808
5032
6619
6844
6265
5939
5801
5745
5696
5061
3818
2322
315
-1818
-3669
-5371
-6417
-6707
-6677
-6488
-6393
-6412
-6186
-5371
-4059
-2460
-658
1059
2675
4029
4894
5280
5228
5185
5392
5654
5600
4765
3181
1307
-380
-1603
-2505
-3479
-4571
-5614
-6271
-6160
-5422
-4490
-3566
-2759
-1839
-536
986
2672
4281
5623
6754
7577
8234
8660
8590
8314
7796
6860
5809
4710
3415
2025
519
-1162
-2535
-3448
-3945
-4006
-3998
-4143
-4321
-4455
-4376
-3808
-2768
-1517
-152
1064
1864
2309
2527
2746
3044
3333
3459
3100
2169
938
-471
-1830
-2779
-3418
-3888
-4373
-4985
-5603
-6160
-6558
-6580
-6216
-5353
-3909
-2389
-1107
-211
-2
-12
-147
-75
1102
2933
4669
5584
4872
3144
1543
665
590
900
1018
585
-231
-1424
-2572
-3385
-4083
-4344
-4040
-3107
-1704
-484
160
261
298
632
1521
2778
3807
4427
4460
3955
3325
2695
2136
1671
1195
661
33
-694
-1503
-2271
-2946
-3448
-3611
-3457
-3088
-2550
-1860
-1121
-390
241
777
1402
2236
3301
4497
5433
6079
6311
5895
5341
4829
4225
3867
3566
2896
2091
1184
120
-802
-1646
-2380
-2759
-2984
-3057
-2916
-2777
-2521
-1952
-1281
-601
74
555
838
992
1068
1213
1325
1254
936
450
-204
-895
-1408
-1909
-2293
-2479
-2631
-2677
-2619
-2559
-2525
-2504
-2432
-2304
-2146
-1957
-1678
-1345
-920
-521
-371
-437
-803
-1311
-1692
-2038
-2203
-2078
-1937
-1793
-1878
-2338
-2562
-2393
-1826
-896
-6
519
735
862
1019
1483
2165
2785
3408
3980
4493
4981
5141
4875
4309
3565
2835
2294
1906
1407
737
-72
-894
-1541
-2102
-2509
-2789
-2930
-2834
-2461
-1925
-1417
-964
-678
-519
-378
-164
314
1168
2214
3074
3609
3791
3643
3362
3133
2962
2896
2857
2630
2360
2019
1605
1156
569
-27
-483
-733
-714
-487
-338
-402
-646
-883
-810
-441
118
752
1208
1392
1349
1102
784
558
452
426
390
259
30
-234
-544
-973
-1335
-1522
-1493
-1189
-891
-820
-970
-1141
-1168
-1003
-824
-834
-1036
-1408
-1691
-1822
-1977
-2151
-2367
-2659
-2882
-3075
-3399
-3884
-4414
-4717
-4696
-4559
-4324
-4116
-3911
-3482
-2947
-2339
-1697
-929
29
1057
2051
2813
3372
3896
4436
4844
4921
4621
4142
3669
3283
3015
2675
2112
1397
584
-143
-676
-1131
-1476
-1661
-1641
-1408
-1146
-965
-793
-580
-205
269
622
837
984
1150
1463
1773
1842
1626
1225
886
762
841
872
711
342
-123
-442
-617
-725
-714
-495
-221
11
153
25
-152
-119
262
907
1445
1710
1638
1310
1061
968
850
804
900
983
911
650
266
-227
-613
-628
-320
56
430
690
678
532
357
203
96
144
335
416
328
92
-328
-774
-1109
-1357
-1644
-2034
-2393
-2783
-3224
-3547
-3744
-3866
-3773
-3476
-3273
-3216
-3284
-3467
-3575
-3485
-3222
-2706
-1973
-1157
-368
38
70
24
296
1190
2404
3278
3347
2770
2101
1890
2099
2351
2380
2125
1843
1664
1497
1184
690
167
-48
206
687
1106
1237
1125
969
869
870
927
1087
1380
1681
1893
1893
1611
1065
510
195
76
26
-51
-139
-276
-383
-511
-779
-1030
-1111
-923
-482
-13
373
681
887
1037
1178
1281
1366
1575
2015
2535
2852
2730
2112
1296
672
498
586
715
812
768
570
367
226
134
204
336
535
761
943
1114
1168
1101
916
611
218
-153
-429
-734
-1071
-1423
-1651
-1749
-1826
-1913
-2206
-2636
-2956
-3020
-2881
-2721
-2732
-3000
-3336
-3466
-3382
-3232
-3090
-2956
-2813
-2690
-2537
-2424
-2424
-2433
-2357
-2098
-1639
-1065
-676
-654
-823
-928
-653
-85
461
746
645
434
457
780
1146
1389
1390
1281
1229
1204
1255
1304
1383
1536
1656
1618
1404
1104
829
745
873
1079
1229
1300
1402
1461
1467
1318
902
497
326
456
760
966
871
469
12
-254
-270
-86
190
415
579
830
1059
1160
1247
1247
1235
1368
1496
1596
1624
1520
1427
1310
1194
1179
1181
1096
1007
896
778
739
734
820
913
956
1007
997
965
987
982
849
634
464
334
261
254
145
-132
-460
-785
-1095
-1317
-1441
-1520
-1537
-1531
-1648
-1936
-2291
-2614
-2851
-2917
-2801
-2722
-2788
-2923
-3059
-3066
-2962
-2890
-2823
-2789
-2748
-2710
-2805
-3043
-3327
-3536
-3582
-3286
-2682
-1953
-1454
-1342
-1435
-1542
-1302
-700
-64
447
738
918
1190
1524
1793
1801
1535
1307
1345
1680
2177
2549
2593
2399
2137
1949
1924
1995
2082
2112
2070
1941
1681
1381
1069
765
587
557
584
614
608
462
199
-57
-240
-224
34
410
735
845
778
572
431
528
769
1135
1453
1668
1769
1737
1629
1454
1238
1077
1073
1145
1221
1309
1321
1280
1208
1191
1246
1293
1376
1461
1533
1605
1631
1594
1514
1409
1234
1074
982
917
872
801
608
303
22
-163
-263
-366
-540
-854
-1282
-1730
-2076
-2231
-2292
-2303
-2325
-2475
-2722
-2986
-3228
-3391
-3395
-3219
-2982
-2762
-2603
-2531
-2523
-2526
-2530
-2554
-2529
-2429
-2311
-2214
-2169
-2049
-1809
-1432
-1081
-871
-707
-574
-294
103
431
579
592
602
804
1303
1845
2197
2289
2245
2238
2344
2531
2659
2726
2766
2753
2684
2491
2136
1635
1137
798
608
568
645
720
703
571
307
-42
-309
-363
-202
61
276
407
464
476
503
482
382
279
180
195
396
678
816
717
407
49
-104
59
448
810
963
979
951
973
1079
1186
1229
1211
1237
1319
1433
1520
1521
1409
1208
1044
980
957
908
758
500
197
-60
-189
-260
-347
-579
-971
-1347
-1618
-1789
-1914
-2121
-2378
-2551
-2585
-2474
-2347
-2333
-2457
-2585
-2576
-2451
-2284
-2172
-2157
-2182
-2225
-2325
-2458
-2593
-2660
-2543
-2339
-2195
-2227
-2454
-2718
-2935
-3000
-2888
-2647
-2349
-2008
-1627
-1379
-1271
-1265
-1156
-726
4
824
1453
1770
1763
1713
1769
1920
2092
2245
2435
2555
2546
2342
1944
1543
1270
1162
1139
1047
895
742
574
406
223
32
-59
59
368
731
943
935
721
471
360
443
613
760
839
817
721
509
239
0
-19
255
666
1040
1161
987
745
633
683
883
1159
1449
1697
1851
1954
2008
1961
1863
1830
1881
1981
2123
2200
2117
1914
1685
1476
1304
1228
1169
1070
871
602
381
198
140
176
176
50
-123
-281
-382
-401
-480
-648
-882
-1076
-1128
-1112
-1127
-1237
-1496
-1788
-1924
-1910
-1818
-1746
-1794
-1913
-1986
-1966
-1909
-1958
-2118
-2305
-2400
-2366
-2298
-2251
-2273
-2335
-2356
-2311
-2223
-2050
-1789
-1378
-815
-291
19
20
-101
-82
181
548
809
866
780
747
796
887
911
822
773
900
1165
1420
1534
1471
1282
1087
953
859
792
776
814
813
687
435
159
-49
-82
24
130
146
79
-4
-63
-116
-208
-302
-389
-401
-299
-172
-63
25
61
141
263
379
542
728
972
1212
1355
1405
1452
1545
1678
1795
1769
1667
1625
1689
1800
1849
1804
1664
1531
1510
1536
1510
1357
1140
967
842
827
823
734
586
429
228
-44
-278
-502
-700
-780
-819
-901
-1037
-1199
-1351
-1494
-1648
-1846
-2051
-2231
-2291
-2225
-2162
-2099
-2102
-2199
-2313
-2402
-2418
-2331
-2092
-1765
-1456
-1239
-1148
-1110
-1097
-1098
-1098
-1068
-980
-835
-673
-585
-604
-717
-862
-837
-580
-211
117
235
193
196
344
628
856
921
881
885
1078
1369
1548
1464
1203
993
933
964
1013
965
783
558
294
23
-198
-359
-399
-379
-414
-503
-666
-810
-799
-699
-596
-537
-530
-467
-328
-201
-134
-158
-222
-157
60
270
403
360
210
162
244
421
637
819
957
1066
1114
1096
1040
1011
1052
1173
1314
1415
1473
1459
1395
1272
1074
841
645
560
573
548
393
139
-154
-367
-445
-515
-638
-792
-949
-996
-969
-935
-970
-1123
-1306
-1406
-1378
-1275
-1171
-1159
-1229
-1307
-1372
-1382
-1350
-1313
-1267
-1256
-1290
-1331
-1343
-1301
-1252
-1190
-1180
-1203
-1192
-1186
-1122
-978
-828
-681
-559
-458
-370
-281
-175
-45
106
228
342
483
611
726
868
1015
1103
1137
1077
981
940
952
1015
1005
870
721
630
649
768
847
796
653
561
581
719
910
1065
1159
1208
1225
1182
1116
1058
1059
1160
1300
1402
1453
1465
1483
1481
1439
1371
1294
1267
1298
1360
1433
1413
1333
1236
1161
1183
1243
1292
1312
1283
1238
1185
1118
1084
1056
985
899
806
749
737
720
672
526
273
-12
-216
-322
-356
-375
-480
-625
-731
-777
-826
-872
-982
-1146
-1260
-1267
-1210
-1180
-1211
-1319
-1425
-1480
-1464
-1441
-1475
-1552
-1611
-1622
-1572
-1528
-1563
-1691
-1844
-1867
-1745
-1586
-1469
-1454
-1523
-1575
-1569
-1524
-1405
-1193
-947
-703
-464
-260
-119
-55
-74
-101
-75
-34
2
38
-11
-167
-349
-508
-638
-758
-878
-979
-1017
-1011
-1010
-1005
-958
-834
-622
-364
-121
51
131
208
366
612
912
1164
1306
1378
1433
1464
1496
1515
1518
1516
1504
1515
1529
1535
1498
1421
1308
1181
1106
1080
1106
1134
1140
1162
1228
1305
1348
1347
1270
1172
1140
1178
1221
1226
1136
980
852
773
744
698
594
440
290
244
290
338
293
144
-9
-42
57
205
288
205
9
-213
-388
-483
-526
-558
-623
-688
-713
-796
-975
-1226
-1508
-1697
-1717
-1631
-1527
-1517
-1633
-1771
-1840
-1825
-1776
-1692
-1630
-1552
-1435
-1337
-1245
-1164
-1077
-1003
-973
-973
-989
-1009
-1061
-1122
-1179
-1217
-1212
-1210
-1235
-1316
-1451
-1589
-1636
-1539
-1341
-1138
-989
-915
-900
-857
-804
-742
-666
-601
-521
-413
-249
-87
-10
-11
-61
-100
-90
-26
56
150
250
350
428
467
500
545
625
766
946
1091
1215
1307
1388
1464
1527
1603
1696
1780
1858
1916
1909
1872
1851
1850
1863
1869
1822
1716
1580
1487
1485
1560
1668
1737
1738
1694
1664
1677
1697
1708
1696
1642
1562
1470
1387
1331
1269
1178
1057
899
712
509
325
130
-64
-203
-287
-312
-332
-405
-510
-636
-753
-788
-722
-591
-464
-421
-440
-460
-453
-396
-352
-332
-357
-415
-453
-506
-590
-671
-723
-738
-688
-615
-579
-596
-667
-749
-813
-804
-692
-542
-381
-283
-292
-373
-468
-545
-559
-511
-451
-403
-400
-453
-547
-667
-803
-899
-909
-833
-701
-584
-541
-569
-666
-752
-754
-703
-632
-551
-491
-464
-447
-441
-430
-393
-325
-228
-109
-8
51
47
-17
-103
-145
-118
-56
30
90
90
62
14
-45
-100
-167
-177
-138
-71
13
80
127
176
244
304
357
426
544
668
769
836
825
780
758
750
716
619
487
393
341
317
320
285
203
95
-46
-165
-225
-214
-158
-94
-41
-11
-22
-73
-152
-254
-356
-402
-382
-343
-303
-305
-355
-429
-503
-533
-499
-455
-436
-464
-532
-577
-555
-496
-434
-371
-318
-247
-167
-89
-13
38
99
188
306
458
599
681
712
681
626
569
533
537
524
482
421
327
213
96
-11
-66
-82
-76
-56
-63
-83
-100
-78
-29
30
123
209
283
368
444
489
498
473
465
482
509
528
509
413
289
217
205
225
239
243
228
219
222
195
154
119
76
53
55
39
-7
-98
-198
-295
-360
-379
-357
-328
-314
-311
-322
-307
-270
-228
-178
-126
-88
-62
-64
-64
-42
-38
-33
-49
-53
-50
-61
-104
-178
-247
-298
-291
-252
-232
-260
-282
-292
-300
-326
-379
-438
-500
-510
-486
-482
-506
-548
-601
-633
-644
-630
-585
-529
-461
-359
-254
-190
-140
-99
-52
26
126
222
285
311
331
352
378
415
438
446
416
352
268
194
146
134
128
116
104
71
45
34
11
-31
-62
-58
-58
-44
-31
-36
-19
40
137
241
292
298
280
253
258
281
303
327
344
359
362
327
267
204
151
119
114
113
80
14
-34
-52
-48
-13
14
21
21
46
90
102
68
19
1
52
132
211
262
241
190
150
120
115
129
142
149
156
165
171
163
141
121
110
119
144
176
200
220
221
203
167
107
36
-17
-39
-47
-51
-51
-43
-52
-73
-110
-163
-200
-217
-218
-215
-206
-194
-194
-214
-258
-311
-356
-371
-372
-345
-288
-228
-172
-120
-87
-66
-27
26
65
104
132
137
151
146
130
124
111
89
56
23
-17
-78
-129
-165
-192
-203
-193
-187
-186
-187
-208
-221
-215
-212
-202
-183
-182
-192
-215
-260
-302
-319
-312
-296
-284
-297
-328
-368
-402
-417
-414
-392
-364
-333
-309
-268
-235
-209
-168
-131
-99
-65
-45
-54
-88
-120
-130
-110
-57
-9
13
28
41
45
35
14
-17
-26
-1
45
82
85
64
26
3
2
9
31
59
74
96
138
187
256
349
441
528
592
613
598
578
575
601
649
686
690
656
587
490
379
289
230
201
193
174
134
74
18
-14
-26
-15
26
86
168
253
307
340
374
404
445
498
532
542
542
541
544
554
551
534
507
480
457
425
376
313
265
242
232
228
195
125
38
-36
-98
-164
-226
-275
-297
-302
-307
-324
-359
-390
-400
-384
-364
-353
-344
-339
-340
-332
-340
-362
-372
-384
-400
-425
-460
-503
-534
-537
-519
-492
-472
-471
-474
-473
-470
-460
-445
-424
-384
-333
-295
-283
-306
-351
-397
-426
-442
-458
-473
-472
-466
-465
-479
-507
-534
-537
-510
-459
-400
-343
-286
-228
-174
-131
-97
-75
-61
-46
-36
-33
-26
-15
3
31
59
70
62
43
23
16
29
64
114
181
255
317
357
364
361
368
393
429
472
516
555
595
627
642
652
659
666
679
687
690
694
700
711
718
708
681
645
602
563
527
494
464
437
418
399
374
350
332
318
309
311
307
299
288
270
261
247
216
167
106
38
-25
-95
-176
-251
-311
-345
-363
-383
-417
-459
-496
-512
-515
-506
-480
-438
-383
-325
-286
-283
-302
-328
-345
-351
-347
-342
-340
-340
-344
-368
-404
-456
-512
-553
-573
-577
-572
-565
-567
-571
-572
-583
-606
-628
-636
-626
-593
-556
-531
-514
-498
-479
-463
-448
-430
-406
-367
-319
-276
-239
-208
-180
-147
-110
-77
-49
-35
-23
-11
3
30
78
136
202
260
302
338
366
387
408
443
489
541
594
634
650
639
608
565
528
512
505
509
522
535
547
554
544
522
509
510
525
551
572
584
596
607
609
598
565
518
473
450
438
416
379
331
281
236
193
144
91
45
8
-20
-41
-65
-95
-120
-136
-138
-131
-134
-150
-171
-184
-179
-170
-170
-179
-187
-192
-194
-202
-222
-254
-284
-306
-320
-329
-340
-359
-379
-404
-438
-482
-528
-564
-572
-556
-529
-499
-476
-467
-467
-471
-478
-477
-469
-452
-429
-402
-387
-386
-400
-423
-442
-454
-457
-454
-442
-427
-409
-383
-355
-316
-272
-233
-200
-171
-145
-119
-86
-46
2
52
99
138
163
182
198
214
242
280
321
359
387
407
425
433
434
430
424
425
431
439
449
449
444
439
437
442
444
434
424
420
424
440
458
472
487
495
494
484
465
448
438
432
430
429
423
406
384
360
338
317
297
276
262
260
262
258
251
233
206
178
151
121
84
45
6
-31
-64
-99
-142
-187
-229
-268
-303
-335
-362
-378
-383
-384
-387
-395
-411
-434
-455
-468
-476
-478
-481
-488
-494
-498
-511
-526
-537
-545
-543
-543
-546
-548
-551
-552
-555
-558
-558
-555
-553
-554
-558
-565
-569
-568
-555
-527
-494
-466
-441
-418
-394
-373
-352
-322
-281
-228
-165
-108
-67
-35
-16
-2
14
30
47
64
84
107
130
143
148
152
160
181
206
237
271
305
342
380
422
459
486
508
527
545
560
570
568
568
572
579
582
578
569
565
568
574
579
584
593
602
611
622
631
640
639
629
617
598
575
550
528
510
492
466
434
390
341
294
250
210
176
149
126
103
74
35
-12
-55
-90
-120
-143
-160
-176
-192
-211
-239
-270
-298
-325
-336
-342
-355
-371
-395
-415
-427
-434
-440
-451
-460
-472
-482
-500
-518
-540
-558
-561
-553
-540
-532
-525
-518
-507
-494
-486
-482
-469
-450
-430
-410
-397
-394
-396
-402
-405
-411
-412
-409
-400
-384
-365
-349
-334
-321
-301
-266
-220
-168
-119
-65
-5
52
98
134
162
184
208
234
253
270
281
290
299
305
310
305
290
278
271
277
284
296
315
335
361
388
418
445
467
485
496
497
499
495
491
490
486
473
446
412
372
330
288
253
231
216
215
216
208
197
189
181
181
184
191
202
213
228
241
243
232
213
186
155
119
82
42
6
-30
-69
-110
-151
-200
-253
-299
-337
-363
-376
-382
-382
-373
-363
-355
-349
-348
-344
-337
-326
-315
-309
-308
-318
-334
-355
-385
-426
-461
-493
-521
-538
-559
-582
-603
-615
-614
-602
-585
-565
-543
-514
-481
-448
-411
-371
-321
-270
-224
-184
-154
-139
-129
-125
-115
-107
-94
-75
-56
-42
-37
-35
-29
-16
3
28
56
92
130
167
208
248
283
318
351
384
412
431
445
453
464
475
482
483
474
461
446
427
405
381
363
352
352
351
354
358
362
366
369
374
382
394
406
422
438
448
450
440
423
405
384
361
335
308
278
247
210
170
124
79
43
9
-14
-28
-41
-54
-61
-66
-74
-84
-97
-104
-108
-111
-115
-123
-140
-165
-194
-227
-262
-297
-331
-363
-391
-423
-455
-484
-501
-510
-509
-502
-493
-486
-482
-479
-478
-471
-463
-448
-425
-396
-369
-342
-323
-315
-313
-317
-326
-336
-339
-334
-325
-310
-299
-293
-285
-280
-273
-257
-235
-207
-172
-130
-88
-45
-5
26
53
78
102
127
152
182
212
235
252
261
260
254
250
250
254
260
267
274
282
292
303
312
321
335
350
370
387
397
406
417
426
432
437
438
428
419
405
389
366
340
316
295
277
261
245
226
203
180
157
139
126
120
118
117
119
116
110
103
90
74
63
52
43
33
17
0
-28
-55
-87
-123
-156
-189
-224
-252
-272
-286
-294
-299
-305
-315
-328
-341
-355
-363
-367
-360
-346
-332
-319
-312
-314
-326
-341
-353
-360
-365
-364
-358
-355
-355
-357
-361
-364
-370
-372
-363
-349
-330
-301
-267
-231
-197
-169
-147
-124
-104
-82
-59
-34
-6
18
38
56
69
73
72
70
72
82
93
112
131
148
163
177
191
201
212
227
243
261
282
303
325
345
357
365
370
370
372
370
364
359
352
347
336
324
312
300
285
270
254
240
227
216
210
210
211
214
210
199
183
166
149
133
122
113
106
99
87
70
45
18
-8
-33
-55
-76
-94
-113
-130
-146
-168
-190
-214
-233
-245
-251
-252
-249
-246
-240
-238
-240
-244
-249
-259
-264
-268
-271
-274
-280
-285
-292
-298
-304
-310
-313
-314
-314
-313
-307
-298
-285
-266
-245
-224
-201
-178
-159
-140
-121
-101
-81
-59
-39
-18
-3
7
14
22
29
39
51
60
73
85
95
105
114
124
135
146
155
165
176
188
204
221
233
241
245
248
251
249
246
245
244
243
243
239
235
232
226
218
211
200
186
172
162
154
147
138
129
120
111
102
91
78
64
51
40
28
21
15
7
-3
-13
-24
-40
-56
-71
-83
-95
-105
-113
-122
-135
-148
-159
-169
-181
-192
-198
-201
-202
-202
-201
-202
-207
-213
-219
-220
-220
-220
-218
-215
-213
-208
-207
-204
-201
-200
-200
-198
-193
-183
-175
-167
-159
-148
-139
-127
-112
-99
-89
-77
-63
-46
-28
-11
4
19
33
45
57
67
78
88
101
116
132
144
155
165
174
184
194
204
212
223
233
241
248
254
257
259
261
265
272
280
286
295
300
300
296
291
285
281
275
268
259
248
234
222
212
203
199
194
190
184
177
167
156
144
135
127
121
109
95
77
58
33
9
-13
-32
-49
-65
-80
-93
-109
-128
-152
-172
-190
-205
-216
-226
-229
-236
-242
-251
-259
-264
-271
-279
-286
-295
-303
-308
-314
-322
-330
-338
-345
-351
-357
-362
-371
-376
-376
-370
-359
-346
-332
-318
-306
-300
-297
-295
-290
-282
-275
-268
-263
-254
-247
-240
-233
-224
-215
-204
-191
-176
-160
-139
-121
-104
-88
-69
-47
-26
-3
19
41
63
82
101
116
129
147
164
182
191
196
207
215
219
226
234
245
258
268
274
282
292
304
315
328
340
356
370
382
391
400
405
408
405
402
398
395
390
382
372
362
352
343
337
332
326
322
317
309
299
293
284
273
263
254
241
225
210
194
177
162
147
135
125
114
101
85
68
51
33
18
4
-11
-25
-39
-53
-65
-78
-92
-106
-117
-130
-141
-154
-170
-186
-199
-213
-230
-242
-253
-263
-273
-286
-302
-319
-331
-341
-348
-352
-354
-356
-355
-355
-358
-360
-362
-363
-360
-355
-349
-346
-339
-333
-328
-324
-323
-320
-318
-317
-315
-315
-315
-313
-313
-312
-310
-307
-299
-291
-282
-272
-264
-257
-249
-236
-220
-204
-185
-171
-159
-151
-145
-144
-142
-135
-131
-124
-113
-98
-81
-69
-58
-46
-33
-20
-9
6
24
42
61
76
85
95
105
115
122
132
144
153
160
167
171
176
180
182
184
188
191
197
202
207
215
224
234
242
250
256
263
271
276
281
287
295
301
305
305
306
308
310
313
314
313
315
320
323
329
331
329
331
333
336
335
334
333
329
324
319
313
312
313
314
314
314
313
310
304
298
291
286
279
272
266
257
247
237
226
214
202
190
179
170
158
146
134
117
98
78
60
42
24
8
-9
-27
-43
-55
-66
-81
-96
-112
-126
-141
-158
-174
-191
-206
-220
-231
-242
-253
-266
-279
-289
-304
-318
-331
-345
-358
-369
-380
-389
-399
-411
-422
-430
-437
-444
-449
-452
-453
-454
-452
-451
-451
-453
-453
-454
-455
-455
-454
-449
-440
-433
-423
-413
-405
-399
-395
-386
-379
-371
-360
-345
-330
-315
-301
-287
-271
-254
-236
-219
-204
-187
-169
-149
-130
-113
-101
-87
-72
-57
-39
-16
6
29
50
71
91
110
126
142
158
173
191
211
231
251
268
287
307
324
339
353
364
374
384
395
402
411
421
431
440
446
451
455
460
463
469
476
487
495
502
513
520
523
527
530
529
526
523
519
518
519
517
512
505
496
484
472
461
448
437
426
415
406
394
380
366
351
334
317
302
287
274
256
239
223
204
184
167
148
127
109
94
77
55
35
14
-6
-28
-54
-79
-102
-126
-148
-166
-184
-199
-216
-236
-254
-274
-292
-307
-325
-344
-366
-383
-395
-405
-414
-423
-431
-441
-450
-461
-472
-486
-499
-509
-518
-526
-531
-533
-540
-548
-554
-560
-559
-556
-551
-546
-542
-533
-524
-519
-517
-513
-507
-500
-491
-482
-471
-459
-447
-433
-421
-407
-392
-379
-369
-356
-340
-324
-308
-295
-283
-267
-251
-235
-220
-209
-197
-184
-168
-151
-133
-118
