-3
-2
-3
-2
-2
-4
-4
-4
-3
-1
0
0
-1
-2
-1
-2
-1
0
1
1
0
0
3
1
0
1
3
3
1
0
2
3
4
3
1
0
-2
-1
0
1
-2
-2
-1
1
1
-1
-1
0
1
3
5
5
3
2
1
2
3
2
2
0
0
1
1
1
3
0
1
2
0
2
-4
-2
-4
-4
-1
-2
0
-1
-1
-2
-1
2
4
5
4
4
4
3
2
3
4
3
0
-3
-1
-2
-2
-3
-1
1
1
-1
-2
0
-1
-1
-1
1
2
-1
-3
-3
-1
2
1
-2
-3
-3
-1
0
1
2
2
1
1
1
2
2
2
0
0
0
1
0
-1
-2
-4
0
0
2
4
0
5
0
-1
1
3
6
0
4
4
1
4
4
3
3
5
0
-2
3
5
-1
-1
2
-1
-2
0
3
0
0
-1
-1
-1
-1
1
0
-2
-3
-2
-2
-2
-1
-1
-5
-5
-2
-2
-2
-2
-2
-4
-3
-2
-1
0
-1
-3
-1
-1
-2
-4
-2
2
2
1
1
2
3
1
-1
1
2
2
0
1
4
3
4
5
6
4
1
0
2
4
4
2
1
3
4
2
0
-1
1
3
2
0
-2
-3
-3
-3
-4
-2
-3
-3
-4
-4
-3
0
0
0
2
4
2
1
4
3
2
4
5
1
2
5
3
0
-1
2
2
0
1
1
2
-1
1
2
5
3
1
2
4
5
5
4
4
2
2
0
0
0
3
2
0
-3
-3
-2
0
-1
-2
-1
0
1
0
0
0
-1
-1
2
3
1
2
0
0
2
1
1
1
1
1
0
1
0
-2
1
-1
-2
3
1
-1
1
-2
-1
1
-3
-1
1
-4
-6
-4
0
3
-1
-4
-3
-3
-1
-1
1
-2
-5
-5
-3
-3
-4
-1
1
5
3
1
2
1
0
-3
-5
-4
-1
0
-3
-4
-5
1
3
1
-1
-1
-2
1
3
7
6
2
1
1
-1
1
1
1
1
1
3
2
2
0
-2
-2
-2
1
6
4
6
5
2
5
6
6
7
5
4
6
7
5
5
4
5
3
1
1
1
2
2
0
2
2
0
1
3
4
-1
-3
-2
-1
-1
-1
-1
1
0
0
0
-1
1
1
3
4
4
4
7
2
2
3
0
6
5
4
4
-2
-1
-4
-4
-4
-7
-4
-6
-3
-2
-2
-3
-4
-3
-3
-1
-1
0
1
2
1
0
1
1
1
-1
-2
0
0
1
2
1
-1
-1
-1
0
0
0
-1
-2
-3
-3
-2
-2
0
0
0
0
-2
-1
-1
1
2
-1
0
1
-3
-2
1
2
1
2
6
4
0
0
-2
-6
-3
-2
-3
-2
-3
-4
-1
0
0
0
0
2
3
4
4
5
4
5
4
5
5
3
3
4
4
1
2
4
3
1
3
4
0
1
3
-1
-4
-2
2
-5
-8
-2
3
-1
-4
-3
0
-1
-2
2
2
1
3
1
0
5
2
3
5
1
0
4
1
1
2
3
4
5
4
4
4
3
2
1
1
1
3
2
1
1
0
0
-1
-2
0
0
1
1
4
3
2
0
-1
-1
-1
-1
1
-1
0
1
0
-1
-1
-1
5
4
6
5
0
2
-2
0
-1
-6
-4
-8
-7
-5
-5
-4
-6
-4
-4
-2
-1
1
0
-1
0
-2
-2
0
-1
-1
0
-1
1
3
2
5
4
3
2
5
7
7
2
-1
0
1
0
-4
-4
0
2
1
-1
0
0
1
1
0
0
1
-2
1
3
1
0
-2
-5
-4
-6
-6
-4
-1
-1
-3
-3
-2
2
4
3
3
4
2
0
1
0
2
3
2
3
3
1
1
0
-1
1
3
6
5
7
6
4
2
0
-2
-2
-2
-1
-2
-1
-1
-2
-3
-4
-6
-5
-3
-2
-1
2
3
3
3
2
1
0
0
0
1
3
3
4
5
3
4
5
2
4
2
-2
-2
-3
-4
-2
-1
0
1
1
1
0
1
1
2
1
2
4
4
5
4
3
2
4
5
1
-1
0
3
2
-3
-4
-2
0
0
-1
-2
-2
-2
0
1
1
-1
-2
-4
-1
0
0
5
-1
-4
0
0
-1
1
-4
-3
2
1
-2
-3
-3
-2
-1
-1
-2
-2
0
0
0
-2
-2
2
7
4
1
1
2
2
2
-1
-3
1
0
1
0
-3
0
1
0
2
-1
-1
2
4
1
4
4
4
3
4
1
0
1
3
4
5
1
0
0
-4
-5
1
0
2
7
0
-2
2
0
2
5
0
-1
1
0
1
1
1
0
-1
1
1
0
3
4
4
5
3
1
0
1
3
3
1
-2
0
-1
-1
-4
-4
-2
-4
-3
-3
-6
-3
0
-1
1
0
-1
0
-2
-5
-5
-4
-3
-4
-1
-2
0
1
-2
-2
-1
1
0
1
5
6
6
5
4
4
0
-2
2
-1
-4
1
2
2
4
1
-1
6
4
0
2
2
1
1
-1
0
3
3
-2
-3
-4
-4
-5
-2
-1
1
3
2
3
2
0
-2
-1
1
1
0
0
-1
-2
-2
-2
-1
-2
-3
-3
-3
-3
-2
2
4
4
4
5
3
-1
-4
-4
-4
-3
-4
-4
-2
0
-1
-2
-1
3
3
-1
-2
-1
0
-1
-3
-1
1
3
2
0
4
7
6
6
6
4
7
8
6
4
0
-2
0
-3
-7
-2
-2
-1
0
-4
-3
3
1
-4
0
1
3
4
3
1
0
0
-1
-4
-3
-2
-2
1
0
1
1
1
3
4
3
2
-1
-2
-1
1
2
2
1
2
1
0
0
-1
-2
-2
-2
-4
-6
-4
1
1
-2
-3
0
2
0
-3
0
2
2
3
4
6
4
3
3
2
2
3
3
3
4
3
4
5
7
7
2
0
0
0
1
-2
-2
1
0
1
1
-2
-2
-1
-4
-2
-2
-1
1
2
2
0
-1
-1
1
-3
-4
-3
0
2
-1
1
1
3
2
-4
0
-3
1
0
-4
-2
-4
0
2
1
-2
-6
0
-2
-4
0
-3
-2
3
-1
0
2
-4
-1
3
3
3
4
5
5
5
4
3
4
4
2
2
2
2
2
1
2
2
1
-1
1
1
1
-2
-2
-2
-1
2
1
2
1
-1
-1
1
-1
-2
-1
2
-1
-4
-1
-2
-6
0
3
-1
1
1
-1
4
3
5
5
0
0
5
2
1
1
2
2
2
1
-1
-2
-1
0
2
2
-1
-1
-1
-1
-4
-4
-2
-2
-1
0
2
0
-1
-3
0
-2
-3
-5
-2
-1
-4
-2
-2
0
1
-3
4
0
1
3
1
8
4
-1
3
-1
1
2
2
5
3
4
2
2
3
1
2
1
-2
-1
0
0
0
0
0
-1
0
0
-3
-3
-3
-2
0
2
2
1
1
1
0
0
1
4
6
6
4
3
5
5
4
2
2
2
-1
-3
-2
2
4
4
2
2
1
1
-3
-3
-2
-2
-1
-1
0
0
-1
-2
-2
-2
-2
-1
1
2
-1
1
2
3
2
1
3
4
2
0
1
3
1
0
2
3
3
1
1
0
-1
-1
-1
-2
-3
-3
0
0
0
-1
-2
-3
-3
-2
0
0
-2
-2
-3
-2
-1
1
2
2
1
2
2
1
2
3
5
3
0
4
4
4
1
0
5
3
3
-2
-5
-2
-3
-4
-5
-5
-5
-5
-4
-4
-3
-4
-1
-2
-3
-1
-3
0
-1
0
1
0
1
0
-1
2
2
3
3
2
2
0
-1
-1
-1
-1
-1
2
2
2
1
1
0
0
3
3
2
2
0
-1
0
1
2
2
2
-1
0
0
3
3
5
6
5
5
5
4
3
3
3
2
3
0
-1
-1
0
0
0
-2
-3
-3
-3
-2
1
0
-2
0
1
-2
-3
0
1
-4
-1
3
1
0
1
0
-1
-1
0
0
-1
2
3
3
4
2
2
3
3
2
2
0
-1
-1
0
0
-1
-1
-1
-1
-2
-2
-3
-3
-4
-4
-2
-5
-4
-3
-2
0
-1
-4
-4
-4
-3
-1
-1
0
3
0
0
4
2
-6
1
4
0
3
5
4
7
1
1
3
1
-1
1
-1
-1
-1
-1
1
2
0
-1
-1
0
2
-1
-1
0
0
1
-1
-4
-1
0
0
1
-4
-5
2
0
-3
0
5
5
2
4
4
0
0
3
2
1
2
1
2
2
0
0
0
1
1
-1
-2
-3
-2
2
0
-4
1
-1
-2
2
-2
0
4
0
-1
0
-1
0
0
1
2
2
2
2
3
4
3
3
3
4
4
5
6
7
10
12
10
8
6
5
4
2
1
-1
-3
-5
-4
-3
-3
-3
-3
-2
-5
-7
-4
-3
-5
-9
-8
-3
-2
-2
-1
6
8
5
4
7
9
9
5
3
4
3
6
6
1
-7
-8
-5
0
1
6
10
11
7
1
1
-2
-4
-5
-5
-9
-14
-13
-8
-6
-9
-10
-4
2
4
1
-2
-3
-2
0
1
3
2
0
-3
-3
-4
-1
0
1
2
0
-1
-4
-5
-3
-2
-3
-4
-5
-7
-7
-6
-6
-3
1
5
9
8
6
5
4
6
4
5
6
7
14
14
7
15
15
13
22
12
7
16
4
-1
3
-5
-2
3
-2
-1
0
0
1
1
-2
-4
-4
-3
-7
-11
-12
-13
-13
-12
-11
-11
-14
-16
-10
-5
-4
-9
-6
2
7
4
-2
-1
2
6
3
0
0
4
0
-3
3
5
0
0
6
4
0
5
10
5
2
11
13
0
6
9
-8
-5
6
-1
-2
7
1
-2
5
10
23
14
12
25
7
3
9
12
-10
-14
18
-29
-6
26
-41
25
16
-64
33
11
-45
5
28
-9
-31
59
5
-59
20
64
-6
-61
67
23
-58
-10
74
49
-23
52
45
-26
-136
61
61
-163
188
64
-57
137
-218
-46
32
-394
-55
156
-114
-34
242
194
-211
-240
-150
-412
-414
-329
-513
-842
-1240
-1344
-1416
-1504
-858
226
1125
1535
1397
1356
1308
1323
1650
1487
1048
772
661
632
297
83
-29
-359
-478
-242
27
-91
-474
-903
-1233
-1324
-1421
-1537
-1916
-2415
-2908
-3441
-3532
-3379
-2531
-973
539
1814
2496
2854
3234
3805
4214
4010
3785
3775
3472
2761
2057
1289
188
-982
-1733
-1915
-1942
-2143
-2355
-2339
-2283
-2232
-1845
-1268
-1017
-1078
-1139
-1138
-935
-451
-36
190
584
1108
1390
1507
1769
2029
1969
1694
1449
1226
899
477
177
-4
-398
-922
-1210
-1285
-1259
-1186
-1173
-1077
-850
-518
-17
483
713
718
706
615
551
529
518
452
133
-3
1
-97
-215
-450
-534
-466
-442
-494
-461
-274
-401
-532
-397
-389
-434
-557
-575
-372
-279
-255
-238
-112
175
487
668
739
980
1016
848
912
916
776
501
244
118
-91
-316
-530
-603
-605
-677
-572
-410
-368
-339
-262
-294
-320
-89
50
84
143
104
23
-22
99
136
225
403
409
503
552
540
622
590
409
201
17
-165
-247
-288
-506
-794
-854
-704
-519
-229
22
61
58
71
167
270
266
138
-9
2
-101
-213
-158
-139
-68
-112
-178
0
132
264
402
278
198
210
141
225
345
316
141
18
140
105
-23
177
317
311
353
274
291
304
84
-76
-173
-171
-213
-332
-265
-350
-564
-386
-92
-186
-212
31
55
19
147
225
117
-91
-182
-164
-143
-67
40
114
110
20
49
315
424
245
178
279
203
42
197
164
-282
-564
-613
-648
-757
-603
-429
-472
-352
-109
84
61
72
166
7
-51
116
249
255
-27
-314
-217
-202
-306
-138
3
-66
-146
-12
180
135
233
384
61
-242
-108
181
241
9
40
274
79
-41
189
163
-133
-306
-34
135
-50
99
141
-68
-4
96
148
130
75
-2
-130
-23
200
341
257
-62
-179
12
168
112
285
601
240
-268
-96
105
-64
20
241
-9
-307
-37
193
-89
-149
-13
-267
-358
-85
118
225
127
-103
-147
-187
-340
-40
346
91
-290
-218
38
-80
15
614
776
440
235
430
307
-334
-379
-102
-228
-520
-487
-38
-141
-632
-423
2
-141
-271
188
558
503
457
512
373
38
-10
129
79
95
356
384
-82
-411
-207
81
108
189
476
238
-471
-694
-354
-242
-563
-570
-442
-546
-433
-169
-165
-461
-619
-511
-295
275
658
322
276
456
132
50
313
441
342
149
64
-61
-23
33
-94
-24
5
-219
-382
-296
111
391
163
-44
-210
-548
-534
-160
147
190
50
-54
-145
-62
330
522
508
484
145
-22
184
259
167
48
-33
-230
-208
25
-72
-78
-38
-334
-308
99
306
254
105
42
-80
-309
-237
5
138
71
-237
-289
-25
64
20
67
168
66
-63
232
485
337
132
-49
1
278
285
108
-148
-404
-334
-90
131
175
208
235
-46
-52
338
319
-78
-91
173
-20
-502
-603
-345
-285
-313
-130
-110
-242
-287
-364
-123
436
624
567
578
400
18
-194
-7
57
-290
-469
-367
-189
-11
-140
-310
-275
-371
-305
238
729
729
290
-186
-336
-248
-89
65
153
109
-222
-473
-37
462
326
275
496
415
278
247
119
-53
-310
-448
-220
96
96
-287
-463
-320
-455
-441
-10
149
92
46
73
450
728
456
44
-142
-234
-455
-445
-20
176
75
96
239
433
457
262
112
-152
-503
-552
-350
-92
110
68
-127
-278
-414
-442
-176
106
11
-131
130
420
305
33
-103
-91
62
247
463
703
609
306
339
518
394
39
-192
-142
-117
-376
-776
-944
-702
-494
-377
139
527
234
-93
-25
207
303
180
154
133
-211
-343
-7
75
-218
-363
-338
-233
54
384
542
510
341
115
-11
22
43
117
329
301
17
-148
-299
-407
-299
-132
34
138
41
-118
-54
68
188
300
285
275
83
-204
-379
-349
-141
-115
-91
68
139
62
0
122
281
361
338
194
19
-56
-125
-402
-558
-369
-236
-225
-75
163
260
280
466
555
384
122
-206
-337
-261
-298
-465
-520
-440
-407
-267
17
158
74
97
273
299
218
133
82
-115
-232
111
489
413
-33
-194
-89
-233
-354
-124
139
-41
-295
-80
36
-393
-712
-402
90
241
423
882
1006
587
143
168
385
268
48
13
50
-204
-685
-825
-515
-198
-199
-284
-172
-4
-48
-105
49
41
-244
-505
-393
26
242
303
411
513
618
518
429
616
593
329
35
-113
35
-74
-491
-753
-738
-601
-443
-90
212
208
64
-26
-15
-76
-218
-271
-108
202
353
304
287
213
-152
-332
126
721
867
658
605
403
-125
-177
186
334
-50
-495
-398
-165
-10
56
-123
-307
-461
-447
75
517
408
22
-338
-397
-319
-129
118
182
29
-370
-554
-354
-27
133
-285
-737
-551
-289
-242
70
347
160
-169
-374
-356
-89
125
90
80
255
333
180
62
106
65
-122
-179
5
226
343
330
328
482
520
319
206
189
31
-257
-357
-79
-5
-398
-543
-365
-294
-150
233
668
762
499
429
480
236
-68
-160
-91
-62
-74
127
270
-3
-372
-402
-38
269
246
283
296
-38
-211
-67
-196
-511
-492
-323
-275
-96
119
66
24
90
59
91
128
9
10
103
-93
-431
-365
-38
-95
-305
-166
28
111
171
153
77
-105
-227
-113
-90
-73
229
430
363
330
328
140
-42
168
443
392
333
292
84
-52
-114
-222
-246
-293
-495
-634
-542
-408
-361
-203
-9
23
28
70
129
230
258
126
-128
-242
-96
-89
-201
-6
81
-297
-490
-84
371
368
237
280
183
-92
-216
-120
82
153
-35
-190
-206
-321
-424
-212
119
220
238
326
294
163
95
20
-116
-249
-261
-59
177
134
-97
-49
330
617
689
618
443
302
37
-378
-458
-261
-266
-489
-612
-383
-57
82
377
789
775
444
209
204
280
69
-278
-329
-420
-818
-893
-412
62
217
195
188
193
171
294
538
534
96
-477
-686
-482
-269
-187
-106
-30
37
213
543
826
807
492
134
-36
-73
-124
-179
-318
-535
-586
-449
-304
-197
-35
221
338
264
239
225
191
129
-34
-22
-7
-431
-757
-554
-232
-121
-225
-275
-174
-189
-215
60
526
811
730
528
406
262
69
-153
-374
-510
-536
-460
-354
-211
17
123
100
240
391
364
407
493
324
3
-159
-134
-77
-133
-343
-532
-627
-701
-492
123
592
605
541
627
614
293
-77
-142
-124
-353
-511
-186
232
209
11
53
186
269
414
559
573
463
248
-43
-296
-438
-477
-349
-135
-76
-77
-60
-182
-240
-32
249
405
291
56
-17
-39
-85
-53
-41
-71
-51
52
203
300
335
297
168
45
-76
-206
-240
-282
-405
-353
-84
89
77
112
146
-27
-228
-225
-72
68
38
-44
20
1
-260
-509
-599
-647
-705
-647
-453
-254
-67
76
92
26
-29
75
296
327
269
381
406
173
-42
-71
-47
-129
-234
-154
1
-25
-177
-298
-296
-195
-158
-145
2
68
-150
-387
-436
-440
-632
-933
-976
-705
-395
-173
-74
-128
-137
-176
-251
-91
207
333
218
242
326
350
311
227
417
400
384
634
606
787
863
586
621
667
616
421
291
478
429
307
411
586
638
521
503
684
841
742
730
944
862
566
620
833
746
611
644
651
667
848
1026
1061
995
824
673
598
544
525
486
447
498
464
296
177
36
-290
-653
-793
-774
-894
-1150
-1348
-1566
-1891
-2099
-1963
-1543
-1043
-679
-651
-1025
-1692
-2547
-3523
-4525
-5398
-5942
-5974
-5387
-4117
-2278
-416
856
1506
1873
2086
2096
2000
1860
1516
960
451
33
-482
-1117
-1620
-1769
-1668
-1234
-173
1099
1900
2315
2679
2889
2749
2276
1753
1382
929
417
319
597
651
494
553
765
856
799
865
1030
1319
1505
1366
1425
1554
1468
1236
999
907
799
788
946
1161
1141
986
1243
1663
1799
1855
1891
1621
1179
802
418
55
-166
-176
30
341
672
1073
1434
1534
1487
1449
1250
917
737
579
234
-13
5
33
-15
-19
-39
-192
-544
-1094
-1749
-2564
-3632
-4832
-6079
-7682
-9610
-11206
-11681
-10463
-7476
-3523
2
2536
3994
4606
4807
4680
4104
2944
1690
354
-839
-1550
-2281
-3171
-4384
-5365
-5411
-4532
-2886
-1118
639
2333
3611
4456
4779
4714
4127
2846
1532
721
343
49
-179
-264
-535
-1008
-1214
-1043
-669
-41
763
1613
2406
3222
3909
4036
3675
2993
2315
1700
1059
693
428
181
-84
-148
242
545
964
1258
1129
1055
814
617
329
-13
-40
63
352
617
888
1016
793
477
293
443
679
727
620
477
306
72
-335
-975
-1661
-2118
-1997
-1435
-926
-522
-136
120
479
1116
1608
1819
2035
2216
2175
1990
1814
1565
965
171
-213
-167
-218
-404
-457
-572
-1078
-1713
-2063
-2344
-3025
-4176
-5664
-7454
-9286
-10325
-9670
-7265
-3911
-584
1926
3166
3365
3258
3310
3405
3245
2651
1692
689
-154
-1032
-2238
-3734
-5123
-5890
-5608
-4209
-2124
50
1941
3451
4623
5375
5530
5049
4145
3163
2280
1545
1043
371
-793
-1956
-2690
-2960
-2772
-2142
-1041
379
1724
2866
3681
3986
4010
3714
3103
2364
1797
1447
758
-61
-660
-1044
-1378
-1669
-1452
-925
-389
226
1023
1833
2241
2180
1840
1407
994
737
615
453
146
-226
-519
-675
-548
-60
528
876
973
949
806
573
342
68
-316
-597
-532
-264
-116
-91
41
355
778
1347
2012
2505
2766
3044
3277
2933
1816
310
-1222
-2752
-4177
-5350
-6589
-8291
-10280
-11848
-12313
-11066
-7789
-3086
1401
4233
5439
5716
5753
5640
5299
4754
3619
2020
155
-1627
-3169
-4821
-6503
-7884
-8141
-6788
-4323
-1678
555
2519
4210
5148
5328
5265
4893
3948
2655
1787
1487
875
-298
-1735
-2820
-3253
-3333
-2863
-1871
-665
456
1167
1809
2447
2739
2558
2023
1665
1479
1112
668
418
417
449
467
544
577
551
773
1292
1717
1779
1531
1031
327
-218
-271
-31
80
78
311
847
1350
1469
1269
1247
1665
2120
2144
1847
1448
818
-23
-744
-1229
-1607
-1837
-1676
-1048
-261
256
541
1006
1653
2142
2534
3143
3806
4079
3846
3399
2831
1920
568
-916
-2166
-3288
-4343
-4960
-5079
-5419
-6460
-8064
-9703
-10586
-10219
-7814
-3568
869
3861
4564
4251
3870
3338
3170
3176
3193
2782
1647
541
-761
-2535
-4775
-7057
-8007
-7240
-5191
-2794
-978
265
1141
1801
2427
3198
3955
4394
4596
4849
4949
4327
2881
927
-1054
-2575
-3380
-3549
-3286
-2688
-1831
-866
89
1038
1927
2611
3114
3616
4066
4155
3775
3069
2029
642
-692
-1563
-2108
-2474
-2193
-968
452
1022
669
76
-202
99
1108
2577
3748
3984
3346
2339
1355
427
-473
-972
-798
-302
76
135
-137
-647
-1186
-1261
-759
-233
176
580
683
485
340
314
396
713
1316
2035
2601
2871
2810
2541
2363
2351
2221
1711
912
-7
-1118
-2509
-4000
-5480
-7130
-9025
-10823
-11981
-12029
-10512
-7224
-2878
903
2860
3203
3118
3469
4334
5451
6444
6699
5709
3637
1125
-1407
-3928
-6205
-7539
-7416
-6103
-4367
-2865
-1878
-1297
-678
334
1710
3324
4891
5881
6118
5876
5363
4338
2531
474
-995
-1705
-1959
-2228
-2613
-2796
-2908
-2959
-2391
-1199
68
1025
1779
2561
3064
3057
2833
2640
2660
2730
2680
2762
2292
1013
-131
-775
-954
-1118
-1268
-1050
-983
-1163
-1083
-608
-11
422
913
1700
2353
2539
2333
2341
2748
2639
1852
912
141
-541
-1344
-1847
-1967
-2006
-1917
-1401
-491
35
-142
-279
195
1009
1765
2493
3277
3777
3756
3545
3288
2905
2286
1342
473
-72
-815
-2024
-3213
-4022
-4698
-5773
-7297
-8925
-10422
-11262
-10404
-7255
-2902
581
2019
1971
1755
2307
3643
5204
6485
6815
6002
4292
2115
-156
-2496
-4387
-5570
-5786
-4961
-4100
-4093
-4799
-4937
-3856
-2019
231
2698
4825
5769
5506
4990
4849
4598
3695
2606
2021
1709
856
-660
-2192
-3238
-3784
-3818
-3181
-2049
-1036
-527
-168
481
1210
1582
1787
2252
2820
3182
3538
3957
3779
2647
1329
660
441
131
-251
-521
-846
-1286
-1444
-982
-175
415
730
1086
1403
1363
1275
1617
2036
1942
1547
1320
1111
596
-156
-924
-1543
-1817
-1656
-1248
-853
-638
-688
-803
-499
325
1113
1497
1871
2591
3284
3521
3472
3400
3070
2271
1322
439
-788
-2587
-4429
-5902
-7382
-9123
-10576
-11152
-10740
-9134
-6217
-3041
-1244
-1035
-919
391
2813
5509
7653
8621
8145
6503
4370
2398
739
-807
-2180
-3048
-3396
-3879
-5002
-6354
-6977
-6369
-4695
-2510
-429
1190
2047
2506
3079
4019
5198
5897
5996
5452
4408
3121
1569
92
-1016
-1587
-1811
-1920
-2040
-2235
-2622
-3013
-2790
-2005
-780
706
2184
3329
3556
3338
3353
3563
3776
3856
4063
4006
3143
1854
531
-447
-1304
-2238
-2484
-2041
-1697
-1657
-1551
-1047
-431
121
1280
2875
3736
3489
2613
1810
1365
1094
892
644
221
-417
-1156
-1570
-1701
-2003
-2149
-1603
-490
622
1171
1322
1654
2182
2576
2805
3121
3321
2784
1641
610
-204
-1317
-2858
-4229
-5361
-6956
-8857
-10207
-10498
-9506
-7421
-4893
-2980
-2526
-2766
-2030
186
3003
5304
6688
6946
5946
4598
3693
2937
1986
859
40
-236
-720
-2003
-4008
-5915
-6414
-5430
-3860
-2398
-1530
-1102
-752
-271
778
2239
3593
4649
5234
5460
5242
4274
3128
2481
2209
1886
1194
246
-766
-1738
-2283
-2246
-1880
-1606
-1680
-1607
-1102
-557
-34
775
1939
3169
3909
4117
4089
3617
2874
2323
2173
1854
817
-96
-460
-650
-1009
-1245
-1187
-1481
-1940
-1700
-586
546
994
777
560
709
689
476
176
-50
-128
-139
129
374
260
-276
-1005
-912
166
908
962
1041
1414
1690
1640
1935
2354
2165
1537
968
604
-198
-1717
-3404
-4793
-6228
-7883
-9125
-9315
-8299
-6809
-5451
-4856
-5124
-4889
-3179
-297
2477
4450
5630
5620
4855
4296
4440
4895
4732
3880
2565
1223
75
-1394
-3201
-4551
-4500
-3592
-3215
-3420
-3471
-3338
-3254
-2525
-706
1175
2091
2548
3446
4449
4682
4140
3707
3862
4019
3423
2297
1449
999
458
-161
-503
-866
-1755
-2767
-3048
-2477
-1631
-842
32
977
1530
1520
1523
1962
2454
2752
3271
3887
3616
2289
1051
588
450
326
258
-187
-1223
-1988
-1730
-921
-348
-160
-168
-170
-19
138
34
-188
-100
397
921
1104
869
236
-603
-971
-329
718
1092
857
912
1311
1522
1758
2380
2753
2209
1412
1205
1031
117
-1275
-2675
-4236
-6238
-8177
-9168
-8992
-7944
-6675
-6078
-6342
-6755
-5961
-3275
-45
2313
3757
4365
4375
4427
5068
6182
6645
5973
4905
3871
2979
1957
402
-1205
-2268
-2753
-3298
-4593
-5887
-6277
-5957
-5019
-3619
-2375
-1881
-1878
-913
1303
3287
4349
4842
5134
5278
5119
4884
4600
4103
3713
3229
2204
830
-674
-1920
-2531
-2593
-2168
-1716
-1797
-2057
-2057
-1917
-1513
-275
1590
2722
2537
1975
1731
1777
2214
2883
3059
2488
1730
1176
724
488
707
1047
910
252
-426
-703
-510
-46
270
109
-325
-668
-912
-1133
-1074
-613
-198
-43
209
645
708
399
624
1718
2670
2629
2437
2683
2725
2284
2240
2912
2679
939
-1193
-3003
-4734
-6753
-8342
-8973
-8725
-7932
-7561
-8206
-9595
-10114
-8161
-4591
-1367
426
981
1218
1794
3346
5598
7462
8348
7830
6582
5792
5434
4610
3001
1728
1203
249
-1762
-3935
-5157
-5515
-5707
-5739
-5398
-5215
-5387
-5170
-3623
-1178
643
1611
2284
3014
3698
4251
5200
6316
6992
6955
6037
4700
3367
2282
1599
1121
847
378
-505
-1272
-1743
-1998
-2137
-1805
-853
-343
-457
-286
400
1017
971
967
1319
1213
942
1074
1529
1721
1412
1343
1729
1692
1005
544
545
1111
1757
1569
678
-588
-1190
-1130
-1311
-1238
-1169
-1591
-2187
-2145
-1148
-681
-898
-630
232
955
1091
1408
2004
2197
2051
2420
3128
2979
2005
889
-29
-1544
-3516
-4761
-5469
-5626
-5571
-6059
-7443
-9698
-10620
-9160
-6901
-4910
-3722
-3029
-2514
-1752
185
2682
4697
6036
6411
6114
6184
6826
7298
6912
6008
5277
4147
2107
-1
-1180
-1545
-1956
-2594
-3273
-4322
-5471
-5753
-4881
-3473
-2540
-2425
-2434
-1929
-860
451
1694
2879
3914
4416
4358
4213
4310
4394
4194
4006
3934
3430
2356
1374
785
238
-148
-27
-61
-932
-1917
-1874
-913
-255
-504
-1127
-1545
-1490
-967
-219
497
709
288
-187
-429
-274
258
571
827
1612
2320
2128
1403
1270
1861
2129
1954
1839
1294
7
-944
-518
253
-200
-1203
-1583
-1616
-1588
-1242
-516
-22
-162
-7
779
1173
980
622
144
-593
-1601
-2503
-3214
-3621
-3370
-3520
-5159
-7098
-7493
-6120
-4499
-3730
-3361
-3237
-3434
-3138
-1791
283
2120
2899
2919
2855
3172
4099
5016
5223
4917
4480
3818
2843
2112
2052
1952
1120
11
-865
-1788
-2877
-3385
-2844
-2097
-2267
-3219
-3866
-3643
-2869
-1917
-883
98
852
1300
1476
1687
2379
3409
3965
3666
3121
2980
3173
3386
3423
3063
2341
1641
1079
530
213
287
340
130
-121
-477
-1065
-1316
-695
279
599
76
-488
-387
122
372
231
-23
-202
-8
652
1153
1029
843
1241
1758
1705
1301
1110
1038
909
1067
1447
1448
809
380
556
496
0
-499
-744
-1135
-1556
-1385
-1392
-2306
-3636
-4395
-4524
-4648
-4434
-4117
-4847
-6362
-6929
-5529
-3733
-3261
-3453
-3421
-3155
-2781
-1787
159
1724
2079
1934
1996
2495
3298
4346
5157
5151
4693
4294
3864
3152
2617
2694
2748
1915
297
-929
-1516
-2004
-2282
-2248
-2262
-3123
-4173
-3996
-3016
-2488
-2683
-2592
-1776
-964
-464
313
1468
2293
2581
2714
3128
3451
3261
3417
4208
4494
3976
3431
3264
2965
1973
1276
1204
749
87
-181
73
62
-663
-1018
-958
-1143
-1307
-1076
-422
8
-138
-417
-417
40
725
1050
702
230
241
695
1115
1127
1112
1268
1281
1241
1285
1108
727
776
1302
1377
558
-343
-590
-491
-641
-1116
-1840
-2955
-4162
-4663
-4371
-4097
-4288
-4767
-5584
-6640
-6937
-5748
-4022
-3262
-3561
-3910
-3772
-3235
-2209
-641
826
1420
1263
1179
1758
2955
4200
4796
4609
4218
4118
4224
4366
4526
4490
3870
2721
1590
951
732
583
359
-72
-917
-2056
-2915
-3104
-2861
-2686
-2708
-2800
-2928
-2897
-2624
-1982
-1109
-516
-69
407
971
1636
2387
3563
4476
4263
3471
3193
3907
4554
4378
3903
3347
2506
1519
1091
1216
1155
531
-142
-564
-1076
-1472
-1488
-997
-641
-1108
-1907
-2197
-1434
-333
162
83
-137
-261
-264
38
578
897
753
579
831
1225
1212
1013
1312
1774
1477
738
706
1344
1577
1090
426
-326
-1531
-2895
-3592
-3554
-3611
-4225
-5147
-6257
-7417
-7763
-6745
-5355
-4927
-5362
-5644
-5236
-4143
-2468
-666
452
546
245
437
1430
2956
4445
5199
4970
4377
4167
4364
4702
5088
5177
4484
3256
2378
2185
2162
1870
1365
694
-291
-1357
-1872
-1680
-1461
-1802
-2466
-2999
-3400
-3569
-3000
-1830
-1163
-1528
-2066
-1932
-1326
-665
149
1162
1838
1691
1285
1740
3056
3995
3975
3754
3865
3912
3677
3529
3573
3378
2764
2067
1497
876
263
83
276
121
-700
-1534
-1592
-916
-407
-791
-1609
-1831
-1339
-750
-250
188
173
-315
-534
-128
307
339
418
937
1341
996
454
567
995
880
414
249
36
-769
-1661
-1958
-1967
-2349
-3203
-4240
-5305
-6105
-5919
-5051
-4636
-5229
-6257
-6535
-5965
-4838
-3409
-2372
-1917
-1872
-1604
-445
1198
2587
3291
3456
3741
4170
4546
5103
5690
5922
5375
4149
3316
3206
3355
3361
2863
1956
683
-442
-681
-481
-544
-1025
-1526
-1828
-2219
-2596
-2611
-2300
-2034
-1991
-2064
-2033
-1703
-1033
-283
119
131
90
339
934
1618
2043
2122
2095
2213
2495
2800
2985
3024
2972
2875
2782
2753
2778
2803
2821
2739
2311
1498
688
348
501
664
280
-602
-1363
-1554
-1421
-1394
-1432
-1378
-1324
-1338
-1111
-536
-107
-203
-309
89
445
376
284
679
1012
520
-180
-617
-943
-1445
-1809
-1626
-1582
-1962
-2391
-2816
-3696
-4796
-4891
-3900
-3302
-3923
-4875
-5256
-5220
-4953
-4247
-3385
-3129
-3393
-3300
-2444
-1155
175
1249
1803
2031
2501
3337
4134
4764
5325
5488
4958
4355
4454
4897
4804
4172
3499
2739
1745
972
739
550
-67
-829
-1378
-1840
-2273
-2391
-2167
-2007
-2100
-2203
-2155
-1993
-1644
-1010
-303
109
149
131
461
1101
1510
1442
1407
1794
2139
2003
1866
2199
2487
2161
1712
1834
2165
2046
1826
2125
2466
2023
1181
964
1372
1553
1206
759
449
172
9
118
223
-147
-926
-1416
-1172
-650
-607
-988
-1047
-590
-281
-480
-674
-435
-168
-287
-408
-179
-182
-954
-1853
-2136
-2218
-2594
-2740
-2413
-2602
-3807
-4744
-4269
-3255
-3159
-3817
-4114
-3845
-3525
-3171
-2603
-2204
-2278
-2401
-2098
-1455
-702
77
653
816
849
1214
1908
2601
3176
3634
3832
3819
4013
4526
4812
4473
3896
3576
3324
2786
2175
1835
1538
837
-193
-1065
-1494
-1652
-1883
-2266
-2535
-2511
-2339
-2132
-1834
-1585
-1599
-1611
-1144
-360
192
451
683
844
931
1263
1857
2261
2389
2575
2765
2637
2420
2600
2923
2735
2173
1983
2215
2133
1538
1086
1176
1405
1307
911
486
224
233
477
679
469
-161
-662
-528
-65
-92
-708
-1103
-879
-726
-1133
-1422
-1024
-654
-1036
-1617
-1731
-1802
-2203
-2374
-2040
-1915
-2498
-3305
-3834
-4268
-4653
-4470
-3604
-2975
-3446
-4422
-4577
-3733
-2728
-2118
-1807
-1538
-1390
-1242
-583
427
1121
1294
1247
1360
1579
1800
2359
3121
3363
2849
2189
2275
3074
3689
3764
3482
2993
2454
2078
2062
2243
2181
1734
1100
600
233
-232
-553
-622
-920
-1585
-2118
-2069
-1740
-1761
-1961
-1904
-1655
-1343
-1069
-811
-475
-127
328
882
1246
1471
1732
2050
2301
2347
2467
2806
2925
2727
2582
2664
2702
2357
1845
1575
1516
1484
1379
1195
926
614
512
610
537
236
-106
-341
-312
-111
-65
-325
-611
-604
-494
-644
-904
-943
-882
-1102
-1595
-1966
-2146
-2509
-3093
-3409
-3292
-3246
-3625
-4190
-4588
-4683
-4422
-3931
-3635
-3822
-4180
-4106
-3444
-2608
-2009
-1694
-1552
-1465
-1159
-378
650
1325
1414
1345
1579
2005
2295
2537
2981
3353
3183
2656
2444
2748
3136
3252
3068
2605
1974
1586
1742
2042
1827
1117
544
397
359
156
-125
-343
-516
-704
-914
-1074
-1095
-974
-884
-1036
-1366
-1441
-956
-255
31
-173
-342
-95
436
978
1438
1767
1843
1683
1605
1882
2343
2633
2646
2523
2407
2337
2287
2256
2273
2245
1983
1522
1170
1096
1112
975
665
294
-84
-430
-577
-384
-104
-216
-720
-1095
-1024
-788
-736
-854
-1088
-1583
-2248
-2645
-2662
-2775
-3205
-3528
-3635
-4113
-5121
-5731
-5218
-4196
-3754
-4043
-4392
-4337
-3885
-3130
-2256
-1641
-1488
-1492
-1201
-499
395
1142
1442
1299
1175
1524
2247
2895
3234
3251
2959
2559
2528
3025
3454
3243
2683
2381
2306
2048
1717
1737
1915
1589
711
64
146
428
352
130
-71
-500
-1047
-1127
-594
-159
-325
-607
-572
-520
-734
-796
-224
475
470
25
-54
368
853
1200
1472
1469
1115
1012
1498
2018
2073
1950
2045
2067
1638
1257
1573
2237
2390
1874
1300
1115
1291
1669
1953
1679
806
-33
-197
179
376
-27
-732
-1215
-1363
-1419
-1480
-1470
-1503
-1862
-2580
-3246
-3484
-3378
-3205
-3042
-3099
-3826
-4999
-5450
-4603
-3513
-3433
-4129
-4614
-4661
-4519
-3910
-2673
-1657
-1667
-2168
-2000
-1000
54
817
1474
1841
1741
1727
2382
3320
3695
3450
3176
3073
3009
3069
3317
3394
2948
2304
1953
1753
1530
1571
1852
1699
854
133
272
749
682
155
-227
-421
-731
-968
-732
-327
-383
-831
-1063
-940
-725
-391
152
511
337
66
341
1002
1444
1578
1674
1685
1473
1346
1603
1907
1828
1594
1601
1631
1369
1130
1310
1555
1355
924
752
779
686
553
614
698
485
119
51
330
536
387
-11
-402
-609
-640
-660
-798
-1111
-1701
-2473
-2972
-2954
-2839
-3069
-3530
-4029
-4648
-5204
-5104
-4277
-3598
-3779
-4413
-4646
-4241
-3476
-2513
-1582
-1257
-1720
-2086
-1402
-13
960
1141
1028
1029
1250
1783
2515
3001
2986
2760
2703
2802
2910
3082
3293
3197
2695
2229
2078
1985
1797
1712
1628
1129
364
72
430
731
490
76
-115
-272
-509
-446
-4
194
-215
-683
-667
-430
-346
-212
151
333
32
-308
-145
412
943
1271
1354
1208
1098
1370
1899
2180
2025
1738
1583
1522
1500
1618
1834
1822
1361
693
288
346
619
751
551
42
-569
-919
-726
-218
-78
-661
-1459
-1677
-1223
-702
-567
-820
-1368
-2043
-2430
-2300
-2011
-2034
-2323
-2696
-3312
-4177
-4600
-3992
-3073
-3128
-4123
-4842
-4640
-3913
-3109
-2277
-1757
-2007
-2476
-2105
-734
755
1412
1249
986
1035
1461
2244
3089
3476
3114
2459
2237
2607
3211
3493
3171
2596
2149
1855
1692
1727
1924
1900
1328
573
202
279
370
224
134
118
-270
-889
-1054
-594
-56
23
-259
-499
-569
-387
161
789
1019
764
426
462
935
1526
1896
1875
1527
1224
1277
1593
1842
1858
1717
1508
1261
1071
1052
1195
1286
1074
621
287
325
583
696
558
269
-147
-487
-443
-138
-86
-520
-1048
-1201
-1197
-1500
-1995
-2263
-2378
-2715
-3166
-3278
-3030
-2901
-3182
-3650
-3924
-3818
-3354
-2762
-2505
-2858
-3406
-3393
-2651
-1789
-1349
-1342
-1529
-1645
-1399
-619
356
821
655
515
838
1396
1888
2321
2686
2685
2296
2110
2517
3056
3050
2598
2257
2092
1832
1619
1678
1726
1358
820
627
663
481
139
34
196
155
-283
-613
-461
-185
-154
-204
-119
-69
-189
-233
15
368
495
381
316
458
707
948
1159
1373
1506
1411
1260
1408
1808
2048
1928
1675
1543
1513
1491
1507
1524
1342
880
404
249
320
241
-77
-438
-752
-974
-1040
-1041
-1184
-1490
-1712
-1717
-1645
-1630
-1768
-2115
-2570
-2963
-3042
-2691
-2249
-2223
-2777
-3590
-4016
-3681
-2864
-2253
-2252
-2605
-2859
-2757
-2197
-1357
-586
-211
-404
-806
-737
22
1003
1576
1591
1308
986
882
1222
1972
2617
2457
1676
1210
1371
1694
1807
1809
1862
1722
1296
1030
1181
1436
1372
1108
1054
1050
741
349
235
378
443
255
29
-115
-259
-324
-212
-2
96
23
-26
76
325
676
966
1069
1011
1027
1287
1538
1596
1654
1743
1675
1454
1326
1481
1669
1583
1333
1144
1069
1065
1059
973
769
533
409
393
330
118
-209
-531
-711
-719
-741
-1003
-1435
-1769
-1930
-2022
-2054
-2068
-2308
-2884
-3435
-3505
-3125
-2768
-2784
-3159
-3699
-4119
-4023
-3285
-2415
-2077
-2316
-2625
-2584
-2124
-1368
-522
103
224
-36
-96
442
1294
1906
2117
2082
1918
1750
1808
2170
2532
2521
2142
1772
1660
1662
1542
1342
1214
1078
773
433
312
336
238
25
-49
51
79
-55
-119
13
119
59
86
375
632
537
281
277
572
841
864
772
772
833
836
836
949
1094
1105
1013
1012
1128
1180
1119
1126
1268
1344
1272
1221
1231
1107
848
728
839
911
728
421
232
197
198
144
-61
-452
-809
-852
-699
-777
-1195
-1602
-1742
-1780
-1941
-2195
-2431
-2696
-3051
-3358
-3396
-3166
-2928
-2973
-3346
-3767
-3832
-3395
-2715
-2202
-2056
-2156
-2215
-2010
-1479
-729
-11
410
515
570
838
1322
1844
2262
2484
2456
2323
2370
2652
2840
2655
2234
1965
1983
2045
1911
1625
1309
983
710
605
606
503
270
17
-225
-437
-554
-522
-405
-405
-551
-683
-703
-558
-327
-145
18
208
445
719
913
1025
1199
1484
1789
1943
1932
1898
1859
1832
1890
2009
2046
1851
1507
1312
1287
1174
970
880
831
569
192
43
146
199
20
-267
-465
-546
-589
-635
-709
-859
-1116
-1391
-1542
-1614
-1708
-1845
-2071
-2407
-2770
-3041
-3164
-3223
-3299
-3335
-3345
-3474
-3724
-3902
-3840
-3531
-3080
-2630
-2349
-2278
-2253
-2016
-1460
-780
-235
148
507
903
1312
1708
2063
2380
2675
2909
3061
3227
3424
3468
3242
2924
2761
2728
2602
2297
1932
1576
1179
785
528
357
42
-398
-639
-562
-494
-748
-1134
-1289
-1217
-1128
-984
-695
-480
-578
-764
-672
-297
104
350
510
693
793
787
908
1263
1651
1809
1767
1763
1873
1973
2000
2023
2093
2083
1902
1738
1735
1773
1633
1270
933
735
522
301
160
36
-207
-608
-950
-1081
-1143
-1264
-1409
-1523
-1631
-1795
-1944
-2033
-2161
-2395
-2719
-3008
-3165
-3225
-3186
-3155
-3293
-3514
-3678
-3745
-3660
-3385
-2959
-2613
-2451
-2190
-1746
-1355
-1042
-603
-34
415
647
985
1565
2034
2161
2143
2321
2595
2721
2844
3071
3218
3014
2660
2570
2666
2625
2338
2073
1940
1730
1403
1153
1009
707
209
-150
-192
-165
-306
-546
-793
-1102
-1394
-1415
-1129
-859
-839
-928
-884
-697
-473
-205
137
441
623
781
1029
1325
1576
1739
1824
1858
1888
1935
1991
2047
2075
2026
1879
1677
1505
1415
1374
1295
1114
824
485
203
43
-26
-129
-370
-753
-1160
-1473
-1655
-1775
-1917
-2131
-2414
-2723
-3011
-3228
-3345
-3452
-3654
-3838
-3826
-3654
-3507
-3453
-3476
-3528
-3475
-3190
-2752
-2382
-2148
-1920
-1598
-1235
-906
-563
-152
256
610
986
1411
1823
2120
2343
2575
2790
3014
3211
3338
3307
3161
3132
3188
3092
2734
2334
2086
1840
1478
1134
937
735
343
-97
-323
-369
-462
-613
-665
-650
-765
-961
-958
-710
-478
-466
-516
-386
-163
-48
6
155
413
617
690
801
1014
1182
1278
1426
1618
1708
1653
1586
1636
1754
1783
1697
1619
1565
1432
1227
1069
948
783
551
291
44
-134
-237
-380
-653
-967
-1202
-1379
-1577
-1769
-1900
-2016
-2207
-2465
-2701
-2901
-3150
-3452
-3662
-3689
-3648
-3664
-3678
-3619
-3587
-3652
-3640
-3331
-2793
-2293
-1909
-1511
-1037
-571
-143
320
808
1223
1540
1842
2164
2473
2739
2921
2961
2895
2847
2863
2853
2759
2664
2644
2619
2456
2160
1870
1664
1487
1280
1072
867
602
309
123
46
-80
-314
-533
-653
-729
-788
-755
-610
-503
-553
-634
-516
-228
0
93
186
348
499
654
941
1280
1419
1325
1269
1409
1586
1644
1650
1666
1618
1483
1355
1308
1276
1154
917
624
354
169
116
110
-36
-355
-682
-905
-1085
-1267
-1394
-1479
-1644
-1922
-2211
-2395
-2495
-2636
-2838
-3032
-3240
-3448
-3588
-3616
-3543
-3490
-3496
-3421
-3253
-3113
-2993
-2785
-2439
-2050
-1717
-1379
-940
-443
-44
220
493
883
1329
1708
2006
2306
2628
2907
3114
3274
3386
3392
3299
3209
3160
3092
2934
2666
2368
2073
1720
1357
1075
846
585
246
-72
-213
-269
-406
-577
-666
-675
-694
-731
-686
-547
-428
-383
-323
-169
-4
90
195
380
537
577
607
786
1053
1218
1270
1327
1408
1440
1442
1500
1560
1503
1388
1366
1402
1325
1136
955
805
588
321
117
-15
-189
-458
-750
-977
-1151
-1342
-1554
-1742
-1909
-2069
-2246
-2404
-2547
-2701
-2850
-3002
-3110
-3176
-3216
-3246
-3276
-3249
-3161
-3060
-2957
-2796
-2538
-2263
-2057
-1875
-1572
-1157
-723
-326
67
502
882
1197
1502
1818
2120
2338
2505
2673
2815
2918
2968
2966
2908
2775
2630
2508
2406
2296
2149
1967
1715
1446
1222
1011
773
533
374
252
44
-249
-486
-589
-653
-753
-812
-776
-754
-808
-815
-679
-496
-363
-211
9
202
303
442
685
903
973
974
1080
1250
1333
1312
1292
1304
1246
1121
1033
1005
956
822
659
521
387
214
42
-80
-179
-315
-481
-644
-808
-968
-1123
-1282
-1441
-1589
-1744
-1931
-2121
-2263
-2380
-2546
-2757
-2919
-2975
-2973
-2981
-2991
-2979
-2959
-2929
-2814
-2559
-2263
-2037
-1834
-1579
-1273
-948
-607
-218
190
538
832
1134
1465
1778
2015
2228
2460
2636
2716
2751
2790
2825
2819
2765
2686
2568
2382
2167
1998
1864
1678
1430
1178
933
657
392
235
181
84
-142
-394
-530
-564
-562
-531
-472
-448
-486
-496
-392
-213
-68
16
87
193
322
443
557
674
773
827
866
953
1075
1151
1167
1174
1187
1156
1086
1036
997
930
843
742
620
425
165
-53
-194
-336
-519
-723
-911
-1091
-1268
-1422
-1550
-1678
-1804
-1912
-1994
-2076
-2184
-2289
-2394
-2511
-2590
-2627
-2643
-2634
-2611
-2575
-2527
-2472
-2388
-2220
-1993
-1772
-1553
-1296
-1016
-760
-515
-205
159
478
723
965
1240
1494
1687
1870
2073
2244
2330
2372
2432
2477
2458
2415
2372
2276
2116
1951
1820
1699
1520
1274
1042
838
639
456
279
110
-43
-212
-373
-470
-515
-522
-510
-524
-544
-518
-414
-260
-127
-28
64
161
272
420
610
797
898
914
944
1013
1076
1114
1154
1183
1138
1019
915
874
840
732
583
470
378
241
90
-11
-106
-288
-526
-699
-766
-844
-1014
-1212
-1361
-1494
-1661
-1819
-1928
-2036
-2196
-2366
-2487
-2573
-2659
-2709
-2676
-2611
-2591
-2590
-2517
-2362
-2188
-2004
-1793
-1569
-1353
-1145
-912
-627
-345
-114
80
282
542
847
1129
1364
1561
1724
1858
1986
2131
2287
2402
2446
2437
2424
2407
2344
2252
2157
2046
1898
1695
1474
1288
1106
907
713
544
397
223
25
-110
-181
-237
-287
-330
-365
-391
-389
-344
-260
-166
-82
-18
33
92
177
314
473
562
598
663
761
846
904
944
996
1038
1036
1019
1003
962
880
775
669
548
382
197
33
-135
-338
-559
-764
-918
-1044
-1192
-1355
-1485
-1601
-1722
-1835
-1933
-2007
-2072
-2167
-2253
-2307
-2350
-2381
-2381
-2364
-2364
-2388
-2380
-2299
-2186
-2074
-1929
-1746
-1566
-1413
-1238
-1003
-725
-457
-219
8
246
479
711
974
1239
1433
1549
1662
1810
1947
2036
2092
2144
2168
2140
2093
2053
1994
1898
1796
1707
1578
1399
1219
1075
931
747
572
455
359
222
82
10
-23
-87
-158
-174
-138
-111
-109
-86
-17
44
69
126
261
406
485
534
615
707
774
826
886
911
864
793
773
799
794
724
623
525
417
297
196
115
26
-99
-238
-365
-486
-611
-729
-831
-941
-1070
-1191
-1286
-1373
-1475
-1583
-1689
-1793
-1897
-1996
-2083
-2166
-2245
-2297
-2317
-2315
-2291
-2225
-2133
-2040
-1940
-1798
-1606
-1411
-1228
-1036
-811
-586
-368
-120
144
364
527
692
904
1132
1326
1472
1598
1719
1803
1845
1890
1957
2000
1980
1932
1882
1817
1716
1602
1490
1353
1173
985
834
717
588
435
302
224
171
100
32
-14
-42
-40
-14
22
66
100
120
150
202
274
367
459
528
579
618
654
697
758
833
872
855
808
770
752
742
738
707
614
462
313
214
140
37
-83
-216
-377
-568
-739
-841
-893
-978
-1120
-1256
-1357
-1439
-1510
-1576
-1632
-1697
-1801
-1892
-1930
-1959
-2002
-2048
-2079
-2083
-2075
-2056
-1991
-1908
-1841
-1773
-1676
-1528
-1338
-1144
-978
-824
-649
-438
-209
28
254
461
651
835
1022
1225
1428
1584
1675
1732
1792
1855
1893
1898
1886
1849
1768
1666
1575
1489
1377
1232
1088
949
806
656
513
391
280
156
40
-28
-69
-115
-157
-180
-160
-122
-92
-33
51
131
238
374
498
593
679
790
898
967
1016
1082
1147
1150
1089
1024
973
900
804
706
627
533
387
249
147
38
-91
-216
-312
-391
-503
-638
-743
-824
-919
-1021
-1096
-1173
-1290
-1420
-1535
-1610
-1660
-1746
-1852
-1929
-1984
-2026
-2055
-2054
-2019
-1977
-1921
-1824
-1719
-1624
-1506
-1351
-1191
-1049
-887
-679
-482
-340
-224
-73
118
320
493
636
777
912
1034
1178
1339
1460
1544
1611
1660
1680
1676
1664
1663
1635
1538
1417
1324
1224
1084
929
780
634
484
324
192
104
22
-56
-98
-123
-139
-133
-98
-19
67
129
198
288
381
469
550
628
692
749
820
877
909
940
963
981
980
947
917
889
825
735
647
561
473
365
223
73
-75
-227
-366
-474
-582
-730
-893
-1020
-1119
-1223
-1322
-1397
-1459
-1541
-1635
-1701
-1730
-1754
-1797
-1847
-1869
-1876
-1888
-1884
-1867
-1849
-1826
-1796
-1730
-1637
-1540
-1425
-1285
-1132
-973
-819
-634
-416
-212
-27
158
351
552
733
912
1101
1267
1398
1503
1592
1682
1739
1738
1715
1686
1643
1583
1502
1424
1338
1215
1086
991
909
819
700
556
439
361
282
202
130
63
4
-41
-61
-57
-47
-34
-3
40
100
185
266
342
428
516
612
713
804
878
945
989
1003
1009
1021
1020
989
929
857
786
696
581
482
392
266
124
-6
-118
-231
-360
-485
-593
-712
-846
-971
-1075
-1173
-1287
-1397
-1486
-1577
-1680
-1770
-1825
-1850
-1876
-1914
-1942
-1929
-1898
-1881
-1855
-1805
-1743
-1660
-1563
-1468
-1358
-1230
-1088
-936
-778
-608
-426
-237
-45
137
306
476
662
848
1013
1156
1285
1394
1483
1551
1601
1641
1649
1614
1573
1535
1473
1390
1288
1170
1050
930
804
691
577
446
326
223
131
66
18
-25
-54
-64
-62
-41
-3
47
92
132
191
269
357
442
503
549
604
667
737
817
869
876
863
856
858
846
809
757
695
614
522
423
329
240
125
-2
-126
-268
-404
-518
-641
-754
-865
-987
-1097
-1205
-1291
-1368
-1444
-1508
-1577
-1639
-1696
-1755
-1794
-1816
-1832
-1845
-1859
-1846
-1811
-1769
-1701
-1621
-1528
-1410
-1292
-1139
-961
-795
-617
-423
-227
-31
164
373
587
782
938
1073
1217
1359
1472
1544
1587
1608
1607
1580
1541
1511
1467
1398
1310
1207
1114
1016
902
811
722
611
507
409
320
252
184
130
98
64
30
7
5
24
43
40
53
89
128
181
229
290
364
446
541
619
699
779
859
952
986
988
998
993
977
917
826
733
625
504
361
219
95
-45
-189
-331
-472
-593
-711
-838
-932
-1025
-1132
-1236
-1335
-1416
-1485
-1569
-1644
-1709
-1783
-1850
-1900
-1928
-1941
-1965
-1979
-1966
-1923
-1854
-1764
-1659
-1536
-1401
-1254
-1087
-905
-716
-512
-321
-146
35
220
410
606
795
950
1081
1210
1343
1451
1524
1585
1622
1656
1660
1623
1587
1542
1485
1408
1312
1213
1098
969
840
715
586
456
329
219
142
73
1
-65
-119
-140
-145
-134
-107
-84
-44
6
70
142
220
315
387
454
527
602
684
733
769
789
796
799
782
770
740
684
616
551
494
418
320
213
103
-8
-123
-232
-334
-444
-571
-694
-811
-914
-1021
-1151
-1263
-1354
-1462
-1567
-1653
-1722
-1781
-1841
-1889
-1911
-1925
-1934
-1913
-1856
-1781
-1705
-1615
-1508
-1383
-1239
-1075
-895
-708
-526
-342
-160
35
247
437
620
805
970
1121
1249
1355
1466
1561
1613
1643
1664
1671
1662
1635
1586
1521
1445
1351
1241
1129
1015
898
777
645
507
374
254
169
101
32
-34
-88
-103
-95
-95
-74
-33
7
51
94
136
210
299
378
453
518
570
619
671
722
762
791
803
782
736
691
645
582
510
424
316
182
57
-50
-158
-282
-409
-537
-659
-777
-894
-999
-1101
-1205
-1292
-1379
-1466
-1538
-1608
-1680
-1740
-1782
-1807
-1830
-1853
-1852
-1839
-1824
-1799
-1737
-1654
-1576
-1479
-1348
-1208
-1059
-902
-736
-551
-366
-187
2
200
390
562
722
880
1040
1178
1294
1393
1478
1556
1594
1615
1633
1625
1598
1561
1529
1470
1374
1277
1185
1094
981
845
707
581
460
338
221
118
37
-35
-89
-127
-138
-124
-105
-81
-49
-5
58
122
193
277
339
403
487
566
636
685
714
749
777
780
769
741
714
674
604
528
440
351
255
144
42
-71
-186
-300
-425
-536
-660
-783
-889
-1002
-1096
-1200
-1314
-1415
-1515
-1605
-1689
-1761
-1824
-1862
-1889
-1906
-1901
-1881
-1836
-1773
-1679
-1582
-1459
-1309
-1189
-1051
-887
-707
-517
-344
-160
17
188
361
522
692
846
995
1137
1249
1338
1412
1468
1518
1562
1570
1562
1535
1483
1429
1358
1281
1202
1118
1017
906
806
697
591
489
394
307
215
132
63
14
-15
-50
-74
-70
-63
-46
-8
27
75
132
182
251
319
394
473
534
594
633
671
704
712
722
707
667
625
558
481
398
314
227
112
-9
-116
-245
-369
-486
-609
-722
-844
-958
-1062
-1180
-1295
-1404
-1494
-1575
-1667
-1726
-1788
-1841
-1865
-1886
-1880
-1847
-1805
-1747
-1681
-1603
-1496
-1369
-1239
-1091
-939
-790
-631
-468
-300
-119
62
244
421
578
722
868
1007
1141
1254
1355
1441
1497
1538
1551
1553
1532
1497
1447
1374
1299
1199
1100
1001
890
789
700
611
533
461
379
331
277
220
192
157
144
137
128
136
149
173
208
248
290
332
370
418
456
484
516
544
561
572
577
564
535
505
468
415
362
311
244
169
91
11
-65
-141
-236
-331
-431
-537
-636
-735
-838
-934
-1037
-1139
-1233
-1323
-1398
-1468
-1526
-1573
-1621
-1645
-1665
-1658
-1631
-1599
-1558
-1511
-1430
-1341
-1251
-1142
-1022
-894
-766
-629
-487
-341
-186
-43
105
250
389
519
653
776
877
980
1058
1123
1184
1214
1255
1266
1262
1260
1227
1196
1145
1074
1024
969
910
849
775
707
650
593
540
506
463
415
383
349
325
309
296
290
284
284
296
313
322
341
359
368
388
395
399
407
410
417
410
391
363
334
299
258
216
161
88
9
-65
-152
-245
-329
-410
-499
-595
-694
-791
-874
-955
-1033
-1116
-1199
-1276
-1350
-1395
-1441
-1487
-1511
-1515
-1501
-1492
-1466
-1423
-1378
-1322
-1243
-1157
-1065
-967
-866
-754
-642
-536
-428
-298
-179
-82
37
139
242
351
459
567
652
736
814
891
958
1013
1061
1093
1113
1126
1129
1122
1108
1099
1084
1047
1002
968
932
883
833
797
766
733
698
665
631
595
566
547
543
535
517
506
505
499
493
490
500
495
479
476
469
449
419
391
360
303
246
188
128
65
-18
-87
-161
-247
-319
-396
-469
-538
-620
-697
-770
-846
-927
-1004
-1078
-1148
-1217
-1291
-1360
-1417
-1462
-1498
-1520
-1526
-1527
-1524
-1504
-1465
-1410
-1347
-1264
-1166
-1063
-956
-849
-739
-618
-483
-334
-188
-54
72
193
316
441
554
651
741
827
895
934
967
993
1009
1014
1010
992
964
936
906
866
821
779
741
708
679
651
627
607
585
570
566
568
566
567
576
595
610
630
657
687
707
721
735
743
734
719
706
689
652
605
557
496
415
330
244
147
45
-51
-151
-267
-380
-476
-566
-661
-754
-831
-903
-978
-1050
-1106
-1149
-1187
-1219
-1244
-1263
-1273
-1270
-1254
-1234
-1212
-1179
-1138
-1087
-1035
-977
-906
-830
-755
-673
-589
-508
-433
-356
-279
-219
-160
-91
-39
7
57
101
145
178
197
230
263
287
308
328
361
389
406
438
468
490
526
568
608
637
661
691
716
737
763
785
812
847
867
883
902
913
923
934
936
937
937
923
909
896
873
855
832
792
751
705
647
596
537
473
412
344
266
184
104
18
-72
-163
-254
-342
-428
-512
-596
-675
-745
-811
-877
-933
-990
-1052
-1101
-1145
-1180
-1209
-1245
-1265
-1272
-1286
-1279
-1261
-1240
-1196
-1145
-1089
-1015
-941
-862
-767
-679
-589
-501
-427
-343
-254
-181
-116
-49
8
66
122
165
214
263
297
334
379
406
429
454
468
476
478
478
487
488
487
498
506
505
518
532
540
548
561
581
597
614
631
648
667
686
700
718
731
741
753
767
773
773
772
773
765
744
721
703
674
636
593
533
468
406
331
262
193
103
13
-72
-173
-271
-354
-442
-525
-608
-687
-765
-838
-898
-960
-1026
-1081
-1120
-1150
-1177
-1195
-1203
-1202
-1188
-1164
-1136
-1089
-1030
-970
-907
-834
-749
-659
-577
-485
-386
-295
-205
-120
-44
29
95
155
207
244
280
311
330
343
352
362
373
375
377
373
365
359
342
334
337
321
316
327
330
328
331
341
363
380
407
450
487
514
546
578
609
640
674
702
718
735
752
755
749
745
740
734
717
686
653
623
586
544
498
443
383
323
258
189
115
46
-26
-109
-188
-256
-330
-418
-496
-561
-627
-704
-777
-839
-896
-952
-1008
-1061
-1100
-1125
-1145
-1167
-1177
-1171
-1152
-1128
-1095
-1044
-986
-925
-856
-780
-698
-604
-506
-413
-317
-226
-138
-53
33
123
202
260
310
370
430
462
473
492
514
523
521
513
507
498
474
451
436
411
390
377
355
339
332
319
314
311
302
305
313
320
331
340
349
369
392
401
413
442
458
465
480
484
484
493
490
490
486
466
454
438
405
385
362
333
311
274
242
210
161
118
75
22
-34
-81
-129
-186
-249
-308
-359
-417
-477
-533
-583
-631
-682
-719
-747
-775
-804
-835
-849
-856
-860
-858
-854
-836
-810
-775
-733
-691
-640
-584
-518
-447
-380
-311
-242
-165
-88
-21
42
100
159
214
259
300
332
354
371
384
398
410
415
423
429
431
431
419
409
395
380
367
350
332
310
288
274
270
261
250
237
234
240
240
237
237
243
254
254
254
256
258
258
252
242
235
230
224
220
209
194
192
181
175
157
133
121
91
74
50
19
-8
-50
-80
-112
-150
-185
-222
-249
-271
-295
-322
-345
-367
-386
-408
-423
-442
-466
-480
-502
-514
-509
-524
-531
-523
-518
-503
-486
-475
-442
-405
-365
-313
-271
-231
-177
-129
-86
-39
1
47
98
138
178
208
231
273
309
327
349
371
384
393
402
405
391
366
344
314
281
240
202
178
151
116
94
77
64
62
62
59
56
60
69
72
73
83
97
108
128
144
158
176
185
191
204
204
208
212
202
191
182
162
143
116
80
54
36
15
-10
-39
-57
-74
-96
-111
-112
-119
-127
-133
-144
-153
-157
-159
-159
-168
-189
-200
-198
-203
-216
-226
-231
-231
-236
-247
-254
-253
-246
-242
-240
-237
-228
-227
-229
-211
-191
-171
-153
-134
-106
-83
-51
-15
7
33
63
92
123
140
149
160
173
180
179
174
163
154
142
124
112
100
85
76
68
57
48
41
34
26
28
31
31
35
46
52
56
73
89
106
124
134
159
161
166
184
174
171
174
162
151
136
127
115
97
83
65
47
36
22
11
-6
-31
-43
-55
-72
-88
-98
-101
-105
-119
-126
-121
-118
-112
-114
-114
-110
-105
-96
-94
-81
-68
-64
-57
-59
-59
-54
-51
-55
-53
-50
-55
-47
-55
-59
-56
-66
-70
-65
-67
-70
-69
-69
-67
-61
-61
-55
-47
-50
-51
-47
-35
-28
-24
-13
-5
1
16
30
37
47
60
73
84
91
89
85
86
95
96
98
99
97
96
95
91
82
75
74
73
69
64
56
50
45
35
23
21
20
12
8
11
9
-1
-6
0
3
-1
-10
-12
-13
-16
-22
-20
-15
-15
-17
-12
-5
-3
-5
3
15
21
22
26
30
27
21
18
15
14
12
9
4
0
-7
-15
-21
-27
-35
-43
-51
-61
-72
-79
-80
-90
-103
-111
-116
-123
-124
-120
-123
-125
-117
-106
-103
-99
-89
-74
-65
-58
-49
-38
-26
-17
-12
-3
10
22
28
36
46
57
65
76
87
91
90
92
99
100
97
96
95
91
85
80
75
73
68
61
56
54
50
44
37
34
33
27
24
21
17
14
10
6
3
-2
-6
-9
-9
-12
-13
-12
-10
-13
-15
-18
-15
-13
-15
-20
-24
-24
-19
-19
-22
-27
-26
-22
-18
-18
-18
-18
-18
-20
-22
-23
-23
-26
-31
-36
-36
-39
-46
-54
-61
-63
-65
-67
-70
-70
-72
-73
-73
-68
-64
-62
-63
-60
-54
-48
-44
-38
-27
-13
-1
6
15
25
31
40
52
65
73
75
78
84
89
90
89
92
93
91
85
82
83
85
81
73
71
72
71
67
64
61
53
40
30
24
18
11
8
3
-5
-15
-22
-24
-28
-36
-41
-43
-45
-50
-56
-58
-60
-63
-65
-66
-63
-61
-58
-53
-46
-36
-27
-20
-12
-5
0
3
10
17
23
25
24
26
28
31
30
28
26
23
20
18
16
10
3
-2
-4
-8
-16
-24
-28
-29
-35
-43
-52
-53
-50
-49
-47
-46
-45
-42
-39
-34
-30
-26
-21
-14
-13
-12
-6
3
11
14
16
21
30
36
40
47
54
58
58
60
59
60
59
59
58
54
49
43
39
36
34
30
22
17
12
9
8
7
1
-5
-8
-9
-12
-17
-20
-25
-26
-28
-29
-26
-26
-25
-26
-23
-22
-21
-22
-23
-22
-19
-19
-20
-20
-19
-19
-18
-13
-11
-13
-14
-11
-3
-2
-7
-8
-4
4
3
0
7
10
11
12
4
0
3
1
6
7
0
5
9
6
8
2
1
6
2
0
0
-3
-3
-2
-1
2
2
2
1
5
11
13
12
14
18
22
24
23
24
25
25
26
26
26
25
27
26
23
22
21
23
25
24
17
12
12
8
7
5
1
-5
-11
-14
-17
-21
-20
-20
-26
-30
-34
-36
-35
-36
-39
-39
-41
-44
-43
-45
-42
-41
-41
-40
-36
-31
-27
-24
-19
-17
-13
-8
-1
-2
-2
1
8
13
15
12
12
14
15
14
15
19
20
19
17
17
17
16
13
13
11
9
7
6
4
4
5
4
6
8
8
10
12
11
13
14
14
16
18
18
18
19
17
18
18
18
18
21
21
23
22
21
19
18
14
12
9
9
8
8
4
0
-2
-3
-4
-5
-6
-9
-9
-12
-13
-13
-16
-19
-20
-22
-23
-22
-25
-26
-31
-37
-33
-33
-33
-34
-38
-31
-35
-37
-32
-30
-20
-21
-22
-18
-20
-13
-10
-6
2
1
4
6
8
14
15
17
21
21
23
24
26
28
27
28
27
24
26
22
25
23
20
21
21
24
21
18
15
15
16
15
14
13
10
7
6
4
5
5
2
0
-1
-1
-1
-1
1
0
0
0
-2
-3
-3
-4
-3
-4
-4
-5
-5
-7
-6
-5
-6
-10
-13
-14
-14
-15
-15
-16
-16
-13
-17
-21
-16
-14
-14
-13
-18
-20
-18
-24
-25
-24
-23
-21
-18
-18
-15
-13
-11
-12
-9
-8
-7
-6
-4
-4
-4
-1
1
4
5
7
9
11
12
13
15
16
18
18
17
17
17
16
16
18
19
17
18
19
19
22
27
24
20
26
30
27
24
26
28
28
28
24
24
25
25
26
25
18
17
14
12
12
9
5
1
-2
-4
-3
-6
-11
-17
-20
-21
-27
-28
-33
-34
-35
-38
-38
-46
-43
-38
-41
-36
-41
-42
-39
-35
-31
-29
-28
-28
-25
-24
-23
-19
-15
-11
-7
-4
-4
-2
-1
3
8
8
9
11
12
12
9
12
12
15
13
15
16
17
15
17
22
23
25
24
23
24
23
21
21
19
18
17
17
18
18
17
16
17
16
16
15
15
14
13
13
12
13
11
8
10
7
8
7
8
7
4
6
6
2
1
4
2
-2
-2
-2
-8
-12
-12
-16
-25
-25
-24
-29
-31
-34
-38
-41
-42
-39
-39
-40
-42
-44
-45
-41
-42
-43
-42
-38
-36
-30
-25
-22
-16
-11
-10
-5
-3
-2
6
8
13
17
21
24
26
26
28
30
30
34
32
30
33
33
33
38
35
32
37
37
37
35
28
27
25
24
24
25
23
19
15
14
15
16
16
15
12
12
10
11
11
9
6
6
4
3
1
-2
-1
0
-2
-2
-1
-3
-5
-10
-11
-8
-7
-14
-19
-23
-23
-27
-32
-34
-34
-34
-35
-38
-41
-44
-45
-45
-44
-43
-46
-48
-48
-47
-44
-41
-40
-42
-41
-40
-38
-33
-28
-24
-20
-13
-10
-3
4
6
10
16
20
24
30
28
29
35
38
44
49
45
47
52
51
51
55
49
48
51
47
47
37
37
36
33
37
29
25
21
18
17
13
11
9
7
7
6
3
1
0
-2
-4
-6
-8
-11
-12
-13
-14
-15
-16
-18
-19
-19
-21
-23
-23
-22
-23
-23
-21
-20
-22
-26
-25
-20
-18
-19
-23
-22
-21
-20
-22
-24
-21
-19
-17
-17
-18
-17
-15
-11
-11
-11
-12
-11
-11
-8
-8
-7
-5
-5
-4
-5
0
2
5
9
10
15
17
19
23
25
29
32
33
36
37
37
38
41
40
36
39
43
37
34
35
34
28
27
25
18
16
15
11
7
4
2
-2
-6
-8
-10
-11
-11
-12
-12
-12
-13
-14
-15
-17
-18
-19
-20
-22
-23
-23
-24
-24
-24
-24
-23
-23
-23
-23
-24
-22
-20
-19
-18
-20
-21
-21
-21
-16
-13
-13
-9
-9
-9
-4
-6
-6
-1
1
4
7
2
3
9
9
7
6
6
9
9
8
6
9
10
9
8
9
10
12
13
13
15
16
18
18
18
20
21
23
25
26
27
27
27
26
25
23
23
22
20
18
14
12
10
7
5
3
0
-5
-8
-11
-15
-17
-19
-18
-19
-21
-24
-24
-22
-22
-25
-24
-21
-20
-22
-25
-25
-23
-23
-23
-23
-21
-20
-18
-18
-16
-15
-13
-11
-10
-9
-7
-5
-2
0
1
2
1
3
5
7
12
15
15
19
21
21
24
21
19
25
21
19
21
18
18
20
17
18
19
16
15
13
11
7
7
9
8
6
6
7
9
9
6
5
4
2
1
-1
-1
-1
-3
-2
-3
-6
-5
-5
-6
-7
-9
-11
-13
-15
-17
-19
-19
-18
-18
-17
-17
-19
-19
-18
-15
-14
-14
-14
-15
-13
-10
-8
-6
-5
-7
-8
-6
-4
-2
0
-3
-5
-6
-6
-4
0
2
2
1
0
0
2
3
5
5
5
9
12
13
15
15
15
16
17
19
21
24
25
23
23
22
21
21
21
16
18
22
19
13
11
11
9
7
4
3
5
6
3
-1
-2
-3
-6
-8
-10
-10
-10
-10
-11
-13
-13
-15
-16
-17
-18
-18
-19
-16
-17
-20
-20
-23
-27
-22
-23
-22
-16
-17
-19
-16
-18
-19
-14
-12
-8
-4
-2
-2
1
3
3
6
8
10
13
14
11
11
12
14
15
15
15
14
15
13
14
13
13
12
13
11
9
9
6
5
9
9
6
8
10
8
6
9
9
8
11
10
5
5
10
11
6
4
5
5
5
1
0
1
0
-3
-4
-4
-4
-5
-5
-6
-8
-11
-11
-9
-8
-8
-11
-13
-14
-13
-12
-12
-13
-14
-15
-13
-12
-11
-10
-10
-9
-10
-9
-9
-9
-9
-9
-8
-8
-7
-5
-3
-1
0
3
5
6
8
9
10
12
13
15
16
18
18
18
18
18
17
17
18
18
17
16
15
14
11
8
7
10
10
6
4
1
0
4
4
-1
1
-3
-5
1
-3
-4
-1
-5
-6
-3
-3
-4
-6
-7
-5
-4
-2
-4
-7
-6
-3
-2
-3
-5
-6
-7
-9
-9
-8
-7
-9
-10
-9
-8
-9
-9
-5
-4
-6
-7
-5
-6
-8
-7
-6
-7
-9
-7
-6
-5
-5
-4
-3
-4
-3
-3
-3
-2
-1
-1
1
3
3
4
5
7
5
7
10
10
9
10
12
10
13
16
15
18
19
19
20
20
19
20
19
22
17
11
11
10
10
5
3
4
1
-1
-6
-5
-4
-7
-11
-14
-15
-17
-17
-16
-15
-16
-16
-16
-17
-17
-17
-17
-15
-11
-8
-7
-7
-7
-10
-10
-7
-9
-11
-6
0
-4
-6
-2
1
2
0
1
1
3
6
7
10
8
9
9
10
11
9
9
7
7
11
11
8
3
5
5
6
4
0
-3
1
2
-3
-5
0
0
-4
-3
-1
-2
-2
3
3
3
3
2
1
1
3
3
5
5
5
5
5
4
2
1
2
0
-1
3
0
-3
1
0
-5
-1
-3
-5
-3
-6
-6
-5
-11
-10
-11
-12
-11
-11
-11
-11
-12
-14
-11
-9
-11
-11
-5
0
-2
-4
-3
-2
0
3
5
6
10
9
11
11
10
9
10
15
15
13
12
14
15
10
9
11
14
15
12
11
8
9
8
7
7
7
7
7
7
5
4
1
0
-3
-6
-7
-7
-7
-6
-9
-14
-15
-12
-9
-9
-10
-10
-8
-5
-6
-8
-3
-1
-5
-3
-6
0
6
2
-2
0
-1
0
0
-2
-3
-2
-5
-7
-7
-5
-8
-8
-7
-3
-3
0
-2
-5
-9
-10
-8
-3
1
2
2
-1
-6
-3
-2
-2
3
2
0
5
2
1
6
3
2
7
7
8
15
13
14
12
9
9
10
12
13
16
18
17
12
10
8
7
8
7
8
9
8
5
0
-4
-5
-5
-3
-4
-3
-4
-7
-8
-8
-9
-9
-10
-12
-13
-13
-16
-16
-16
-12
-13
-15
-13
-10
-12
-11
-6
-5
-11
-10
-9
-10
-10
-4
-3
-2
1
2
2
1
1
1
3
5
5
6
6
6
6
3
7
9
11
12
13
11
10
6
6
10
5
6
12
7
6
7
5
6
6
5
4
2
4
3
4
6
6
4
7
8
5
3
7
6
3
3
5
1
0
2
-1
-2
-3
-2
-1
0
0
-2
-4
-5
-5
-1
-1
-4
-5
-7
-8
-8
-8
-8
-10
-8
-8
-8
-8
-9
-8
-10
-10
-12
-11
-12
-10
-9
-8
-8
-6
-7
-4
-4
-3
1
1
2
0
-1
-3
-3
-2
-2
-2
0
2
4
7
4
2
4
9
11
11
9
5
5
9
8
3
8
11
5
1
5
6
4
4
6
7
9
9
9
6
4
5
6
4
1
-1
0
-1
-3
-2
1
2
-1
-4
-5
-3
-5
-4
-6
-5
-6
-6
-7
-8
-9
-8
-6
-4
-3
-3
-4
-4
-5
-4
-4
-3
-3
-3
-4
-4
-3
-4
-4
-2
-1
-1
-2
-3
-1
0
-1
1
3
3
6
6
6
5
4
4
5
5
4
2
3
5
