6
3
0
2
4
1
-1
0
-1
-2
-1
0
-1
-3
-2
-1
-2
0
2
4
3
5
5
5
4
5
5
4
1
0
-3
-5
-7
-8
-6
-5
-6
-2
2
-1
-1
3
5
2
5
8
7
5
6
4
1
-1
-2
-4
-4
-4
-4
-4
-5
-5
-5
-3
0
3
6
8
10
11
12
10
6
2
-1
-3
-4
-8
-9
-6
-4
-4
-5
-2
1
3
8
6
6
9
4
1
3
-1
-3
-1
-6
-6
-4
-5
-3
-2
-2
1
3
4
2
1
2
1
-1
-4
-4
-3
-3
-3
-2
-2
-1
1
5
6
4
2
0
0
1
0
-1
-4
-9
-8
-9
-9
-4
-5
-7
1
5
8
10
8
11
12
5
1
3
1
0
-2
-6
-6
-5
-5
-4
-2
0
-1
2
4
4
3
5
5
5
3
2
1
-3
-5
-5
-5
-5
-5
-3
-1
0
0
-1
0
2
4
4
4
4
2
2
3
2
-1
-3
-4
-5
-4
-3
-4
-1
-1
-2
-2
-2
1
0
0
0
0
1
0
3
3
2
1
1
3
2
1
0
-2
-1
1
1
1
1
1
2
1
0
-1
-1
1
2
4
1
0
1
0
0
0
0
-1
-1
-1
-2
-3
-2
1
2
3
1
0
0
-1
-3
-3
-4
-4
-1
-1
-1
-1
-1
2
3
3
2
0
-1
1
1
-2
-3
-5
-5
-4
-4
-4
-1
-1
-3
1
4
1
-1
4
6
0
0
2
-3
-3
-3
-2
-1
-2
-3
-4
2
-2
0
6
5
3
4
9
5
2
2
-1
-5
-4
-3
-4
-4
-4
-3
0
2
4
5
4
5
5
4
5
5
5
4
2
1
-1
-3
-2
-2
-3
2
-1
-3
0
-1
-1
4
3
3
6
0
0
-1
-4
-3
-1
-3
-3
-4
-6
-6
-5
-4
-5
-4
-3
-3
0
0
-1
3
4
0
2
0
-3
-5
0
1
-2
-2
0
-1
-1
0
2
3
4
2
4
4
-3
-4
0
1
-3
-2
1
2
0
3
3
1
5
2
1
1
-4
0
-5
-4
-2
-4
1
-3
0
2
0
3
5
9
7
4
5
6
2
-4
-6
-7
-6
-8
-7
-4
-3
-3
1
3
4
3
5
8
9
4
3
5
6
1
-1
-1
-3
-4
-4
-4
-6
-4
-3
-1
1
5
4
3
4
5
1
0
0
2
4
4
1
3
3
3
2
0
-1
-1
-4
-4
-4
-6
-4
-4
-4
2
0
-4
5
5
6
8
5
9
11
4
-1
0
-2
-3
-4
-5
-4
-2
-1
0
3
6
8
7
9
6
5
2
-1
-4
-6
-6
-4
-1
0
0
-1
0
2
6
7
7
5
3
1
1
-2
-5
-7
-9
-10
-8
-6
-2
2
7
8
9
9
10
8
6
3
1
-4
-7
-9
-11
-12
-11
-7
-3
-1
1
5
11
13
11
10
11
8
3
-2
-6
-8
-10
-15
-13
-10
-4
2
5
7
9
12
15
14
10
4
1
-4
-5
-9
-10
-12
-13
-11
-8
-3
3
8
13
15
15
13
11
8
4
-1
-7
-12
-15
-15
-14
-11
-8
-4
0
5
11
13
12
14
13
11
5
0
-4
-7
-10
-12
-13
-10
-7
-3
2
6
10
12
14
14
11
8
3
-2
-8
-12
-14
-14
-14
-11
-8
-2
1
6
6
10
11
9
9
6
3
-1
-6
-9
-12
-13
-11
-9
-4
2
5
9
11
13
15
12
7
3
-1
-4
-4
-5
-9
-12
-11
-8
-4
1
5
8
9
12
12
11
9
6
3
-2
-6
-9
-11
-11
-9
-6
-3
0
4
7
8
9
9
8
6
3
0
-2
-6
-8
-7
-7
-8
-6
-1
1
4
11
12
10
11
9
3
-3
-7
-10
-14
-14
-14
-13
-11
-7
-3
2
5
7
10
12
12
10
5
-1
-7
-8
-8
-8
-10
-10
-10
-4
0
5
8
11
12
13
12
9
5
-1
-5
-4
-4
-6
-10
-11
-8
-4
2
4
7
11
10
8
7
7
4
0
-4
-6
-3
-4
-6
-7
-3
3
6
8
11
13
15
16
13
7
3
1
-1
-5
-9
-8
-4
-3
-5
-4
1
3
4
2
6
9
4
0
-2
-3
-4
-9
-9
-8
-7
-6
-5
-3
-1
0
0
1
2
4
3
-3
-4
-2
1
-1
-4
-6
-1
0
0
0
4
5
3
1
0
1
0
-1
-1
1
2
4
7
7
9
8
6
6
5
2
0
-3
-3
-4
-5
-4
-3
-1
3
4
8
9
11
11
9
7
4
0
-2
-5
-8
-9
-8
-9
-7
-4
-1
2
5
10
12
14
14
11
9
6
-1
-5
-10
-13
-12
-10
-8
-2
1
3
9
13
14
18
15
10
4
-1
-4
-9
-13
-15
-15
-14
-11
-10
-5
3
6
9
10
13
15
13
9
6
1
-8
-15
-18
-15
-14
-15
-11
-10
-1
4
5
12
10
10
12
6
3
2
-6
-9
-6
-8
-9
-9
-10
-4
-1
2
6
10
10
8
8
9
9
5
0
-4
-5
-8
-10
-10
-7
-5
-3
0
2
4
5
8
7
7
5
3
1
-3
-4
-5
-6
-6
-5
-2
-1
1
4
5
7
9
8
6
6
2
0
0
1
-4
-4
-2
-4
-6
0
3
2
6
10
8
6
8
6
3
1
1
-3
-6
-6
-6
-6
-5
-7
-3
0
0
3
3
6
6
5
4
3
4
0
-3
-2
-5
-3
-4
-5
-2
0
0
0
-1
1
1
1
3
4
4
2
2
0
-2
-4
-6
-6
-6
-6
-5
-3
0
0
2
4
7
9
11
10
9
8
6
3
0
-5
-8
-11
-11
-10
-8
-5
-1
2
5
7
10
11
12
11
7
2
-3
-5
-6
-7
-9
-11
-10
-7
-2
3
5
9
11
12
13
12
8
5
4
2
1
-2
-5
-10
-9
-8
-3
1
4
7
6
8
10
10
7
4
4
1
-2
-5
-7
-7
-7
-8
-8
-6
-3
3
7
10
11
9
8
5
3
-2
-3
-6
-7
-9
-10
-10
-7
-3
0
4
5
8
8
8
7
5
2
1
-2
-4
-7
-7
-8
-7
-7
-5
-2
4
7
10
9
6
5
3
2
1
-4
-7
-10
-10
-8
-6
-4
-2
0
2
5
6
7
8
6
5
3
1
-2
-3
-5
-6
-6
-6
-5
-3
-2
-1
1
3
5
5
6
4
3
1
-1
-4
-5
-6
-5
-4
-2
1
4
4
5
4
4
5
4
4
4
3
2
-1
-3
-5
-7
-6
-6
-3
1
3
4
7
9
7
7
8
7
3
3
1
-2
-3
-5
-4
-5
-3
-1
1
2
1
3
5
4
5
4
-3
-4
-5
-4
-1
-4
-7
-6
-6
-6
-5
-3
0
3
4
2
1
-1
0
1
3
4
2
1
-1
-1
-3
-4
0
2
-1
-3
-4
-2
-4
-4
-1
2
5
5
3
5
6
5
4
2
4
3
-2
1
-6
-3
-2
-3
2
-1
2
5
5
8
6
4
2
0
-1
-2
-5
-6
-6
-5
-4
-5
-3
3
4
4
4
7
10
6
3
2
1
-3
-5
-7
-8
-7
-7
-6
-4
-1
1
2
3
3
2
3
3
0
-2
-4
-6
-5
-7
-6
-6
-3
-4
-1
0
0
0
2
4
4
4
4
4
3
0
-4
-8
-10
-9
-6
-2
0
0
0
3
4
5
5
5
6
3
1
1
2
2
0
0
1
1
-2
-4
-4
-2
0
2
3
4
4
3
1
3
0
-2
-3
-2
0
0
-2
0
5
10
10
8
8
6
4
0
-2
-2
-2
-3
-7
-9
-9
-9
-5
-3
-3
-3
-1
2
3
4
2
3
3
3
3
4
6
9
10
9
6
4
2
2
2
2
0
0
-1
-3
-6
-6
-6
-2
0
3
4
4
5
7
5
4
2
0
-4
-5
-10
-13
-14
-11
-7
-1
0
2
3
3
4
4
4
3
2
1
0
-1
1
5
10
14
14
10
5
-2
-7
-11
-11
-10
-8
-9
-12
-15
-18
-16
-12
-4
-1
0
-4
-10
-10
-8
0
9
16
19
19
14
10
5
0
-2
-2
-4
-4
-6
-7
-8
-8
-9
-8
-2
2
6
5
3
1
1
1
3
4
3
3
5
4
2
0
-3
-1
0
4
6
5
2
-3
-7
-6
-4
-3
-1
2
5
9
11
11
12
16
22
28
29
25
18
11
8
8
9
10
11
10
10
9
9
10
9
6
1
-6
-9
-12
-11
-13
-15
-17
-18
-17
-15
-8
-2
10
20
28
30
24
15
4
-5
-15
-21
-25
-26
-22
-17
-12
-7
-3
1
4
7
10
13
14
15
12
8
1
-7
-16
-26
-34
-40
-43
-42
-38
-28
-14
-1
12
23
31
36
37
34
30
24
14
0
-19
-33
-37
-29
-19
-18
-29
-40
-45
-27
-5
16
17
18
8
-24
-35
-49
-29
25
92
177
222
191
46
-104
-262
-454
-534
-577
-591
-650
-885
-1086
-1255
-1408
-1157
-543
244
1181
1892
2160
1949
1443
995
722
718
945
1228
1334
1139
743
233
-331
-717
-733
-535
-304
-185
-231
-454
-720
-821
-796
-703
-660
-574
-459
-437
-345
-308
-324
-273
-206
-105
-42
-61
-74
-27
98
295
441
452
293
-37
-324
-357
-151
148
478
728
686
384
124
-21
-166
-213
-45
209
325
326
334
264
119
57
157
210
61
-94
-141
-158
-232
-314
-333
-499
-748
-769
-700
-725
-720
-594
-460
-428
-365
-227
-164
-140
26
222
323
434
516
501
410
305
288
288
256
309
338
290
301
310
350
443
440
431
428
372
288
138
55
19
-37
10
81
64
25
44
97
161
229
255
261
231
141
-9
-133
-132
-128
-41
190
411
624
752
789
824
773
598
400
191
-21
-108
-53
84
221
291
307
324
271
119
-12
-183
-425
-663
-783
-776
-810
-858
-864
-848
-831
-812
-769
-821
-1006
-1186
-1344
-1514
-1619
-1707
-1788
-1787
-1731
-1626
-1483
-1388
-1329
-1260
-1233
-1202
-1152
-1145
-1108
-994
-827
-605
-326
-72
192
506
783
1067
1291
1432
1546
1615
1694
1750
1793
1846
1887
1968
2131
2332
2488
2593
2616
2527
2342
2145
1955
1782
1672
1637
1622
1588
1562
1524
1515
1530
1515
1451
1275
1052
801
585
492
428
376
330
302
297
294
275
202
11
-274
-534
-814
-1130
-1421
-1778
-2203
-2623
-3042
-3406
-3700
-3930
-4082
-4173
-4215
-4264
-4359
-4386
-4320
-4195
-3996
-3829
-3629
-3354
-3094
-2706
-2174
-1604
-1068
-559
-12
505
1000
1478
1883
2238
2511
2678
2844
3008
3141
3207
3196
3185
3121
3006
2869
2648
2353
1977
1564
1124
647
226
-113
-403
-665
-885
-1064
-1246
-1385
-1386
-1310
-1203
-1049
-895
-700
-434
-146
205
581
912
1260
1634
2052
2549
2993
3332
3659
3948
4079
4073
4058
4058
3986
3844
3664
3423
3131
2837
2540
2214
1866
1494
1101
710
349
-9
-434
-895
-1356
-1821
-2213
-2521
-2784
-3028
-3401
-3949
-4527
-5090
-5614
-6004
-6240
-6325
-6327
-6337
-6318
-6175
-5852
-5358
-4821
-4346
-3907
-3469
-3066
-2673
-2163
-1519
-884
-339
172
747
1428
2092
2594
2997
3380
3608
3595
3555
3637
3650
3449
3171
2954
2762
2552
2370
2217
2019
1716
1318
858
388
-19
-419
-921
-1475
-1939
-2283
-2524
-2539
-2222
-1757
-1366
-1003
-561
15
674
1312
1925
2453
2750
2924
3131
3406
3785
4225
4639
4993
5275
5509
5691
5783
5780
5637
5335
4916
4422
3847
3184
2515
1927
1419
993
604
235
-133
-604
-1189
-1815
-2441
-3014
-3646
-4429
-5247
-6130
-7091
-7907
-8425
-8573
-8449
-8300
-8155
-7949
-7647
-7191
-6678
-6223
-5781
-5306
-4796
-4274
-3706
-2971
-2083
-1221
-421
476
1529
2556
3400
4140
4799
5208
5294
5188
5055
4970
4810
4489
4123
3755
3370
2982
2571
2214
1870
1343
707
136
-387
-851
-1298
-1773
-2127
-2366
-2593
-2644
-2448
-2112
-1649
-1149
-669
-82
533
1064
1629
2197
2671
3105
3517
3895
4302
4742
5142
5476
5753
5974
6152
6225
6151
5987
5651
5132
4589
4003
3344
2719
2099
1472
853
205
-427
-1018
-1629
-2260
-2956
-3760
-4657
-5687
-6783
-7728
-8473
-9055
-9432
-9657
-9784
-9724
-9448
-9021
-8413
-7690
-7014
-6343
-5599
-4902
-4281
-3586
-2777
-1983
-1290
-618
180
1159
2191
3128
4010
4820
5443
5853
5999
5974
5920
5658
5166
4668
4173
3725
3323
2780
2249
1896
1528
1111
787
535
242
-168
-658
-1103
-1429
-1629
-1687
-1586
-1346
-1009
-617
-194
338
1009
1678
2275
2826
3304
3737
4131
4424
4678
4927
5094
5270
5493
5604
5640
5713
5752
5687
5439
5016
4564
4023
3267
2391
1493
593
-302
-1265
-2308
-3364
-4469
-5645
-6736
-7682
-8538
-9252
-9847
-10401
-10815
-11000
-10916
-10519
-9987
-9455
-8824
-8118
-7390
-6506
-5507
-4502
-3496
-2599
-1759
-765
243
1139
2032
2935
3821
4555
5054
5513
5941
6176
6194
6005
5761
5515
5113
4612
4127
3611
3075
2502
1908
1407
1020
646
192
-292
-652
-892
-1114
-1268
-1271
-1175
-1057
-913
-685
-365
3
438
889
1331
1883
2495
3058
3627
4160
4629
5039
5345
5604
5791
5830
5838
5785
5582
5316
5033
4769
4385
3760
3123
2529
1810
1044
262
-629
-1678
-2881
-4109
-5298
-6419
-7374
-8154
-8804
-9357
-9838
-10141
-10198
-10050
-9718
-9302
-8866
-8306
-7667
-7020
-6264
-5477
-4753
-4009
-3287
-2512
-1533
-481
531
1472
2303
3129
3862
4397
4875
5299
5571
5590
5398
5250
5170
4869
4406
3967
3536
3097
2550
2022
1570
1231
829
221
-213
-554
-804
-1015
-1239
-1244
-1184
-1060
-887
-620
-204
218
637
1086
1620
2226
2826
3355
3821
4250
4629
4959
5216
5398
5497
5532
5512
5399
5210
5013
4830
4566
4112
3533
2984
2451
1849
1174
513
-190
-1138
-2301
-3485
-4608
-5624
-6628
-7602
-8324
-8896
-9409
-9686
-9715
-9493
-9086
-8719
-8321
-7776
-7193
-6583
-5950
-5311
-4653
-4011
-3399
-2733
-1870
-935
-147
609
1499
2370
3080
3621
4128
4676
4951
5013
4937
4802
4833
4580
4118
3762
3375
3002
2502
1971
1590
1236
821
286
-75
-285
-587
-833
-1109
-1199
-1069
-1139
-1113
-896
-586
-203
83
462
1012
1659
2196
2648
3213
3704
4201
4554
4801
5223
5430
5518
5633
5646
5607
5419
5239
4959
4517
4054
3503
2991
2390
1730
1098
328
-531
-1524
-2604
-3706
-4824
-5843
-6816
-7586
-8174
-8833
-9228
-9445
-9453
-9121
-8918
-8545
-8015
-7525
-6959
-6376
-5685
-5026
-4298
-3705
-3144
-2304
-1479
-643
73
828
1764
2496
3041
3537
4086
4534
4670
4678
4619
4604
4498
3984
3539
3150
2660
2246
1622
1142
944
705
333
12
6
-78
-218
-370
-430
-133
-67
-109
89
270
470
646
903
1344
1799
2276
2728
3245
3802
4262
4772
5082
5328
5657
5715
5712
5675
5531
5294
4925
4567
4160
3720
3229
2755
2312
1671
1133
539
-318
-1174
-2194
-3324
-4403
-5400
-6388
-7352
-8017
-8620
-9130
-9420
-9541
-9234
-8807
-8455
-7957
-7379
-6734
-6109
-5482
-4770
-4135
-3518
-3010
-2445
-1710
-1057
-307
276
874
1732
2345
2927
3513
4000
4331
4402
4441
4387
4320
4000
3418
3049
2532
1951
1420
835
456
119
-208
-565
-731
-645
-750
-854
-898
-814
-581
-540
-402
-32
285
630
980
1397
1949
2475
2970
3428
4028
4562
5028
5533
5807
6125
6262
6225
6193
6034
5837
5509
5174
4718
4227
3701
3082
2590
1903
1240
695
0
-747
-1637
-2565
-3589
-4677
-5673
-6710
-7557
-8285
-8984
-9558
-9961
-9983
-9802
-9490
-9065
-8505
-7746
-6929
-6131
-5320
-4495
-3706
-3029
-2542
-1906
-1159
-424
222
742
1545
2315
2931
3514
4144
4718
5002
5183
5087
5034
4969
4490
3992
3403
2815
2307
1679
1153
765
378
-52
-448
-617
-754
-930
-1071
-1129
-985
-1000
-980
-677
-447
-192
83
441
963
1469
1970
2435
2955
3476
4024
4605
5012
5547
6016
6183
6359
6444
6438
6300
6031
5657
5118
4585
3943
3313
2668
1871
1268
619
-226
-1030
-1942
-2946
-4002
-5067
-6107
-7108
-7893
-8663
-9384
-9870
-10185
-10136
-9988
-9803
-9283
-8695
-7955
-7096
-6312
-5457
-4625
-3807
-3106
-2488
-1631
-818
-184
396
1028
1829
2446
3002
3639
4189
4728
4986
5189
5409
5436
5310
4860
4461
4049
3417
2748
2024
1455
822
57
-543
-1016
-1327
-1644
-1968
-2004
-1882
-1684
-1493
-1264
-804
-391
4
419
881
1474
1929
2379
2838
3293
3821
4258
4775
5266
5685
6131
6411
6653
6800
6856
6760
6482
6210
5712
5203
4586
3866
3140
2220
1410
573
-287
-1189
-2165
-3149
-4272
-5281
-6257
-7160
-7935
-8710
-9406
-9964
-10303
-10390
-10283
-10136
-9811
-9244
-8635
-7979
-7189
-6305
-5406
-4605
-3872
-3004
-2007
-1087
-313
379
1150
1967
2597
3102
3664
4256
4652
4811
4910
5085
5240
5106
4805
4459
4151
3752
3067
2466
1919
1392
769
88
-361
-736
-1017
-1291
-1520
-1589
-1546
-1431
-1293
-1073
-717
-388
-165
290
791
1209
1586
2032
2662
3152
3664
4175
4781
5317
5659
6078
6335
6619
6768
6686
6530
6304
6042
5536
4981
4364
3660
2903
2031
1232
500
-331
-1253
-2235
-3308
-4280
-5193
-6089
-6963
-7797
-8461
-9168
-9701
-9908
-9977
-9862
-9780
-9502
-8948
-8349
-7587
-6859
-5976
-5095
-4377
-3482
-2611
-1642
-768
-110
547
1143
1872
2497
2870
3318
3747
4025
4209
4324
4679
4965
4814
4569
4277
4058
3721
3221
2690
2117
1622
824
97
-309
-698
-959
-1351
-1616
-1459
-1263
-1085
-860
-534
-178
114
464
828
1299
1812
2121
2485
2904
3459
4030
4357
4845
5330
5629
5937
6248
6476
6533
6527
6358
6110
5846
5425
4907
4211
3390
2608
1735
707
-330
-1450
-2671
-3836
-4973
-6006
-6856
-7662
-8421
-9062
-9530
-9758
-9762
-9690
-9539
-9253
-8897
-8409
-7845
-7202
-6488
-5828
-5056
-4298
-3510
-2509
-1587
-744
-31
742
1648
2277
2867
3412
3884
4258
4377
4603
4796
4914
4887
4548
4340
4061
3626
3119
2497
1983
1346
709
148
-317
-624
-1038
-1324
-1519
-1519
-1346
-1300
-1148
-882
-566
-278
89
562
1017
1482
1896
2345
2877
3414
3964
4494
4924
5351
5802
6123
6372
6560
6617
6614
6517
6266
5972
5645
5149
4488
3726
2941
2195
1399
450
-591
-1656
-2727
-3759
-4785
-5801
-6680
-7461
-8255
-8983
-9503
-9748
-9809
-9894
-9908
-9665
-9236
-8707
-8097
-7376
-6571
-5751
-4979
-4136
-3169
-2189
-1314
-583
204
977
1765
2427
2939
3510
3947
4310
4493
4790
5153
5191
5047
4759
4636
4361
3860
3352
2746
2167
1465
741
130
-355
-808
-1316
-1752
-1988
-1943
-1859
-1835
-1643
-1262
-877
-544
-55
553
1047
1413
1814
2341
2869
3341
3787
4237
4675
5086
5534
5877
6266
6584
6659
6687
6612
6543
6341
5928
5406
4817
4120
3308
2532
1700
797
-264
-1362
-2436
-3511
-4471
-5490
-6432
-7290
-8095
-8738
-9238
-9539
-9675
-9728
-9739
-9532
-9121
-8610
-8033
-7413
-6718
-5995
-5256
-4573
-3758
-2783
-1962
-1261
-591
123
897
1529
2060
2609
3107
3515
3826
4127
4408
4596
4660
4468
4327
4197
3867
3495
3020
2563
2022
1423
892
398
22
-399
-745
-990
-1102
-1030
-1044
-961
-706
-442
-172
168
616
1061
1450
1865
2346
2867
3301
3717
4198
4622
5014
5438
5807
6079
6264
6305
6273
6250
6118
5849
5509
5065
4536
3940
3280
2629
1925
1037
27
-1016
-2040
-3045
-4072
-5083
-6016
-6871
-7690
-8440
-8981
-9292
-9494
-9628
-9689
-9554
-9186
-8743
-8203
-7546
-6851
-6117
-5394
-4709
-3866
-2937
-2154
-1505
-901
-148
604
1184
1682
2159
2724
3143
3431
3782
4089
4421
4432
4226
4177
3990
3757
3363
2883
2483
1943
1427
830
344
-12
-465
-741
-979
-1055
-987
-1041
-869
-548
-275
59
449
925
1379
1755
2145
2588
3073
3500
3905
4273
4661
5076
5413
5754
6026
6315
6479
6448
6434
6292
6121
5779
5259
4736
4050
3342
2602
1763
785
-302
-1420
-2553
-3587
-4594
-5611
-6548
-7395
-8176
-8866
-9386
-9655
-9746
-9837
-9832
-9600
-9182
-8621
-8027
-7427
-6699
-5889
-5192
-4521
-3685
-2780
-2001
-1375
-724
100
850
1410
1980
2556
3140
3542
3860
4238
4451
4590
4484
4347
4342
4079
3719
3215
2700
2269
1688
1141
620
186
-204
-690
-989
-1125
-1138
-1103
-1096
-870
-546
-241
121
570
1052
1455
1841
2227
2697
3176
3567
4023
4420
4821
5280
5642
6004
6304
6491
6581
6605
6544
6343
6084
5646
5095
4520
3787
3122
2438
1607
670
-393
-1434
-2445
-3437
-4492
-5526
-6395
-7258
-8090
-8788
-9288
-9554
-9711
-9867
-9888
-9629
-9243
-8784
-8241
-7637
-6904
-6135
-5397
-4581
-3662
-2810
-2058
-1350
-690
62
718
1221
1704
2121
2546
2883
3223
3535
3796
4023
3999
4037
4093
3959
3750
3361
2980
2525
2010
1519
977
560
41
-353
-569
-789
-765
-825
-734
-434
-203
144
457
903
1366
1679
2073
2491
3000
3408
3708
4147
4524
4931
5289
5579
5928
6133
6325
6415
6437
6456
6255
6030
5653
5203
4705
3942
3262
2544
1659
650
-494
-1561
-2631
-3735
-4810
-5836
-6697
-7512
-8294
-8867
-9276
-9517
-9661
-9776
-9670
-9357
-8952
-8479
-7951
-7304
-6610
-5890
-5159
-4371
-3512
-2792
-2123
-1457
-808
-105
488
1030
1530
2020
2530
2861
3214
3549
3794
3960
3861
3879
3887
3656
3389
2991
2642
2156
1579
1128
592
170
-245
-643
-826
-944
-904
-866
-792
-495
-175
121
445
898
1341
1716
2157
2608
3100
3522
3883
4304
4693
5061
5373
5673
5956
6141
6281
6337
6362
6355
6203
5920
5526
5095
4552
3820
3060
2339
1533
548
-498
-1530
-2540
-3546
-4582
-5530
-6387
-7211
-7988
-8651
-9077
-9353
-9515
-9604
-9574
-9300
-8932
-8497
-7974
-7367
-6669
-6015
-5366
-4645
-3851
-3056
-2401
-1766
-1073
-369
271
775
1291
1787
2217
2596
2904
3284
3562
3686
3737
3717
3777
3663
3365
3056
2706
2325
1790
1298
890
456
78
-327
-542
-635
-707
-638
-567
-327
-19
337
768
1211
1723
2108
2520
2972
3411
3806
4104
4478
4878
5220
5504
5819
6098
6307
6426
6426
6401
6343
6218
5874
5458
5000
4455
3825
3059
2353
1613
725
-308
-1358
-2329
-3367
-4411
-5432
-6335
-7144
-7947
-8590
-9094
-9435
-9585
-9686
-9685
-9491
-9103
-8678
-8236
-7644
-6979
-6290
-5625
-4957
-4179
-3378
-2652
-2008
-1346
-625
58
622
1099
1635
2156
2602
2950
3242
3603
3839
3916
3886
3843
3806
3562
3194
2777
2355
1886
1342
872
400
9
-318
-653
-800
-817
-736
-626
-458
-106
273
659
1067
1534
2020
2411
2828
3269
3729
4108
4430
4801
5135
5431
5691
5926
6149
6256
6299
6326
6284
6208
6002
5700
5327
4850
4324
3642
2902
2147
1259
297
-740
-1807
-2879
-3962
-5061
-6068
-6981
-7842
-8592
-9242
-9667
-9910
-10039
-10020
-9864
-9490
-9047
-8589
-8010
-7319
-6610
-5947
-5268
-4537
-3752
-3004
-2335
-1684
-1005
-291
351
874
1453
2040
2527
2955
3280
3677
3978
4113
4177
4102
4154
3996
3598
3244
2810
2418
1869
1314
885
423
37
-386
-601
-675
-765
-676
-602
-336
60
395
813
1234
1775
2217
2569
3033
3485
3906
4208
4549
4945
5259
5557
5804
6057
6236
6312
6379
6356
6309
6159
5866
5535
5060
4540
3945
3186
2433
1624
690
-335
-1387
-2443
-3508
-4554
-5580
-6518
-7346
-8061
-8729
-9281
-9603
-9789
-9879
-9900
-9711
-9335
-8937
-8470
-7907
-7207
-6491
-5846
-5170
-4416
-3623
-2910
-2260
-1565
-822
-136
431
972
1562
2144
2595
2949
3325
3685
3937
3990
3988
3988
3910
3708
3348
2993
2600
2160
1682
1181
781
375
25
-237
-383
-373
-368
-286
-131
117
458
779
1187
1614
2033
2453
2823
3273
3692
4079
4442
4727
5081
5387
5623
5857
6006
6137
6191
6173
6149
6034
5848
5580
5221
4761
4209
3637
2922
2138
1352
457
-483
-1498
-2520
-3514
-4542
-5507
-6405
-7194
-7911
-8562
-9044
-9418
-9619
-9686
-9661
-9476
-9206
-8777
-8263
-7701
-7049
-6375
-5656
-4953
-4246
-3482
-2746
-2063
-1442
-811
-187
393
931
1425
1924
2357
2762
3115
3417
3702
3837
3892
3848
3776
3646
3341
3003
2597
2176
1700
1206
818
414
65
-244
-433
-490
-534
-430
-271
-30
335
673
1113
1566
2023
2507
2920
3366
3790
4191
4546
4842
5201
5441
5645
5861
5993
6106
6111
6083
6024
5908
5725
5392
5030
4596
4079
3491
2752
2032
1291
410
-550
-1582
-2568
-3546
-4620
-5612
-6498
-7275
-8027
-8738
-9229
-9563
-9732
-9829
-9815
-9597
-9267
-8832
-8348
-7739
-7019
-6315
-5643
-4950
-4181
-3407
-2717
-2097
-1449
-799
-155
376
873
1426
1910
2361
2706
3052
3391
3638
3769
3772
3807
3750
3599
3341
3003
2697
2307
1905
1461
1060
728
354
79
-103
-169
-165
-148
34
283
578
970
1368
1805
2288
2751
3132
3547
3994
4364
4649
4910
5198
5448
5605
5723
5855
5896
5902
5866
5764
5666
5434
5130
4750
4305
3853
3272
2595
1874
1156
338
-593
-1510
-2449
-3437
-4427
-5372
-6229
-6990
-7731
-8410
-8922
-9283
-9536
-9658
-9632
-9482
-9216
-8895
-8409
-7785
-7176
-6536
-5868
-5119
-4386
-3679
-2939
-2247
-1582
-1015
-441
190
722
1186
1630
2063
2450
2790
3101
3344
3520
3574
3603
3571
3459
3299
2997
2697
2348
1971
1601
1218
919
596
313
92
21
56
75
214
428
732
1077
1454
1909
2373
2812
3208
3612
4014
4362
4640
4866
5077
5293
5449
5515
5597
5670
5659
5596
5510
5403
5249
5005
4668
4267
3814
3296
2670
1964
1238
497
-314
-1198
-2107
-3033
-4006
-4955
-5830
-6643
-7377
-8056
-8645
-9068
-9345
-9506
-9531
-9434
-9200
-8836
-8384
-7800
-7164
-6495
-5831
-5175
-4455
-3771
-3074
-2405
-1796
-1219
-712
-149
388
851
1296
1707
2143
2506
2836
3177
3417
3586
3640
3664
3664
3550
3358
3051
2731
2425
2074
1702
1338
1004
702
446
254
188
233
331
476
728
1071
1467
1892
2272
2684
3089
3463
3843
4159
4440
4654
4814
4969
5088
5201
5258
5278
5283
5226
5153
5060
4930
4735
4460
4140
3748
3299
2771
2116
1426
751
-9
-887
-1766
-2651
-3586
-4530
-5433
-6211
-6913
-7596
-8214
-8712
-9049
-9266
-9343
-9309
-9180
-8896
-8507
-8007
-7413
-6791
-6150
-5501
-4879
-4236
-3555
-2906
-2296
-1714
-1160
-619
-60
453
900
1365
1791
2171
2523
2863
3194
3387
3505
3609
3647
3632
3513
3320
3106
2845
2553
2214
1876
1583
1286
1029
827
731
748
800
898
1055
1304
1624
1949
2298
2644
2996
3318
3606
3900
4144
4335
4470
4581
4722
4815
4895
4946
4958
4933
4839
4752
4647
4489
4268
3966
3633
3218
2710
2143
1511
857
142
-633
-1431
-2282
-3149
-4036
-4907
-5681
-6409
-7079
-7691
-8228
-8620
-8902
-9067
-9117
-9035
-8842
-8555
-8110
-7559
-7008
-6404
-5762
-5168
-4571
-3948
-3289
-2656
-2103
-1542
-976
-393
140
613
1094
1542
1950
2313
2679
3037
3305
3459
3554
3646
3695
3638
3454
3231
3027
2751
2416
2134
1885
1604
1306
1069
961
941
948
1005
1142
1348
1605
1908
2231
2548
2874
3202
3496
3751
3996
4232
4367
4444
4551
4656
4702
4710
4727
4686
4607
4528
4402
4268
4090
3834
3527
3122
2694
2198
1608
998
367
-284
-1002
-1783
-2601
-3443
-4298
-5125
-5892
-6591
-7223
-7842
-8315
-8663
-8904
-8997
-9005
-8868
-8636
-8311
-7876
-7344
-6731
-6146
-5554
-4954
-4321
-3658
-3054
-2451
-1885
-1329
-786
-304
206
674
1108
1521
1892
2306
2661
2977
3249
3434
3591
3656
3697
3675
3543
3395
3213
3034
2796
2518
2263
1976
1736
1501
1352
1340
1298
1317
1424
1605
1831
2044
2296
2558
2851
3117
3323
3597
3836
4012
4119
4210
4384
4466
4469
4459
4458
4450
4299
4155
4031
3866
3659
3362
3078
2757
2350
1847
1280
720
125
-526
-1202
-1905
-2664
-3474
-4265
-4996
-5699
-6388
-7030
-7611
-8087
-8459
-8707
-8801
-8773
-8668
-8467
-8161
-7713
-7184
-6697
-6126
-5496
-4887
-4266
-3639
-2973
-2393
-1872
-1339
-815
-260
229
702
1150
1554
1975
2322
2686
3056
3368
3645
3805
3956
4058
4059
3973
3783
3606
3390
3119
2827
2513
2216
1932
1653
1409
1261
1179
1130
1117
1216
1385
1544
1742
2000
2296
2586
2912
3227
3504
3764
3927
4073
4212
4291
4342
4358
4361
4334
4232
4094
3969
3816
3580
3296
3028
2761
2397
1950
1484
986
445
-170
-792
-1405
-2076
-2827
-3656
-4429
-5173
-5954
-6688
-7323
-7837
-8315
-8717
-8938
-9000
-8965
-8867
-8620
-8211
-7735
-7230
-6639
-5989
-5334
-4673
-4010
-3366
-2728
-2098
-1530
-1012
-455
111
597
1027
1483
1968
2399
2781
3197
3616
3964
4223
4416
4580
4672
4625
4524
4356
4106
3849
3546
3187
2778
2401
2055
1702
1423
1233
1099
986
957
1047
1177
1303
1480
1745
2015
2244
2481
2765
3025
3184
3292
3422
3527
3562
3588
3610
3642
3614
3567
3572
3518
3425
3243
3042
2887
2626
2299
1909
1474
1011
408
-198
-772
-1402
-2096
-2887
-3635
-4337
-5081
-5769
-6409
-6958
-7463
-7952
-8311
-8568
-8664
-8679
-8623
-8410
-8106
-7693
-7241
-6714
-6095
-5501
-4864
-4224
-3566
-2898
-2274
-1637
-1067
-493
116
691
1252
1743
2253
2748
3166
3585
3947
4282
4551
4720
4870
4910
4878
4794
4607
4431
4204
3974
3725
3359
3021
2656
2321
1993
1679
1506
1326
1190
1104
1094
1168
1256
1421
1584
1778
1996
2206
2406
2558
2683
2772
2863
2947
3021
3090
3152
3185
3180
3142
3072
2993
2866
2678
2457
2214
1895
1491
1048
575
64
-487
-1034
-1620
-2242
-2918
-3631
-4301
-4956
-5591
-6227
-6792
-7284
-7770
-8138
-8379
-8495
-8547
-8497
-8253
-7941
-7546
-7058
-6484
-5854
-5246
-4580
-3897
-3217
-2542
-1907
-1257
-634
-2
610
1195
1749
2244
2744
3179
3578
3944
4265
4565
4780
4946
5028
5066
5080
4971
4812
4631
4415
4120
3729
3381
3023
2628
2231
1878
1636
1374
1097
918
847
864
892
973
1119
1255
1413
1578
1754
1953
2085
2187
2292
2415
2536
2616
2718
2797
2834
2834
2810
2806
2764
2651
2479
2297
2097
1781
1376
961
525
20
-528
-1064
-1626
-2275
-2985
-3668
-4327
-4981
-5609
-6209
-6756
-7247
-7632
-7923
-8141
-8214
-8185
-8071
-7886
-7560
-7078
-6587
-6066
-5488
-4847
-4184
-3566
-2891
-2222
-1584
-945
-324
340
965
1558
2114
2584
3078
3531
3941
4310
4626
4933
5106
5246
5358
5380
5323
5149
4976
4711
4383
4033
3615
3225
2778
2365
1948
1555
1301
1033
818
685
622
647
658
731
843
943
1066
1175
1322
1480
1597
1710
1832
1966
2095
2210
2303
2379
2468
2553
2582
2567
2542
2479
2342
2156
1940
1664
1296
870
428
-41
-559
-1105
-1672
-2298
-2998
-3703
-4340
-4945
-5569
-6164
-6664
-7090
-7488
-7796
-7949
-7984
-7952
-7840
-7606
-7263
-6839
-6369
-5842
-5248
-4597
-3949
-3318
-2606
-1893
-1232
-603
60
766
1338
1877
2411
2894
3358
3763
4188
4543
4838
5122
5287
5386
5416
5425
5358
5143
4938
4696
4399
3998
3558
3171
2710
2247
1828
1495
1209
896
676
532
455
416
383
426
509
636
776
898
1070
1236
1368
1477
1604
1765
1867
1966
2097
2205
2255
2265
2310
2307
2225
2135
2037
1928
1710
1402
1102
749
357
-123
-614
-1100
-1707
-2338
-3017
-3640
-4248
-4900
-5491
-6070
-6516
-6940
-7320
-7550
-7671
-7648
-7622
-7496
-7210
-6825
-6372
-5903
-5323
-4696
-4093
-3467
-2815
-2123
-1471
-860
-251
353
960
1535
2061
2543
3023
3467
3883
4255
4582
4897
5093
5223
5272
5274
5230
5039
4823
4558
4248
3867
3417
3047
2648
2256
1894
1542
1287
1029
828
669
546
532
482
479
525
613
749
833
963
1084
1189
1303
1373
1504
1604
1715
1815
1870
1950
1962
1994
2015
1999
1965
1864
1766
1592
1339
1053
711
321
-118
-599
-1099
-1661
-2276
-2889
-3542
-4160
-4762
-5326
-5836
-6338
-6717
-7037
-7268
-7361
-7376
-7275
-7124
-6833
-6426
-6017
-5498
-4939
-4324
-3705
-3105
-2439
-1839
-1226
-626
-85
465
992
1535
1994
2391
2865
3316
3699
4053
4393
4703
4865
4983
5130
5154
5101
4956
4790
4559
4209
3921
3561
3149
2719
2280
1883
1432
1083
813
525
309
161
97
42
13
86
176
282
433
616
800
964
1150
1318
1463
1605
1738
1858
1925
2001
2073
2121
2145
2113
2076
2007
1891
1726
1497
1256
960
623
241
-156
-568
-1060
-1595
-2169
-2750
-3347
-3980
-4561
-5141
-5685
-6202
-6663
-6982
-7243
-7379
-7409
-7327
-7099
-6808
-6382
-5881
-5336
-4740
-4160
-3502
-2836
-2178
-1538
-957
-345
231
779
1311
1809
2320
2736
3120
3515
3875
4224
4483
4726
4906
4983
5037
5002
4932
4789
4585
4355
4006
3637
3232
2779
2315
1831
1432
1031
648
343
73
-114
-266
-335
-322
-292
-183
-68
99
321
538
760
907
1084
1265
1385
1508
1595
1740
1851
1905
1991
2049
2106
2110
2091
2076
2011
1908
1747
1524
1245
937
580
149
-326
-821
-1373
-2000
-2624
-3213
-3803
-4412
-4978
-5480
-5940
-6347
-6663
-6856
-6940
-6911
-6793
-6596
-6301
-5890
-5425
-4951
-4415
-3817
-3196
-2645
-2053
-1421
-848
-310
195
759
1276
1742
2224
2628
3028
3393
3746
4048
4249
4471
4607
4665
4670
4636
4584
4398
4186
3944
3635
3308
2921
2544
2140
1751
1419
1082
807
564
369
221
97
51
38
65
118
185
312
436
555
669
785
927
1031
1130
1227
1324
1424
1482
1567
1655
1724
1765
1755
1749
1707
1642
1530
1346
1126
826
486
113
-285
-733
-1249
-1784
-2357
-2941
-3492
-4028
-4540
-5051
-5508
-5875
-6164
-6347
-6453
-6455
-6349
-6170
-5896
-5542
-5096
-4607
-4120
-3598
-3043
-2433
-1869
-1335
-786
-264
224
663
1149
1618
1996
2342
2671
2997
3288
3554
3811
4003
4156
4296
4360
4373
4338
4233
4066
3822
3579
3290
2961
2623
2238
1862
1480
1143
859
592
367
181
84
19
-15
25
102
185
285
425
566
686
796
910
1020
1114
1191
1257
1329
1401
1449
1475
1526
1561
1588
1588
1541
1503
1413
1265
1073
811
541
191
-163
-569
-1078
-1565
-2169
-2738
-3289
-3871
-4347
-4844
-5245
-5633
-5922
-6066
-6200
-6182
-6092
-5914
-5676
-5347
-4868
-4420
-3918
-3361
-2817
-2275
-1734
-1142
-628
-172
319
759
1162
1539
1925
2271
2528
2836
3141
3390
3633
3842
4025
4109
4152
4215
4149
4026
3859
3620
3346
2969
2646
2277
1797
1345
929
562
168
-126
-337
-518
-614
-681
-651
-595
-506
-329
-153
18
230
468
662
843
1023
1186
1308
1393
1494
1626
1737
1812
1901
1983
2039
2078
2069
2046
2012
1899
1736
1559
1327
1036
699
325
-58
-490
-988
-1502
-2023
-2562
-3104
-3624
-4111
-4570
-4985
-5353
-5657
-5872
-5977
-5996
-5942
-5797
-5560
-5252
-4883
-4443
-3966
-3478
-2971
-2448
-1923
-1395
-883
-391
89
553
993
1415
1831
2209
2554
2886
3191
3446
3675
3865
3987
4051
4053
4027
3919
3754
3562
3284
2980
2614
2251
1892
1460
1080
720
398
109
-148
-285
-420
-502
-523
-502
-413
-345
-187
-36
122
300
439
620
748
894
1003
1098
1244
1360
1500
1617
1777
1919
1995
2099
2155
2212
2199
2111
2055
1895
1676
1412
1092
755
351
-71
-525
-973
-1431
-1935
-2430
-2910
-3365
-3813
-4237
-4593
-4900
-5175
-5389
-5497
-5535
-5519
-5429
-5238
-4978
-4699
-4336
-3912
-3455
-2985
-2513
-1980
-1466
-978
-494
-15
445
849
1274
1675
2044
2360
2630
2933
3157
3336
3496
3585
3653
3642
3591
3499
3343
3176
2947
2691
2410
2122
1832
1508
1209
924
673
444
231
85
-32
-104
-147
-159
-111
-75
-6
88
205
336
439
580
719
848
999
1152
1326
1478
1623
1777
1894
2007
2086
2115
2126
2094
2035
1921
1766
1603
1349
1049
751
421
49
-382
-820
-1286
-1810
-2339
-2853
-3348
-3827
-4274
-4671
-4999
-5261
-5445
-5535
-5539
-5458
-5304
-5082
-4771
-4401
-4021
-3598
-3125
-2654
-2194
-1718
-1225
-753
-321
101
528
922
1287
1643
1976
2276
2534
2788
2998
3167
3321
3421
3482
3487
3463
3391
3237
3066
2847
2599
2345
2070
1792
1469
1177
908
629
396
204
78
-63
-158
-169
-168
-149
-127
-38
64
160
291
415
552
675
805
938
1080
1253
1422
1585
1742
1898
2017
2095
2153
2175
2157
2076
1956
1807
1585
1335
1044
735
395
6
-377
-801
-1257
-1732
-2227
-2700
-3181
-3620
-4035
-4438
-4762
-5021
-5208
-5338
-5375
-5300
-5197
-5016
-4740
-4396
-4018
-3633
-3180
-2723
-2278
-1810
-1349
-895
-482
-68
344
711
1077
1423
1755
2052
2311
2579
2791
2962
3098
3201
3273
3258
3218
3153
3028
2874
2669
2460
2229
1964
1693
1413
1165
911
673
469
297
187
69
0
-18
-10
15
36
133
231
332
444
578
736
860
1000
1153
1308
1454
1592
1730
1862
1976
2055
2109
2128
2134
2079
1986
1877
1716
1516
1255
987
688
334
-10
-395
-791
-1207
-1653
-2080
-2538
-2959
-3375
-3791
-4148
-4490
-4763
-5005
-5170
-5233
-5255
-5201
-5090
-4889
-4627
-4324
-3943
-3530
-3101
-2644
-2156
-1659
-1193
-728
-247
186
583
985
1384
1727
2012
2302
2565
2759
2920
3077
3192
3229
3245
3246
3175
3046
2900
2716
2460
2184
1933
1650
1314
1000
726
430
134
-75
-210
-348
-468
-479
-435
-396
-325
-174
7
152
347
586
813
1018
1221
1443
1634
1816
1998
2155
2285
2385
2475
2527
2542
2541
2513
2444
2329
2200
2035
1830
1597
1335
1039
693
344
-41
-458
-886
-1344
-1800
-2299
-2776
-3243
-3709
-4136
-4559
-4908
-5217
-5445
-5608
-5713
-5698
-5620
-5457
-5236
-4937
-4570
-4175
-3702
-3220
-2727
-2201
-1693
-1183
-690
-201
284
732
1159
1556
1940
2286
2577
2853
3067
3256
3398
3478
3549
3541
3481
3372
3211
3015
2765
2500
2199
1872
1531
1184
855
529
236
-15
-244
-420
-518
-582
-605
-567
-477
-345
-192
-8
220
445
650
872
1090
1287
1482
1678
1862
2023
2169
2314
2441
2534
2608
2653
2656
2638
2594
2499
2350
2176
1971
1694
1371
1056
703
293
-134
-561
-1004
-1486
-1984
-2443
-2903
-3383
-3827
-4231
-4614
-4970
-5263
-5478
-5640
-5744
-5763
-5716
-5595
-5388
-5113
-4774
-4392
-3947
-3455
-2956
-2418
-1873
-1307
-762
-255
276
775
1229
1650
2038
2408
2705
2969
3206
3392
3521
3582
3640
3649
3583
3486
3348
3184
2959
2703
2452
2174
1889
1597
1304
1026
760
512
285
96
-60
-175
-253
-280
-272
-230
-128
-1
152
329
530
740
944
1175
1386
1579
1754
1927
2085
2184
2266
2324
2355
2344
2291
2222
2107
1969
1798
1597
1383
1130
855
545
221
-117
-500
-907
-1335
-1775
-2244
-2734
-3199
-3653
-4091
-4523
-4908
-5220
-5476
-5658
-5781
-5807
-5725
-5579
-5353
-5049
-4675
-4242
-3766
-3260
-2736
-2179
-1639
-1100
-568
-72
415
865
1290
1692
2043
2378
2678
2952
3184
3358
3505
3609
3674
3680
3635
3543
3402
3223
2988
2741
2468
2163
1847
1525
1231
930
653
410
186
18
-130
-219
-267
-287
-259
-224
-125
8
143
325
518
715
913
1101
1283
1469
1633
1790
1940
2048
2139
2210
2260
2274
2256
2213
2115
2001
1855
1655
1430
1164
873
552
189
-194
-579
-980
-1423
-1853
-2286
-2732
-3155
-3590
-4007
-4387
-4727
-5024
-5263
-5423
-5532
-5581
-5547
-5428
-5235
-4980
-4658
-4273
-3823
-3345
-2843
-2293
-1747
-1189
-646
-131
389
893
1361
1782
2174
2522
2822
3071
3282
3448
3549
3609
3615
3605
3553
3436
3298
3129
2937
2700
2442
2182
1912
1628
1333
1047
784
538
303
98
-69
-199
-293
-351
-368
-335
-259
-151
0
182
384
579
774
1001
1205
1393
1561
1721
1867
1957
2030
2081
2097
2079
2046
1997
1904
1774
1632
1462
1242
991
728
439
113
-239
-602
-976
-1367
-1769
-2168
-2566
-2970
-3362
-3721
-4065
-4405
-4698
-4930
-5108
-5261
-5355
-5366
-5308
-5177
-4990
-4731
-4400
-4009
-3561
-3078
-2548
-1982
-1404
-832
-266
303
839
1328
1798
2231
2585
2893
3172
3403
3568
3668
3727
3756
3745
3674
3559
3413
3246
3045
2788
2513
2214
1902
1581
1239
900
561
265
6
-246
-455
-610
-705
-765
-782
-730
-637
-482
-283
-58
200
469
755
1031
1287
1530
1734
1923
2083
2205
2281
2317
2343
2332
2269
2174
2085
1964
1807
1640
1441
1247
1012
747
492
175
-155
-495
-851
-1226
-1635
-2043
-2444
-2844
-3239
-3610
-3951
-4277
-4559
-4814
-4998
-5147
-5261
-5273
-5246
-5161
-5020
-4803
-4496
-4160
-3767
-3329
-2833
-2299
-1753
-1179
-612
-39
535
1071
1579
2071
2507
2873
3193
3455
3661
3802
3894
3945
3918
3827
3726
3593
3382
3129
2877
2597
2266
1923
1598
1261
908
578
280
-3
-261
-469
-614
-722
-794
-792
-740
-656
-523
-349
-164
42
285
542
778
1006
1245
1470
1663
1829
1975
2093
2171
2230
2262
2244
2188
2110
2008
1875
1692
1469
1235
975
682
375
52
-288
-634
-978
-1321
-1677
-2026
-2358
-2684
-3005
-3304
-3575
-3830
-4059
-4275
-4459
-4598
-4703
-4753
-4767
-4721
-4623
-4449
-4210
-3942
-3609
-3228
-2793
-2321
-1819
-1290
-769
-221
323
830
1301
1751
2176
2535
2836
3101
3314
3462
3551
3597
3593
3539
3440
3308
3147
2953
2715
2465
2227
1961
1670
1400
1143
878
612
374
170
-11
-183
-316
-391
-461
-486
-464
-396
-287
-175
-25
169
378
583
799
1033
1251
1452
1636
1793
1921
2022
2081
2092
2063
2007
1923
1788
1632
1454
1252
1032
767
503
252
-38
-346
-666
-977
-1306
-1650
-1996
-2341
-2671
-3021
-3346
-3636
-3903
-4142
-4358
-4513
-4617
-4672
-4672
-4603
-4471
-4273
-4020
-3723
-3365
-2978
-2553
-2105
-1638
-1154
-682
-197
282
735
1165
1559
1925
2268
2580
2832
3047
3238
3397
3498
3532
3532
3508
3421
3280
3109
2898
2647
2368
2069
1742
1400
1074
762
449
165
-75
-273
-436
-553
-630
-681
-678
-611
-516
-412
-292
-137
50
225
374
537
710
868
1001
1126
1250
1367
1475
1568
1642
1705
1739
1731
1703
1640
1514
1349
1163
946
672
350
29
-282
-620
-986
-1339
-1654
-1950
-2254
-2541
-2790
-3019
-3225
-3383
-3508
-3625
-3722
-3753
-3736
-3719
-3686
-3586
-3424
-3241
-3034
-2775
-2466
-2128
-1769
-1381
-976
-565
-148
271
667
1029
1372
1697
1977
2207
2394
2536
2650
2737
2760
2724
2679
2633
2539
2406
2275
2128
1956
1774
1589
1390
1184
980
786
594
402
219
55
-73
-173
-264
-318
-311
-279
-226
-135
-29
90
232
379
526
684
818
954
1085
1180
1258
1310
1359
1390
1370
1345
1292
1216
1140
1037
921
785
638
492
316
112
-103
-315
-546
-801
-1053
-1307
-1564
-1812
-2039
-2257
-2467
-2646
-2787
-2907
-3018
-3100
-3134
-3143
-3128
-3086
-3010
-2888
-2733
-2562
-2364
-2142
-1891
-1598
-1326
-1045
-736
-419
-89
205
494
780
1051
1296
1502
1681
1839
1986
2087
2154
2180
2179
2174
2106
2000
1866
1734
1609
1442
1263
1079
927
792
633
481
369
289
214
136
103
99
98
132
158
195
258
317
392
450
495
561
630
706
762
818
903
981
1060
1126
1179
1224
1267
1274
1228
1178
1099
996
862
702
526
323
121
-93
-299
-510
-729
-909
-1083
-1270
-1434
-1573
-1693
-1793
-1904
-2004
-2079
-2149
-2212
-2284
-2360
-2400
-2419
-2447
-2460
-2429
-2351
-2239
-2114
-1963
-1754
-1504
-1237
-966
-692
-391
-76
214
474
712
918
1103
1276
1412
1487
1526
1569
1599
1587
1536
1484
1454
1402
1303
1196
1115
1040
932
808
712
620
522
441
347
244
160
101
47
-14
-49
-44
-29
-4
48
112
189
302
420
533
644
746
870
974
1039
1104
1159
1220
1239
1224
1209
1178
1155
1102
1026
922
820
717
586
447
277
124
-29
-199
-388
-585
-762
-928
-1087
-1282
-1450
-1583
-1700
-1807
-1923
-2004
-2066
-2092
-2111
-2126
-2104
-2060
-1983
-1899
-1828
-1740
-1608
-1458
-1314
-1172
-1021
-837
-652
-485
-307
-120
68
229
374
521
659
785
871
931
983
1016
1027
1016
989
952
904
849
785
695
607
540
469
397
325
283
270
242
217
211
230
264
298
328
380
462
535
600
673
745
827
907
961
1011
1080
1140
1183
1224
1260
1290
1311
1311
1297
1282
1253
1197
1125
1039
925
789
653
512
352
184
37
-110
-271
-432
-567
-682
-794
-897
-994
-1072
-1143
-1230
-1306
-1384
-1461
-1511
-1561
-1606
-1643
-1670
-1674
-1682
-1676
-1658
-1643
-1620
-1586
-1548
-1505
-1447
-1362
-1260
-1143
-998
-823
-627
-428
-238
-47
152
341
488
600
721
838
915
970
1031
1099
1177
1247
1318
1387
1450
1525
1602
1652
1670
1673
1680
1676
1638
1581
1511
1433
1368
1270
1151
1037
929
830
715
599
483
371
272
153
31
-97
-210
-310
-438
-574
-705
-822
-945
-1079
-1190
-1295
-1383
-1464
-1552
-1608
-1657
-1715
-1756
-1782
-1796
-1792
-1788
-1785
-1748
-1703
-1666
-1625
-1587
-1526
-1449
-1386
-1337
-1283
-1206
-1129
-1062
-1014
-957
-878
-791
-722
-678
-598
-513
-412
-319
-262
-174
-68
40
128
201
291
395
509
601
677
755
851
967
1047
1110
1184
1279
1378
1431
1476
1528
1593
1664
1704
1734
1764
1808
1857
1879
1873
1872
1868
1842
1804
1753
1690
1627
1557
1453
1334
1232
1131
1021
891
774
668
553
436
307
185
81
-20
-127
-259
-374
-481
-612
-732
-848
-951
-1069
-1189
-1291
-1401
-1498
-1591
-1673
-1741
-1804
-1847
-1869
-1875
-1879
-1877
-1850
-1803
-1769
-1746
-1691
-1610
-1555
-1522
-1478
-1422
-1357
-1298
-1268
-1225
-1150
-1078
-1015
-956
-888
-780
-672
-585
-484
-371
-249
-124
-22
84
204
322
439
546
638
746
843
931
1034
1127
1199
1273
1367
1441
1508
1580
1644
1715
1773
1818
1848
1868
1907
1928
1922
1903
1886
1858
1824
1778
1714
1640
1571
1498
1395
1285
1194
1096
971
841
726
604
463
328
208
74
-70
-203
-328
-462
-604
-727
-835
-955
-1079
-1186
-1276
-1372
-1477
-1553
-1596
-1633
-1679
-1712
-1722
-1723
-1725
-1719
-1702
-1683
-1658
-1622
-1584
-1552
-1529
-1500
-1446
-1393
-1360
-1331
-1267
-1195
-1155
-1129
-1077
-1009
-942
-871
-794
-719
-633
-526
-424
-338
-243
-124
0
110
205
307
425
548
655
741
834
946
1061
1155
1236
1326
1430
1521
1591
1648
1704
1759
1815
1855
1875
1884
1898
1912
1898
1851
1802
1774
1742
1682
1606
1533
1456
1367
1272
1177
1083
992
894
787
674
556
434
321
212
90
-40
-155
-252
-357
-484
-609
-709
-801
-900
-1004
-1099
-1179
-1246
-1308
-1379
-1459
-1517
-1553
-1591
-1631
-1656
-1664
-1668
-1667
-1658
-1642
-1617
-1586
-1550
-1519
-1482
-1441
-1396
-1353
-1314
-1271
-1226
-1169
-1112
-1062
-1005
-934
-857
-785
-703
-607
-518
-429
-325
-217
-119
-13
108
225
323
430
539
644
746
834
925
1013
1103
1187
1257
1336
1410
1479
1551
1624
1679
1728
1784
1834
1856
1854
1862
1858
1828
1787
1736
1685
1614
1530
1445
1360
1286
1199
1093
992
892
795
682
573
473
368
260
152
52
-55
-166
-274
-375
-479
-586
-689
-789
-892
-990
-1073
-1144
-1216
-1287
-1350
-1400
-1443
-1497
-1545
-1570
-1582
-1600
-1624
-1620
-1602
-1588
-1579
-1555
-1519
-1479
-1440
-1396
-1341
-1281
-1217
-1156
-1087
-1012
-933
-848
-770
-694
-618
-526
-432
-362
-292
-199
-90
-2
74
162
259
360
452
532
625
724
811
896
968
1034
1116
1204
1280
1330
1376
1441
1505
1537
1557
1586
1617
1627
1628
1625
1618
1603
1578
1540
1495
1444
1383
1321
1257
1173
1066
970
897
802
681
571
487
402
295
188
113
35
-62
-153
-244
-339
-430
-517
-598
-684
-772
-853
-927
-1011
-1097
-1166
-1217
-1277
-1342
-1390
-1421
-1445
-1463
-1478
-1472
-1461
-1456
-1446
-1434
-1412
-1377
-1341
-1298
-1252
-1215
-1169
-1111
-1046
-988
-928
-854
-786
-727
-649
-566
-483
-404
-334
-255
-152
-61
12
91
188
277
342
409
490
568
636
706
776
838
899
969
1038
1091
1133
1181
1229
1269
1301
1331
1362
1380
1387
1390
1381
1352
1325
1298
1254
1203
1154
1103
1049
993
934
872
806
742
672
598
517
435
357
279
196
109
25
-49
-113
-181
-265
-351
-416
-470
-538
-621
-697
-751
-801
-868
-933
-974
-1014
-1060
-1099
-1137
-1178
-1202
-1211
-1229
-1254
-1260
-1240
-1212
-1203
-1195
-1162
-1116
-1079
-1046
-1007
-950
-893
-842
-782
-713
-651
-587
-513
-433
-358
-289
-216
-136
-53
17
76
139
209
279
351
410
456
514
583
640
676
712
769
833
876
903
936
979
1028
1062
1066
1071
1099
1130
1139
1124
1112
1119
1116
1091
1051
1018
1004
984
927
863
817
776
722
648
578
525
461
384
309
233
163
99
30
-48
-124
-192
-258
-324
-389
-454
-518
-579
-636
-688
-738
-783
-829
-872
-901
-924
-949
-976
-1004
-1022
-1022
-1030
-1047
-1043
-1035
-1028
-1018
-1006
-986
-964
-940
-906
-869
-833
-795
-739
-673
-628
-589
-534
-466
-397
-343
-297
-226
-148
-85
-40
6
67
137
187
230
287
339
394
464
516
551
598
656
712
753
773
801
842
861
866
877
886
897
910
905
894
889
885
883
880
863
835
814
797
763
723
682
636
593
558
513
461
399
342
301
251
181
114
55
7
-33
-95
-175
-239
-269
-301
-365
-431
-465
-479
-506
-557
-612
-642
-643
-651
-690
-724
-716
-698
-700
-722
-734
-716
-698
-697
-694
-689
-668
-639
-628
-612
-587
-569
-544
-520
-498
-460
-418
-374
-332
-297
-254
-214
-188
-156
-106
-51
-15
14
60
112
144
160
183
226
268
296
316
342
382
416
437
455
477
500
522
541
566
575
570
589
600
578
561
566
576
564
530
513
512
504
487
451
420
406
390
354
316
281
242
202
170
129
71
25
0
-39
-93
-137
-161
-190
-228
-265
-297
-312
-324
-350
-364
-363
-369
-375
-376
-381
-390
-398
-391
-379
-382
-381
-369
-368
-366
-347
-325
-325
-327
-310
-284
-268
-262
-250
-232
-216
-211
-204
-184
-162
-142
-128
-118
-113
-95
-71
-64
-59
-39
-1
22
30
52
74
107
128
137
152
170
200
222
226
242
266
285
300
295
302
315
321
332
327
327
344
343
337
324
307
309
310
284
266
261
255
247
217
186
177
161
134
98
63
52
41
8
-22
-49
-65
-84
-112
-139
-170
-175
-176
-192
-208
-227
-223
-219
-232
-251
-260
-234
-209
-227
-247
-238
-201
-181
-194
-188
-173
-148
-134
-132
-117
-114
-103
-93
-88
-83
-83
-67
-52
-49
-48
-53
-52
-53
-54
-62
-66
-60
-43
-30
-26
-21
-9
10
24
24
25
52
78
93
97
101
138
151
159
169
175
191
204
209
200
206
221
227
232
218
204
212
216
210
192
170
165
167
145
119
94
70
66
52
25
-2
-14
-24
-48
-72
-98
-106
-112
-132
-141
-152
-155
-161
-179
-187
-180
-192
-207
-190
-183
-194
-198
-191
-180
-177
-180
-165
-146
-138
-128
-108
-90
-85
-83
-63
-41
-41
-47
-34
-8
3
-8
-20
-16
-3
1
-6
-16
-17
-5
4
-4
-18
-18
-3
3
-6
-14
-5
16
38
47
43
54
93
128
131
128
151
188
209
214
212
219
244
265
269
259
260
271
278
270
246
229
236
237
215
185
168
169
161
125
87
68
59
36
6
-25
-51
-70
-90
-107
-130
-157
-168
-176
-195
-212
-225
-235
-238
-243
-259
-265
-262
-261
-259
-254
-248
-242
-232
-213
-197
-192
-190
-175
-152
-143
-142
-129
-113
-104
-88
-78
-71
-53
-41
-38
-35
-39
-33
-18
-23
-29
-26
-25
-20
-16
-21
-25
-23
-12
-2
5
9
18
31
45
52
57
73
98
119
129
142
164
188
202
205
217
247
273
280
279
288
299
306
301
285
273
277
277
259
227
203
190
177
160
133
111
97
81
64
33
1
-13
-21
-49
-75
-95
-107
-112
-130
-165
-187
-187
-179
-193
-220
-225
-209
-198
-214
-228
-219
-195
-182
-184
-183
-170
-151
-136
-134
-141
-136
-113
-99
-104
-116
-115
-96
-79
-83
-103
-108
-85
-67
-78
-102
-110
-96
-87
-103
-120
-113
-99
-94
-93
-99
-100
-80
-54
-49
-61
-50
-11
22
31
35
55
87
117
130
135
148
177
209
227
223
225
247
277
284
271
272
290
303
288
257
245
254
258
236
205
191
192
182
155
111
84
85
74
45
18
-6
-12
-16
-42
-66
-77
-75
-67
-88
-115
-117
-111
-116
-130
-142
-137
-124
-111
-114
-128
-127
-105
-86
-86
-96
-91
-73
-67
-77
-90
-84
-72
-82
-95
-97
-99
-103
-107
-109
-115
-120
-117
-120
-130
-138
-141
-128
-126
-142
-139
-120
-120
-123
-113
-99
-80
-58
-43
-28
-5
19
38
49
62
89
119
134
145
161
178
199
214
220
226
239
248
249
235
225
234
238
226
208
195
191
190
170
143
128
122
114
90
47
24
20
10
-16
-54
-74
-64
-67
-90
-109
-118
-109
-107
-126
-139
-137
-131
-128
-136
-150
-148
-124
-110
-121
-129
-120
-107
-100
-99
-103
-99
-83
-74
-76
-84
-81
-70
-62
-66
-72
-68
-62
-62
-68
-72
-66
-58
-59
-58
-54
-51
-44
-39
-29
-18
-13
-4
17
28
33
46
60
67
77
101
119
125
137
166
189
194
199
210
227
238
238
246
242
242
259
248
233
222
207
212
211
188
157
141
144
120
79
44
25
18
-7
-41
-70
-83
-80
-90
-116
-140
-146
-148
-160
-176
-189
-194
-193
-192
-197
-204
-202
-186
-174
-178
-182
-170
-155
-148
-151
-146
-132
-123
-124
-128
-120
-97
-93
-102
-99
-90
-85
-75
-71
-76
-80
-79
-67
-57
-60
-60
-48
-37
-34
-32
-21
-8
3
9
13
19
34
51
68
86
103
115
125
139
154
167
184
198
203
215
243
265
263
264
276
289
283
269
266
271
269
251
227
213
211
201
173
149
134
119
103
78
43
14
-4
-21
-43
-71
-87
-95
-109
-124
-135
-150
-164
-168
-176
-186
-186
-190
-198
-190
-177
-177
-184
-176
-156
-157
-166
-157
-145
-135
-125
-127
-136
-134
-125
-117
-113
-127
-132
-118
-112
-119
-115
-117
-103
-81
-87
-96
-91
-86
-67
-55
-57
-51
-31
-13
-3
5
13
20
39
57
63
73
91
112
138
148
150
163
181
200
212
219
229
238
244
251
247
246
248
251
251
239
216
200
197
196
176
148
136
124
113
97
66
51
53
36
9
-18
-41
-49
-55
-81
-109
-114
-114
-123
-140
-155
-155
-149
-146
-150
-161
-158
-140
-137
-152
-158
-147
-129
-122
-129
-134
-123
-103
-102
-110
-111
-100
-86
-81
-89
-94
-79
-60
-64
-81
-82
-70
-63
-69
-84
-87
-76
-57
-52
-59
-53
-32
-11
2
4
8
21
44
57
59
65
84
106
117
118
117
129
152
163
159
156
165
180
185
179
173
175
183
180
166
156
156
156
139
123
115
109
98
81
65
54
43
30
17
2
-11
-18
-30
-44
-53
-59
-65
-77
-87
-94
-95
-91
-92
-98
-97
-89
-90
-94
-91
-81
-76
-75
-74
-75
-72
-68
-68
-70
-69
-68
-68
-68
-69
-68
-64
-58
-62
-67
-68
-63
-56
-54
-63
-69
-64
-59
-66
-71
-70
-60
-55
-47
-43
-37
-25
-7
3
5
9
26
43
51
53
56
68
85
93
89
89
103
115
114
109
109
115
120
121
110
97
97
103
100
84
73
72
73
69
55
38
32
36
32
16
3
1
1
-5
-16
-24
-25
-19
-22
-30
-36
-34
-29
-28
-34
-38
-36
-31
-32
-36
-40
-38
-33
-33
-37
-38
-33
-26
-30
-37
-42
-38
-30
-33
-42
-47
-43
-40
-44
-50
-53
-48
-44
-44
-50
-56
-55
-47
-44
-49
-56
-52
-39
-31
-34
-36
-29
-14
-4
-1
0
8
19
30
29
28
36
49
58
59
56
61
73
84
82
77
77
87
94
89
77
73
77
79
69
55
51
54
55
43
28
24
28
27
15
-2
-6
-3
-3
-13
-24
-25
-19
-17
-25
-35
-35
-30
-26
-30
-37
-37
-32
-25
-27
-29
-26
-17
-11
-18
-27
-28
-22
-18
-22
-28
-25
-20
-19
-25
-30
-33
-29
-30
-33
-39
-40
-37
-36
-39
-46
-48
-43
-39
-43
-46
-44
-35
-26
-27
-28
-21
-10
0
4
3
6
9
13
19
24
27
32
38
45
47
47
52
60
65
65
64
64
64
60
58
57
57
53
47
43
42
41
38
33
30
27
26
19
13
8
6
4
-2
-10
-11
-10
-7
-12
-18
-17
-12
-9
-16
-19
-16
-9
-12
-19
-22
-15
-8
-11
-16
-18
-12
-6
-9
-16
-20
-19
-15
-17
-22
-28
-25
-19
-21
-30
-38
-36
-29
-29
-36
-41
-37
-31
-32
-40
-41
-36
-29
-29
-35
-35
-27
-19
-17
-17
-15
-9
-2
0
1
3
11
16
18
19
23
29
33
33
36
38
42
44
45
44
46
47
47
46
42
38
37
37
33
29
25
25
23
18
15
15
14
11
8
5
1
-3
-2
-2
-2
-6
-6
-4
-6
-14
-17
-14
-11
-12
-14
-11
-9
-5
-5
-9
-11
-12
-10
-5
-8
-16
-13
-13
-14
-15
-18
-17
-13
-19
-25
-25
-28
-29
-30
-31
-31
-31
-27
-26
-26
-26
-24
-22
-21
-25
-24
-20
-16
-18
-20
-16
-6
-5
-7
2
9
9
13
18
19
24
29
32
33
31
34
38
41
42
40
38
39
44
44
43
39
35
35
34
32
28
28
27
27
21
14
11
12
10
0
-1
-2
-2
2
-7
-15
-11
-7
-6
-5
-12
-12
-7
-11
-21
-20
-15
-10
-8
-13
-19
-14
-8
-9
-14
-17
-15
-11
-14
-22
-26
-23
-17
-17
-24
-27
-24
-20
-21
-25
-27
-24
-21
-23
-27
-28
-25
-24
-25
-28
-30
-25
-20
-16
-14
-14
-10
-4
0
0
0
4
12
15
15
16
21
28
31
29
31
37
45
47
43
39
38
44
43
40
36
37
38
37
32
27
27
28
26
19
15
15
16
12
4
0
0
0
-2
-6
-10
-9
-6
-7
-10
-13
-11
-9
-9
-9
-12
-11
-6
-8
-12
-11
-11
-10
-8
-13
-14
-12
-14
-14
-14
-15
-14
-14
-18
-20
-21
-19
-19
-20
-23
-23
-23
-21
-26
-25
-26
-23
-22
-23
-22
-22
-22
-21
-21
-18
-14
-10
-6
-4
-1
0
5
8
9
13
17
21
22
25
28
31
34
37
41
41
41
43
45
45
42
41
40
41
38
36
32
29
26
26
25
24
21
17
14
11
9
8
6
2
-2
-3
-2
-3
-4
-6
-6
-5
-7
-11
-11
-11
-11
-10
-11
-12
-12
-12
-12
-16
-19
-18
-14
-12
-13
-19
-22
-20
-19
-22
-26
-29
-27
-24
-24
-33
-37
-34
-27
-29
-38
-40
-35
-29
-35
-41
-39
-32
-26
-28
-29
-25
-17
-13
-15
-18
-15
-8
-2
0
0
3
12
17
19
19
24
30
35
36
33
36
38
36
32
32
34
36
37
35
34
33
33
34
34
30
27
25
26
23
19
17
19
22
18
15
13
12
12
8
5
2
5
6
3
0
-1
1
2
1
-2
-2
0
0
-2
-3
-2
-1
-3
-7
-10
-11
-12
-14
-16
-18
-17
-18
-21
-25
-27
-30
-33
-35
-37
-38
-38
-38
-39
-38
-39
-39
-38
-38
-37
-35
-34
-32
-33
-30
-26
-25
-24
-18
-13
-13
-11
-4
4
8
9
9
8
13
16
17
22
21
20
28
25
25
28
26
29
32
27
27
31
28
27
26
26
27
25
25
24
26
26
22
24
21
17
19
15
12
17
14
14
18
13
13
14
10
9
8
6
7
8
8
4
0
-2
-3
-4
-3
-6
-9
-10
-11
-11
-13
-14
-17
-19
-21
-23
-25
-27
-29
-30
-32
-33
-33
-34
-35
-35
-35
-35
-36
-36
-36
-35
-34
-31
-27
-22
-22
-21
-18
-15
-13
-11
-9
-6
-2
0
3
7
10
15
19
22
23
24
26
29
28
27
29
31
31
29
31
32
33
31
28
30
31
30
30
27
25
24
26
28
27
23
21
21
20
19
16
14
17
17
15
12
11
12
13
10
6
4
5
6
1
-5
-6
-5
-5
-9
-10
-12
-13
-16
-22
-25
-26
-27
-28
-32
-36
-40
-40
-40
-41
-42
-46
-46
-46
-46
-45
-44
-43
-42
-39
-37
-36
-34
-30
-26
-25
-26
-21
-15
-11
-11
-9
-4
2
4
5
8
14
20
22
23
25
27
29
30
28
29
32
36
34
33
35
38
39
36
35
39
41
40
39
38
37
33
32
30
30
29
29
30
27
24
21
22
22
19
16
13
9
5
6
10
10
5
1
-2
-5
-10
-14
-15
-15
-17
-22
-26
-32
-33
-35
-35
-39
-43
-45
-46
-45
-45
-46
-48
-49
-52
-50
-49
-50
-51
-47
-42
-40
-42
-43
-38
-34
-33
-33
-30
-25
-21
-18
-20
-14
-5
4
11
14
18
23
26
27
28
32
39
42
45
49
53
56
54
55
58
61
63
61
61
63
65
64
63
61
60
56
52
51
53
52
51
46
42
40
36
34
31
30
25
19
14
11
8
5
1
-1
-2
-7
-13
-20
-22
-24
-27
-31
-35
-38
-44
-51
-58
-61
-65
-66
-66
-69
-71
-72
-72
-75
-79
-81
-80
-79
-83
-88
-88
-85
-82
-82
-81
-76
-70
-68
-66
-63
-56
-47
-40
-34
-29
-23
-17
-8
2
9
14
22
31
39
41
41
47
55
62
66
67
74
82
86
85
84
90
96
98
97
93
90
92
94
94
91
87
87
90
86
79
73
72
68
62
52
47
47
46
44
38
33
31
27
19
8
1
-1
-5
-14
-24
-30
-31
-36
-47
-58
-63
-60
-61
-68
-78
-83
-84
-88
-96
-103
-103
-100
-98
-103
-110
-113
-111
-107
-106
-106
-107
-100
-93
-94
-93
-89
-79
-70
-65
-62
-55
-48
-40
-36
-31
-21
-8
0
7
15
25
34
39
43
49
55
60
68
75
78
79
86
95
101
99
97
102
107
108
104
101
101
104
106
102
94
89
90
92
87
78
75
77
76
67
57
51
47
42
35
29
23
17
9
4
-5
-15
-20
-28
-32
-41
-46
-48
-50
-55
-62
-69
-74
-79
-83
-90
-93
-96
-96
-97
-100
-107
-113
-114
-111
-109
-107
-105
-103
-99
-95
-92
-93
-92
-91
-86
-79
-71
-63
-54
-44
-37
-29
-23
-17
-11
-5
5
14
22
27
33
40
48
54
60
63
70
78
87
91
93
94
97
101
105
105
106
103
102
99
97
97
97
99
99
97
95
92
88
83
77
72
66
63
62
58
51
46
39
37
30
22
11
2
-6
-11
-15
-22
-28
-33
-39
-43
-50
-58
-66
-72
-74
-79
-82
-87
-93
-99
-102
-103
-101
-100
-100
-99
-101
-102
-103
-102
-100
-100
-101
-97
-93
-91
-86
-78
-71
-67
-65
-59
-49
-42
-39
-33
-25
-17
-13
-6
3
12
17
25
34
41
46
51
61
69
69
74
80
85
85
87
89
92
94
95
93
95
97
100
99
94
90
90
93
92
88
84
81
80
76
70
65
59
52
46
40
36
30
23
13
6
-2
-9
-12
-15
-19
-24
-29
-33
-37
-42
-49
-55
-59
-64
-70
-74
-77
-80
-82
-88
-90
-90
-91
-93
-94
-94
-90
-89
-90
-91
-88
-84
-81
-78
-75
-73
-69
-61
-54
-49
-47
-44
-35
-29
-24
-20
-12
-7
-3
2
10
20
28
33
42
51
56
54
55
59
71
83
84
83
85
93
101
103
99
98
102
104
100
94
93
97
97
95
89
86
82
78
75
68
61
58
55
51
44
36
28
24
21
12
3
-1
-4
-9
-20
-32
-38
-38
-41
-51
-63
-70
-73
-76
-81
-84
-85
-84
-89
-95
-99
-103
-101
-102
-102
-104
-104
-104
-103
-101
-98
-95
-90
-92
-92
-87
-82
-78
-74
-67
-56
-49
-44
-44
-39
-29
-19
-9
-3
7
16
24
27
33
45
56
58
57
58
69
77
80
82
87
99
108
110
107
107
110
113
113
112
110
109
110
106
99
93
96
102
99
87
79
76
74
64
50
41
43
44
34
21
16
17
13
5
-7
-18
-28
-29
-33
-43
-54
-62
-65
-68
-72
-76
-83
-87
-88
-92
-99
-102
-104
-110
-113
-113
-112
-116
-112
-108
-111
-109
-97
-89
-89
-91
-92
-92
-78
-64
-64
-76
-68
-42
-28
-37
-42
-30
-10
0
-7
-9
8
36
45
28
16
35
74
90
70
42
51
92
116
99
71
75
104
116
95
80
98
122
113
81
71
104
138
127
78
52
80
121
118
71
36
41
65
68
46
31
32
36
22
4
3
17
17
-10
-45
-52
-26
-12
-36
-75
-91
-73
-49
-50
-77
-99
-96
-84
-83
-95
-103
-101
-98
-106
-115
-112
-102
-99
-110
-119
-113
-93
-80
-84
-99
-103
-88
-71
-65
-73
-77
-67
-48
-38
-36
-32
-19
-10
-13
-15
-3
20
32
27
20
28
48
61
62
60
66
81
91
92
88
91
99
102
96
90
96
109
111
103
97
108
126
128
111
95
94
103
105
91
76
73
76
73
60
51
53
55
47
30
19
19
22
13
-8
-24
-26
-21
-22
-34
-51
-60
-62
-62
-63
-71
-77
-85
-89
-90
-92
-99
-105
-110
-111
-110
-108
-105
-103
-104
-109
-114
-111
-100
-92
-90
-95
-94
-80
-65
-61
-63
-60
-51
-38
-28
-27
-27
-16
-1
2
-1
6
22
34
39
39
40
50
64
68
61
60
71
79
82
82
81
86
93
96
96
97
100
100
100
98
98
101
100
91
83
82
80
72
64
62
61
54
43
36
36
40
37
25
10
1
2
0
-15
-28
-27
-22
-29
-41
-43
-40
-45
-57
-67
-67
-61
-58
-65
-80
-87
-79
-69
-70
-79
-84
-83
-79
-80
-81
-80
-76
-76
-78
-76
-69
-61
-54
-51
-53
-52
-39
-25
-22
-23
-22
-20
-11
2
6
3
6
17
28
34
36
40
46
54
53
50
53
62
67
63
58
61
68
74
74
71
69
75
79
76
64
58
64
70
65
50
44
51
57
50
42
40
40
34
26
18
15
13
10
0
-12
-14
-3
2
-12
-31
-32
-15
-11
-27
-47
-50
-44
-39
-45
-52
-55
-55
-52
-54
-53
-52
-49
-50
-58
-65
-60
-49
-49
-57
-66
-61
-49
-43
-43
-43
-41
-37
-31
-26
-22
-21
-22
-20
-17
-10
-5
-2
-2
-3
0
8
18
21
20
19
24
30
32
29
27
30
37
43
46
46
45
45
47
49
44
38
36
39
39
34
31
33
36
35
32
31
32
30
22
17
19
24
22
13
6
7
12
12
7
5
3
4
1
-3
-7
-8
-9
-13
-19
-22
-20
-16
-18
-26
-30
-29
-23
-22
-24
-28
-26
-25
-22
-23
-23
-23
-20
-19
-23
-24
-22
-17
-17
-21
-23
-20
-17
-17
-19
-17
-11
-9
-8
-11
-11
-9
-4
1
2
2
4
6
6
3
2
6
11
13
11
8
10
14
17
16
14
15
14
13
13
14
19
20
16
11
13
18
20
16
14
16
18
17
13
10
12
12
12
10
7
7
10
8
3
0
2
7
6
-1
-5
-1
2
0
-5
-7
-4
-3
-5
-9
-10
-9
-6
-8
-13
-15
-11
-10
-12
-15
-15
-10
-8
-12
-16
-15
-10
-9
-10
-16
-14
-10
-9
-12
-15
-12
-7
-7
-10
-13
-7
-2
-2
-5
-6
-5
0
1
-1
-2
0
2
3
4
7
9
8
8
7
10
14
16
13
8
11
14
13
10
10
15
18
17
14
14
15
13
8
5
5
9
10
7
2
1
5
9
7
2
0
3
3
1
-3
-2
1
1
1
-1
-5
-6
-6
-4
-5
-5
-5
-6
-9
-11
-7
-5
-3
-6
-9
-8
-6
-4
-2
-2
-5
-5
-6
-7
-7
-10
-6
-2
-2
-7
-8
-4
2
0
-2
0
2
2
0
-2
-1
0
1
-1
-3
-2
-1
-1
-1
-4
1
7
8
6
0
2
7
7
4
1
4
9
6
1
0
4
10
7
0
-2
2
4
-1
-8
-5
3
5
1
-5
-4
2
2
0
-3
-2
0
-1
-4
-6
-5
0
0
-1
-1
2
5
4
0
0
4
5
2
-2
-1
3
3
-2
-8
-5
1
3
0
-4
-2
5
7
3
-1
0
5
5
-4
-10
-8
-2
2
0
-1
1
4
2
-2
-5
-3
1
3
1
0
-1
0
1
1
0
0
-2
-1
0
0
-2
-5
-3
2
4
0
-3
-5
-3
0
-1
0
3
5
6
0
-7
-11
-8
-1
4
6
6
8
7
2
-1
-4
-1
2
6
5
5
5
4
5
7
7
4
2
3
6
6
3
2
5
5
3
2
2
3
3
2
4
9
12
8
1
-5
-6
-4
-1
1
2
2
0
-1
-3
-5
-6
-1
6
8
3
-3
-7
-7
-5
-3
-3
-3
-3
-6
-9
-11
-10
-6
1
3
1
-6
-7
-9
-7
-5
-2
-3
-3
-1
-1
-3
-8
-7
-3
-1
-2
-2
-1
0
-1
-4
-4
-5
-5
0
4
4
0
2
7
8
6
3
6
10
10
7
2
3
5
6
5
3
5
8
9
7
3
3
5
7
6
6
11
12
9
5
2
1
4
8
7
4
7
6
-3
-6
-9
-10
0
4
8
14
4
-5
-1
-10
-7
5
-1
-6
-2
-5
-4
-5
-9
-9
-4
2
3
-7
-10
-2
2
-3
-5
-4
-5
-3
-1
-10
-8
0
1
-3
0
6
8
3
-2
-4
1
3
2
-3
-3
-2
2
6
3
-5
-3
2
-2
-5
3
10
9
5
3
-4
-8
-6
-3
5
12
11
10
5
-4
-5
0
1
1
5
9
10
5
2
0
-2
-5
0
0
2
3
0
0
-2
-8
-6
-3
5
12
9
7
-2
-6
-2
-6
2
8
-3
2
-2
-17
-4
-2
-2
12
10
1
-1
-10
-5
-1
-5
1
1
-5
-4
-7
-10
-5
-5
-1
1
1
1
-1
-4
-3
0
2
3
5
7
6
0
1
2
1
4
3
3
6
4
0
-3
-3
4
10
11
4
-4
-4
-4
-3
6
14
19
22
3
-21
-25
-10
7
12
11
13
2
-11
-9
-7
-2
12
16
4
-10
-11
-3
-2
-6
-3
3
5
5
-2
-3
4
9
9
2
-3
-2
0
-1
-3
0
0
-1
-2
-1
-3
-2
4
0
-6
-5
-3
-5
-5
-1
4
3
3
4
2
-1
-3
-5
0
4
4
2
0
-5
-6
-2
-3
-6
-1
6
5
0
-3
-3
-1
2
1
-3
-4
1
5
3
1
0
3
2
-4
-6
-5
-5
-4
-2
-1
-4
-1
0
-1
-1
1
6
4
4
6
3
1
3
4
3
1
2
1
-2
-1
3
3
4
5
3
-6
-6
-3
-3
0
4
4
5
6
-1
-5
-3
0
3
7
4
-2
-1
1
-4
-3
-3
-5
-1
7
-3
-7
1
4
0
3
2
-7
-6
3
0
-6
-2
4
5
3
-1
-3
0
3
3
2
