0
-1
2
2
1
0
2
0
-2
-3
-2
-1
-1
-4
-3
1
2
-1
0
4
2
0
0
-1
-2
-1
-3
1
2
-1
-1
0
0
1
1
1
3
3
1
-1
-3
-2
-3
-4
-3
-3
-2
-2
0
0
-1
0
1
0
1
0
-1
-3
-6
-2
1
1
-2
-2
0
0
-4
-5
-2
1
1
0
3
3
2
1
3
3
1
2
3
4
3
3
4
2
0
0
2
2
2
2
2
3
1
-1
-2
-1
0
1
-1
0
3
0
-1
3
4
3
5
6
3
1
1
1
0
1
1
1
-1
-1
-1
0
1
2
3
2
1
-2
-1
-1
1
0
1
1
1
0
1
0
-1
-1
0
0
0
0
0
0
1
0
1
1
2
3
2
2
3
4
2
1
-1
0
0
-3
-5
-3
-2
0
-2
-4
-3
-2
-3
-2
2
3
1
0
1
-1
1
0
2
1
0
1
0
-1
-1
1
2
2
3
3
3
3
1
-1
3
1
-3
0
-1
-1
1
-2
0
2
-2
-1
3
1
3
3
1
4
5
0
-2
1
0
-3
-3
1
-3
-4
-1
-1
-5
-3
-3
-2
-3
0
0
1
-1
0
1
3
0
4
4
1
-1
-1
-2
-2
0
3
0
-1
-1
0
2
2
1
2
4
3
1
1
2
2
0
3
4
3
1
2
1
-2
-2
0
-1
-3
-2
-1
-1
-3
-2
-1
0
0
1
1
0
1
1
0
-1
-1
0
-1
-1
0
0
2
1
1
1
1
1
1
3
4
2
2
1
1
1
1
0
-1
0
0
-1
1
2
0
-1
-1
0
0
-2
2
3
3
1
0
2
2
1
0
0
1
-1
-2
-1
-2
-1
1
1
1
-1
0
1
-1
0
-1
-2
2
2
-2
-4
2
1
-2
0
2
-1
-2
2
1
-1
0
1
1
2
1
0
-1
0
2
3
3
2
1
1
0
2
2
4
4
1
0
2
0
-1
-1
0
1
-2
-4
-3
-2
-1
0
1
2
1
1
1
1
1
1
2
2
1
-1
1
0
-1
1
3
5
3
3
5
4
1
0
1
0
-1
-2
-2
-3
-2
-1
0
0
0
0
4
3
-2
1
2
-1
3
3
4
4
4
0
3
5
4
2
1
1
1
1
2
1
0
-1
-2
1
0
-1
3
2
1
5
1
-1
1
-1
0
2
-2
-4
-2
-5
-6
-4
-3
0
0
-1
0
-1
0
0
2
4
3
3
2
0
-1
0
-1
0
-1
-2
-5
-5
-5
-3
-3
-3
-4
-4
-4
-4
-1
0
0
1
1
2
1
2
3
3
3
3
1
-1
0
0
1
0
-1
0
2
1
0
-1
1
3
3
1
1
3
4
4
4
4
4
6
5
2
0
0
-1
0
0
2
2
1
0
-1
-3
1
2
4
3
3
4
3
-1
1
3
2
1
-2
-2
-1
0
0
2
0
0
0
0
-1
-2
-3
-1
-1
0
-1
-2
-2
-3
-2
-1
0
-1
-1
0
0
0
1
2
2
0
2
2
0
0
1
3
4
2
0
0
0
1
1
2
1
1
1
1
-2
-4
-3
0
2
1
1
0
1
0
-2
0
2
1
0
-2
-6
-4
-3
-5
-2
1
-3
-2
2
1
-2
0
2
0
-1
1
0
0
0
-1
1
3
1
1
4
3
-1
0
3
1
1
3
3
1
3
3
2
-1
1
2
3
1
0
3
2
-2
-1
0
2
1
3
4
1
1
0
1
-1
1
2
1
0
2
0
-5
-4
-2
0
0
-2
-1
-1
-1
-3
-3
-2
-2
-2
-1
-1
-2
-3
-4
-3
-2
-1
0
0
-1
0
1
2
1
0
0
2
2
0
-1
1
4
3
0
-1
-2
2
-1
-3
-1
-1
-4
-1
-3
-3
1
0
1
5
1
0
-1
-3
-2
-1
0
1
1
-2
-2
-2
0
0
0
0
0
0
1
1
0
-1
-2
-1
2
4
4
4
3
2
1
2
1
-1
-2
-3
-4
-1
1
0
-1
-1
-1
0
1
2
4
5
4
4
4
3
0
1
2
3
1
-2
-2
-2
-1
-3
-2
0
-1
-1
-1
0
0
0
0
0
-1
0
0
-1
-1
0
-1
0
0
1
1
2
3
4
2
2
1
0
0
1
1
1
2
2
1
1
-2
-4
-4
-4
-2
-1
-3
-2
-3
-4
-4
1
0
-1
-3
-1
-1
-1
-1
-3
-1
2
2
2
3
4
4
6
4
3
1
0
2
4
2
3
4
2
-2
0
0
1
0
0
-1
1
3
0
0
3
1
-2
0
5
2
-1
0
0
-2
1
-1
-1
0
-4
2
-1
0
-1
1
6
0
1
2
2
4
0
1
1
1
-1
-3
-4
-1
-1
-2
-1
-2
0
0
-1
1
1
1
1
2
1
-2
1
1
3
0
0
0
0
0
-2
-2
-1
-1
-1
-1
-1
0
0
1
4
4
3
1
1
2
1
-1
0
1
1
-2
-2
0
1
0
1
2
3
3
0
0
1
1
-1
0
-1
0
0
-1
-1
2
2
2
2
0
-1
-1
1
1
-1
-3
-1
-2
-1
-4
-3
-3
-3
-2
-2
0
2
2
3
2
4
4
2
1
0
2
2
0
1
3
2
-1
-1
0
0
-1
-1
1
0
-1
-3
-2
-2
-4
-4
-4
-2
-4
-3
-3
-2
0
0
-3
0
3
0
-1
2
2
-1
2
5
1
-1
2
1
0
2
3
3
2
0
1
2
0
-1
0
-1
-1
-2
-2
-4
-5
-3
-2
-3
-3
-3
-2
-1
-2
-2
1
1
-2
-3
0
1
1
0
1
1
0
-1
2
5
4
4
2
1
1
-1
1
0
0
2
3
2
-1
-1
0
-3
-4
-1
3
1
0
-1
0
-3
0
3
2
3
3
4
3
4
2
2
2
3
2
0
-1
-2
-3
-2
1
0
1
-1
0
-2
-3
-1
1
1
0
-3
-2
-2
-3
-4
-1
1
1
1
0
-1
-2
-2
0
0
-1
-1
0
0
0
-1
0
1
0
-1
-1
0
1
-1
-1
0
0
1
-1
0
2
2
1
0
2
2
-1
2
2
2
4
1
-2
0
-3
-2
5
0
-4
1
1
-2
-3
-1
1
0
0
2
0
0
1
0
-1
0
1
1
1
1
-3
-3
-5
-5
-4
-1
1
1
2
0
0
1
3
2
-2
-1
1
1
1
0
1
2
1
1
2
2
3
4
5
5
2
2
3
2
0
-1
0
0
-1
0
0
1
2
1
1
1
1
1
1
0
-1
-1
1
0
0
1
2
1
-1
-1
3
3
0
1
2
-1
-1
2
1
-1
-1
1
2
1
1
0
2
2
1
0
1
2
2
1
-2
-3
-4
-4
-3
-5
-3
-2
0
0
0
0
2
-1
-5
-2
-4
0
1
-2
1
-2
1
0
-1
4
0
1
-1
-3
-1
-2
0
1
0
0
2
2
4
3
-1
-1
-3
-4
-5
-5
-2
1
3
1
0
1
2
0
-2
1
2
2
-2
0
1
0
1
0
4
3
-1
0
-1
1
0
0
4
2
2
-1
1
2
-1
0
2
4
3
2
1
2
2
2
2
2
1
3
3
2
3
4
4
3
3
1
0
0
-1
-3
-1
1
0
-2
2
1
-2
-1
1
1
-3
-2
1
2
-2
-4
-1
1
-1
-3
0
0
0
2
-1
1
1
0
3
4
0
2
3
2
2
1
0
2
1
0
1
2
3
3
2
1
-1
0
0
-1
-2
-2
-2
-2
-1
-1
0
-1
0
1
-2
-3
-3
-2
-1
-1
-4
-4
-4
-2
-4
-5
1
1
0
3
1
0
3
1
1
4
0
1
1
-1
1
1
1
1
2
1
0
-2
-3
-2
-1
-1
0
-1
-1
0
-1
-2
-2
-2
-1
0
-1
-2
0
1
2
0
0
1
2
2
1
-1
1
2
0
0
-1
0
0
0
1
1
1
3
5
5
3
1
2
2
1
-2
-1
-1
-2
-1
2
1
-1
0
1
0
-1
0
0
0
3
4
2
0
0
1
2
2
0
-1
1
1
-1
-2
-2
0
1
-1
-2
-3
-2
-1
-1
-1
0
0
0
0
1
1
0
2
2
2
1
0
0
0
1
2
0
-1
-2
-1
0
1
2
1
-2
-1
-2
-3
-2
1
2
0
-2
-2
0
0
-1
0
2
1
1
-1
0
0
-4
-3
-1
-1
-2
0
2
-1
-2
1
0
-4
-5
-4
-1
-2
-2
0
0
1
0
-1
2
3
-1
2
4
2
1
0
2
2
-1
-1
2
3
3
4
2
1
-2
-3
2
1
-2
0
2
1
-1
-2
-1
-2
-1
-1
1
-1
-1
-1
2
1
-2
-5
-3
-2
-3
-3
-1
-1
-2
-2
-1
-2
-2
-1
1
-1
-4
-4
-2
-1
-3
-3
0
3
3
0
0
1
1
1
0
2
3
5
5
4
1
-2
-2
-1
1
0
0
-2
-3
0
0
5
4
2
2
0
1
1
0
-1
-3
-2
-1
1
2
1
-1
-2
-2
-2
-1
0
0
0
1
1
1
1
2
0
1
0
0
0
-1
-1
0
0
-2
-4
-3
-1
0
0
-1
-3
-3
-2
1
2
1
-1
1
1
3
3
3
2
1
0
0
0
0
0
2
1
0
-2
-1
0
1
2
0
-2
-1
0
0
0
0
0
0
1
3
2
0
2
1
1
0
0
0
1
2
3
5
4
3
1
-2
-2
-2
-2
0
1
2
-2
-3
-4
-5
-4
-2
-1
-1
1
1
0
-3
-6
-5
-4
1
7
10
9
3
1
0
1
-1
-1
8
5
1
4
1
-3
0
5
3
1
-2
-2
-4
-2
-3
-4
-3
-4
-4
-3
-3
-2
-2
-2
-4
-1
0
-1
1
2
-1
1
1
0
0
3
1
3
5
0
1
0
-3
0
-1
-1
-1
1
2
2
-1
-3
-5
-2
-2
-2
-4
-7
-6
-5
-2
0
1
1
1
1
0
-1
0
1
2
3
3
3
3
6
4
1
1
-2
-3
0
0
-1
4
0
0
2
-4
-5
-3
-4
-3
-1
-1
0
0
-2
-1
0
3
5
5
5
2
0
-2
-4
-2
-2
-1
1
2
2
3
2
0
0
-1
2
5
7
4
1
0
-4
-5
0
6
4
0
3
4
3
4
7
5
3
6
6
6
8
7
7
6
5
1
-2
-3
-6
-10
-8
-5
-1
3
-1
-7
-5
-10
-14
-10
-10
-9
-5
-5
-5
-9
-11
-9
-8
-5
-1
0
3
4
1
3
5
5
10
14
13
14
7
4
7
-3
-6
1
0
1
2
1
2
2
-1
-1
3
0
-1
-4
-5
-7
-9
-8
-7
-5
1
6
15
19
21
23
19
17
15
11
5
-5
-16
-23
-29
-15
-2
10
27
19
12
4
-1
10
26
38
44
13
-2
-30
-91
-63
-91
-93
10
12
84
139
58
-1
-116
-223
-244
-205
-123
-74
-137
-263
-442
-667
-662
-410
-51
548
1091
1265
1069
430
-271
-785
-1051
-688
44
792
1557
1829
1450
854
174
-403
-523
-284
152
651
859
753
362
-191
-508
-728
-803
-601
-413
-314
-265
-190
-180
-225
-211
-232
-340
-476
-517
-510
-457
-351
-174
-25
33
60
-83
-215
-219
-142
-11
82
195
224
149
91
37
-33
-61
-9
-56
-104
22
88
82
149
207
119
-68
-278
-420
-418
-400
-231
-72
-33
67
-74
-296
-355
-381
-275
-36
86
130
141
43
-22
-83
41
167
184
348
373
382
391
336
427
424
316
310
305
231
199
192
225
349
345
304
299
162
9
-165
-243
-155
-77
62
209
305
324
283
291
288
238
196
182
208
225
221
258
263
279
332
308
317
336
293
262
181
45
25
40
-22
-48
-192
-390
-446
-510
-492
-479
-566
-585
-711
-862
-946
-1095
-1165
-1207
-1277
-1280
-1289
-1340
-1364
-1352
-1332
-1293
-1220
-1034
-784
-631
-545
-420
-329
-274
-148
41
268
440
628
845
1012
1162
1256
1425
1555
1533
1455
1361
1349
1333
1330
1378
1394
1352
1273
1201
1141
1108
1123
1196
1238
1183
1090
958
805
718
674
660
739
819
796
711
554
351
220
157
158
210
251
259
184
-26
-221
-391
-719
-1083
-1479
-1882
-2159
-2359
-2473
-2612
-2728
-2803
-2978
-3100
-3045
-2840
-2587
-2384
-2256
-2144
-2030
-1937
-1722
-1398
-1042
-645
-267
146
527
859
1167
1413
1664
1770
1779
1808
1800
1820
1805
1722
1674
1660
1587
1474
1389
1261
1100
906
695
493
237
7
-237
-459
-613
-792
-934
-1096
-1197
-1219
-1283
-1239
-1060
-806
-503
-219
13
262
502
719
1045
1370
1621
1850
2025
2217
2350
2372
2424
2490
2523
2526
2514
2458
2343
2218
2054
1840
1594
1353
1134
852
567
316
114
-3
-110
-222
-399
-637
-859
-1085
-1288
-1534
-1897
-2311
-2748
-3187
-3618
-3934
-4044
-4018
-4026
-4093
-4053
-3922
-3686
-3333
-3043
-2744
-2419
-2173
-1931
-1665
-1391
-1043
-646
-250
216
722
1213
1676
2019
2214
2349
2393
2325
2241
2118
1936
1717
1527
1347
1147
1018
880
731
544
246
-63
-337
-572
-808
-1066
-1403
-1733
-1957
-2138
-2154
-1982
-1632
-1105
-643
-195
303
754
1255
1789
2238
2601
2885
3132
3445
3725
3960
4276
4550
4764
4872
4890
4907
4871
4712
4438
4111
3640
3164
2705
2122
1569
1119
718
350
-19
-443
-835
-1250
-1768
-2357
-3061
-3819
-4648
-5423
-6059
-6629
-7062
-7366
-7482
-7495
-7425
-7083
-6494
-5708
-4986
-4450
-3967
-3539
-3048
-2576
-2039
-1356
-687
-98
381
935
1600
2365
3078
3650
4210
4519
4563
4463
4268
4012
3569
3078
2619
2133
1623
1058
575
161
-244
-604
-920
-1110
-1329
-1683
-2092
-2517
-2828
-3055
-3133
-2944
-2520
-1959
-1472
-953
-275
508
1298
2003
2739
3428
3985
4459
4841
5225
5591
5789
5895
6049
6126
6094
6066
6005
5863
5604
5187
4720
4218
3568
2814
2079
1377
679
-60
-776
-1377
-1928
-2522
-3170
-3876
-4657
-5514
-6392
-7203
-7862
-8336
-8640
-8844
-8975
-8966
-8747
-8250
-7574
-6849
-6060
-5189
-4309
-3461
-2719
-2039
-1242
-496
130
724
1365
2163
2944
3592
4085
4535
4944
5153
5209
5109
4950
4675
4146
3543
2918
2257
1622
1031
466
-32
-409
-754
-1047
-1322
-1610
-1857
-2111
-2273
-2383
-2422
-2329
-2114
-1739
-1381
-918
-180
636
1417
2112
2761
3433
4087
4613
5055
5473
5772
5967
6053
6119
6229
6183
6034
5856
5586
5344
4999
4621
4240
3627
2881
2070
1267
438
-443
-1303
-2265
-3312
-4479
-5595
-6554
-7387
-8068
-8661
-9063
-9400
-9675
-9716
-9542
-9141
-8626
-8141
-7553
-6807
-6024
-5157
-4267
-3323
-2364
-1557
-762
125
1142
2086
2833
3488
4076
4620
4989
5241
5453
5523
5414
4974
4426
3979
3474
2912
2242
1542
934
353
-216
-733
-1130
-1498
-1886
-2232
-2461
-2553
-2563
-2482
-2316
-2117
-1883
-1520
-924
-189
521
1192
1943
2795
3587
4247
4883
5475
5950
6254
6390
6541
6709
6721
6611
6447
6247
6028
5661
5195
4747
4208
3522
2770
2006
1322
653
-191
-1194
-2276
-3477
-4710
-5846
-6861
-7686
-8311
-8860
-9360
-9699
-9754
-9512
-9092
-8631
-8171
-7608
-6927
-6221
-5468
-4641
-3792
-2970
-2277
-1651
-864
107
1096
1931
2578
3240
3935
4398
4665
4960
5198
5174
4879
4491
4203
3927
3387
2600
1806
1055
334
-306
-863
-1304
-1664
-2131
-2655
-2982
-3064
-3043
-2997
-2852
-2574
-2257
-1904
-1389
-714
0
666
1333
2080
2855
3602
4328
5038
5641
6043
6375
6740
7056
7201
7149
6945
6687
6341
5862
5457
5050
4618
4016
3294
2693
2006
1447
882
139
-585
-1562
-2747
-3852
-4870
-5945
-6900
-7678
-8442
-8929
-9275
-9550
-9398
-9009
-8633
-8219
-7683
-7054
-6171
-5295
-4794
-4058
-3222
-2646
-2094
-1447
-597
218
971
1676
2361
3133
3809
4260
4605
4861
4911
4787
4414
4049
3717
3242
2535
1807
1411
869
272
-193
-529
-870
-1433
-1887
-2289
-2481
-2577
-2748
-2729
-2615
-2385
-2196
-1875
-1233
-552
177
816
1566
2460
3251
3980
4517
5086
5526
5797
6063
6256
6529
6559
6468
6350
6186
6044
5732
5465
5164
4755
4215
3596
3050
2461
1740
911
128
-614
-1482
-2535
-3604
-4536
-5440
-6394
-7227
-7734
-8049
-8452
-8872
-8967
-8647
-8229
-7923
-7552
-6889
-6107
-5508
-5059
-4453
-3616
-2849
-2333
-1833
-1055
-129
588
1105
1739
2522
3186
3589
3907
4293
4550
4454
4074
3714
3489
3089
2487
1958
1448
924
417
-211
-666
-782
-1055
-1483
-1702
-1887
-2026
-1987
-2033
-2025
-1765
-1566
-1420
-1055
-599
-119
440
1032
1713
2420
3105
3839
4591
5190
5611
6028
6381
6600
6634
6591
6510
6250
5893
5472
5130
4766
4346
3948
3400
3046
2619
1904
1387
770
134
-551
-1564
-2570
-3550
-4589
-5776
-6746
-7473
-8103
-8522
-8945
-9149
-9146
-8851
-8373
-7970
-7378
-6692
-5971
-5346
-4747
-4020
-3296
-2626
-2012
-1380
-695
40
734
1306
1828
2415
3049
3505
3755
4014
4268
4226
3890
3622
3472
3167
2674
2109
1492
965
620
137
-434
-814
-1208
-1796
-2353
-2567
-2574
-2487
-2553
-2568
-2223
-1936
-1506
-882
-84
725
1397
2162
2910
3757
4413
4924
5426
5743
6045
6305
6634
6884
6903
6780
6585
6440
6271
6034
5738
5388
4870
4146
3377
2721
2149
1461
624
-274
-1231
-2304
-3451
-4535
-5546
-6569
-7556
-8325
-8852
-9262
-9590
-9698
-9527
-9219
-8882
-8421
-7711
-6867
-6117
-5503
-4845
-4046
-3240
-2554
-1866
-1039
-175
522
1097
1782
2599
3313
3805
4223
4644
4930
4907
4664
4454
4240
3811
3126
2425
1871
1347
690
38
-422
-752
-1094
-1572
-1782
-1801
-1983
-2105
-2163
-2028
-1842
-1735
-1538
-1168
-682
-361
103
870
1655
2450
3179
3882
4655
5329
5772
6210
6662
6918
6932
6785
6668
6616
6407
5960
5540
5224
4794
4205
3605
3045
2472
1794
975
118
-725
-1688
-2831
-4016
-5125
-6116
-6998
-7817
-8519
-9054
-9484
-9747
-9719
-9437
-9003
-8476
-7901
-7210
-6393
-5553
-4692
-3791
-2967
-2263
-1634
-982
-201
558
1103
1603
2196
2750
3195
3574
3992
4411
4521
4320
4178
4072
3783
3326
2760
2188
1669
1067
423
-46
-394
-830
-1312
-1613
-1675
-1670
-1777
-1873
-1737
-1531
-1476
-1380
-1037
-561
-148
179
606
1284
2046
2706
3361
4132
4890
5482
5937
6363
6782
7019
6938
6738
6597
6374
6004
5601
5188
4714
4123
3407
2779
2330
1819
1090
231
-708
-1698
-2764
-3899
-4951
-5881
-6795
-7695
-8489
-9068
-9388
-9507
-9421
-9137
-8722
-8183
-7493
-6686
-5870
-5085
-4323
-3610
-2955
-2270
-1565
-899
-239
318
867
1433
2034
2595
3045
3582
3972
4183
4228
4112
4108
3892
3432
2929
2405
1945
1361
793
256
-196
-574
-1104
-1394
-1539
-1640
-1794
-1962
-1837
-1732
-1612
-1499
-1215
-774
-481
-171
220
840
1464
2007
2613
3309
4078
4710
5192
5743
6333
6668
6817
6829
6880
6880
6620
6311
5933
5538
4920
4183
3576
2895
2251
1548
725
-129
-1070
-2122
-3212
-4193
-5184
-6148
-6994
-7821
-8506
-9008
-9247
-9308
-9253
-9026
-8719
-8097
-7366
-6597
-5712
-4893
-4007
-3258
-2633
-1903
-1121
-406
159
618
1107
1711
2249
2678
3122
3622
3969
4092
4113
4124
4128
3832
3362
2902
2424
1889
1207
560
52
-356
-844
-1361
-1593
-1681
-1767
-1914
-2003
-1812
-1682
-1678
-1527
-1166
-770
-523
-207
290
944
1554
2014
2630
3402
4120
4686
5209
5785
6307
6568
6574
6633
6733
6610
6270
5921
5604
5205
4608
3925
3370
2845
2165
1404
671
-96
-993
-2083
-3214
-4170
-5087
-6068
-6980
-7705
-8359
-8935
-9266
-9341
-9135
-8856
-8530
-7962
-7210
-6384
-5629
-4831
-3928
-3136
-2493
-1877
-1135
-362
178
582
1088
1702
2252
2639
3107
3615
3978
4109
4048
4176
4194
3860
3354
2802
2311
1635
897
236
-262
-732
-1451
-1992
-2209
-2271
-2348
-2491
-2393
-2098
-1863
-1763
-1523
-995
-529
-205
165
707
1402
1973
2450
3114
3920
4600
5149
5782
6482
7019
7228
7262
7374
7426
7215
6852
6547
6212
5643
4877
4170
3642
3001
2208
1374
594
-190
-1276
-2446
-3481
-4408
-5396
-6435
-7320
-8071
-8639
-9156
-9469
-9433
-9300
-9081
-8714
-8101
-7324
-6539
-5795
-4966
-4028
-3256
-2612
-1847
-994
-262
289
779
1362
1991
2452
2825
3288
3729
3965
4054
4153
4304
4266
3883
3396
2988
2552
1936
1229
574
-2
-647
-1475
-2136
-2476
-2759
-3031
-3238
-3165
-2928
-2781
-2524
-2079
-1400
-810
-355
276
966
1687
2302
2892
3582
4236
4784
5280
5824
6297
6734
6980
7095
7274
7249
7092
6909
6673
6329
5795
5214
4599
3965
3223
2371
1549
584
-510
-1699
-2846
-3864
-4927
-5958
-6898
-7647
-8306
-8914
-9263
-9340
-9195
-9031
-8771
-8279
-7640
-6916
-6298
-5615
-4765
-4028
-3392
-2758
-1997
-1153
-482
36
612
1336
2000
2492
2948
3468
3916
4074
4063
4138
4237
4024
3504
3003
2564
2036
1363
660
164
-205
-728
-1290
-1605
-1700
-1830
-2081
-2165
-1952
-1764
-1737
-1587
-1178
-765
-523
-247
239
833
1336
1735
2293
3094
3791
4269
4806
5485
6125
6485
6625
6809
6977
6869
6526
6241
6003
5611
4972
4328
3862
3298
2575
1816
1173
559
-327
-1343
-2300
-3141
-4055
-5147
-6075
-6794
-7439
-8111
-8730
-8912
-8776
-8685
-8597
-8221
-7507
-6805
-6188
-5493
-4569
-3569
-2917
-2429
-1734
-910
-245
110
437
973
1575
1912
2074
2514
2983
3180
3196
3155
3347
3392
3048
2656
2328
1992
1391
760
243
-227
-667
-1258
-1670
-1849
-2030
-2185
-2250
-2121
-1861
-1623
-1372
-912
-350
82
466
956
1552
2109
2541
2985
3556
4103
4457
4857
5379
5835
6084
6183
6385
6594
6660
6454
6267
6136
5738
5213
4569
4151
3653
2828
1847
802
-43
-1091
-2226
-3331
-4275
-5123
-6151
-7016
-7631
-7920
-8217
-8515
-8576
-8399
-7952
-7668
-7266
-6597
-5938
-5309
-4848
-4233
-3434
-2689
-2082
-1629
-993
-329
295
800
1269
1945
2382
2702
2949
3172
3523
3529
3349
3160
2939
2692
2221
1733
1339
950
459
-162
-570
-781
-1034
-1354
-1653
-1716
-1624
-1649
-1695
-1496
-1139
-865
-668
-379
127
672
1071
1485
2060
2663
3186
3687
4223
4781
5226
5507
5801
6122
6349
6373
6289
6191
6014
5651
5117
4666
4176
3610
2932
2237
1606
725
-203
-1170
-2015
-2886
-3922
-4768
-5593
-6273
-6959
-7564
-7823
-7932
-7979
-8034
-7767
-7260
-6771
-6247
-5629
-4871
-4153
-3579
-3008
-2231
-1445
-954
-566
-59
554
1036
1302
1625
2120
2542
2597
2661
2858
3038
3082
2755
2508
2367
2101
1588
1032
756
329
-148
-678
-1086
-1140
-1349
-1583
-1675
-1618
-1409
-1259
-1057
-735
-361
-30
154
540
1090
1505
1918
2297
2799
3320
3723
4171
4594
5092
5405
5561
5811
5969
6043
5947
5740
5530
5211
4713
4147
3688
3183
2492
1645
762
-40
-889
-1895
-2821
-3543
-4274
-5053
-5820
-6464
-6795
-6973
-7211
-7318
-7154
-6853
-6479
-6058
-5549
-4899
-4265
-3752
-3250
-2684
-2063
-1461
-1046
-709
-249
255
647
923
1268
1676
1959
2043
2169
2400
2599
2567
2274
2135
1924
1558
1007
441
116
-476
-1024
-1521
-1852
-1926
-2261
-2448
-2380
-2117
-1844
-1671
-1301
-756
-236
85
446
1032
1611
1929
2172
2596
3102
3481
3710
4084
4610
4972
5156
5365
5660
5907
5936
5821
5759
5656
5320
4819
4321
3855
3284
2523
1672
873
72
-869
-1874
-2731
-3436
-4163
-4904
-5538
-6009
-6305
-6507
-6664
-6674
-6510
-6258
-5926
-5533
-5068
-4497
-3933
-3488
-3077
-2574
-1979
-1398
-991
-683
-240
321
715
934
1287
1722
2051
2112
2078
2301
2458
2352
2028
1692
1576
1257
709
230
-152
-455
-949
-1424
-1617
-1715
-1814
-1987
-1991
-1728
-1530
-1462
-1289
-883
-479
-253
-16
429
957
1341
1623
2010
2581
3109
3428
3751
4228
4710
4975
5119
5309
5501
5517
5322
5162
4974
4702
4255
3723
3285
2760
2271
1693
1120
546
-194
-903
-1635
-2249
-2937
-3660
-4273
-4930
-5520
-6025
-6213
-6255
-6373
-6379
-6214
-5782
-5286
-4841
-4248
-3596
-2946
-2468
-2118
-1476
-796
-358
-169
-1
435
697
761
887
1103
1387
1406
1400
1577
1811
1976
1752
1582
1570
1506
1265
711
453
109
-393
-999
-1582
-1687
-2001
-2304
-2583
-2573
-2181
-2050
-1736
-1290
-600
5
349
986
1700
2348
2654
2872
3326
3685
3869
3861
4076
4415
4406
4337
4382
4658
4854
4729
4627
4654
4692
4441
4043
3755
3507
3006
2121
1241
570
-146
-1180
-2271
-3072
-3682
-4429
-5248
-5779
-5920
-5942
-6115
-6154
-5900
-5441
-5051
-4721
-4232
-3691
-3107
-2836
-2626
-2141
-1651
-1277
-1145
-929
-542
-117
177
384
852
1262
1549
1693
1797
2164
2307
2233
2039
1798
1690
1315
841
381
25
-300
-917
-1329
-1520
-1587
-1659
-1902
-1841
-1612
-1418
-1250
-1033
-621
-276
-3
200
530
1014
1313
1575
1816
2212
2625
2823
3165
3551
3888
4093
4183
4427
4599
4590
4499
4333
4231
3990
3550
3148
2779
2432
1895
1246
671
78
-569
-1374
-2039
-2560
-3174
-3766
-4393
-4869
-5135
-5331
-5447
-5512
-5423
-5235
-4938
-4483
-4077
-3544
-2906
-2423
-1915
-1481
-969
-362
6
294
496
817
1086
1151
1284
1394
1580
1524
1366
1451
1535
1580
1362
1130
1024
847
665
347
133
-2
-334
-680
-993
-1098
-1111
-1296
-1440
-1415
-1238
-1109
-973
-659
-305
58
322
587
1121
1643
1904
2135
2449
2814
3086
3236
3425
3665
3728
3632
3655
3713
3748
3627
3337
3151
2965
2743
2391
1995
1577
946
288
-428
-1088
-1659
-2376
-3071
-3681
-4247
-4748
-5101
-5223
-5266
-5275
-5216
-4969
-4468
-3990
-3581
-3078
-2511
-2016
-1647
-1284
-749
-190
30
113
388
776
1098
1210
1295
1566
1749
1736
1689
1733
1950
1889
1547
1303
1204
1088
626
226
-59
-283
-602
-1114
-1246
-1280
-1410
-1659
-1771
-1515
-1300
-1239
-1147
-733
-317
-91
89
461
936
1239
1459
1694
2189
2476
2611
2865
3152
3501
3518
3537
3689
3802
3724
3495
3449
3323
3009
2507
2053
1838
1453
787
84
-418
-934
-1696
-2483
-3024
-3310
-3817
-4459
-4871
-5009
-4914
-4966
-4900
-4650
-4275
-3807
-3447
-2887
-2255
-1618
-1174
-872
-345
220
736
971
1150
1460
1707
1907
1924
2008
2239
2220
2053
1888
1821
1851
1588
1209
917
729
521
39
-325
-582
-823
-1147
-1631
-1727
-1701
-1784
-1892
-1984
-1722
-1495
-1406
-1222
-869
-319
-21
234
647
1121
1599
1847
2169
2569
2894
3136
3268
3584
3787
3786
3685
3581
3664
3454
3147
2849
2585
2303
1623
1156
789
458
-78
-965
-1510
-2112
-2690
-3402
-4102
-4324
-4778
-5235
-5657
-5766
-5391
-5303
-5135
-4876
-4311
-3509
-3027
-2381
-1722
-917
-255
95
675
1250
1850
2106
2160
2422
2707
2992
2934
2932
3085
2994
2879
2638
2571
2551
2086
1640
1222
873
487
-74
-473
-959
-1356
-1806
-2187
-2239
-2380
-2386
-2517
-2427
-2092
-1910
-1548
-1330
-842
-349
-65
469
913
1514
1923
2115
2576
2933
3253
3474
3642
3982
4065
3970
3921
3901
3883
3612
3248
2925
2599
2090
1461
970
485
-33
-878
-1743
-2370
-3098
-3770
-4581
-5123
-5407
-5959
-6417
-6679
-6523
-6240
-6141
-5883
-5400
-4588
-3888
-3325
-2508
-1637
-791
-232
296
1035
1768
2282
2449
2781
3203
3501
3613
3582
3772
3914
3781
3453
3271
3308
3087
2588
2040
1648
1298
715
23
-530
-868
-1374
-1985
-2408
-2545
-2490
-2724
-2837
-2616
-2221
-1892
-1756
-1274
-662
-125
228
590
1269
1820
2161
2448
2883
3337
3586
3741
3960
4276
4374
4235
4175
4214
4143
3815
3384
3022
2633
1945
1185
691
162
-600
-1621
-2498
-3091
-3852
-4747
-5552
-5904
-6243
-6861
-7306
-7312
-6897
-6729
-6636
-6181
-5382
-4486
-3893
-3180
-2210
-1212
-459
24
800
1740
2444
2732
2920
3451
3894
4075
4067
4218
4506
4382
4103
3862
3841
3739
3160
2622
2172
1743
1202
444
-162
-685
-1285
-1984
-2565
-2753
-2876
-3087
-3267
-3224
-2848
-2507
-2271
-1783
-1116
-567
-129
366
1062
1754
2128
2422
2921
3427
3705
3876
4124
4395
4484
4359
4263
4320
4286
4005
3629
3302
2981
2458
1691
1039
561
-161
-1199
-2215
-3004
-3759
-4738
-5701
-6301
-6687
-7209
-7760
-7955
-7710
-7419
-7242
-6871
-6193
-5294
-4492
-3720
-2767
-1774
-809
-98
593
1480
2303
2939
3266
3663
4202
4518
4676
4742
4926
5016
4843
4575
4301
4243
3921
3374
2843
2297
1843
1213
546
-112
-616
-1090
-1780
-2292
-2550
-2625
-2836
-3107
-3008
-2678
-2429
-2250
-1804
-1149
-635
-257
256
957
1614
2084
2487
3010
3515
3817
4077
4353
4564
4600
4504
4453
4460
4325
3920
3551
3168
2695
2069
1305
805
214
-626
-1696
-2678
-3426
-4301
-5198
-6104
-6663
-7131
-7799
-8239
-8326
-8090
-7881
-7681
-7224
-6438
-5516
-4738
-3894
-2841
-1742
-822
-81
719
1701
2569
3032
3400
3937
4459
4756
4845
4975
5180
5208
4943
4701
4637
4466
4111
3509
2964
2548
2032
1398
694
225
-344
-982
-1519
-1943
-2110
-2418
-2685
-2752
-2624
-2423
-2259
-1879
-1475
-992
-529
-63
633
1242
1776
2256
2743
3313
3695
3978
4240
4489
4666
4559
4477
4469
4362
4041
3492
3119
2730
2146
1428
733
204
-661
-1770
-2876
-3768
-4538
-5546
-6450
-7209
-7786
-8347
-8841
-8899
-8732
-8441
-8211
-7776
-6905
-5950
-5019
-4194
-3168
-1997
-1116
-318
564
1581
2417
2837
3337
4007
4569
4869
5042
5313
5556
5580
5387
5341
5343
5081
4636
4060
3665
3175
2486
1741
978
481
-318
-1141
-1638
-1986
-2188
-2685
-3016
-2872
-2599
-2462
-2318
-1807
-1195
-770
-413
183
978
1594
1937
2335
2918
3417
3726
3949
4263
4605
4665
4517
4523
4657
4582
4195
3701
3337
2963
2312
1548
899
176
-832
-1996
-3069
-3977
-4903
-5976
-6914
-7520
-8075
-8713
-9120
-9095
-8841
-8637
-8422
-7863
-6953
-6078
-5376
-4573
-3504
-2404
-1549
-794
180
1261
2043
2495
3029
3824
4507
4796
4994
5403
5798
5842
5633
5580
5657
5417
4843
4301
3899
3431
2683
1832
1227
718
2
-798
-1350
-1664
-1995
-2425
-2688
-2597
-2440
-2434
-2385
-1949
-1406
-1036
-709
-165
591
1134
1562
2014
2741
3287
3523
3915
4259
4748
4794
4726
4854
4880
4866
4342
3995
3675
3142
2427
1524
1000
363
-593
-1733
-2732
-3548
-4512
-5536
-6429
-6997
-7560
-8294
-8846
-8947
-8820
-8756
-8674
-8313
-7565
-6792
-6119
-5251
-4132
-3051
-2207
-1426
-423
706
1589
2197
2800
3505
4136
4544
4846
5192
5485
5525
5367
5318
5382
5252
4862
4396
3994
3628
3116
2474
1947
1480
849
133
-434
-801
-1102
-1515
-1939
-2079
-1999
-1977
-1962
-1743
-1355
-933
-585
-168
505
1199
1733
2182
2687
3256
3779
4079
4350
4696
4811
4786
4637
4621
4537
4151
3741
3204
2822
2219
1443
931
226
-588
-1611
-2668
-3546
-4524
-5490
-6494
-7303
-7986
-8731
-9224
-9485
-9396
-9268
-9167
-8717
-7946
-7010
-6258
-5353
-4270
-3235
-2290
-1511
-495
597
1404
1903
2417
3134
3745
4108
4382
4750
5163
5369
5276
5354
5568
5499
5113
4631
4395
4063
3435
2703
2076
1565
739
-147
-792
-1229
-1520
-2021
-2361
-2335
-2168
-1992
-1869
-1384
-747
-191
265
817
1674
2299
2710
3124
3691
4158
4272
4477
4788
5077
5004
4708
4757
4819
4634
4183
3737
3506
3055
2341
1587
1043
497
-498
-1699
-2851
-3784
-4761
-6028
-7155
-7901
-8564
-9374
-10012
-10125
-9860
-9715
-9617
-9108
-8149
-7186
-6439
-5582
-4450
-3279
-2498
-1793
-861
160
989
1368
1852
2516
3191
3629
3861
4361
4794
5000
4989
5075
5301
5237
4918
4411
4076
3745
3088
2409
1741
1207
589
-159
-673
-991
-1188
-1564
-1779
-1683
-1498
-1283
-1232
-841
-273
154
514
942
1609
2185
2550
2842
3356
3881
4199
4382
4665
5029
5107
5062
4939
4984
4898
4469
4005
3557
3196
2460
1567
832
138
-676
-1826
-2855
-3739
-4682
-5720
-6740
-7352
-7897
-8552
-9144
-9426
-9273
-9193
-9044
-8654
-7981
-7185
-6541
-5671
-4660
-3554
-2598
-1818
-906
41
984
1648
2171
2739
3294
3717
3932
4191
4531
4642
4469
4359
4309
4303
4085
3706
3406
3030
2619
2074
1662
1277
812
319
-251
-503
-696
-912
-1108
-1209
-1037
-822
-543
-287
166
758
1123
1581
2136
2773
3328
3584
3950
4413
4793
4973
5081
5308
5390
5288
5051
4925
4819
4357
3706
3016
2428
1797
939
29
-902
-1864
-3005
-4225
-5210
-6059
-6925
-7879
-8722
-9294
-9707
-9955
-10032
-9840
-9471
-9081
-8507
-7659
-6587
-5583
-4684
-3693
-2682
-1671
-725
237
1091
1688
2227
2799
3397
3792
4081
4376
4586
4637
4537
4540
4546
4395
4016
3547
3206
2835
2339
1717
1174
760
226
-363
-796
-945
-1076
-1408
-1596
-1435
-1095
-909
-780
-338
264
704
995
1527
2337
3032
3444
3851
4437
5021
5410
5658
6020
6297
6354
6209
6105
6130
5851
5356
4734
4225
3618
2705
1888
1090
290
-861
-2173
-3217
-4248
-5310
-6529
-7502
-8173
-9000
-9740
-10204
-10182
-10070
-10164
-9955
-9401
-8521
-7744
-7048
-5975
-4803
-3764
-2949
-2059
-922
162
899
1362
1992
2763
3325
3554
3765
4179
4496
4449
4282
4349
4452
4220
3739
3380
3157
2780
2189
1628
1221
762
120
-527
-969
-1217
-1522
-1953
-2198
-2111
-1911
-1827
-1690
-1165
-401
109
499
1322
2359
3108
3597
4241
5084
5745
5979
6209
6758
7005
6891
6609
6479
6434
5948
5383
4779
4371
3817
2816
2019
1371
749
-245
-1524
-2495
-3326
-4429
-5810
-6921
-7615
-8351
-9365
-10156
-10347
-10293
-10335
-10305
-9816
-8965
-8110
-7298
-6297
-5058
-3831
-2836
-1979
-994
85
974
1542
1971
2528
3116
3431
3585
3861
4180
4320
4236
4124
4178
4207
3958
3562
3189
2831
2405
1805
1129
600
82
-638
-1384
-1846
-2027
-2245
-2610
-2723
-2397
-2018
-1802
-1439
-701
126
726
1299
2150
3124
3862
4384
4983
5669
6165
6409
6648
6975
7158
7007
6719
6557
6415
5999
5338
4723
4173
3395
2376
1495
846
-9
-1302
-2641
-3668
-4615
-5830
-7094
-8025
-8731
-9509
-10313
-10733
-10672
-10448
-10314
-10050
-9356
-8339
-7345
-6523
-5451
-4217
-3112
-2236
-1432
-276
772
1434
1836
2414
3189
3640
3901
4046
4378
4659
4526
4372
4344
4385
4081
3521
3057
2687
2367
1676
915
417
-94
-698
-1414
-1756
-1850
-2082
-2406
-2489
-2034
-1685
-1481
-1160
-578
209
728
1255
2020
2901
3574
4048
4658
5373
6003
6370
6644
7030
7288
7206
7068
7059
6946
6544
5862
5218
4732
4008
2968
2047
1240
225
-1035
-2369
-3518
-4502
-5652
-6853
-7778
-8536
-9281
-9953
-10329
-10309
-10118
-10000
-9712
-9018
-8078
-7210
-6457
-5480
-4384
-3325
-2462
-1639
-566
368
1063
1508
2145
2922
3366
3659
3913
4305
4446
4312
4288
4317
4272
3798
3206
2785
2413
1976
1248
599
88
-463
-1083
-1718
-1946
-2110
-2379
-2614
-2614
-2262
-2017
-1706
-1229
-583
60
540
1262
2148
2977
3549
4052
4728
5372
5845
6199
6590
6921
7036
6955
6888
6905
6787
6338
5692
5134
4591
3820
2917
2087
1221
92
-1207
-2443
-3554
-4651
-5806
-6919
-7874
-8679
-9392
-9925
-10101
-10033
-9925
-9742
-9257
-8448
-7521
-6648
-5738
-4668
-3652
-2716
-1841
-844
226
977
1544
2034
2674
3306
3643
3918
4174
4422
4453
4295
4249
4238
4006
3479
2909
2472
2029
1385
628
5
-464
-1019
-1745
-2270
-2420
-2539
-2835
-3027
-2777
-2371
-2145
-1883
-1336
-560
74
569
1326
2295
3043
3646
4273
4932
5696
6061
6385
6884
7195
7345
7137
7109
7114
6786
6287
5643
5208
4531
3483
2549
1785
925
-295
-1623
-2819
-3795
-4947
-6323
-7218
-7920
-8646
-9477
-10111
-10043
-9916
-9818
-9700
-9180
-8202
-7413
-6601
-5680
-4532
-3416
-2601
-1765
-736
361
1226
1768
2272
3020
3612
3961
4111
4384
4747
4632
4457
4335
4380
4223
3562
3066
2628
2225
1576
696
147
-448
-1117
-1913
-2570
-2739
-3039
-3391
-3655
-3542
-3043
-2814
-2513
-1907
-1033
-219
303
1136
2195
3096
3676
4204
5004
5660
6040
6289
6678
7075
7042
6912
6880
6950
6829
6308
5897
5500
4941
4142
3233
2585
1718
487
-900
-2151
-3211
-4481
-5768
-6899
-7768
-8611
-9486
-9969
-10062
-9884
-9834
-9640
-8944
-8054
-7119
-6338
-5322
-4127
-3217
-2400
-1609
-540
388
896
1379
1878
2620
3147
3440
3786
4101
4462
4452
4407
4517
4459
4174
3521
3057
2674
2042
1314
513
-17
-664
-1441
-2021
-2446
-2591
-2909
-3128
-3014
-2803
-2465
-2289
-1855
-1214
-723
-197
322
1174
1978
2447
2986
3620
4402
4870
5155
5694
6191
6515
6448
6432
6605
6527
6241
5694
5314
4840
4029
3173
2315
1682
680
-571
-1749
-2798
-3725
-4960
-6021
-6814
-7445
-8158
-8968
-9279
-9243
-9070
-8947
-8672
-7974
-7162
-6326
-5503
-4549
-3409
-2443
-1617
-762
215
1173
1766
2248
2757
3301
3748
3903
4157
4372
4390
4321
4086
3983
3831
3445
2947
2374
1993
1498
858
214
-404
-810
-1465
-2030
-2294
-2516
-2655
-2944
-2922
-2609
-2279
-1917
-1556
-901
-266
298
964
1706
2539
3128
3602
4136
4708
5251
5556
5853
6144
6293
6274
6099
6071
5961
5599
5016
4351
3873
3182
2325
1474
584
-373
-1702
-2916
-3925
-4950
-6003
-7131
-7938
-8621
-9198
-9540
-9655
-9426
-9162
-8788
-8175
-7311
-6271
-5373
-4451
-3440
-2434
-1529
-759
153
1065
1734
2174
2646
3262
3770
4063
4273
4532
4656
4671
4563
4457
4342
3943
3438
2784
2305
1837
1108
368
-392
-938
-1585
-2224
-2572
-2834
-2996
-3229
-3213
-2898
-2593
-2209
-1802
-1224
-631
-151
512
1232
1955
2534
2998
3618
4167
4713
5140
5489
5901
6071
6220
6245
6258
6217
5869
5468
4887
4352
3671
2831
2121
1094
-16
-1171
-2325
-3366
-4543
-5540
-6493
-7293
-8026
-8757
-8992
-9107
-9003
-8865
-8603
-7920
-7180
-6280
-5467
-4454
-3438
-2604
-1671
-855
127
974
1600
2179
2676
3279
3729
4028
4307
4555
4747
4685
4575
4557
4443
4151
3628
3117
2630
2008
1360
649
13
-651
-1422
-2083
-2630
-2982
-3330
-3652
-3670
-3515
-3270
-3047
-2645
-1928
-1252
-620
24
869
1769
2410
3013
3636
4356
4856
5134
5485
5809
6102
6087
5992
5975
5869
5666
5223
4822
4430
3813
3017
2181
1509
753
-314
-1439
-2487
-3504
-4618
-5770
-6654
-7406
-8146
-8893
-9399
-9435
-9350
-9079
-8718
-8184
-7296
-6380
-5419
-4414
-3227
-2078
-1202
-332
538
1515
2304
2756
3226
3675
4110
4402
4545
4709
4835
4894
4718
4542
4462
4231
3848
3238
2695
2223
1537
809
137
-430
-1095
-1884
-2511
-2916
-3110
-3376
-3582
-3429
-3151
-2801
-2459
-1950
-1115
-397
186
821
1666
2492
3064
3636
4209
4850
5215
5400
5746
6044
6204
6039
5885
5812
5610
5202
4623
4176
3607
2826
1915
1106
410
-551
-1741
-2954
-3951
-4920
-6044
-7046
-7798
-8410
-9092
-9643
-9781
-9618
-9308
-8969
-8428
-7605
-6674
-5716
-4786
-3719
-2616
-1656
-747
165
1155
1997
2603
3142
3650
4150
4487
4728
4976
5088
5096
4972
4834
4740
4445
3992
3451
2962
2484
1852
1177
483
-99
-741
-1409
-1855
-2199
-2404
-2658
-2811
-2715
-2466
-2120
-1819
-1361
-844
-301
280
853
1553
2172
2682
3142
3596
4129
4551
4851
5125
5361
5467
5378
5347
5329
5124
4732
4161
3639
3090
2365
1544
645
-247
-1304
-2482
-3596
-4606
-5464
-6453
-7424
-8146
-8721
-9048
-9294
-9259
-8957
-8650
-8115
-7471
-6539
-5515
-4599
-3586
-2642
-1600
-682
205
1165
1927
2550
2983
3519
4096
4494
4757
4879
5045
5113
5006
4897
4740
4461
4004
3461
2960
2442
1836
1133
455
-166
-785
-1348
-1773
-2059
-2324
-2571
-2661
-2545
-2318
-2051
-1713
-1259
-744
-252
274
893
1552
2131
2599
3102
3667
4124
4459
4810
5111
5313
5360
5300
5261
5174
4914
4500
4065
3490
2874
2146
1325
582
-375
-1439
-2546
-3582
-4627
-5764
-6713
-7559
-8233
-8927
-9476
-9634
-9612
-9371
-9059
-8545
-7752
-6837
-5854
-4876
-3720
-2598
-1626
-680
190
1173
2023
2604
3161
3673
4174
4563
4848
5115
5337
5416
5347
5258
5116
4898
4536
4012
3412
2814
2153
1390
616
-68
-715
-1416
-1981
-2448
-2733
-2951
-3112
-2980
-2804
-2484
-2107
-1626
-1037
-451
180
757
1474
2122
2720
3291
3790
4321
4674
5026
5313
5573
5778
5691
5660
5540
5381
5096
4615
4282
3681
3022
2210
1386
720
-330
-1346
-2533
-3588
-4588
-5779
-6694
-7655
-8365
-9047
-9636
-9846
-9895
-9607
-9320
-8866
-8122
-7251
-6207
-5246
-4136
-2990
-2001
-1025
-105
930
1779
2427
2996
3477
4053
4475
4840
5064
5174
5361
5295
5169
5084
4875
4565
4035
3474
2995
2437
1787
1055
391
-267
-939
-1480
-1959
-2248
-2476
-2715
-2721
-2561
-2303
-1991
-1604
-1107
-527
79
615
1275
2013
2591
3063
3525
4055
4522
4790
4975
5212
5409
5365
5224
5114
4906
4615
4151
3625
3161
2514
1745
933
156
-621
-1569
-2602
-3631
-4531
-5560
-6541
-7353
-8100
-8649
-9247
-9565
-9592
-9485
-9186
-8778
-8044
-7222
-6309
-5278
-4210
-3007
-1977
-993
4
980
1871
2453
3080
3661
4143
4482
4663
5008
5108
5048
4985
4884
4857
4606
4237
3805
3399
2954
2334
1820
1236
682
100
-590
-974
-1309
-1649
-1936
-2085
-2080
-2049
-1821
-1564
-1085
-590
-174
433
1033
1726
2367
2865
3354
3848
4278
4606
4895
5101
5233
5220
5092
4999
4843
4538
4132
3666
3125
2510
1867
1191
426
-450
-1347
-2295
-3317
-4337
-5347
-6238
-7177
-8023
-8739
-9308
-9615
-9865
-9819
-9625
-9195
-8549
-7810
-6820
-5807
-4657
-3584
-2472
-1335
-295
702
1511
2370
3035
3583
4054
4427
4800
4939
5082
5174
5191
5121
4838
4624
4368
4000
3502
2917
2470
1898
1252
642
47
-443
-939
-1334
-1674
-1903
-1958
-1954
-1878
-1670
-1349
-953
-536
-91
529
1075
1600
2203
2777
3315
3701
4162
4545
4851
5068
5166
5375
5347
5241
5077
4768
4531
4122
3634
3040
2417
1796
931
125
-782
-1737
-2706
-3843
-4821
-5830
-6809
-7697
-8433
-9023
-9520
-9699
-9772
-9590
-9241
-8709
-7867
-7102
-6112
-4982
-3914
-2799
-1789
-708
239
1069
1847
2456
3068
3496
3924
4269
4448
4674
4725
4678
4614
4557
4359
4006
3683
3304
2807
2197
1630
1125
509
-198
-735
-1142
-1597
-1977
-2221
-2343
-2322
-2186
-1970
-1528
-941
-397
142
785
1587
2306
2888
3402
4019
4540
4758
5015
5258
5466
5408
5235
5248
5117
4916
4555
4226
3969
3482
3001
2407
1841
1255
414
-378
-1244
-2071
-3022
-4162
-5162
-6083
-6891
-7823
-8583
-9033
-9336
-9528
-9639
-9289
-8786
-8197
-7482
-6651
-5552
-4512
-3456
-2408
-1412
-389
485
1251
1908
2492
3000
3357
3629
3842
4049
4130
4103
4002
3902
3784
3488
3218
2806
2450
2080
1497
1034
535
112
-395
-909
-1202
-1461
-1642
-1876
-1838
-1567
-1411
-1130
-749
-186
436
932
1529
2162
2822
3362
3770
4241
4658
4994
5151
5256
5420
5453
5361
5169
5041
4891
4527
4087
3681
3328
2796
2099
1459
846
207
-550
-1274
-1949
-2679
-3448
-4259
-4970
-5629
-6291
-6963
-7587
-8021
-8368
-8639
-8711
-8576
-8299
-7974
-7484
-6687
-5807
-4901
-3977
-2979
-1907
-981
-97
696
1412
2014
2395
2746
3019
3256
3334
3256
3201
3118
3062
2837
2617
2518
2226
1938
1642
1406
1174
750
418
107
-170
-441
-678
-822
-945
-947
-970
-802
-503
-199
196
550
1131
1762
2260
2734
3210
3801
4198
4436
4731
4996
5148
5063
5019
5024
4876
4629
4293
4069
3782
3348
2957
2550
2156
1604
1012
523
-8
-541
-1273
-2023
-2677
-3440
-4211
-5013
-5695
-6320
-7033
-7622
-8005
-8167
-8284
-8297
-8052
-7632
-7030
-6386
-5629
-4696
-3761
-2845
-2030
-1190
-309
413
951
1385
1825
2156
2391
2571
2650
2675
2627
2591
2548
2416
2321
2214
1977
1772
1603
1434
1147
835
657
398
166
-93
-200
-249
-396
-355
-283
-31
210
460
825
1202
1746
2144
2589
3033
3389
3781
3994
4262
4512
4618
4597
4503
4518
4430
4248
3994
3699
3481
3122
2766
2427
2052
1684
1149
663
216
-282
-841
-1494
-2092
-2763
-3467
-4151
-4850
-5445
-6087
-6672
-7107
-7449
-7600
-7691
-7623
-7379
-7029
-6471
-5875
-5151
-4356
-3556
-2708
-1992
-1241
-528
70
585
967
1362
1634
1813
1967
2058
2074
2043
2040
2028
1941
1828
1779
1654
1546
1434
1329
1179
911
792
629
460
325
255
218
91
185
332
526
747
989
1404
1723
2095
2544
2955
3340
3623
3950
4146
4337
4522
4534
4502
4353
4368
4244
4057
3898
3592
3392
2996
2723
2408
2008
1684
1186
739
208
-204
-714
-1363
-1950
-2580
-3140
-3811
-4434
-4968
-5484
-5977
-6456
-6763
-6906
-6957
-6969
-6847
-6544
-6154
-5739
-5234
-4564
-3876
-3243
-2613
-1922
-1227
-678
-189
296
698
1021
1227
1424
1582
1609
1625
1573
1497
1471
1411
1325
1214
1130
1086
976
852
745
661
558
396
345
317
284
254
233
350
480
688
941
1245
1566
1865
2298
2665
3076
3455
3726
3988
4145
4361
4474
4471
4444
4336
4213
4000
3785
3597
3312
2993
2652
2330
2056
1684
1309
940
488
63
-372
-809
-1262
-1791
-2334
-2894
-3457
-3978
-4470
-4978
-5468
-5844
-6139
-6345
-6436
-6427
-6290
-6085
-5735
-5272
-4744
-4167
-3550
-2877
-2310
-1720
-1129
-590
-112
224
559
825
1032
1154
1245
1294
1291
1319
1251
1229
1218
1171
1077
989
969
877
783
649
563
476
351
329
302
284
304
393
594
826
1065
1338
1702
2049
2396
2768
3106
3482
3725
3883
4038
4183
4270
4126
3999
3867
3738
3554
3263
3121
2882
2561
2248
1979
1775
1460
1100
747
458
128
-286
-669
-1056
-1433
-1891
-2363
-2761
-3188
-3622
-4098
-4482
-4733
-5029
-5331
-5558
-5601
-5589
-5547
-5306
-4999
-4652
-4325
-3877
-3261
-2778
-2293
-1787
-1278
-832
-491
-94
194
427
582
677
796
795
850
836
730
710
665
670
619
582
560
479
510
490
517
521
513
604
640
763
900
1061
1221
1428
1668
1901
2222
2506
2808
3026
3253
3503
3739
3892
3901
3980
3950
3902
3797
3657
3520
3227
3016
2772
2535
2336
2056
1827
1549
1330
1057
725
519
208
-87
-463
-818
-1088
-1497
-1857
-2244
-2557
-2918
-3338
-3659
-3956
-4170
-4463
-4666
-4766
-4824
-4821
-4779
-4576
-4338
-4054
-3729
-3359
-2928
-2504
-2089
-1728
-1378
-1006
-687
-458
-253
-83
17
59
62
107
139
70
6
19
44
47
52
98
211
291
350
489
658
770
878
1009
1149
1319
1487
1648
1820
2004
2238
2482
2670
2880
3154
3315
3425
3574
3682
3728
3666
3607
3549
3402
3202
2997
2829
2580
2307
2111
1868
1642
1402
1168
964
751
580
353
121
-148
-412
-690
-1032
-1281
-1615
-2005
-2392
-2732
-3041
-3374
-3641
-3892
-4087
-4265
-4308
-4283
-4253
-4111
-3971
-3741
-3479
-3174
-2828
-2546
-2236
-1956
-1682
-1431
-1229
-997
-869
-820
-726
-629
-582
-600
-573
-521
-531
-519
-428
-323
-236
-115
39
211
354
551
745
956
1206
1389
1582
1770
2053
2294
2477
2703
2890
3078
3189
3372
3546
3633
3653
3622
3667
3624
3532
3376
3196
3041
2821
2620
2386
2200
1999
1689
1448
1290
1129
890
681
525
315
133
-87
-280
-435
-705
-965
-1204
-1445
-1703
-2035
-2343
-2621
-2913
-3182
-3382
-3557
-3745
-3872
-3887
-3859
-3824
-3685
-3489
-3302
-3075
-2808
-2518
-2295
-2071
-1801
-1616
-1453
-1316
-1201
-1100
-1115
-1117
-1114
-1117
-1070
-1075
-1036
-953
-882
-768
-638
-435
-194
17
232
465
732
998
1233
1457
1694
1902
2069
2226
2413
2604
2752
2870
3021
3214
3322
3382
3433
3495
3516
3452
3431
3359
3217
3049
2857
2695
2465
2247
2053
1831
1640
1422
1240
1079
918
800
622
459
299
114
-59
-278
-471
-713
-996
-1242
-1518
-1777
-2051
-2338
-2610
-2836
-2965
-3157
-3329
-3400
-3441
-3410
-3388
-3315
-3165
-3008
-2829
-2647
-2390
-2144
-1981
-1805
-1641
-1459
-1348
-1368
-1302
-1244
-1245
-1266
-1302
-1240
-1226
-1205
-1134
-1007
-807
-707
-516
-265
-16
254
455
699
985
1238
1422
1631
1875
2078
2228
2363
2547
2690
2774
2858
2926
2986
3044
3078
3052
2999
2971
2895
2737
2627
2546
2368
2173
2039
1903
1732
1561
1417
1285
1140
1005
886
763
615
453
293
174
24
-206
-457
-689
-892
-1127
-1376
-1633
-1848
-2057
-2302
-2441
-2569
-2691
-2820
-2902
-2864
-2849
-2814
-2762
-2674
-2562
-2438
-2275
-2154
-2043
-1920
-1780
-1651
-1569
-1483
-1438
-1405
-1352
-1309
-1276
-1270
-1232
-1162
-1088
-977
-845
-692
-529
-346
-144
94
353
594
807
1023
1282
1483
1633
1790
1983
2148
2196
2268
2380
2473
2507
2511
2587
2626
2605
2597
2595
2594
2513
2426
2352
2250
2149
2004
1846
1703
1591
1466
1269
1105
984
867
714
581
530
416
257
120
16
-86
-280
-454
-621
-808
-993
-1239
-1476
-1706
-1925
-2135
-2352
-2490
-2602
-2704
-2748
-2732
-2677
-2632
-2538
-2371
-2183
-1982
-1794
-1624
-1476
-1335
-1200
-1125
-1101
-1097
-1096
-1124
-1159
-1180
-1229
-1293
-1326
-1284
-1190
-1120
-995
-808
-582
-351
-150
117
397
614
851
1067
1237
1371
1489
1625
1726
1790
1844
1896
1960
2045
2128
2165
2198
2238
2277
2320
2338
2292
2206
2126
2058
1968
1851
1724
1574
1437
1288
1155
1057
946
873
831
789
728
641
578
507
419
277
84
-92
-297
-496
-712
-974
-1243
-1513
-1709
-1885
-2041
-2153
-2245
-2281
-2293
-2217
-2102
-2010
-1898
-1755
-1555
-1414
-1319
-1197
-1129
-1103
-1082
-1069
-1071
-1148
-1241
-1305
-1377
-1425
-1464
-1470
-1463
-1427
-1328
-1236
-1083
-890
-722
-532
-324
-93
122
316
496
643
805
938
1064
1190
1266
1342
1408
1519
1631
1701
1751
1802
1893
1931
1956
1980
1967
1954
1906
1864
1797
1694
1594
1487
1432
1377
1302
1220
1148
1129
1096
1083
1054
1014
958
862
805
690
554
406
234
45
-161
-341
-562
-777
-992
-1179
-1308
-1442
-1547
-1643
-1672
-1651
-1637
-1586
-1530
-1457
-1399
-1336
-1237
-1180
-1155
-1169
-1187
-1199
-1256
-1327
-1423
-1505
-1575
-1660
-1702
-1716
-1718
-1688
-1642
-1545
-1382
-1232
-1098
-915
-693
-489
-322
-139
62
220
353
482
600
698
788
889
978
1049
1140
1227
1293
1384
1491
1555
1615
1676
1728
1749
1749
1754
1748
1682
1606
1589
1540
1477
1423
1353
1317
1283
1262
1226
1186
1164
1108
1066
1025
962
877
769
660
544
420
268
102
-70
-233
-365
-515
-668
-800
-908
-986
-1054
-1090
-1122
-1171
-1200
-1204
-1186
-1192
-1225
-1251
-1257
-1262
-1309
-1352
-1378
-1435
-1500
-1555
-1582
-1597
-1643
-1686
-1685
-1650
-1617
-1588
-1531
-1450
-1322
-1185
-1070
-941
-785
-608
-467
-313
-139
2
125
245
400
518
596
698
779
866
954
1031
1095
1137
1191
1239
1284
1331
1379
1423
1423
1431
1451
1463
1476
1467
1454
1425
1406
1405
1372
1325
1296
1265
1213
1174
1167
1112
1024
961
896
820
735
633
540
440
332
227
119
22
-72
-177
-293
-398
-484
-590
-677
-737
-804
-870
-945
-994
-1040
-1085
-1129
-1162
-1177
-1235
-1279
-1296
-1329
-1363
-1401
-1421
-1441
-1479
-1499
-1492
-1483
-1475
-1449
-1406
-1372
-1317
-1211
-1109
-1016
-911
-789
-672
-574
-425
-281
-169
-49
60
173
273
385
492
538
621
708
759
787
818
873
894
906
920
938
967
1000
1026
1037
1092
1131
1147
1188
1229
1278
1279
1276
1303
1280
1265
1247
1202
1170
1131
1078
1011
943
873
806
760
706
624
537
478
418
324
226
140
34
-93
-204
-299
-409
-537
-637
-716
-784
-842
-894
-946
-992
-999
-1026
-1066
-1075
-1093
-1124
-1174
-1207
-1235
-1283
-1340
-1361
-1374
-1402
-1388
-1359
-1315
-1269
-1195
-1105
-1038
-944
-822
-707
-600
-493
-393
-308
-220
-134
-55
-2
32
78
110
152
215
268
315
359
419
487
542
628
696
739
800
870
944
1000
1055
1092
1105
1143
1180
1224
1248
1232
1224
1222
1230
1230
1210
1189
1162
1140
1104
1084
1066
1003
938
875
816
744
642
555
443
327
233
131
34
-71
-163
-267
-379
-443
-491
-555
-631
-684
-726
-769
-796
-827
-858
-914
-960
-991
-1032
-1078
-1131
-1157
-1190
-1234
-1256
-1274
-1284
-1280
-1254
-1228
-1196
-1136
-1082
-1019
-937
-856
-785
-737
-669
-587
-543
-518
-468
-405
-376
-363
-322
-265
-229
-183
-106
-22
53
134
221
316
427
519
589
661
754
832
874
931
981
1012
1041
1074
1096
1105
1143
1191
1213
1225
1243
1259
1253
1254
1267
1240
1184
1149
1101
1027
959
890
802
706
637
594
521
427
356
294
230
175
116
46
-21
-85
-156
-226
-298
-377
-459
-533
-595
-658
-726
-790
-855
-896
-932
-971
-1008
-1049
-1068
-1074
-1074
-1082
-1096
-1093
-1080
-1073
-1075
-1074
-1061
-1043
-1026
-1013
-1007
-984
-951
-928
-897
-859
-832
-797
-740
-667
-593
-521
-428
-322
-233
-143
-33
73
163
258
355
430
488
555
631
685
725
771
820
872
931
988
1037
1072
1117
1178
1218
1242
1255
1251
1250
1238
1201
1165
1127
1076
1023
969
922
891
852
794
749
722
696
656
616
576
519
453
385
295
180
77
-27
-130
-228
-326
-415
-485
-547
-610
-668
-712
-747
-780
-811
-840
-870
-905
-951
-994
-1030
-1072
-1127
-1188
-1238
-1262
-1294
-1319
-1337
-1352
-1326
-1296
-1271
-1229
-1180
-1114
-1048
-978
-911
-842
-744
-670
-604
-529
-451
-351
-271
-206
-119
-36
58
151
235
317
406
523
625
706
804
889
962
1034
1085
1134
1172
1187
1193
1201
1211
1204
1193
1180
1171
1186
1184
1185
1196
1200
1212
1206
1203
1198
1185
1166
1111
1047
970
887
800
696
586
467
364
273
181
88
1
-61
-115
-162
-215
-276
-335
-394
-446
-531
-620
-690
-793
-893
-994
-1095
-1184
-1267
-1336
-1397
-1442
-1460
-1460
-1463
-1469
-1452
-1403
-1362
-1340
-1310
-1277
-1228
-1167
-1130
-1102
-1056
-1003
-949
-893
-828
-751
-679
-599
-499
-394
-293
-183
-66
42
145
251
352
439
521
603
675
738
781
821
862
908
951
982
1020
1055
1098
1151
1199
1254
1294
1327
1359
1395
1435
1441
1435
1419
1382
1341
1284
1225
1144
1056
971
881
806
723
643
583
513
456
413
364
310
242
158
77
-4
-116
-226
-348
-487
-600
-721
-842
-955
-1054
-1126
-1186
-1225
-1252
-1280
-1294
-1278
-1259
-1262
-1266
-1267
-1260
-1253
-1271
-1306
-1324
-1318
-1298
-1275
-1259
-1237
-1189
-1116
-1030
-939
-848
-761
-661
-549
-445
-354
-269
-195
-127
-48
34
96
154
225
301
378
449
512
591
680
755
832
916
1000
1072
1133
1199
1260
1295
1314
1349
1372
1381
1393
1384
1365
1334
1317
1298
1255
1213
1163
1110
1063
1020
968
901
837
775
703
627
554
474
378
283
192
93
-11
-116
-222
-336
-442
-538
-635
-731
-818
-900
-976
-1033
-1075
-1121
-1164
-1193
-1213
-1238
-1259
-1271
-1286
-1305
-1320
-1326
-1326
-1324
-1320
-1306
-1282
-1247
-1204
-1155
-1095
-1030
-955
-874
-791
-708
-625
-545
-471
-398
-318
-235
-163
-85
-4
73
151
228
314
386
465
561
646
733
816
902
977
1051
1124
1177
1221
1270
1308
1324
1335
1341
1340
1323
1312
1290
1249
1228
1200
1167
1128
1101
1080
1024
971
927
876
812
737
658
564
458
352
244
129
16
-96
-209
-314
-406
-491
-571
-637
-688
-732
-787
-827
-860
-905
-940
-978
-1018
-1065
-1112
-1142
-1198
-1250
-1270
-1287
-1298
-1310
-1287
-1258
-1232
-1161
-1105
-1053
-986
-931
-869
-813
-754
-691
-642
-586
-531
-476
-419
-350
-271
-201
-121
-27
69
168
270
371
460
547
638
726
804
869
921
964
1009
1047
1078
1100
1114
1138
1153
1160
1165
1169
1188
1187
1183
1186
1172
1165
1140
1107
1069
1009
965
898
819
738
647
563
459
367
281
186
99
10
-66
-142
-218
-277
-330
-399
-461
-507
-571
-636
-682
-749
-834
-904
-961
-1017
-1071
-1119
-1156
-1186
-1216
-1222
-1206
-1190
-1180
-1163
-1138
-1110
-1076
-1035
-1006
-977
-944
-904
-860
-814
-769
-718
-654
-580
-506
-433
-346
-255
-167
-70
30
124
216
302
381
459
537
609
667
727
787
834
878
926
975
1014
1045
1080
1117
1137
1148
1156
1163
1175
1179
1168
1147
1127
1102
1066
1021
978
926
859
795
722
637
555
475
389
306
222
143
72
-7
-71
-130
-202
-261
-311
-382
-454
-517
-580
-645
-711
-775
-836
-890
-941
-991
-1033
-1062
-1082
-1099
-1109
-1102
-1088
-1077
-1058
-1029
-1004
-981
-959
-929
-887
-845
-805
-753
-702
-654
-594
-529
-468
-400
-326
-248
-159
-81
-13
67
154
231
297
371
452
520
576
631
678
727
775
815
857
897
921
946
969
973
978
990
991
995
992
975
961
955
937
904
863
823
785
736
675
609
536
465
396
326
261
193
120
61
6
-54
-108
-165
-227
-281
-335
-394
-454
-511
-563
-616
-670
-718
-761
-805
-843
-870
-892
-916
-930
-930
-927
-932
-929
-910
-889
-868
-845
-821
-796
-763
-727
-697
-661
-612
-565
-519
-458
-395
-344
-284
-212
-150
-98
-34
33
93
162
238
302
353
418
486
536
577
624
669
703
731
757
778
804
835
857
873
894
907
903
901
906
893
863
850
845
818
775
739
704
666
620
560
499
451
397
331
278
230
179
120
56
-1
-57
-113
-168
-230
-292
-341
-398
-460
-512
-553
-602
-651
-691
-728
-764
-788
-811
-841
-865
-876
-884
-884
-880
-874
-863
-849
-827
-798
-776
-754
-717
-674
-636
-598
-553
-501
-452
-406
-356
-298
-234
-168
-107
-43
24
88
146
201
261
314
361
412
465
512
554
593
636
676
702
730
767
794
802
809
833
845
835
823
823
812
787
765
741
713
684
637
594
563
518
464
423
379
335
288
234
184
137
81
26
-26
-83
-137
-190
-246
-299
-345
-403
-455
-486
-526
-572
-607
-636
-660
-680
-706
-726
-731
-741
-749
-743
-744
-738
-718
-711
-700
-685
-661
-634
-607
-572
-538
-503
-458
-416
-371
-331
-290
-241
-189
-140
-86
-37
12
71
116
159
204
255
314
345
383
420
453
499
532
557
568
584
605
621
640
648
649
654
656
652
639
630
630
625
612
591
564
535
504
473
445
410
368
323
275
236
193
143
101
56
14
-26
-69
-98
-137
-175
-210
-249
-281
-318
-356
-395
-432
-468
-503
-527
-551
-583
-601
-601
-614
-619
-617
-607
-606
-605
-585
-576
-560
-536
-519
-495
-475
-448
-435
-413
-374
-341
-311
-279
-240
-203
-173
-129
-87
-54
-20
29
76
109
148
192
223
258
287
316
343
368
403
423
446
472
474
490
502
516
534
538
550
555
557
562
544
538
536
515
489
468
454
428
392
362
337
302
264
231
200
172
139
102
67
32
-2
-35
-71
-103
-135
-171
-198
-233
-276
-305
-333
-371
-400
-425
-449
-467
-480
-490
-502
-513
-518
-525
-524
-513
-502
-500
-497
-480
-460
-450
-440
-420
-394
-376
-355
-324
-291
-265
-236
-199
-165
-134
-96
-61
-27
17
50
80
117
145
173
208
232
252
279
302
320
343
352
362
379
394
407
414
423
439
444
439
434
437
437
418
399
393
380
361
350
331
303
286
267
243
218
193
168
144
118
93
63
36
11
-11
-33
-60
-90
-119
-143
-170
-195
-217
-237
-259
-282
-298
-308
-318
-329
-339
-343
-347
-353
-357
-358
-357
-353
-353
-352
-346
-333
-320
-308
-287
-269
-259
-252
-236
-215
-197
-180
-152
-123
-100
-82
-52
-28
-9
11
30
49
69
89
104
119
138
155
170
191
210
220
230
240
252
259
266
273
279
283
285
283
282
280
275
263
247
231
224
225
226
221
210
199
189
181
168
153
136
123
113
98
82
64
45
26
6
-14
-37
-60
-78
-94
-110
-122
-130
-138
-149
-158
-159
-163
-176
-187
-191
-194
-206
-217
-221
-222
-222
-232
-228
-223
-219
-224
-231
-226
-218
-206
-197
-181
-167
-155
-142
-130
-112
-103
-95
-86
-67
-47
-37
-29
-23
-11
-3
7
21
32
45
62
81
91
97
106
124
136
143
152
161
168
167
174
177
175
171
170
182
180
174
172
172
181
173
163
159
154
160
157
146
145
131
118
105
85
75
64
56
49
33
25
11
-6
-14
-28
-38
-49
-58
-58
-64
-76
-86
-95
-96
-100
-103
-107
-119
-118
-111
-116
-121
-126
-118
-121
-128
-117
-118
-117
-125
-126
-110
-108
-105
-110
-101
-85
-87
-88
-77
-58
-58
-61
-56
-54
-55
-53
-44
-40
-35
-29
-22
-8
13
27
30
33
42
49
54
56
59
62
64
62
59
60
63
69
75
77
76
74
76
82
87
91
96
100
102
100
97
93
89
88
88
84
75
65
58
53
41
29
23
23
21
12
9
10
10
5
-1
-3
0
-2
-7
-14
-19
-22
-25
-30
-37
-45
-51
-56
-56
-56
-61
-67
-69
-66
-64
-64
-66
-68
-68
-67
-66
-64
-67
-69
-71
-71
-72
-74
-74
-66
-56
-53
-56
-59
-56
-47
-42
-38
-33
-26
-22
-23
-21
-17
-10
-2
1
7
12
19
22
27
36
47
55
58
62
67
72
75
78
80
81
81
85
85
86
86
85
85
85
83
81
82
82
81
76
73
71
67
62
56
52
49
44
35
29
26
21
14
8
4
1
-3
-8
-14
-21
-26
-29
-33
-39
-45
-47
-49
-54
-62
-67
-68
-69
-74
-78
-78
-77
-77
-80
-83
-84
-85
-86
-84
-81
-77
-71
-65
-62
-60
-58
-54
-52
-51
-46
-39
-35
-34
-30
-22
-17
-16
-10
0
10
18
22
27
31
34
35
36
40
45
52
58
61
61
63
65
65
65
66
69
70
68
69
69
67
63
61
62
63
61
56
54
53
50
43
36
33
35
35
32
27
20
19
16
12
3
-5
-8
-9
-11
-15
-22
-26
-25
-29
-34
-36
-40
-48
-53
-53
-55
-58
-58
-61
-67
-67
-61
-60
-59
-59
-58
-56
-57
-60
-60
-49
-46
-49
-44
-38
-35
-33
-30
-25
-21
-17
-10
-8
-5
3
4
6
13
12
15
21
24
28
30
27
32
37
37
43
47
42
43
50
50
49
49
51
51
48
48
48
48
48
48
44
42
42
41
40
39
40
40
38
35
33
30
24
21
18
14
9
6
3
-4
-6
-12
-17
-22
-24
-28
-28
-33
-38
-41
-43
-41
-44
-46
-46
-55
-59
-54
-55
-54
-48
-52
-52
-50
-51
-48
-44
-45
-42
-39
-38
-35
-32
-31
-25
-21
-19
-15
-12
-10
-5
-2
0
-1
7
19
21
23
29
28
33
38
42
44
44
48
53
50
50
54
59
57
55
61
68
62
56
60
63
57
53
54
54
52
49
48
43
38
34
32
31
27
22
18
15
11
6
-3
-11
-20
-24
-26
-30
-34
-38
-44
-45
-46
-51
-51
-56
-61
-60
-65
-67
-66
-67
-69
-66
-71
-71
-69
-71
-67
-63
-65
-64
-60
-53
-52
-48
-43
-38
-35
-32
-29
-24
-22
-15
-5
-1
2
6
15
21
21
29
40
39
45
54
52
55
59
59
63
67
67
68
72
75
74
76
79
81
81
78
75
75
73
68
65
64
65
60
53
49
46
40
33
25
23
20
12
5
1
-4
-10
-15
-19
-26
-31
-37
-40
-46
-52
-57
-62
-64
-69
-73
-74
-75
-75
-74
-75
-78
-78
-79
-77
-74
-75
-74
-71
-65
-63
-64
-65
-60
-55
-49
-45
-42
-36
-29
-23
-19
-19
-17
-13
-8
-2
2
8
19
29
40
49
52
57
60
65
67
68
70
75
79
81
82
85
87
88
88
89
87
86
85
86
87
85
85
86
85
84
79
73
70
66
61
50
39
30
22
14
4
-6
-10
-13
-17
-25
-33
-40
-48
-55
-57
-57
-62
-70
-79
-84
-90
-97
-101
-104
-103
-104
-106
-108
-110
-113
-112
-110
-108
-105
-99
-92
-85
-82
-79
-74
-69
-64
-61
-56
-47
-39
-30
-21
-10
0
6
10
20
33
41
45
50
58
67
74
80
86
92
96
102
108
111
113
117
124
132
133
132
130
128
127
127
126
125
118
113
107
97
86
76
69
64
58
47
36
29
22
16
8
2
-7
-18
-31
-42
-53
-65
-76
-85
-93
-100
-108
-115
-122
-130
-133
-134
-131
-132
-138
-144
-145
-145
-145
-145
-142
-141
-138
-132
-126
-124
-121
-112
-102
-95
-90
-82
-73
-63
-53
-43
-35
-26
-13
1
11
20
30
40
49
61
74
85
95
104
111
119
129
135
136
137
146
151
149
146
147
150
147
141
141
148
148
146
142
139
134
126
115
103
97
88
76
64
52
40
29
20
7
-5
-13
-21
-36
-50
-57
-66
-79
-85
-93
-99
-109
-120
-129
-136
-140
-146
-150
-154
-158
-164
-168
-170
-173
-177
-177
-175
-167
-156
-147
-143
-139
-134
-130
-121
-109
-103
-101
-90
-75
-64
-58
-49
-36
-24
-10
4
17
30
46
61
74
84
93
97
106
117
129
139
146
152
159
168
175
181
187
186
184
186
187
180
177
175
169
160
157
149
135
121
114
109
99
90
79
64
54
46
37
20
4
-11
-26
-41
-57
-72
-83
-88
-96
-109
-122
-138
-149
-153
-159
-166
-170
-176
-182
-185
-188
-196
-203
-202
-202
-198
-193
-184
-177
-171
-163
-155
-149
-143
-135
-120
-106
-92
-78
-65
-58
-49
-34
-20
-8
6
27
42
55
75
94
103
114
130
138
142
155
166
168
175
182
185
186
195
199
201
203
202
199
196
193
194
196
191
179
168
156
136
123
114
104
91
80
72
56
41
30
20
7
-11
-27
-39
-51
-65
-81
-95
-104
-110
-120
-134
-151
-165
-175
-178
-181
-185
-193
-197
-195
-190
-188
-189
-188
-188
-185
-182
-176
-169
-160
-152
-144
-138
-128
-118
-106
-94
-84
-72
-56
-43
-33
-21
-6
13
29
41
53
67
81
95
105
112
119
132
147
154
158
162
172
180
183
182
181
187
193
193
188
180
174
167
164
159
152
143
135
128
119
110
107
106
99
86
70
54
38
22
7
-4
-11
-23
-40
-55
-68
-78
-90
-99
-104
-111
-120
-127
-133
-141
-150
-159
-162
-164
-171
-179
-183
-183
-180
-175
-174
-171
-167
-157
-146
-142
-142
-141
-129
-117
-109
-101
-90
-77
-66
-52
-41
-35
-27
-14
-3
10
25
35
41
50
63
76
91
104
109
119
126
129
131
139
151
158
162
167
169
171
175
176
174
173
168
161
155
150
145
135
128
120
108
95
90
82
70
59
51
44
32
17
2
-10
-18
-24
-35
-49
-61
-74
-89
-98
-99
-107
-121
-127
-129
-135
-145
-149
-153
-162
-170
-171
-173
-171
-166
-159
-153
-149
-146
-145
-139
-127
-118
-116
-111
-100
-91
-83
-74
-61
-51
-43
-33
-22
-11
2
17
32
43
53
67
83
93
95
97
107
116
119
119
125
133
139
142
141
137
133
133
136
140
140
137
134
133
131
127
124
121
114
102
92
81
71
61
55
46
31
13
3
-4
-15
-28
-35
-40
-46
-54
-63
-68
-67
-73
-82
-85
-92
-100
-101
-107
-108
-108
-112
-112
-112
-114
-116
-118
-118
-118
-118
-117
-113
-111
-101
-91
-86
-78
-72
-67
-56
-47
-43
-38
-32
-20
-11
-3
3
6
16
25
25
32
40
46
61
66
69
77
80
86
93
96
101
104
100
101
100
98
100
101
102
103
102
100
97
90
84
80
73
70
66
60
55
47
42
42
36
30
25
15
9
3
-7
-14
-20
-23
-29
-36
-43
-48
-50
-50
-53
-58
-62
-65
-67
-68
-71
-74
-75
-72
-69
-72
-81
-83
-79
-75
-77
-81
-85
-82
-79
-78
-74
-67
-60
-55
-50
-46
-37
-32
-24
-17
-12
-4
1
7
8
12
22
32
34
33
37
45
48
45
46
53
61
64
68
70
72
70
70
72
75
77
74
73
72
71
71
71
68
65
60
55
52
46
37
31
26
22
18
14
12
10
4
-2
-4
-2
-7
-17
-27
-31
-35
-40
-43
-45
-48
-51
-53
-52
-54
-56
-56
-57
-60
-62
-61
-58
-58
-63
-60
-55
-53
-54
-51
-47
-44
-45
-48
-43
-39
-37
-34
-29
-24
-20
-17
-14
-10
-7
-4
5
10
17
21
24
29
32
33
37
40
40
44
44
42
42
39
38
39
38
35
37
38
40
42
38
36
38
44
42
40
40
32
33
30
28
22
19
22
10
5
5
4
1
-3
-4
-5
-7
-8
-11
-12
-9
-10
-11
-14
-17
-17
-24
-25
-27
-27
-26
-29
-28
-28
-28
-26
-29
-29
-30
-28
-24
-24
-25
-22
-21
-14
-16
-14
-13
-19
-16
-17
-10
-6
-11
-8
-10
-7
-6
-4
1
2
5
7
7
7
11
12
15
14
15
16
17
20
19
19
19
19
18
16
17
18
16
12
10
13
15
14
13
15
16
16
13
14
17
17
13
10
9
8
7
7
5
1
0
-1
-4
-6
-7
-8
-9
-9
-9
-9
-10
-8
-8
-8
-10
-9
-9
-10
-12
-13
-13
-14
-16
-17
-16
-15
-17
-19
-20
-17
-15
-13
-13
-13
-13
-8
-7
-5
-4
-3
-2
-1
1
2
3
4
4
7
6
7
5
5
5
5
8
8
8
9
9
8
9
13
16
16
16
15
17
15
13
12
14
17
14
11
11
10
9
7
5
5
6
5
5
5
3
7
8
9
10
6
9
1
4
4
2
4
-4
-4
-5
-9
-9
-11
-9
-10
-13
-12
-10
-10
-9
-8
-7
-4
-7
-10
-8
-3
-4
-10
-8
-6
-9
-12
-8
-6
-9
-13
-9
-11
-13
-9
-11
-12
-9
-11
-9
-3
-5
-1
6
4
5
5
4
5
4
2
4
4
4
2
1
3
3
2
3
5
10
11
12
11
11
11
12
11
12
11
12
13
14
11
7
4
3
3
3
6
6
3
1
2
6
7
5
5
5
6
5
6
8
8
5
3
1
0
0
0
0
0
-3
-1
0
-3
-7
-5
-4
-2
-4
-7
-6
-3
-4
-6
-5
-2
0
-2
-5
-5
-4
-5
-9
-10
-9
-8
-11
-11
-9
-7
-4
-5
-4
-3
-1
-1
-3
-4
-3
-1
1
0
-1
1
3
0
-3
-2
2
2
0
0
5
6
1
-2
0
3
5
5
4
6
7
10
10
10
8
6
4
4
6
6
6
5
4
2
1
3
4
6
7
6
5
2
3
4
5
5
4
2
2
-1
-3
-3
-5
-2
-3
-3
-3
-3
-5
-3
-4
-3
-4
-3
-2
-5
-4
-6
-5
-4
-5
-7
-7
-5
-4
-6
-8
-4
-6
-6
-6
-10
-1
-4
-6
-4
-5
0
-4
-4
-4
1
1
-1
2
2
4
4
2
1
2
6
6
3
1
3
5
5
3
4
7
8
4
5
9
11
8
5
8
10
9
6
6
8
10
7
5
5
7
7
5
4
5
5
4
2
1
1
0
0
-1
-2
-2
-3
-3
-3
-5
-7
-5
-2
-2
-5
-9
-8
-7
-8
-12
-12
-10
-8
-11
-10
-10
-6
-5
-5
-1
-5
-7
-3
-6
-8
-3
-7
-5
-2
-5
-4
-3
-6
-4
1
3
2
1
0
4
6
4
3
4
7
6
5
4
6
8
6
6
6
7
9
9
7
7
9
10
11
10
9
8
7
8
8
6
6
5
3
5
6
7
7
6
6
4
3
0
0
0
0
-3
-3
-6
-4
-7
-7
-5
-4
-3
-2
-4
-4
-7
-8
-8
-8
-8
-8
-9
-9
-9
-8
-7
-7
-8
-8
-10
-10
-11
-9
-6
-4
-4
-4
-4
-3
-4
-6
-5
-3
0
-2
-2
-3
1
2
2
1
2
3
2
2
0
3
7
8
7
5
4
5
5
5
6
10
13
13
12
9
9
11
11
9
6
5
6
5
4
3
4
6
8
5
3
4
6
5
2
5
7
7
3
1
1
2
0
-3
-3
-2
-4
-5
-7
-9
-10
-10
-12
-10
-10
-7
-7
-12
-14
-11
-7
-4
-6
-7
-6
-6
-8
-9
-9
-10
-10
-10
-8
-10
-11
-10
-6
-3
-3
-5
-5
-3
1
3
3
2
1
1
3
5
6
5
6
6
4
5
6
4
6
9
10
9
5
5
9
8
7
10
15
16
11
9
10
12
11
10
11
10
6
1
2
1
0
1
3
3
-1
-4
-4
-4
-6
-5
-2
-3
-5
-5
-5
-4
-4
-6
-5
-5
-8
-12
-10
-9
-9
-10
-9
-10
-8
-10
-9
-9
-8
-7
-5
-4
-5
-7
-5
-5
-6
-7
-6
-4
-3
-5
-6
-4
-5
-2
-5
-2
2
1
5
2
3
5
4
10
8
9
8
7
8
6
7
8
9
7
5
4
5
6
6
6
7
9
7
5
5
9
11
9
8
7
6
5
1
-2
2
3
-1
0
-4
-5
2
-3
-6
-3
-3
-3
-3
-6
-4
-4
-6
-7
-7
-7
-6
-5
-4
-3
-5
-4
-5
-6
-7
-7
-7
-6
-5
-7
-9
-7
-6
-5
-4
-3
-5
-4
-1
0
-3
-4
-4
0
-2
-1
0
0
2
2
0
5
5
2
4
7
3
3
4
4
6
8
8
8
8
8
9
11
14
10
8
8
11
9
7
6
9
8
4
0
1
4
6
5
5
4
3
2
2
1
0
0
1
3
2
2
0
-1
-2
-4
-4
-6
-6
-7
-6
-7
-6
-8
-9
-9
-6
-8
-8
-9
-9
-4
-6
-9
-11
-10
-4
-10
-11
-10
-9
-3
-9
-7
-2
0
-1
-3
2
2
-1
0
0
-1
4
1
1
6
2
2
5
3
4
5
5
6
7
7
8
8
9
9
9
9
9
9
9
9
9
10
8
9
7
7
3
2
2
2
3
5
4
4
1
3
2
3
3
3
1
-2
-3
-5
-1
-2
-4
-4
-3
-8
-10
-5
-8
-8
-8
-4
-5
-9
-5
-11
-9
-5
-7
-7
-11
-7
-4
-6
-10
-12
-7
-4
-4
-4
-5
-6
-6
-3
-2
1
0
0
2
2
0
-1
1
3
4
4
5
5
3
5
7
9
7
5
6
8
9
7
4
5
6
5
2
4
7
9
8
7
8
9
9
6
4
5
7
5
2
2
4
5
5
1
-1
3
3
-4
-8
-2
1
-1
-1
-1
-2
-3
-2
-4
-8
-5
-2
-7
-10
-9
-6
-6
-11
-13
-11
-6
-8
-12
-11
-6
-6
-8
-12
-8
-2
-1
-5
-8
-6
-3
-1
-2
-5
-3
-2
-2
-4
-3
0
2
0
0
2
5
6
5
4
6
9
8
5
5
8
9
5
5
6
8
7
6
5
6
6
6
5
5
4
5
7
5
4
6
6
5
3
3
2
6
5
3
1
4
5
1
1
1
2
0
-2
-2
-1
0
-2
-5
-6
-4
-3
-6
-8
-9
-9
-5
-2
-3
-5
-3
-7
-9
-8
-5
-4
-6
-6
-4
-5
-4
-4
-4
-4
-2
-3
-3
-3
-3
-3
-3
-4
-2
0
0
-1
-1
0
1
2
1
0
4
5
5
4
3
6
6
5
3
4
6
7
5
4
4
4
4
4
3
5
9
10
7
5
7
7
6
0
2
5
4
-2
-4
-1
-1
-3
-5
-2
0
0
-2
-3
-2
-1
1
0
-2
-4
-3
-1
-2
-7
-7
-4
-3
-4
-6
-6
-4
-4
-4
-4
-4
-3
-5
-3
-1
-1
-3
-4
-5
-5
-4
-5
-3
1
1
3
5
6
5
3
4
5
4
1
1
0
3
3
5
6
5
6
7
8
8
4
5
8
8
4
6
10
7
6
8
7
3
4
6
2
3
5
6
4
4
4
1
1
1
0
-2
-3
-3
-2
-1
-2
1
2
-1
-4
-3
-1
0
-5
-8
-9
-4
-5
-8
-5
-4
-3
1
-4
-10
-7
-6
-4
-3
-12
-12
-5
-7
-10
-8
-4
-1
-2
-5
-4
-4
-5
-6
-3
2
4
-1
-5
-2
1
1
1
0
2
4
5
2
5
4
3
5
7
5
5
11
8
4
7
11
10
7
9
9
10
6
2
4
8
4
1
4
7
1
1
3
4
5
6
0
-2
2
5
5
2
0
1
3
0
-3
-2
-2
-5
-8
-9
-8
-5
-5
-3
-5
-5
-5
-4
-5
-6
-3
-2
-4
-6
-4
0
-5
-8
-6
-1
-2
-7
-4
1
2
0
0
0
0
-2
-4
-4
-6
-4
0
0
-3
-3
0
2
0
-3
1
0
3
4
-2
0
-1
4
2
-5
3
4
5
0
0
5
9
6
0
2
4
2
3
2
0
3
2
-1
3
0
1
5
0
-1
3
2
2
2
1
3
3
-3
-5
-3
2
-1
-3
-4
-3
-1
-3
-5
-3
1
0
-2
-3
-2
-1
-5
-5
-5
-1
2
2
1
0
-1
-4
-6
-6
-2
-2
-5
-2
1
1
0
2
1
-1
2
2
-3
-2
1
3
2
2
3
7
8
3
1
6
7
0
-1
3
2
-3
-3
2
3
1
3
8
8
5
5
9
8
3
2
6
6
1
-1
1
2
0
1
0
-3
-4
0
3
2
0
2
5
1
-4
0
4
-1
-9
-5
1
-2
-5
-4
-4
-4
-2
-3
-4
-5
-4
-5
-3
-1
-1
0
0
0
0
0
0
0
-1
-1
0
2
2
1
-1
2
1
-5
-1
1
-4
-6
-1
2
-1
-1
2
1
0
2
0
0
3
2
0
1
4
2
0
0
0
3
2
0
2
4
4
0
0
3
7
9
4
3
5
4
5
7
5
4
5
5
1
1
3
1
0
0
1
2
0
-1
0
2
0
-2
1
1
-1
-3
-3
-1
-1
-3
-6
-6
-5
-4
-5
-6
-5
-4
-2
-3
-4
-3
0
0
-3
-5
-4
0
-1
-6
-5
-4
-1
-2
-4
-4
-4
-4
-4
-3
-1
0
0
0
0
1
2
3
4
2
1
0
1
2
2
3
3
4
4
4
3
5
4
5
4
3
4
3
4
4
3
4
6
5
5
3
2
0
0
0
-1
-1
-3
-3
-3
-1
-1
-1
-4
-3
0
-2
-4
-3
-1
1
-1
-3
-2
0
2
-1
-2
2
2
0
-2
-2
-3
-2
-1
-3
-4
0
2
0
-2
0
2
2
-2
-5
-5
0
1
-1
-3
-1
-1
-4
-5
-4
-2
-2
-1
2
1
0
1
0
-1
-3
-1
4
2
0
1
-2
-2
3
1
0
4
2
3
4
1
-1
1
4
4
3
4
4
3
3
4
5
7
5
0
1
7
5
-1
0
4
1
-1
2
1
-1
0
0
1
1
-3
-2
0
-2
1
1
1
0
-1
-1
-1
-2
-3
-3
-1
-2
-2
-3
-2
-3
-3
-2
-2
-3
-1
-1
-2
-1
1
2
2
3
3
4
1
-1
1
5
5
2
1
3
4
2
2
2
4
4
3
3
3
3
3
2
0
1
4
3
-2
-2
1
1
1
0
-1
0
1
1
-1
0
1
2
1
0
