0
1
1
1
-2
-1
-3
-3
0
1
1
5
3
1
3
2
-1
3
0
1
3
-1
1
5
1
-1
1
2
1
0
-1
0
-2
-2
-2
0
2
0
-2
-1
0
-1
0
-3
-3
-4
-4
-4
-3
-2
0
0
0
-2
-1
0
1
2
2
-1
0
1
0
1
-2
-1
1
1
1
0
-1
3
4
-2
-2
0
0
-1
-3
-2
2
2
2
2
0
-1
-2
-1
0
-1
0
1
1
1
-1
-1
0
0
-2
0
1
0
1
1
1
1
1
1
0
1
1
0
0
0
0
0
0
0
0
0
0
1
1
1
1
1
1
1
1
1
1
2
1
2
1
1
0
1
2
2
-1
-2
-2
-1
0
-2
-4
1
4
3
3
1
6
4
1
-1
-1
0
-1
-4
-2
-2
-1
-1
-3
-1
2
0
1
2
-2
-2
2
1
0
3
0
0
1
3
3
1
-1
0
-1
-2
-3
1
2
0
-2
-1
0
1
2
4
2
0
-1
-3
-2
-3
-3
-1
0
-2
-2
-4
-3
1
1
2
1
-1
0
2
-1
-2
0
1
2
0
-4
-2
-3
-1
0
1
0
-3
-1
0
-1
1
3
4
6
4
0
2
1
-1
1
0
1
-3
0
2
-2
0
-3
-2
4
-3
-1
2
-1
-1
-4
2
2
-1
1
-2
0
2
0
1
0
-1
-3
0
-1
-1
0
1
-1
0
-1
-2
-3
-2
0
-1
2
2
-1
5
-1
0
-1
-2
3
-1
0
1
1
4
1
0
1
2
2
0
0
1
-1
-3
-3
-2
0
1
-1
-1
-1
2
2
0
-3
-3
-1
1
1
1
1
0
0
-1
0
-2
0
4
2
-1
3
2
0
2
-1
-2
2
-1
-1
0
-3
-3
-2
-1
0
-1
0
0
0
-1
0
3
4
3
1
2
2
2
4
2
2
0
0
-2
-1
0
0
1
2
1
-1
0
0
0
-1
1
1
0
1
-1
-5
-6
-5
-5
-1
-2
0
0
-2
-2
-2
-1
0
0
0
-1
-2
-3
-2
-1
2
1
1
4
3
1
1
1
2
1
-1
2
2
-1
-1
1
1
2
-2
-3
0
2
3
3
3
2
2
2
1
2
2
4
3
3
1
-1
0
1
3
0
-1
0
1
1
0
0
3
4
3
1
0
-2
-1
-1
0
0
1
0
-1
0
-2
-2
-2
-1
-2
-2
-3
-2
-2
-1
-2
-2
-1
0
0
0
1
2
2
2
2
2
0
1
1
-1
-1
0
-1
0
0
1
1
0
0
0
0
-1
2
1
-1
-3
-2
3
2
1
-1
1
3
2
0
1
2
2
1
0
1
0
-2
-1
-2
-4
0
-1
0
1
-1
-2
1
1
-3
-3
-1
0
-2
1
1
-1
3
3
0
-1
0
2
5
1
-4
0
-3
-1
-1
0
2
-1
0
1
0
1
-1
0
0
3
3
2
0
-2
-3
-1
0
-1
2
-1
0
1
-1
-1
0
-1
1
-1
0
5
2
3
3
-1
-1
2
0
-2
-3
1
2
1
2
-1
-2
1
2
1
6
1
0
0
2
0
-2
-1
2
2
0
0
0
0
-1
-1
-2
-2
0
1
0
-1
-2
-2
-3
-2
-1
-1
0
0
1
1
0
-1
-1
1
0
-2
-1
0
2
1
0
0
1
0
-3
-2
0
-2
-4
-4
-2
-1
-1
1
1
0
3
1
3
2
-1
-1
1
1
3
1
0
3
3
3
4
2
3
1
1
2
2
1
1
1
0
-1
2
5
1
0
4
0
-2
-1
-1
1
3
5
2
-1
2
0
-1
-1
0
2
4
2
0
3
0
2
1
0
3
3
6
4
1
0
-1
0
0
-1
-1
-1
-1
-3
-2
0
0
0
-1
0
1
3
2
3
1
1
1
-2
0
-1
2
-1
3
2
2
2
3
2
3
0
3
-4
-2
-1
1
-2
1
3
4
0
-1
-2
1
0
1
-1
-1
-2
0
1
2
0
0
1
5
4
3
0
1
2
2
1
2
2
-1
-3
1
2
-1
1
3
2
-2
1
0
0
0
0
0
-1
-1
0
-1
0
0
0
0
1
-1
-3
-4
-3
-2
0
1
1
0
-1
-3
-3
-2
1
2
0
0
1
0
1
0
2
1
-2
-3
-2
-1
-1
-2
-1
1
0
0
0
-1
2
2
1
-1
-3
-3
-1
-1
-3
-4
-1
1
1
0
0
1
2
4
4
5
3
1
0
-1
1
0
0
1
1
0
0
-1
0
0
1
1
1
2
2
1
2
2
3
1
1
1
2
4
4
1
3
1
1
4
2
0
3
2
1
6
3
2
3
-1
0
2
2
-1
-4
-4
-1
-1
-6
-4
-3
1
2
-4
0
-3
-1
0
-3
0
-5
-5
-4
-2
-1
-3
-2
-3
-2
-1
-3
-3
-3
-2
1
2
1
0
0
-1
-1
1
1
0
-1
1
2
-1
0
-1
2
3
2
0
-1
1
0
0
2
2
2
3
2
-1
0
1
2
0
2
2
0
1
0
-1
3
0
-2
3
1
-2
-2
-3
-1
3
-1
-2
1
-1
-1
-1
1
2
1
-1
-1
0
0
1
1
0
-1
-2
0
-1
-2
-1
2
2
1
-1
0
2
0
1
1
2
0
-2
-2
0
-1
0
1
1
1
0
2
0
0
1
4
4
3
3
2
1
0
0
2
2
1
0
0
0
1
1
0
1
1
2
1
2
0
3
3
1
1
2
3
3
3
3
4
2
0
-1
-2
-1
1
1
1
2
1
0
-2
-4
-5
-4
-2
-2
-4
-6
-5
-4
-1
-1
0
0
0
0
1
-1
-1
-3
-2
-3
-3
-3
-2
0
1
1
2
1
1
0
-2
-3
-1
0
1
2
2
-1
-2
1
2
0
1
1
-2
1
2
2
1
-1
1
3
2
1
2
1
3
0
1
2
1
0
0
0
-3
-4
-1
1
0
-2
2
3
1
0
1
1
0
-1
-1
1
0
2
2
2
3
1
4
0
1
0
-1
0
-1
0
0
1
0
2
2
2
1
-1
1
-4
-4
-4
-3
3
-1
0
1
1
3
0
-2
2
2
5
1
1
3
0
0
4
1
2
1
-2
-1
0
0
2
3
1
-1
-1
-3
-2
-2
0
-2
-1
4
1
0
2
3
5
1
0
0
-1
-1
-1
3
3
1
-2
0
0
0
1
-1
1
1
-1
-1
0
0
0
1
-1
1
2
0
1
1
1
1
-1
-1
-2
-2
-2
-2
-3
-2
0
2
3
1
-1
-2
0
2
2
0
-2
-3
-2
-2
1
1
0
0
-1
-1
-1
-1
0
1
0
-1
-1
1
1
2
2
0
0
-1
-1
0
-1
-1
0
0
2
1
1
-1
1
1
2
2
2
2
1
2
2
2
3
3
2
2
1
0
-1
1
3
3
3
2
2
2
1
3
1
4
5
6
5
3
2
1
-2
-1
-2
-4
-1
-1
-4
0
-3
-3
1
-1
0
1
-1
-1
-1
-2
0
0
-3
-2
-2
0
1
1
2
1
2
1
-1
-1
-1
-5
-4
-1
-4
-6
-2
-2
-6
-3
-1
-4
-3
1
0
-3
1
1
-3
-2
-1
1
1
2
-1
0
0
-2
-2
2
1
-1
-2
-1
0
0
-1
0
0
-1
-1
0
0
-1
1
1
2
-1
0
3
4
3
0
1
3
5
5
5
4
2
0
0
-1
-1
0
1
1
2
2
2
2
2
4
4
3
3
3
2
1
-1
-1
0
2
2
0
-1
-1
0
0
1
1
1
0
-1
0
-1
1
2
2
3
0
3
1
-1
-3
-5
1
0
-1
-4
-3
0
0
2
1
1
3
0
0
2
2
0
2
0
-2
-1
-1
0
0
-3
2
-2
-3
0
-3
-1
1
-1
1
-2
-1
-2
0
0
-1
4
7
1
0
-2
-3
0
0
2
2
0
0
3
0
1
-1
1
2
1
0
-1
0
0
1
-2
1
0
1
-1
3
4
0
1
3
1
0
-2
-1
0
-1
2
5
1
-1
1
-1
2
1
0
4
2
2
1
-5
1
-1
-1
3
-1
0
-1
1
4
0
1
3
1
0
0
0
1
0
1
3
-2
-2
2
0
0
0
-1
1
1
-4
-3
2
3
0
2
4
1
-1
1
1
-1
1
3
2
0
0
2
1
-2
-2
1
1
-4
-1
0
0
-1
0
1
0
-1
1
-2
2
0
-1
3
2
0
3
2
-3
-1
-5
-1
2
-3
-3
1
0
-1
2
1
2
2
0
2
3
0
2
1
0
0
1
1
-1
-3
-1
1
2
1
-3
0
3
1
5
5
5
5
1
2
4
4
2
-1
0
2
0
0
1
-2
2
0
-3
0
0
0
1
0
1
0
0
1
0
-1
-1
-3
1
-1
2
6
-2
3
1
0
4
-1
4
4
0
1
-3
2
-1
-5
-2
-3
-1
-3
-3
-1
-1
-2
-2
0
2
1
-2
-3
1
4
1
-2
-1
1
0
0
1
-1
7
8
3
4
11
8
5
5
6
4
2
2
2
-1
-2
0
1
-1
-1
-1
0
-2
-3
-4
-4
-4
-2
-4
-5
-3
0
-2
0
1
-4
-4
1
3
-1
-1
5
6
4
7
10
7
10
10
7
9
10
5
6
8
5
4
0
-1
5
2
2
4
0
-4
-2
-6
-6
-5
-9
-8
-7
-5
-3
-3
-3
-4
-3
-2
-2
-2
-4
-6
-5
-4
-5
-5
-2
1
2
3
10
13
15
12
8
12
9
2
3
-1
-2
1
-4
-5
-2
-4
2
5
3
1
1
5
6
5
-3
-9
-11
-11
-9
-8
-8
-10
-8
-8
-6
-3
1
3
-1
-6
-5
-4
-5
-4
-5
-4
0
1
-1
2
6
8
5
9
9
3
5
8
11
2
0
2
1
2
-2
0
3
0
5
5
3
5
6
7
4
9
4
-3
2
-4
-4
-5
-10
-9
-9
-13
-13
-10
-9
-8
-7
-7
-3
-3
-3
-1
-1
1
3
5
4
6
5
6
8
8
7
6
5
3
5
7
6
7
8
7
9
10
10
9
8
3
2
2
-1
1
1
1
-2
-7
-7
-9
-11
-10
-9
-10
-13
-11
-10
-11
-8
-5
-3
-2
3
5
3
3
4
1
-2
-1
-3
-4
-5
-7
-5
-6
-3
3
5
6
7
7
10
11
8
9
9
5
11
8
3
2
3
8
3
0
-3
-8
-10
-5
-2
-3
-2
3
6
4
7
-4
-2
3
-6
0
-6
-4
-5
-3
0
1
7
-12
6
12
-14
4
5
-14
-13
4
-3
-15
-2
-11
-18
-11
-6
3
-11
3
18
6
-6
16
20
8
45
39
13
-9
25
25
6
42
-10
20
6
15
78
-79
-66
22
-58
-57
10
36
-40
16
19
-177
-141
-117
-192
-247
-359
-456
-655
-826
-838
-757
-651
-412
-89
-51
-28
387
879
1219
1582
1822
1790
1716
1684
1550
1237
926
731
468
114
-117
-285
-545
-759
-841
-935
-1071
-1123
-1176
-1365
-1540
-1590
-1632
-1653
-1538
-1338
-1039
-517
28
227
211
396
758
1012
1145
1222
1128
890
745
728
714
758
914
987
858
710
652
557
350
120
-67
-227
-375
-517
-667
-785
-830
-812
-773
-764
-830
-944
-1015
-1027
-1036
-983
-750
-424
-185
5
276
569
801
1005
1157
1170
1103
1075
992
793
609
521
428
315
261
239
166
14
-79
-153
-224
-263
-334
-373
-459
-555
-611
-608
-514
-497
-504
-449
-354
-270
-230
-181
-115
-25
65
123
127
106
109
129
128
101
93
110
93
56
59
97
136
155
142
121
90
50
36
11
-7
-10
-33
4
61
33
22
61
68
86
81
30
4
-28
-28
-44
-91
-103
-118
-107
-152
-189
-119
-101
-90
-72
-44
22
47
110
189
254
338
339
331
301
203
155
122
110
57
-36
-40
-67
-71
-36
-52
-40
-75
-93
-71
-115
-115
-146
-201
-197
-217
-209
-166
-153
-163
-126
-56
-25
6
8
-7
25
79
147
180
179
184
191
163
139
178
163
150
173
111
69
59
29
-12
-60
-66
-56
-73
-96
-127
-174
-208
-205
-183
-168
-147
-108
-98
-96
-53
-22
0
24
46
53
62
129
153
119
131
140
113
81
102
137
101
60
59
62
73
85
108
105
52
48
49
10
-10
-102
-206
-188
-186
-227
-219
-194
-172
-185
-168
-85
-51
-24
6
-5
-34
-48
-4
44
57
66
89
84
71
93
125
169
171
167
149
86
39
16
38
62
41
-8
-67
-85
-90
-94
-72
-57
-65
-97
-104
-77
-60
-70
-53
7
43
64
27
18
124
144
104
89
72
98
117
102
61
38
69
52
36
42
2
-26
-49
-52
-44
-48
-56
-88
-76
-90
-124
-75
-74
-96
-68
-45
-1
17
30
53
68
94
73
71
92
87
84
56
24
-8
-7
38
24
5
-2
-38
-73
-113
-133
-130
-125
-126
-140
-146
-130
-81
-36
-17
9
45
83
73
69
78
53
85
130
118
111
118
133
141
123
85
61
43
-6
-19
-23
-76
-113
-133
-142
-117
-111
-105
-70
-67
-82
-89
-70
-61
-68
-52
-41
-5
31
33
61
104
128
161
192
187
194
185
136
117
80
42
27
-18
-52
-80
-101
-131
-166
-139
-120
-123
-117
-125
-124
-108
-83
-63
-70
-66
-30
-18
-22
2
32
72
110
135
168
187
160
132
119
93
74
68
47
14
-25
-54
-47
-31
-34
-22
-8
-15
-24
-45
-70
-71
-81
-90
-69
-62
-72
-59
-37
-25
-3
30
37
15
-9
-18
-19
-18
-16
-1
21
29
36
53
62
71
85
80
60
31
-7
-26
-30
-53
-85
-89
-77
-70
-59
-31
-9
-11
-9
3
21
40
58
68
64
62
71
78
72
66
56
39
36
23
-6
-16
-10
-13
-27
-46
-55
-60
-69
-62
-43
-41
-30
-9
3
21
43
56
70
84
84
76
59
38
7
-24
-44
-57
-55
-51
-56
-63
-71
-61
-51
-33
-10
8
29
35
32
21
16
22
11
-3
-14
-28
-43
-58
-60
-45
-30
-9
30
58
74
87
88
85
84
78
48
16
-4
-21
-40
-55
-54
-62
-79
-77
-65
-45
-42
-35
-24
-24
-16
1
27
48
54
58
59
64
64
59
62
58
43
26
29
39
32
22
36
45
24
12
7
-10
-30
-44
-46
-46
-56
-56
-40
-35
-42
-43
-34
-18
-16
-21
-17
-4
-15
-25
-8
-14
-7
8
14
20
11
14
24
23
16
11
4
-13
-18
-21
-21
-12
-8
-10
-3
6
5
-4
-21
-23
-25
-45
-58
-57
-60
-58
-41
-19
9
43
69
100
121
124
132
131
129
105
78
75
65
44
17
7
8
-14
-37
-49
-60
-86
-115
-118
-113
-113
-103
-84
-57
-16
14
49
91
102
102
113
109
84
48
22
7
-20
-47
-57
-64
-75
-83
-71
-62
-49
-21
-9
-15
-8
-4
-2
5
5
12
15
13
28
33
43
57
73
85
81
80
73
56
44
30
6
-28
-52
-82
-104
-107
-128
-128
-119
-117
-102
-87
-64
-53
-44
-25
-1
15
16
25
39
45
61
83
87
109
118
109
124
119
96
78
64
47
20
-4
-23
-33
-56
-83
-88
-85
-87
-86
-87
-99
-103
-97
-101
-94
-88
-88
-68
-38
-20
-4
19
47
72
88
105
121
128
126
112
98
67
30
9
-12
-27
-59
-93
-98
-112
-123
-127
-130
-116
-106
-114
-115
-115
-111
-95
-81
-67
-50
-28
-15
0
30
41
47
53
51
58
53
47
44
36
27
26
27
31
30
20
12
10
-2
-18
-27
-32
-37
-39
-34
-24
-11
10
28
34
34
34
33
25
10
-7
-21
-31
-36
-36
-37
-39
-37
-24
-4
0
-4
5
25
34
39
55
75
86
100
121
134
131
130
135
133
123
115
100
93
91
85
77
79
105
110
114
117
115
128
130
129
111
89
84
58
40
28
18
7
6
20
20
31
54
61
61
66
65
68
69
49
24
-6
-33
-47
-56
-72
-76
-77
-89
-92
-83
-89
-103
-133
-153
-171
-212
-231
-240
-247
-247
-224
-176
-145
-119
-91
-73
-51
-51
-68
-69
-110
-169
-207
-246
-264
-295
-322
-319
-329
-343
-354
-363
-387
-411
-435
-447
-452
-468
-475
-473
-454
-446
-421
-377
-374
-363
-348
-340
-328
-328
-327
-308
-280
-246
-189
-122
-77
-30
32
99
184
249
301
357
384
417
457
502
541
550
582
610
639
681
703
749
781
800
855
891
921
934
941
952
940
931
907
874
842
809
784
756
723
688
665
650
638
622
596
549
493
444
384
301
239
194
130
81
60
45
42
29
-2
-14
-33
-74
-127
-205
-293
-374
-462
-531
-591
-671
-749
-794
-829
-888
-971
-1059
-1172
-1327
-1523
-1778
-2106
-2485
-2877
-3260
-3608
-3877
-4050
-4142
-4135
-3963
-3601
-3086
-2473
-1795
-1093
-393
290
917
1448
1858
2143
2323
2411
2451
2494
2493
2418
2355
2328
2300
2285
2248
2133
1972
1777
1527
1234
906
525
122
-269
-608
-842
-1008
-1131
-1144
-1054
-898
-630
-291
55
424
757
1067
1354
1585
1789
1886
1905
1907
1885
1877
1834
1782
1720
1617
1561
1501
1419
1331
1209
1079
927
767
618
467
343
234
151
121
114
110
142
210
261
284
306
325
299
247
179
59
-101
-221
-295
-400
-524
-573
-560
-581
-633
-680
-768
-934
-1148
-1437
-1876
-2445
-3101
-3880
-4736
-5477
-5992
-6369
-6667
-6808
-6678
-6225
-5451
-4473
-3454
-2434
-1372
-298
705
1590
2301
2752
2958
3058
3149
3234
3275
3218
3049
2903
2941
3085
3124
3008
2833
2581
2199
1731
1215
589
-171
-950
-1621
-2114
-2414
-2583
-2680
-2617
-2298
-1774
-1174
-546
60
565
979
1372
1743
2035
2215
2277
2285
2365
2540
2698
2807
2924
3030
3043
2997
2949
2816
2497
2035
1511
987
530
124
-305
-694
-890
-896
-836
-715
-466
-141
153
390
607
813
968
999
888
724
625
543
369
161
70
51
-15
-75
-48
-10
-37
-89
-161
-265
-359
-504
-831
-1263
-1617
-1962
-2487
-3146
-3784
-4417
-5125
-5795
-6224
-6393
-6460
-6509
-6401
-5918
-5064
-4081
-3164
-2257
-1239
-165
819
1639
2323
2867
3202
3329
3415
3600
3787
3768
3527
3298
3261
3295
3139
2739
2271
1816
1297
705
113
-481
-1126
-1797
-2365
-2674
-2720
-2668
-2624
-2472
-2060
-1454
-834
-262
300
826
1269
1628
1964
2307
2574
2654
2616
2682
2901
3061
3026
2943
2916
2837
2639
2391
2102
1724
1265
745
178
-289
-536
-724
-1014
-1194
-1062
-799
-615
-387
6
393
631
809
1024
1222
1317
1263
1103
993
998
949
763
624
637
610
450
357
434
480
347
160
68
46
-33
-277
-670
-1058
-1353
-1716
-2294
-2946
-3529
-4172
-4981
-5737
-6161
-6295
-6398
-6557
-6538
-6033
-5083
-4064
-3188
-2276
-1188
-97
813
1598
2317
2851
3122
3217
3294
3479
3693
3671
3362
3098
3127
3215
3017
2623
2254
1822
1235
598
25
-523
-1189
-1956
-2553
-2824
-2881
-2908
-2940
-2797
-2372
-1846
-1347
-758
-100
419
767
1082
1458
1888
2211
2258
2191
2308
2569
2707
2678
2668
2731
2696
2494
2309
2212
2013
1612
1111
650
339
126
-174
-530
-668
-536
-418
-426
-283
116
453
539
586
805
1067
1139
1000
849
838
882
798
623
558
634
669
587
550
686
843
804
615
516
567
542
243
-218
-592
-885
-1321
-1980
-2676
-3283
-3955
-4834
-5697
-6189
-6326
-6474
-6782
-6950
-6626
-5841
-4927
-4085
-3215
-2195
-1101
-50
942
1866
2604
3065
3316
3543
3872
4193
4258
4013
3704
3599
3612
3454
3030
2515
2020
1456
798
175
-390
-1055
-1860
-2564
-2937
-3035
-3121
-3258
-3224
-2885
-2401
-1900
-1292
-569
61
532
1002
1563
2115
2520
2721
2759
2820
3033
3248
3244
3068
2931
2845
2689
2483
2296
2047
1652
1197
815
542
308
4
-388
-684
-710
-600
-601
-636
-469
-176
-10
81
323
643
791
781
827
995
1148
1179
1125
1089
1114
1145
1123
1075
1047
1013
914
772
656
568
414
120
-270
-656
-1002
-1387
-1899
-2518
-3174
-3864
-4630
-5416
-6063
-6459
-6676
-6863
-7011
-6923
-6408
-5527
-4531
-3603
-2688
-1637
-444
685
1600
2365
3033
3493
3694
3843
4106
4333
4296
3976
3658
3615
3638
3351
2789
2218
1712
1150
484
-161
-782
-1513
-2301
-2908
-3196
-3287
-3360
-3390
-3279
-2957
-2377
-1642
-956
-367
224
835
1417
1982
2486
2822
2998
3067
3107
3251
3408
3328
3031
2765
2615
2440
2135
1759
1380
945
467
109
-91
-301
-585
-842
-970
-903
-705
-541
-425
-244
-22
165
330
542
799
967
973
990
1143
1280
1322
1351
1371
1354
1372
1435
1430
1290
1130
1054
917
606
351
247
0
-485
-927
-1184
-1466
-1937
-2515
-3087
-3685
-4349
-5058
-5764
-6354
-6696
-6840
-6945
-7001
-6766
-6084
-5132
-4179
-3254
-2229
-1085
32
1017
1898
2672
3270
3630
3818
4055
4395
4548
4359
4072
3974
4018
3881
3475
3034
2622
2099
1425
702
46
-619
-1460
-2372
-2991
-3218
-3401
-3680
-3767
-3498
-3014
-2456
-1839
-1109
-339
354
1001
1634
2230
2757
3091
3162
3126
3190
3327
3269
2985
2743
2617
2463
2204
1912
1722
1540
1171
725
441
266
-15
-409
-730
-872
-876
-861
-889
-825
-559
-199
72
244
531
998
1321
1358
1410
1649
1852
1831
1726
1728
1798
1779
1596
1361
1241
1184
1017
698
377
210
51
-354
-879
-1282
-1604
-2022
-2596
-3205
-3719
-4194
-4794
-5520
-6137
-6486
-6698
-6874
-6943
-6873
-6597
-5975
-5062
-4083
-3100
-2052
-990
77
1195
2245
3065
3678
4148
4494
4789
5058
5151
4981
4700
4469
4237
3894
3430
2854
2129
1278
482
-196
-909
-1692
-2475
-3189
-3666
-3862
-3992
-4101
-3951
-3514
-3023
-2491
-1754
-887
-116
528
1172
1862
2490
2947
3228
3354
3421
3529
3567
3419
3218
3060
2861
2566
2243
1998
1799
1448
958
581
383
176
-124
-390
-501
-516
-519
-482
-366
-157
143
427
594
739
1025
1346
1457
1424
1529
1724
1725
1556
1490
1533
1463
1258
1058
903
761
591
325
-18
-255
-347
-539
-950
-1355
-1599
-1840
-2234
-2701
-3144
-3592
-4149
-4852
-5582
-6143
-6489
-6744
-6983
-7094
-6939
-6476
-5724
-4764
-3722
-2693
-1663
-539
696
1869
2769
3355
3816
4239
4503
4680
4878
4875
4607
4310
4136
4028
3763
3224
2558
1883
1220
565
-155
-966
-1845
-2708
-3372
-3731
-3894
-4011
-4037
-3817
-3369
-2812
-2104
-1210
-350
286
862
1577
2323
2877
3197
3355
3439
3566
3709
3705
3558
3406
3224
2913
2589
2416
2204
1775
1302
875
451
165
-5
-264
-556
-652
-539
-448
-449
-282
57
277
359
503
756
1013
1178
1210
1152
1150
1267
1331
1235
1127
1116
1085
963
843
773
675
502
277
43
-108
-186
-344
-644
-917
-1059
-1204
-1489
-1830
-2124
-2490
-3080
-3791
-4430
-5032
-5748
-6458
-6862
-6962
-7060
-7191
-6970
-6166
-5054
-4033
-3113
-1999
-602
754
1783
2651
3566
4327
4662
4726
4858
5077
5107
4768
4246
3920
3832
3584
2927
2178
1672
1222
496
-375
-1074
-1652
-2369
-3160
-3704
-3910
-3984
-4051
-3991
-3647
-3030
-2298
-1575
-855
-67
781
1558
2167
2656
3128
3537
3700
3653
3661
3719
3583
3246
2928
2727
2559
2305
1971
1669
1437
1183
883
614
435
292
54
-246
-369
-299
-322
-472
-458
-227
-34
-17
39
322
622
682
640
795
1074
1156
1031
1000
1088
1044
842
709
683
613
480
367
258
154
127
127
-22
-294
-501
-666
-1004
-1528
-2027
-2491
-3163
-4110
-5067
-5804
-6354
-6847
-7259
-7459
-7397
-7096
-6503
-5540
-4379
-3297
-2258
-1019
368
1570
2505
3313
4022
4460
4678
4885
5087
5138
4882
4502
4205
4032
3800
3280
2609
1915
1259
549
-228
-996
-1820
-2639
-3341
-3828
-4120
-4248
-4188
-3992
-3679
-3171
-2415
-1546
-743
-32
667
1397
2102
2698
3140
3454
3689
3828
3876
3888
3851
3692
3408
3074
2748
2484
2206
1832
1339
857
536
287
87
-109
-299
-423
-465
-409
-363
-339
-265
-147
-64
-37
47
218
354
381
367
421
612
873
1000
978
1032
1202
1277
1217
1189
1179
1067
897
752
609
448
321
131
-124
-342
-510
-759
-1180
-1540
-1866
-2369
-3100
-3860
-4526
-5317
-6151
-6772
-7081
-7235
-7399
-7414
-7028
-6116
-4953
-3897
-2881
-1607
-118
1178
2178
3104
3959
4496
4710
4810
4881
4859
4626
4132
3595
3304
3130
2720
2083
1500
1025
515
-101
-774
-1397
-1986
-2667
-3317
-3685
-3817
-3893
-3938
-3824
-3380
-2636
-1884
-1210
-425
482
1312
2018
2693
3296
3752
4023
4103
4103
4112
4035
3789
3438
3102
2839
2575
2242
1870
1529
1290
1096
824
532
347
191
-70
-322
-416
-492
-696
-843
-763
-635
-620
-588
-394
-138
40
177
368
598
769
843
918
1088
1247
1227
1110
1134
1254
1228
1093
1050
1030
885
748
710
597
344
100
-153
-566
-1074
-1538
-2090
-2895
-3849
-4729
-5523
-6368
-7189
-7706
-7888
-7976
-7976
-7602
-6696
-5487
-4347
-3259
-1932
-420
949
2088
3089
3946
4549
4831
4932
5032
5085
4916
4506
4032
3719
3553
3268
2722
2110
1600
1051
365
-330
-967
-1660
-2462
-3226
-3720
-3891
-3943
-4036
-3992
-3578
-2888
-2137
-1363
-532
305
1102
1855
2540
3133
3611
3917
4008
3987
4019
4071
3936
3607
3288
3098
2937
2706
2419
2114
1796
1483
1153
789
447
111
-308
-723
-978
-1114
-1304
-1563
-1673
-1539
-1392
-1338
-1144
-748
-407
-209
1
296
608
847
964
1074
1296
1502
1547
1546
1635
1725
1698
1624
1569
1478
1323
1124
849
524
227
-82
-527
-1118
-1692
-2154
-2710
-3570
-4513
-5207
-5822
-6632
-7318
-7486
-7400
-7461
-7457
-6876
-5703
-4486
-3513
-2478
-1135
296
1509
2450
3289
4068
4539
4615
4588
4669
4724
4492
3939
3420
3218
3088
2623
1922
1388
1021
502
-225
-927
-1435
-1911
-2607
-3327
-3696
-3723
-3701
-3755
-3644
-3123
-2357
-1614
-912
-131
726
1540
2223
2794
3318
3802
4100
4113
4029
4063
4129
3963
3561
3253
3129
2920
2533
2131
1823
1551
1142
602
156
-136
-486
-997
-1422
-1540
-1567
-1769
-1957
-1833
-1514
-1299
-1159
-857
-403
-31
185
387
674
976
1182
1297
1422
1599
1761
1821
1806
1827
1865
1843
1765
1615
1417
1249
1039
679
258
-74
-378
-877
-1527
-2035
-2439
-3068
-3906
-4646
-5241
-5886
-6553
-6965
-7046
-7006
-6972
-6758
-6086
-5015
-3889
-2871
-1826
-625
640
1779
2678
3354
3903
4293
4415
4383
4415
4446
4203
3668
3216
3051
2859
2394
1804
1293
854
343
-310
-938
-1428
-1947
-2609
-3162
-3323
-3268
-3325
-3370
-3085
-2493
-1814
-1106
-369
343
1043
1804
2514
3020
3429
3834
4048
4028
4024
4116
4119
3889
3534
3278
3139
2905
2490
1996
1562
1188
697
69
-433
-781
-1267
-1876
-2226
-2224
-2200
-2335
-2388
-2110
-1634
-1264
-1011
-655
-175
214
443
662
972
1277
1437
1461
1539
1791
2038
2052
1941
1978
2132
2144
1979
1799
1622
1360
1002
596
210
-137
-564
-1141
-1689
-2079
-2518
-3211
-3995
-4666
-5287
-5975
-6606
-6978
-7102
-7168
-7203
-6972
-6274
-5245
-4181
-3173
-2083
-829
450
1573
2500
3272
3880
4260
4407
4423
4444
4423
4132
3578
3128
2959
2783
2333
1763
1316
933
407
-255
-823
-1255
-1813
-2564
-3132
-3247
-3184
-3268
-3356
-3121
-2530
-1831
-1182
-480
340
1140
1839
2459
3002
3531
4000
4148
4025
4025
4204
4182
3805
3393
3185
2980
2563
2077
1705
1345
810
144
-395
-678
-941
-1446
-2004
-2201
-2052
-1991
-2108
-2017
-1568
-1124
-925
-699
-190
350
582
630
839
1226
1516
1555
1504
1601
1844
1985
1939
1926
2046
2064
1834
1572
1480
1410
1128
663
263
63
-109
-490
-1052
-1517
-1804
-2189
-2859
-3616
-4215
-4772
-5523
-6318
-6783
-6867
-6885
-7001
-6922
-6323
-5351
-4330
-3331
-2239
-1014
214
1300
2248
3066
3667
4003
4096
4078
4165
4268
4026
3487
3116
3039
2903
2488
2001
1644
1289
745
106
-424
-850
-1392
-2143
-2785
-2976
-2913
-3039
-3252
-3047
-2416
-1798
-1254
-520
362
1143
1762
2312
2875
3452
3876
3931
3789
3878
4139
4063
3641
3323
3188
2942
2497
2032
1669
1296
740
73
-481
-809
-1080
-1529
-2027
-2166
-1948
-1833
-1914
-1809
-1405
-996
-788
-622
-231
269
484
428
531
911
1214
1191
1103
1311
1692
1863
1844
1897
2055
2143
2009
1742
1608
1604
1383
840
348
157
-23
-497
-1116
-1568
-1818
-2153
-2756
-3444
-3993
-4483
-5161
-5987
-6528
-6608
-6653
-6905
-6980
-6511
-5615
-4626
-3698
-2716
-1568
-328
851
1847
2680
3413
3888
4010
4045
4184
4242
4016
3571
3181
3004
2877
2569
2116
1686
1310
867
300
-239
-665
-1200
-1960
-2608
-2856
-2901
-3045
-3209
-3100
-2638
-2050
-1484
-805
32
796
1392
1934
2508
3096
3517
3634
3574
3604
3736
3711
3424
3102
2898
2689
2364
1994
1710
1461
1016
396
-102
-399
-746
-1273
-1777
-2020
-2042
-2093
-2204
-2092
-1687
-1279
-1029
-774
-325
271
678
764
881
1247
1541
1528
1485
1632
1789
1821
1840
1918
2048
2148
2107
1948
1831
1819
1688
1254
807
610
418
-16
-527
-907
-1199
-1589
-2132
-2730
-3253
-3757
-4416
-5221
-5878
-6232
-6486
-6795
-6966
-6795
-6347
-5726
-4888
-3864
-2801
-1724
-576
584
1656
2574
3252
3669
3959
4174
4240
4166
4028
3804
3469
3147
2912
2670
2326
1898
1443
993
557
104
-416
-1014
-1621
-2109
-2448
-2708
-2951
-3063
-2906
-2525
-2087
-1572
-866
-109
547
1102
1781
2467
2920
3202
3371
3540
3568
3511
3426
3245
3039
2716
2402
2127
1861
1550
1157
771
345
45
-217
-604
-928
-1180
-1337
-1427
-1479
-1460
-1418
-1266
-1125
-985
-722
-411
-82
153
331
601
949
1127
1233
1405
1547
1682
1771
1864
1848
1847
1894
1806
1685
1569
1528
1326
986
747
569
361
-15
-440
-859
-1285
-1723
-2262
-2884
-3523
-4153
-4842
-5553
-6129
-6492
-6704
-6834
-6842
-6613
-6028
-5169
-4232
-3263
-2210
-1131
-106
899
1846
2576
3063
3423
3696
3828
3848
3843
3768
3518
3210
3043
2962
2746
2332
1849
1390
904
351
-229
-811
-1392
-1977
-2510
-2828
-2905
-2968
-3005
-2763
-2296
-1816
-1247
-515
186
748
1262
1811
2326
2711
2973
3136
3210
3262
3314
3277
3119
2907
2699
2475
2164
1793
1425
1034
597
152
-270
-587
-799
-1031
-1253
-1310
-1244
-1201
-1156
-953
-624
-394
-318
-157
131
326
440
636
839
961
1083
1251
1437
1637
1824
1925
1947
1996
2084
2053
1862
1647
1445
1190
913
672
429
142
-145
-439
-806
-1195
-1564
-2038
-2721
-3476
-4147
-4815
-5588
-6319
-6769
-6969
-7131
-7230
-6969
-6221
-5240
-4288
-3285
-2084
-785
401
1424
2311
3038
3562
3878
3998
4023
4066
4046
3801
3444
3253
3212
3052
2724
2377
2004
1554
1052
482
-140
-780
-1496
-2243
-2802
-3076
-3226
-3376
-3372
-3022
-2465
-1912
-1260
-441
341
970
1540
2089
2582
2982
3189
3177
3139
3240
3328
3200
2988
2880
2755
2507
2229
1949
1640
1238
680
51
-483
-870
-1228
-1664
-2010
-2064
-1945
-1847
-1704
-1358
-868
-475
-225
84
551
930
989
955
1116
1291
1294
1268
1322
1437
1593
1732
1839
1979
2133
2156
1992
1807
1723
1583
1216
764
415
122
-219
-619
-1036
-1402
-1717
-2106
-2652
-3245
-3767
-4365
-5195
-5995
-6434
-6658
-6950
-7245
-7250
-6779
-5954
-4999
-3975
-2842
-1605
-318
893
1934
2816
3543
3980
4103
4149
4262
4285
4038
3548
3137
3037
2990
2677
2231
1933
1693
1199
527
9
-426
-1100
-1983
-2669
-2941
-3088
-3400
-3627
-3431
-2927
-2368
-1782
-1072
-238
553
1179
1752
2374
2950
3311
3376
3285
3319
3489
3470
3155
2877
2804
2673
2316
1920
1645
1353
846
242
-185
-415
-713
-1232
-1688
-1741
-1559
-1528
-1605
-1434
-956
-572
-484
-322
149
567
658
644
815
1106
1284
1302
1321
1505
1802
1995
2017
2052
2206
2296
2155
1907
1768
1697
1478
1054
627
389
233
-107
-632
-1083
-1382
-1781
-2487
-3336
-4048
-4696
-5545
-6455
-6984
-7117
-7253
-7446
-7317
-6660
-5639
-4547
-3536
-2452
-1149
177
1318
2260
3024
3623
4018
4158
4180
4275
4373
4217
3781
3426
3372
3288
2898
2420
2030
1591
1004
313
-357
-951
-1658
-2518
-3135
-3328
-3397
-3558
-3638
-3346
-2716
-2071
-1464
-728
51
717
1319
1905
2403
2785
3085
3217
3201
3291
3509
3596
3449
3241
3148
3034
2693
2259
1876
1425
842
162
-515
-980
-1309
-1803
-2295
-2363
-2099
-1898
-1822
-1549
-945
-388
-165
27
496
951
1038
940
1027
1279
1429
1369
1313
1506
1831
1984
1987
2084
2248
2255
2093
1906
1731
1506
1203
801
348
-5
-231
-551
-1066
-1544
-1819
-2143
-2793
-3615
-4281
-4837
-5576
-6441
-7007
-7155
-7255
-7478
-7421
-6732
-5660
-4631
-3633
-2416
-1009
314
1437
2440
3336
3992
4320
4417
4482
4599
4596
4275
3797
3531
3511
3355
2889
2371
2017
1640
1006
251
-366
-918
-1692
-2618
-3270
-3488
-3604
-3845
-3924
-3564
-2936
-2317
-1655
-808
80
808
1401
1977
2583
3092
3363
3416
3391
3467
3581
3481
3210
3009
2885
2669
2273
1843
1522
1134
514
-175
-659
-898
-1168
-1643
-2029
-1991
-1694
-1537
-1497
-1217
-711
-353
-222
4
439
759
753
696
873
1186
1375
1375
1420
1693
1993
2092
2127
2252
2319
2184
1948
1755
1615
1431
1097
678
340
141
-25
-338
-801
-1207
-1519
-1975
-2667
-3436
-4145
-4926
-5866
-6692
-7122
-7274
-7444
-7604
-7348
-6466
-5317
-4261
-3178
-1909
-577
648
1709
2622
3391
3906
4113
4161
4255
4422
4438
4123
3712
3569
3607
3425
2964
2526
2192
1691
908
105
-505
-1133
-2059
-3041
-3564
-3625
-3716
-3933
-3837
-3273
-2592
-1998
-1287
-376
470
1069
1556
2087
2623
3025
3188
3138
3114
3262
3389
3280
3065
2948
2836
2564
2216
1939
1632
1145
543
-28
-464
-748
-1076
-1505
-1736
-1631
-1456
-1372
-1250
-931
-528
-301
-198
17
329
563
588
502
599
892
1072
1110
1288
1638
1900
1981
2080
2282
2372
2189
1927
1764
1583
1296
947
560
222
-15
-282
-678
-1119
-1479
-1844
-2468
-3313
-4068
-4712
-5511
-6455
-7158
-7416
-7518
-7677
-7595
-6931
-5835
-4701
-3633
-2439
-1055
314
1453
2373
3193
3877
4241
4280
4264
4375
4424
4171
3753
3514
3503
3400
3004
2489
2082
1661
985
133
-593
-1175
-1908
-2851
-3585
-3784
-3740
-3836
-3877
-3472
-2717
-1981
-1311
-548
283
1026
1593
2046
2485
2874
3087
3073
2984
3036
3202
3264
3166
3016
2938
2877
2615
2184
1851
1535
977
277
-337
-800
-1160
-1565
-1950
-2040
-1845
-1637
-1512
-1278
-783
-252
29
179
492
886
1022
927
944
1096
1186
1171
1167
1370
1702
1877
1924
2036
2214
2286
2096
1822
1693
1560
1216
768
416
193
-19
-320
-688
-1008
-1248
-1601
-2208
-2912
-3543
-4227
-5138
-6113
-6783
-7105
-7362
-7642
-7626
-7057
-6111
-5083
-3997
-2736
-1367
-94
1007
2020
2948
3634
3955
4013
4057
4207
4309
4158
3818
3574
3547
3519
3273
2897
2563
2159
1468
604
-121
-718
-1503
-2512
-3313
-3596
-3611
-3703
-3736
-3369
-2698
-2058
-1428
-585
328
989
1412
1847
2332
2729
2953
2983
2911
2925
3079
3204
3151
3013
2908
2743
2440
2092
1765
1408
924
284
-303
-604
-791
-1161
-1513
-1489
-1232
-1100
-1071
-860
-463
-197
-191
-189
0
221
291
239
255
513
864
1009
1071
1377
1798
2013
2049
2138
2269
2186
1865
1541
1298
1056
763
400
62
-108
-215
-485
-901
-1244
-1525
-2035
-2851
-3698
-4430
-5221
-6162
-6998
-7396
-7429
-7465
-7453
-6937
-5846
-4591
-3470
-2386
-1121
231
1363
2186
2850
3434
3825
3890
3763
3815
4069
4118
3845
3608
3632
3710
3507
2987
2434
1940
1271
326
-645
-1416
-2102
-2918
-3701
-4010
-3841
-3646
-3547
-3208
-2479
-1647
-937
-273
388
952
1384
1695
1942
2221
2469
2586
2632
2765
3078
3340
3316
3195
3124
2995
2707
2225
1713
1323
846
165
-418
-667
-784
-1013
-1202
-1145
-890
-619
-464
-311
-55
141
184
153
161
302
395
272
237
539
928
1113
1201
1479
1888
2072
2036
2074
2125
1951
1615
1272
980
787
601
295
-18
-188
-267
-433
-830
-1326
-1742
-2296
-3178
-4137
-4968
-5754
-6557
-7259
-7615
-7531
-7302
-7032
-6312
-5036
-3715
-2648
-1618
-417
813
1725
2290
2812
3316
3582
3610
3642
3888
4182
4145
3864
3779
3888
3767
3242
2534
1798
1044
231
-709
-1584
-2228
-2848
-3471
-3782
-3658
-3280
-2900
-2533
-2005
-1339
-657
-43
435
814
1183
1542
1841
2128
2504
2866
3050
3212
3529
3877
4006
3874
3652
3335
2794
2158
1506
738
-17
-630
-1194
-1658
-1852
-1845
-1765
-1582
-1286
-921
-564
-283
-33
210
323
293
234
234
332
427
442
564
867
1137
1370
1712
2047
2199
2166
2053
1984
1861
1503
1054
732
507
303
133
39
7
-27
-97
-199
-335
-614
-1125
-1813
-2704
-3758
-4726
-5631
-6587
-7350
-7666
-7639
-7517
-7286
-6613
-5443
-4154
-3020
-1968
-836
272
1117
1732
2302
2857
3234
3368
3500
3821
4205
4432
4377
4232
4192
4075
3661
2918
1979
1084
185
-907
-1933
-2546
-2968
-3556
-4040
-3924
-3389
-2952
-2630
-2135
-1470
-936
-564
-102
403
786
1116
1461
1893
2452
2969
3347
3680
4016
4279
4347
4176
3852
3403
2780
2054
1344
714
210
-240
-685
-861
-693
-536
-511
-442
-294
-118
-67
-207
-313
-306
-363
-484
-540
-390
9
389
584
884
1412
1846
1984
2007
2084
2071
1758
1347
1171
1052
731
455
424
469
485
530
627
644
441
146
-200
-783
-1543
-2310
-3174
-4228
-5275
-6077
-6695
-7234
-7486
-7278
-6842
-6483
-6052
-5131
-3863
-2817
-2111
-1391
-435
503
1098
1615
2389
3103
3438
3666
4183
4865
5196
5012
4660
4379
4021
3371
2446
1440
482
-469
-1427
-2200
-2582
-2747
-3001
-3215
-3056
-2588
-2163
-1913
-1688
-1375
-1020
-704
-384
47
546
972
1375
1957
2729
3429
3862
4107
4303
4406
4247
3811
3244
2607
1848
1023
360
-9
-226
-474
-658
-573
-307
-162
-186
-151
-17
-57
-322
-523
-527
-503
-541
-523
-388
-101
399
927
1216
1384
1615
1748
1648
1479
1417
1320
944
508
445
588
517
396
490
701
843
834
805
804
559
38
-529
-1045
-1528
-2140
-2948
-3752
-4479
-5152
-5729
-6202
-6487
-6510
-6422
-6321
-6007
-5301
-4336
-3390
-2610
-1921
-1062
14
958
1639
2344
3100
3557
3737
4038
4524
4818
4675
4257
3863
3552
3084
2289
1382
621
-140
-1056
-1827
-2156
-2342
-2755
-3151
-3126
-2808
-2534
-2329
-2004
-1526
-1086
-757
-310
343
995
1500
1889
2372
3082
3703
3956
4082
4257
4304
4087
3634
3144
2725
2147
1344
583
48
-268
-571
-1019
-1291
-1164
-994
-1006
-990
-776
-495
-422
-495
-300
155
442
474
513
758
1160
1388
1357
1411
1630
1685
1449
1197
1216
1354
1164
708
498
603
610
409
311
435
503
373
251
274
286
83
-317
-751
-1138
-1530
-2084
-2898
-3829
-4694
-5480
-6190
-6643
-6706
-6594
-6495
-6283
-5717
-4664
-3381
-2371
-1654
-866
72
928
1574
2182
2889
3388
3521
3708
4222
4759
4902
4573
4100
3749
3319
2566
1614
660
-275
-1247
-2164
-2692
-2776
-2898
-3219
-3319
-2984
-2473
-2134
-1912
-1501
-1061
-847
-529
151
914
1467
1859
2385
3097
3720
4114
4252
4198
4086
3760
3190
2736
2367
1796
1117
508
128
148
234
-16
-288
-282
-260
-334
-373
-351
-337
-448
-599
-524
-291
-36
272
468
527
749
1139
1371
1355
1290
1261
1121
909
845
869
756
494
279
229
280
320
279
173
78
9
-4
44
36
-176
-581
-959
-1252
-1744
-2483
-3273
-4154
-5087
-5888
-6435
-6548
-6349
-6227
-6080
-5571
-4707
-3606
-2471
-1636
-1034
-371
348
1049
1733
2338
2905
3371
3597
3936
4608
5059
4915
4344
3666
3118
2477
1513
468
-492
-1428
-2286
-2838
-2871
-2672
-2777
-3052
-2929
-2437
-2108
-1967
-1619
-1140
-884
-634
39
1013
1830
2384
2885
3483
4090
4509
4635
4532
4345
3987
3436
2877
2484
2081
1472
767
152
-146
-386
-726
-1225
-1601
-1531
-1443
-1319
-1187
-838
-478
-320
13
406
870
1074
1168
1163
1134
1296
1412
1496
1350
1360
1379
1297
1195
1067
1006
628
260
-68
-223
-351
-503
-528
-593
-444
-306
-48
164
265
193
-157
-453
-874
-1307
-1992
-2841
-3804
-4752
-5444
-6078
-6311
-6240
-5949
-5758
-5589
-4916
-3945
-2927
-2197
-1622
-977
-232
622
1448
2269
3041
3619
3926
4224
4702
5082
4980
4372
3609
2915
2267
1538
710
-101
-826
-1536
-2175
-2488
-2487
-2606
-3004
-3265
-3104
-2846
-2712
-2386
-1735
-1081
-602
13
933
1918
2652
3105
3455
3759
4065
4123
4043
3886
3609
3247
2686
2365
2106
1778
1234
505
23
-347
-563
-873
-1022
-1019
-1037
-980
-841
-424
-164
56
162
196
320
565
965
992
924
948
1163
1284
1287
1444
1405
1239
911
757
697
508
293
-78
-313
-377
-262
-108
-62
-30
-22
20
73
80
-41
-299
-715
-1262
-1808
-2332
-2978
-3869
-4841
-5654
-6195
-6389
-6221
-5904
-5704
-5510
-4920
-3864
-2731
-1873
-1231
-615
54
822
1693
2611
3389
3870
4069
4243
4594
4963
4872
4147
3269
2441
1673
862
90
-530
-1353
-2169
-2764
-2988
-2887
-2903
-3012
-3142
-3097
-2842
-2434
-1777
-1045
-468
7
704
1676
2589
3186
3588
3931
4112
4158
4229
4312
4199
3840
3389
2943
2544
2168
1640
845
-24
-675
-1055
-1310
-1433
-1420
-1449
-1487
-1303
-850
-254
201
254
138
271
622
980
1267
1423
1410
1353
1455
1715
1855
1736
1498
1182
802
590
600
508
191
-88
-206
-277
-256
-92
-12
-159
-327
-326
-215
-117
-111
-274
-585
-910
-1216
-1639
-2273
-3077
-3990
-4959
-5833
-6358
-6345
-5931
-5543
-5414
-5200
-4449
-3300
-2306
-1680
-1158
-528
161
903
1847
2949
3837
4229
4295
4439
4772
4926
4504
3572
2543
1653
867
198
-299
-755
-1366
-2044
-2505
-2688
-2800
-2993
-3196
-3305
-3301
-3093
-2501
-1581
-680
-4
623
1425
2273
2916
3353
3696
3923
3935
3833
3866
3949
3829
3527
3136
2683
2171
1597
1031
472
-179
-791
-1173
-1316
-1234
-1004
-794
-672
-555
-356
-109
113
258
295
308
480
829
1132
1255
1356
1548
1635
1470
1251
1165
1014
599
171
47
67
-58
-210
-183
-142
-260
-369
-323
-263
-282
-292
-259
-242
-262
-319
-468
-734
-1066
-1474
-2079
-2933
-3888
-4774
-5556
-6133
-6273
-5948
-5489
-5199
-4968
-4423
-3448
-2402
-1685
-1217
-642
135
955
1823
2847
3833
4418
4574
4636
4757
4715
4322
3668
2870
1960
1088
468
63
-396
-1053
-1773
-2380
-2838
-3188
-3418
-3475
-3405
-3309
-3108
-2585
-1722
-770
74
814
1446
1921
2354
2904
3445
3716
3753
3784
3877
3907
3822
3654
3327
2753
2072
1511
1058
587
127
-231
-545
-799
-819
-629
-529
-621
-653
-468
-228
-76
56
221
363
539
850
1198
1378
1381
1353
1324
1237
1115
1021
922
758
559
412
346
314
251
149
61
7
-60
-135
-139
-78
-49
-90
-174
-314
-525
-772
-1046
-1413
-1968
-2757
-3698
-4631
-5435
-5992
-6123
-5802
-5346
-5112
-5070
-4835
-4101
-2986
-1933
-1279
-918
-437
436
1621
2840
3822
4412
4640
4701
4757
4749
4477
3870
3096
2347
1619
858
177
-319
-802
-1502
-2339
-3035
-3472
-3731
-3829
-3732
-3506
-3263
-2919
-2271
-1349
-478
142
658
1265
1907
2432
2859
3301
3752
4109
4328
4405
4307
4055
3733
3372
2873
2197
1484
858
291
-246
-677
-972
-1211
-1393
-1439
-1342
-1156
-910
-637
-398
-198
3
218
473
828
1203
1390
1344
1288
1379
1489
1474
1365
1220
1016
785
638
588
515
359
178
47
-32
-102
-184
-245
-262
-233
-183
-128
-98
-136
-251
-453
-736
-1044
-1402
-1898
-2544
-3324
-4158
-4929
-5504
-5661
-5358
-4893
-4562
-4427
-4314
-3971
-3358
-2554
-1675
-923
-372
146
808
1678
2595
3291
3686
3832
3782
3649
3420
3004
2476
1991
1619
1313
917
405
-162
-734
-1174
-1455
-1720
-1994
-2189
-2200
-2014
-1740
-1417
-966
-469
-64
280
641
1015
1330
1569
1824
2121
2346
2489
2602
2625
2469
2219
2043
1950
1765
1423
1076
861
741
641
586
626
705
728
674
575
483
415
381
366
339
271
142
-12
-164
-246
-293
-345
-432
-568
-675
-773
-844
-930
-1027
-1079
-1076
-940
-744
-516
-326
-213
-81
114
396
610
684
725
783
878
912
889
866
845
805
657
513
409
272
29
-278
-494
-727
-1000
-1247
-1367
-1401
-1477
-1552
-1644
-1699
-1717
-1629
-1502
-1419
-1317
-1198
-1025
-908
-845
-822
-880
-940
-1053
-1160
-1210
-1266
-1318
-1364
-1371
-1397
-1464
-1425
-1274
-1132
-1033
-926
-750
-539
-330
-114
146
434
709
955
1201
1449
1675
1869
2016
2129
2201
2209
2178
2169
2145
2023
1828
1634
1488
1368
1264
1107
942
855
778
662
505
450
439
393
351
343
416
389
222
19
-69
3
67
80
57
46
27
-43
-92
-52
45
69
-31
-168
-224
-197
-160
-134
-78
26
109
150
197
274
293
182
21
-55
-56
-94
-171
-204
-137
-84
-72
-42
-42
-105
-271
-428
-504
-577
-660
-746
-752
-674
-591
-476
-345
-312
-354
-367
-423
-492
-510
-551
-575
-586
-609
-638
-753
-926
-1115
-1279
-1419
-1559
-1673
-1767
-1821
-1869
-1896
-1859
-1782
-1714
-1673
-1599
-1439
-1200
-941
-692
-454
-206
75
400
774
1141
1440
1640
1778
1896
1989
2016
1989
1949
1893
1814
1689
1586
1500
1376
1240
1083
978
901
829
786
703
603
500
438
421
406
437
514
552
476
368
341
368
383
341
324
326
281
202
136
202
271
219
134
94
101
44
-21
30
145
178
77
-26
-33
6
-20
-78
-120
-146
-196
-253
-282
-279
-260
-266
-251
-282
-308
-347
-421
-474
-554
-523
-485
-435
-343
-237
-79
-67
-100
-106
-36
64
84
148
197
207
129
-8
-68
-188
-365
-601
-859
-1099
-1406
-1629
-1771
-1858
-1888
-1954
-1989
-1999
-1967
-1935
-1916
-1836
-1736
-1587
-1351
-1088
-819
-479
-129
151
350
537
768
939
955
903
903
872
856
910
1066
1314
1405
1362
1251
1166
1301
1614
1999
2180
2053
1736
1429
1424
1538
1581
1445
1089
727
375
123
-16
-58
-69
-167
-241
-333
-370
-401
-439
-348
-251
-188
-243
-321
-249
-93
159
393
619
818
919
1001
1047
1178
1284
1278
1223
1116
1028
820
629
523
414
286
61
-134
-282
-371
-409
-495
-648
-890
-1110
-1254
-1314
-1330
-1411
-1608
-1976
-2288
-2477
-2605
-2690
-2828
-2899
-2970
-2952
-2775
-2495
-2126
-1888
-1754
-1688
-1494
-1127
-684
-220
106
445
757
1082
1410
1617
1802
1846
1837
1829
1772
1755
1626
1468
1313
1141
1006
779
541
266
4
-188
-364
-471
-580
-660
-656
-553
-382
-246
-123
-17
115
308
550
805
1039
1334
1574
1737
1897
2016
2093
2024
1894
1758
1577
1390
1109
793
453
58
-362
-756
-1004
-1070
-1023
-972
-980
-1023
-1043
-989
-822
-512
-153
105
226
339
617
967
1229
1311
1295
1322
1335
1376
1411
1398
1234
966
810
734
658
480
270
90
-18
-37
-81
-120
-181
-223
-275
-367
-458
-590
-733
-1008
-1525
-2283
-3175
-4036
-4693
-4904
-4637
-4196
-3989
-4074
-4188
-4064
-3615
-2942
-2270
-1780
-1422
-958
-182
826
1826
2519
2808
2928
3053
3234
3297
3174
2963
2721
2530
2331
2038
1568
893
150
-494
-962
-1331
-1672
-1934
-2013
-1892
-1669
-1459
-1298
-1130
-883
-537
-134
281
713
1198
1745
2304
2787
3123
3296
3346
3332
3268
3097
2811
2469
2151
1860
1501
1058
533
-19
-551
-1018
-1313
-1482
-1592
-1689
-1738
-1621
-1388
-1124
-918
-757
-573
-368
-128
183
571
945
1203
1344
1419
1433
1342
1145
942
823
751
639
492
378
287
150
-15
-121
-146
-162
-193
-194
-130
-66
-89
-201
-342
-451
-565
-771
-1169
-1791
-2612
-3497
-4271
-4753
-4770
-4475
-4123
-3968
-4032
-4074
-3982
-3546
-2852
-2114
-1484
-1022
-446
389
1392
2280
2782
2944
2941
2964
3058
3131
3092
2946
2725
2432
2089
1687
1203
624
7
-531
-970
-1340
-1618
-1684
-1530
-1296
-1148
-1101
-983
-797
-528
-200
177
631
1036
1496
2001
2465
2810
2897
2845
2695
2481
2215
1907
1673
1526
1404
1196
838
346
-166
-557
-742
-745
-697
-693
-723
-684
-501
-234
7
148
218
281
394
577
818
1064
1233
1290
1260
1211
1165
1074
873
576
297
144
89
46
4
-11
-20
-50
-79
-91
-112
-141
-142
-120
-146
-279
-504
-757
-1035
-1407
-1978
-2778
-3652
-4382
-4809
-4906
-4748
-4502
-4291
-4134
-3987
-3713
-3311
-2752
-2166
-1637
-1027
-338
501
1365
2108
2633
2835
2907
2929
2938
2939
2846
2650
2379
2107
1816
1444
978
460
-83
-618
-1064
-1372
-1517
-1510
-1371
-1143
-896
-685
-523
-338
-73
231
526
834
1216
1632
2029
2358
2604
2719
2664
2495
2225
1960
1688
1416
1129
776
446
28
-387
-771
-1048
-1157
-1231
-1200
-1157
-1006
-743
-409
11
341
554
609
648
831
1130
1443
1605
1620
1572
1526
1474
1377
1212
998
770
514
258
49
-88
-192
-309
-373
-388
-402
-427
-415
-285
-162
-116
-124
-149
-149
-183
-274
-475
-820
-1278
-1813
-2387
-2956
-3451
-3802
-4054
-4281
-4395
-4336
-4113
-3799
-3451
-3087
-2770
-2364
-1768
-1010
-217
429
972
1468
1966
2411
2675
2784
2769
2711
2637
2507
2325
2055
1718
1348
949
566
152
-260
-612
-848
-928
-969
-992
-971
-849
-607
-369
-145
76
316
601
894
1235
1568
1836
2060
2225
2343
2304
2114
1864
1625
1454
1260
1035
732
375
40
-257
-456
-649
-824
-961
-1030
-967
-824
-617
-451
-347
-246
-99
124
360
587
807
1020
1206
1355
1458
1472
1371
1179
979
833
715
594
456
328
214
111
12
-74
-143
-212
-255
-270
-219
-154
-156
-207
-321
-453
-638
-885
-1193
-1637
-2132
-2566
-2813
-2888
-2966
-3108
-3343
-3583
-3697
-3599
-3273
-2892
-2550
-2222
-1839
-1297
-658
-25
490
849
1161
1464
1837
2205
2426
2466
2341
2214
2084
1938
1721
1376
971
521
146
-156
-402
-587
-737
-825
-917
-1000
-1023
-947
-756
-517
-253
31
337
659
1000
1332
1605
1792
1902
1941
1911
1851
1769
1643
1504
1395
1287
1091
768
360
-34
-296
-375
-332
-280
-292
-342
-343
-256
-106
55
188
269
347
511
763
1010
1162
1227
1247
1254
1261
1265
1208
1031
778
535
394
300
200
74
-88
-217
-364
-493
-607
-678
-689
-712
-691
-704
-783
-975
-1271
-1599
-1988
-2375
-2741
-3030
-3220
-3348
-3415
-3394
-3218
-2938
-2689
-2545
-2446
-2271
-1921
-1356
-672
-58
355
630
909
1247
1573
1793
1884
1897
1904
1946
2006
2016
1910
1681
1374
1056
761
486
206
-75
-327
-514
-612
-624
-586
-548
-525
-476
-363
-181
36
263
481
688
887
1063
1182
1237
1260
1276
1277
1266
1271
1292
1310
1292
1204
1029
812
604
435
297
177
57
-57
-117
-95
-44
-25
-40
-41
7
121
291
474
626
732
797
831
833
806
744
642
504
369
271
207
135
47
-34
-114
-202
-288
-357
-422
-498
-582
-658
-705
-722
-739
-801
-952
-1203
-1504
-1753
-1881
-1923
-1940
-1980
-2038
-2061
-2033
-1980
-1913
-1867
-1832
-1767
-1663
-1506
-1309
-1156
-1050
-932
-784
-586
-332
-60
167
320
434
553
695
835
939
992
1010
1023
1044
1045
1006
929
850
797
758
717
688
666
642
654
715
767
795
808
792
778
791
807
851
916
987
1079
1174
1228
1244
1235
1200
1143
1063
979
891
803
731
658
567
470
382
325
310
319
325
339
386
448
499
533
526
473
417
398
401
403
391
353
293
216
100
-46
-196
-348
-465
-528
-598
-705
-861
-1075
-1301
-1528
-1768
-2010
-2244
-2431
-2539
-2580
-2546
-2458
-2390
-2334
-2249
-2114
-1909
-1660
-1422
-1214
-1000
-761
-501
-239
-34
78
114
101
94
117
140
161
182
169
140
114
80
50
44
55
93
178
300
457
655
858
1024
1135
1207
1279
1361
1442
1493
1486
1421
1322
1211
1093
968
836
719
641
584
519
445
376
322
301
316
347
380
410
462
557
672
777
844
876
894
901
915
954
965
930
853
760
708
685
626
526
381
202
48
-43
-86
-140
-218
-279
-293
-267
-222
-185
-171
-193
-246
-289
-298
-307
-365
-476
-619
-780
-953
-1114
-1246
-1360
-1489
-1643
-1801
-1937
-2038
-2074
-2038
-1983
-1957
-1953
-1905
-1778
-1602
-1409
-1235
-1125
-1045
-911
-703
-458
-255
-149
-90
-19
67
174
288
353
332
271
240
278
350
400
421
404
411
460
532
644
743
823
923
1054
1213
1349
1470
1547
1556
1548
1510
1450
1364
1232
1093
948
816
721
619
498
394
300
231
209
199
207
241
294
370
455
522
588
660
717
748
775
822
878
906
892
833
724
587
428
265
111
-40
-195
-335
-459
-568
-649
-693
-694
-673
-653
-627
-587
-525
-448
-376
-332
-338
-379
-440
-506
-570
-665
-808
-961
-1104
-1221
-1283
-1294
-1292
-1311
-1364
-1421
-1447
-1425
-1375
-1340
-1334
-1320
-1266
-1161
-1008
-873
-783
-719
-663
-543
-375
-208
-86
2
68
125
219
314
379
378
329
299
275
294
330
354
360
383
463
576
688
790
878
969
1086
1228
1358
1451
1505
1531
1538
1533
1516
1464
1361
1217
1053
890
730
583
455
335
213
96
-5
-81
-128
-143
-128
-105
-73
-15
76
170
244
295
333
351
355
366
386
385
347
302
266
220
153
67
-37
-149
-235
-272
-288
-320
-368
-411
-433
-436
-434
-441
-465
-482
-469
-431
-392
-365
-353
-362
-395
-439
-479
-523
-594
-694
-796
-887
-973
-1039
-1070
-1078
-1097
-1121
-1124
-1095
-1047
-988
-931
-888
-853
-779
-646
-503
-407
-342
-277
-211
-145
-56
43
112
160
210
265
321
365
398
427
447
445
449
477
496
476
438
419
427
464
520
576
625
680
753
848
944
1005
1016
990
959
932
901
846
758
648
511
373
259
156
47
-54
-120
-160
-183
-176
-151
-132
-110
-64
-8
42
74
95
119
138
153
172
195
217
239
267
285
273
242
211
175
145
129
122
110
99
105
108
98
86
79
55
13
-31
-79
-127
-163
-183
-213
-263
-325
-395
-481
-583
-690
-788
-857
-903
-940
-967
-984
-988
-991
-981
-961
-935
-898
-836
-754
-668
-596
-528
-449
-358
-265
-175
-92
-16
47
91
114
93
62
40
19
17
1
-2
11
22
42
78
133
179
220
270
332
410
470
530
608
680
739
780
795
810
817
789
748
698
642
591
543
485
423
365
318
274
225
169
125
92
57
10
-33
-61
-85
-103
-115
-119
-108
-94
-89
-78
-64
-49
-21
17
63
116
163
210
257
292
306
294
283
284
300
345
404
453
480
474
451
425
374
311
257
193
114
35
-28
-83
-140
-208
-300
-428
-559
-666
-741
-797
-835
-864
-883
-895
-889
-866
-832
-794
-757
-734
-707
-655
-574
-477
-396
-349
-332
-326
-312
-297
-285
-274
-283
-281
-245
-203
-165
-130
-127
-135
-147
-154
-130
-80
-11
65
122
155
172
183
197
208
255
348
442
541
648
723
763
769
747
703
628
549
492
442
382
323
269
219
161
106
55
4
-39
-64
-75
-70
-54
-20
21
59
75
60
21
-19
-37
-21
23
79
140
188
225
270
309
320
303
279
262
267
288
315
332
343
350
358
360
343
291
223
162
122
100
91
80
48
-12
-100
-213
-341
-465
-567
-632
-664
-667
-653
-633
-619
-613
-614
-605
-581
-534
-471
-397
-315
-235
-161
-98
-58
-43
-55
-81
-100
-101
-90
-81
-64
-41
-23
-30
-65
-125
-192
-248
-280
-271
-228
-168
-103
-35
21
45
61
97
143
187
234
290
338
379
421
450
440
399
343
288
236
184
135
91
54
27
6
-13
-38
-63
-81
-84
-82
-88
-88
-84
-80
-70
-54
-26
20
73
124
175
215
240
263
295
342
395
438
466
473
457
423
394
372
353
339
326
314
315
323
311
286
248
185
114
65
13
-54
-117
-183
-243
-287
-342
-408
-468
-534
-589
-617
-624
-598
-548
-502
-455
-404
-357
-313
-273
-236
-200
-156
-99
-45
5
60
104
128
146
147
131
112
86
48
17
-14
-54
-88
-113
-138
-168
-201
-226
-233
-235
-233
-213
-175
-129
-82
-45
-28
-21
-14
2
28
60
92
127
155
179
192
185
157
116
62
9
-31
-59
-85
-103
-113
-113
-103
-84
-58
-48
-48
-44
-49
-27
17
71
127
159
185
197
196
205
211
209
225
276
321
370
422
460
474
456
433
419
409
400
403
406
397
376
352
331
291
233
181
134
91
55
1
-68
-134
-202
-276
-352
-438
-539
-628
-696
-728
-722
-696
-634
-558
-476
-406
-359
-317
-279
-228
-157
-75
17
102
168
205
212
182
126
80
44
17
-18
-45
-59
-74
-84
-111
-145
-174
-203
-217
-226
-211
-172
-115
-45
21
74
107
124
144
166
190
205
214
220
226
219
195
161
117
88
51
35
20
-8
-16
-33
-36
-40
-43
-31
-14
13
21
38
55
67
80
98
132
152
172
180
168
151
121
93
82
77
71
82
102
115
112
108
109
105
114
140
160
173
195
211
216
214
212
206
197
187
178
164
126
58
-26
-110
-197
-285
-368
-447
-517
-560
-588
-596
-580
-552
-517
-472
-417
-366
-305
-227
-154
-91
-25
33
76
126
192
245
278
297
293
265
219
166
108
59
29
5
-29
-62
-88
-118
-148
-164
-158
-135
-103
-54
-6
31
64
86
104
125
125
122
133
134
126
118
110
116
130
135
139
131
104
83
70
46
27
33
39
40
42
30
10
1
-9
-28
-26
-11
-7
-5
5
5
-18
-23
-26
-41
-28
-27
-31
-28
-41
-40
-48
-54
-37
-35
-20
10
41
70
97
137
170
193
206
198
175
147
121
88
64
37
5
-27
-75
-128
-173
-215
-249
-270
-288
-294
-296
-313
-312
-296
-286
-266
-232
-199
-153
-105
-74
-35
12
54
91
119
134
139
130
100
56
15
-15
-21
-5
-6
-10
2
9
9
18
19
23
45
68
93
125
151
163
157
155
157
150
147
143
131
114
102
96
84
67
44
16
-4
-18
-26
-17
1
23
48
70
96
117
110
105
102
86
80
84
75
59
48
24
2
-22
-51
-66
-89
-100
-113
-124
-120
-126
-123
-123
-124
-118
-116
-108
-101
-92
-76
-59
-40
-22
-7
7
22
35
47
53
53
47
38
30
20
0
-31
-69
-101
-124
-140
-151
-154
-146
-129
-104
-77
-50
-29
-15
-5
4
11
15
22
33
48
62
72
75
72
62
49
38
32
31
36
35
29
16
3
-7
-15
-26
-34
-29
-8
13
26
31
36
42
47
47
48
46
37
21
5
-8
-25
-41
-51
-53
-55
-60
-63
-64
-61
-56
-44
-26
-4
16
31
42
48
55
63
73
80
88
100
114
122
126
128
127
119
109
100
91
80
68
59
51
35
16
3
-5
-12
-21
-24
-16
-5
10
24
36
47
49
42
32
25
19
10
4
-6
-23
-42
-57
-71
-83
-96
-104
-106
-108
-117
-120
-120
-121
-126
-125
-120
-122
-120
-109
-100
-100
-97
-84
-66
-51
-40
-32
-28
-27
-28
-33
-32
-30
-30
-31
-25
-22
-22
-14
-3
4
9
20
31
37
42
47
44
36
25
16
6
-1
-3
-3
-1
8
18
31
44
54
53
53
56
57
57
61
63
66
70
75
73
65
65
69
77
87
95
103
111
119
115
107
101
96
87
75
62
49
40
33
29
26
27
26
24
20
14
6
-2
-6
-1
-1
-2
-7
-13
-18
-27
-40
-54
-63
-69
-70
-66
-61
-59
-61
-62
-65
-72
-84
-97
-104
-108
-108
-104
-100
-100
-101
-100
-97
-96
-90
-79
-61
-51
-45
-36
-26
-20
-22
-27
-30
-35
-44
-46
-43
-37
-32
-21
-6
2
6
7
10
11
12
17
25
30
34
40
43
44
39
32
30
31
35
40
44
47
50
53
53
46
40
40
49
60
66
73
85
100
112
118
121
125
132
137
140
138
134
127
120
111
99
83
64
44
28
19
12
9
1
-8
-17
-25
-38
-57
-77
-93
-103
-111
-116
-116
-110
-104
-97
-91
-83
-74
-65
-57
-51
-46
-42
-39
-38
-38
-39
-43
-47
-53
-58
-62
-63
-62
-56
-46
-36
-28
-24
-21
-17
-13
-9
-10
-13
-16
-12
-5
4
11
15
17
18
19
22
25
29
32
35
38
39
40
40
39
38
38
39
41
42
45
48
53
57
58
58
54
46
38
27
15
4
-7
-15
-22
-26
-27
-25
-26
-26
-26
-23
-19
-10
-2
7
12
17
22
26
28
29
30
31
33
38
46
53
57
60
60
59
54
46
35
20
6
-8
-24
-38
-50
-59
-62
-64
-64
-62
-62
-58
-54
-49
-46
-44
-43
-42
-39
-36
-31
-24
-21
-17
-19
-21
-19
-12
-6
-2
4
12
15
12
7
5
1
-3
-7
-11
-12
-11
-9
-4
-2
-2
1
6
5
1
4
4
-1
-5
-3
0
0
-3
-9
-10
-5
-3
-2
5
10
16
23
21
16
18
18
21
26
22
26
34
35
35
34
32
28
22
14
11
5
1
0
-3
-6
-13
-15
-16
-20
-24
-21
-12
-8
-7
0
8
13
11
13
17
21
22
25
32
37
37
40
45
46
40
31
26
21
16
10
6
0
-6
-10
-15
-22
-33
-37
-34
-31
-32
-37
-39
-37
-37
-37
-30
-25
-20
-14
-14
-14
-6
-3
3
10
11
14
19
15
13
11
8
6
4
2
0
-3
-6
-7
-10
-18
-26
-27
-26
-32
-39
-44
-47
-48
-46
-44
-46
-45
-44
-38
-32
-25
-19
-14
-5
1
5
9
21
27
28
32
36
42
54
61
63
61
65
59
52
50
41
27
24
17
6
7
4
-6
-7
-8
-11
-13
-19
-16
-7
-8
-5
4
9
13
16
17
17
21
23
23
26
32
36
38
39
39
35
32
27
18
10
6
2
-1
-9
-14
-15
-12
-13
-17
-24
-27
-31
-35
-38
-35
-39
-45
-43
-39
-46
-51
-48
-44
-46
-46
-40
-33
-28
-25
-23
-18
-14
-15
-13
-4
1
2
7
17
19
18
23
23
23
23
19
14
9
5
1
-2
-5
-9
-13
-17
-19
-19
-17
-13
-7
-1
5
12
18
22
25
32
39
42
48
49
48
52
50
47
50
44
39
39
30
22
18
10
8
3
-5
-8
-10
-14
-22
-25
-22
-18
-13
-8
-4
-3
1
1
3
5
3
1
-1
-3
-5
-5
-7
-10
-12
-13
-14
-17
-23
-23
-23
-20
-20
-17
-13
-8
-6
-5
-5
-6
-8
-9
-9
-8
-11
-9
-5
-5
-8
-13
-18
-19
-21
-21
-21
-17
-14
-14
-14
-9
-6
-4
-4
-2
5
8
9
18
19
22
30
26
23
25
20
19
19
15
13
10
8
4
-1
-6
-14
-18
-19
-20
-18
-18
-15
-11
-5
0
2
5
7
11
16
22
24
23
26
30
29
27
25
25
19
14
13
10
7
0
-6
-9
-10
-14
-18
-20
-15
-12
-11
-7
-2
6
11
14
16
18
19
21
23
25
22
18
15
10
4
2
-1
-7
-10
-11
-14
-18
-18
-19
-19
-18
-17
-16
-16
-14
-12
-13
-14
-15
-14
-10
-6
-3
-2
-4
-5
-4
-5
-4
-6
-8
-9
-9
-9
-8
-7
-4
-2
-1
-2
-1
-3
-2
-4
-5
-4
-1
2
5
3
0
1
-1
-2
-2
-2
-7
-10
-8
-8
-12
-12
-8
-9
-10
-4
-1
2
7
11
14
16
18
20
22
24
26
26
25
24
21
18
16
13
10
7
4
0
-2
-4
-5
-6
-7
-5
-6
-5
-5
-4
-4
-1
1
6
10
13
17
18
18
17
14
11
8
6
4
2
1
-4
-7
-12
-16
-19
-18
-21
-19
-14
-10
-9
-5
-1
-1
-1
4
6
4
6
10
8
4
2
2
-4
-7
-6
-9
-11
-9
-10
-9
-4
-7
-10
-8
-10
-7
-5
-7
-1
3
4
8
12
12
12
16
15
8
5
5
0
-3
-5
-11
-16
-17
-17
-21
-24
-22
-17
-16
-16
-13
-7
-1
1
4
10
14
17
20
22
25
26
26
27
27
24
19
16
15
14
9
5
-1
-2
-2
-4
-7
-12
-13
-14
-14
-10
-6
-4
-2
-1
-2
0
1
3
8
11
10
11
9
5
2
-3
-9
-13
-14
-14
-14
-15
-15
-16
-12
-9
-8
-8
-7
-5
-1
3
6
8
9
9
10
8
6
6
8
11
9
5
-2
-7
-9
-12
-12
-13
-16
-15
-15
-14
-16
-12
-8
-3
-2
-1
3
9
10
8
7
10
13
13
11
8
8
5
5
6
5
2
-1
-3
-5
-5
-5
-6
-6
-3
-3
0
6
7
10
15
13
13
18
15
15
19
15
15
18
15
13
11
8
7
4
6
5
0
2
-7
-8
-5
-9
-9
-6
-7
-5
-3
-7
-7
-4
-5
-2
1
0
-1
0
-1
-3
-1
-4
-7
-7
-12
-15
-13
-14
-16
-12
-15
-19
-12
-18
-14
-10
-9
-4
-5
-1
3
4
7
7
7
8
7
5
3
0
-3
-3
-5
-6
-8
-11
-13
-14
-15
-15
-14
-13
-10
-7
-5
-2
2
4
8
9
11
12
13
16
16
13
15
15
10
14
7
3
7
3
4
7
1
3
3
3
4
3
1
0
3
3
6
9
10
13
14
13
10
8
8
4
5
7
7
4
4
2
-2
-3
-3
-4
-4
-3
-2
-1
-1
0
0
1
1
2
3
4
5
5
6
5
3
-1
-3
-4
-6
-8
-10
-12
-13
-16
-17
-18
-18
-17
-15
-11
-5
-7
-10
-5
-2
-2
0
-2
2
7
5
6
10
6
5
5
2
-1
-4
-4
-2
-4
-12
-13
-15
-9
-8
-12
-8
-11
-9
-5
-3
3
-1
3
6
7
9
7
8
11
11
5
3
7
5
-2
-2
1
-5
-7
-7
-6
-5
-6
-7
-4
-1
-1
-3
4
7
7
11
15
14
14
15
16
14
16
16
15
14
12
8
6
5
1
-5
-4
-4
-6
-9
-4
-6
-7
-3
1
5
0
2
5
2
9
7
6
9
4
3
2
4
-1
-1
-2
-10
-8
-13
-16
-9
-12
-14
-12
-14
-11
-7
-8
-5
-1
-1
1
3
6
6
7
9
10
9
9
7
5
4
2
-2
-4
-10
-12
-13
-14
-14
-15
-17
-16
-15
-12
-11
-6
-4
-1
2
4
4
5
7
8
9
8
8
9
10
7
3
0
1
-3
-8
-10
-7
-5
-9
-10
-11
-9
-6
-2
1
6
9
11
14
16
16
17
19
17
16
15
14
11
9
7
6
1
-2
-4
-7
-10
-9
-10
-8
-6
-6
-5
-2
-1
0
1
5
5
7
10
12
12
15
16
12
10
9
5
-2
-6
-4
-5
-8
-11
-8
-8
-9
-8
-10
-9
-8
-5
-4
-4
-5
-1
1
2
2
2
4
5
5
5
5
4
-2
-5
-5
-7
-8
-9
-12
-10
-9
-12
-10
-12
-11
-7
-6
-3
1
2
2
4
7
8
9
11
10
7
6
6
3
2
0
1
1
-1
-1
-2
-4
-2
-1
-2
2
0
-1
6
1
2
6
7
9
11
8
8
12
9
7
5
8
6
3
1
-3
-1
-1
-5
-9
-9
-7
-13
-14
-9
-10
-9
-5
0
-1
-1
3
5
4
4
5
4
6
4
0
2
2
0
1
-2
-4
0
-5
-5
-2
-8
-4
-4
-10
-4
-3
-5
2
2
5
8
6
12
10
6
11
9
5
8
3
1
3
-1
-2
-2
-5
-5
-3
-2
-4
-8
-7
-6
-4
-2
-2
-3
-3
1
-1
-1
5
13
8
4
4
3
1
1
5
7
7
5
2
0
0
0
1
0
-3
-5
-4
0
4
6
8
9
9
10
9
7
6
4
5
6
5
5
3
3
1
-3
-2
-5
-6
-3
-7
-8
-5
-9
-11
-7
-9
-8
-6
-6
-3
-3
-6
-3
0
-5
-4
-1
0
-4
-3
-2
-5
-6
-4
-2
-4
-2
-3
-3
-2
1
2
4
7
6
8
9
7
7
5
5
6
7
6
5
5
6
4
3
3
5
7
4
-2
1
0
-3
-3
-6
-3
2
-3
-2
0
-4
-5
-4
-5
-4
-3
-3
-4
-5
-4
-3
-2
-2
-5
-5
-3
-3
-2
0
-3
-3
0
1
3
2
0
3
5
1
0
1
6
8
6
4
5
6
5
3
4
4
5
6
6
6
3
0
0
0
2
2
3
2
3
3
4
2
-1
-2
-2
-3
-3
-4
-1
-2
-1
-2
-3
-4
-5
-4
-5
-5
-5
-4
-2
-4
-3
-3
-2
-1
1
2
3
3
2
1
0
0
0
2
1
2
2
2
1
0
1
1
0
0
-1
-1
-2
-1
-1
-3
-1
-2
-3
0
-3
-3
3
0
1
3
-1
-1
1
-1
0
1
1
0
-2
-3
-4
-6
-6
-4
-3
-4
-6
-4
1
1
-2
-4
-2
1
2
-1
0
1
3
3
6
8
5
2
1
2
3
5
6
5
5
4
3
2
2
0
-1
0
1
0
-2
-1
1
3
2
1
0
0
1
-1
-2
-3
-1
0
1
-1
-2
0
1
0
-1
-2
2
2
0
-2
-3
-3
0
2
3
4
3
3
2
3
3
5
4
4
3
4
2
2
2
-1
-1
0
2
3
1
0
0
2
3
3
2
2
4
2
2
3
4
-1
-2
1
2
-3
0
4
0
-3
0
-1
-4
-4
-2
-3
-3
-4
-4
-4
-5
-4
-4
-3
-3
-2
-1
-2
-2
0
3
3
1
1
0
-1
0
0
2
3
1
1
0
-1
1
3
3
0
0
-1
2
3
1
1
0
1
1
-1
0
0
-1
0
1
2
2
0
-1
0
-1
-2
-3
-2
-6
-2
-2
-3
0
0
0
2
2
0
3
1
1
2
1
3
0
1
3
-2
0
0
0
5
3
0
3
0
3
2
-1
1
0
-1
-1
0
2
0
4
4
-1
-1
1
2
0
3
2
4
0
0
-3
1
2
1
1
1
-1
0
-1
-3
0
-1
1
2
1
0
0
0
1
1
1
2
1
1
1
0
0
0
0
0
0
1
0
1
-2
2
-2
0
1
1
-1
-1
0
0
-1
2
-1
0
-3
-1
2
0
2
4
0
0
2
0
-1
1
0
1
1
1
-1
-2
0
2
5
4
1
3
6
6
-1
-3
2
0
-1
0
2
0
-5
-7
-3
4
2
1
0
-2
-1
-1
0
0
-1
-3
-4
-3
-4
-4
-5
-5
-5
-5
-4
-3
-2
-1
0
0
0
-1
-1
-4
-6
-4
-2
-2
-2
0
5
5
0
-3
-1
3
2
1
1
-1
-1
0
3
4
4
2
1
1
1
2
-1
0
0
0
2
1
0
1
0
1
3
1
0
0
2
3
1
2
3
2
5
4
2
2
2
1
5
2
0
0
-1
0
1
1
5
3
-2
-3
0
2
2
0
-1
-2
0
-1
-3
-2
0
0
0
0
1
3
4
3
3
2
0
2
0
0
0
1
3
2
3
2
1
2
3
2
2
1
0
0
-1
-1
-1
-1
-2
0
1
2
0
-1
-3
-2
2
1
1
1
2
0
0
0
-1
-2
0
1
0
-2
1
0
2
3
2
1
-3
-3
-4
-3
0
-2
1
-2
-1
-2
-2
0
1
0
1
0
-1
0
0
0
0
-1
-1
-1
-1
1
0
0
0
-1
0
2
0
0
2
2
4
2
0
0
2
1
-1
-3
-2
1
2
0
1
-1
3
4
4
3
2
0
0
0
-1
1
2
1
4
3
0
2
3
3
6
1
-2
3
1
-2
0
-3
-2
0
-2
-3
-1
-1
0
0
-1
-1
-1
-2
-1
-1
-1
-2
-2
-2
-3
-3
-2
-3
-1
0
1
1
1
0
-1
-2
-1
-1
0
-1
-1
1
0
1
-1
0
0
-1
2
3
2
3
1
1
5
4
1
5
4
3
5
3
6
9
3
2
2
-1
1
4
4
4
2
0
-1
-1
0
0
3
2
0
3
3
1
-1
-2
1
-3
-4
1
-1
-4
-1
-4
-2
2
-3
-1
1
0
0
1
3
4
3
1
-1
-3
-2
0
1
-1
-4
-4
-1
2
2
3
3
2
0
-1
-2
-1
-1
-1
-1
0
0
0
0
-1
-1
1
1
0
-1
-2
0
0
-2
-1
1
3
0
-1
-2
1
0
1
-1
0
1
-2
0
1
0
3
3
2
2
0
-2
0
-1
-1
0
-2
-3
-1
1
2
-1
-3
-2
0
2
-1
0
1
4
2
0
1
3
3
2
0
1
2
1
-2
0
-1
-1
-2
-3
0
-2
-2
-2
-4
1
-5
-3
0
2
6
-1
0
2
3
5
2
3
3
1
0
1
1
2
2
4
4
1
1
3
5
6
3
1
0
0
-2
-2
-3
-2
-1
2
3
0
-1
-1
-1
0
1
-1
-1
-2
-1
2
0
-1
-3
-2
0
0
-2
-3
-1
2
0
4
3
2
5
3
1
5
1
1
4
1
1
2
-2
0
0
-3
-1
3
0
0
4
3
-2
-1
3
1
-1
1
1
0
0
2
2
1
0
-3
-3
-1
-1
-2
-2
-1
-1
-1
-1
-2
0
-2
-1
1
-1
0
1
-2
-1
-1
-4
-2
0
-1
0
0
0
0
0
-1
-1
-1
0
0
3
3
2
-1
0
1
-1
-1
0
1
3
4
1
1
1
0
0
1
0
3
3
1
2
1
-2
2
-1
-3
3
2
1
3
1
2
3
-3
-3
0
0
1
4
3
3
2
3
4
2
1
-2
0
1
0
0
0
2
3
3
2
1
2
0
0
0
0
1
2
1
1
0
0
0
-2
0
0
1
0
-1
-1
1
-1
-1
-2
-1
-1
-2
-2
-3
-2
0
1
-2
-3
0
3
3
1
1
4
5
3
1
0
0
-1
-1
-2
0
1
1
2
4
2
3
2
1
1
1
1
0
1
3
3
1
0
-1
0
0
0
-1
-1
1
-1
-3
-4
-2
0
1
0
-2
-3
-4
-3
-5
-4
-2
-1
0
1
0
4
3
0
1
3
1
0
-1
0
1
0
-1
2
2
1
0
0
0
0
1
2
2
0
1
2
2
1
0
0
2
1
0
0
2
1
0
1
0
0
1
2
-1
0
0
1
0
-1
0
0
1
-1
-3
1
0
-2
0
-2
-2
2
-1
-2
1
-2
-2
-2
-2
-1
1
2
1
0
0
1
0
0
0
0
0
-1
-1
-2
-2
0
3
4
3
0
1
2
2
2
2
0
2
2
0
-1
