-1
-1
0
1
1
1
3
2
1
0
-1
0
-1
-1
2
1
0
-1
-2
-1
-2
-3
-3
0
-1
-4
-4
-4
-3
-4
-3
-2
0
-1
-2
-2
-1
-1
-1
-1
0
0
0
0
0
1
0
0
1
1
1
1
1
1
1
0
0
-1
0
2
3
2
3
6
5
2
3
4
2
-1
0
2
3
3
2
-1
-1
0
0
0
1
3
2
2
1
0
1
4
2
1
0
1
-2
-4
-4
-1
0
-1
-3
-3
0
-1
-1
-2
-1
1
1
-1
-2
0
-1
-2
-3
-3
-1
-1
-1
-2
1
2
1
-1
0
0
0
-2
-2
-4
-3
-3
-4
-3
-2
0
1
1
1
0
1
-1
0
-1
0
1
1
1
1
2
-1
-2
1
2
1
-1
0
4
4
-1
1
4
3
5
4
5
6
5
5
6
4
2
3
7
7
5
4
7
8
5
2
2
4
4
3
3
1
-2
-4
-3
-2
0
0
-1
-1
1
-1
-2
-2
-1
0
-1
-3
-4
-5
-3
-4
-3
-5
-5
-5
-4
-1
0
-1
-1
0
2
0
0
0
0
0
0
0
-1
-1
-1
0
0
-1
0
3
2
0
-4
-3
0
1
0
-1
0
3
0
0
2
3
4
3
2
2
2
1
1
2
2
4
2
2
2
-1
1
-1
1
4
5
5
2
2
2
2
0
0
0
0
-1
-2
-2
0
1
-1
-1
1
-2
-5
2
-1
-1
0
1
4
-2
-1
1
0
1
-1
1
2
3
1
0
1
-1
-1
1
1
0
0
0
-2
2
0
-3
1
-1
-2
-3
-2
-2
-4
0
1
0
-2
-4
-4
1
0
0
0
1
1
0
-1
-1
-1
0
1
2
2
0
1
0
-1
0
1
0
4
4
4
4
2
2
1
0
0
1
0
-3
-2
-1
1
1
0
1
1
6
1
0
4
1
1
1
-2
-1
-1
2
3
1
-1
0
0
0
0
1
1
0
-1
-1
-2
-2
-1
0
0
0
0
-1
-3
-4
-4
-3
-4
-5
-2
0
-1
0
-1
1
3
0
-1
0
1
3
4
4
1
2
-1
-1
-1
-1
1
1
2
2
1
0
0
-2
-1
1
1
0
-1
-1
-1
-2
0
2
4
-1
-2
1
0
0
0
2
3
1
0
0
0
0
1
1
0
-1
-1
2
2
1
2
3
2
2
0
-2
-2
0
0
-2
-1
0
-4
-5
-2
-2
-5
-2
2
0
-2
2
1
0
1
-1
0
1
0
1
3
1
1
1
1
3
3
2
0
0
0
2
3
3
2
1
1
0
-1
0
2
2
2
1
-1
-1
2
4
2
0
0
2
4
3
2
1
1
2
3
1
2
1
1
2
2
0
-2
-2
-2
-1
0
1
0
0
0
0
-2
-2
-2
-3
-3
-4
-3
-4
-2
-1
0
1
1
0
-3
-2
-2
-2
-1
1
1
-1
0
0
-1
-1
-1
-1
1
-2
0
0
-2
-1
0
1
1
0
1
3
5
3
3
3
5
4
2
1
2
2
2
2
2
2
1
2
0
-1
-2
-2
-1
-1
-1
1
1
1
2
1
2
0
0
1
0
-1
-2
-1
-1
-1
0
0
0
0
3
3
3
1
0
0
-2
-4
-1
2
0
-2
1
2
0
-4
-3
-1
1
0
-2
-3
-2
0
-1
-3
-1
1
-1
-1
2
1
-2
-1
2
1
-1
3
4
2
3
5
2
2
1
3
3
0
-2
0
1
2
2
3
3
2
1
-1
0
0
2
4
3
-1
0
3
2
4
0
-2
1
0
-1
0
1
1
1
-1
0
2
4
-1
2
6
1
0
4
1
-1
2
2
2
0
2
3
0
-2
0
-2
-3
-2
-1
-2
0
0
2
1
-2
-2
-3
-2
-4
-4
0
-1
1
-1
1
2
1
0
0
-1
0
0
-1
0
1
1
2
3
5
3
1
3
4
2
2
-1
-1
4
0
0
7
1
0
0
-2
3
5
1
1
3
2
1
0
-1
2
-1
-1
-1
1
1
-2
-2
1
1
0
-1
0
1
0
0
0
0
0
0
2
0
-2
-1
1
1
0
-1
0
0
0
-2
-3
0
1
0
1
1
0
-1
0
1
0
-2
-2
0
2
1
-1
-2
2
3
4
4
4
4
2
1
2
3
3
2
1
3
2
2
-1
0
1
-1
0
0
1
1
-2
-2
1
2
1
-1
0
1
1
3
3
1
0
-1
0
1
0
0
2
4
2
0
0
1
0
-1
-1
-2
-3
-2
-1
0
0
1
3
1
1
0
0
0
-1
-1
-1
-1
-2
-1
-2
-2
-2
0
1
0
-1
-1
1
0
-2
-3
-2
-1
-2
-2
-2
-2
-2
-3
-2
-2
-1
-2
-5
-4
-3
-2
0
2
1
1
1
1
2
1
2
1
1
3
1
5
2
6
5
5
6
1
4
2
2
3
0
5
2
4
2
-1
0
-1
1
3
3
2
2
2
2
1
0
1
0
2
1
1
0
0
1
1
2
-2
-1
-2
-1
-2
-2
-1
-1
0
2
-1
-1
0
-1
0
2
0
1
0
-4
-4
-2
-1
0
0
-1
-1
0
-1
2
3
1
0
0
0
2
1
1
1
1
1
0
1
3
4
4
3
1
0
1
-1
0
-1
-1
0
2
-1
-2
-1
-1
-3
-1
1
1
-2
-3
-1
-2
-3
-2
1
2
2
4
3
1
-1
-2
-1
2
1
0
-1
0
0
0
1
1
0
0
1
1
-1
0
1
0
0
3
0
-2
-2
2
2
2
0
1
1
-2
-2
-2
1
0
-2
-3
-3
-4
-4
-3
-1
-2
-1
-1
-1
-1
1
2
3
3
2
1
2
2
4
5
4
4
2
1
1
1
1
2
1
1
2
2
3
2
4
5
3
2
3
4
1
1
5
4
2
2
4
3
0
-2
-3
1
1
1
0
0
-1
-4
-4
-1
-1
-3
-4
-3
-4
-5
-5
-1
0
0
-1
-1
-2
-5
-2
1
1
-1
-2
0
2
1
1
2
2
0
-2
-1
0
2
1
1
1
1
0
-1
0
1
1
1
1
1
-1
-1
-3
-5
-6
-6
-3
1
1
-1
-1
-3
0
1
2
1
0
-3
-1
0
0
-1
2
5
4
5
6
7
6
6
5
3
4
5
2
-1
-1
1
-2
-4
-3
0
0
-2
-4
-5
-2
-3
-6
-5
-1
-1
0
0
-1
-4
-7
-6
-6
-9
-10
-4
-1
-3
-5
-5
-3
-3
-6
-5
-1
2
3
2
4
6
5
4
4
2
0
3
5
2
0
1
-1
-4
0
5
0
0
5
7
1
0
4
4
1
2
2
0
-2
-3
-6
-6
-3
-3
-9
-8
2
3
-3
-3
4
5
0
0
7
6
0
3
10
6
-1
0
2
1
-1
-2
-6
-7
-9
-10
-11
-7
-2
0
1
1
2
1
2
3
1
1
-2
-1
1
3
2
4
2
4
9
3
7
-1
-3
-2
-9
6
-8
-1
8
-4
3
-9
-13
-6
-7
-14
-9
0
1
7
3
-2
-1
-5
-6
-1
3
2
2
-1
-2
-3
-1
-3
-2
-5
-5
-5
-3
-4
-6
-7
1
9
13
15
17
23
24
21
17
18
15
11
14
12
16
-1
-6
-10
-14
-3
-19
-13
-14
-23
-20
-32
-17
-19
-12
-4
-13
9
-8
13
6
-37
29
-9
-59
20
-10
-45
26
7
-43
21
28
-10
18
27
22
1
3
42
14
-11
33
36
-4
5
34
19
-8
9
19
-9
-14
-9
-16
-9
-11
-17
6
23
-2
-3
30
10
-14
14
-15
-90
-68
-19
-31
-44
-44
-85
-152
-142
-116
-140
-68
82
250
406
293
57
21
38
63
40
-70
25
154
97
66
-29
-96
40
86
-12
-18
61
39
-71
-20
42
-107
-81
29
-99
-70
81
-95
-280
-129
-123
-263
-188
-44
-84
-173
-173
-232
-63
-12
1
542
892
626
351
553
380
161
331
-48
-43
286
-54
-298
-358
-634
-580
-332
-426
-216
238
326
301
232
169
353
378
94
143
432
308
31
108
23
-546
-699
-398
-515
-708
-645
-761
-930
-1019
-1252
-1178
-759
-514
125
822
962
1096
1010
1128
1282
798
1038
1385
891
710
617
107
-454
-461
-317
-355
-373
-576
-671
-531
-243
-651
-927
-305
-480
-579
118
33
-208
404
254
11
603
402
336
745
621
424
569
541
47
-216
-257
-319
-590
-706
-456
-823
-1055
-890
-847
-410
-474
-373
418
465
557
895
752
903
1058
489
504
1037
1009
568
-30
-100
-456
-827
-162
-101
-132
508
54
-723
-716
-943
-901
-770
-997
-300
137
-151
-169
-430
-70
-91
-732
376
890
319
777
819
690
1042
799
627
842
875
808
662
646
301
-75
-301
-746
-595
-368
-268
-307
-391
-489
-913
-411
-688
-1326
-274
-359
-335
709
221
-439
-408
-361
-341
104
-5
-16
567
-86
101
212
-619
-300
7
-131
-236
266
351
-208
-164
-163
-134
21
269
433
351
417
65
155
470
-257
-407
-161
-19
642
289
-524
-117
-345
-715
123
-238
-395
325
80
326
272
-459
-221
-25
61
380
340
771
669
20
102
-256
-123
252
-125
247
474
92
184
349
35
11
241
-412
-508
226
412
690
437
-327
-457
-248
-218
-113
409
436
250
45
-415
-289
0
-14
-50
500
659
-108
-44
-280
-761
-61
55
51
422
157
-211
-483
-414
-243
-219
42
205
288
192
-197
-384
-473
-327
45
-125
87
625
-111
-276
279
-149
-159
25
109
346
196
317
-102
-362
82
-225
-49
-38
-465
43
196
94
-41
-255
115
181
-488
-236
549
117
-155
43
111
-100
-409
-17
188
167
-18
-201
87
26
-112
-95
-165
-278
-511
-220
189
-253
-482
125
450
140
-238
-291
20
132
107
530
632
268
145
45
111
316
268
467
791
497
192
196
-74
-64
-155
-450
178
397
-170
-320
-477
-726
-594
-301
-132
-78
-175
-215
81
227
-256
-214
203
-76
-21
202
197
290
296
273
223
95
-197
-30
159
-84
-210
-394
-119
78
-229
-141
-54
-92
-154
-145
146
35
-196
-45
152
277
-76
-295
-27
-93
-231
-95
140
165
235
45
-140
87
-253
-109
63
-106
117
-10
169
137
-224
-201
-165
-162
-84
190
192
114
63
-58
-51
-332
-234
214
236
393
401
219
188
-167
-389
-230
-320
-273
233
144
-340
-418
-492
-482
-290
-127
82
410
546
337
355
360
-172
-268
107
33
155
471
427
300
13
-236
-126
22
-59
-57
108
148
-39
-176
-159
-466
-448
120
128
136
254
85
212
52
-74
252
199
-21
44
233
248
127
-37
128
250
10
46
156
258
16
-252
88
109
-235
-177
60
-31
-65
116
306
470
261
45
177
259
247
237
352
461
370
158
4
-47
-306
-358
-118
22
-227
-342
62
-125
-437
-560
-503
-190
-209
-58
171
326
45
-277
-21
-25
-50
41
200
406
226
49
27
-146
-451
-363
-119
-232
-35
-29
-412
-408
-493
-460
-434
-592
-307
-188
-82
16
-329
-505
-529
-458
-343
-148
43
-83
-72
-52
-215
-242
-216
-280
-158
152
169
211
231
44
89
19
3
147
307
518
300
299
388
11
-78
-54
-15
133
123
221
334
93
-227
-63
21
87
279
78
307
274
12
190
8
19
114
258
520
468
390
386
466
384
450
516
354
419
236
230
453
201
119
136
84
3
-250
-200
-71
-198
-248
-125
-126
-170
-255
-405
-266
-199
-179
40
-26
-90
-13
-161
-173
46
-2
-7
265
165
197
247
-124
-166
-109
-99
-174
-120
113
44
-140
-369
-414
-422
-458
-288
-130
-35
-21
-137
-228
-348
-556
-414
-342
-307
-93
-310
-372
-557
-1043
-1096
-1225
-1230
-1156
-1328
-1222
-1340
-1615
-1585
-1784
-1889
-1594
-1450
-1270
-893
-917
-867
-541
-568
-376
-50
112
580
884
1004
1232
1372
1375
1453
1777
1825
1928
2225
2139
2219
2125
1884
2171
2104
1972
2270
2175
1980
1990
1833
1618
1650
1661
1529
1675
1710
1604
1582
1401
1374
1355
1364
1416
1172
1166
1171
1066
1141
1130
1167
864
659
694
465
396
149
-7
-23
-189
-489
-727
-728
-1194
-1377
-1380
-1507
-1302
-1585
-1644
-1778
-2329
-2431
-2720
-2797
-2981
-3340
-3557
-4280
-4921
-5751
-6126
-5897
-5785
-5403
-5341
-5561
-5937
-5984
-5735
-5601
-4943
-4163
-3210
-2345
-1776
-965
-748
-568
104
741
2034
3074
3586
4155
4154
4273
4298
4264
4611
4765
4911
4816
4855
4551
3571
3027
2567
2183
2126
2167
2059
1736
1343
777
374
187
236
707
1092
1219
1542
1795
1441
1287
1722
2058
2514
3105
3599
3733
3587
3449
3208
3171
3102
3316
3428
3072
2953
2566
2028
1464
993
686
396
410
282
-71
-541
-1088
-1587
-1984
-2134
-2232
-2262
-2266
-2249
-2337
-2592
-2653
-2955
-3156
-2945
-2977
-2828
-2700
-2906
-3231
-3477
-3644
-4191
-4720
-4896
-4796
-4650
-4576
-4449
-4459
-4568
-4780
-5087
-5088
-4674
-4198
-3716
-3173
-2648
-2057
-1682
-1546
-1149
-630
-206
518
1399
1918
2282
2671
2741
2619
2745
2901
2913
3056
3198
3139
2924
2573
2328
2203
1961
1886
2074
2149
2102
2042
1868
1664
1614
1712
1845
2006
2171
2253
2304
2257
2030
1911
2063
2216
2200
2172
2213
2169
2061
1988
1861
1756
1699
1621
1658
1621
1440
1466
1403
1098
1046
1098
900
673
609
674
647
375
147
100
41
-191
-504
-623
-574
-740
-1094
-1190
-1237
-1372
-1435
-1560
-1599
-1630
-1666
-1632
-1738
-1760
-1694
-1696
-1657
-1694
-1688
-1554
-1604
-1702
-1698
-1664
-1678
-1864
-2049
-2163
-2213
-2283
-2389
-2435
-2615
-2755
-2834
-2919
-2845
-2875
-2842
-2695
-2650
-2520
-2448
-2327
-2073
-1962
-1879
-1709
-1402
-1150
-1059
-964
-896
-673
-410
-230
61
274
404
556
823
1118
1232
1503
1895
2166
2450
2687
2851
3111
3365
3496
3688
3891
3986
4029
4059
4081
4159
4184
3936
3691
3547
3313
3134
2950
2697
2449
2152
1913
1642
1305
1105
869
674
538
390
403
239
-7
-115
-254
-308
-310
-306
-352
-415
-410
-467
-449
-490
-619
-633
-629
-564
-544
-525
-613
-835
-867
-905
-921
-941
-978
-980
-1058
-1094
-1173
-1276
-1409
-1544
-1619
-1724
-1829
-1887
-1996
-2173
-2347
-2611
-2720
-2814
-2885
-2847
-3021
-3062
-3101
-3069
-2869
-2966
-2997
-2776
-2529
-2259
-2096
-1978
-1759
-1626
-1387
-1170
-915
-313
-230
-103
324
252
646
945
846
1272
1386
1457
1822
2001
2049
1983
2232
2242
2108
2485
2476
2344
2458
2485
2535
2495
2458
2367
2298
2191
2061
2196
2043
1799
1820
1737
1631
1504
1320
1155
956
812
815
791
699
640
521
438
379
307
287
244
332
261
174
259
139
63
-68
-83
65
182
538
628
361
124
103
247
190
-95
-469
-351
115
-20
-317
-414
-489
-309
-330
-601
-706
-562
-391
-568
-698
-873
-820
-561
-1211
-1600
-1421
-1752
-1798
-1759
-2214
-2161
-2174
-2732
-2686
-2690
-2937
-2940
-3108
-3063
-2698
-2816
-3080
-2527
-2366
-2451
-1960
-1964
-1685
-1197
-1337
-1119
-640
-459
-188
114
242
373
484
656
672
639
1224
1751
1466
1388
1980
2099
1832
1982
1993
1786
2098
2461
2149
1634
1481
1744
1899
1464
1035
1303
1690
1651
1517
1089
972
1588
1976
2267
2260
1995
2195
2124
1805
1972
2393
2425
2096
2046
1920
1528
963
365
606
993
720
365
102
54
63
-376
-617
-81
265
29
-282
-595
-298
218
-150
-499
-170
63
-342
-940
-1058
-455
15
-192
-434
-916
-1054
-1130
-2003
-2282
-2029
-2131
-2654
-3246
-3348
-3391
-3584
-3754
-4076
-4280
-4336
-4599
-4671
-4568
-4467
-4124
-3902
-3628
-3080
-2806
-2561
-2118
-1799
-1498
-1098
-459
375
1024
1442
1784
1973
2188
2478
2687
2770
2733
3056
3305
3263
3171
2862
2702
2439
2301
2207
1951
2205
2553
2293
1613
1278
1300
1241
829
689
1007
931
1027
957
505
616
794
783
630
672
1363
1686
1253
949
1281
1634
1374
1106
1265
1676
1799
1469
1334
1383
1251
972
759
757
643
414
645
1047
766
112
-308
-169
202
-230
-621
-234
106
83
-653
-1335
-1082
-738
-928
-1244
-851
-319
-514
-1180
-1867
-1739
-1440
-1814
-2128
-2272
-2046
-2005
-2925
-3647
-3619
-3301
-3092
-3361
-3544
-3418
-3634
-3833
-3736
-3779
-3660
-3257
-2794
-2425
-2113
-1610
-1613
-1724
-1113
-775
-650
-106
708
1337
1171
1072
1516
2028
2062
1515
1726
2491
2959
2690
2199
2612
2656
2080
1670
1581
1813
1875
1849
1863
1990
1827
1495
1495
1285
905
671
687
1008
1234
1042
682
752
757
302
-116
93
1348
2202
1905
1489
1364
1552
1417
1232
1537
1920
2461
2745
2546
1915
1132
993
1143
1354
1462
1404
1403
1052
496
-3
-165
-154
-294
-16
313
5
-469
-687
-761
-1005
-1545
-1570
-725
-22
-50
-723
-1328
-1104
-944
-1519
-1923
-1539
-1030
-1420
-2712
-3601
-3319
-3328
-3954
-4110
-3660
-3080
-3728
-5008
-5198
-4634
-4428
-4886
-4712
-3596
-2802
-2769
-2940
-2562
-2002
-1840
-1748
-1067
123
551
605
1162
1632
1971
1892
1654
2217
2782
2849
2956
2901
3201
3481
2862
2339
2202
2604
2641
1830
1591
1809
1846
1293
887
980
926
736
437
571
702
612
713
563
612
834
709
786
1160
1478
1376
1120
1559
1867
1653
1370
1339
1968
2183
1998
1970
2029
1991
1420
1154
1431
1858
1741
1233
1372
1286
757
342
284
711
776
429
187
255
154
-379
-412
-294
-428
-513
-421
-93
-443
-1162
-1213
-1020
-1337
-1910
-1975
-1771
-2158
-3187
-3896
-3816
-3572
-3783
-4059
-3971
-4014
-4664
-5384
-5331
-4923
-4760
-4794
-4500
-3651
-3112
-3022
-3101
-2945
-2327
-2189
-1697
-428
395
871
897
872
1149
1642
2033
1930
2364
3042
3359
3032
2468
2953
3227
2306
1645
2084
2498
2344
1955
1444
1202
1049
695
301
428
1022
955
161
15
485
401
-197
-459
346
1112
930
773
1269
1771
1307
881
1336
2023
2359
2013
2115
2788
2849
2418
2125
2426
2588
2188
1976
2264
2808
2575
1829
1398
1253
1534
1475
1037
1045
1186
958
556
137
-251
-152
76
-274
-730
-675
-292
-429
-1247
-1989
-2041
-1617
-1656
-2175
-2617
-2845
-3433
-4370
-4713
-4493
-3834
-3676
-4370
-4886
-5195
-5285
-5379
-5377
-5050
-4816
-4473
-3843
-3309
-3140
-3209
-3164
-2820
-2403
-1595
-322
453
638
771
944
1250
1647
1738
1926
2474
2791
2861
3046
3245
2938
2491
2164
2024
2235
2346
2453
2148
1652
1333
707
339
452
642
410
57
376
914
937
486
78
38
412
837
1008
1252
1856
2337
2073
1573
1709
2284
2510
2320
2358
2934
3572
3563
2911
2393
2424
2502
2268
2155
2423
2592
2260
1674
1319
1198
936
561
490
664
594
337
127
-172
-677
-909
-713
-515
-450
-639
-875
-1148
-1603
-2067
-2073
-1682
-1955
-2553
-3062
-3588
-4018
-4721
-4835
-4284
-4068
-4336
-5098
-5513
-5486
-5510
-5565
-5666
-5030
-4133
-3716
-3492
-3364
-3073
-2721
-2426
-2096
-1374
-294
674
1186
1209
1424
1979
2213
2183
2729
3245
3396
3543
3414
3366
3275
3095
2750
2319
2323
2495
2526
2098
1754
1638
913
211
262
517
528
443
366
392
392
86
-237
-157
365
778
855
1039
1318
1687
1704
1252
1304
1794
2326
2525
2527
2922
2936
2524
2227
2185
2573
2659
2546
2611
2459
2111
1558
1159
1053
971
959
924
811
605
216
-329
-705
-770
-822
-1006
-983
-633
-623
-1265
-1876
-1921
-1808
-1996
-2239
-2127
-1890
-2230
-3221
-4141
-4432
-4339
-4187
-3920
-3554
-3639
-4422
-5152
-5431
-5260
-4957
-4663
-4052
-3475
-3021
-2816
-2931
-2909
-2807
-2330
-1757
-1008
370
1113
1280
1156
1025
1635
2000
2266
2826
3427
3772
3335
3108
3314
3306
2956
2311
2322
2778
2649
2268
2096
1958
1537
935
560
740
1133
1007
555
263
242
317
247
179
299
480
566
612
780
1032
1111
1008
1063
1369
1705
1929
2039
2054
1942
1887
1899
1958
2036
2161
2247
1997
1798
1693
1514
1119
838
862
837
1022
795
556
527
93
-109
-199
-254
-449
-458
-178
-404
-704
-1008
-1105
-937
-1238
-1484
-1455
-1451
-1712
-2581
-3460
-3910
-3893
-3579
-3302
-2969
-3138
-4209
-5222
-5494
-5205
-4723
-4484
-4194
-3460
-2975
-3120
-3331
-3119
-2644
-2347
-1952
-945
287
1010
1051
802
804
1236
1850
2439
2968
3351
3436
3197
2922
2880
2993
2938
2626
2416
2493
2484
2150
1748
1296
954
733
456
485
785
808
263
-303
-545
-421
-216
-249
136
402
272
349
421
529
518
708
1042
1153
1607
1840
1884
2089
1970
1991
2120
2233
2384
2402
2408
2364
2385
2289
2066
1871
1710
1558
1234
1028
1128
1218
933
436
138
33
-132
-375
-446
-354
-378
-671
-1037
-1314
-1532
-1709
-1845
-1986
-2311
-2784
-3367
-4035
-4520
-4411
-3924
-3674
-3899
-4573
-5131
-5475
-5467
-5067
-4603
-3949
-3643
-3497
-3247
-3014
-2709
-2610
-2245
-1480
-554
183
518
977
1344
1195
1097
1607
2499
3305
3406
2924
2743
2844
2771
2692
2804
2855
2727
2469
1995
1608
1524
1255
774
563
555
635
653
302
-143
-391
-509
-447
-234
52
350
463
291
173
588
1137
1189
1257
1726
2165
2372
2331
2299
2525
2639
2708
3110
3480
3445
3107
2827
2902
3024
2872
2736
2768
2611
2021
1354
1109
1213
1234
928
446
188
204
24
-552
-1043
-1036
-920
-1205
-1664
-1835
-1864
-2156
-2681
-3117
-3404
-3772
-4349
-4892
-4983
-4545
-4119
-4336
-5158
-5884
-6021
-5762
-5429
-4977
-4357
-3896
-3820
-3790
-3428
-2892
-2498
-2113
-1466
-659
47
596
961
1086
1145
1475
2125
2774
3174
3419
3519
3160
2542
2484
3047
3346
3098
2884
2792
2369
1690
1201
966
815
510
123
52
217
164
-362
-1022
-1210
-953
-695
-365
-69
-1
2
-252
-153
703
1407
1648
1791
2206
2476
2506
2795
2870
3087
3433
3570
4041
4078
3803
3446
2991
2827
2639
2810
2904
2694
2359
1865
1610
1308
956
605
447
414
-92
-1012
-2007
-2718
-3048
-3165
-3525
-4511
-5639
-6047
-5584
-5019
-4570
-3911
-3196
-2801
-2992
-2917
-2203
-1272
-428
-53
589
1474
2105
2300
2129
2445
3054
3641
4200
4664
4846
4440
3759
3313
3348
3621
3711
3315
2752
2422
2091
1374
733
770
892
547
-144
-431
-261
-313
-899
-1571
-1234
-693
-632
-621
-702
-405
-217
-491
-385
403
1331
1421
1203
1408
1879
2394
2344
2381
2903
3322
3394
3064
3032
3253
3181
2976
2998
3228
3078
2435
1825
1578
1420
1150
971
980
839
285
-280
-540
-732
-1090
-1505
-1813
-1977
-2147
-2534
-2947
-3184
-3452
-4070
-4785
-5281
-5516
-5544
-5396
-5080
-4942
-5183
-6162
-7072
-6763
-5710
-4791
-4537
-4220
-3650
-3290
-3137
-3050
-2106
-756
116
795
1440
2226
2789
2749
2683
3319
4340
4973
5208
5122
5015
4719
4071
3945
4286
4604
4243
3260
2632
2207
1957
1591
980
713
491
145
-401
-779
-773
-1139
-1549
-1623
-1370
-1090
-1292
-1381
-1221
-872
-498
-397
9
532
865
948
1029
1734
2402
2685
2798
2918
3270
3400
3527
3630
3487
3451
3399
3502
3452
3085
2729
2230
1942
1715
1474
1443
1249
874
35
-755
-909
-910
-990
-1548
-2213
-2608
-2979
-3248
-3827
-4355
-4643
-5193
-5929
-6587
-6520
-6010
-5866
-6192
-6747
-7164
-7417
-7299
-6649
-5734
-5076
-4993
-4777
-4284
-3637
-2915
-2101
-861
-3
513
1159
2029
2934
3213
3443
4109
5071
5805
5929
5772
5627
5295
4832
4776
5175
5552
4889
3848
3230
2794
2296
1348
1048
1174
848
-5
-1038
-953
-941
-1545
-1910
-1974
-1275
-1236
-1798
-1794
-1591
-1068
-1063
-856
107
685
966
625
803
1672
2031
2486
2718
3126
3635
3569
3577
3543
3747
3693
3481
3789
3875
3771
3161
2418
2106
1775
1512
1256
1249
1199
679
4
-574
-674
-1096
-1886
-2206
-2252
-2200
-2710
-3480
-4005
-4724
-5524
-6438
-6771
-6460
-6177
-5916
-6305
-7131
-7952
-8296
-7662
-6672
-5728
-5391
-5442
-5254
-4772
-3985
-3247
-2118
-809
109
788
1228
2014
2885
3321
3830
4648
5714
6279
6195
6009
5918
6007
5896
5807
5947
5871
5248
4292
3796
3712
3238
2394
1864
1657
1222
311
-483
-517
-528
-1278
-2071
-2055
-1663
-1713
-2090
-1994
-1527
-1478
-1693
-1421
-537
16
-16
-8
444
1358
1682
1510
1823
2332
2907
3202
3263
3610
3704
3415
3187
3447
3904
3676
3065
2667
2481
2146
1596
1464
1597
1348
690
-26
-427
-587
-1035
-1787
-2193
-2186
-2153
-2583
-3563
-4321
-4813
-5453
-6297
-6765
-6489
-6199
-6208
-6716
-7400
-8024
-8689
-8401
-7265
-6236
-5887
-6154
-5942
-5211
-4531
-3939
-2938
-1401
-449
-93
439
1508
2784
3228
3466
4335
5438
6131
6098
6073
6391
6478
6167
5970
6380
6493
5576
4635
4260
4412
4067
3040
2597
2242
1677
642
-95
314
383
-43
-973
-1586
-1271
-1423
-1665
-1582
-1108
-779
-1208
-1203
-700
38
273
11
457
975
1472
1595
1628
2275
2669
2929
2970
3066
3322
3122
3077
3406
3924
3912
3284
2826
2456
2215
1764
1542
1884
1834
1257
323
-241
-512
-1087
-1766
-2243
-2089
-2190
-3059
-4156
-4953
-5280
-5968
-6817
-7008
-6514
-6001
-6663
-8068
-9083
-9295
-8505
-7442
-6686
-6462
-6684
-6844
-6630
-5563
-4159
-2901
-1755
-1125
-646
-130
703
1938
2881
3719
4686
5577
6005
5859
5696
5974
6559
6771
6835
7129
6942
5918
4695
4384
4882
5021
4252
3147
2563
1871
844
273
289
564
-154
-1385
-1662
-1499
-1401
-1889
-2156
-1562
-1231
-1375
-1676
-1093
-230
-131
-110
3
753
1326
1096
1263
1981
2839
3182
3047
2992
2916
2951
3098
3545
4045
3841
3256
2684
2325
2144
1899
1854
1950
1770
977
38
-435
-710
-1171
-1913
-2152
-2074
-2495
-3587
-5031
-5831
-6424
-6951
-7044
-6639
-5966
-6572
-8271
-9822
-10027
-8728
-7610
-7031
-6957
-7083
-7182
-7322
-6458
-4923
-3274
-2207
-2046
-1485
-666
407
1561
2329
3166
4146
5167
5839
6146
6154
6243
6745
7214
7483
7554
7352
6698
5918
5710
5976
5938
5128
4027
3233
2643
2030
1634
1685
1528
584
-715
-1326
-1051
-905
-1222
-1605
-1362
-1117
-1503
-1772
-1471
-631
-313
-199
84
486
1033
856
977
1682
2378
2820
2736
2571
2436
2583
3031
3735
4137
3661
2787
2165
2163
2393
2467
2402
2252
1804
923
96
-192
-208
-636
-1452
-1969
-2019
-2273
-3224
-4415
-5194
-5648
-6271
-6918
-6942
-6414
-6401
-7571
-9069
-9526
-8809
-7964
-7644
-7544
-7321
-7174
-7141
-6687
-5477
-4045
-3058
-2571
-2144
-1417
-376
742
1634
2361
3173
4119
4912
5357
5494
5655
6135
6589
6914
7009
6966
6663
5912
5513
5568
5738
5335
4346
3675
3075
2451
1740
1360
1704
1364
171
-811
-892
-478
-769
-1228
-1139
-765
-884
-1569
-1524
-696
48
142
-102
226
722
782
747
1209
1994
2541
2608
2300
2370
2493
2368
2732
3329
3666
3179
2272
1867
1849
2096
2162
2163
2039
1283
376
-356
-420
-237
-789
-1505
-2063
-2491
-3142
-4331
-5334
-5906
-6103
-6232
-6258
-5973
-6459
-7899
-9488
-9712
-8156
-6712
-6413
-7248
-7778
-7451
-6861
-5913
-4820
-3451
-2714
-2778
-2558
-1471
372
1513
1922
2408
3293
4343
4746
5069
5606
6181
6565
6547
6895
7139
6817
6075
5498
5870
6218
5911
4884
3875
3426
2772
2345
2147
2143
2013
788
-367
-694
-416
-278
-821
-1127
-1084
-917
-1141
-1457
-1097
-688
-359
-279
-134
422
673
637
590
1073
1854
2291
2361
2047
2038
2155
2482
3103
3090
2825
2351
2047
2148
2012
1980
2009
2071
1631
658
183
-34
-32
-435
-1183
-1348
-1613
-2192
-3258
-4316
-4773
-5255
-5891
-6375
-6060
-5666
-6428
-8094
-9365
-8791
-7362
-6822
-7273
-7895
-7773
-7382
-6933
-5998
-4725
-3496
-3292
-3480
-2798
-1544
-98
815
1442
2304
3031
3664
4041
4535
5225
5781
6283
6507
6603
6483
6115
5818
5760
6024
6126
5582
4550
3700
3379
3207
2790
2262
1954
1585
825
18
-238
78
1
-635
-1110
-978
-756
-1167
-1460
-1094
-343
-69
-455
-549
-140
501
758
843
1209
1545
1699
1660
1769
2029
2316
2615
2754
2671
2452
2391
2443
2397
2219
2084
2206
2184
1763
1173
724
667
512
7
-469
-755
-837
-1288
-2229
-3006
-3493
-3864
-4585
-5383
-5478
-5069
-5105
-6286
-7822
-8428
-7903
-7136
-6824
-6862
-6979
-7082
-7127
-6590
-5569
-4546
-3748
-3459
-2998
-2137
-1273
-258
583
1164
1845
2780
3683
4079
4268
4696
5527
6104
5983
5867
5963
5985
5692
5427
5645
5848
5106
3908
3389
3244
2934
2300
1923
2000
1472
360
-314
-81
217
-268
-963
-909
-368
-537
-1161
-1064
-381
26
-142
-223
176
619
681
646
1095
1558
1784
1898
1829
1805
1761
2010
2632
2904
2612
2129
1840
1858
1843
1611
1731
2119
1872
1036
341
87
101
-102
-655
-949
-891
-1222
-2171
-3194
-3757
-4005
-4567
-5251
-5250
-4803
-5107
-6493
-7981
-8251
-7160
-6295
-6600
-7324
-7393
-6960
-6687
-6288
-5394
-4191
-3651
-3862
-3500
-2283
-905
-88
283
975
1950
2624
3006
3603
4357
4969
5289
5377
5656
5887
5780
5599
5604
5877
5891
5280
4343
3828
3915
3732
3161
2595
2294
2117
1325
457
330
650
607
-49
-399
-254
-119
-404
-732
-383
167
423
218
98
530
860
971
1070
1359
1745
1868
1974
2064
1954
1845
1944
2335
2576
2355
2001
1790
1680
1453
1202
1233
1445
1407
924
347
28
-112
-413
-798
-936
-963
-1226
-1997
-2776
-3265
-3711
-4292
-4861
-4709
-4296
-4549
-5831
-7275
-7489
-6758
-6041
-6140
-6618
-6813
-6825
-6605
-6118
-5213
-4326
-3945
-3904
-3599
-2616
-1414
-576
-71
539
1343
2130
2743
3230
3774
4423
4992
5216
5253
5375
5496
5387
5273
5456
5648
5288
4412
3852
3799
3755
3134
2333
2163
2136
1594
580
228
621
573
-80
-616
-375
-195
-602
-859
-468
178
79
-390
-361
242
860
910
872
1035
1245
1457
1608
1875
1878
1559
1510
1858
2286
2220
1773
1481
1354
1172
999
1047
1227
1240
780
202
63
35
-337
-865
-1070
-841
-768
-1361
-2194
-2673
-2950
-3510
-4234
-4428
-3981
-3758
-4549
-5978
-6788
-6634
-6136
-5766
-5719
-5962
-6424
-6754
-6413
-5327
-4343
-4025
-3983
-3876
-3208
-2166
-1296
-455
45
362
1080
2001
2656
2971
3523
4388
4993
4907
4677
5154
5556
5435
5251
5399
5740
5191
4118
3668
3962
4082
3310
2706
2693
2403
1475
693
986
1332
807
45
-63
394
153
-628
-742
25
579
78
-366
14
592
604
271
551
1152
1412
1329
1399
1712
1556
1237
1425
2073
2380
1868
1447
1368
1323
1130
969
1266
1348
923
333
12
210
152
-311
-770
-922
-826
-1107
-1645
-2119
-2360
-2681
-3437
-4197
-4483
-4036
-3750
-4423
-5525
-6426
-6526
-6135
-5851
-5618
-5658
-6081
-6554
-6303
-5305
-4535
-4255
-4030
-3482
-2857
-2380
-1713
-833
-119
318
937
1907
2690
2949
3190
3893
4573
4639
4480
4788
5266
5190
4827
4962
5321
4932
3956
3559
3934
3966
3174
2474
2426
2254
1392
639
837
1320
915
-23
-308
65
21
-652
-767
-17
372
-91
-456
-61
477
343
117
622
1133
1236
1165
1191
1471
1362
1091
1388
2092
2350
1770
1154
1028
1219
1343
1427
1508
1305
894
542
381
353
313
67
-435
-888
-1009
-960
-1173
-1742
-2409
-2925
-3454
-4109
-4446
-4092
-3721
-4283
-5583
-6623
-6625
-6011
-5489
-5372
-5695
-6104
-6419
-6093
-5130
-4312
-3881
-3644
-3224
-2759
-2287
-1517
-517
362
878
1335
2060
2766
3050
3282
4011
4872
5129
4849
4741
4987
5164
5163
5283
5411
4974
4069
3612
3877
3978
3398
2768
2583
2312
1513
817
897
1228
894
88
-252
-73
-164
-629
-740
-253
105
-122
-418
-244
49
13
-31
381
996
1063
803
763
952
1150
1166
1444
1802
1776
1371
924
1026
1416
1624
1466
1040
696
537
486
477
560
597
264
-423
-931
-843
-515
-656
-1392
-2040
-2211
-2466
-3275
-4043
-4096
-3806
-3901
-4477
-5193
-5948
-6545
-6430
-5502
-4822
-5371
-6535
-6832
-5903
-4943
-4457
-4000
-3414
-3136
-3403
-3054
-1628
-181
287
167
798
1918
2381
2338
2874
4120
4791
4479
4240
4726
5115
4779
4547
4995
5573
5030
3706
3246
3636
3926
3502
2947
2683
2243
1516
944
1133
1361
1064
502
-7
-187
-345
-350
-155
2
22
-225
-374
-357
-266
-5
313
641
613
333
347
637
987
1112
1252
1511
1405
1062
829
1070
1566
1762
1649
1198
797
736
781
956
1075
1023
810
333
-254
-605
-317
-35
-392
-1153
-1783
-1840
-2195
-3035
-3585
-3644
-3580
-3944
-4467
-5017
-5489
-5896
-6010
-5368
-4913
-5455
-6453
-6618
-5600
-4562
-4266
-4126
-3630
-3293
-3177
-2588
-1272
3
300
100
625
1728
2404
2690
3278
4102
4409
4091
4075
4756
5233
4893
4589
5061
5377
4539
3435
3448
4175
4169
3246
2518
2418
2211
1513
1032
1269
1511
938
-7
-346
-135
-122
-355
-320
-81
-188
-659
-918
-652
-180
53
2
-97
-153
-150
21
374
709
829
750
623
611
805
1160
1466
1494
1226
929
858
990
1169
1324
1356
1150
785
512
419
416
419
379
174
-288
-861
-1242
-1369
-1525
-1948
-2533
-3099
-3658
-4134
-4225
-3999
-4169
-5129
-6125
-6167
-5518
-5290
-5721
-5961
-5594
-5222
-5255
-5156
-4434
-3537
-3089
-2863
-2278
-1449
-916
-606
74
1156
2006
2336
2562
3043
3614
4035
4361
4646
4779
4777
4834
4984
4980
4677
4282
4052
3952
3826
3622
3266
2681
2100
1872
1887
1691
1172
686
452
284
3
-223
-226
-205
-395
-631
-636
-498
-457
-472
-397
-315
-299
-238
-67
76
171
401
719
750
467
397
866
1453
1593
1370
1218
1192
1147
1258
1711
2139
1950
1285
912
1146
1569
1625
1292
961
694
374
99
-116
-379
-671
-1184
-1866
-2470
-2971
-3398
-3715
-3891
-3945
-4092
-5024
-6290
-6727
-6096
-5080
-5040
-5857
-6432
-6240
-5703
-5246
-4440
-3583
-3161
-3397
-3445
-2356
-942
-102
179
652
1446
2019
2372
2841
3588
4210
4419
4431
4579
4801
4698
4564
4682
4869
4816
4299
3778
3484
3375
3335
3043
2681
2221
1688
1273
986
987
896
537
27
-395
-386
-309
-291
-488
-731
-765
-764
-649
-633
-558
-464
-485
-452
-415
-123
205
351
313
189
399
783
1134
1259
1117
1140
1345
1570
1670
1677
1811
1815
1730
1622
1427
1400
1442
1502
1349
1060
837
378
-133
-510
-479
-433
-1033
-1952
-2712
-3076
-3622
-4189
-4105
-3756
-4054
-5495
-6834
-6834
-5871
-5237
-5637
-6120
-6195
-6180
-6007
-5423
-4397
-3723
-3669
-3509
-2811
-1764
-1060
-620
134
1057
1700
2007
2399
2951
3510
4026
4459
4751
4710
4617
4650
4804
5061
5085
4865
4274
3637
3566
3860
3965
3347
2452
1975
1866
1704
1390
1236
1141
645
-172
-519
-158
146
-208
-750
-807
-589
-690
-997
-887
-559
-460
-574
-507
-185
-109
-61
157
468
710
679
802
1131
1455
1592
1538
1726
1919
1943
1957
2027
2202
2106
1824
1625
1622
1816
1772
1417
946
611
476
230
-175
-533
-762
-1150
-1839
-2512
-2885
-3245
-3872
-4349
-4291
-4213
-4914
-6134
-6738
-6312
-5644
-5548
-5936
-6273
-6292
-6006
-5415
-4586
-3892
-3638
-3538
-3013
-2068
-1219
-635
-19
690
1281
1777
2363
2979
3419
3714
4079
4488
4699
4696
4723
4843
4902
4874
4792
4507
3984
3571
3544
3594
3197
2390
1773
1662
1664
1377
965
626
141
-485
-737
-424
-214
-679
-1379
-1540
-1228
-1121
-1320
-1309
-979
-802
-951
-1033
-805
-505
-295
13
468
695
502
388
864
1613
1999
1969
1886
1910
1964
2076
2358
2740
2810
2337
1740
1663
2074
2263
1888
1283
908
752
564
203
-169
-401
-747
-1313
-1969
-2302
-2614
-3360
-4152
-4494
-4181
-4115
-4794
-5891
-6646
-6410
-5821
-5407
-5504
-5923
-6180
-6020
-5227
-4376
-3731
-3268
-2961
-2630
-2268
-1424
-260
646
1071
1215
1848
2651
3130
3292
3698
4584
4990
4762
4472
4774
5121
4930
4729
4810
4895
4194
3337
3262
3632
3462
2420
1754
1782
1704
1059
374
399
408
-225
-949
-1013
-607
-854
-1568
-1750
-1391
-1288
-1776
-1913
-1386
-1023
-1256
-1493
-1105
-512
-326
-337
25
607
771
629
914
1675
2151
2110
2046
2243
2474
2571
2675
2872
2942
2662
2260
2155
2320
2312
1947
1487
1202
1081
886
434
-144
-522
-669
-940
-1512
-2088
-2435
-2792
-3393
-4067
-4478
-4557
-4556
-4718
-5069
-5570
-6172
-6471
-6023
-5168
-4859
-5322
-5714
-5405
-4661
-3951
-3296
-2621
-2173
-2107
-1887
-937
240
933
1117
1506
2262
2759
3001
3320
3972
4485
4413
4325
4456
4621
4547
4417
4566
4454
3957
3386
3146
3216
2983
2552
2083
1749
1315
660
330
279
250
-216
-851
-1143
-1268
-1380
-1676
-1796
-1676
-1635
-1729
-1944
-1861
-1582
-1371
-1144
-942
-612
-352
-150
238
697
1116
1249
1345
1784
2344
2628
2598
2701
3053
3270
3132
2968
3075
3227
3075
2707
2505
2459
2218
1693
1218
1044
961
664
145
-386
-774
-1151
-1591
-1936
-2030
-2198
-2809
-3672
-4286
-4449
-4480
-4443
-4488
-4716
-5264
-6031
-6213
-5653
-4767
-4552
-5046
-5323
-5050
-4306
-3708
-3151
-2575
-2179
-1865
-1498
-724
108
648
1016
1522
2244
2753
2945
3177
3721
4234
4300
4113
4141
4386
4446
4298
4220
4194
3880
3306
2950
2980
2924
2377
1621
1179
1041
765
205
-284
-478
-702
-1249
-1759
-1769
-1507
-1548
-1943
-2266
-2264
-2035
-1749
-1476
-1243
-1080
-964
-728
-248
315
711
995
1346
1702
1898
2079
2506
3029
3271
3231
3241
3416
3512
3376
3225
3246
3225
2891
2422
2125
1963
1676
1220
757
361
73
-135
-421
-954
-1572
-1976
-2109
-2196
-2447
-2717
-3091
-3535
-4039
-4429
-4490
-4508
-4396
-4353
-4456
-4936
-5679
-5746
-5047
-4160
-4080
-4564
-4580
-4062
-3448
-3085
-2503
-1687
-1232
-1192
-1029
-268
721
1431
1732
1907
2282
2707
3102
3347
3637
3943
3969
3921
3783
3772
3669
3493
3449
3319
3107
2568
2068
1767
1712
1635
1156
677
340
263
3
-353
-448
-534
-739
-1112
-1183
-954
-793
-835
-977
-964
-826
-643
-422
-128
123
194
216
449
910
1290
1459
1564
1712
1840
1954
2206
2546
2681
2480
2180
2133
2281
2306
2113
1939
1842
1607
1146
730
710
741
507
-17
-497
-609
-755
-1009
-1284
-1358
-1315
-1701
-2203
-2318
-2083
-2101
-2594
-2950
-3023
-3204
-3642
-3793
-3336
-2942
-3307
-4273
-4660
-4182
-3588
-3355
-3382
-3192
-3201
-3314
-2979
-2180
-1371
-1213
-1179
-901
-396
103
431
956
1494
1825
1934
2112
2420
2555
2648
2919
3239
3250
2992
2782
2729
2698
2617
2596
2498
2105
1613
1436
1515
1397
1001
691
594
415
56
-229
-238
-180
-361
-563
-523
-504
-686
-793
-557
-168
-120
-339
-316
-83
113
331
583
780
885
968
1214
1518
1552
1458
1572
1878
2159
2188
1977
1834
1825
1833
1870
1857
1691
1400
1079
885
807
663
402
65
-245
-399
-454
-580
-810
-1053
-1275
-1490
-1651
-1720
-1766
-1860
-2059
-2394
-2713
-2876
-2987
-3119
-3097
-2907
-2967
-3515
-4047
-3967
-3466
-3114
-3093
-3201
-3210
-3087
-2881
-2455
-1834
-1407
-1297
-1186
-844
-338
95
432
916
1363
1435
1429
1698
2088
2350
2419
2423
2445
2403
2328
2306
2314
2283
2128
1877
1694
1655
1662
1533
1240
973
874
908
967
903
627
278
122
227
423
531
427
123
-148
-128
141
367
362
187
43
81
266
442
543
584
565
534
639
879
1012
957
985
1216
1376
1252
1024
1022
1255
1387
1269
1085
984
864
617
474
641
721
357
-115
-284
-197
-156
-259
-315
-341
-611
-1025
-1157
-909
-681
-861
-1292
-1546
-1587
-1658
-1845
-2044
-2089
-2059
-2186
-2419
-2675
-2964
-3125
-3036
-2734
-2512
-2752
-3207
-3265
-2876
-2391
-2084
-1951
-1815
-1721
-1658
-1317
-680
-149
16
-11
163
587
879
1034
1352
1723
1852
1745
1713
1985
2256
2243
2184
2271
2357
2230
1976
1997
2263
2264
1924
1674
1687
1655
1382
1162
1239
1309
1002
500
280
354
343
188
115
48
-250
-586
-543
-210
-56
-190
-318
-302
-237
-115
143
384
388
241
263
554
862
981
985
984
954
912
977
1167
1263
1123
900
803
808
751
680
679
618
358
128
177
342
272
1
-148
-167
-235
-414
-480
-424
-562
-895
-1245
-1406
-1606
-1912
-2000
-1886
-1926
-2489
-3171
-3438
-3302
-3065
-3071
-3268
-3570
-3789
-3692
-3337
-2893
-2677
-2630
-2548
-2339
-1924
-1429
-843
-452
-305
-166
162
765
1179
1430
1636
1908
2137
2092
2168
2449
2779
2830
2679
2732
2743
2555
2325
2434
2774
2653
2073
1576
1588
1780
1654
1392
1170
924
516
260
354
421
162
-298
-417
-295
-316
-493
-623
-526
-500
-620
-608
-433
-319
-316
-211
33
255
227
113
316
668
908
915
767
726
777
880
1032
1187
1213
987
713
654
826
942
873
766
687
678
612
481
476
565
608
516
340
224
152
24
-168
-230
-263
-586
-1109
-1567
-1806
-1861
-1969
-2256
-2680
-3146
-3610
-3854
-3782
-3636
-3661
-3993
-4287
-4156
-3864
-3601
-3300
-2994
-2683
-2382
-2107
-1684
-1121
-676
-294
123
511
889
1158
1458
1932
2305
2501
2595
2589
2689
3016
3336
3438
3232
2905
2813
2851
2843
2811
2637
2262
1815
1521
1524
1545
1277
890
580
304
-5
-319
-441
-344
-398
-731
-1037
-1155
-1169
-1126
-985
-803
-828
-1012
-971
-717
-500
-296
-73
26
-33
-14
307
836
1083
1029
962
946
1107
1329
1596
1865
1811
1514
1310
1333
1430
1512
1539
1478
1271
963
827
872
896
834
700
529
307
16
-229
-293
-302
-521
-968
-1387
-1666
-1929
-2199
-2375
-2494
-2775
-3250
-3630
-3730
-3759
-3901
-3978
-3855
-3801
-3998
-4128
-3808
-3198
-2772
-2649
-2506
-2128
-1680
-1291
-809
-202
253
431
629
1078
1595
1961
2205
2398
2525
2631
2802
2974
3041
3012
2934
2833
2750
2697
2606
2403
2165
1988
1805
1522
1218
1050
1006
807
361
-40
-204
-240
-352
-556
-699
-874
-1159
-1242
-1090
-961
-964
-1048
-1053
-955
-814
-588
-261
-86
-67
38
176
373
525
734
1118
1312
1266
1228
1345
1536
1706
1844
1874
1753
1555
1494
1600
1655
1557
1391
1224
1029
828
732
748
682
419
109
-40
-66
-197
-462
-641
-701
-879
-1236
-1508
-1621
-1824
-2185
-2439
-2492
-2611
-2948
-3248
-3240
-3129
-3305
-3635
-3650
-3320
-3090
-3128
-3119
-2851
-2508
-2267
-2019
-1698
-1310
-974
-645
-264
72
395
661
954
1257
1507
1808
2025
2080
2084
2263
2555
2619
2502
2480
2528
2391
2146
2081
2155
2016
1635
1412
1394
1176
728
478
568
551
119
-345
-449
-393
-455
-622
-749
-786
-920
-1028
-833
-595
-607
-682
-595
-398
-149
-23
54
259
359
457
659
876
1055
1100
1138
1218
1323
1483
1601
1570
1473
1552
1657
1598
1483
1374
1328
1215
1025
935
940
892
652
431
354
301
194
30
-97
-208
-330
-457
-561
-657
-850
-1096
-1247
-1314
-1493
-1790
-2006
-2121
-2323
-2597
-2735
-2736
-2798
-2997
-3213
-3355
-3298
-3062
-2844
-2770
-2816
-2744
-2477
-2100
-1724
-1461
-1213
-963
-740
-459
-55
415
726
854
1031
1352
1633
1741
1919
2212
2397
2373
2226
2253
2435
2425
2294
2314
2315
2027
1583
1337
1414
1415
1089
770
601
409
131
-100
-66
23
-207
-523
-620
-579
-534
-513
-422
-382
-551
-584
-308
-50
34
76
182
282
281
365
628
811
795
790
899
949
902
991
1230
1323
1206
1103
1123
1150
1091
1097
1171
1084
781
564
652
737
587
327
188
220
156
-38
-120
-101
-211
-456
-570
-521
-545
-817
-1158
-1328
-1421
-1542
-1675
-1780
-1989
-2368
-2649
-2660
-2497
-2515
-2786
-3038
-3116
-3017
-2868
-2652
-2511
-2527
-2520
-2293
-1856
-1516
-1308
-1110
-816
-477
-198
107
433
729
944
1173
1472
1704
1806
1864
2025
2273
2395
2307
2183
2137
2142
2134
2058
1943
1766
1516
1330
1301
1271
1040
678
448
429
425
286
91
-36
-143
-286
-344
-245
-138
-202
-369
-400
-269
-144
-106
-110
-63
35
81
124
241
353
405
444
555
728
832
792
823
1004
1112
1092
1040
1095
1207
1211
1191
1215
1174
996
863
903
929
812
600
436
347
271
179
58
-71
-260
-463
-608
-724
-816
-997
-1265
-1586
-1788
-1826
-1910
-2084
-2324
-2510
-2684
-2849
-2920
-2895
-2817
-2866
-2985
-3020
-2930
-2793
-2648
-2415
-2180
-1955
-1786
-1628
-1293
-903
-575
-258
60
323
537
819
1131
1458
1684
1761
1895
2050
2189
2330
2444
2481
2373
2249
2186
2175
2148
2030
1890
1685
1474
1291
1142
1110
972
691
453
297
186
43
-102
-209
-294
-387
-454
-426
-434
-470
-453
-400
-342
-335
-245
-111
-55
-69
-35
172
358
458
511
600
694
759
941
1158
1304
1336
1352
1366
1282
1191
1172
1222
1179
1043
922
790
640
501
452
434
243
-105
-338
-417
-484
-609
-827
-1055
-1258
-1495
-1651
-1660
-1736
-1917
-2057
-2142
-2207
-2329
-2475
-2466
-2372
-2361
-2393
-2408
-2322
-2153
-2077
-1989
-1729
-1513
-1472
-1440
-1252
-873
-531
-440
-399
-220
-5
198
381
560
746
816
817
975
1212
1324
1313
1291
1364
1469
1488
1502
1535
1457
1332
1264
1226
1209
1164
1065
1001
959
862
755
712
723
714
621
510
464
465
472
478
498
522
475
383
379
481
584
566
462
424
421
408
476
549
534
465
384
425
569
627
617
606
597
629
636
637
697
690
595
541
512
496
477
385
272
181
72
4
-66
-239
-419
-541
-686
-892
-1138
-1346
-1493
-1659
-1839
-1979
-2083
-2210
-2402
-2525
-2519
-2499
-2509
-2534
-2555
-2514
-2432
-2312
-2127
-1957
-1815
-1693
-1525
-1278
-1035
-788
-592
-401
-175
22
222
406
558
693
821
955
1123
1265
1333
1394
1452
1526
1613
1667
1669
1666
1645
1622
1613
1545
1509
1495
1428
1318
1174
1116
1082
1004
931
885
830
734
616
551
580
574
477
406
400
395
351
328
379
397
294
210
229
292
275
188
176
170
143
116
113
190
197
131
97
77
102
160
243
309
255
138
100
191
280
262
196
121
62
22
7
-1
-75
-232
-430
-524
-560
-680
-875
-1090
-1248
-1424
-1582
-1676
-1748
-1808
-1958
-2092
-2139
-2162
-2156
-2109
-1990
-1956
-2000
-1951
-1792
-1557
-1370
-1261
-1098
-935
-850
-722
-461
-166
-3
10
67
264
431
530
665
794
864
838
849
1016
1164
1223
1243
1277
1318
1311
1293
1331
1438
1452
1336
1257
1200
1195
1175
1121
1118
1043
886
737
724
773
751
658
537
483
413
414
489
498
430
328
281
274
343
378
380
372
299
257
226
255
283
273
274
265
253
205
198
226
227
225
233
223
186
190
202
189
150
64
-18
-43
-52
-78
-116
-196
-323
-423
-523
-580
-643
-788
-932
-1049
-1110
-1215
-1342
-1436
-1516
-1572
-1654
-1677
-1681
-1687
-1719
-1724
-1640
-1567
-1502
-1480
-1418
-1305
-1193
-1055
-943
-827
-723
-632
-509
-376
-253
-151
-78
-22
102
229
288
376
446
540
629
686
817
891
939
980
1025
1128
1204
1254
1257
1279
1312
1318
1328
1308
1254
1181
1136
1123
1081
996
900
814
749
704
639
566
493
382
311
309
307
250
161
124
134
157
126
124
138
120
122
113
178
175
127
169
193
236
231
178
171
203
226
216
214
195
150
106
89
96
80
19
-56
-101
-149
-220
-272
-295
-340
-425
-523
-604
-663
-731
-811
-888
-975
-1061
-1147
-1218
-1249
-1277
-1303
-1320
-1369
-1389
-1344
-1320
-1294
-1249
-1218
-1183
-1137
-1092
-991
-883
-821
-755
-676
-606
-542
-422
-285
-193
-124
-64
68
187
245
326
414
509
571
661
802
890
914
937
1019
1119
1179
1215
1243
1245
1214
1191
1183
1181
1157
1103
1044
974
898
794
715
703
669
601
498
403
330
280
290
296
288
237
132
75
126
227
264
228
173
135
146
208
273
296
274
222
179
168
192
227
229
192
149
134
127
89
61
71
71
26
-53
-109
-101
-103
-149
-185
-234
-327
-422
-485
-505
-537
-635
-756
-842
-901
-939
-979
-1033
-1095
-1170
-1206
-1210
-1192
-1183
-1203
-1208
-1209
-1170
-1138
-1078
-993
-976
-917
-814
-731
-648
-593
-542
-455
-345
-252
-158
-79
-20
64
152
261
388
478
541
588
667
778
866
907
928
982
1017
1010
1022
1069
1083
1033
981
968
964
916
839
795
751
683
575
494
474
419
332
261
220
178
108
64
49
42
12
-4
-1
-33
-55
-47
-27
-4
6
1
0
12
27
58
90
113
133
134
141
154
187
221
213
198
175
169
186
198
197
184
143
58
35
52
53
-9
-126
-194
-241
-288
-345
-399
-459
-536
-611
-681
-701
-727
-792
-858
-882
-868
-891
-915
-917
-896
-846
-842
-845
-802
-768
-719
-640
-572
-524
-492
-456
-372
-254
-177
-131
-86
-39
24
102
178
243
280
305
342
398
457
511
542
564
578
583
613
628
628
609
606
611
573
534
504
494
477
441
405
347
280
231
219
219
190
113
46
13
0
19
10
-19
-54
-70
-50
-28
-10
1
18
46
69
112
145
162
183
221
274
297
298
304
327
367
394
406
396
372
357
356
376
373
333
296
268
244
229
202
153
97
40
-4
-51
-106
-161
-229
-297
-347
-397
-456
-512
-568
-618
-657
-681
-704
-747
-778
-788
-777
-749
-737
-723
-700
-684
-652
-595
-531
-475
-435
-405
-351
-280
-218
-157
-118
-83
-40
10
73
116
135
143
144
171
207
240
256
254
247
234
244
248
254
261
239
231
223
206
202
199
191
179
171
151
122
105
107
102
88
46
3
-4
-9
-14
-23
-32
-33
-46
-58
-39
28
62
51
63
97
118
148
198
233
252
253
268
324
379
379
370
402
418
434
438
415
411
404
396
405
395
366
335
302
275
240
214
178
120
77
24
-12
-29
-91
-169
-239
-279
-300
-335
-378
-421
-466
-500
-510
-492
-466
-476
-503
-511
-497
-482
-472
-437
-412
-410
-400
-363
-298
-253
-235
-224
-203
-170
-149
-116
-74
-45
-41
-40
-30
-8
19
46
63
60
50
45
61
84
94
90
85
77
64
60
62
68
57
52
45
30
28
28
46
46
23
20
21
22
15
26
56
61
39
27
51
84
99
103
119
152
172
207
245
261
276
277
299
318
326
340
356
374
366
367
361
347
338
338
351
334
290
249
247
257
237
186
152
146
118
86
69
59
15
-50
-77
-84
-106
-153
-206
-242
-278
-310
-335
-354
-376
-403
-424
-429
-417
-405
-408
-424
-438
-434
-412
-376
-360
-352
-333
-305
-264
-242
-209
-186
-176
-157
-131
-82
-48
-39
-32
-23
12
39
54
69
72
71
64
76
113
132
136
125
107
102
91
89
96
94
76
36
13
25
41
45
43
39
31
17
14
23
35
30
30
32
33
38
53
92
109
109
108
109
128
160
187
192
181
174
177
201
234
244
231
216
217
225
231
229
225
211
200
194
187
188
170
145
147
157
151
116
96
80
79
75
36
7
-26
-66
-91
-107
-120
-166
-225
-260
-277
-282
-297
-335
-342
-351
-382
-383
-378
-372
-379
-393
-383
-367
-357
-336
-290
-251
-241
-240
-212
-170
-140
-107
-69
-47
-40
-24
24
62
77
92
114
145
156
156
169
176
168
143
136
151
148
134
132
126
103
85
72
74
81
69
65
65
51
37
39
48
50
37
35
47
57
63
77
102
110
103
106
112
112
116
117
129
144
131
114
129
144
151
163
162
149
135
135
153
165
146
121
110
102
112
128
134
118
93
88
74
56
49
33
23
-7
-31
-30
-43
-68
-101
-122
-138
-169
-172
-170
-188
-217
-244
-254
-259
-270
-284
-289
-281
-279
-272
-244
-239
-257
-246
-219
-195
-182
-180
-163
-146
-136
-114
-104
-99
-82
-73
-57
-29
-16
-9
0
2
16
37
50
40
29
31
30
45
39
32
43
36
39
58
63
54
43
33
48
60
59
72
65
66
82
92
121
135
130
121
120
140
156
168
173
171
172
168
167
179
195
200
193
193
193
191
186
182
180
177
172
170
166
155
146
148
141
124
105
85
76
73
54
41
25
-16
-45
-48
-56
-71
-97
-120
-132
-147
-164
-173
-176
-189
-219
-229
-215
-209
-213
-228
-231
-213
-206
-206
-189
-184
-181
-164
-147
-130
-122
-125
-111
-87
-74
-75
-75
-60
-47
-46
-37
-13
6
6
3
8
14
6
1
2
-1
-14
-26
-18
-2
-13
-37
-39
-39
-49
-61
-67
-60
-68
-84
-67
-43
-36
-29
-17
5
24
28
36
62
89
109
126
138
142
153
179
212
237
252
257
253
254
264
280
296
299
287
280
279
280
277
268
257
240
225
207
200
193
171
144
118
97
75
51
28
-7
-36
-59
-88
-114
-142
-164
-170
-174
-173
-185
-201
-215
-227
-234
-233
-230
-230
-234
-236
-221
-197
-182
-176
-179
-174
-161
-148
-129
-118
-112
-110
-108
-92
-70
-51
-39
-39
-39
-39
-34
-29
-21
-13
-10
-15
-25
-32
-29
-16
-7
-9
-30
-53
-62
-63
-50
-42
-52
-68
-86
-80
-61
-58
-57
-64
-68
-69
-51
-14
7
20
32
39
51
80
115
136
141
149
156
162
186
206
222
231
225
234
235
241
250
249
265
258
236
234
231
237
231
211
197
165
148
147
131
113
88
60
44
23
3
-19
-47
-69
-89
-108
-117
-135
-157
-168
-175
-168
-169
-185
-192
-193
-183
-168
-159
-148
-140
-138
-128
-116
-101
-83
-78
-70
-58
-46
-28
-25
-23
-25
-24
-22
-23
-19
-12
-8
-17
-24
-28
-27
-22
-25
-28
-33
-43
-43
-47
-41
-45
-59
-68
-76
-69
-65
-65
-69
-76
-81
-73
-62
-58
-56
-59
-54
-38
-25
-12
-6
1
9
24
43
60
71
78
85
95
110
129
143
145
145
154
165
172
173
171
171
173
172
168
165
155
149
138
132
127
115
104
91
82
77
61
47
30
15
2
-12
-17
-29
-49
-70
-82
-83
-86
-93
-101
-108
-113
-114
-107
-99
-96
-101
-101
-88
-70
-58
-51
-48
-43
-36
-26
-15
-5
-5
-8
-8
-5
0
1
-1
-7
-11
-17
-18
-17
-15
-18
-29
-37
-38
-37
-37
-38
-39
-43
-51
-59
-61
-56
-51
-50
-56
-64
-68
-66
-63
-60
-56
-56
-57
-58
-52
-42
-30
-21
-15
-6
5
15
25
37
52
64
68
71
75
80
86
92
97
101
102
101
101
100
96
93
90
88
81
76
69
68
62
55
47
40
37
35
30
26
17
8
-3
-11
-15
-18
-22
-28
-36
-42
-43
-38
-36
-36
-41
-42
-40
-36
-31
-24
-15
-11
-8
-4
3
6
10
11
16
16
13
10
10
9
8
8
7
1
-6
-10
-13
-16
-20
-23
-24
-29
-36
-37
-38
-42
-48
-50
-48
-53
-57
-57
-54
-54
-60
-62
-59
-56
-55
-50
-43
-42
-44
-41
-31
-26
-28
-29
-24
-15
-9
2
12
19
22
25
33
40
46
55
63
66
64
64
70
74
76
78
77
77
74
74
75
72
66
58
53
52
51
49
44
39
33
30
25
18
10
2
-1
-5
-8
-10
-15
-22
-25
-23
-20
-24
-30
-33
-31
-26
-23
-24
-23
-26
-24
-21
-11
-6
-9
-12
-10
-8
-4
-1
0
0
-2
-2
0
-4
-10
-10
-8
-6
-12
-17
-19
-16
-15
-18
-21
-23
-24
-26
-24
-23
-23
-26
-28
-28
-28
-27
-27
-28
-30
-30
-28
-25
-20
-20
-23
-22
-17
-14
-11
-5
0
2
3
6
10
16
18
18
21
23
27
29
33
32
32
32
35
39
44
46
46
44
42
40
39
37
35
33
32
31
30
31
31
26
21
19
18
15
11
7
6
1
-3
-5
-4
-3
-6
-9
-11
-13
-15
-15
-15
-14
-15
-14
-14
-16
-17
-16
-14
-10
-13
-14
-14
-14
-15
-14
-13
-10
-9
-10
-13
-12
-11
-13
-10
-6
-5
-6
-6
-6
-9
-8
-6
-6
-4
-3
-4
-6
-5
-5
-4
-3
-2
-2
-3
-2
-2
-5
-5
-5
-6
-6
-3
-3
-5
-7
-8
-9
-8
-5
-5
-5
-10
-12
-10
-5
-5
-4
-6
-8
-6
1
0
-2
3
7
4
6
11
16
17
18
20
21
21
21
24
26
27
27
28
27
26
25
24
21
21
18
16
16
15
9
8
7
5
3
-1
-4
-1
-1
-4
-5
-8
-12
-15
-15
-14
-12
-16
-19
-18
-16
-13
-17
-18
-14
-18
-20
-11
-13
-14
-10
-11
-11
-8
-8
-4
-1
2
1
1
3
2
3
7
6
3
7
8
6
7
11
10
5
4
6
5
3
5
2
0
0
-1
-3
-3
-6
-8
-9
-9
-9
-8
-9
-11
-13
-17
-20
-20
-21
-24
-22
-18
-19
-19
-14
-14
-15
-11
-4
-5
-1
1
2
5
10
13
17
19
21
25
32
29
26
31
36
31
25
27
24
24
23
26
25
22
17
12
11
9
10
11
10
7
5
0
-6
-7
-6
-9
-10
-12
-16
-17
-14
-18
-21
-16
-12
-16
-18
-13
-9
-10
-9
-9
-8
-8
-4
-2
-2
-1
2
5
9
12
13
11
10
11
14
15
16
15
10
6
7
10
13
10
7
5
5
2
0
-1
-3
-5
-9
-12
-13
-13
-16
-18
-20
-22
-25
-25
-24
-21
-26
-31
-29
-21
-20
-23
-24
-23
-23
-25
-21
-15
-10
-8
-7
-4
1
4
7
10
11
13
15
17
18
21
23
24
27
27
27
28
29
27
26
24
25
25
23
20
17
15
13
13
13
9
4
0
1
1
1
-1
-4
-5
-2
-4
-8
-7
-3
-2
-4
-7
-5
-1
1
0
0
1
5
5
6
7
11
10
8
12
11
9
12
10
8
12
5
4
8
4
4
2
-4
-7
-4
-7
-6
-9
-15
-16
-17
-18
-20
-20
-23
-23
-23
-24
-24
-24
-24
-23
-24
-24
-24
-23
-22
-21
-18
-16
-15
-14
-12
-12
-9
-7
-5
1
2
3
9
8
9
15
14
14
20
18
21
25
23
26
26
24
25
25
23
21
19
20
18
17
14
11
11
9
6
4
2
3
2
2
2
-1
-4
-5
-7
-5
-3
-2
-3
-6
-6
-7
-7
-3
-4
-7
-5
-10
-7
-3
-4
-3
1
-1
1
7
7
11
13
13
15
17
19
17
15
13
14
14
16
15
11
6
1
0
-1
-1
-2
-5
-8
-10
-11
-14
-14
-18
-21
-23
-27
-29
-29
-28
-29
-27
-26
-23
-22
-24
-22
-18
-17
-16
-14
-11
-8
-7
-6
-5
-3
-1
2
3
6
8
11
14
15
16
18
19
19
20
21
21
21
19
17
18
16
14
9
6
14
16
10
6
3
0
0
-5
-6
-4
-6
-9
-9
-8
-8
-8
-6
-7
-8
-8
-7
-8
-7
-4
1
3
3
1
2
5
5
4
6
9
11
10
8
11
14
16
15
14
14
12
13
14
15
14
12
8
7
8
3
1
2
0
-4
-4
-3
-8
-12
-13
-13
-15
-15
-15
-16
-19
-21
-21
-19
-18
-20
-20
-19
-18
-18
-16
-14
-10
-9
-9
-9
-7
-5
-3
1
1
6
6
4
9
8
10
12
10
11
13
10
13
13
12
10
8
9
9
8
5
4
5
5
1
-3
-3
-2
-4
-7
-9
-7
-6
-7
-7
-8
-6
-6
-7
-8
-8
-8
-9
-7
-4
-3
-2
0
3
3
4
6
8
11
11
9
10
14
17
18
17
15
14
15
16
16
16
13
11
9
9
9
7
6
5
3
2
1
0
-2
-5
-7
-9
-11
-13
-15
-16
-16
-15
-15
-15
-16
-17
-16
-18
-19
-20
-18
-15
-14
-13
-10
-5
-6
-8
-4
3
6
3
3
5
5
8
12
14
12
12
14
13
14
11
10
12
13
10
7
8
7
5
0
0
0
0
2
-3
-4
-8
-9
-6
-9
-9
-14
-14
-13
-11
-10
-11
-9
-9
-8
-9
-7
-3
0
1
1
3
5
5
7
9
11
11
14
15
17
18
19
21
21
22
20
20
19
18
17
16
15
14
12
10
9
6
2
0
-2
-4
-6
-9
-10
-12
-14
-16
-17
-18
-21
-22
-23
-23
-23
-22
-24
-24
-22
-19
-18
-18
-17
-14
-10
-6
-4
-4
-5
-4
-3
1
4
5
6
7
9
9
10
13
13
13
14
13
14
14
15
13
10
9
11
13
11
8
3
5
5
2
2
1
-3
-4
-4
-6
-5
-7
-8
-5
-6
-7
-6
-5
-2
-2
-3
-3
0
1
0
2
5
7
7
10
10
8
9
12
14
13
13
15
16
15
16
14
15
15
13
12
10
8
7
7
5
4
2
-2
-3
-4
-6
-7
-8
-9
-11
-13
-15
-18
-19
-18
-19
-19
-19
-19
-20
-19
-20
-20
-19
-19
-18
-17
-15
-15
-13
-11
-9
-7
-6
-4
-4
-2
-2
-1
3
2
4
5
7
9
11
13
12
12
11
11
12
13
10
9
8
6
7
8
6
6
5
3
4
4
2
1
-1
-3
-4
-2
-3
-2
-3
-4
-4
-5
-5
-5
-4
-4
-2
-3
-1
0
1
3
4
7
7
8
9
11
13
14
15
16
15
15
16
14
14
15
15
15
15
14
13
11
10
8
8
7
5
5
4
2
1
-2
-4
-6
-8
-8
-10
-12
-13
-13
-14
-14
-16
-16
-16
-15
-15
-15
-16
-15
-13
-12
-10
-11
-10
-8
-7
-5
-4
-5
-5
-5
-4
-2
-1
1
2
2
1
4
3
4
5
5
5
5
5
5
4
3
3
3
0
-4
-5
-4
-4
-7
-8
-5
-5
-7
-10
-9
-8
-7
-7
-6
-4
-4
-5
-4
-3
-2
-2
0
2
3
4
5
7
9
10
11
12
12
12
13
13
14
14
15
17
17
17
17
16
15
14
14
14
13
13
10
7
6
4
4
4
3
1
-1
-3
-3
-3
-5
-4
-2
-7
-10
-6
-6
-9
-9
-7
-8
-9
-7
-9
-10
-6
-4
-4
-4
-5
-4
-4
-3
-3
-4
-1
1
0
0
0
-3
-2
-1
-3
-2
-4
-6
-5
-5
-4
-4
-4
-4
-3
-5
-5
-5
-7
-7
-9
-9
-10
-10
-9
-10
-10
-9
-7
-6
-6
-5
-6
-4
-2
0
1
0
-2
-1
0
3
5
3
6
7
6
6
8
9
13
13
11
14
13
11
13
12
13
14
13
13
12
11
10
10
10
8
8
6
5
5
4
4
5
4
3
2
-1
1
-2
-3
1
-1
-2
-1
-1
-5
-6
-3
-3
-5
-3
-2
-4
-5
1
1
-2
-2
1
0
0
3
4
-1
-1
-1
0
1
2
3
0
2
4
6
4
0
0
4
6
2
0
2
2
-1
-3
-2
-3
-4
-4
-6
-8
-8
-9
-9
-10
-8
-8
