1
2
1
-2
2
1
-3
-1
1
1
1
1
0
3
2
0
0
1
0
-1
0
-1
0
1
2
2
0
1
1
1
-4
-4
-4
-5
-5
-5
-5
-5
-3
-3
-2
-3
-4
-3
-1
3
0
-1
4
4
4
4
2
-1
4
-1
0
4
0
-2
1
0
2
2
0
1
1
0
-2
-1
2
2
0
0
1
1
0
-1
-2
0
1
-2
-2
0
1
-3
-3
0
2
1
0
-2
-3
-3
-3
-3
-1
-2
-4
-1
1
-1
-2
3
4
3
2
-1
-4
-1
0
1
0
1
0
0
0
-1
0
0
1
0
-1
-1
-2
0
0
0
1
1
2
1
1
1
0
1
1
3
3
2
0
-1
3
4
3
5
6
2
0
4
4
1
2
4
0
0
2
1
0
4
3
1
1
0
-1
1
1
1
1
2
0
1
0
0
0
1
1
2
1
-1
0
-2
-2
-1
-1
-1
0
-2
0
0
-1
1
3
0
0
1
2
2
0
1
3
3
1
0
1
-1
-4
-4
-1
0
-3
-3
-2
-3
-2
-1
2
2
-1
-3
0
-1
-1
-1
1
2
1
-1
-1
-2
-2
-3
-1
0
0
1
0
-1
-2
-2
1
2
-1
-1
1
0
-2
-1
-2
-2
-3
-5
-2
-1
0
0
1
1
0
-1
0
0
1
1
1
1
0
0
0
0
1
3
3
2
0
0
1
1
0
1
1
-1
-5
0
1
0
-1
2
3
2
0
1
0
1
-1
-1
2
3
1
-1
0
-1
-1
-2
1
3
2
0
-1
1
2
4
7
7
6
4
1
0
2
4
2
0
0
1
1
0
0
3
3
3
2
1
1
0
-1
1
1
1
0
1
2
0
0
3
3
-1
-3
-1
0
-1
-3
1
1
0
-1
-1
1
1
0
1
0
1
0
-1
-1
0
0
-1
-2
-1
0
-3
-2
-3
-5
-3
-3
-3
0
-3
-3
-1
-3
0
1
0
1
-1
-5
-4
-5
-4
-1
-1
0
0
-2
-3
-4
-1
2
1
1
1
1
0
-1
-2
1
3
0
-2
-3
1
-1
0
-1
-3
-2
-4
-3
-1
-1
-1
1
2
1
0
0
1
1
3
3
3
3
3
5
4
1
3
2
1
2
1
0
0
-2
1
4
3
1
2
4
3
1
4
4
2
2
1
-1
-1
1
0
0
1
0
0
-1
-2
-5
-2
-1
1
-1
-2
-1
-1
1
-1
-2
0
1
0
1
0
-2
0
1
0
0
-2
-3
-1
-1
1
2
2
2
3
2
2
2
2
3
4
5
5
4
5
3
4
3
2
1
3
3
2
1
1
1
1
1
0
1
1
0
-1
0
0
-3
-2
-1
-1
0
0
0
0
0
-3
-3
-4
-4
-2
0
-2
-1
-1
0
2
0
-3
2
2
0
3
0
-1
0
-1
-3
2
0
-2
1
-1
-1
1
0
-1
1
1
-1
-1
-1
1
3
3
3
2
1
0
0
1
1
0
-1
-1
1
0
-4
-4
-2
0
2
0
1
1
0
-1
1
0
0
1
1
0
1
1
2
2
1
2
2
0
-4
-4
-2
1
-1
0
0
0
0
0
3
3
3
3
2
1
-1
-1
1
3
3
1
0
-1
-2
-1
0
-1
-3
-1
1
2
1
3
4
3
1
0
2
1
0
-3
-2
0
-3
-1
-3
0
-2
-1
1
1
3
1
0
0
-1
0
1
2
1
0
1
1
2
2
2
2
0
-1
0
1
1
3
3
2
2
1
0
0
0
1
1
1
2
0
-3
-3
-4
-4
-1
-1
-1
-1
-1
0
2
2
1
1
1
0
0
1
-1
-2
-2
-1
0
0
-1
-1
0
1
1
1
0
-1
-2
0
0
0
6
2
-2
4
4
0
2
0
0
4
1
-1
-1
-1
0
0
-2
-1
-1
-1
0
0
0
1
2
0
-1
-1
0
0
-1
-1
0
3
4
2
3
2
2
0
1
0
-2
-1
-1
-1
-3
1
-1
0
1
-2
4
-1
0
-1
-2
3
-1
1
2
2
3
2
2
2
2
2
2
1
1
0
0
0
0
-1
-2
-1
-1
-1
-1
0
2
3
3
5
4
2
1
1
0
1
-2
-4
-3
-2
-2
-1
0
-3
-3
1
0
-4
-1
3
1
0
-1
0
-2
-2
1
1
0
0
0
-1
0
1
2
1
0
1
2
3
2
0
1
-2
-6
0
-1
-3
-1
-4
-3
3
-1
0
2
-1
0
1
2
1
1
2
0
0
1
1
0
1
0
1
3
1
0
1
3
3
1
-1
-1
0
0
2
2
1
0
0
2
0
-2
-3
-1
1
0
-1
-1
0
0
-1
1
0
0
1
2
1
1
0
-3
-2
0
-2
-1
-3
-4
0
2
0
0
-1
-1
-1
-2
-3
-2
-1
0
1
-2
0
1
-1
2
-1
-4
2
3
0
3
1
2
4
-2
-3
2
0
-2
2
3
2
1
0
1
2
-2
-4
0
2
-2
-3
0
-1
-3
-3
-4
-3
0
3
1
-2
-2
-2
-3
-2
1
3
-1
-3
-3
0
3
3
3
3
1
0
-2
-3
-2
1
4
1
-1
2
2
0
3
7
2
-1
2
3
2
1
4
4
4
4
-1
-3
-1
0
-2
-1
2
1
-3
-2
0
-1
-1
-3
-2
3
-1
-3
2
0
-2
1
-1
1
3
0
-1
3
1
2
2
3
5
4
1
0
2
1
-1
-1
0
0
-1
-2
0
-2
-1
4
1
-1
3
2
1
3
-3
-1
5
2
1
-1
-2
0
1
-1
-1
0
-4
-4
-7
-4
-1
-5
-5
-4
-2
-2
2
-4
-1
-3
-3
-2
1
1
1
1
4
1
-4
0
2
-1
1
0
-2
-2
-1
-1
0
-1
1
-1
-2
-2
-1
-4
-3
1
1
1
1
-2
2
5
0
-2
6
5
2
2
0
2
3
-1
5
3
0
7
3
0
4
-3
-3
1
-5
-6
-1
-2
0
0
-1
2
1
-4
0
4
1
0
4
3
0
-2
-5
-2
-1
-5
0
2
0
3
1
0
3
0
1
3
-1
1
3
1
2
2
2
1
-2
-5
-4
0
2
-6
-1
9
0
-4
3
2
-2
-1
2
1
-3
-1
0
-5
-5
-2
-3
-3
-1
1
1
1
1
4
5
0
0
4
3
5
5
3
2
8
5
-4
2
3
0
1
1
4
0
-2
5
-2
-5
5
0
-3
4
1
-2
0
5
2
-3
1
1
-8
-3
1
-4
-1
1
1
0
0
-1
-3
4
-2
-4
9
-3
-6
9
-2
-6
5
5
-4
0
5
-5
-5
-1
-3
-3
-4
-1
0
-3
-1
4
-1
0
4
-1
0
0
-3
5
-2
1
8
-4
-1
7
-4
-2
7
-3
-3
3
-2
-3
-2
2
0
-5
2
0
-3
-4
0
6
-1
-1
6
4
-4
-4
5
1
-9
4
9
-8
-1
10
-5
-5
7
-1
-2
4
6
4
-5
3
5
-9
-3
1
-1
-5
-3
8
-6
-9
10
0
-10
0
7
1
-7
3
9
-8
-2
11
2
-10
1
12
-6
-12
10
8
-14
-1
11
-4
-13
7
8
-15
-3
17
-6
-15
16
10
-14
1
14
2
-7
3
17
-4
-12
17
10
-18
2
23
-13
-13
21
4
-14
0
15
4
-18
5
20
-11
-14
21
8
-21
10
11
-13
2
4
-1
0
-10
7
8
-22
6
21
-23
2
17
-12
2
-2
0
12
-23
2
27
-26
-15
32
-9
-23
21
0
-8
4
-9
15
-7
-21
30
-6
-32
32
7
-35
23
17
-24
15
6
-7
14
-14
2
16
-23
4
18
-23
3
17
-15
5
-7
-4
23
-28
-1
39
-43
-7
43
-38
-11
29
-22
8
4
-12
29
-21
-8
36
-34
-1
25
-30
11
19
-19
21
5
-18
26
-6
-21
31
-9
-15
26
-14
-5
15
-14
12
2
-20
22
2
-23
24
5
-24
20
2
-19
15
-9
-4
12
-22
8
5
-23
21
-8
-18
30
-18
-6
22
-19
13
5
-21
26
0
-27
21
6
-22
9
6
-4
0
6
4
-17
3
11
0
7
2
16
-5
-9
18
-15
1
11
-13
19
-8
-3
28
-20
1
26
-21
-6
17
-6
0
2
1
9
-11
8
1
-6
7
-16
28
-4
-24
32
-17
5
6
-27
35
-28
-16
51
-48
4
48
-50
28
15
-54
46
-20
-34
66
-39
-15
45
-51
7
23
-34
24
4
-25
20
-3
-22
22
8
-21
11
7
-29
-3
18
-23
5
23
-26
13
-5
-16
27
-26
10
28
-45
14
20
-40
23
18
-29
24
-1
-34
29
1
-24
16
3
-14
1
7
-6
-2
-3
16
4
-33
39
7
-49
43
5
-42
34
-3
-15
32
-28
17
16
-23
15
3
-2
1
-10
24
-19
-24
51
-33
-15
42
-42
21
0
-31
35
-4
-16
20
-11
-11
23
-9
-8
23
-10
-14
16
-5
-13
7
-10
-2
13
-29
24
2
-37
54
-21
-34
64
-39
-12
57
-58
20
48
-80
43
36
-74
61
3
-55
57
-18
-16
33
-32
14
20
-43
32
17
-42
47
-5
-33
52
-44
-11
64
-57
15
39
-69
20
32
-46
7
3
6
-9
-3
9
-13
17
-10
9
5
-41
51
-20
-32
60
-35
-4
21
-25
27
-19
-2
27
-28
-6
46
-47
-27
78
-46
-36
66
-31
-7
41
-56
12
49
-84
43
48
-94
50
28
-67
60
-9
-39
55
-44
3
56
-61
-15
80
-39
-77
120
-39
-72
104
-47
-19
64
-42
17
47
-74
81
9
-124
151
-45
-84
151
-115
6
89
-128
81
15
-112
104
-3
-107
100
10
-112
91
15
-65
66
-37
-2
57
-70
18
37
-68
23
45
-41
6
6
-6
16
-33
30
28
-40
25
7
-9
-23
17
8
-53
58
-14
-29
44
-31
10
0
-18
19
-3
-20
3
32
-36
11
27
-37
11
22
-12
-6
16
-6
-3
7
-9
18
3
-18
33
-14
-31
44
-24
-12
50
-42
3
18
-20
36
-30
7
27
-4
-21
-11
68
-74
-9
82
-76
24
6
-14
28
-42
31
6
-47
33
5
-38
47
-5
-23
35
-20
4
6
-12
1
6
38
-17
-32
56
-41
-9
53
-67
28
38
-55
-6
26
-13
-2
-14
0
29
-51
16
32
-61
39
8
-33
36
-39
33
4
-19
8
-8
44
-57
35
17
-49
69
-79
26
62
-74
16
9
-10
-11
15
-33
15
41
-45
8
39
-23
-42
59
11
-46
39
-8
-5
20
-61
50
31
-93
69
-5
-21
42
-38
8
22
0
-60
39
41
-69
55
-38
41
3
-79
86
-38
-20
28
6
-1
-40
36
6
-33
3
7
19
5
-25
7
34
-35
13
-11
-24
79
-74
-9
97
-65
-15
72
-38
-15
22
-17
18
-10
-5
13
36
-27
-53
93
-44
-34
75
-64
24
21
-18
27
-47
29
20
-44
1
69
-22
-82
131
-30
-77
99
-41
-4
15
-26
41
-4
-70
42
49
-100
21
51
-31
10
-37
32
46
-78
24
34
7
-19
-48
133
-78
-46
152
-139
69
54
-133
125
-62
-38
73
-110
91
1
-127
146
-45
-118
146
-24
-66
73
-42
-11
25
-23
-15
25
10
-99
68
6
-85
111
-67
-33
85
-73
-16
22
-18
40
0
-32
55
-19
-38
76
-18
-58
67
38
-64
12
46
-38
51
21
-86
74
-5
-60
115
-45
-17
81
-71
48
15
-91
87
43
-80
0
72
-16
-44
18
-3
-32
45
-21
-11
71
-126
53
55
-93
15
21
-50
95
-101
-27
135
-148
80
3
-69
108
-53
-52
129
-34
-161
206
-39
-99
106
-124
90
58
-123
98
-67
85
-4
-100
157
-38
-110
208
-115
-48
112
-83
63
23
-96
80
62
-160
98
-20
-21
80
-116
32
49
-74
-27
-17
34
44
-88
-17
104
-53
-56
42
81
-106
-44
135
-116
7
39
-93
118
-62
-119
193
-54
-131
144
-26
-49
-7
17
10
-21
62
-125
65
90
-131
33
26
15
-24
47
15
-49
50
-12
-24
100
-14
-108
120
-106
11
10
-49
165
-78
-91
145
-35
-187
175
-17
-59
170
-200
75
110
-270
156
63
-168
153
-55
3
16
-75
-17
86
48
-219
125
75
-203
181
-20
-120
220
-122
-111
332
-180
-104
314
-181
-13
124
-153
102
20
-97
173
-27
-166
179
35
-123
27
15
55
-3
-162
115
98
-273
137
112
-52
-64
39
22
-45
160
-261
83
151
-281
214
-27
-164
155
9
-193
172
20
-200
257
-162
-88
226
-106
-16
68
-115
151
-38
-79
167
-91
25
-18
53
23
-54
37
-41
49
7
-46
-17
148
-87
65
-81
-102
292
-268
33
221
-179
32
31
-97
65
-7
-31
72
-11
-103
-12
130
-117
-87
151
-72
-5
-6
-42
48
-96
17
85
-121
18
107
-165
35
55
-105
84
11
38
-61
42
42
-126
100
-60
4
93
-46
25
24
-93
75
3
-2
52
-9
16
17
-4
-78
117
-19
-57
96
-38
22
-21
-41
98
-19
-160
178
-80
-34
75
-209
256
-57
-223
283
-149
5
40
-100
228
-128
3
93
-109
32
14
-4
-50
98
-77
-49
116
-67
-33
106
-30
-51
-22
120
-27
-70
132
-81
71
-138
25
262
-318
160
97
-176
166
-89
-23
101
-63
-18
30
40
-27
-33
116
-174
-2
126
-120
-3
42
42
-50
-108
125
35
-152
83
120
-206
25
175
-178
-85
253
-203
10
189
-235
71
118
-168
79
101
-173
113
68
-184
85
145
-197
-7
285
-254
59
85
-118
188
-150
32
167
-230
53
64
-26
-26
-35
96
-85
31
38
-40
131
-181
29
105
-250
210
37
-173
277
-154
-169
218
-142
-30
110
-94
149
-67
-133
101
-86
62
2
-7
109
-70
-112
125
-81
-33
99
-74
54
-17
-2
0
-84
73
58
-10
-11
-65
67
11
-172
122
47
-20
-61
-15
136
-152
98
-45
-18
128
-127
49
-39
24
62
-149
100
50
-143
158
-47
-108
173
-101
-47
112
-61
5
68
-106
65
-26
-46
119
-44
61
-39
-97
96
-52
13
-20
8
19
-11
12
-92
210
-104
-74
131
-58
115
-134
56
2
-59
149
-176
146
3
-159
175
-133
-12
98
-71
31
-38
104
-119
-56
136
-165
94
49
-91
113
-112
0
51
-100
117
-49
-32
67
-18
-32
6
-41
-42
135
-141
19
152
-199
69
30
-74
92
-16
-58
51
39
-96
-7
72
-78
92
7
-109
94
18
-121
75
114
-184
96
77
-179
138
-141
61
133
-160
183
-126
21
82
-135
123
-20
-11
-1
-76
81
-14
-109
196
-51
25
-113
75
69
-222
85
72
8
-159
141
-53
-130
241
-220
128
152
-289
136
44
-240
240
-70
-46
150
-114
-23
43
-15
18
-67
102
46
-132
82
8
-50
25
-10
99
-153
76
175
-298
195
11
-237
368
-188
-88
289
-252
46
66
-105
115
-96
11
155
-213
-62
213
-146
-17
113
-74
72
10
-73
-31
54
-32
-6
108
-97
55
25
-152
103
-47
-80
190
-49
-77
135
-87
-129
113
-10
-84
136
29
-114
36
11
-58
71
12
-41
46
-28
19
-5
-53
46
10
-53
48
16
-102
116
-71
-37
123
-130
-70
189
-129
-57
119
-101
30
55
-30
-21
103
-112
2
102
-91
68
-45
-42
145
-80
-45
32
11
14
-18
17
-1
79
-18
-82
92
-64
-22
70
-78
73
33
-95
48
-7
-15
73
-103
-33
159
-91
-98
35
43
-38
-106
169
-85
-118
140
-47
12
-31
39
33
-46
-60
20
93
-118
66
28
-29
1
-61
34
59
-95
96
19
-65
67
-79
-8
49
19
-20
123
-34
-81
28
-9
64
30
-30
-9
58
-64
-74
58
44
-105
88
16
-71
34
-115
56
53
-69
-45
85
42
-81
-33
35
29
-120
171
-39
-69
212
-161
-60
131
-123
62
70
-67
45
4
-108
70
41
-99
104
-9
-17
-2
-81
189
-106
-198
279
15
-240
205
57
-227
115
-12
-94
175
-85
-149
204
-40
-215
112
35
0
35
-69
79
8
-52
3
-28
44
-68
72
110
-146
27
-20
-4
37
-142
180
41
-122
91
-164
86
48
-215
319
-34
-225
218
-60
-33
73
-9
59
-79
84
-36
-102
166
-186
49
98
-63
15
-41
6
-81
12
129
-180
-34
160
-137
13
-7
-34
22
-129
281
-66
-150
232
-93
-78
-23
85
-14
-76
112
56
-27
-34
63
-102
38
120
-194
46
186
-187
20
19
-26
17
-18
63
-63
56
0
-42
-10
112
-47
-58
171
-43
5
-78
131
-3
-232
268
-30
-149
56
-139
164
49
-218
186
-49
-60
73
-22
-9
8
-160
140
52
-144
154
-57
9
18
-152
167
58
-56
115
-181
68
140
-368
331
116
-285
162
58
-86
-174
32
239
-57
-100
118
117
-168
-207
210
-54
23
43
4
140
-388
170
159
-310
30
56
203
-181
-84
217
-229
50
101
-111
185
-185
102
116
-245
86
19
45
-130
122
67
-261
204
-130
17
106
-42
-15
-95
46
74
-55
-102
71
86
-66
70
47
-150
23
67
4
-15
77
-23
-142
129
11
-107
36
-90
228
-150
-243
368
-223
-28
185
-325
234
23
-391
370
182
-400
61
81
-103
147
44
-76
15
134
-167
-128
386
-179
-117
372
-215
-11
-54
-89
389
-321
58
280
-417
188
-63
-85
335
-338
13
294
-162
-39
76
5
-10
-106
-102
270
-8
-263
310
-99
-196
260
-197
-56
254
-80
-124
126
-39
-175
56
9
-70
-35
76
75
-85
-50
89
78
-91
-52
107
138
-77
-131
220
-12
-176
104
-14
108
-18
-111
122
-59
7
8
-23
52
-51
-98
13
36
-81
0
6
82
-106
-74
162
-208
76
184
-115
155
-222
58
181
-280
180
-21
57
10
2
90
-89
-106
160
62
-178
125
29
-13
-125
45
128
-209
117
-46
-161
296
-135
-110
306
-446
136
102
-327
363
9
-177
156
-96
-120
71
6
-81
137
-109
-123
263
-243
-101
440
-261
-93
335
-173
68
67
-129
211
-88
-84
299
-139
-77
143
-239
290
85
-315
232
-57
-106
24
80
23
-57
37
-189
85
53
-168
9
155
-65
-223
119
-33
-10
-77
56
199
-301
25
172
-254
-26
221
-148
54
-28
28
10
-85
22
50
41
-89
138
-68
-33
-53
-67
202
-70
-24
84
9
-127
138
79
-98
52
51
-94
122
24
-110
28
-6
112
99
-122
-95
52
59
-47
105
-9
-80
50
-22
-32
2
9
-51
69
55
-60
-117
-64
122
-176
89
162
-277
207
3
-255
193
-35
-116
29
92
-58
-82
228
-156
-82
187
-167
90
62
-214
228
127
-189
212
13
-309
176
51
-156
250
-73
-139
276
-193
-67
154
-283
160
126
-135
222
-118
-172
-39
-97
181
3
-67
-13
-57
101
-77
65
41
-238
239
107
-188
186
-49
-234
286
-30
-223
398
-290
-52
489
-426
94
149
-197
134
-143
120
44
-162
65
-48
200
-49
-253
336
-96
-216
89
-53
148
-194
-85
188
-192
210
-81
-364
386
-160
-92
315
-123
-187
197
-73
-33
126
-114
59
124
76
-237
137
6
-219
423
-172
95
39
-300
420
-54
-247
217
-134
-228
198
-80
45
52
-191
-11
70
26
0
-14
39
-60
19
27
33
88
-60
-5
108
-57
14
57
95
-10
12
-316
292
48
-291
376
-118
41
-92
-193
357
1
-342
307
35
-419
140
109
-105
106
-90
-93
178
-110
28
117
-150
89
-223
148
136
-141
221
-363
64
116
-193
252
-20
36
-150
-81
192
-235
-85
209
120
-77
-14
63
-185
-26
50
1
134
73
-19
10
-16
-293
133
135
-312
374
100
-329
198
-166
-158
246
-115
227
50
-377
331
-106
-337
200
122
51
32
115
-106
-34
77
-156
7
66
30
172
-63
-272
252
-77
-248
363
-197
25
204
-426
298
29
-491
316
-137
-179
390
-162
41
129
-300
26
203
-108
-118
302
-2
-111
232
-234
31
220
-270
132
180
-94
-69
86
68
-244
144
72
-219
175
60
-168
14
42
-53
32
-33
71
56
-58
-57
-135
213
-85
-161
333
-40
-104
52
-68
-2
-40
33
234
49
-54
-66
-106
44
-91
77
165
-178
121
137
-178
41
0
-144
22
46
76
154
-47
-177
-45
-12
18
134
49
-44
-62
-43
16
-34
66
-85
-52
206
10
-50
-38
88
37
12
14
101
61
-351
203
-19
-118
340
-268
48
21
-184
231
-129
-89
197
-123
-194
120
9
-159
104
187
-232
-212
179
-96
-125
162
37
180
-11
-424
370
-104
-412
597
-436
195
476
-647
505
-143
-495
241
-29
291
-4
-94
148
-204
-251
58
99
-149
197
169
-13
-97
-345
139
-42
161
203
-21
318
-647
-129
480
-239
126
330
40
-133
-125
-156
101
-5
-91
385
-1
-118
96
-116
-249
-145
372
19
-206
284
-143
-13
8
-286
241
-171
110
438
-469
153
342
-358
-277
198
70
-86
214
-150
160
-185
-349
95
246
-203
-121
574
-295
-205
290
-157
81
94
-12
166
-47
-122
221
78
-108
16
-70
-233
264
68
-195
263
-122
-72
-87
-83
63
-15
94
49
76
-243
9
-28
-64
133
-19
-45
15
98
-428
454
-46
-405
697
-275
-279
319
-177
100
-43
-98
245
-292
156
-27
-33
148
-243
265
-211
-83
296
-299
-89
246
-10
-81
130
-159
150
54
-105
241
-108
170
-156
-310
316
54
-74
4
1
26
-146
-81
-5
-73
338
-83
-112
231
-174
-89
-225
92
181
-40
113
140
-178
-101
-27
-42
58
-70
217
268
-123
20
-137
-156
121
-78
206
368
-350
-90
210
-271
-94
91
-27
-20
220
107
-206
-121
-91
129
229
45
-178
-63
42
-76
48
-103
120
50
-190
196
6
-67
154
-70
-130
193
-27
-130
141
-143
-1
139
-189
53
128
-271
95
128
-218
243
72
-340
-122
323
-42
-193
475
-183
-138
189
-227
186
-181
-243
449
-106
-261
297
-182
-164
137
-194
314
120
-430
270
217
-227
-29
3
82
14
-99
238
151
-256
-57
179
-49
-109
169
62
-107
149
-248
-156
470
-359
-167
541
-187
-49
2
-187
15
-280
246
281
-340
-53
36
-1
-82
-154
54
292
169
-279
142
270
-319
-144
175
139
36
-72
221
-3
-277
69
-63
94
-203
81
228
111
-73
-424
55
-4
-279
108
461
-24
-503
-79
194
-107
-89
-16
303
40
-136
113
-226
-71
94
-2
286
116
-56
-62
-57
-46
-66
206
242
-103
-114
119
-120
-105
85
-165
204
-17
-288
257
-118
-168
75
-100
257
-151
-177
214
-226
284
6
63
85
-353
-28
221
156
-104
270
-195
-221
350
-342
-15
290
-118
222
187
-90
-93
-324
52
107
204
66
-103
110
-346
-251
310
-92
-9
260
-98
50
39
-293
79
32
-34
335
54
12
-60
-390
52
87
-74
332
47
-253
95
-67
-337
31
208
-47
141
207
-240
-235
137
-59
-283
290
209
16
29
-305
23
-89
-1
257
18
22
-141
-5
-38
27
-11
-231
274
121
-61
33
-184
38
-37
-59
110
-4
-1
-170
14
205
-70
-143
13
204
-57
-118
262
155
-169
-128
220
22
-145
238
126
12
-128
-249
78
-124
-173
157
142
122
-156
-284
19
-18
-215
88
293
-121
-160
40
8
-35
-137
-93
154
218
-178
15
237
-293
-236
80
256
142
-55
114
-97
-201
75
75
89
112
66
82
-86
-128
-195
28
278
-82
158
121
-134
8
-257
-2
82
11
307
104
62
22
-317
-120
297
77
-4
358
20
-202
30
39
179
6
-15
245
163
126
-152
-130
160
-55
44
148
-34
28
-37
-155
47
101
-106
21
60
8
192
-8
-147
-71
48
282
109
7
111
-41
-29
36
55
113
-96
-8
248
-72
-69
121
-118
51
131
52
194
-45
-49
58
7
137
7
-45
-6
-105
-9
34
103
92
-92
8
-17
-15
139
-175
-122
50
-241
121
74
-411
18
8
-164
26
-139
-158
-84
-72
-102
-53
-6
-197
-88
-18
-124
-11
-76
-119
42
134
2
-119
23
-25
-63
122
82
34
129
-70
-2
94
-108
137
-26
-35
151
-274
-118
-118
-242
14
-73
-1
-90
-234
22
-130
-177
88
-35
-34
37
-39
-100
-192
-143
-18
160
56
-202
-30
36
-125
-13
104
-34
-25
51
-22
30
-82
-199
-10
42
69
2
-146
-95
-121
-39
67
34
41
-61
-15
-32
-47
137
24
31
54
131
236
57
64
-51
61
266
169
264
209
130
153
131
259
342
173
191
430
328
259
221
-46
226
467
293
515
372
49
146
173
457
474
302
369
176
347
284
38
334
147
272
451
184
234
-137
-156
116
142
316
110
1
-112
-253
-20
-52
-209
-152
-45
-49
-209
-324
-326
-253
-210
-212
-36
83
-246
-416
-87
36
-43
-22
10
3
-104
-98
-124
-205
-323
-586
-386
-331
-579
-597
-857
-1023
-1346
-1519
-1382
-1673
-1971
-2200
-2037
-2189
-2676
-2514
-2569
-2550
-2370
-2123
-1733
-1861
-1744
-1586
-1173
-379
-364
194
852
862
1447
1805
2130
2521
2603
3186
3543
3475
3533
3588
3600
3581
3562
3428
3377
3114
2665
2607
2481
2149
1997
1908
1535
1141
1017
857
696
595
436
471
621
587
601
572
478
548
568
657
769
646
670
794
716
739
695
478
338
152
30
-191
-525
-792
-1270
-1629
-2156
-2931
-3373
-4155
-4662
-4637
-4960
-5184
-5674
-6346
-6705
-6846
-6444
-6035
-5746
-5330
-5202
-5167
-4828
-4157
-3174
-2253
-1508
-686
-71
537
1278
1644
2105
2816
3634
4399
4580
4644
4605
4539
4561
4670
5254
5122
4458
4072
3493
3113
2666
2035
1862
1617
1081
514
-109
-561
-1430
-1954
-1814
-1912
-1721
-2173
-2669
-2613
-2813
-2424
-2070
-1523
-718
-519
-14
411
616
1170
1720
2485
3333
3848
4057
4040
4030
4240
4618
4845
4933
4739
4239
3871
3582
3197
2883
2698
2394
2096
1743
996
280
-138
-522
-492
-278
-745
-1298
-1641
-1919
-1768
-1584
-1581
-1756
-2127
-2406
-2467
-2371
-2683
-3101
-3539
-4350
-4540
-4725
-5180
-5193
-5236
-5399
-5798
-6174
-6422
-6255
-5610
-5074
-4465
-3997
-3837
-3930
-3749
-2734
-1536
-688
-73
426
904
1476
1905
2305
2907
3400
3931
4472
4418
4033
3812
3456
3225
3536
3945
3829
2891
1869
1616
1373
684
412
552
253
-685
-1665
-2004
-2076
-2537
-2653
-1888
-1270
-1533
-2161
-2235
-1531
-844
-320
722
1775
2003
1973
2400
3128
3634
4024
4683
5381
5748
5627
5242
5028
5142
5407
5664
5489
4906
4208
3424
3127
2792
2440
2277
1521
1065
607
-44
-392
-1069
-988
-768
-1246
-1369
-1837
-2372
-2711
-3069
-2995
-2882
-3206
-3849
-4321
-5020
-5740
-6371
-6750
-6536
-6509
-6174
-6157
-6999
-7994
-8465
-7245
-5747
-4808
-3954
-3801
-3779
-3870
-3548
-1709
-147
469
1001
1720
2716
3125
3409
3796
4619
6193
6992
6963
5977
4532
2965
1442
1123
808
156
-485
-1142
-1665
-2478
-2646
-1211
399
1217
1800
2136
2838
3164
3440
4633
5385
5720
5408
5295
5991
6133
5617
5092
5448
6045
5799
4656
3516
3180
2883
2770
2949
2716
1769
334
-179
235
715
269
-681
-387
-379
-934
-1179
-1218
-1018
-1467
-1868
-1642
-1622
-2628
-3877
-4063
-4133
-4979
-5982
-6344
-6437
-6751
-6892
-6724
-7321
-8717
-8899
-7336
-5483
-4801
-5055
-5084
-4602
-4220
-3095
-565
1241
1335
755
1594
3276
4079
4180
4366
5710
6404
6409
6034
5067
4727
4345
4563
4948
4919
3967
1747
377
179
653
308
-1066
-1775
-2221
-2711
-3489
-3983
-3895
-4153
-3905
-3297
-2587
-2309
-3303
-3496
-2114
-258
974
1103
1178
2030
2812
3188
4385
5651
5925
5769
5624
6034
6570
6074
5377
5628
6169
6183
5116
3449
2635
2689
2834
2897
2574
1562
166
-853
-691
241
287
-673
-1094
-891
-994
-1284
-1520
-1600
-1497
-1622
-1702
-1718
-2558
-3649
-4072
-4427
-5015
-5696
-6388
-6738
-6892
-7026
-7132
-7900
-9181
-9341
-7802
-6003
-5349
-5651
-5914
-5651
-4975
-3599
-1166
780
734
233
994
2601
3880
4109
4300
5417
6271
6247
5841
5221
4917
4957
4983
5256
5199
3977
2106
775
730
1245
821
-607
-1708
-2016
-2522
-3241
-3190
-2790
-2947
-3661
-4009
-2931
-1692
-1941
-2324
-1485
-49
970
1171
1599
2879
3765
4015
4601
5525
6197
6214
5831
5972
6640
6824
6233
5576
5449
5540
4869
3531
2941
3237
3084
2276
1587
1080
336
-548
-606
222
271
-830
-1590
-1460
-1057
-1070
-1459
-1592
-1682
-2034
-2185
-2327
-2876
-3528
-4138
-4760
-5458
-6293
-6868
-6961
-6879
-6840
-7291
-8467
-9284
-8644
-6978
-5526
-5128
-5345
-5233
-4775
-3927
-2074
185
1302
1116
1103
2244
3671
4296
4572
5378
6418
6732
6049
5177
4961
5154
5108
4894
4657
4054
2759
900
-295
29
239
-888
-2113
-2685
-3014
-3554
-4400
-4564
-3936
-4010
-4501
-4058
-3168
-2754
-2775
-2474
-1148
240
720
1345
2556
3392
3759
4110
4919
6196
6687
6189
6201
6781
6812
6234
5788
6023
6355
5621
4280
3588
3295
2815
2608
2725
2291
897
-521
-457
568
569
-194
-484
-667
-1011
-1326
-1314
-877
-1190
-2241
-2366
-2040
-2740
-4100
-4957
-5063
-5612
-6992
-7602
-6956
-6679
-7762
-9294
-9936
-9542
-8616
-7347
-6190
-5863
-6265
-6477
-5731
-3911
-1527
476
1281
1122
1231
2336
3887
5049
5695
6465
7455
7585
6601
5740
5830
6425
6420
5837
5654
5113
3054
744
174
1153
1292
-444
-2155
-2720
-3310
-4617
-5179
-3908
-3183
-4683
-5795
-4715
-3093
-3061
-4119
-3237
-462
787
389
793
2396
3465
3155
3721
6262
7675
6478
5279
6133
7826
7957
6647
6153
6752
6510
5120
4380
4558
4139
3065
2675
3151
2760
667
-789
-62
907
555
-591
-1352
-1285
-1454
-2054
-1847
-1460
-2093
-2957
-3308
-3395
-3861
-5274
-6540
-6708
-6971
-7489
-7338
-7138
-7713
-9168
-10496
-9937
-8118
-6745
-5973
-5873
-6206
-6281
-5904
-4298
-1432
775
1209
785
957
2119
3470
4547
5556
6475
7040
7170
6694
5596
5189
6217
6937
6346
5342
4341
3147
1546
520
1074
1364
-92
-1999
-2959
-2917
-3550
-4902
-4639
-3728
-4310
-5484
-5756
-4445
-3146
-3367
-2991
-1367
-475
-514
-206
1695
4056
4472
3982
4635
6016
6689
6157
6102
7502
8227
7019
5625
5803
6614
6111
4916
4643
4760
3969
2642
2281
2604
1963
807
517
946
763
-800
-1883
-930
18
-646
-1958
-2862
-3064
-3187
-3505
-3295
-3413
-5246
-7560
-8410
-7757
-6958
-6981
-7412
-7995
-9625
-11245
-10543
-8128
-6328
-6036
-6229
-6109
-6135
-6041
-4157
-980
1043
1174
642
1604
3173
4051
4599
5382
7058
7698
7153
6449
6018
6316
6451
6433
6410
6071
4636
2652
1466
1694
2122
820
-680
-1610
-2162
-2632
-3700
-3717
-3446
-4169
-4798
-4972
-4099
-3316
-3521
-2963
-1670
-886
-830
-708
581
2784
3820
3566
4200
5176
5312
5224
5756
7222
7995
6852
5584
5637
6144
5986
5215
4779
4591
3812
2889
2477
2149
1299
442
576
1266
977
-541
-1809
-1690
-930
-784
-1227
-1739
-2582
-3839
-4475
-3911
-3447
-4525
-6539
-7881
-8105
-7837
-7474
-7224
-7770
-9394
-10785
-10273
-8201
-6658
-6553
-6724
-6325
-5998
-5654
-4010
-1140
755
611
280
1355
3065
3998
4600
5801
7065
7066
6155
5950
6338
6793
6712
6585
6557
5602
4248
2705
2074
2243
2110
1338
-459
-1742
-2612
-3599
-3700
-3028
-2454
-3067
-5088
-6528
-5349
-3129
-2137
-2022
-1772
-1393
-1493
-1372
635
3696
4966
4193
3585
4345
5600
6125
6543
7516
7764
6851
6075
5980
6159
6084
5484
4938
4620
3870
2884
2262
1965
1698
1205
845
829
303
-729
-1203
-910
-550
-845
-1629
-2077
-2287
-2856
-3596
-3784
-3688
-4686
-6615
-7612
-7326
-6849
-6688
-7097
-8322
-9942
-10723
-9406
-6968
-5996
-6595
-7064
-7071
-6731
-5575
-3097
18
1179
-222
-937
876
3316
4448
4737
5613
6769
6581
5375
5218
6430
7159
6425
5670
5967
5556
3306
1316
1472
2744
2491
346
-1184
-1694
-2553
-3454
-3701
-2786
-2051
-3831
-5848
-5092
-3099
-2108
-2662
-2982
-1421
-240
-529
150
2215
3829
3859
3418
4647
6385
6110
5468
6709
8050
7494
6080
5746
6581
6822
5668
4808
4832
4095
2766
2263
2624
2506
1031
-306
42
374
-447
-1118
-1730
-1525
-1350
-2283
-2428
-2528
-3329
-4331
-4727
-4525
-5259
-6805
-7998
-7785
-6996
-6711
-7157
-8573
-10068
-10358
-8724
-6311
-5150
-5768
-6877
-7150
-6384
-4454
-1499
804
713
-632
-486
1564
3690
4712
5149
5830
6431
6148
5416
5585
6389
6572
5967
5539
5454
4343
2439
1178
1526
2389
1492
-623
-2312
-2564
-2959
-4447
-4024
-2602
-2790
-4226
-5764
-5112
-3141
-2162
-1449
-659
-98
-1
-84
917
3300
5303
5475
5314
5685
6030
6350
6605
7609
8623
8474
7110
5717
5924
6079
5775
5661
5291
4402
2726
1643
1394
1238
972
581
267
-477
-1575
-2278
-2422
-2437
-2151
-1760
-2461
-4275
-5687
-5817
-5512
-5743
-6513
-7223
-7340
-7151
-7470
-8376
-9071
-8989
-8211
-6941
-5767
-5555
-6535
-7515
-6771
-4269
-1582
-178
-187
-940
-1267
-114
2466
4805
5011
4361
4409
4989
5021
4723
5785
6690
6183
4695
3668
3939
3474
2338
1629
1916
1946
-262
-1996
-2224
-2785
-3477
-3956
-3081
-2310
-4142
-5634
-4944
-3260
-2057
-2138
-1612
-461
-230
-386
888
3669
5275
4815
4090
4976
6703
7335
7362
7899
8429
7922
7173
7130
7378
7211
6497
5653
5141
4546
3597
3103
2631
2135
1048
-166
-17
-203
-1003
-2170
-3296
-3385
-3414
-4142
-5225
-5706
-6398
-7660
-8159
-7909
-7776
-8055
-8146
-8206
-8823
-9489
-9065
-7495
-6074
-5617
-5752
-5781
-5608
-5176
-3791
-1177
1197
1380
-143
-676
1095
3578
4959
5405
5693
5354
4061
3386
4559
6254
6590
5542
4168
2924
2155
2339
2769
2627
1886
340
-1464
-2480
-2553
-1920
-1769
-2930
-4016
-4500
-5196
-5400
-4143
-2159
-1391
-2662
-3861
-2952
-745
1325
3048
4221
4012
2873
3046
5341
8003
9219
8738
7522
6628
6911
8453
9729
9364
7913
6812
6388
5686
5099
5567
5610
4215
2487
1407
1197
556
-784
-1103
-1241
-2609
-4221
-5158
-5099
-5467
-7492
-8989
-9046
-9138
-9729
-10347
-9866
-9142
-10276
-11618
-10981
-9173
-7544
-6764
-6238
-5433
-5270
-5505
-4384
-1394
1695
2564
1379
489
1406
3547
5433
6564
6977
6307
4895
3964
4541
6140
6879
6081
4406
2480
1359
1310
1610
1996
1609
-247
-2379
-3412
-3019
-2093
-2309
-3770
-4878
-4930
-4748
-4719
-3974
-2571
-2340
-3583
-3779
-1507
1008
1415
943
1841
3363
3767
3954
5636
7779
7983
6490
6055
7621
9178
9233
8397
7830
7586
6957
6390
6708
6946
5981
4421
3513
3435
3038
1863
1110
1057
291
-1586
-3105
-3333
-3203
-3923
-5378
-6764
-7844
-8935
-9953
-10257
-9793
-9525
-10041
-10924
-11633
-11749
-10929
-9255
-7402
-6350
-6318
-6581
-6397
-4990
-2193
858
2698
2489
1273
1332
3140
5652
7904
8724
7792
6083
4907
5314
6910
8160
7991
6016
3238
1684
1785
2277
2300
1650
346
-1451
-3269
-3959
-3212
-2707
-3449
-4257
-4225
-4156
-4815
-5148
-3931
-2308
-2032
-2488
-1971
-668
-102
39
1357
3286
3779
3088
3466
5098
5908
5663
5956
6904
7276
6701
6300
6763
7029
6715
6645
6524
5763
4719
4130
4224
4152
3438
2619
1821
925
56
-418
-602
-1385
-2450
-2959
-3707
-5008
-6031
-6477
-6804
-7807
-8975
-9059
-8696
-8943
-9556
-10142
-10438
-10266
-9431
-7864
-6460
-6189
-6633
-6596
-5404
-3309
-970
897
1598
1182
783
1676
3968
6297
7266
6797
5712
4882
4898
5812
6899
7128
6104
4330
2807
2287
2483
2594
2178
1059
-526
-1907
-2523
-2418
-2332
-2599
-2954
-3630
-4464
-4567
-3799
-2698
-1991
-2130
-2339
-1812
-927
-119
748
1786
2563
2724
2857
3569
4523
5121
5476
5818
6104
6034
5817
6126
6693
6677
5852
5216
4857
4293
3767
3382
3434
3081
1977
905
357
563
543
63
-437
-1090
-1906
-2478
-2496
-2484
-2951
-3876
-4950
-5835
-6308
-6403
-6335
-6408
-7024
-7958
-8539
-8608
-8330
-7493
-6302
-5756
-6178
-6641
-6222
-5066
-3543
-1803
-325
36
-566
-744
460
2701
4547
5428
5213
4161
3384
3584
5053
6465
6658
5654
3872
2653
2456
3174
3867
3453
2263
510
-945
-1239
-758
-6
-179
-1507
-2793
-3481
-3142
-2200
-1417
-1124
-1617
-2170
-2303
-1701
-361
913
1812
1799
1217
1310
2209
3423
4343
4656
4537
4145
3830
4036
4508
4817
4805
4311
3656
3073
2404
2044
2452
3043
2672
1350
321
285
620
608
513
369
-155
-986
-1516
-1340
-1283
-1670
-2134
-2521
-2926
-3571
-4082
-4365
-4699
-5105
-5405
-5494
-5633
-5937
-6189
-6209
-6105
-5942
-5586
-5051
-4521
-4237
-4108
-3718
-2923
-1929
-1029
-411
5
353
632
1151
2026
2762
3178
3174
3007
3137
3311
3350
3445
3827
3864
3094
2247
1900
2044
2048
1870
1662
816
-245
-722
-596
-139
34
-253
-763
-1202
-1196
-837
-161
452
479
321
299
564
1080
1671
2230
2290
2015
2081
2590
3025
2946
2719
2809
2999
2855
2482
2403
2594
2398
1918
1845
1964
1716
1200
914
1000
899
462
332
483
186
-504
-771
-443
-287
-685
-1115
-1288
-1473
-1754
-1957
-2020
-2101
-2399
-2840
-3063
-2960
-2907
-3135
-3481
-3646
-3635
-3571
-3468
-3363
-3189
-3116
-3225
-3215
-2909
-2362
-1861
-1517
-1301
-1282
-1373
-1224
-557
253
619
536
462
581
596
710
1126
1550
1659
1326
1024
889
821
904
1035
1254
1283
880
418
340
709
1014
990
981
949
619
269
441
1086
1439
1296
1107
1006
984
1086
1425
1876
2010
1771
1428
1393
1724
1904
1850
1872
1950
1765
1355
1292
1616
1726
1404
1122
1083
979
679
471
644
741
343
-194
-333
-41
38
-270
-460
-495
-697
-1051
-1146
-844
-704
-1011
-1342
-1472
-1574
-1698
-1652
-1338
-1194
-1432
-1739
-1863
-1630
-1379
-1347
-1325
-1244
-1220
-1382
-1332
-996
-822
-924
-1043
-967
-898
-896
-876
-846
-864
-980
-1062
-1075
-1097
-1045
-980
-1133
-1322
-1178
-869
-750
-838
-829
-617
-428
-213
124
422
483
417
613
1054
1431
1455
1302
1382
1502
1576
1737
1927
2016
1809
1508
1538
1813
1823
1597
1637
1730
1621
1460
1392
1488
1395
1116
1048
1211
1322
1041
691
717
778
569
303
322
416
90
-298
-280
-56
-33
-339
-559
-518
-559
-748
-824
-651
-536
-695
-894
-915
-703
-597
-702
-690
-605
-668
-853
-758
-393
-237
-346
-537
-533
-352
-222
-106
10
46
-75
-318
-465
-345
-153
-147
-347
-637
-903
-1048
-1015
-894
-885
-1094
-1439
-1698
-1696
-1478
-1282
-1283
-1442
-1571
-1461
-1093
-707
-551
-554
-479
-320
-125
237
699
899
766
649
878
1338
1582
1523
1432
1411
1300
1133
1267
1643
1711
1210
717
743
1018
1060
805
799
1008
811
364
292
667
760
419
334
541
469
-66
-425
-120
221
44
-356
-476
-371
-512
-690
-534
-333
-490
-933
-981
-593
-491
-753
-895
-640
-363
-428
-469
-183
68
-17
-65
275
662
643
437
519
823
945
788
586
550
613
596
560
587
480
116
-278
-417
-339
-307
-457
-743
-1092
-1400
-1519
-1409
-1201
-1086
-1153
-1391
-1530
-1314
-923
-657
-537
-444
-502
-650
-553
-101
443
619
511
465
591
786
835
940
1126
1133
1028
1010
1230
1361
1091
759
719
925
925
772
744
627
275
-116
-171
29
90
-65
-181
-168
-229
-442
-595
-321
161
310
55
-259
-371
-458
-487
-238
78
39
-365
-712
-755
-599
-459
-410
-358
-301
-325
-484
-567
-368
-113
15
59
192
369
298
116
196
534
754
684
495
366
325
327
407
525
441
41
-368
-375
-103
-37
-310
-614
-776
-897
-961
-887
-738
-764
-1029
-1173
-1018
-786
-741
-778
-646
-482
-401
-296
-94
104
122
114
313
662
865
836
876
1017
1078
1018
979
1135
1251
1087
853
830
873
660
371
344
483
504
334
135
43
-26
-89
-17
69
-24
-243
-356
-207
-29
-72
-216
-284
-278
-250
-196
-164
-189
-300
-405
-370
-287
-244
-291
-346
-364
-365
-294
-251
-223
-154
-108
-96
-106
-58
72
159
172
250
395
434
307
215
308
412
419
421
407
270
11
-183
-109
96
89
-167
-471
-672
-767
-776
-704
-626
-663
-885
-1078
-1079
-947
-773
-655
-575
-560
-544
-386
-215
-56
145
358
500
469
415
494
701
909
988
966
854
731
714
832
977
927
695
449
307
337
454
479
322
99
-67
-81
46
138
122
-36
-200
-218
-108
61
101
14
-77
-131
-77
37
83
61
16
-74
-164
-150
-74
-74
-182
-257
-194
-120
-181
-284
-286
-270
-326
-367
-277
-155
-210
-373
-366
-167
-44
-137
-270
-201
-23
49
72
91
3
-143
-131
77
243
161
-49
-186
-243
-274
-231
-107
-76
-285
-552
-602
-477
-374
-301
-218
-217
-335
-379
-233
-55
-23
-32
93
267
270
144
201
426
478
365
340
463
493
385
394
501
503
310
168
299
415
371
255
208
290
293
218
181
226
268
210
226
346
387
267
156
187
241
265
235
220
242
159
87
97
112
63
-63
-144
-153
-164
-205
-248
-289
-391
-517
-546
-439
-385
-501
-645
-741
-727
-622
-508
-421
-482
-646
-740
-630
-389
-229
-190
-260
-301
-188
-23
99
155
180
161
123
142
165
218
263
240
225
206
136
41
39
157
246
213
139
131
96
-22
-1
240
400
301
140
123
221
263
223
267
354
264
57
20
165
212
98
42
117
136
13
-81
2
138
149
112
164
205
70
-109
-45
246
435
329
77
-71
-44
83
229
338
325
139
-86
-115
75
245
212
64
-39
-71
-91
-100
-50
-7
-97
-281
-368
-298
-234
-313
-448
-489
-465
-524
-668
-708
-587
-488
-500
-514
-504
-560
-643
-568
-307
-94
-110
-242
-266
-166
-81
13
205
323
205
0
-27
181
374
360
300
316
292
207
223
398
539
467
321
304
353
334
303
373
452
375
212
171
240
248
178
183
255
225
74
0
92
193
173
127
160
184
111
59
132
224
181
77
80
174
191
82
-19
-27
-25
-74
-101
-37
19
-71
-252
-344
-283
-198
-176
-191
-213
-294
-432
-492
-377
-193
-138
-255
-395
-439
-407
-345
-245
-163
-208
-353
-423
-347
-245
-221
-227
-194
-173
-241
-316
-245
-58
36
-51
-163
-155
-80
-29
21
103
137
67
9
80
208
267
277
303
318
282
267
352
468
484
403
350
355
332
283
321
403
352
157
35
100
215
222
156
108
58
-27
-46
101
277
259
88
-2
58
121
141
209
293
232
50
-33
79
221
224
141
93
29
-116
-220
-143
-29
-104
-311
-422
-415
-449
-545
-531
-391
-360
-552
-717
-643
-468
-404
-405
-352
-330
-424
-476
-305
-44
23
-106
-184
-113
-23
23
115
248
262
114
-4
61
206
251
213
208
217
128
9
37
193
264
163
51
58
98
75
87
224
350
294
138
108
224
317
325
351
401
343
191
146
279
378
279
137
130
153
56
-42
36
139
45
-126
-110
32
34
-96
-110
21
77
-3
-31
70
112
-10
-107
-7
144
108
-61
-136
-105
-121
-176
-128
-29
-85
-279
-380
-310
-232
-269
-341
-358
-375
-456
-525
-477
-384
-381
-450
-465
-413
-397
-426
-399
-284
-194
-206
-237
-176
-60
-13
-25
30
157
209
159
134
196
265
298
342
389
368
268
191
225
337
405
380
299
228
199
224
303
392
413
323
212
215
324
392
360
327
318
248
144
150
248
263
148
50
54
53
10
-27
9
60
-1
-87
-114
-70
-48
-59
-13
-11
-99
-203
-200
-110
-87
-154
-194
-159
-150
-205
-229
-169
-113
-136
-179
-163
-104
-85
-120
-157
-186
-240
-283
-267
-239
-286
-374
-422
-438
-456
-442
-385
-364
-400
-402
-353
-338
-364
-338
-231
-127
-92
-83
-43
16
60
129
250
348
349
314
352
451
492
467
477
524
535
484
430
429
449
463
462
425
342
208
164
266
280
218
190
76
-27
-7
-18
9
74
-18
-129
-102
-75
-107
-121
-67
-27
-136
-183
-32
-49
-197
-108
-20
-121
-119
-38
-108
-190
-90
10
-97
-155
-37
-89
-274
-219
-48
-62
-124
-54
-13
-21
183
508
523
190
-131
-284
-391
-411
-267
-173
-331
-590
-793
-935
-886
-467
153
601
649
255
-414
-959
-1048
-579
301
1101
1165
344
-842
-1679
-1594
-416
1228
2217
1910
656
-657
-1354
-1173
-129
1305
2125
1699
510
-555
-1081
-953
-154
872
1437
1308
666
-261
-1025
-1045
-325
529
1091
1212
673
-265
-812
-749
-407
179
769
760
196
-385
-772
-833
-408
233
593
504
146
-290
-678
-790
-492
-81
96
76
15
-117
-338
-436
-261
-20
89
179
226
24
-264
-294
-133
-75
-108
17
195
141
31
77
19
-227
-395
-389
-229
-18
36
-84
-323
-728
-1060
-964
-521
20
518
757
525
-69
-628
-791
-454
225
987
1507
1376
573
-294
-735
-668
-83
742
1258
1125
405
-453
-1010
-1065
-491
455
1107
1169
770
60
-575
-722
-333
384
1000
1114
744
110
-517
-836
-712
-168
494
772
571
128
-419
-837
-790
-266
439
884
786
312
-259
-740
-888
-620
-178
217
384
202
-254
-814
-1097
-907
-452
77
570
743
351
-207
-545
-596
-349
35
466
635
412
17
-388
-422
-138
99
353
507
325
-108
-436
-491
-338
-21
254
320
176
-44
-203
-258
-163
59
209
178
187
199
43
-132
-141
-108
-66
91
209
274
221
10
-123
-174
-115
45
234
408
382
107
-130
-209
-197
26
262
315
367
238
-135
-303
-220
-93
89
221
188
31
-136
-177
-180
-174
-36
31
-68
-154
-198
-201
-65
118
88
-5
-30
-111
-92
-3
68
128
104
112
38
-58
-11
49
131
152
91
53
61
38
-22
68
108
61
79
31
-7
-84
-99
-70
-207
-208
-108
-74
-95
-58
-32
-216
-243
-124
-91
-66
-21
3
58
93
7
-60
-100
-135
-141
35
201
200
181
20
-76
-110
-49
129
214
305
256
76
-29
25
91
216
356
315
222
22
-103
-109
-67
89
118
109
73
-124
-263
-239
-116
62
125
149
43
-205
-248
-299
-270
-80
-38
-11
-3
-127
-271
-337
-316
-160
-49
-105
-67
-90
-24
175
62
43
120
175
356
469
689
626
352
244
107
85
138
157
53
-6
-47
-154
-229
-318
-382
-492
-400
-298
-279
-222
-300
-320
-338
-420
-292
-89
-163
-95
66
-2
95
53
89
341
195
188
392
360
351
331
316
324
230
281
325
129
130
309
254
189
102
-17
-16
-55
-74
-158
-208
-95
-59
-40
-23
-104
22
45
-173
-132
-241
-144
58
-57
56
-84
-195
-174
-349
-168
73
94
104
-25
-352
-422
-430
-543
-317
-277
-422
-501
-867
-1102
-1027
-537
163
704
1025
982
953
615
309
500
611
860
1172
1248
967
535
188
-232
-433
-329
-59
294
288
-155
-438
-733
-1146
-1072
-734
-484
-354
-366
-408
-538
-748
-515
-126
-40
227
332
166
83
147
230
416
730
535
539
609
295
211
177
385
663
550
379
502
199
-220
-190
-258
2
164
37
-13
-168
-483
-679
-456
-322
-84
108
5
-5
-146
-328
-296
-270
-286
-18
-63
-274
-165
-533
-497
-173
-476
-155
76
-63
257
27
-204
105
250
511
848
867
693
374
135
-2
-176
115
467
379
264
251
-21
-567
-501
-342
-441
44
182
7
-21
-410
-546
-369
-153
-160
-174
137
28
-169
-223
-110
122
-17
107
118
-120
-48
-12
200
194
92
98
-199
-251
-226
11
310
107
41
41
72
-10
-250
23
263
286
374
370
309
50
-140
-208
-226
-4
205
168
100
14
-121
-147
-174
-14
81
123
231
89
54
-168
-293
-106
-43
196
213
67
113
-23
-203
-187
-5
382
623
138
-143
49
-491
-492
290
322
414
243
-275
-202
-297
-109
56
-115
91
126
-126
-395
-229
-363
-247
331
-3
-60
210
18
-217
-58
115
207
158
51
119
-357
24
360
-98
155
78
-180
-487
-389
-162
-325
331
90
-325
256
-306
-420
-6
-288
38
19
-94
258
33
-6
194
-9
-239
-100
-118
-165
199
143
182
325
-14
-90
-192
-346
-24
454
427
354
449
-69
62
308
-172
426
312
-216
629
-45
-266
754
-159
-189
438
-201
-119
-143
-538
-108
51
-155
101
37
-277
-327
-304
-86
39
7
215
451
-38
-186
475
-35
-233
392
-109
-21
334
93
198
41
-161
-69
-151
-434
136
209
-375
532
178
-596
77
-426
-538
42
-155
-137
119
99
-200
-255
-397
-169
124
-351
242
280
37
292
-65
135
96
-441
-488
235
-20
118
603
149
-549
32
-525
-541
187
4
536
-140
149
82
-557
124
-144
157
39
90
475
162
-7
289
353
-49
137
-24
140
-23
139
716
254
128
139
-163
-436
14
-312
215
615
-432
71
-269
-315
-70
2
-33
43
420
-447
54
587
99
-334
195
127
-96
217
397
254
-205
-95
175
-247
-87
97
-22
137
-235
-259
113
-291
-311
-71
55
63
-65
-108
-496
-422
-336
-270
600
129
-109
517
-345
-508
-93
228
248
-56
377
68
2
-90
-561
-189
172
-8
192
737
28
70
-82
-626
-174
-677
194
672
-14
393
-172
-441
82
-553
-212
599
-18
492
488
193
-47
-312
-232
-410
-29
217
299
175
221
106
41
130
-494
-155
-126
76
616
238
409
370
-699
-911
-70
30
-33
440
398
233
304
-488
-13
-48
-432
440
347
566
554
182
150
-561
-597
-326
-116
99
2
107
193
-288
-200
-346
-949
-192
-457
-257
650
62
253
62
-864
-566
-367
-372
887
340
99
253
-335
64
-258
154
143
-449
277
457
468
620
244
-169
-488
-741
180
149
243
895
-84
235
-74
-616
239
-464
-110
827
31
416
126
-331
6
-539
-260
290
196
382
43
32
27
76
206
-499
69
234
-481
268
568
171
3
-171
-194
-420
-383
478
131
-171
472
-58
92
40
-216
382
-271
-318
289
9
41
175
-31
-62
-424
-443
376
-164
-415
409
-284
-197
320
-451
-307
-318
-388
128
-147
-182
-75
-230
-204
-359
-139
277
62
-19
152
-101
-47
35
-82
264
174
194
286
-205
323
160
-381
539
183
152
501
-200
163
-178
-270
502
184
262
394
-18
78
-40
-255
-92
-322
415
431
-9
244
-749
115
64
-735
723
-71
-163
600
-411
-87
-33
-424
142
-199
277
643
-467
66
224
-95
-134
-68
305
-379
122
295
-99
-24
-392
-329
403
-232
-260
485
-334
51
240
-275
-137
-232
107
115
59
-45
186
98
-329
-82
127
-64
-232
503
-132
-494
421
-432
-249
181
-445
242
-283
-249
563
-513
454
385
-263
565
-435
117
604
-54
274
422
20
-291
-63
-380
-247
106
398
35
-417
183
-143
-531
-225
4
125
267
-4
552
-96
-346
249
-413
64
50
449
267
-69
570
-15
-277
117
63
-22
140
184
449
61
-84
114
-488
75
71
-275
422
-238
-133
81
-234
-14
-52
-365
-81
150
-340
252
141
-385
147
-339
-309
296
-288
-288
298
-56
-108
-23
-284
-246
69
-11
-70
196
-50
182
105
-573
126
-85
-342
826
-236
316
363
-641
-61
244
-143
276
499
106
388
-31
-121
-229
4
-141
-5
486
22
-24
89
-229
94
-87
-459
410
415
-296
455
210
-424
233
-24
-45
339
-11
59
121
78
0
-363
282
197
-321
316
41
109
169
7
-146
329
15
29
-116
-330
123
-525
84
415
-63
207
-75
-285
240
75
-282
294
-74
240
-98
-393
0
-525
-371
-272
32
-182
50
-170
-275
-306
-392
-110
-70
158
36
7
-118
-547
23
63
-91
393
299
-175
106
169
-214
34
481
116
64
634
82
173
-135
-395
140
182
160
214
270
-164
-279
-134
-77
118
105
312
362
-58
-126
-7
-349
9
60
24
478
-27
-142
-132
-256
-335
47
296
107
746
83
-128
333
-346
80
270
-50
470
154
-390
6
-160
-337
-131
237
83
-368
349
79
-441
26
234
-120
-270
241
-186
-217
121
60
-114
-230
78
-484
-270
-93
-275
170
-175
57
-12
-242
-165
-370
155
38
-403
132
8
-393
115
-145
58
428
-121
91
-9
30
225
270
208
179
185
-561
16
431
-191
309
315
-265
274
-96
-218
601
-59
166
669
-59
-102
470
-243
-118
-158
-503
329
100
288
77
-253
-138
-338
311
31
478
363
-487
15
30
-455
211
5
99
727
-370
147
481
-447
-46
-106
-164
302
-21
-282
243
-403
-88
184
-526
301
-199
-170
-125
-471
367
-119
-236
-143
88
66
-466
26
154
-203
-22
-62
-138
-12
-178
76
54
-102
-128
-91
-95
-103
211
28
-343
158
19
-47
185
-414
-84
13
-204
201
-134
290
-10
-45
344
-175
260
469
-414
410
600
-269
414
31
-145
400
-19
-66
317
73
-173
368
585
-51
136
21
-315
-79
-4
249
246
82
-113
-105
14
-503
-104
210
-107
215
-121
-71
234
-419
-321
147
2
56
204
-77
100
-144
-690
192
-9
-419
406
-143
-127
129
-298
293
118
-82
310
63
-85
-107
38
13
-534
31
107
-637
417
-83
-486
542
-296
-28
211
-402
157
128
-235
36
-138
-188
-112
-467
238
-20
-296
439
-127
-54
-76
146
319
-142
217
239
-34
70
187
50
291
-38
142
183
131
-164
543
241
-111
190
174
147
2
-138
108
315
-423
71
14
-134
-12
-300
-203
301
27
-595
302
-290
305
305
-585
914
-300
-412
396
-369
66
99
-122
-42
-361
87
-53
-97
84
146
-147
47
53
-287
264
-288
-383
288
-316
58
-15
-270
297
-391
-445
-127
-15
228
-222
275
249
-444
-175
-305
-47
330
-146
168
458
-480
-188
457
-286
-72
132
-70
442
-352
46
751
-366
282
233
-86
254
196
-273
62
263
-542
352
109
-247
662
-332
-134
435
-319
178
80
82
-12
-171
146
-225
204
-104
-297
301
-192
116
426
36
-102
310
-189
-29
300
-13
207
86
-26
91
-192
-420
401
105
-438
374
-163
-256
226
-339
-117
78
-292
200
-107
-122
21
-402
-258
-111
98
-26
-274
388
-412
-568
215
-467
3
226
-260
205
171
-471
150
10
-149
193
-69
330
229
-92
336
-140
-224
489
-254
144
226
-220
281
13
-10
-60
-81
192
-30
26
220
124
-8
-113
-194
274
72
4
372
-190
57
78
-148
237
-1
177
-48
-62
318
-207
183
133
14
259
-419
30
180
-141
41
-132
90
-125
-258
2
-249
19
92
-56
182
-100
-46
263
-164
-64
289
-193
28
226
-213
247
57
-442
121
82
-229
13
-82
-93
-22
-412
-89
89
-218
-141
-89
-208
-87
23
-141
256
-259
49
287
-292
100
154
64
68
-150
151
408
-130
116
160
-287
150
-43
88
266
-319
128
240
-697
235
215
-292
489
92
-130
97
24
257
66
141
271
-2
177
86
-145
149
-84
57
119
-207
178
56
45
58
-210
24
-23
-417
41
378
-395
-79
-224
-405
174
-422
103
105
-345
337
-237
-276
337
-147
76
274
-183
323
85
-322
208
134
-34
-21
-24
-62
92
-163
-161
254
-169
-75
-59
-149
145
-20
-168
-85
45
-141
-60
-7
-76
141
-152
-262
67
102
-27
95
28
-148
323
-22
-208
491
-168
15
431
-276
242
150
-496
155
231
-206
284
49
-211
118
-165
141
-8
-94
292
-82
-38
82
-14
42
-27
-14
334
46
-116
87
-14
10
-231
184
7
-85
138
-207
223
-355
-119
174
-356
363
-9
-234
201
-287
-306
76
-14
147
-49
-139
193
-155
-51
-43
64
79
-174
240
-79
-25
42
-349
354
251
-385
180
185
-410
26
192
-49
133
-338
44
364
-672
226
130
-465
367
8
-115
173
-46
-194
501
-314
37
238
-113
180
11
156
-153
159
-122
-282
340
-84
-145
169
-127
-116
3
-193
199
-125
-80
-130
169
-45
-146
239
-245
71
157
-303
292
54
-234
92
-51
-78
314
57
-176
305
-263
29
504
-686
28
495
-367
258
-98
-192
175
-162
2
-170
219
-276
98
302
-148
-28
12
-94
91
-207
337
358
-128
2
99
-158
-169
121
-11
277
224
-379
407
50
-422
399
-113
-150
375
-186
-52
143
-202
124
-98
-186
233
-180
-40
-12
-173
-25
-227
282
82
-359
271
-215
-299
337
-140
130
101
-309
219
-161
-148
116
-274
79
166
-198
88
250
-248
9
-4
-183
283
-315
-1
379
-379
120
94
-234
152
-97
10
98
-161
157
144
-149
-17
-87
-181
190
28
-66
315
-177
-102
248
-136
105
-3
8
205
-95
330
61
-192
269
-192
-34
250
-38
329
12
-151
352
-217
-174
294
-90
2
76
-56
108
-71
-125
121
-123
-52
210
-142
17
11
-261
108
-188
-221
271
-86
-88
90
-118
-154
-8
-16
-221
116
166
-202
-58
-38
-188
132
119
-207
113
20
-152
50
10
-53
34
9
-172
309
-80
-405
274
14
71
20
-79
175
-216
-29
149
-86
98
130
-168
20
147
-140
-122
156
80
-26
250
-195
-76
198
50
-200
253
269
-144
192
-140
89
264
-84
151
-91
19
332
-242
-36
359
-247
74
7
-186
304
-46
-207
292
117
-413
228
-108
-12
280
-280
107
-90
-44
-210
94
-23
-165
133
-360
54
75
-313
41
34
-172
-35
116
-158
-53
-43
-129
56
-144
11
110
-218
104
77
-197
-47
-170
39
122
-73
129
1
-18
-39
-19
38
67
145
-45
154
58
-93
-3
107
-26
148
-14
21
52
-75
120
64
-155
74
10
17
109
13
-1
36
-78
111
150
-9
240
-242
-122
438
-162
12
218
-110
33
90
38
35
-2
14
6
60
126
-15
104
4
-152
105
-1
-38
50
17
-7
-68
-146
44
-99
-279
229
-186
-238
116
-206
94
-223
-115
224
-422
28
140
-173
94
-149
-32
34
-112
-31
-103
31
-51
-112
131
-62
-170
93
-236
-34
382
-296
46
132
-328
397
22
-118
324
-255
119
141
-175
332
-86
-58
146
-88
279
31
-62
114
56
3
-49
223
70
-54
92
205
-147
-146
213
-236
243
148
-383
278
-80
-165
217
-104
6
13
22
142
-58
101
18
-33
251
-30
-33
187
30
-74
-20
168
-73
-111
186
-185
35
77
-365
236
-65
-407
312
-111
-240
238
-231
-258
104
-117
-124
-8
-124
-74
-39
-99
-74
-62
-135
-40
114
-114
-22
163
-264
27
142
-236
392
-165
-193
637
-479
69
409
-526
391
242
-374
267
-8
-329
354
-64
-108
340
-310
2
266
-191
9
324
-259
-24
383
-222
216
43
-117
181
14
7
53
283
-243
49
138
-322
345
-61
-208
221
-124
64
147
-121
108
98
-176
93
81
-128
251
-44
-199
238
-133
-107
126
-83
-46
14
48
-61
21
115
-257
-25
101
-122
107
73
-118
-34
-17
-96
96
-194
56
32
-127
-75
-8
112
-180
-15
-6
-201
29
55
-50
130
-133
-130
271
-241
82
71
-221
126
-90
54
-47
-28
180
-39
-142
66
-78
3
233
-64
224
-117
-69
223
-100
60
199
-206
199
133
-257
201
-63
185
51
-184
517
-295
-35
214
-291
429
-36
-144
274
-302
69
122
-284
235
-39
-147
162
-167
62
-33
-145
0
-124
211
-68
-2
299
-307
-10
-41
-67
351
-335
176
296
-512
305
37
-422
388
16
-139
200
-166
-7
106
-176
-59
133
-126
-249
279
-12
-353
81
-70
-139
230
-174
-185
351
-429
97
371
-691
279
12
-251
531
-313
-97
204
-351
195
237
-187
262
22
-244
199
50
-84
47
169
88
-81
87
-75
-55
214
-146
66
311
-229
43
86
-283
271
7
-306
341
-78
-190
250
-151
106
116
-367
157
65
-199
336
-116
-164
316
-412
-27
360
-396
154
252
-269
56
44
36
46
-18
142
-71
100
42
-334
274
68
-296
133
-9
31
-40
-152
84
-141
-129
221
-210
-72
348
-372
47
184
-334
148
19
46
93
-82
155
-9
-192
129
186
-119
-66
-33
70
66
-102
66
-126
-86
26
-97
221
-49
-39
103
-232
141
57
-74
19
133
-10
-22
153
-287
235
80
-183
146
1
-149
160
4
59
222
-202
86
-50
-41
257
-116
70
17
-117
123
15
66
46
-282
365
12
-320
370
-323
78
208
-269
164
-171
-90
10
-47
119
14
-91
-50
-171
-95
47
220
23
-279
248
-174
-46
95
-156
174
157
-105
-52
125
-262
70
56
-273
355
-189
-218
250
-163
-191
217
-204
-2
168
-145
-54
156
-193
-93
287
-157
257
-87
-228
402
-193
-20
370
-205
-16
47
-97
45
216
-37
-163
262
-194
-74
310
-325
167
175
-151
301
-73
-153
72
-4
65
208
-93
-58
292
-268
-22
306
-197
-10
124
-138
112
141
-293
148
-60
-111
396
-233
-26
269
-222
-93
192
-114
89
-64
12
-138
-102
245
-290
75
-7
-239
82
-45
-60
-54
-25
-164
-25
-6
-107
22
51
20
44
-263
76
-33
-146
255
-8
15
-62
-30
108
-202
203
73
-103
139
-216
97
209
-337
333
170
-485
300
-108
-69
309
-258
244
-51
-196
207
-143
137
137
-172
121
-36
-66
240
-163
35
2
-192
263
-29
61
79
-96
10
-74
17
48
99
102
21
-104
53
-154
96
226
-294
385
-51
-280
377
-239
155
120
-416
276
26
-290
293
84
-396
403
-127
-307
266
-69
-152
199
-64
-105
83
-237
-62
218
-197
-59
136
-274
29
130
-389
177
39
-302
301
-129
-138
154
-239
94
127
-81
94
-62
-77
-5
43
62
23
155
-71
37
54
-307
221
103
-136
341
-64
-237
63
0
25
149
108
-62
12
-35
-96
97
-11
48
100
-36
40
-86
-14
79
-29
104
45
-8
-72
-39
81
-125
137
103
-171
166
-84
-86
151
-179
103
138
-177
80
23
-41
-1
-84
89
-12
-57
-20
-33
-27
-29
119
-142
57
187
-235
-15
148
-107
-63
176
-98
-52
27
-94
134
-150
46
123
-131
31
29
-24
-28
-19
-18
146
-206
73
92
-116
192
-21
-191
178
-118
-77
244
-130
140
-55
-12
28
-199
350
-154
-25
192
-190
138
-5
-133
134
-14
-11
104
-219
292
-12
-186
322
-232
-23
165
15
-87
166
-6
-70
91
-162
1
104
1
-29
-58
82
36
-188
34
58
-177
157
-53
-50
-91
-39
220
-288
101
-15
-214
187
-66
4
50
-81
-110
13
-95
47
134
-155
94
-68
-119
63
-31
117
-17
-36
52
28
-19
-141
158
0
-112
154
-21
-5
-17
9
17
-3
-11
60
15
-80
275
-191
-65
249
-255
178
1
-81
254
-233
23
149
-115
130
1
46
85
-173
67
61
-39
39
-10
83
-28
-52
-20
6
85
15
-124
53
157
-177
135
-117
-46
172
-206
161
121
-199
19
123
-131
-46
95
-85
158
-8
-280
105
1
-127
210
-80
-52
101
-116
-1
-23
27
11
-36
-57
6
18
-150
11
12
-55
5
85
-153
-62
80
-42
118
-31
-60
-30
88
-161
153
108
-294
292
-24
-136
133
-2
63
78
-87
57
20
-17
84
-85
190
-61
-135
149
-113
135
31
-98
119
-41
-142
122
66
-63
67
-173
46
86
-106
159
-32
-109
75
-95
-73
177
-97
-56
97
-119
-26
-36
-10
115
66
-47
-46
-54
12
-58
2
197
-106
-30
38
-23
54
-9
-87
130
-50
-67
165
-191
28
128
-225
114
42
-127
11
-7
47
-19
-80
62
-5
-10
-9
-37
127
-138
77
70
-147
105
29
-91
107
-17
-45
139
-122
54
114
-83
80
57
-108
-6
110
-5
-49
110
-77
46
41
-146
166
-25
-97
156
-24
-4
38
-89
30
29
-60
38
-12
-30
3
-39
-51
59
58
-117
-47
40
39
7
-110
-3
58
-95
-43
54
-2
-118
154
-15
-114
52
-51
38
72
-106
-55
145
-111
21
44
-103
112
-87
23
4
-49
106
-83
-27
130
-91
-21
53
17
-3
-61
54
54
-98
61
-10
8
55
-87
26
93
-27
-2
-33
9
27
-34
71
38
-32
10
-35
-14
14
35
19
22
11
-17
-63
-16
122
-79
-8
120
-84
-28
82
-48
-22
-35
67
-23
-83
99
-20
-43
51
-37
3
23
-62
37
33
-68
12
-58
50
-4
-77
121
-114
-69
167
-52
-83
180
-98
-96
126
-4
-34
-68
84
28
-98
13
55
58
-114
5
138
-155
54
169
-167
83
53
-108
76
-34
-3
110
-84
8
113
-96
-36
114
-37
14
49
-50
42
0
-70
60
14
-54
47
25
-100
61
126
-178
30
54
4
6
-106
146
-31
-148
147
8
-50
26
11
-44
110
-74
-147
168
-86
-19
67
-90
48
-75
15
52
-97
65
-69
-40
101
-151
-2
96
-68
28
-113
-18
192
-193
-29
177
-138
-42
9
57
-15
-106
118
-51
-45
60
-90
127
-4
-87
124
-60
-1
58
-35
64
56
-100
94
-31
1
91
-48
17
49
20
-24
30
-26
56
50
-112
68
69
-2
-6
28
-57
34
11
-120
101
-52
16
64
-53
49
-107
-7
44
-36
42
39
-38
33
-50
-106
132
-13
-57
-39
31
49
-115
70
42
-99
-10
17
-11
95
-43
-9
55
-80
16
63
-62
11
68
45
-87
19
28
26
8
-74
47
36
-57
7
10
33
-8
74
-32
-51
140
-154
-9
219
-179
9
61
-106
128
-114
-84
233
-123
-76
166
-158
72
95
-169
66
-4
-91
115
-85
-67
149
-115
-12
90
-101
12
47
-36
10
11
-75
50
49
-92
-18
51
-6
-46
23
-102
68
83
-174
69
56
-65
-65
0
47
-65
19
19
-25
68
-99
19
119
-99
21
28
-39
6
22
-52
51
4
-46
105
-115
35
77
-79
148
-34
-50
54
-8
50
-18
18
43
-34
-15
-23
103
28
-59
101
-53
6
18
-6
71
-54
99
-23
-45
27
-6
31
14
77
-108
-6
33
-31
43
-4
14
-28
-36
-13
7
58
-59
36
45
-99
-8
17
24
-41
-21
23
-55
35
-20
-21
25
-33
14
-26
28
30
-39
34
-64
7
40
-104
89
53
-122
33
24
-67
13
-5
21
78
-86
-67
115
-24
-78
110
-31
-60
75
-52
23
63
-58
-20
-2
-22
20
33
-36
46
-16
-89
99
19
-121
73
56
-105
109
-42
-58
65
-84
61
49
-95
65
-25
-18
53
-81
67
7
-46
10
6
7
-74
121
-59
-15
108
-151
59
91
-111
37
-6
-9
39
-50
24
40
-32
5
7
-5
17
-9
-7
33
-11
-30
11
9
-13
2
12
17
30
-72
10
94
-98
20
65
-105
41
36
-65
45
23
-97
33
84
-106
25
70
-67
28
-22
16
19
-89
79
14
-69
41
2
-1
11
-3
-12
1
8
-9
17
0
4
-19
2
21
-29
59
-20
1
91
-91
39
33
-85
50
-20
48
16
-56
53
-38
-8
-12
36
68
-84
-8
41
-39
-43
71
-16
-50
82
-106
26
78
-140
113
14
-105
85
-87
22
93
-163
54
65
-136
66
45
-95
97
-34
-124
177
-133
-7
137
-121
27
21
12
-39
-4
41
-38
43
0
-1
-23
-40
42
24
-32
-30
56
-15
-121
126
-35
-52
129
-102
8
34
-90
91
-29
-27
112
-107
-43
127
-95
-24
101
-55
43
-2
-65
71
-14
-1
5
21
14
-50
69
-45
4
87
-101
89
33
-90
59
-36
40
-6
-28
18
21
-4
-37
44
-11
4
38
-54
2
34
-46
22
26
-22
30
-38
4
4
-29
26
7
-16
-31
40
-18
-9
14
12
30
-29
26
-19
2
51
-16
4
14
-26
18
5
-12
6
17
-14
5
-4
-15
3
2
-18
10
22
-22
19
-24
-13
31
-29
32
-41
-17
31
-63
88
-58
11
49
-85
49
-24
-29
81
-66
30
25
-59
48
-13
-34
18
-14
16
27
-2
-11
-5
3
-12
5
14
-13
1
2
-4
-10
-9
-12
23
11
-33
34
-20
-18
-4
-27
47
-39
-3
39
-35
-18
5
18
-29
27
23
-48
44
-13
-20
43
-38
6
8
-16
39
-20
-12
17
-12
-12
-11
22
15
-15
-6
11
-21
-8
14
-20
26
-30
3
61
-46
18
-15
-17
34
-23
36
12
11
-3
-28
39
-28
6
19
-24
59
-33
-6
25
-78
51
-6
-10
65
-68
25
14
-40
40
-15
12
21
-13
19
12
-30
7
26
-29
23
22
-19
9
-22
18
18
-12
9
-17
12
-12
10
24
-36
4
-16
3
34
-25
-12
24
-10
-8
-6
-4
34
-34
4
59
-53
-32
40
-26
-4
61
-51
-19
29
-36
20
0
-17
-1
-9
-12
-3
9
-27
7
15
-29
5
-21
0
24
-38
9
17
-4
-15
-8
18
27
-36
36
-37
-4
50
-53
40
-10
-14
-15
4
22
-31
19
20
-40
31
-12
-25
41
-32
18
23
-43
46
-4
-28
30
-7
-4
22
-33
0
53
-29
-3
11
-28
13
-3
16
-3
-26
23
-11
1
3
-15
15
-15
12
8
-14
23
-23
2
28
-8
13
-20
4
19
-19
13
16
-12
-34
14
22
-19
11
3
-10
21
-30
-6
37
-21
-27
34
25
-32
9
5
18
-10
-16
20
-23
29
-5
-21
57
-37
-31
23
-5
2
0
5
4
-21
-6
6
-3
-7
-5
19
24
-27
-19
35
-22
1
28
-13
9
8
-6
-1
5
-7
-11
26
-2
-5
17
0
-11
-18
28
-2
-24
47
-32
13
33
-51
25
-4
-27
31
8
2
6
-8
6
-13
2
2
0
-6
2
26
-2
-7
-24
2
11
-25
20
10
-1
-23
-15
15
-2
-4
10
-5
14
4
-23
5
-7
-8
9
17
8
-24
17
-13
3
21
-31
22
8
-16
8
-8
4
-21
-4
20
-27
23
5
-26
34
-19
-18
-2
18
-2
-33
42
5
-32
22
-7
-11
-15
14
23
-5
6
-19
-9
9
2
5
19
18
-11
2
13
-23
-3
-8
26
30
-29
6
5
-23
11
-3
-1
42
-8
0
47
-48
-10
26
-16
35
-5
2
17
-49
-4
1
-6
13
2
21
-6
-14
-10
-11
4
-22
27
5
-28
25
-25
13
-9
-36
54
-12
1
13
-12
19
-45
-5
16
-11
29
-19
3
31
-39
-9
10
-21
17
7
-10
29
-27
-22
38
-24
5
35
-23
3
12
-13
-12
14
16
-17
14
16
-10
-6
-2
11
-1
6
10
0
-8
-13
14
2
-15
12
-8
-17
27
2
-18
10
-7
2
14
7
-3
-4
14
-15
-6
13
-6
6
0
-4
14
-12
-12
1
-5
14
-13
-1
23
-23
6
25
-16
-13
12
-9
1
33
-12
0
3
-22
14
-5
-9
17
-7
-7
20
-6
-31
14
18
-15
2
20
19
-39
-25
52
-42
-19
42
-25
25
-17
-27
22
-15
10
-21
12
16
-30
20
-24
-1
20
-27
27
20
-6
2
8
9
-11
-3
-11
12
6
-7
33
-6
-16
-5
-4
19
-21
17
39
-17
2
5
-19
-13
5
10
29
16
-29
4
-9
-30
0
12
20
-16
7
23
-40
-9
4
-5
11
7
14
3
9
-10
-26
-6
1
5
5
37
-4
-33
9
-29
1
10
10
54
-23
-5
8
-24
1
-20
32
16
-20
28
-11
-12
-8
-4
19
1
18
-5
4
3
-31
18
4
-13
17
10
-3
-8
1
-12
-12
17
-3
-6
14
-16
2
6
-21
14
-14
-12
24
-12
20
3
-14
19
-19
0
-3
1
2
-14
25
-22
-1
3
-26
26
-18
0
24
-28
7
8
-9
21
-3
-2
20
-7
-15
9
10
-23
-5
22
1
-21
-9
19
-9
-21
13
24
-8
-34
13
5
-17
-10
-6
42
-8
-47
25
25
-33
-25
33
9
-13
8
-14
15
2
-30
11
9
5
-11
7
22
-20
7
-10
-11
15
-13
22
-3
-5
11
-22
2
6
2
9
23
-10
-12
27
-16
-7
14
-1
5
8
12
-3
-10
2
-10
-5
18
4
-1
9
2
-22
-1
19
-25
5
33
-7
-6
10
4
-31
-3
27
-11
8
16
-4
11
-7
-14
7
-4
-1
12
5
12
-6
-15
3
-12
2
10
1
14
-15
-1
15
-19
4
16
-6
-6
12
14
-10
-4
-2
-11
12
-3
-8
22
-3
-11
12
0
-6
-10
-1
8
-1
6
6
0
-4
-4
9
-16
-8
16
-3
13
4
-4
12
-26
-11
11
-7
14
-7
8
34
-28
-3
0
-23
2
-4
35
16
-14
-9
-16
-4
5
-19
23
30
-17
13
-6
-5
-26
-40
46
21
-7
22
-7
-7
-17
-20
3
17
0
6
26
15
-33
-26
-1
-12
-10
37
31
8
-9
-33
-5
-9
-29
34
11
12
21
-7
-16
-13
-14
-11
6
43
3
-12
14
-18
-27
5
-7
-7
17
24
16
-3
-11
-16
-25
-6
9
25
19
-8
2
-6
-18
-9
-6
14
8
3
23
-2
-21
-13
-10
-3
11
6
6
23
-1
-8
3
-11
-11
-8
14
27
-2
0
6
-16
-26
0
24
-5
4
22
-4
-4
-16
-11
9
-12
6
28
6
-7
-9
-6
-6
-11
-5
23
-3
-14
36
-13
-27
10
-12
-3
8
15
4
-14
-6
-9
3
-4
-11
21
2
-10
12
-12
-18
5
-5
-2
12
-2
-5
6
12
-3
-9
4
-13
-5
8
0
6
2
2
4
2
4
-10
-7
14
4
-2
9
8
-4
-21
0
17
-5
15
18
-10
3
-1
-14
6
-2
-4
14
13
0
-4
3
-10
-9
-2
-6
16
12
1
-2
-7
-11
-13
2
1
8
11
3
14
-7
-12
7
-7
-6
1
11
14
2
-6
-11
1
-13
-6
29
11
10
3
-11
2
-13
-13
2
26
12
-21
16
-3
-31
-5
1
17
17
3
0
-4
-21
-31
-5
13
3
17
22
13
-5
-39
-18
-8
3
20
14
35
1
-26
-13
-20
-7
0
17
26
16
0
-30
-18
-13
-18
14
31
26
11
-14
-18
-11
-17
-10
19
21
5
10
10
-17
-30
-9
5
6
10
21
16
-12
-14
-11
-7
-1
-6
24
34
-3
-11
0
-7
-27
-1
28
12
7
-7
-8
1
-20
-8
22
12
-5
9
14
-16
-16
2
-4
4
13
4
11
12
-19
-16
9
-5
-14
14
26
0
-8
-7
-11
-13
-10
17
24
9
0
-9
-5
-7
-16
2
12
-1
4
16
4
-11
-9
-6
3
3
11
27
6
-17
-5
-2
-14
-11
11
13
10
2
-10
-4
-12
-13
8
12
4
-5
1
1
-7
4
-4
2
8
-11
4
5
-4
-3
-2
15
-4
-13
18
-2
-15
14
4
-1
11
-5
-8
2
-4
3
8
6
-1
-2
7
-14
-8
8
-12
15
14
-5
5
-20
-8
13
-2
4
10
-4
-15
-6
5
-1
0
4
8
-5
-11
-1
-4
-3
11
10
1
-7
-12
-8
1
6
9
18
4
-16
-19
-9
-4
-5
14
23
7
-6
-6
-11
-20
-3
20
24
18
5
-11
-24
-20
-14
5
30
12
7
13
-13
-22
-15
-1
9
20
26
5
-1
-10
-25
1
14
17
15
8
5
-11
-11
-4
-7
8
18
19
2
-8
-15
-25
-4
11
15
22
2
-8
-15
-22
-7
6
11
18
22
6
-7
-16
-26
-8
14
18
21
18
-4
-19
-17
-19
-9
11
7
10
15
-7
-17
-14
-18
-7
14
12
6
4
-6
-12
-11
-2
7
2
5
6
1
-7
-11
0
4
1
7
1
-6
-8
-9
1
11
6
3
2
-1
-12
-10
6
7
2
4
2
-7
-10
-9
-3
12
8
6
13
-1
-13
-9
-8
-3
1
9
14
6
1
-8
-10
-7
-8
9
13
5
10
-4
-14
-2
-7
-6
11
7
7
7
-4
-9
-7
-10
2
11
3
6
4
-5
-5
-6
-1
0
9
10
1
1
-12
-15
-5
3
10
17
9
-6
-8
-17
-10
7
6
11
16
4
-7
-14
-21
-13
4
19
23
13
1
-15
-24
-11
-6
8
23
11
9
1
-16
-21
-20
2
11
14
18
4
-5
-16
-18
-5
8
11
10
9
-3
-10
-13
-15
-1
3
9
9
2
0
-13
-11
-7
-4
14
9
3
2
-9
-6
-8
-6
0
3
9
0
2
2
-9
-11
-6
1
6
2
1
3
4
-4
-8
-1
-1
-1
4
9
11
5
-3
-2
-5
-5
0
4
7
3
1
0
-7
-10
-7
2
10
4
2
2
-7
-11
-8
-3
5
1
2
7
-4
-8
-9
-5
2
0
3
6
3
-9
-15
-5
-3
-6
2
0
1
2
-6
-2
-1
-4
0
6
9
1
-3
-1
0
-2
-3
0
0
1
4
4
2
-4
-5
0
-1
-1
5
1
-4
1
3
0
-3
-3
1
2
0
2
1
-2
0
-1
-4
0
-2
0
7
5
-3
-1
-6
-10
0
5
3
7
6
-2
-3
-2
-6
-3
1
1
7
6
-1
-2
-5
-8
0
4
6
8
5
-1
-6
-9
-7
-1
4
7
8
4
-3
-5
-3
-6
-1
6
2
1
3
-3
-3
0
-2
0
2
0
1
2
-1
-4
0
1
-3
-3
1
3
4
4
3
2
-7
-10
0
3
2
3
4
3
-2
-4
-3
-2
-4
0
10
10
-1
-3
-4
-10
-6
5
7
7
7
0
-4
-9
-12
-5
2
5
6
3
-5
-11
-10
-4
0
6
7
2
-1
-4
-9
-8
-3
-4
2
6
1
-4
-4
-9
-5
3
2
4
6
1
-1
-2
-4
0
3
7
6
4
1
-4
-2
2
3
6
6
0
-2
-3
-7
-1
5
4
6
4
-5
-5
-2
-5
2
10
4
4
3
-5
-2
1
-1
3
6
2
3
1
-7
-5
-5
-5
0
1
-1
-2
-3
-5
-2
0
1
4
3
-1
0
-2
-3
1
3
3
4
-1
-4
-3
-3
2
4
2
1
-3
-6
-6
-5
-3
4
7
5
7
-2
-4
-1
-2
3
4
2
4
0
0
2
1
4
4
3
5
2
-1
0
-4
2
4
2
9
2
1
2
-6
1
-3
-3
2
-4
1
-3
-5
-1
-4
-1
-1
-2
-2
-1
1
1
4
1
5
3
0
3
-1
1
1
-3
0
-5
-3
-1
-2
2
-2
-1
-1
-1
0
-3
-2
-2
0
3
2
3
0
0
0
-2
-1
0
2
4
3
3
1
-2
-3
-2
-1
0
1
0
-1
0
-1
1
0
2
1
1
0
-1
-1
-2
-3
-3
-2
-1
-1
1
1
-3
-1
-3
-1
2
3
5
1
-1
-2
-3
0
1
3
7
9
6
-2
-7
-8
-5
-1
4
7
8
5
0
-3
-5
-4
1
6
10
9
3
-2
-5
-5
-3
3
6
8
6
3
-1
-5
-7
-5
-1
3
5
5
0
-4
-7
-5
-2
3
8
9
6
1
-4
-6
-6
-4
2
7
8
2
-3
-6
-7
-6
-2
4
6
6
3
-1
-6
-10
-6
-1
4
4
4
1
-3
-7
-9
-5
3
8
9
6
0
-4
-5
-3
2
6
10
8
4
-3
-8
-10
-8
-2
2
5
7
3
-2
-8
-8
-4
0
4
9
10
5
-5
-9
-6
-2
3
5
9
9
4
0
-4
-6
-6
-1
6
6
0
-1
-3
-3
-4
-6
0
8
6
5
1
-2
-1
-3
-4
-3
0
3
7
3
-2
0
3
-1
-1
2
4
4
4
-1
-2
0
-2
1
6
3
-1
5
2
-1
0
-6
-2
6
5
4
2
2
-4
-6
-5
-3
5
6
-1
2
7
0
1
8
2
-1
1
4
5
1
-5
-1
1
-2
-2
3
2
-3
2
2
-1
1
1
-1
2
-1
2
3
-2
-1
0
-1
0
0
-3
-5
-6
-6
-5
0
-1
-3
0
-3
-5
-2
-4
-3
2
3
-2
-2
-5
-7
0
-6
2
6
2
3
-3
-1
-2
-6
0
3
5
2
1
-1
-1
-2
0
2
0
2
2
4
2
-5
-4
2
5
4
5
4
1
-1
-5
-3
1
5
2
0
-1
1
0
0
-1
0
1
0
0
1
-3
-1
-1
-1
1
1
2
4
2
0
1
-2
-1
-1
1
3
-2
2
4
-2
0
1
2
5
4
5
2
-2
-3
-2
-1
-2
0
5
6
1
1
-1
-3
-1
-1
5
2
0
-2
-5
1
-3
-3
-1
0
6
0
0
0
1
4
2
5
5
6
4
1
-4
-4
-2
2
1
-4
-3
-5
-2
-5
-4
1
1
2
-1
-1
4
1
0
3
2
2
4
0
-1
2
-1
0
2
-1
-1
0
0
2
0
-2
-3
-3
-1
0
1
1
-1
-3
-3
-2
-1
0
1
1
2
0
0
-1
-2
-2
-1
1
4
1
-1
-3
-4
-3
-4
-3
1
3
-2
-2
-2
-6
-4
-2
1
0
0
-1
-2
-4
-3
0
4
3
4
5
1
-1
3
3
-2
1
5
4
3
2
-1
-4
1
6
4
1
0
0
-1
-2
-4
-2
4
5
2
1
4
0
-3
1
3
0
2
9
7
0
-3
-2
-3
-3
0
5
6
1
-2
1
-2
-6
-7
1
4
1
-1
0
-1
-4
-7
-4
2
3
4
2
0
-3
-4
-3
-1
4
5
6
4
1
-1
-3
-2
-1
3
5
5
2
-1
-3
-3
-1
0
0
4
7
5
0
-2
-2
-4
1
3
4
8
-1
-7
-1
-3
-2
2
2
4
6
5
-1
0
-1
-2
5
5
4
3
0
0
0
0
0
-1
-1
-1
-1
-1
-3
-4
-4
-4
-2
-2
1
0
-1
-2
-2
-2
-4
-1
1
1
2
-1
-4
-1
-5
-6
1
-1
0
0
-3
-5
-4
-4
0
0
0
0
-1
-1
-2
-2
2
-7
-4
4
-1
0
2
-4
-7
-2
1
0
0
1
2
4
7
8
7
4
0
1
3
2
-1
0
0
2
0
-1
-1
2
7
6
3
4
3
-2
-3
2
4
1
3
6
3
-2
-1
-1
1
3
2
3
6
3
1
-2
-5
-2
1
0
-1
-3
-5
-2
-2
0
1
0
1
1
2
0
-2
-2
-2
-1
0
-1
-1
-2
-3
-6
-5
-4
-3
-1
2
3
1
0
-1
-4
-2
1
3
1
1
2
0
-3
-2
-2
-1
1
4
5
4
3
1
0
-1
-2
-1
3
6
2
0
-1
3
5
4
2
3
4
4
0
-3
-2
-2
-3
1
2
1
-3
-7
-4
-2
0
0
