4
6
5
3
3
4
3
2
2
4
2
0
-1
1
2
0
-1
1
2
2
1
0
0
-3
0
-1
0
0
-4
0
-4
-2
-1
-3
3
-1
1
-1
-3
-1
-2
1
2
0
0
-1
0
1
1
0
1
1
1
2
2
2
2
1
1
1
-1
-1
-1
-1
1
2
1
-1
-2
-2
-2
-2
0
1
1
1
-1
-2
-4
-5
-4
-4
-1
0
0
-1
-1
-1
1
2
2
0
0
2
0
-2
-1
0
1
-1
-1
0
0
-2
-1
3
4
3
2
2
1
1
1
3
4
2
3
1
1
0
1
2
2
-1
-4
-5
-4
-3
-4
-3
-1
0
-1
-2
-4
-4
-4
-1
-2
-4
-4
-4
-2
0
1
2
-1
1
2
3
3
0
0
2
2
1
1
2
3
5
3
2
4
4
0
-2
1
1
-3
-3
-1
-2
-3
0
0
-1
0
1
1
1
1
0
1
1
0
0
0
0
-1
-1
-1
-1
-1
0
-2
-3
-3
-3
-3
-1
0
0
-1
-1
-2
-2
-1
-2
-2
-2
-2
-3
-1
0
1
-2
-2
-1
0
-2
-1
1
1
0
0
1
2
-1
0
2
3
2
1
4
6
4
3
0
1
0
0
3
1
3
2
1
2
1
2
2
1
1
0
-1
-2
-3
-3
-2
-2
-1
-1
1
2
-1
0
0
1
1
1
2
3
3
3
3
3
3
3
2
2
1
1
0
0
0
-1
-1
-1
-1
-3
-2
-1
0
0
-1
-1
-1
0
1
1
0
-1
-2
-1
-1
2
2
2
2
3
1
0
1
1
1
1
1
1
1
0
0
2
0
0
-1
-1
0
0
-1
0
0
2
1
2
2
-2
-4
2
1
0
3
3
2
3
3
3
5
5
2
-1
0
-1
0
1
2
1
0
1
0
0
-2
-1
1
4
3
0
-1
-1
-2
-2
-2
-2
-3
-4
-5
-4
-4
-4
-1
-1
0
0
0
0
1
1
2
3
1
0
1
0
0
-2
0
-1
2
2
1
-1
-1
3
0
2
2
-2
2
-2
2
2
3
3
-1
5
1
-2
-1
-2
2
6
-1
-2
0
-1
-3
-3
-1
0
0
1
2
1
-2
-2
1
1
0
-1
-1
-1
0
0
0
1
2
-2
0
5
2
-3
0
3
0
-5
-3
-2
-4
-3
-1
0
1
-1
-3
-2
0
2
2
1
2
2
1
1
1
2
1
0
-1
-1
-2
-3
-3
-2
-3
-3
-3
-3
-3
0
1
-1
3
1
1
2
-3
-5
0
-2
-3
0
-4
-1
3
0
-1
2
0
2
1
-3
-2
1
-1
0
0
0
2
1
0
0
1
3
5
5
4
3
1
2
4
4
5
4
3
2
2
1
0
-1
-1
0
1
2
1
0
-1
3
3
2
0
-1
0
-1
0
2
1
3
3
-1
0
4
1
-1
4
6
1
0
4
4
0
-1
0
2
2
1
0
1
0
-1
1
2
1
0
0
0
1
1
0
0
1
1
1
0
0
0
1
-1
-3
-3
-2
-2
-4
-4
-3
-1
-2
-1
-1
1
1
1
1
0
-2
-3
-3
-3
-4
-5
-3
-1
0
-1
0
1
1
1
1
0
0
-2
0
-1
-2
-2
-2
-3
-3
-3
-3
-1
1
2
-1
1
3
1
-1
1
3
-1
2
4
0
-1
1
0
-3
-2
-1
-1
0
0
-1
0
0
2
4
4
2
3
3
0
1
2
1
0
1
3
-1
-2
0
1
2
2
1
0
0
0
-1
0
0
0
0
1
1
0
0
3
2
0
0
1
3
2
0
-1
0
1
-1
0
1
-1
1
-1
-1
0
1
-4
-6
-1
0
-3
1
4
1
-3
-3
-5
-5
-3
1
0
0
-2
-1
-1
0
0
1
1
1
0
2
0
1
-1
2
1
0
4
4
1
0
0
2
1
-2
-4
-3
-2
0
2
2
2
1
1
1
0
1
2
0
1
0
-1
-1
0
0
0
0
1
0
2
1
0
-1
1
2
4
6
4
2
0
0
-1
2
2
1
3
2
-1
-1
-3
-1
1
-1
-1
0
1
1
2
0
-1
-1
-2
-1
0
-1
-4
-2
1
0
-4
-2
1
1
-2
2
3
1
1
4
3
1
1
2
2
1
0
0
1
0
-1
-1
-1
-2
-1
-1
0
0
0
2
2
3
3
1
1
0
-1
3
3
4
4
0
-1
3
0
1
-1
0
4
3
3
3
-1
2
2
-2
-1
-2
-3
-1
-1
-1
2
-1
0
4
3
1
0
3
0
-1
-2
0
-1
-1
1
3
4
2
-2
-1
0
0
-2
1
2
1
-2
-1
-1
-2
-2
0
0
-2
-3
0
0
-1
-1
0
3
4
1
-1
-1
-1
-2
0
3
2
1
2
2
0
1
1
0
0
-1
3
0
2
1
0
2
0
3
2
3
3
2
3
1
1
2
0
-2
2
0
-1
0
-3
-3
-4
1
1
1
5
4
5
3
3
3
2
3
3
3
-1
0
0
1
-2
-3
1
0
-2
0
-2
-4
0
-3
-3
0
-3
-2
1
-3
-5
-3
-1
0
2
0
0
1
1
0
0
0
0
0
1
1
0
-1
0
0
0
-1
0
0
1
1
0
0
-1
0
-1
0
1
0
0
2
3
2
2
0
-1
-1
1
1
0
0
0
-1
0
4
5
4
2
2
2
1
-1
-1
0
1
0
-2
-2
-1
-1
0
-1
-1
2
4
3
4
4
3
1
2
3
0
0
1
-1
-3
0
3
1
-3
1
3
1
4
4
3
5
3
-1
0
0
-1
-2
-2
-2
-3
-1
-1
-1
1
2
1
-1
-2
-3
-5
-4
-3
-4
-2
-3
-2
-2
-3
-2
-2
-3
-3
-4
-3
-3
0
0
0
0
2
1
-1
-1
-2
-1
0
1
2
3
3
5
5
3
5
1
1
2
-3
3
0
3
7
4
7
0
1
2
0
0
-1
2
-1
-1
1
1
-3
-6
-1
3
5
-2
-4
0
1
-1
-2
0
1
0
-1
0
1
2
0
0
3
1
0
1
0
0
0
1
0
0
0
-1
0
4
0
-2
0
2
-1
-6
0
2
-2
1
1
0
-2
1
1
-2
0
1
0
1
1
0
2
3
1
2
3
2
3
2
0
0
1
3
2
2
0
0
2
4
3
4
3
2
2
0
0
-1
0
1
2
2
5
4
2
0
-1
2
2
3
0
-1
1
0
-2
2
-1
-4
0
-1
-3
-1
-5
-4
2
-1
-2
0
-2
-1
0
1
1
0
-3
-1
-1
0
0
1
0
0
0
0
-1
0
0
1
1
1
1
1
2
2
4
3
2
3
3
3
4
5
3
4
1
0
2
4
4
2
1
2
2
1
-2
0
0
2
1
2
1
-1
1
2
0
1
4
4
1
0
-1
-1
-2
-2
-1
-1
0
-1
-4
-3
-2
-4
0
1
-2
0
0
-1
0
-1
-2
-3
1
3
-1
-1
3
1
-3
-1
3
2
0
0
-2
-2
1
2
-1
-2
-2
-3
-4
-3
-3
-1
-2
-4
-4
-3
0
-2
0
-1
-3
-3
-3
0
1
-2
-1
1
1
0
-2
-2
1
1
2
2
2
1
0
-1
0
1
2
3
4
2
1
1
0
1
2
3
1
-2
-1
1
1
1
1
4
4
3
2
2
3
4
4
4
3
2
3
1
2
1
0
4
2
1
5
0
-2
1
-1
0
2
-1
-1
1
-1
1
2
1
0
0
0
-2
-1
1
0
2
1
0
2
0
0
-1
-2
0
-2
0
-1
-2
-1
-5
-5
0
1
-3
0
-4
-2
3
-1
-1
2
-1
-1
0
0
0
0
1
1
-2
0
-3
-4
0
-4
-3
0
-3
-1
1
-2
-1
3
5
5
4
2
4
2
1
-2
-1
1
0
0
2
0
0
3
5
3
2
0
-1
-1
-1
-1
1
3
3
2
1
0
1
-1
1
2
0
0
-1
0
3
3
0
2
5
2
-2
1
2
-1
2
5
1
-1
1
-2
-4
-4
-2
0
0
-1
0
-1
-2
-2
0
0
-1
-2
-1
-2
-4
1
0
-2
0
1
3
3
4
2
3
4
4
3
3
3
3
4
4
2
0
0
2
1
1
2
6
6
4
3
5
4
2
0
2
2
2
0
0
-2
-3
-4
-5
0
1
-4
-4
0
1
-3
-2
1
-2
-3
0
0
-3
-4
-2
-1
1
1
0
1
-1
-1
-1
0
0
-1
-1
1
1
0
0
-1
0
1
-1
-1
0
1
0
-1
-1
1
1
-1
-2
1
4
3
-1
-1
0
0
1
-1
1
2
2
1
1
2
3
3
4
5
4
3
0
-2
-3
-3
-3
-2
0
0
-1
0
-1
-1
5
3
2
5
2
1
2
2
-1
5
4
-1
2
-4
1
3
0
3
0
2
-1
-2
0
0
2
1
0
0
2
0
-1
0
1
1
0
-1
0
0
-2
0
0
0
-3
-4
-2
0
-2
-1
1
2
1
-1
1
1
1
2
3
1
-2
-2
1
1
-2
-2
1
2
1
0
0
1
1
1
1
2
3
3
3
4
1
3
2
1
2
1
1
1
0
1
2
-1
-2
-1
-2
-2
-1
-1
1
1
0
1
-1
-2
-4
-5
3
0
-4
-2
-2
-3
1
-4
-3
2
-1
-1
2
1
0
-4
-2
-4
-7
-3
-5
-4
2
-1
1
4
1
0
1
-1
0
1
1
2
2
3
1
2
4
4
0
2
3
-1
-2
2
2
-1
2
3
0
-1
1
-1
0
0
3
3
4
4
3
3
2
2
1
0
0
-1
-1
-1
-1
1
3
0
-3
-2
-1
1
0
-1
2
3
1
-3
-4
-2
1
2
2
1
1
0
-1
-1
-1
1
1
3
2
-1
-1
-1
-3
-2
-1
-1
-1
0
0
-1
-3
-3
-4
-1
-1
2
0
1
0
-1
1
1
-1
4
3
3
5
0
-2
1
0
1
1
-5
-2
6
2
-2
-1
-2
-4
2
0
-6
2
5
0
0
-1
-3
2
1
2
2
-3
-2
5
1
0
0
4
5
2
2
-1
4
2
1
4
-2
0
3
-4
0
3
-1
2
2
-2
2
-1
-3
5
3
0
4
3
0
-2
2
2
-2
2
3
-4
-3
-5
-8
-6
-6
-6
-3
-6
-6
-4
-5
-4
-3
-3
-2
-2
-1
0
0
1
2
3
5
4
5
8
7
8
7
11
9
6
10
6
7
5
4
6
-3
-5
-2
-1
-4
-4
-7
-5
0
-4
-6
-4
-6
-5
-3
-6
-5
-4
-4
-3
-4
-3
-5
-3
-1
0
1
1
2
3
2
3
3
2
3
3
2
4
3
3
5
3
3
3
4
4
2
4
2
0
1
0
-3
2
-1
-4
2
-1
-4
-2
-7
-9
-2
-1
-1
1
-2
-3
0
3
4
3
3
7
3
2
6
4
5
8
0
0
4
0
0
6
-1
0
2
-6
-5
-1
-8
-5
0
-5
-2
-2
-6
2
4
-5
-4
-1
-3
1
3
-1
3
4
0
-4
-3
-3
-5
-3
-2
-4
1
2
0
2
1
2
4
3
2
0
0
0
0
4
3
1
7
4
3
7
1
2
3
-5
-5
-5
-9
-11
-9
-13
-11
-5
-9
-9
-3
-2
-3
0
-1
5
7
3
5
6
6
5
4
3
5
6
5
3
6
7
-1
0
1
-4
-2
0
1
0
-4
-1
-5
-10
-9
-11
-6
-7
-6
1
0
-2
4
-1
0
3
0
8
11
9
16
16
19
19
16
15
14
12
9
6
4
-1
-2
-1
-2
-4
-2
1
-2
-2
1
4
-5
-2
-4
-10
-10
-10
-3
-6
1
-1
-4
-1
-12
-14
-11
-7
-6
-5
-3
-6
4
-8
-10
15
-17
24
12
-11
0
35
-11
-28
51
-32
-12
47
-35
-1
27
-41
42
8
-79
89
11
-136
134
24
-159
137
58
-175
141
64
-160
173
-11
-49
108
-29
28
4
48
-71
18
5
-151
26
-155
-197
-75
-163
-310
-179
-169
-288
-112
-202
-233
-360
-235
-64
-442
174
550
40
266
188
160
777
797
648
998
822
227
695
617
-199
272
427
-351
-97
67
-512
3
-98
-658
-313
-393
-633
-367
-267
-905
-445
-486
-1212
-627
-1083
-896
-22
-240
-414
-486
193
344
148
702
355
431
1133
680
583
872
551
808
899
202
476
895
623
468
269
501
300
37
301
-481
-184
18
-1018
-168
-514
-1461
-499
-779
-982
-556
-1038
-539
-75
-752
-362
41
-433
-363
-92
-178
-468
-207
-108
-302
84
250
741
1025
736
1112
999
1044
1553
727
707
1542
734
333
722
-9
-405
-25
-446
-515
-246
-773
-290
-142
-922
-814
-616
-417
-545
-417
29
-265
-713
-596
-441
-950
-663
-254
-252
-179
-559
-171
-76
-694
-267
119
123
760
914
768
865
745
658
706
1415
964
589
1700
858
516
1016
-94
-63
350
-129
73
81
-630
-768
-815
-1402
-1202
-628
-1093
-1054
-457
-932
-1173
-846
-878
-817
-339
-186
-115
253
-49
148
398
307
1332
1245
612
1018
758
443
748
779
682
701
794
573
-137
-29
243
-410
-392
-21
-486
-581
-172
-501
-1051
-1097
-700
-209
-132
-267
-205
-19
-228
-432
-223
-108
-4
73
290
508
230
250
120
263
703
355
694
422
-128
176
-63
-178
-186
-238
-322
234
-27
-722
-127
-453
-510
-308
-74
452
-23
280
429
-256
-480
-348
242
525
714
620
210
80
-331
-187
71
161
268
173
496
100
-196
-10
-310
-279
-40
515
143
-601
-208
-411
-249
-30
-538
-280
-107
-129
-366
-418
-6
-363
-427
238
464
6
-236
291
499
209
60
344
418
410
415
-139
328
439
-92
306
286
92
166
556
177
-589
-143
-6
-446
-529
-84
140
-184
-336
-459
-470
-638
-489
367
615
409
-4
-21
124
-247
-290
-170
348
220
-153
471
242
-559
-364
127
155
640
664
-101
-55
63
-252
-172
96
-311
-216
468
-38
-617
-204
224
-55
-211
425
582
277
233
98
-80
-408
-471
0
237
-36
-189
110
-32
-441
-334
-87
-150
-370
-44
516
228
-228
-27
-169
-403
47
350
381
447
387
264
120
-179
-356
-106
301
321
393
607
-236
-701
-291
-231
15
-62
14
520
193
-462
-523
-265
-487
-356
330
135
-105
164
-47
-176
-23
-305
-129
482
270
362
539
-266
-303
102
-22
-19
-108
57
317
71
-275
-257
107
109
-79
5
324
393
-53
-93
18
30
164
99
219
-12
-455
-191
27
-186
-410
-88
279
65
-38
-217
-573
-410
110
284
348
339
7
-65
-277
-247
324
307
354
556
181
-50
-210
-652
-552
62
443
523
375
26
-184
-203
-427
-314
153
42
213
534
-47
-276
-229
-416
-167
37
222
308
208
229
-22
46
119
-239
-23
26
-220
-6
35
-71
-101
-238
-315
-241
-171
-267
-106
300
270
141
136
-87
-291
-359
-10
573
558
514
394
-163
-215
-117
-33
304
501
565
460
386
0
-627
-507
-78
54
168
242
97
-338
-709
-572
-475
-491
-87
149
86
113
-107
-412
-568
-482
-181
55
338
445
226
-20
-100
-186
8
449
624
854
739
365
-14
-398
-324
-255
167
670
453
402
327
-374
-670
-527
-688
-326
393
351
77
-50
-467
-831
-678
-220
200
416
555
535
130
-287
-465
-421
-2
396
539
601
332
-230
-482
-462
-391
-44
138
303
437
-152
-436
-280
-367
-210
204
581
564
270
-23
-299
-206
-119
-45
237
214
244
279
-64
-265
-334
-338
-59
274
286
244
279
84
12
-249
-308
109
155
157
218
259
-93
-389
-439
-560
-59
281
283
120
-135
-280
-448
-273
-112
-2
214
399
360
178
-125
-448
-183
-54
-64
268
359
210
-175
-193
47
-89
135
136
43
396
85
-282
-16
-30
-266
-11
266
192
-31
20
14
-469
-246
69
-36
169
110
171
195
-226
-192
5
-70
-78
191
298
87
68
-29
-72
28
-145
-210
218
450
149
-29
-307
-306
-75
-183
17
9
-125
187
158
-132
-85
-143
-186
245
326
128
210
-76
-446
-71
13
-321
106
382
13
-112
-133
-310
-79
244
63
105
269
282
201
-240
-264
-73
-208
59
270
61
130
178
31
-37
-137
-189
-242
-20
362
225
-47
-217
-403
-317
-238
-250
-79
45
124
31
-23
73
-285
-119
479
130
-148
164
294
129
-112
-9
303
134
-228
181
595
187
-168
-290
-56
284
104
-226
-357
-17
110
-125
-249
-297
16
61
-448
-634
-230
114
177
105
-198
-121
284
147
-287
-293
141
615
583
10
-236
54
297
245
-25
-63
372
688
398
-160
-166
387
411
-97
-85
349
515
199
-338
-241
212
74
-230
-135
-9
67
34
-494
-464
48
-42
-255
-299
21
133
-199
-243
47
229
-117
-275
114
365
71
-310
-71
377
381
-4
-218
-36
221
214
-57
-150
101
253
97
-93
-144
-38
26
-55
-130
-241
-166
155
50
-361
-348
-106
-43
-93
-112
-75
1
45
-92
-310
-210
124
144
-90
-129
87
157
-76
-362
-335
99
383
151
-289
-49
350
-74
-256
-140
-22
287
104
-80
89
164
117
-114
-192
-6
112
116
-15
-18
-52
-179
-114
-257
-227
-190
-223
63
70
31
-79
-151
-273
-307
75
125
169
48
30
302
160
-100
-51
279
196
121
232
141
314
293
-176
3
378
-67
-5
486
352
101
154
173
-39
58
99
189
368
150
261
352
-64
-348
-62
352
200
84
259
188
-25
-62
-4
-112
-75
18
29
15
-66
128
-112
-375
51
200
78
-72
-141
49
101
-243
-391
-60
31
-247
-588
-578
-137
23
-302
-474
-223
152
248
59
201
550
460
115
178
453
430
397
457
576
523
240
-85
-64
296
3
-266
-67
-152
-337
-743
-957
-669
-496
-676
-973
-770
-548
-740
-912
-708
-87
-255
-712
-247
215
173
-202
-329
156
403
-64
-193
451
833
792
599
412
609
640
19
-320
272
833
518
-6
65
438
322
-342
-527
174
384
-236
-300
245
874
745
-91
-143
91
-44
-211
-89
443
627
407
350
508
536
151
-17
419
493
411
486
409
630
506
39
-202
60
365
-193
-154
361
141
-261
-504
-209
34
-191
-160
94
118
-397
-828
-544
-283
-382
-563
-619
-347
-110
-225
-352
-185
-284
-543
-364
-235
-97
-111
-241
-235
-190
9
-219
-427
-367
-179
-385
-1109
-919
-314
-179
-683
-1017
-538
-322
-856
-1456
-1001
-519
-916
-1143
-1120
-791
-300
-686
-1258
-728
-181
-609
-992
-536
306
276
-471
-280
684
1028
280
12
805
1141
754
544
1314
1809
1380
947
1066
1715
1283
732
1399
1911
1879
1441
1172
1491
1801
1581
1091
1304
1721
1335
808
784
1227
1363
754
518
978
1114
531
133
434
802
771
339
381
790
612
85
-106
235
304
243
156
-107
223
394
-84
-601
-625
13
280
-320
-559
-22
-103
-1149
-1785
-1229
-555
-1094
-1903
-1721
-1542
-2291
-3257
-3612
-3274
-2919
-3154
-3299
-3167
-3488
-3980
-4250
-3923
-3373
-3173
-2868
-2446
-2106
-2155
-2036
-1576
-1540
-1105
-194
388
692
912
1037
807
846
1212
1461
1870
2116
2298
2221
1813
1815
1943
1900
1731
1802
2100
2059
1825
1671
1539
1383
1367
1533
1768
1962
1979
1704
1438
1634
1911
1889
1798
1895
2109
2195
2046
1759
1592
1815
2033
1570
1299
1938
2232
1579
1175
1430
1556
1479
1084
904
1119
1012
915
623
492
700
259
-309
-137
290
107
-377
-542
-390
-364
-884
-1196
-1081
-1178
-1635
-2023
-1784
-1809
-2610
-3314
-3541
-3608
-4038
-4190
-3802
-3565
-4016
-5057
-5250
-4947
-5062
-4854
-4447
-4020
-3789
-3750
-3557
-3499
-3193
-2762
-2362
-1579
-833
-266
148
319
182
331
1187
1655
1877
2416
2634
2580
2399
2306
2432
2291
2193
2283
2494
2554
2076
1870
1817
1556
1451
1377
1707
2156
1936
1459
1328
1482
1682
1810
1818
2073
2449
2363
2184
2277
2473
2528
2473
2575
2791
2973
2767
2386
2260
2473
2546
2176
2233
2314
2092
1734
1276
1351
1337
1053
1001
1005
899
662
394
109
-161
-299
-262
-244
-361
-572
-868
-1193
-1563
-1807
-1807
-1846
-2210
-2689
-3096
-3609
-4268
-4817
-4881
-4549
-4329
-4644
-5302
-5816
-6035
-6197
-6166
-5573
-4991
-4653
-4664
-4738
-4277
-3993
-3813
-3277
-2495
-1718
-1044
-295
-84
36
497
809
1441
2127
2591
2879
2885
2968
2771
2538
2624
2735
2705
2511
2647
2763
2407
1889
1469
1261
1207
1389
1692
1837
1728
1412
1034
950
1293
1671
1803
1842
2173
2565
2477
2196
2180
2438
2764
2842
2930
3307
3403
3033
2655
2457
2625
2955
2889
2614
2421
2138
1779
1599
1460
1193
940
686
603
680
737
395
-398
-681
-442
-281
-445
-842
-956
-1216
-1700
-2004
-2204
-2013
-2213
-2938
-3254
-3563
-4169
-4690
-4688
-4402
-4325
-4449
-4749
-5244
-5735
-6110
-5956
-5113
-4843
-4718
-4239
-4028
-3877
-4056
-3796
-2993
-2240
-1515
-1239
-499
398
456
392
641
1518
2344
2617
2922
3286
3472
3096
2738
2739
2973
3212
2730
2347
2550
2572
2007
1338
1371
1525
1291
1295
1528
1532
1376
1026
746
1033
1460
1625
1518
1507
1947
2082
1902
1975
2323
2710
2534
2490
2907
3044
2777
2230
2240
2634
2505
2285
2177
2165
1986
1452
1322
1392
1215
793
264
334
511
233
-239
-415
-66
-198
-684
-857
-824
-858
-1419
-1838
-1695
-1379
-1453
-2307
-2821
-2986
-3706
-4507
-4781
-4197
-3694
-4117
-4778
-5393
-5795
-6085
-6359
-5842
-5011
-4843
-4878
-4771
-4434
-4314
-4530
-3888
-2816
-2082
-1515
-1066
-474
-30
92
323
1071
2112
2912
3270
3218
3242
3337
3170
3226
3793
4101
3714
3281
3173
2907
2193
1565
1557
2013
2284
1977
1492
1254
1051
607
335
698
1427
1810
1641
1456
1536
1604
1476
1577
2195
2942
3142
2839
2701
2759
2817
2529
2466
3057
3498
3440
2783
2366
2352
2090
1768
1554
1758
1887
1432
814
496
506
360
87
145
429
267
-266
-578
-915
-1354
-1616
-1594
-1352
-1358
-1796
-2404
-2858
-3590
-4459
-4779
-4709
-4256
-4203
-4639
-5087
-5962
-6762
-7065
-6575
-5639
-5272
-5266
-5248
-5126
-5070
-5090
-4620
-3753
-2745
-1926
-1399
-603
-222
-288
86
685
1634
2568
3170
3428
3191
3269
3396
3212
3479
4017
4019
3582
3084
2727
2513
2042
1545
1419
1706
1772
1444
1200
851
576
146
-33
603
1160
1247
886
884
1343
1290
1152
1491
2330
2855
2593
2539
2809
3086
3018
2646
2829
3320
3629
3360
2682
2416
2267
2052
1991
2270
2418
1862
1287
827
646
505
-7
79
547
579
55
-539
-671
-898
-1533
-1908
-1538
-1028
-1321
-2346
-3292
-3997
-4630
-5141
-5435
-4994
-4245
-4502
-5649
-6730
-7364
-7419
-6991
-6362
-5726
-5442
-5479
-5561
-5567
-5270
-4556
-3742
-2964
-1870
-925
-596
-405
36
449
1076
2206
3260
4235
4230
3576
3540
3813
4251
4240
4483
4804
4205
3510
2894
2794
2576
2095
2170
2024
2000
1637
891
857
616
269
184
543
1153
991
722
587
821
1312
1374
1841
2388
2901
2968
2331
2560
3149
3541
3419
3113
3571
3748
3442
2939
2701
2891
2785
2483
2353
2331
1854
1070
728
906
804
291
-15
13
71
-349
-1015
-1413
-1590
-1947
-2300
-2303
-2196
-2613
-3621
-4529
-5498
-5761
-5646
-5742
-5334
-5425
-6192
-7643
-8695
-8115
-7133
-6567
-6645
-6305
-5639
-5734
-6021
-6013
-4940
-3403
-2746
-2197
-1168
-109
188
-125
240
1688
3274
3958
4142
4328
4311
4108
4088
4583
5414
5667
4898
4084
3614
3447
3162
2768
2784
2470
2094
1627
1022
952
655
414
258
277
758
525
332
227
343
975
1051
1421
1746
2050
2373
2079
2367
2767
3213
3536
3352
3758
3995
3912
3639
3302
3455
3269
3261
3378
3140
2710
1871
1490
1430
1410
1367
996
703
287
-340
-958
-1216
-1217
-1677
-2171
-2563
-2948
-3185
-3945
-5143
-6170
-6631
-6358
-5966
-5931
-6425
-7445
-8657
-9217
-8556
-7403
-6711
-6926
-7142
-6800
-6516
-6221
-5720
-4563
-3261
-2516
-1886
-1212
-399
182
424
1101
2646
4298
5065
4810
4375
4552
4875
5102
5633
6487
6552
5505
4470
3881
4125
4178
3613
3711
3361
2636
1769
662
808
1029
1011
857
752
947
350
26
-187
245
1217
1200
1472
1670
1732
1890
1744
2238
3013
3523
3502
3313
3543
3525
3559
3542
3522
3876
3560
3223
2932
2392
2273
1949
1848
1774
1292
747
67
-126
-583
-1228
-1519
-1909
-1936
-2529
-3588
-4077
-4712
-5645
-6731
-7411
-7255
-6728
-6746
-7777
-8778
-9665
-10271
-9752
-8771
-7860
-7479
-7667
-7751
-7491
-6835
-6132
-4986
-3624
-2772
-2212
-1914
-1202
-348
318
1464
3024
4439
4920
4827
4659
4902
5485
5776
6447
7021
6783
5875
4803
4619
4972
5065
4609
4005
3892
3425
2480
1953
1913
1908
1328
733
920
1241
841
129
95
701
1334
1285
1111
1618
2055
2325
2248
2542
3400
3463
3187
3067
3837
4695
4413
4201
4072
3981
3776
3588
3913
3847
3484
2785
2156
2088
1725
1197
364
-217
-379
-1230
-1873
-2546
-3551
-4538
-5774
-6199
-6624
-7414
-8074
-8409
-8129
-8836
-9968
-10945
-10949
-9875
-9505
-9379
-9357
-8783
-8449
-8583
-7903
-6736
-4963
-3970
-3675
-3012
-2222
-1150
-363
531
1877
2986
3818
3991
4091
4704
5031
5576
5920
6267
6908
6435
5867
5305
5221
5776
5407
5099
4721
4245
3683
2680
2483
2348
2258
1993
1186
907
410
285
201
50
821
1093
1074
979
1178
1750
1747
1979
2412
3170
3657
3499
3601
3552
4048
4539
4755
5096
4778
4712
4358
4095
4119
3810
3990
3580
3014
2230
1285
1058
262
-455
-1207
-2087
-2733
-4237
-5815
-7300
-8145
-8336
-8553
-8469
-9320
-10463
-11707
-12734
-11982
-10806
-9901
-10010
-10444
-9960
-9549
-8785
-8271
-7218
-5088
-4059
-3648
-3311
-2234
-732
-27
936
2320
4040
4859
4456
4462
5076
6074
6529
6710
7215
7201
6672
5698
5528
6537
6591
5730
4793
4254
3966
3180
2712
2684
2882
2382
1099
742
750
810
645
346
736
840
412
-76
290
1167
1536
1891
2109
2473
2546
2235
2806
3729
4659
5121
5117
5154
4821
4680
4795
5316
5796
5451
4915
4198
3942
3435
2401
2223
1857
1321
201
-1389
-2264
-3447
-4698
-6122
-7024
-7176
-7863
-8848
-10412
-11383
-12164
-13052
-12390
-11592
-10906
-11250
-12491
-12373
-11524
-9967
-9029
-8277
-6552
-5779
-5170
-4652
-3588
-1613
-420
835
2096
3481
4295
3998
4362
5316
6969
7676
7387
7593
7363
7155
6325
6177
7044
6917
6268
4835
4134
4017
3427
3301
2834
2767
2190
979
644
408
725
411
175
636
383
106
-496
-35
1104
1673
2122
1893
1979
2017
2109
2973
3928
5042
5286
4812
4539
4317
4691
5129
5749
6363
5899
5304
4542
4107
3672
2879
2946
2796
2529
1144
-893
-1990
-3358
-4091
-5072
-6137
-6545
-7461
-8414
-10136
-11515
-12209
-12771
-12257
-11856
-11466
-12116
-13246
-13145
-12435
-10635
-9725
-8638
-7229
-6892
-6340
-6052
-4288
-2156
-622
692
1491
3085
3668
3807
4492
5713
7553
7957
7898
7991
8057
7878
7096
7824
8512
8131
7263
5441
5035
4856
4167
4233
3882
3460
2095
675
303
264
658
105
181
588
-220
-771
-1184
-306
1087
1297
1228
1351
1774
1772
1826
2617
3971
4999
4707
4462
4249
4301
4586
4652
5702
6103
5725
4884
3919
4155
3671
3449
3444
2804
2646
822
-965
-2001
-3020
-3607
-5001
-5661
-6536
-7390
-8640
-10649
-11371
-12108
-11942
-11784
-11733
-11860
-12914
-13065
-13168
-11888
-10448
-10105
-8970
-8426
-7614
-6790
-6159
-4325
-2816
-1284
-117
922
2139
2485
3379
4551
5871
7064
7475
7723
7908
8105
8150
8400
8884
9041
8481
7610
6816
6039
5404
5009
4951
4649
3684
2147
1036
825
838
466
-23
207
117
-557
-1185
-1192
-114
602
529
472
846
1298
1488
1935
2609
3583
4046
3818
4070
4297
4651
4925
5143
5832
5876
5408
4773
4585
4385
3884
3755
3176
2696
1588
-73
-926
-1891
-2791
-3960
-5207
-5879
-6574
-7364
-8860
-10159
-11115
-11783
-11521
-11472
-11455
-12138
-12968
-12899
-12352
-10891
-10080
-9571
-8741
-8258
-7354
-6552
-5172
-3470
-2400
-1485
-632
932
1952
2503
3433
4510
5909
6237
6434
6886
7425
7787
7381
7952
8470
8325
7644
6607
6674
6442
5705
5186
5162
5152
3611
2303
1823
2078
2366
1231
735
689
267
-442
-998
-66
969
1015
238
-65
619
967
1250
1701
2723
3685
3234
2871
3271
3826
4233
4252
4933
5535
5336
4601
3980
4427
4276
4120
3518
2867
2870
1241
21
-1068
-1820
-2730
-4572
-5293
-6001
-6375
-8041
-9938
-10729
-11546
-11296
-11523
-11418
-11484
-12459
-12729
-12790
-11438
-10045
-9654
-8968
-8682
-7807
-6914
-6037
-4165
-2775
-1595
-1042
-233
1275
1800
2693
3694
5179
6526
6329
6569
6740
7375
7947
7846
8613
8556
7721
6904
6369
6451
6438
5903
5218
5133
4575
3235
2339
2294
2487
2066
1204
999
1292
632
-314
-229
521
1161
1004
422
590
1095
1151
1417
2206
3131
3647
3303
3003
3540
4039
4093
4303
4691
4915
4599
3959
3948
4141
3765
3153
2540
2130
1836
895
-330
-1246
-2376
-3491
-4674
-5628
-5976
-6592
-7729
-9069
-10176
-11255
-11603
-11459
-11205
-11241
-12348
-12572
-12288
-11430
-10436
-10201
-9055
-8121
-7597
-7146
-6259
-4507
-3094
-1953
-1160
220
1710
2072
2595
3642
5358
6558
6384
6477
7013
7749
7933
7803
8310
8334
7588
6587
6177
6390
6167
5359
4615
4499
3977
2809
2216
2206
2371
1812
719
609
878
495
-53
0
644
1060
579
32
546
1330
1607
1818
2321
3000
3354
3206
3359
4055
4456
4532
4659
5024
5304
4948
4292
4220
4323
3954
3557
2917
2544
2003
681
-366
-1251
-2094
-3370
-4777
-5625
-6132
-6445
-7811
-9467
-10653
-11596
-11374
-11019
-10805
-11175
-12264
-12628
-12368
-10959
-10045
-9831
-8949
-8381
-7620
-7100
-6267
-4648
-3134
-1998
-1349
-22
1327
1981
2649
3652
5253
6277
6207
6329
6956
7657
8153
8334
8626
8576
7661
6920
6972
7139
6735
5748
4949
4749
4196
3008
2313
2412
2404
1678
770
464
435
-132
-567
-19
582
442
-215
-523
200
1161
1268
1407
2124
2451
2733
2674
2853
3820
4082
4112
4412
4930
5010
4293
4079
4259
4556
4296
3566
3319
2722
2158
1276
269
-235
-1429
-2736
-4159
-5110
-5602
-6356
-7084
-8318
-9386
-10795
-11653
-11049
-10465
-10504
-11676
-12397
-12051
-11240
-10237
-9905
-8878
-7749
-7539
-7333
-6714
-4787
-2974
-2197
-1670
-479
1150
1380
1758
3018
4689
6131
5786
5880
6695
7107
7438
7381
8130
8621
7835
6786
6404
6919
6625
5884
5236
5051
4938
3454
2666
2922
2894
2203
1066
995
1264
803
-44
-200
524
477
42
-248
51
727
530
700
1277
1744
2054
1998
2397
2994
3192
3155
3631
4543
4787
4312
3967
4211
4624
4183
3537
3424
3057
2681
1714
647
158
-771
-2001
-3591
-4567
-4934
-5478
-6396
-7863
-8988
-10281
-11040
-10660
-10190
-10065
-11307
-12306
-12054
-11162
-9902
-9775
-9181
-8059
-7561
-7119
-6808
-5137
-3154
-2100
-1684
-905
726
1195
1471
2661
4405
5696
5413
5335
6119
6713
6933
7138
7835
8315
7642
6611
6451
6837
6538
5761
5250
5108
4791
3499
2572
2956
3048
2198
1120
854
1286
669
-242
-78
499
474
-334
-530
3
585
570
339
955
1506
1920
1983
2070
2751
2736
2612
3071
4082
4585
3654
3248
3641
4157
4063
3365
3248
2915
2493
1696
894
620
-277
-1312
-2907
-4149
-4451
-4970
-5385
-6465
-7698
-9166
-10730
-10425
-9615
-9422
-10485
-11703
-11409
-10938
-10320
-10067
-9454
-8035
-7548
-7530
-7205
-5947
-4194
-3038
-2407
-1281
305
675
751
1865
3623
5227
5415
5350
6063
6804
6713
6792
7953
8413
8160
7007
6607
7344
6712
6034
5586
5607
5466
3990
2741
2624
2991
2403
1511
1069
979
759
-357
-546
514
842
142
-371
4
333
490
448
921
1732
1525
1673
1949
2370
2621
2329
2854
3503
4126
3853
3150
3220
3604
4013
3582
3365
3183
2396
1800
1141
1091
512
-775
-1691
-3186
-4225
-4741
-5237
-5499
-6129
-7612
-9794
-10458
-9684
-8885
-9220
-10798
-10857
-10462
-10456
-10042
-9868
-8472
-7264
-7384
-7367
-6657
-4936
-3630
-2826
-1942
-458
704
366
783
2422
4347
5252
4769
5085
6162
6502
6310
6808
7795
8127
7354
6212
6430
6657
6119
6028
5623
5432
4708
3077
2621
3014
2936
2055
1164
811
708
13
-804
-212
489
68
-563
-692
-254
42
24
375
1133
1450
1436
1549
1603
2218
2394
2515
3383
3834
3955
3301
2993
3379
3865
3984
3597
3663
2929
2087
1474
882
889
114
-1054
-2472
-3845
-4502
-4975
-5206
-5900
-6898
-8406
-9935
-9900
-9227
-8613
-9446
-10560
-10272
-9963
-9536
-9339
-8558
-7214
-6653
-6731
-6765
-5388
-3767
-2662
-1818
-1185
102
508
551
1722
3486
5052
5047
4920
5446
6070
6328
6407
7585
8182
7714
6706
6131
6642
6461
5992
5606
5377
4904
3553
2892
2682
2567
2139
1332
1189
745
176
-573
-758
-64
-118
-499
-1009
-706
-383
-709
-407
200
995
1068
1007
1475
1640
1875
2048
2788
3800
3871
3517
2987
3079
3721
4109
4472
4189
3733
3109
2097
1848
1890
1895
844
-979
-2271
-3498
-4167
-4809
-4989
-4926
-6144
-8112
-10157
-10189
-8664
-8123
-9083
-10381
-10261
-10172
-10210
-9763
-9124
-7185
-6722
-7690
-7181
-5953
-4246
-2839
-2015
-986
296
578
329
1768
3461
4895
5408
4636
5398
6016
5824
6718
7508
8095
7969
6802
6153
6270
6253
6202
6184
5221
4345
3730
2704
2534
2684
2465
2213
1181
55
9
-237
-546
-167
-294
-652
-875
-1323
-1239
-676
-119
429
425
309
787
1138
1386
2017
2605
3148
3550
3460
3362
3310
3349
4091
4683
4455
4142
3702
3142
2691
2275
2248
2142
928
-835
-2343
-3324
-3475
-3562
-4185
-5277
-6946
-8838
-9631
-8946
-8023
-8184
-9849
-10762
-10541
-10197
-9509
-9191
-8086
-6934
-7319
-7820
-7222
-5341
-3438
-2420
-1925
-1080
-266
-127
598
2351
4400
5399
4798
4586
5452
5979
6150
6881
7658
7916
7186
5721
5828
6331
6110
5899
5245
4787
4008
3026
2181
2290
2674
1863
1053
35
-292
-495
-1137
-812
-442
-542
-1211
-1677
-1411
-949
-601
-360
125
294
438
739
968
1658
2090
2386
2880
3362
3609
3115
3117
3696
4482
4757
4008
3782
3608
3131
2717
2482
2545
1943
303
-1332
-2116
-2515
-2901
-3517
-4181
-5108
-6931
-8947
-9394
-8124
-7363
-8221
-10051
-10525
-10062
-9939
-9493
-8801
-7175
-6630
-7574
-7928
-6705
-4378
-3029
-2332
-1947
-1055
-348
-412
837
2808
4542
4901
4086
4304
5291
5814
6118
7020
7711
7505
6587
5631
6135
6561
6149
5711
5178
4949
4026
2983
2261
2281
2511
1590
730
-114
-240
-431
-1010
-701
-532
-718
-1300
-1558
-1104
-519
-242
-145
142
271
602
1040
1375
1812
2322
2679
3152
3633
3745
3675
3638
4139
4542
4615
4342
4069
3966
3037
2569
2637
2465
1781
228
-946
-1760
-2443
-3044
-3595
-3763
-4616
-6545
-8475
-8839
-7720
-7205
-8196
-9715
-9979
-9717
-9673
-9297
-8790
-7528
-7166
-7881
-7679
-6397
-4638
-3496
-2874
-2218
-1104
-577
-337
977
2606
4027
4108
3723
4398
5250
5684
6012
6720
7281
7099
6124
5479
6077
6410
5976
5365
4844
4456
3411
2355
2109
2491
2439
1349
361
-127
-108
-411
-949
-780
-619
-1036
-1785
-1846
-1195
-771
-796
-645
-148
282
620
911
1542
2203
2540
2707
3322
3935
3874
3738
3696
4441
4994
4819
4517
4333
4329
3456
2815
2822
2852
2206
479
-882
-1799
-2251
-2797
-3513
-3681
-4599
-6458
-8534
-9098
-7700
-6975
-7838
-9634
-10241
-9893
-9745
-9158
-8633
-7393
-7073
-7898
-7743
-6526
-4542
-3434
-2943
-2127
-920
-244
-254
659
2416
4064
4120
3508
4150
5070
5368
5596
6271
7118
7036
5702
5215
6132
6357
5605
5004
4817
4621
3677
2371
2143
2564
2298
1312
306
128
246
-445
-1038
-728
-417
-818
-1492
-1385
-741
-686
-749
-287
246
572
682
922
1573
2055
2142
2442
3229
3981
4045
3621
3547
4154
4870
4983
4737
4583
4132
3346
2958
3132
3072
2136
670
-754
-1798
-2216
-2479
-2896
-3496
-5018
-7199
-8655
-8623
-7373
-6995
-8588
-10099
-10418
-10130
-9613
-9242
-8457
-7374
-7451
-8075
-7635
-6116
-4358
-3404
-3080
-2204
-1166
-833
-442
893
2784
3874
3524
3276
4140
4950
5265
5730
6500
6971
6195
5082
5269
6141
6352
5426
4355
4445
4431
3267
2330
2144
2249
1724
511
187
408
-218
-1100
-1196
-802
-501
-985
-1572
-970
-474
-557
-592
-238
564
764
502
957
1857
2051
2058
2502
3582
4541
4151
3668
3872
4526
5157
5264
5043
4725
4186
3168
2895
3446
3477
2577
615
-756
-1119
-1757
-2425
-3149
-3542
-4183
-6125
-8319
-8958
-7887
-7242
-7903
-9571
-10322
-10054
-10120
-9381
-8444
-7529
-7306
-8117
-8003
-6650
-4917
-3717
-3054
-2541
-1715
-1077
-843
366
2174
3399
3673
3358
3626
4571
5217
5649
6316
6614
6400
5829
5177
5602
6194
5856
5141
4382
3971
3532
2918
2237
1931
1738
1167
555
-285
-507
-463
-810
-1009
-1012
-929
-1040
-943
-930
-839
-261
95
425
499
683
1391
1703
1906
2184
2617
3395
3985
4126
3830
3813
4397
5195
5352
4820
4766
4431
3702
3471
3463
3441
2495
1022
-148
-1215
-1762
-2230
-2868
-3575
-4637
-6338
-8109
-8512
-7827
-7186
-7975
-9770
-10368
-10247
-9722
-8972
-8634
-7953
-7566
-7727
-7683
-6708
-5004
-3763
-3105
-2664
-1626
-948
-805
247
1998
3650
3761
3172
3578
4639
5362
5598
6193
6631
6469
5624
5011
6020
6679
5702
4454
4007
4296
3725
2423
1993
2317
2077
1003
280
310
283
-528
-1116
-730
-279
-675
-1525
-1228
-439
-402
-594
-327
591
932
695
1181
2016
2535
2583
2716
3725
4550
4286
3732
3946
4826
5225
5102
4900
4791
4387
3479
3237
3533
3386
2321
634
-628
-1535
-2033
-2388
-3163
-3802
-4805
-6753
-8592
-8740
-7399
-6868
-8255
-10293
-10694
-10054
-9433
-8761
-8593
-7768
-7432
-8200
-7987
-6619
-4644
-3439
-3406
-3096
-1999
-1414
-1158
287
2354
3666
3194
2333
3272
4753
5242
5433
5890
6296
5958
5015
4962
5913
6160
5243
4322
4192
4178
3390
2477
2194
2215
1697
770
222
242
210
-546
-933
-831
-666
-755
-1119
-624
-357
-420
-310
11
759
946
1126
1609
2046
2237
2212
2816
3926
4605
4353
3841
3951
4694
5268
5214
4963
4707
4228
3609
3363
3513
3275
2293
810
-660
-1578
-2028
-2416
-3017
-3787
-4972
-6798
-8506
-8607
-7459
-7182
-8282
-10002
-10443
-10027
-9791
-9093
-8595
-7786
-7623
-8189
-7716
-6464
-4836
-3524
-3036
-2697
-1731
-1356
-748
906
2368
3436
3055
2726
3585
4519
5211
5587
6040
6065
5603
5185
5357
6070
6092
5199
4121
3939
3994
3329
2831
2304
2102
1575
617
519
445
423
-126
-554
-523
-674
-691
-861
-333
-243
-460
-344
-174
680
1035
1246
1779
2102
2137
2188
2779
3959
4852
4343
3703
3905
4518
5296
5420
5078
4904
4213
3322
3161
3385
3446
2571
765
-601
-1379
-2134
-2822
-3417
-3583
-4306
-6410
-8501
-8963
-7937
-7285
-7974
-9503
-9991
-10119
-10223
-9281
-8505
-7516
-7533
-8259
-8102
-7097
-5453
-4145
-3298
-3183
-2300
-1652
-1285
261
1608
3010
3138
2791
3433
4191
4970
5432
6003
6174
5950
5598
5213
5717
5980
5774
5101
4222
4050
3514
3079
2489
2159
2071
1122
588
114
227
332
-238
-584
-819
-640
-613
-453
-414
-417
-120
-19
547
1010
1280
1801
2010
2119
2413
2889
3821
4541
4444
4015
3860
4424
5215
5411
5034
4763
4328
3421
3025
3169
3224
2475
890
-267
-1245
-2131
-2457
-2929
-3368
-4363
-6324
-8175
-8640
-7646
-7212
-7971
-9513
-10291
-10305
-10047
-8902
-8312
-7953
-7909
-8035
-7806
-7071
-5392
-3967
-3188
-3253
-2744
-1752
-969
408
1669
2975
3275
2872
3348
4181
5164
5683
5868
5881
5537
5262
5010
5520
6005
5580
4626
3800
4011
3811
3069
2375
2151
2050
1020
405
309
510
314
-518
-876
-703
-483
-655
-524
-388
-380
-303
-199
696
1449
1521
1687
1883
2153
2564
2871
3791
4680
4293
3607
3423
4064
5029
5159
5041
4952
4122
3153
2925
3289
3518
2612
716
-612
-1470
-2185
-2633
-3494
-3747
-4390
-6339
-8323
-9247
-8246
-7391
-7820
-9348
-10359
-10319
-10060
-8867
-8248
-7793
-7513
-7928
-7681
-6863
-5206
-3549
-2986
-3016
-2400
-1323
-644
447
1868
3075
3335
2808
3155
4155
5296
5824
5804
6114
5916
5627
5339
5540
6374
6026
4821
3934
3872
3779
3101
2581
2386
2044
1083
269
217
402
259
-206
-717
-903
-666
-442
-313
-259
-338
-393
-236
427
1175
1436
1757
2108
2063
2188
2807
3888
4857
4600
3858
3868
4275
4945
5400
5395
5108
4187
3126
2754
3122
3228
2728
1324
-310
-1310
-2285
-2663
-3169
-3644
-3956
-5652
-7680
-8967
-8778
-7547
-7319
-8634
-10163
-10721
-10229
-9094
-8466
-8205
-7622
-7500
-7850
-7558
-6069
-4018
-2979
-3181
-2892
-1800
-882
-85
1127
2682
3537
3212
2870
3499
4748
5709
5907
5747
5711
5566
5115
4997
5685
6146
5284
3934
3398
3437
3285
2950
2571
1988
1172
411
124
370
606
258
-548
-1059
-892
-392
-5
-5
-171
-108
54
438
1086
1524
1855
2169
2277
2446
2733
3385
4395
4745
4387
4039
4012
4599
5332
5546
5191
4266
3358
2983
3014
3276
2917
1474
-163
-1470
-2300
-2603
-3016
-3640
-4244
-5529
-7480
-8842
-8801
-7579
-6959
-8313
-10106
-10670
-10077
-8948
-8322
-8104
-7496
-7299
-7619
-7404
-6170
-4085
-2697
-2704
-2623
-1742
-810
4
1087
2780
3938
3439
2885
3371
4784
5736
5741
5904
5758
5451
4918
4842
5734
5958
5323
4026
3271
3413
3132
2840
2345
1801
1134
157
119
320
372
24
-763
-972
-933
-606
-233
-87
-138
-412
-322
286
991
1441
1857
2108
2244
2493
2731
3434
4471
4734
4326
4121
4166
4760
5387
5287
4845
4320
3547
2823
2879
3050
2821
1451
-439
-1371
-2176
-2619
-3076
-3656
-4208
-5721
-7471
-8895
-9030
-7707
-7123
-8497
-10321
-10845
-10189
-9064
-8472
-8147
-7489
-7431
-7628
-7317
-6181
-4098
-2635
-2645
-2686
-1688
-801
-47
1081
2551
3944
3359
2533
3233
4608
5849
5871
5712
5784
5522
5006
4708
5372
6045
5361
3863
3176
3300
3115
2483
2161
2142
1518
447
-39
354
750
348
-534
-967
-663
-226
-56
-23
-38
-135
-107
383
1113
1630
1977
2209
2278
2367
2697
3574
4579
4732
4199
3755
3872
4685
5350
5276
4892
4248
3341
2685
2678
3130
2958
1517
-217
-1503
-2434
-2805
-2924
-3417
-4181
-5570
-7667
-9138
-8949
-7490
-6949
-8661
-10399
-10699
-10213
-9103
-8295
-8018
-7533
-7583
-7933
-7444
-5933
-3660
-2432
-2795
-2591
-1601
-831
-1
1301
3094
4043
3212
2555
3452
4879
5904
6090
5732
5724
5500
4677
4723
5785
6189
5263
3873
3316
3394
3032
2633
2600
2133
1006
-85
-235
476
664
-178
-975
-968
-637
-561
-407
18
74
-320
-335
486
1414
1695
1776
2179
2580
2634
2695
3534
4826
5143
4307
3612
3958
4960
5384
4997
4671
4300
3409
2680
2737
2929
2454
1130
-582
-1965
-2709
-2871
-3067
-3602
-4492
-6182
-8443
-9421
-8445
-7158
-7280
-9326
-10760
-10846
-10209
-8674
-8102
-7737
-7264
-7681
-7942
-7304
-5405
-3338
-2641
-2883
-2394
-1517
-847
375
1961
3459
3710
2830
2836
3936
5203
6104
6146
5932
5909
5115
4458
5319
6262
5984
4810
3668
3500
3436
2782
2674
2696
2022
1047
89
252
1067
594
-416
-779
-542
-105
-294
-316
274
121
-309
-63
646
1631
2030
1772
1977
2415
2493
2707
3695
4982
5089
3920
3276
4232
5538
5630
4781
4153
3747
3029
2419
2324
2465
2027
536
-1540
-2815
-2861
-2907
-3257
-3982
-5044
-7195
-9358
-8991
-7419
-6771
-8145
-9991
-10660
-10465
-9325
-8487
-7884
-7006
-6842
-7532
-7742
-6155
-3775
-2611
-2726
-2306
-1477
-1252
-500
1260
3073
3922
3224
2565
3464
4737
5583
5894
5821
6014
5442
4420
4901
5820
5739
4885
3859
3702
3685
2837
2385
2462
2120
1229
105
-26
856
759
-383
-954
-779
-454
-409
-456
90
472
-65
-246
542
1580
2252
2201
2134
2553
2702
2718
3387
4641
5428
4635
3355
3570
4831
5583
5266
4299
3694
3540
3002
2392
2282
2122
1204
-754
-2672
-3004
-2651
-3123
-4064
-5215
-6909
-8686
-9126
-7848
-7047
-8164
-9851
-10609
-10030
-9083
-8840
-8458
-7361
-6767
-7278
-7636
-6277
-4006
-3049
-2983
-2053
-954
-882
-741
842
3114
3910
2950
2587
3703
4903
5281
5360
5920
6463
5658
4567
5230
6422
6206
4562
3682
4321
4365
3276
2234
2329
2242
1177
271
265
899
414
-716
-1130
-680
-254
-608
-623
-196
25
-177
-324
213
1120
1880
2164
2208
2307
2473
2740
3440
4468
4944
4525
3882
3901
4552
5225
5316
4587
3660
3304
3225
2759
2115
1814
1254
-588
-2456
-2844
-2578
-2836
-3961
-5406
-6827
-8078
-8481
-7779
-7410
-8438
-9812
-10557
-9732
-8534
-8720
-8727
-7780
-6793
-6843
-7401
-6207
-3984
-3106
-3215
-2533
-1176
-534
-520
476
2704
3600
2809
2737
3860
5419
5780
5103
5524
6237
5819
5107
5392
6228
5827
4234
3644
4591
4533
2977
1934
1905
2134
1115
-11
590
988
76
-1107
-1159
-100
84
-623
-532
140
196
-178
-58
824
1546
1569
1778
2405
2624
2399
2563
3485
4540
4679
3983
3815
4494
4959
4878
4695
4507
4003
3273
2866
2606
1931
1057
159
-1193
-2347
-2818
-2853
-3204
-4700
-6343
-7353
-7721
-7688
-7293
-7692
-9211
-10003
-9984
-8810
-8090
-8647
-8490
-7824
-7088
-6764
-6586
-5610
-3961
-3387
-3258
-2149
-1104
-162
171
1152
2866
3140
2806
3089
4262
5343
5437
5122
5475
5757
5178
5108
5674
5969
5003
3485
3677
4598
4087
2792
2040
2182
2041
642
39
1100
1393
-43
-1512
-1351
-279
-134
-646
-596
-162
-142
-490
-157
1084
1780
1431
1337
2114
2709
2519
2618
3631
4596
4395
3532
3508
4618
5281
4668
3940
3815
3963
3490
2760
2280
1678
906
-509
-1641
-2042
-2301
-2784
-4051
-5564
-6893
-7647
-7771
-7479
-7342
-8399
-9769
-10446
-9689
-8072
-8003
-8593
-8324
-7701
-7200
-6926
-5802
-4129
-3536
-3675
-2994
-1654
-636
-138
511
2125
2842
2253
2285
3496
5107
5417
4741
4811
5393
5118
4929
5666
6443
6163
4194
3251
4401
5038
4157
2842
2461
2516
1517
219
672
1732
1073
-710
-1630
-730
240
-199
-683
-437
-170
-411
-637
81
1300
1763
1375
1369
1786
2207
2550
3130
4110
4244
3799
3519
3947
4839
5038
4734
3980
3500
3428
3209
2893
2279
1622
379
-1275
-2125
-2006
-1715
-2802
-4906
-6645
-7356
-7138
-7047
-7158
-7947
-9066
-9858
-9884
-8572
-7739
-7742
-7981
-7922
-7324
-6884
-6168
-4714
-3331
-3325
-3384
-2508
-1233
-167
179
1344
2786
2768
2069
2293
4158
5770
5535
4860
4940
5158
5105
5246
5879
6451
5356
3530
3692
4673
4605
3422
2264
2377
2263
1000
405
1163
1367
144
-1161
-1136
-146
0
-440
-270
14
-150
-524
-288
834
1658
1651
1564
1738
2112
2439
2881
3794
4263
3765
3459
3938
4481
4551
4329
4160
3969
3580
3135
2697
2284
1808
654
-1048
-2078
-2090
-1917
-2507
-4218
-6132
-7186
-7322
-6897
-6709
-7427
-8596
-9587
-9928
-9004
-7802
-7712
-7952
-7796
-7475
-7055
-6463
-5137
-3553
-3267
-3380
-2687
-1803
-607
328
1135
2249
2468
2418
2808
3704
5049
5511
5251
5275
5327
5098
5101
5640
6073
5503
4021
3612
4350
4407
3830
2860
2283
2064
1337
987
1269
1378
633
-417
-709
-211
-41
-384
-401
-391
-400
-590
-458
413
1102
1474
1554
1572
1714
2002
2712
3473
3830
3687
3472
3557
3969
4422
4296
4055
3665
3179
3209
2909
2250
1657
1074
-34
-1652
-2403
-2071
-1958
-3291
-5186
-6537
-7178
-7199
-6873
-6734
-7618
-8916
-9867
-9434
-7906
-7411
-7859
-8032
-7483
-6984
-6870
-5912
-3931
-2929
-3365
-3114
-1954
-1001
-387
562
2146
2875
2114
1896
2968
4467
5521
5076
4698
5157
5113
5010
5285
6100
6169
4427
3336
4133
4849
4124
2992
2638
2631
1823
688
1057
1844
1217
-61
-857
-451
65
-183
-159
58
-121
-651
-630
354
1160
1257
1169
1397
1646
1703
1963
2638
3467
3504
2982
2870
3342
4080
4224
4099
3843
3058
2682
2844
2776
2027
1077
295
-927
-1880
-2216
-2145
-2396
-4104
-5946
-6916
-6983
-6685
-6672
-7026
-8099
-9212
-9581
-8493
-7219
-7336
-7697
-7568
-7063
-6711
-6216
-4799
-3397
-3043
-3194
-2641
-1574
-675
107
1121
2346
2383
1722
1976
3358
5175
5430
4776
4840
5114
4925
4831
5673
6281
5404
3655
3607
4792
4590
3617
2739
2663
2633
1539
1061
1690
1839
877
-294
-354
274
87
-259
48
261
10
-480
-235
919
1506
1275
1217
1408
1554
1725
2195
3036
3517
3057
2556
2874
3473
3723
3741
3592
3024
2403
2294
2411
1995
1178
309
-878
-1910
-2281
-2026
-2233
-3683
-5688
-7181
-7014
-6184
-6108
-7011
-8167
-8793
-9130
-8528
-7421
-7087
-7454
-7587
-7206
-6640
-5974
-5052
-3726
-3247
-3134
-2484
-1784
-924
-133
1001
2190
2385
1990
2325
3404
4532
5150
4863
4923
5072
4786
4920
5530
6115
5459
3895
3502
4554
4849
3652
2689
2688
2679
1713
911
1547
2090
1027
-433
-615
262
687
132
-256
0
77
-211
-141
606
1332
1296
1028
1213
1528
1701
2062
2697
3153
2949
2395
2663
3572
3964
3792
3524
3089
2589
2526
2560
2560
1905
685
-337
-1589
-2112
-1844
-1867
-2903
-4794
-6319
-6918
-6607
-6326
-6332
-7195
-8696
-9292
-8910
-7744
-7056
-7224
-7284
-7188
-6824
-6295
-5518
-4049
-3016
-3365
-3400
-2180
-808
-273
126
1509
2615
2222
1679
2635
4326
5250
4941
4599
5186
5074
4552
5161
6236
6212
4438
3029
3752
5061
4691
3175
2562
2715
2288
1163
928
1941
1993
547
-659
-320
475
342
82
19
-21
-360
-628
88
1065
1407
993
765
1081
1401
1735
2326
2886
2946
2587
2216
2561
3222
3735
3780
3323
2674
2007
2265
2513
2103
1276
320
-623
-1784
-2044
-1953
-2183
-3161
-4769
-6019
-6783
-6775
-6384
-6046
-7014
-8777
-9319
-8561
-7248
-6881
-7323
-7357
-6830
-6427
-6347
-5438
-3602
-2656
-3272
-3343
-1884
-558
-245
426
2007
2843
2149
1629
2948
4778
5368
4833
4600
5133
5113
4840
5278
6195
6038
4171
3092
3985
5232
4863
3138
2302
2341
2142
1634
1547
2093
1683
292
-523
-125
715
659
137
-68
-137
-332
-396
196
912
1075
788
661
858
1072
1559
2146
2640
2737
2301
2161
2414
3115
3783
3521
2789
2117
2085
2448
2360
1780
1017
475
-743
-2091
-2138
-1851
-2085
-3431
-5120
-6086
-6525
-6563
-6299
-6017
-7001
-8517
-9056
-8310
-6909
-6714
-7284
-7244
-6633
-6298
-6232
-5138
-3316
-2647
-3290
-3196
-1754
-529
-168
580
2080
2710
1981
1693
3120
4931
5292
4614
4486
5026
5156
4936
5391
6194
5791
4226
3517
4460
5315
4598
3246
2764
2854
2380
1565
1551
2140
1809
376
-421
139
630
164
-287
-53
107
-320
-664
-244
593
984
725
452
632
1049
1426
1827
2239
2394
2167
1859
2008
2761
3430
3195
2292
1801
2121
2415
1959
1267
987
546
-716
-1991
-2177
-1848
-2390
-3711
-4745
-5409
-6230
-6872
-6544
-5840
-6402
-8108
-8964
-8006
-6592
-6516
-7256
-7022
-6155
-5971
-6004
-5066
-3373
-2538
-3016
-2896
-1396
-272
-80
593
2032
2719
2128
1974
3363
4861
4997
4585
4768
5243
5095
4807
5572
6427
5744
4044
3527
4470
5271
4690
3117
2616
2739
2175
1467
1487
2109
1637
189
-491
-47
363
51
-151
119
56
-647
-890
-193
655
839
576
456
620
965
1229
1587
1935
2333
2211
1655
1823
2550
3246
2847
2077
1817
1995
2328
1864
1218
718
421
-360
-1536
-1971
-2128
-2443
-3316
-4182
-5062
-6212
-6692
-6289
-5526
-6085
-7826
-8734
-8116
-6532
-6101
-7023
-7058
-6071
-5613
-5943
-5225
-3357
-2491
-2975
-2902
-1526
-435
23
608
1750
2578
2199
2054
3145
4562
5133
4877
4527
4823
5164
4916
5240
6125
5950
4233
3336
4341
5264
4613
3127
2583
2641
2347
1677
1483
1953
1633
376
-480
17
626
154
-333
-76
183
-395
-889
-330
405
605
441
247
608
990
804
1131
2035
2446
1961
1344
1775
2734
3035
2734
2322
2035
2009
2120
1968
1482
835
385
-57
-1113
-1782
-1915
-2497
-3055
-3479
-4344
-5749
-6700
-6408
-5531
-5603
-7163
-8476
-8235
-6903
-6278
-6842
-6870
-6061
-5617
-5935
-5548
-3800
-2572
-2837
-3033
-1778
-299
-23
143
1320
2557
2649
2290
2858
4288
5166
4925
4756
5068
5456
5351
4945
5666
6410
5277
3689
3764
4745
4570
3243
2512
2733
2382
1377
848
1073
1208
414
-414
-497
-383
-520
-780
-436
111
-492
-1269
-848
39
639
602
313
616
904
789
1110
2091
2857
2470
1631
1850
2585
2926
3110
3060
2761
2304
2005
1975
1777
1508
1220
519
-651
-1599
-2039
-2409
-2836
-3105
-3488
-4975
-6827
-7143
-6019
-5191
-6119
-7913
-8486
-7636
-6730
-6793
-6980
-6224
-5533
-5818
-6011
-4855
-3186
-2722
-3016
-2358
-878
-201
-291
344
1866
2894
2570
2435
3560
4574
4764
4680
5036
5582
5379
4888
5244
6083
5782
4467
3978
4579
4925
4157
3260
3035
2660
1950
1510
1735
1939
1135
-30
-456
-101
49
-334
-471
-275
-430
-987
-1126
-538
104
204
58
151
319
316
487
1277
2178
2237
1597
1306
1731
2350
2801
2979
2709
2196
1969
1986
1790
1499
1443
1167
78
-1305
-1958
-1958
-2089
-2498
-3056
-4117
-5783
-6835
-6293
-5154
-5263
-6749
-8029
-7868
-6822
-6451
-6629
-6420
-5550
-5175
-5842
-5513
-3846
-2532
-2567
-2629
-1361
-373
-398
-85
1249
2513
2667
2328
2762
3840
4317
4439
4781
5047
5054
4790
4960
5658
5542
4674
4237
4394
4684
4328
3532
3160
2818
2262
1801
1648
1874
1493
356
-152
-51
-99
-300
-399
-194
-315
-1061
-1288
-612
100
287
0
-162
46
329
597
1025
1601
1866
1675
1398
1639
2171
2646
2960
2595
1946
1697
2091
2111
1358
995
914
145
-1487
-2422
-2060
-1551
-2108
-3788
-5158
-5836
-5930
-5616
-5330
-5662
-6857
-7879
-7750
-6524
-5810
-6288
-6469
-5843
-5345
-5287
-4798
-3512
-2591
-2572
-2160
-1035
-366
-230
346
1617
2540
2437
2384
3154
4094
4519
4513
4592
4849
4927
4843
5255
5742
5273
4174
3737
4548
5085
4239
3018
2613
2767
2239
1426
1519
1954
1333
-188
-784
-78
367
-141
-588
-400
-421
-955
-1251
-557
462
450
11
-47
99
362
790
1485
2037
1986
1528
1323
1751
2453
2925
2896
2423
1685
1404
1904
2055
1547
858
296
-186
-1219
-2112
-2011
-1773
-2462
-3790
-4778
-5499
-6104
-5933
-5157
-5340
-6866
-7968
-7581
-6428
-5843
-6184
-6356
-5870
-5409
-5260
-4647
-3472
-2731
-2603
-2326
-1207
-261
19
431
1465
2607
2538
2404
3237
4391
4805
4420
4676
5016
4926
4883
5416
6017
5172
3853
3542
4298
4740
3872
2944
2523
2303
1633
864
1171
1632
1142
-376
-1149
-532
-133
-178
-502
-467
-609
-1252
-1153
-311
573
566
-37
-39
506
716
1006
1818
2177
2072
1805
1610
2010
2719
3165
3124
2618
2046
1826
2012
2256
1917
1310
659
-232
-1023
-1509
-1606
-1773
-2501
-3513
-4344
-5256
-5985
-5797
-5341
-5359
-6611
-7974
-7634
-6604
-5960
-6161
-6576
-6092
-5545
-5345
-4730
-3636
-2889
-2764
-2498
-1622
-524
-103
318
1302
2145
2497
2220
2754
4116
4779
4656
4423
4628
4827
5033
5305
5705
5518
4246
3535
4138
5075
4671
3254
2462
2392
2243
1737
1612
1728
1201
17
-732
-346
215
-3
-638
-815
-743
-1068
-1228
-676
101
223
-284
-353
100
478
627
839
1543
2051
1779
1391
1587
2334
2824
2814
2695
2324
1934
1937
2097
1993
1420
945
362
-600
-1232
-1388
-1538
-2304
-3121
-3660
-4528
-5545
-5889
-5227
-4908
-5872
-7386
-7615
-6527
-5899
-5979
-6410
-6238
-5532
-5315
-4964
-4043
-3122
-2788
-2747
-2067
-882
-286
-73
833
1877
2248
2098
2268
3461
4378
4321
4211
4390
4847
4963
4820
5188
5437
4820
4103
4095
4557
4628
3685
2841
2829
2629
1980
1487
1591
1593
598
-391
-418
0
-7
-476
-582
-508
-868
-1229
-911
-199
132
-23
-200
-45
302
618
829
1219
1791
2036
1725
1507
2096
2810
3057
2586
2065
1994
2104
2309
1800
1163
700
193
-571
-1534
-1675
-1614
-1990
-3225
-4551
-5213
-5450
-5166
-5184
-5469
-6381
-7530
-7483
-6569
-5680
-5880
-6396
-6029
-5623
-5324
-4636
-3630
-2892
-2831
-2540
-1616
-785
-260
379
1178
1901
2247
2201
2710
3788
4422
4386
4132
4367
4989
4929
4759
5362
5360
4397
3571
3965
4913
4458
3148
2376
2551
2600
1744
1180
1369
1428
493
-680
-639
115
26
-712
-787
-607
-755
-1047
-1034
-117
402
111
-2
93
612
901
1013
1604
1979
1877
1697
1825
2314
2805
2823
2506
2076
1747
1971
2065
1651
1112
423
-185
-773
-1430
-1765
-1879
-2381
-3434
-4527
-5300
-5331
-5110
-5189
-5640
-6787
-7498
-7169
-6213
-5651
-6109
-6362
-5908
-5380
-5066
-4364
-3340
-2732
-2781
-2619
-1419
-449
41
582
1197
2019
2053
1936
2893
4044
4607
4148
3627
4284
5017
4769
4598
5142
5178
4241
3338
3982
4888
4030
2811
2460
2830
2533
1362
1162
1778
1577
266
-655
-292
426
116
-647
-658
-507
-585
-707
-444
249
392
-68
-75
481
937
1038
1078
1542
1956
1838
1717
2091
2530
2524
2370
2235
2160
1875
1749
1830
1444
904
128
-559
-1081
-1506
-1658
-2066
-2748
-3700
-4739
-5416
-5249
-4831
-5051
-5994
-7131
-7285
-6706
-5911
-5603
-6029
-6120
-5838
-5420
-4859
-3917
-2904
-2713
-2911
-2383
-1107
-210
153
653
1351
1979
1958
2248
3395
4126
4240
3842
3814
4561
4916
4762
4721
4876
4606
3868
3454
4032
4652
3861
2569
2217
2560
2415
1588
1221
1484
1198
108
-549
-137
375
88
-498
-662
-571
-603
-563
-147
328
395
216
129
545
1143
1260
1364
1839
2160
1930
1902
2316
2790
2868
2266
2024
2115
2092
1908
1356
1006
625
-97
-912
-1524
-1675
-1834
-2398
-3426
-4524
-5247
-5412
-5036
-4956
-5479
-6605
-7574
-7272
-6258
-5419
-5693
-6306
-6064
-5576
-5186
-4509
-3308
-2581
-2730
-2800
-1832
-589
36
611
1123
1779
2039
2002
2750
3817
4483
4283
3770
4045
4832
4936
4704
4931
4938
4379
3620
3650
4543
4502
3266
2288
2253
2567
2111
1376
1440
1475
753
-182
-622
-11
570
45
-513
-690
-606
-516
-463
91
514
480
246
295
812
1191
1531
1736
1864
2010
1926
2114
2451
2790
2799
2343
2053
1854
2065
2034
1462
854
231
-272
-1176
-1591
-1476
-1924
-2822
-4057
-4921
-5279
-5344
-5132
-5269
-6039
-7096
-7514
-7094
-6117
-5464
-6096
-6457
-5970
-5432
-5008
-4399
-3083
-2473
-2951
-2789
-1459
-334
198
641
1249
1923
1773
2012
3042
4130
4590
4052
3851
4200
4844
4908
4695
4879
4776
4144
3361
3715
4217
3670
2639
2031
2231
2031
1508
1168
922
723
158
-163
-158
-46
-6
-365
-434
-473
-429
-231
34
500
529
584
644
822
1246
1576
1989
2161
2264
2283
2242
2403
2730
3050
3033
2672
2180
1990
2023
1919
1511
940
400
-275
-1152
-1692
-1780
-2236
-2879
-3611
-4593
-5533
-5920
-5345
-5135
-5985
-7208
-7708
-7073
-6326
-5978
-6271
-6520
-6016
-5489
-5179
-4550
-3518
-2838
-2925
-2817
-1626
-381
-5
349
1164
1813
1941
2106
2886
3891
4332
4183
3970
4134
4714
5087
4959
4846
4719
4165
3685
3919
4400
4105
3085
2375
2257
2180
1862
1537
1496
1326
528
-212
-159
316
449
-9
-524
-628
-488
-325
-100
170
341
324
254
406
764
1105
1221
1525
2030
2080
1756
1689
2190
2671
2726
2342
2005
2029
1904
1701
1252
940
770
-17
-799
-1323
-1710
-2197
-2818
-3153
-3761
-4852
-5753
-5803
-5207
-5231
-6321
-7396
-7199
-6370
-5901
-6001
-6362
-5836
-5262
-5309
-4937
-3786
-2656
-2637
-2828
-1986
-725
-162
178
950
1627
1932
1922
2480
3489
3964
4084
3842
4078
4722
4660
4531
4541
4790
4638
3924
3827
4221
4203
3308
2873
2801
2537
2153
1579
1761
1650
915
303
128
353
270
-3
-238
-190
-251
-398
-256
55
359
440
413
509
881
1048
1145
1444
2019
2261
1767
1655
2011
2632
2650
2165
1953
1823
1884
1462
972
712
344
-276
-1379
-1990
-1985
-2106
-2896
-4117
-4964
-5353
-5425
-5415
-5484
-5991
-6808
-7122
-6885
-6067
-5751
-6163
-6024
-5664
-5158
-4792
-4281
-3370
-2713
-2430
-2112
-1286
-634
108
738
1339
1996
2000
2348
3018
3791
4162
3995
4012
4454
4857
4615
4724
4961
4776
4192
3824
4394
4577
3817
2903
2756
3008
2566
1774
1539
1777
1535
696
143
335
561
226
-186
-202
-110
-306
-411
-103
272
299
228
427
776
914
878
1216
1725
1993
1876
1751
2027
2271
2383
2269
2065
1884
1614
1604
1335
864
467
-253
-694
-1207
-1899
-2361
-2710
-2995
-3817
-4616
-5320
-5650
-5483
-5473
-5810
-6841
-7101
-6660
-6142
-5847
-6139
-5813
-5387
-5200
-4776
-4032
-3290
-2744
-2363
-1952
-1067
-291
290
748
1454
2275
2354
2442
3093
3955
4337
4185
4314
4660
4743
4645
4941
5250
4749
3990
3768
4238
4204
3290
2629
2334
2289
1910
1426
1406
1191
506
-301
-359
286
426
-398
-804
-470
-385
-272
-196
58
321
152
358
843
1241
1340
1221
1616
2160
2384
2290
2110
2361
2663
2704
2600
2412
2281
2049
1756
1503
1279
816
41
-541
-1015
-1515
-2206
-2809
-3051
-3615
-4465
-5436
-6012
-5772
-5615
-5985
-6884
-7383
-6905
-6429
-6251
-6405
-6171
-5558
-5318
-5002
-4516
-3627
-3026
-2709
-2100
-1389
-544
-82
515
1223
1866
2201
2351
3171
3886
4260
4104
4108
4670
4850
4958
5009
5026
4837
4282
4071
4384
4504
3681
2882
2736
2599
2388
1806
1471
1515
936
301
75
201
312
1
-350
-476
-498
-440
-271
-175
-59
-32
-6
366
742
687
625
979
1506
1913
1649
1507
1873
2115
2254
2247
2349
2165
1943
1768
1525
1425
1011
603
-42
-650
-1196
-1799
-2234
-2745
-2984
-3546
-4556
-5476
-5655
-5357
-5508
-5898
-6576
-6846
-6562
-6360
-6066
-5872
-5573
-5134
-5069
-4865
-4036
-3138
-2611
-2215
-1720
-1026
-518
-79
912
1607
1975
2345
2561
3153
3650
4054
4505
4447
4409
4582
4683
4850
4961
4651
4176
4094
4182
4096
3591
3114
2932
2455
2116
1983
1794
1404
756
469
328
135
-64
-265
-348
-357
-382
-465
-418
-257
-34
119
253
373
482
596
841
1250
1544
1728
1480
1489
1793
2001
2342
2130
1919
1710
1564
1579
1089
771
443
-122
-812
-1572
-1992
-2203
-2424
-3081
-4109
-5067
-5524
-5317
-5224
-5407
-6037
-6738
-6729
-6461
-5932
-5668
-5663
-5334
-5178
-5012
-4329
-3427
-2825
-2319
-1957
-1327
-711
-428
494
1335
1840
2141
2309
2801
3388
3866
4155
4293
4320
4587
4560
4565
5040
5069
4545
3873
4009
4377
4109
3492
2967
2820
2516
2096
1826
1795
1528
913
222
-112
246
250
-100
-459
-477
-332
-637
-600
-191
135
225
221
230
278
448
881
1503
1607
1331
1177
1345
1593
2031
2287
1963
1660
1235
1230
1345
1120
668
-103
-546
-1141
-1788
-2156
-2306
-2520
-3418
-4296
-4996
-5358
-5233
-5090
-5140
-5917
-6613
-6467
-5984
-5479
-5480
-5377
-4939
-4882
-4686
-3997
-3110
-2420
-2122
-1874
-1153
-413
16
642
1304
1927
2239
2190
2738
3734
4134
4000
3897
4292
4760
4461
4510
4951
4803
4203
3686
3987
4278
3938
3222
2692
2624
2383
1977
1657
1600
1386
863
216
45
370
246
13
-173
-160
-306
-570
-271
73
229
213
256
220
293
581
1049
1373
1214
1226
1166
1385
1663
1883
2032
1635
1335
1065
1124
1030
669
269
-380
-929
-1591
-1877
-2108
-2466
-2953
-3779
-4426
-5025
-5202
-5176
-5228
-5382
-6155
-6542
-6256
-5741
-5214
-5366
-5349
-4919
-4687
-4257
-3541
-2841
-2404
-2098
-1599
-789
-154
353
995
1450
1896
2287
2588
3091
3796
4120
4125
4082
4202
4733
4811
4762
4734
4156
3467
3104
3429
3626
3156
2692
2506
2425
2325
2450
2775
2923
2819
2766
2698
2360
1944
1795
1862
1625
979
322
-225
-813
-1467
-1902
-2092
-2518
-3246
-4007
-4728
-5168
-5364
-5428
-5390
-5809
-6459
-6595
-6326
-5816
-5468
-5608
-5502
-5037
-4660
-4175
-3602
-2833
-2203
-2045
-1566
-657
97
602
1154
1691
2300
2700
2878
3511
4044
4343
4313
4235
4567
4708
4776
4746
4617
4397
3912
3527
3774
3968
3211
2440
2016
1957
1975
1485
1180
941
458
92
-212
-165
108
-100
-461
-674
-669
-381
-390
-352
-31
20
86
227
369
681
857
1081
1391
1433
1612
1704
1649
1886
2040
2170
2022
1597
1507
1432
1251
964
591
184
-494
-1110
-1491
-1832
-2338
-2911
-3307
-3767
-4306
-4993
-5338
-5164
-5139
-5430
-6082
-6185
-5776
-5483
-5224
-5138
-4833
-4457
-4256
-3914
-3074
-2381
-2124
-1756
-1173
-326
164
637
1262
1667
2162
2536
2974
3465
3820
4025
4063
4160
4381
4496
4341
4387
4487
4143
3741
3647
3725
3594
3093
2640
2350
1989
1758
1587
1291
988
571
195
67
0
-39
-223
-438
-387
-416
-508
-354
-122
16
56
66
284
491
582
850
1072
1281
1319
1344
1529
1590
1810
1846
1710
1446
1116
1184
1156
814
228
-309
-700
-1292
-1745
-2000
-2292
-2841
-3681
-4426
-4812
-4754
-4727
-4910
-5375
-5908
-5898
-5775
-5374
-4931
-4939
-4804
-4603
-4259
-3652
-2999
-2454
-2032
-1622
-1197
-623
11
712
1253
1529
1949
2298
2617
3112
3552
4013
4013
3626
3897
4314
4420
4419
4220
4018
3715
3464
3482
3625
3343
2693
2223
1912
1928
1763
1397
1075
673
330
-52
12
175
-41
-399
-538
-353
-411
-544
-263
182
200
86
85
362
762
833
1146
1382
1338
1350
1429
1632
1932
1990
1662
1571
1401
1271
1241
884
532
-22
-615
-1127
-1551
-1849
-2240
-2699
-3336
-3942
-4424
-4701
-4734
-4935
-5198
-5470
-5743
-5808
-5585
-5009
-4765
-4941
-4762
-4275
-3824
-3419
-2844
-2231
-1910
-1651
-1043
-371
191
921
1319
1437
1921
2440
2837
3245
3606
3925
3839
3697
4117
4363
4259
4301
4242
3991
3566
3295
3568
3595
3021
2447
2027
1831
1756
1522
1250
997
573
75
-180
7
176
-151
-530
-639
-505
-417
-343
-54
20
-26
57
295
565
686
931
1135
1153
1247
1398
1502
1620
1771
1736
1582
1359
1160
1230
1123
726
151
-408
-764
-1256
-1669
-1998
-2336
-2850
-3587
-4073
-4310
-4435
-4651
-4758
-4942
-5360
-5585
-5538
-5006
-4577
-4672
-4725
-4484
-4016
-3458
-2923
-2439
-2043
-1746
-1356
-807
-46
700
1042
1192
1556
2178
2625
2856
3233
3768
3809
3420
3585
4016
4207
4116
3936
3777
3433
3229
3301
3375
3156
2643
1995
1661
1777
1714
1343
916
761
519
15
-60
159
141
-193
-387
-291
-286
-238
10
208
159
169
456
631
727
887
1122
1216
1200
1414
1504
1555
1609
1624
1523
1217
1120
1016
894
653
146
-424
-940
-1165
-1434
-1867
-2282
-2719
-3300
-3960
-4321
-4409
-4541
-4794
-5016
-5227
-5478
-5516
-5140
-4642
-4487
-4572
-4451
-4019
-3456
-2920
-2453
-2065
-1703
-1311
-874
-252
532
1088
1214
1390
1957
2547
2856
3091
3576
3785
3539
3462
3782
4181
4055
3808
3723
3482
3183
3057
3178
3110
2660
2048
1680
1630
1664
1473
982
695
463
190
36
83
188
-91
-363
-319
-164
-74
-7
115
195
276
401
522
618
815
1057
1126
1031
1097
1418
1655
1634
1520
1544
1404
1136
1103
1117
938
323
-297
-659
-957
-1243
-1690
-2146
-2627
-3184
-3626
-3911
-4122
-4415
-4736
-4943
-5009
-5068
-5177
-5135
-4805
-4414
-4334
-4388
-4058
-3390
-2883
-2652
-2298
-1734
-1260
-928
-396
386
892
1089
1292
1797
2364
2617
2937
3372
3677
3567
3317
3592
4052
4157
3830
3500
3417
3313
3169
3090
3006
2693
2111
1648
1630
1746
1467
976
725
666
441
125
100
122
60
-84
-225
-160
-70
141
243
244
370
494
662
826
1058
1194
1160
1061
1161
1397
1538
1554
1308
1157
997
913
911
778
564
-11
-587
-1009
-1188
-1320
-1812
-2382
-2884
-3250
-3657
-4054
-4256
-4404
-4593
-4805
-4941
-5039
-5022
-4834
-4546
-4268
-4088
-3973
-3781
-3283
-2597
-2147
-1930
-1539
-1071
-664
-176
446
1074
1349
1454
1831
2400
2735
2954
3236
3365
3419
3312
3406
3784
3787
3546
3261
3091
3054
2912
2771
2661
2429
1967
1514
1380
1467
1400
983
701
631
498
363
257
327
287
142
166
188
257
359
548
716
643
578
783
1147
1287
1200
1084
1060
1181
1306
1463
1474
1219
959
721
692
715
491
201
-301
-867
-1259
-1495
-1566
-1947
-2582
-3075
-3466
-3759
-4031
-4210
-4346
-4640
-4897
-4906
-4829
-4839
-4753
-4504
-4200
-3958
-3809
-3532
-3050
-2510
-2014
-1671
-1356
-889
-436
-9
548
1081
1372
1471
1802
2453
2866
2916
2984
3162
3324
3363
3420
3586
3535
3221
2971
2930
2963
2755
2370
2222
2145
1794
1399
1293
1338
1149
812
713
732
542
282
271
401
355
220
296
458
497
486
672
953
991
943
1038
1262
1357
1328
1278
1246
1325
1311
1389
1392
1106
870
731
699
511
158
-98
-496
-1004
-1403
-1657
-1920
-2371
-2897
-3298
-3592
-4025
-4309
-4344
-4496
-4725
-4956
-4906
-4750
-4729
-4539
-4289
-4031
-3768
-3454
-3051
-2675
-2257
-1766
-1313
-946
-536
-92
332
792
1257
1629
1873
2143
2571
2909
2957
3009
3215
3369
3415
3424
3421
3280
3015
2897
2935
2858
2532
2146
1993
1908
1634
1395
1273
1080
803
580
586
648
451
227
259
354
334
292
402
587
629
625
763
957
1055
1089
1194
1311
1287
1252
1341
1411
1340
1283
1315
1176
849
684
681
554
214
-209
-517
-812
-1229
-1575
-1845
-2200
-2645
-3131
-3508
-3744
-3930
-4069
-4285
-4573
-4712
-4724
-4629
-4438
-4305
-4237
-4155
-3874
-3357
-2941
-2656
-2314
-1939
-1543
-1122
-592
-6
314
481
844
1353
1804
2055
2269
2595
2778
2800
2893
3121
3350
3302
3124
3089
2968
2767
2705
2660
2532
2241
1871
1700
1653
1539
1351
1119
950
791
595
583
681
600
456
457
515
541
591
765
945
902
848
1004
1210
1332
1394
1357
1329
1351
1358
1446
1433
1369
1230
950
788
666
593
361
7
-283
-637
-974
-1361
-1673
-1920
-2267
-2681
-3132
-3455
-3646
-3845
-4040
-4228
-4457
-4626
-4669
-4570
-4309
-4085
-3975
-3882
-3732
-3388
-2872
-2380
-2002
-1725
-1445
-1053
-568
-56
462
822
972
1173
1567
2030
2332
2507
2702
2795
2781
2828
3002
3156
3077
2878
2689
2564
2511
2375
2218
2050
1768
1510
1338
1244
1186
1010
833
774
660
529
530
599
660
656
613
634
699
862
1054
1128
1113
1144
1277
1398
1522
1612
1599
1493
1395
1431
1449
1418
1287
1020
770
544
381
262
55
-278
-682
-1109
-1477
-1722
-1961
-2247
-2593
-3048
-3458
-3753
-3912
-3947
-4089
-4313
-4488
-4624
-4605
-4419
-4147
-3937
-3817
-3648
-3393
-2999
-2507
-1971
-1573
-1306
-947
-516
-32
408
828
1243
1488
1580
1778
2204
2547
2670
2653
2625
2691
2705
2710
2767
2714
2467
2195
2149
2102
1857
1647
1527
1365
1107
884
836
838
731
638
628
532
471
586
780
901
871
891
1005
1113
1306
1505
1617
1640
1619
1669
1778
1892
1915
1821
1677
1582
1523
1462
1385
1157
837
541
322
113
-175
-480
-848
-1234
-1545
-1851
-2208
-2535
-2781
-3046
-3378
-3733
-4020
-4146
-4160
-4246
-4411
-4500
-4507
-4457
-4239
-3902
-3687
-3577
-3335
-2925
-2498
-2092
-1653
-1219
-856
-486
-37
414
774
1112
1512
1821
1967
2161
2425
2617
2757
2813
2774
2789
2799
2696
2593
2544
2398
2124
1942
1868
1674
1370
1216
1137
922
723
653
621
538
481
507
465
439
564
740
826
809
899
1089
1243
1356
1435
1564
1671
1717
1785
1853
1874
1803
1713
1665
1610
1442
1217
993
774
578
274
-110
-490
-819
-1078
-1391
-1784
-2201
-2539
-2801
-3099
-3402
-3668
-3874
-4067
-4258
-4351
-4387
-4389
-4383
-4303
-4124
-3994
-3827
-3500
-3109
-2796
-2474
-2069
-1647
-1269
-874
-381
52
383
734
1130
1464
1680
1981
2301
2433
2491
2619
2733
2761
2752
2717
2654
2542
2404
2285
2148
2019
1896
1680
1460
1328
1183
1026
926
818
677
588
603
613
557
608
704
712
735
868
1078
1170
1191
1335
1514
1592
1620
1720
1816
1801
1742
1735
1740
1651
1471
1263
1098
922
645
379
163
-168
-621
-992
-1252
-1557
-1929
-2315
-2658
-2986
-3234
-3381
-3651
-3941
-4063
-4109
-4199
-4284
-4232
-4130
-4044
-3900
-3673
-3430
-3199
-2926
-2594
-2191
-1786
-1425
-1032
-631
-233
157
537
922
1220
1455
1699
1964
2171
2280
2402
2487
2520
2523
2475
2451
2388
2259
2136
2015
1889
1733
1579
1436
1293
1132
968
914
859
719
630
628
639
590
564
681
807
831
871
951
1041
1189
1360
1460
1485
1538
1642
1726
1792
1795
1670
1557
1564
1526
1316
1044
882
743
465
147
-80
-318
-680
-1047
-1339
-1562
-1822
-2190
-2521
-2762
-2935
-3138
-3399
-3547
-3607
-3705
-3818
-3858
-3812
-3698
-3552
-3454
-3347
-3132
-2824
-2532
-2290
-2003
-1663
-1322
-973
-603
-277
-6
341
727
1016
1203
1411
1672
1870
2008
2105
2157
2186
2180
2234
2243
2126
2053
1961
1841
1776
1669
1539
1415
1255
1104
1062
1072
1003
855
732
730
775
794
830
872
852
856
980
1130
1206
1243
1327
1398
1436
1464
1497
1562
1581
1525
1425
1376
1316
1158
1025
897
738
496
184
-20
-213
-527
-837
-1074
-1314
-1605
-1880
-2103
-2315
-2555
-2752
-2879
-2994
-3102
-3257
-3316
-3255
-3257
-3243
-3184
-3110
-2971
-2825
-2673
-2466
-2266
-2092
-1825
-1517
-1261
-1003
-761
-484
-165
114
377
594
789
999
1195
1360
1495
1657
1751
1786
1847
1886
1893
1894
1911
1884
1801
1718
1603
1532
1529
1483
1348
1200
1177
1159
1052
1016
1038
1027
981
902
866
961
1065
1028
989
1002
1042
1128
1207
1230
1224
1242
1178
1170
1278
1263
1118
905
881
939
696
431
309
227
40
-272
-500
-701
-865
-1071
-1342
-1515
-1685
-1894
-2161
-2286
-2325
-2486
-2602
-2704
-2805
-2809
-2759
-2768
-2771
-2668
-2549
-2474
-2416
-2266
-2031
-1823
-1696
-1599
-1411
-1122
-889
-731
-524
-292
-40
170
396
637
777
974
1159
1312
1469
1518
1569
1709
1818
1742
1670
1717
1719
1676
1671
1649
1513
1388
1384
1391
1345
1263
1172
1084
1050
1077
1063
1058
1046
883
772
920
990
852
785
800
843
835
835
824
707
741
847
841
705
604
616
631
581
366
244
157
-11
-45
-163
-459
-732
-803
-839
-1111
-1407
-1570
-1617
-1796
-2059
-2118
-2197
-2292
-2450
-2513
-2442
-2476
-2499
-2505
-2305
-2200
-2210
-2077
-2006
-1800
-1608
-1454
-1315
-1226
-855
-584
-483
-273
-57
186
414
693
874
1008
1252
1447
1614
1574
1497
1547
1600
1710
1562
1359
1320
1334
1385
1195
1054
969
905
991
874
773
741
688
690
744
772
726
817
771
785
1032
1040
944
982
1103
1094
991
1055
1116
1054
981
1003
1008
851
753
749
754
613
340
232
198
114
-36
-263
-467
-608
-732
-863
-1035
-1291
-1432
-1469
-1626
-1785
-1815
-1862
-1986
-2119
-2181
-2132
-2091
-2122
-2115
-2054
-2069
-2083
-1877
-1644
-1634
-1641
-1495
-1311
-1150
-1002
-813
-586
-480
-425
-201
106
314
433
519
663
874
976
1076
1268
1339
1336
1400
1448
1417
1461
1566
1462
1313
1325
1339
1300
1250
1265
1227
1108
1057
977
906
961
1013
874
720
760
804
786
738
698
707
701
646
612
610
604
584
533
501
452
376
343
358
347
220
84
33
111
54
-229
-373
-410
-517
-733
-893
-907
-1034
-1259
-1401
-1447
-1467
-1574
-1731
-1768
-1710
-1789
-1877
-1773
-1749
-1817
-1742
-1675
-1636
-1538
-1490
-1403
-1196
-1094
-1071
-910
-667
-485
-381
-278
-100
72
208
396
552
604
717
935
1071
1071
1104
1260
1357
1336
1350
1435
1499
1455
1354
1322
1365
1335
1226
1136
1082
1094
996
827
851
863
681
534
601
671
534
392
408
467
382
272
308
328
275
206
212
274
242
190
162
194
197
80
25
37
28
-39
-125
-135
-210
-336
-333
-335
-524
-751
-778
-704
-819
-1118
-1256
-1148
-1153
-1355
-1486
-1467
-1423
-1467
-1553
-1554
-1483
-1448
-1429
-1346
-1271
-1211
-1113
-972
-871
-786
-622
-521
-463
-287
-60
71
108
223
412
546
618
725
863
980
1058
1076
1137
1230
1304
1336
1258
1233
1278
1272
1234
1152
1076
1020
984
891
773
761
709
633
585
531
456
379
362
366
351
243
151
228
293
177
72
103
96
108
120
79
62
34
24
69
114
57
-37
-63
-70
-85
-141
-227
-273
-333
-438
-475
-506
-645
-758
-769
-790
-888
-1017
-1079
-1075
-1101
-1175
-1243
-1260
-1208
-1170
-1198
-1203
-1175
-1150
-1059
-959
-927
-897
-826
-690
-493
-398
-402
-302
-108
49
108
195
376
508
553
637
779
856
949
1032
1028
1097
1111
1069
1131
1143
1089
1061
1039
990
925
876
834
790
691
582
562
534
473
389
296
272
251
219
184
162
179
151
132
108
117
156
149
127
94
109
132
140
154
155
117
22
24
36
-33
-77
-119
-187
-258
-323
-367
-408
-494
-590
-686
-793
-855
-869
-893
-974
-1057
-1070
-1058
-1092
-1130
-1096
-1036
-1050
-1107
-1075
-963
-903
-921
-889
-761
-645
-601
-544
-407
-260
-151
-67
22
133
245
381
495
539
582
681
784
834
878
910
956
1007
980
1005
1059
1029
1011
994
979
927
841
836
828
777
698
587
566
566
476
419
415
340
260
251
227
204
162
109
116
64
16
43
27
8
-12
-49
-76
-101
-115
-152
-182
-207
-258
-278
-318
-372
-395
-427
-497
-560
-559
-553
-613
-685
-708
-719
-773
-832
-845
-828
-839
-887
-912
-896
-863
-847
-829
-799
-767
-737
-719
-664
-591
-504
-436
-395
-331
-267
-169
-70
56
127
141
233
307
432
555
587
628
690
755
820
903
956
981
955
933
947
962
989
977
946
885
842
818
812
807
724
635
568
520
489
454
371
331
297
154
118
123
96
64
-7
-42
-65
-82
-132
-147
-120
-174
-251
-271
-237
-249
-325
-356
-348
-400
-457
-454
-457
-486
-548
-571
-537
-579
-654
-649
-651
-686
-718
-748
-733
-698
-714
-756
-762
-752
-770
-754
-691
-670
-649
-591
-541
-483
-466
-445
-340
-263
-239
-182
-111
-17
69
108
207
301
331
415
530
570
640
754
769
793
834
877
930
926
958
977
988
993
948
924
889
881
837
743
685
664
630
536
459
440
400
291
196
181
160
87
-2
-58
-79
-87
-123
-173
-189
-191
-241
-303
-297
-268
-299
-339
-385
-409
-383
-380
-386
-438
-485
-486
-505
-527
-553
-584
-622
-642
-636
-622
-629
-667
-682
-671
-666
-669
-667
-654
-636
-616
-600
-586
-551
-465
-385
-362
-359
-321
-249
-161
-106
-92
-42
45
107
165
246
313
368
422
479
554
610
631
656
690
726
762
772
754
744
767
800
801
764
723
736
766
702
588
565
598
557
449
378
391
371
275
216
212
177
119
98
70
43
9
-32
-47
-86
-100
-127
-187
-220
-255
-269
-274
-286
-346
-412
-409
-404
-442
-497
-527
-533
-564
-601
-597
-596
-627
-644
-659
-656
-629
-620
-630
-625
-605
-585
-589
-574
-518
-475
-452
-430
-419
-368
-271
-214
-209
-179
-99
-24
17
54
102
151
195
239
284
325
378
426
449
466
490
543
586
588
598
644
664
648
655
665
682
694
671
651
611
612
633
584
560
552
495
448
412
389
378
339
275
206
168
161
128
66
21
-11
-75
-118
-124
-177
-247
-291
-348
-418
-461
-454
-450
-505
-576
-604
-600
-619
-654
-636
-609
-652
-682
-636
-596
-589
-599
-588
-577
-587
-565
-521
-476
-456
-457
-402
-343
-317
-287
-232
-175
-159
-154
-98
-24
23
30
40
107
163
179
222
297
344
340
351
411
425
437
510
532
503
494
526
592
584
551
572
597
596
577
601
637
626
578
556
574
545
487
451
429
403
380
338
300
280
223
174
143
101
55
13
-30
-97
-160
-214
-260
-289
-332
-391
-421
-421
-445
-481
-507
-530
-534
-547
-580
-590
-582
-604
-628
-608
-577
-582
-593
-573
-550
-529
-492
-464
-437
-410
-394
-369
-325
-292
-294
-257
-193
-156
-121
-67
-10
-5
24
90
120
145
163
193
227
219
248
311
336
324
332
369
382
378
411
458
446
419
428
445
470
473
480
491
480
467
460
466
467
482
482
450
442
443
418
394
377
340
280
231
216
188
138
99
64
29
-21
-57
-75
-110
-176
-227
-261
-319
-347
-376
-403
-436
-481
-484
-495
-515
-526
-523
-520
-542
-559
-556
-537
-529
-528
-521
-512
-509
-490
-438
-396
-365
-341
-322
-303
-269
-213
-191
-173
-138
-104
-72
-31
23
57
65
102
152
155
175
255
293
272
271
310
343
346
335
356
373
362
375
412
429
412
407
423
435
457
458
443
446
429
408
431
449
412
356
349
362
345
317
302
286
241
177
154
170
139
55
6
-21
-78
-122
-141
-179
-234
-275
-313
-342
-371
-393
-402
-437
-501
-522
-497
-484
-513
-545
-539
-535
-542
-534
-511
-505
-506
-501
-481
-433
-405
-375
-336
-323
-293
-244
-194
-151
-124
-102
-70
-38
-11
34
76
94
103
137
190
229
248
252
247
254
282
313
346
359
350
364
389
397
411
430
431
418
402
395
407
419
414
404
395
364
345
360
371
352
309
270
271
272
240
208
190
179
172
151
120
81
47
19
-20
-54
-77
-118
-151
-173
-214
-260
-287
-317
-357
-385
-401
-428
-470
-499
-497
-484
-508
-551
-560
-542
-522
-501
-490
-473
-459
-449
-426
-413
-391
-322
-272
-261
-230
-201
-176
-128
-76
-48
-33
-10
17
43
70
95
123
149
157
171
207
233
246
260
278
290
291
308
347
375
363
368
396
404
405
387
386
391
398
402
385
381
377
360
353
363
352
329
307
289
289
257
225
212
200
178
135
106
75
52
26
-11
-48
-90
-127
-151
-183
-219
-260
-305
-324
-334
-371
-398
-415
-444
-468
-469
-466
-474
-488
-484
-466
-468
-475
-457
-426
-411
-399
-374
-350
-306
-268
-236
-211
-199
-162
-117
-84
-65
-38
-3
23
46
81
114
136
159
187
217
245
249
254
279
298
312
328
326
330
346
354
355
352
357
359
351
343
334
328
322
296
275
281
269
247
238
229
211
196
185
170
151
127
123
114
83
66
42
29
8
-40
-65
-72
-85
-127
-164
-186
-216
-251
-275
-286
-303
-327
-354
-370
-379
-395
-421
-430
-417
-424
-415
-397
-389
-378
-358
-336
-329
-329
-316
-278
-228
-216
-217
-194
-160
-118
-71
-41
-28
-4
27
66
100
113
135
176
211
223
245
263
281
313
320
328
331
340
366
366
363
358
351
356
371
382
360
340
334
323
310
302
281
266
264
251
232
212
197
192
180
150
117
91
74
62
35
6
-26
-60
-82
-95
-110
-123
-145
-187
-204
-216
-239
-262
-283
-306
-342
-357
-373
-383
-377
-386
-385
-389
-405
-410
-394
-380
-377
-375
-383
-376
-347
-314
-309
-297
-277
-255
-224
-183
-136
-123
-107
-75
-43
-19
-10
25
56
87
107
127
160
185
214
225
249
289
301
317
357
378
364
358
364
373
384
390
386
371
359
360
367
351
328
326
324
313
296
269
254
249
229
203
180
143
119
115
105
73
28
1
-5
-24
-54
-74
-93
-126
-161
-183
-202
-227
-249
-276
-306
-319
-316
-317
-314
-313
-330
-344
-348
-352
-356
-365
-367
-374
-388
-383
-357
-337
-317
-282
-263
-251
-235
-220
-177
-153
-154
-141
-115
-85
-54
-28
-6
19
52
81
120
154
169
177
203
229
243
264
279
281
285
288
312
332
317
310
322
322
313
289
280
296
293
278
263
240
232
243
240
215
175
151
148
143
130
113
92
70
58
49
27
8
-2
-20
-33
-42
-72
-101
-103
-108
-129
-157
-185
-197
-199
-213
-229
-238
-255
-273
-286
-293
-302
-315
-322
-320
-325
-337
-359
-363
-345
-337
-338
-322
-302
-276
-248
-232
-211
-182
-158
-139
-113
-81
-53
-30
0
35
69
100
124
142
161
177
189
211
231
240
251
262
270
283
294
306
306
290
272
260
265
275
280
289
285
272
279
276
258
248
240
230
212
188
188
187
171
153
140
125
103
94
97
78
58
38
22
27
8
-54
-86
-95
-120
-152
-187
-184
-187
-225
-251
-260
-267
-291
-308
-314
-328
-351
-378
-368
-353
-375
-380
-365
-348
-348
-351
-325
-299
-286
-280
-260
-215
-204
-187
-135
-101
-83
-90
-75
-16
20
34
50
88
121
126
146
184
196
184
189
226
247
243
246
274
290
284
274
282
306
305
293
292
304
305
284
288
284
284
285
278
277
269
261
236
229
203
161
145
127
123
113
92
77
66
60
28
1
-5
-32
-58
-88
-121
-140
-155
-178
-199
-206
-222
-244
-247
-241
-258
-293
-315
-317
-327
-352
-364
-373
-376
-388
-396
-369
-344
-330
-323
-301
-261
-255
-245
-213
-184
-176
-164
-122
-90
-79
-54
-6
32
50
74
97
118
150
178
176
179
193
203
217
229
221
224
234
234
251
271
275
268
268
277
272
253
228
233
238
226
223
217
228
232
217
213
214
199
180
174
173
161
138
135
134
121
97
79
73
71
57
40
25
-1
-23
-50
-81
-99
-130
-179
-194
-202
-231
-255
-274
-292
-306
-320
-348
-363
-369
-369
-377
-406
-390
-369
-378
-366
-345
-334
-338
-319
-277
-251
-245
-224
-184
-158
-137
-103
-67
-31
5
32
53
76
91
103
135
167
176
182
205
224
236
255
271
274
280
297
300
284
284
293
290
280
263
248
246
244
245
252
254
244
231
231
240
228
198
188
193
186
154
135
129
114
93
83
74
58
43
32
16
-9
-38
-60
-75
-101
-140
-162
-168
-188
-214
-222
-228
-257
-286
-297
-304
-319
-325
-324
-337
-353
-353
-346
-349
-356
-347
-325
-307
-305
-301
-285
-265
-256
-244
-209
-177
-160
-131
-100
-72
-44
-29
-3
38
61
83
126
163
187
201
224
249
249
242
256
280
289
291
304
318
313
294
287
304
312
291
265
265
262
237
212
208
210
202
197
196
185
168
158
153
137
107
85
81
82
62
33
18
23
23
1
-21
-35
-49
-64
-78
-92
-106
-128
-154
-154
-158
-177
-197
-201
-199
-233
-249
-252
-271
-283
-291
-291
-310
-334
-339
-340
-328
-330
-336
-322
-311
-307
-305
-276
-245
-239
-217
-179
-150
-140
-116
-62
-22
-11
10
56
96
114
134
163
192
211
226
246
273
290
289
300
319
316
305
314
324
309
296
300
303
298
291
280
271
256
220
191
202
210
184
161
161
152
130
111
110
107
82
49
27
33
18
-13
-30
-39
-58
-98
-102
-78
-88
-122
-150
-147
-156
-193
-211
-231
-251
-272
-274
-256
-266
-291
-312
-315
-314
-327
-322
-315
-320
-327
-331
-317
-301
-298
-272
-238
-232
-219
-190
-168
-146
-116
-85
-57
-35
-6
33
64
89
116
145
166
178
199
232
243
236
255
284
292
292
301
318
325
309
300
311
319
310
288
270
262
249
234
225
221
211
190
174
167
160
139
111
93
86
74
62
55
52
41
19
7
-5
-30
-49
-53
-60
-73
-95
-108
-107
-122
-153
-183
-193
-188
-194
-215
-244
-264
-271
-285
-305
-306
-304
-312
-314
-311
-308
-308
-302
-289
-280
-271
-260
-243
-219
-198
-180
-149
-124
-117
-105
-87
-65
-41
-22
0
28
61
80
83
97
133
162
168
177
200
226
233
232
240
258
269
265
267
280
282
280
283
289
281
263
258
250
233
215
204
208
191
161
144
149
153
124
97
94
96
79
51
38
32
26
12
-6
-18
-27
-35
-47
-61
-69
-89
-106
-109
-123
-134
-156
-177
-181
-196
-206
-221
-230
-229
-243
-245
-255
-272
-283
-284
-273
-264
-274
-290
-282
-264
-248
-241
-221
-198
-192
-173
-145
-121
-109
-96
-69
-43
-19
-3
27
70
98
113
124
146
172
187
209
227
229
233
239
257
260
249
258
262
265
259
254
264
254
238
230
220
210
197
190
182
159
141
137
128
115
105
103
90
52
32
43
50
23
-10
-10
-14
-38
-50
-60
-68
-78
-103
-121
-130
-136
-136
-147
-172
-179
-180
-188
-197
-201
-205
-216
-224
-237
-247
-238
-230
-231
-231
-235
-223
-196
-199
-207
-192
-174
-161
-163
-154
-137
-114
-92
-87
-75
-48
-14
-1
6
31
58
73
82
102
126
145
160
171
179
186
202
221
236
240
240
251
257
239
226
235
241
228
233
242
239
226
185
176
176
156
148
123
118
128
103
82
71
57
48
25
12
-1
-11
-9
-21
-25
-28
-46
-69
-92
-92
-89
-102
-108
-129
-149
-160
-178
-185
-189
-199
-201
-190
-187
-197
-208
-217
-222
-232
-242
-233
-211
-208
-205
-199
-201
-190
-185
-173
-174
-169
-142
-128
-118
-110
-84
-47
-29
-19
-8
9
26
47
75
102
127
150
167
171
174
182
184
183
191
205
213
211
210
218
221
217
212
212
208
208
212
210
198
183
181
166
147
136
130
132
114
113
111
93
72
45
34
22
4
-8
-18
-23
-42
-67
-78
-83
-101
-124
-141
-152
-152
-159
-178
-198
-210
-217
-222
-222
-236
-235
-214
-221
-223
-210
-195
-178
-189
-195
-168
-147
-143
-143
-126
-111
-109
-103
-99
-91
-82
-74
-57
-32
-9
8
22
27
28
35
51
60
68
90
120
138
150
168
182
180
179
180
183
191
198
210
221
203
183
185
185
176
178
183
188
186
168
157
147
120
97
94
91
91
89
76
66
48
16
-11
-39
-66
-76
-77
-88
-96
-97
-102
-120
-139
-142
-138
-152
-160
-153
-141
-136
-148
-162
-156
-156
-170
-170
-158
-148
-139
-131
-128
-128
-134
-135
-132
-133
-130
-120
-102
-84
-81
-74
-54
-44
-41
-36
-36
-20
7
12
11
19
28
44
62
69
75
88
104
124
134
134
143
146
141
142
153
165
179
189
186
180
169
151
141
138
137
132
122
111
101
103
107
94
77
67
69
73
53
43
32
23
9
-22
-35
-39
-50
-58
-62
-80
-94
-92
-97
-106
-126
-141
-138
-143
-151
-149
-139
-137
-154
-156
-150
-155
-157
-157
-150
-158
-163
-149
-149
-143
-135
-134
-112
-92
-89
-88
-79
-68
-51
-41
-42
-32
-9
5
9
21
43
65
74
81
97
107
104
106
116
124
128
143
161
157
141
153
171
164
144
150
168
160
144
145
146
134
111
98
103
97
85
96
99
79
65
64
63
38
12
14
23
10
2
8
2
-6
-35
-54
-53
-66
-84
-96
-90
-93
-119
-139
-143
-146
-160
-161
-147
-144
-152
-160
-150
-151
-164
-160
-148
-127
-134
-136
-114
-101
-103
-111
-105
-86
-81
-77
-59
-41
-33
-30
-29
-13
-4
7
28
43
54
62
74
88
86
83
85
97
115
124
124
128
131
129
125
123
125
125
125
131
135
132
125
120
128
134
127
112
100
112
109
97
93
84
75
51
42
36
17
11
8
12
2
-21
-31
-37
-38
-53
-69
-76
-83
-92
-102
-110
-110
-116
-125
-138
-146
-142
-141
-145
-142
-139
-134
-134
-128
-117
-110
-104
-102
-99
-92
-92
-79
-62
-55
-66
-73
-54
-42
-54
-55
-41
-29
-31
-28
-9
-3
-6
6
24
33
27
29
53
71
80
90
112
119
101
94
111
120
109
108
131
141
135
130
135
133
119
122
133
130
120
112
121
112
87
83
78
67
51
44
57
49
37
24
8
-3
-19
-22
-13
-15
-25
-40
-41
-37
-51
-61
-68
-72
-82
-90
-90
-99
-106
-107
-122
-134
-134
-126
-127
-130
-121
-122
-133
-139
-140
-131
-122
-112
-98
-93
-89
-90
-84
-76
-73
-62
-50
-39
-31
-31
-20
-13
-7
-3
1
14
29
49
59
67
77
81
90
87
93
105
112
124
130
147
151
139
140
138
143
139
140
146
133
122
119
117
106
96
103
108
102
98
90
77
58
41
28
27
30
25
20
11
-7
-21
-37
-53
-61
-64
-72
-81
-86
-92
-102
-116
-127
-136
-139
-140
-130
-117
-120
-123
-113
-110
-122
-133
-131
-116
-104
-106
-100
-88
-90
-94
-86
-81
-83
-81
-76
-65
-56
-52
-46
-31
-17
-16
-10
13
32
41
52
62
70
75
69
77
100
106
105
111
110
109
112
113
118
125
124
122
118
117
127
130
132
130
116
110
111
104
103
105
95
86
72
59
53
51
45
34
20
8
9
11
-1
-17
-23
-27
-34
-40
-42
-43
-49
-64
-76
-88
-100
-109
-112
-111
-118
-124
-124
-134
-147
-150
-157
-165
-167
-157
-142
-137
-127
-114
-115
-118
-111
-103
-94
-93
-86
-70
-59
-49
-36
-21
-13
-15
-9
8
10
15
36
51
59
68
78
87
86
83
94
108
115
124
131
139
143
128
133
156
155
151
157
154
142
132
135
153
149
132
129
129
120
111
101
94
86
72
64
52
40
38
32
19
1
-22
-37
-41
-51
-57
-68
-82
-88
-103
-119
-127
-133
-128
-122
-134
-141
-145
-153
-159
-159
-158
-154
-152
-147
-135
-133
-141
-144
-143
-143
-136
-125
-117
-106
-89
-78
-73
-68
-64
-58
-52
-42
-29
-15
0
9
14
24
34
46
64
72
71
79
93
102
111
123
133
137
142
151
155
156
156
157
152
142
140
146
150
148
155
155
133
107
99
99
93
90
98
101
89
72
58
47
33
23
16
10
1
-9
-15
-21
-36
-55
-62
-69
-85
-101
-104
-105
-118
-133
-137
-137
-144
-150
-143
-139
-143
-147
-148
-155
-162
-155
-141
-129
-120
-111
-105
-96
-93
-101
-110
-106
-98
-88
-71
-61
-64
-58
-40
-28
-26
-21
-8
9
21
31
48
64
71
74
81
85
87
98
114
118
113
113
116
117
117
118
122
125
124
123
121
121
125
124
122
119
121
124
119
107
95
87
75
65
63
63
53
44
39
30
17
9
3
-6
-17
-27
-37
-43
-45
-52
-63
-71
-79
-93
-107
-115
-121
-132
-136
-138
-142
-144
-139
-128
-127
-130
-131
-127
-125
-127
-129
-126
-119
-115
-110
-104
-95
-86
-82
-76
-64
-52
-41
-33
-25
-16
-9
-6
3
14
22
29
40
54
63
68
76
88
97
101
102
106
114
120
119
120
125
128
129
130
130
126
123
124
125
120
114
111
111
108
103
96
91
92
91
82
73
72
68
56
39
21
6
-1
-3
-13
-26
-34
-42
-57
-70
-78
-86
-94
-96
-100
-113
-120
-117
-118
-129
-135
-131
-132
-138
-137
-130
-121
-118
-115
-111
-108
-116
-120
-114
-106
-106
-99
-85
-75
-70
-61
-50
-47
-41
-22
-5
1
3
12
21
31
44
59
66
72
79
83
84
86
93
98
94
91
92
98
101
102
108
119
124
120
113
114
112
104
103
107
107
105
112
121
111
96
89
83
76
67
53
41
35
27
15
7
2
-8
-19
-21
-23
-28
-38
-48
-54
-60
-76
-94
-93
-89
-93
-103
-104
-103
-109
-120
-126
-124
-125
-129
-124
-114
-117
-122
-117
-104
-98
-92
-81
-70
-65
-62
-59
-57
-59
-58
-56
-51
-42
-29
-20
-4
9
12
15
22
28
32
39
49
52
58
68
76
82
91
94
98
101
106
111
116
121
121
115
109
108
107
109
111
112
107
102
100
101
102
99
93
88
88
83
72
64
62
47
25
15
14
4
-8
-13
-23
-36
-48
-60
-72
-72
-73
-84
-90
-89
-91
-95
-100
-100
-104
-113
-118
-115
-114
-119
-122
-116
-115
-117
-109
-96
-91
-88
-86
-83
-73
-71
-78
-75
-60
-52
-48
-33
-16
-9
-5
5
15
16
23
34
44
49
52
59
71
71
66
69
75
75
74
82
96
99
95
91
93
98
97
94
98
103
103
103
106
107
90
77
75
70
61
57
61
56
41
27
15
7
3
1
-5
-12
-16
-22
-30
-40
-51
-64
-73
-72
-75
-83
-84
-79
-76
-79
-85
-92
-101
-108
-106
-98
-88
-86
-86
-84
-79
-77
-80
-78
-66
-53
-50
-46
-42
-39
-38
-37
-36
-33
-24
-13
-5
3
16
24
25
24
24
28
35
44
53
57
60
58
55
53
55
66
73
72
72
79
80
71
69
79
88
89
83
80
76
69
63
66
67
56
45
48
49
41
37
40
39
31
26
20
16
10
-1
-8
-13
-24
-34
-36
-32
-38
-48
-48
-47
-53
-67
-78
-83
-87
-90
-92
-89
-84
-79
-78
-76
-71
-66
-66
-70
-69
-66
-67
-64
-58
-59
-67
-71
-68
-58
-38
-13
7
12
-8
-38
-51
-40
-24
-9
14
39
54
59
62
63
63
66
69
72
77
81
71
56
53
59
70
81
91
97
103
107
104
101
102
99
95
95
96
95
95
95
92
79
66
56
53
53
47
32
14
-3
-18
-31
-36
-32
-33
-41
-47
-46
-47
-53
-62
-72
-88
-115
-135
-138
-143
-151
-149
-143
-150
-162
-166
-166
-161
-152
-141
-123
-107
-101
-103
-91
-74
-65
-50
-35
-23
-9
12
30
40
52
62
66
66
60
62
83
103
105
107
120
127
128
134
142
146
145
136
124
113
104
93
81
72
66
62
52
40
42
42
30
17
-3
-17
-22
-29
-27
-16
-22
-31
-33
-38
-36
-30
-30
-28
-30
-36
-34
-32
-34
-30
-30
-27
-25
-28
-29
-17
-9
-12
-16
-19
-21
-21
-23
-19
-15
-12
-11
-11
-9
-9
-17
-23
-20
-18
-21
-25
-33
-39
-46
-48
-44
-47
-45
-38
-38
-35
-28
-27
-25
-30
-42
-48
-39
-25
-19
-20
-17
-13
-6
-3
-3
9
23
20
11
12
18
22
25
36
46
52
56
65
69
71
76
81
83
79
74
83
90
76
65
74
83
74
62
62
66
57
43
37
33
23
13
8
9
10
11
9
4
-6
-16
-20
-21
-28
-35
-40
-51
-69
-77
-71
-67
-71
-80
-83
-86
-86
-81
-82
-80
-78
-83
-84
-84
-75
-61
-56
-56
-60
-48
-33
-37
-40
-40
-37
-35
-31
-20
-9
-2
2
0
3
10
22
31
37
43
49
49
50
49
56
69
71
77
79
84
86
76
65
62
66
71
70
70
71
70
69
65
66
77
77
63
52
51
40
19
9
7
4
-7
-1
0
-11
-16
-21
-29
-48
-59
-48
-48
-51
-58
-61
-59
-64
-60
-52
-49
-50
-58
-64
-67
-71
-70
-65
-61
-57
-48
-36
-31
-32
-26
-15
-12
-14
-12
-5
-1
-2
-5
-2
4
4
3
3
5
9
13
19
24
29
26
20
15
16
20
23
29
34
31
31
34
33
28
25
24
19
14
13
12
10
11
15
20
20
24
29
30
31
37
43
42
35
30
28
24
20
20
23
22
19
19
20
13
6
4
5
-3
-11
-14
-5
0
-5
-12
-12
-9
-13
-20
-26
-29
-33
-41
-47
-53
-56
-61
-63
-65
-64
-60
-56
-53
-51
-49
-51
-52
-50
-50
-48
-40
-35
-36
-34
-27
-21
-21
-16
-6
-3
-7
-12
-11
-5
0
12
29
39
44
45
60
68
63
63
64
64
61
61
71
70
63
66
66
64
64
62
70
67
59
55
46
47
46
39
44
43
40
35
26
28
17
4
-5
-13
-16
-26
-28
-32
-42
-46
-46
-46
-51
-55
-51
-51
-54
-54
-50
-46
-49
-61
-65
-55
-49
-52
-52
-40
-36
-46
-42
-40
-41
-42
-35
-20
-18
-17
-5
-2
-4
-4
3
4
2
7
18
22
25
25
21
19
16
15
13
17
26
28
24
17
16
26
27
24
21
21
21
15
24
35
32
23
20
25
21
14
14
18
18
17
19
23
22
15
15
22
30
28
24
26
28
26
25
25
24
19
13
9
9
7
4
0
-5
-10
-12
-15
-25
-31
-30
-26
-29
-34
-35
-31
-31
-35
-40
-42
-43
-46
-49
-49
-50
-52
-51
-47
-46
-48
-49
-41
-35
-32
-31
-27
-23
-17
-11
-5
3
8
10
11
11
12
15
16
19
23
26
30
31
33
32
31
33
37
40
40
42
43
43
40
39
38
35
31
29
26
24
20
20
21
20
19
14
13
13
12
8
5
4
4
2
0
-2
-4
-9
-10
-8
-7
-11
-20
-24
-22
-23
-24
-25
-22
-23
-23
-22
-15
-14
-15
-15
-13
-14
-16
-18
-18
-19
-21
-21
-17
-15
-17
-17
-16
-14
-15
-11
-6
-6
-8
-8
-4
-1
1
-1
3
2
-1
-2
-1
2
1
-1
-4
-4
-4
-4
-1
2
6
3
3
9
14
14
11
13
17
19
15
14
17
21
21
19
19
20
23
23
25
29
29
28
30
31
32
31
32
33
31
33
32
29
26
25
24
21
17
13
10
7
4
1
-1
-4
-10
-17
-20
-21
-21
-22
-24
-27
-32
-35
-38
-40
-42
-42
-44
-46
-53
-57
-60
-56
-51
-48
-47
-50
-54
-53
-50
-44
-37
-31
-27
-23
-18
-12
-9
-3
0
4
9
10
11
13
16
19
22
23
21
22
27
33
37
37
37
36
39
44
46
46
45
46
46
46
45
44
44
44
43
40
37
34
32
31
30
30
32
34
35
33
28
22
20
21
23
23
20
14
7
2
-3
-8
-14
-19
-21
-24
-23
-26
-31
-36
-42
-45
-46
-47
-48
-51
-55
-57
-59
-59
-59
-59
-61
-65
-69
-72
-74
-70
-68
-65
-65
-63
-60
-51
-46
-39
-32
-26
-19
-15
-11
-7
-1
6
12
19
21
25
29
36
41
45
49
54
58
65
69
71
72
74
76
75
73
69
70
67
69
68
61
57
51
42
42
39
35
41
43
34
31
25
17
11
3
-2
2
-3
-12
-12
-14
-18
-22
-28
-27
-26
-33
-34
-32
-33
-34
-36
-33
-36
-40
-39
-39
-39
-40
-42
-35
-32
-39
-36
-31
-34
-35
-37
-35
-30
-31
-31
-22
-17
-16
-12
-6
-5
-4
-2
-2
1
-1
-2
2
4
3
6
9
11
15
11
14
18
17
18
17
19
25
22
20
20
19
18
15
14
22
21
18
17
15
14
12
9
13
15
14
14
16
16
13
12
14
17
17
17
17
18
18
15
14
14
12
12
10
7
5
2
-3
-2
-2
-6
-7
-8
-7
-9
-16
-20
-20
-20
-21
-24
-24
-22
-25
-29
-31
-33
-33
-33
-34
-31
-28
-27
-27
-27
-26
-26
-26
-25
-21
-15
-13
-12
-11
-6
-4
-5
-3
0
5
7
9
14
17
15
14
19
25
26
24
22
28
35
34
34
40
35
30
31
29
29
27
23
28
31
23
21
25
25
25
28
24
24
27
24
21
20
19
16
11
7
6
1
-6
-8
-10
-11
-16
-21
-23
-27
-30
-32
-34
-35
-36
-36
-34
-37
-43
-47
-49
-48
-51
-50
-50
-55
-57
-51
-50
-51
-48
-43
-41
-41
-33
-29
-22
-17
-12
-9
-5
-1
3
7
13
17
19
23
28
29
32
34
38
47
49
47
47
50
55
59
56
60
64
64
61
59
58
53
46
47
51
47
39
33
31
28
23
19
17
14
7
4
4
2
-2
-7
-7
-6
-8
-16
-18
-16
-19
-27
-28
-28
-34
-36
-32
-32
-33
-35
-35
-36
-37
-38
-37
-35
-35
-35
-31
-33
-34
-33
-31
-31
-29
-25
-23
-19
-15
-13
-14
-14
-12
-9
-7
-2
-1
-2
-1
1
1
1
3
1
2
4
6
5
7
6
8
11
14
16
14
14
16
17
19
20
20
16
14
18
22
22
20
18
19
20
18
21
23
25
27
27
30
33
35
34
36
38
39
38
37
34
33
33
33
33
30
27
21
15
12
8
4
2
0
-4
-10
-13
-19
-24
-30
-32
-34
-33
-37
-38
-44
-49
-53
-53
-52
-53
-58
-59
-60
-61
-62
-60
-55
-54
-56
-58
-54
-49
-46
-44
-43
-37
-31
-24
-21
-19
-13
-5
1
3
4
10
17
20
22
26
35
41
45
47
51
52
53
58
62
60
55
55
57
59
57
55
56
51
44
41
41
38
33
32
33
31
24
17
15
13
6
2
-1
-3
-8
-15
-15
-14
-15
-17
-22
-24
-23
-28
-32
-27
-29
-30
-29
-26
-29
-33
-32
-32
-31
-28
-29
-28
-25
-26
-23
-23
-23
-18
-16
-14
-13
-12
-12
-12
-10
-10
-9
-5
-1
0
-1
5
8
7
7
9
9
6
10
14
12
12
14
12
8
10
14
12
10
13
15
18
17
12
12
13
10
3
11
18
12
8
10
11
10
9
9
10
9
8
10
9
9
8
8
10
9
7
5
6
7
4
1
0
0
-2
-4
-5
-1
-2
-7
-5
-4
-8
-15
-15
-18
-20
-17
-14
-15
-19
-21
-20
-19
-20
-21
-21
-16
-14
-16
-15
-14
-16
-13
-13
-11
-14
-17
-13
-3
-8
-6
0
-4
-5
1
0
1
4
6
8
11
11
9
10
14
15
12
14
17
15
14
18
17
15
17
20
19
17
19
20
19
18
18
17
17
16
12
11
14
11
5
5
7
3
0
2
2
-1
-2
-1
-3
-4
-7
-11
-13
-8
-5
-7
-12
-13
-13
-14
-15
-16
-15
-14
-17
-19
-19
-17
-18
-20
-19
-19
-19
-21
-20
-18
-18
-16
-15
-13
-12
-11
-11
-10
-8
-6
-5
-3
-2
-1
0
1
3
4
5
8
10
12
12
15
14
16
16
18
19
21
22
24
24
24
24
23
21
23
21
19
18
19
20
18
13
14
15
13
8
6
7
5
2
0
0
-2
-2
-3
-2
-5
-9
-10
-9
-13
-18
-18
-15
-15
-19
-18
-14
-13
-16
-18
-16
-14
-17
-17
-16
-14
-12
-13
-12
-10
-9
-9
-6
-6
-4
-4
-3
-3
-2
-3
-2
-1
0
0
2
3
4
4
3
1
2
4
7
11
10
7
8
9
10
11
9
8
9
7
6
4
6
9
8
7
9
8
10
11
8
7
7
11
7
-2
6
8
5
1
3
11
4
3
4
5
7
5
3
5
4
1
-2
3
2
-5
-5
-1
-2
-1
0
3
1
1
-1
-4
-4
-3
-4
-7
-5
-7
-10
-8
-6
-9
-11
-6
-7
-9
-8
-9
-13
-16
-15
-16
-16
-13
-12
-11
-10
-9
-10
-10
-11
-11
-10
-8
-7
-6
-3
-1
0
2
1
4
6
6
6
6
10
12
10
10
10
10
12
14
12
16
17
15
14
16
15
14
15
21
20
15
11
11
11
12
11
8
10
10
7
4
4
3
1
0
1
-2
-6
-5
-3
-6
-10
-9
-8
-8
-8
-10
-11
-9
-9
-9
-11
-10
-10
-10
-10
-10
-12
-12
-11
-13
-12
-13
-12
-11
-9
-9
-10
-6
-5
-5
-6
-4
-4
-2
-4
-5
-5
-4
-2
-2
0
2
4
6
6
7
7
7
5
6
8
8
7
10
11
7
3
5
9
12
10
8
8
10
11
10
8
8
7
7
6
7
7
7
8
7
5
4
3
3
5
2
2
3
3
2
-2
-5
-7
-1
1
1
-4
-5
-3
-3
-5
-7
-4
-2
-3
-6
-8
-9
-10
-10
-9
-8
-10
-14
-14
-13
-12
-11
-10
-9
-8
-8
-10
-10
-8
-7
-7
-8
-7
-5
-6
-6
-5
-4
-4
-2
-1
0
0
0
2
3
5
5
6
8
9
8
9
9
9
10
11
13
11
11
13
11
11
11
13
14
13
11
12
12
13
12
10
8
8
6
7
7
6
5
4
3
1
0
-2
-1
-3
-2
-2
-2
-3
-4
-3
-6
-7
-7
-6
-7
-8
-8
-7
-7
-9
-10
-8
-7
-8
-9
-8
-6
-5
-5
-6
-7
-8
-8
-10
-8
-6
-6
-5
-3
-1
-3
-3
-3
-2
-5
-2
1
-1
-2
-1
0
2
0
-1
2
6
6
2
4
8
9
4
5
7
8
4
4
10
11
7
5
6
7
6
4
4
7
8
2
2
6
5
-1
1
4
1
1
3
0
-2
1
3
0
