3
0
1
4
3
0
1
4
6
4
3
4
6
4
3
3
2
0
2
2
0
3
4
5
2
1
2
0
1
2
0
0
3
4
4
1
-1
0
2
4
1
-2
-5
-5
-6
-3
0
1
1
0
0
-3
-4
-5
-5
-4
-5
-6
-4
-3
-6
-5
-2
-1
-4
-3
-1
-1
-2
-6
-5
-2
1
1
-1
-2
-1
0
-2
-3
-2
0
1
0
0
-1
-2
0
1
1
0
-2
-1
-1
0
1
1
0
-1
-1
0
0
2
2
2
1
0
0
0
-1
-1
-1
0
1
1
1
1
0
0
2
2
1
0
-1
0
0
1
1
2
2
2
1
0
0
1
1
2
1
-2
-1
0
2
3
4
4
5
4
4
6
4
6
4
5
4
0
4
-1
1
0
-1
4
0
4
0
1
2
-2
0
-2
-1
-2
-4
-3
-1
2
1
1
1
1
2
0
0
0
2
0
1
1
2
4
5
6
6
6
5
4
3
3
4
5
5
3
0
-3
-1
0
2
1
0
2
3
2
1
1
-1
1
-3
-3
-1
-5
0
-5
-3
-2
-4
-1
-5
-2
-4
-5
-2
-6
-4
-5
-5
-4
-4
-4
-4
-5
-4
-1
1
0
0
-3
-3
-3
-1
2
3
1
0
-1
-2
-1
1
3
2
2
0
0
0
0
3
6
9
6
0
0
1
0
4
2
2
4
1
0
4
1
-1
2
-2
-2
0
-1
1
2
2
1
1
0
0
-1
0
0
-1
2
1
1
0
-2
-2
-2
1
1
-1
0
-4
0
0
1
1
2
5
4
5
6
3
3
2
2
4
4
4
3
1
3
1
3
5
1
4
1
3
4
2
7
2
2
1
-1
3
1
-1
2
5
-1
-1
0
-4
-6
-3
-1
-2
-3
0
0
-2
-4
-2
-2
-1
0
0
-1
-3
-1
-1
-2
-3
-1
1
0
-3
-3
-1
0
-1
-2
-3
-1
-3
-1
0
0
0
2
6
5
2
0
3
5
3
1
0
1
0
-1
1
-3
-4
0
3
-2
-7
-6
-3
-2
-2
-3
-4
-2
-2
-4
-5
-5
-6
-5
-4
-5
-4
-4
-5
-3
-3
-2
-1
-1
-1
1
1
0
-3
-3
-1
1
-3
-4
-3
0
1
-1
-2
0
-1
0
0
0
0
2
0
-1
1
4
4
4
3
1
0
1
3
4
5
5
5
4
3
4
6
6
7
6
5
4
3
3
4
5
2
3
2
-1
-2
-2
-1
-2
3
3
1
3
-3
-4
1
-2
-3
0
-1
0
2
-3
-3
-2
-2
-1
-1
-3
-4
-4
-3
-2
0
1
-1
-1
0
-1
-1
-1
-2
-2
-2
-3
-1
-2
-2
0
2
1
-1
1
1
0
-1
-3
-1
3
4
-2
-1
4
4
2
2
5
3
2
4
5
3
2
2
3
3
2
0
0
-2
1
0
2
0
-1
0
-2
0
1
-3
-2
1
-3
-5
0
-3
-3
-4
-2
-3
-5
0
-2
-3
-3
-4
0
-2
0
-3
-3
-2
-4
-3
0
1
0
-1
-2
0
0
-2
-3
-3
-2
-2
-1
-1
-1
2
1
1
2
0
0
1
2
2
-1
0
-1
-1
0
-1
1
1
1
0
1
0
-1
-1
1
2
3
2
3
1
1
3
2
2
3
4
4
4
3
2
2
4
5
5
5
3
3
3
4
4
4
2
2
2
3
6
6
6
4
3
-1
1
3
0
-1
3
1
3
7
4
1
3
0
-1
3
1
-1
-1
-4
-3
-3
-4
-4
-5
-6
-7
-6
-6
-5
-6
-5
-3
-3
-4
-4
-2
-1
-2
-2
-2
0
-2
-2
-2
-1
-2
-2
-3
-2
-2
-2
-1
-3
-2
-1
-1
2
1
0
-2
2
3
2
2
-2
3
3
-3
0
3
2
0
-1
2
4
1
-1
3
3
3
2
3
5
4
3
2
2
2
1
-1
-2
-3
-2
0
-1
-1
-3
-2
-3
-2
-3
-3
-2
-2
-3
-2
-3
-3
0
2
2
3
2
1
4
4
3
4
3
4
4
2
1
0
3
5
3
2
0
-1
0
0
1
1
3
5
5
3
2
0
1
1
0
-3
-5
-4
-4
-2
0
0
0
0
0
-1
-1
-1
0
0
0
0
-1
-1
-1
-1
-1
-1
0
0
-1
-2
-2
0
0
0
-1
-1
0
0
-1
2
3
2
4
6
2
3
5
4
2
3
4
1
0
1
1
0
2
4
2
0
0
3
2
1
3
3
5
3
1
3
2
0
2
3
2
3
1
0
0
-1
-2
-2
-3
-4
-4
-4
-3
-1
0
0
0
-1
-2
-3
-3
-4
-4
-4
-4
-4
-3
-3
-3
-2
0
3
2
1
3
4
3
1
-2
0
1
2
1
1
1
-1
0
1
0
-1
-1
1
-1
1
1
3
2
-2
-3
0
2
2
1
3
4
4
1
-2
-2
-2
1
1
-3
-6
-5
-1
0
-3
-4
-1
-1
-2
-4
-4
-4
-4
-3
0
-1
-3
-4
-2
-3
-2
-1
1
3
2
1
1
3
2
2
3
5
4
4
3
4
3
4
3
3
1
0
0
0
0
1
1
1
2
2
1
0
0
2
3
2
-1
-1
3
3
0
-1
1
2
1
-2
0
-2
-1
0
-1
-4
-3
-3
2
1
-5
-4
-3
-2
-2
-3
-3
1
0
-2
-3
-1
0
0
-1
-1
-4
-3
-2
1
3
2
1
0
1
1
1
0
1
2
1
-1
1
1
1
3
3
1
-2
-2
-5
-4
-3
-3
0
-1
-4
-6
-3
-4
-3
-2
0
0
-1
-2
-2
-1
-1
-2
-3
-4
-3
-3
0
1
1
0
0
-1
-2
0
1
1
3
3
3
4
3
2
2
3
5
3
2
3
5
6
3
1
6
5
4
6
4
4
9
6
6
8
3
3
5
4
4
4
1
0
1
-1
-1
-1
-1
-1
0
-1
-2
-3
-3
-4
-4
-4
-5
-5
-4
-4
-4
-3
-3
-4
-4
-3
-5
-5
-6
-3
-3
-2
-2
-1
0
0
-1
1
1
0
3
2
1
5
4
1
6
4
2
6
2
-1
2
0
-1
2
1
2
5
4
2
2
-1
1
3
1
1
-1
-2
2
0
0
0
-2
-1
1
2
0
0
1
-3
-2
1
-1
-5
-2
-3
-5
-3
0
-4
-6
-3
-1
-2
-1
1
0
0
0
-1
-1
0
-1
1
1
1
1
2
3
3
4
4
4
4
3
5
5
3
5
6
6
5
7
5
2
1
3
3
2
3
3
1
1
2
4
1
2
1
0
0
0
0
0
1
2
2
3
1
0
-1
1
1
1
0
-1
-1
-1
-2
1
3
0
-4
-3
0
-2
-5
-4
-1
0
-2
-2
-3
-1
0
0
0
1
1
0
0
-1
-3
-4
-4
-4
-3
-2
-2
0
1
1
2
2
1
1
0
-1
-1
-3
-1
1
0
1
2
0
1
1
2
1
1
-1
0
-2
-1
2
3
1
-2
0
3
1
-3
2
0
0
2
-3
0
-1
-2
0
-5
3
0
-1
0
-4
-1
-1
0
4
1
2
2
3
4
3
3
4
5
4
3
2
-1
1
3
3
4
2
3
3
2
2
3
4
4
2
2
0
-1
0
-1
0
1
-2
-2
-2
-5
-2
0
-3
-1
-2
-5
-3
-3
1
1
-1
-2
1
2
-2
-7
-4
0
2
-3
-4
-1
1
-2
-4
-1
-2
-3
-5
-3
-2
1
3
0
0
2
4
4
4
3
4
4
4
4
3
2
3
4
5
3
3
5
6
5
1
1
3
6
4
1
1
1
2
1
0
2
4
1
-1
-2
-1
-2
-3
-3
-2
-2
-2
-1
-1
-2
-1
-2
-1
-1
-3
-3
-5
-6
-4
-4
-3
-4
-5
-3
-2
-2
-2
-1
0
0
1
-1
-2
-4
-1
0
1
-1
0
1
2
1
1
1
2
1
-1
0
0
0
-1
-1
-1
-1
-1
-1
0
0
1
1
0
-1
-1
-1
0
0
0
1
2
1
0
0
0
-1
0
1
-1
-2
-1
1
1
1
1
1
1
1
0
1
1
2
3
6
5
5
3
6
5
2
1
3
6
5
2
1
3
3
5
3
1
2
4
3
2
3
3
6
6
5
5
4
3
0
0
1
3
3
0
-1
-1
0
0
-4
-4
-3
-2
-1
-2
-1
-1
-2
-1
0
-1
-4
-2
-1
-3
-2
-4
-6
-1
-3
-5
-2
-5
-5
-2
-6
-6
-3
-4
-3
0
-1
-2
0
0
-2
-3
0
-1
-3
1
3
1
2
4
5
1
2
3
0
-1
1
2
1
2
3
2
2
1
0
-1
0
0
0
-1
0
-1
0
-1
-1
-1
0
1
2
3
6
3
3
3
3
0
-3
-1
3
3
-1
-1
3
2
2
2
1
1
2
3
1
2
2
0
2
5
1
-2
1
6
3
0
4
5
3
3
2
2
0
0
0
0
-4
-1
-1
3
3
-3
2
-1
2
2
0
3
0
3
2
1
-1
-3
3
2
-3
-1
-3
-3
-1
-3
-3
1
-3
-5
-4
-6
-3
-2
-4
-4
-3
-4
-3
-3
-1
-3
-1
1
0
0
1
2
2
2
2
1
2
3
2
0
0
3
3
4
4
2
3
3
1
3
3
1
2
2
0
0
-1
0
2
0
-1
-1
1
1
1
-1
0
0
1
-1
-1
0
-1
-2
-1
-1
-2
-2
-1
0
-1
-2
0
1
-2
-3
-3
-1
-1
0
2
-1
1
1
1
2
2
0
1
-1
-3
1
1
0
4
-2
1
5
0
-2
2
-1
0
1
-1
2
2
0
3
3
0
2
4
2
1
1
0
0
-2
-1
1
2
1
-2
-3
-5
-5
-2
1
0
-1
-1
1
-1
-1
-2
-2
-1
-3
-3
-2
-1
-2
-2
-1
-2
0
0
0
1
0
2
4
5
3
0
1
3
2
1
0
0
1
2
0
-2
0
3
2
5
4
3
3
5
6
1
1
6
5
0
-1
2
0
-2
2
3
-1
-2
1
0
-2
-3
-4
-2
2
-3
-4
-1
-2
-4
-1
2
-3
-5
-1
0
-1
-2
0
2
1
-2
-3
-1
1
1
-1
-2
-2
-2
-3
-2
0
1
1
1
0
-1
-1
-1
1
2
1
2
2
-1
-4
-3
-1
1
0
1
2
3
2
1
0
1
1
1
2
3
3
3
3
3
1
-1
-1
-1
-2
-1
0
1
0
0
-1
-2
-2
-1
0
1
3
0
1
1
0
-1
-2
4
0
5
7
2
5
1
-2
-6
-3
6
-3
-7
-3
-1
0
0
3
3
2
3
2
1
1
1
1
5
2
3
3
1
1
0
0
0
1
2
3
3
0
2
2
1
-3
-1
4
2
1
3
1
1
0
-6
-4
-1
1
3
2
1
4
3
3
2
0
0
1
2
1
1
2
1
2
3
5
3
3
3
2
1
1
1
-2
-2
-3
-4
-3
-2
0
-1
4
2
-1
4
-2
0
3
1
1
3
-1
-2
1
0
-1
3
4
2
1
1
0
-4
-3
-2
-1
-4
-5
-4
-2
-3
-4
-5
-3
-1
-2
-4
-1
1
-1
-3
-1
-1
0
2
0
-3
-3
0
1
2
1
2
0
0
1
-1
-2
-2
-1
-2
-3
-3
-2
-1
3
3
1
-1
-4
-2
0
1
1
2
1
2
0
0
-1
0
1
1
2
0
-1
-1
-1
-1
1
0
-1
-1
0
1
1
-1
-3
-1
1
1
0
-1
2
4
5
2
1
1
4
2
1
-1
-1
3
6
2
0
6
10
5
3
8
11
7
6
10
9
6
8
8
7
7
7
7
6
2
3
3
5
5
3
2
3
1
0
0
0
-2
-4
-5
0
0
0
-1
-3
-2
-2
-1
-2
-4
-4
-5
-5
-3
-3
-4
-2
0
-1
-3
0
2
-1
-2
-3
-2
-1
-1
0
0
-1
-1
-1
-1
-1
2
5
4
2
2
2
3
3
3
4
2
-1
-4
-1
1
0
1
0
-4
-7
-6
-5
-6
-4
-2
-2
-1
0
1
1
1
-1
-3
-1
-3
-1
3
2
-3
-5
-4
-4
-2
-1
-2
-6
-7
-9
-6
-2
-2
-2
1
-1
-2
2
7
7
8
9
6
5
8
12
13
16
18
14
12
12
15
19
21
19
14
10
6
3
5
9
9
9
8
2
-4
-5
-4
-5
-4
-2
-6
-11
-12
-8
-7
-5
1
4
1
-3
-3
-5
-7
-3
5
8
2
-6
-6
-4
-1
6
10
3
-9
-11
-5
0
3
7
1
-14
-26
-27
-23
-19
-10
-9
-23
-46
-61
-61
-39
-5
23
14
-31
-70
-64
-14
41
64
48
14
-10
-9
27
78
107
90
50
30
39
62
77
79
78
75
64
44
29
28
35
47
52
45
11
-34
-52
-24
19
34
0
-47
-68
-59
-35
-4
13
-13
-65
-87
-61
-29
-24
-34
-40
-49
-62
-64
-60
-53
-49
-44
-40
-46
-61
-73
-77
-62
-36
-24
-39
-68
-85
-76
-49
-20
-9
-25
-52
-68
-63
-32
5
22
-1
-36
-43
-14
16
25
20
14
7
2
10
28
34
22
19
37
55
47
28
31
53
77
86
82
68
49
45
74
107
106
68
32
23
31
41
47
40
15
-22
-38
-26
-16
-24
-29
-18
-14
-37
-49
-34
-13
-10
-4
15
32
31
32
53
73
79
85
99
104
91
87
104
123
123
107
91
78
65
69
86
88
58
27
28
29
17
25
51
52
26
7
13
9
-4
28
69
61
47
54
46
22
35
95
137
121
86
55
26
12
8
22
57
20
-102
-222
-318
-348
-306
-308
-394
-535
-748
-942
-981
-844
-657
-649
-867
-1089
-1161
-1049
-758
-440
-299
-367
-506
-513
-294
59
392
564
539
457
473
610
792
920
975
984
917
771
639
580
548
495
441
357
162
-124
-369
-436
-364
-332
-389
-486
-617
-714
-683
-512
-301
-184
-181
-160
-30
120
282
471
673
839
866
892
957
1023
1150
1243
1264
1207
1044
837
747
762
754
671
484
264
62
-99
-168
-187
-233
-306
-394
-496
-534
-454
-346
-315
-304
-232
-174
-175
-141
-52
-2
21
107
202
209
176
180
149
90
118
209
219
114
-6
-81
-146
-184
-176
-278
-479
-605
-627
-636
-787
-1021
-1215
-1441
-1649
-1565
-1317
-1290
-1493
-1818
-1968
-1783
-1459
-1123
-927
-894
-910
-902
-711
-180
353
550
606
670
829
1024
1183
1368
1492
1522
1496
1371
1173
1083
1053
928
803
715
536
139
-281
-362
-229
-283
-516
-653
-733
-937
-1085
-887
-549
-468
-579
-552
-384
-308
-284
-52
383
749
905
907
806
654
692
1107
1665
1855
1539
1122
953
977
1100
1345
1481
1152
531
162
199
353
409
323
87
-199
-397
-495
-477
-281
-101
-221
-475
-472
-290
-267
-271
-16
235
114
-110
-27
185
204
188
347
449
272
64
124
313
387
365
345
291
184
127
171
221
210
158
78
-38
-162
-315
-499
-602
-627
-807
-1161
-1475
-1748
-2095
-2306
-2139
-1931
-2173
-2680
-2957
-2866
-2580
-2232
-1809
-1514
-1565
-1611
-1270
-650
4
476
726
903
1096
1429
1838
2049
2121
2250
2379
2371
2141
1843
1718
1636
1452
1282
1071
631
93
-276
-367
-344
-488
-809
-1112
-1290
-1309
-1226
-1122
-1005
-943
-954
-830
-444
-70
9
34
318
663
851
1059
1417
1675
1604
1476
1602
1803
1919
2003
1922
1639
1403
1276
1151
1038
956
823
506
100
-95
-110
-166
-311
-537
-641
-524
-547
-733
-738
-642
-585
-445
-252
-238
-369
-296
-20
130
274
521
417
29
136
700
839
508
478
682
458
195
544
831
369
-98
89
339
46
-311
-202
-143
-515
-766
-671
-753
-1141
-1365
-1369
-1621
-2093
-2393
-2574
-2725
-2654
-2479
-2535
-2853
-3159
-3113
-2670
-2155
-1769
-1553
-1440
-1204
-897
-629
-106
674
1211
1263
1194
1477
1886
2007
2110
2376
2477
2229
1825
1658
1706
1530
1162
945
824
482
-122
-526
-458
-448
-823
-1099
-1053
-1053
-1256
-1380
-1151
-767
-658
-702
-501
-152
-7
-20
272
924
1306
1273
1397
1647
1549
1410
1815
2433
2504
2088
1823
1780
1582
1378
1550
1676
1238
629
311
147
31
42
51
-238
-654
-692
-558
-667
-671
-444
-421
-553
-459
-205
-143
-187
36
355
445
481
510
415
420
620
773
792
693
501
369
408
558
549
258
73
115
23
-157
-169
-195
-494
-840
-826
-731
-1075
-1535
-1642
-1771
-2295
-2745
-2742
-2860
-3308
-3264
-2729
-2792
-3499
-3751
-3195
-2534
-2172
-1737
-1174
-1032
-1195
-852
79
961
1471
1682
1760
1863
2065
2352
2609
2767
2806
2618
2220
1829
1637
1591
1442
1110
725
339
-90
-571
-860
-804
-785
-1020
-1262
-1435
-1575
-1636
-1462
-958
-510
-481
-633
-589
-195
281
561
994
1647
1791
1439
1457
1905
2188
2287
2536
2690
2229
1672
1706
1777
1590
1556
1421
918
329
34
118
68
-236
-427
-596
-747
-836
-1011
-892
-496
-454
-601
-476
-275
-221
-95
335
667
468
343
709
848
675
814
1006
859
746
921
945
520
289
492
392
155
379
481
-3
-433
-281
-83
-485
-893
-742
-809
-1437
-1874
-1955
-2228
-2748
-3044
-3013
-3204
-3633
-3554
-3165
-3381
-3909
-3826
-3141
-2523
-2216
-1844
-1343
-1100
-1012
-604
298
1334
1816
1684
1662
2050
2460
2654
2770
2820
2637
2312
2103
1974
1743
1395
1048
747
426
8
-487
-902
-1072
-1077
-1171
-1416
-1625
-1693
-1677
-1566
-1310
-987
-780
-781
-764
-315
458
935
1018
1205
1483
1538
1711
2301
2723
2557
2303
2358
2402
2235
2153
2196
1998
1459
1044
1003
897
465
134
99
-53
-484
-730
-595
-647
-930
-782
-445
-485
-547
-375
-298
-298
56
597
595
268
524
1010
881
673
1064
1319
838
512
919
1117
627
345
639
717
305
91
237
130
-256
-349
-217
-437
-942
-1167
-1154
-1454
-2035
-2383
-2501
-2856
-3452
-3774
-3649
-3420
-3401
-3693
-4070
-4143
-3831
-3196
-2319
-1587
-1402
-1612
-1505
-753
179
1109
1952
2122
1773
1847
2494
3082
3200
3082
3091
2999
2578
2178
2007
1847
1495
1000
688
514
-85
-943
-1258
-1096
-1144
-1465
-1666
-1748
-1980
-2151
-1861
-1372
-1130
-1035
-876
-530
29
377
411
778
1596
2115
2058
2030
2381
2579
2467
2664
3056
2941
2392
2022
2005
1902
1548
1316
1139
711
243
-5
-121
-351
-617
-600
-550
-836
-1086
-925
-570
-359
-342
-328
-231
-88
162
435
554
624
686
623
641
842
932
828
760
841
868
691
592
631
528
427
491
442
204
21
-64
-293
-635
-728
-642
-892
-1441
-1910
-2388
-2950
-3231
-3186
-3357
-3828
-3954
-3720
-3991
-4671
-4710
-3980
-3208
-2741
-2424
-2141
-1963
-1674
-940
79
1068
1777
1956
1824
1956
2531
3194
3523
3468
3258
3011
2695
2344
2145
2110
1838
1158
511
154
-284
-897
-1201
-1134
-1260
-1745
-2146
-2214
-2150
-2147
-2040
-1581
-1031
-933
-1104
-770
60
599
750
1189
1911
2174
1995
2158
2679
2851
2726
2899
3118
2768
2227
2136
2151
1785
1393
1253
957
394
70
66
-83
-415
-586
-591
-650
-743
-767
-625
-308
-130
-272
-297
43
283
301
573
947
843
545
665
946
902
762
837
860
639
498
576
534
330
335
476
369
201
234
49
-530
-808
-555
-540
-1011
-1378
-1637
-2380
-3329
-3640
-3427
-3469
-3718
-3658
-3698
-4501
-5343
-4957
-3595
-2604
-2376
-2296
-2187
-2205
-1858
-605
986
1832
1787
1647
1880
2369
3012
3668
3964
3699
3246
3034
2812
2404
2209
2255
2085
1384
446
-98
-444
-951
-1117
-924
-1065
-1782
-2560
-2576
-2062
-1844
-1690
-1285
-1019
-1076
-1071
-453
448
830
1015
1573
2107
2188
2033
2229
2849
3124
2938
2937
2845
2290
1947
2091
2154
1816
1281
838
379
-21
10
75
-190
-464
-715
-990
-1129
-1042
-676
-356
-299
-269
-302
-378
-196
210
656
888
675
402
414
501
719
1097
1135
725
364
439
692
578
418
676
755
452
396
535
335
-173
-395
-79
75
-366
-881
-1344
-2176
-3134
-3569
-3395
-3205
-3419
-3720
-4176
-5180
-5859
-5225
-3853
-2867
-2788
-3127
-3094
-2744
-2202
-1056
547
1670
1656
1111
1218
2106
3045
3620
3860
3824
3506
3044
2697
2547
2531
2515
2222
1501
603
-102
-564
-896
-1043
-1045
-1270
-1887
-2507
-2672
-2442
-2171
-1905
-1514
-1209
-1244
-1254
-709
89
505
744
1389
2125
2221
1912
2023
2574
2946
3012
3066
3004
2538
1926
1727
1947
2038
1670
1064
554
227
90
180
303
86
-390
-624
-537
-511
-504
-177
220
184
-110
-136
167
533
776
781
616
539
570
508
495
739
854
483
144
290
401
85
-83
254
524
347
172
274
213
-230
-474
-131
182
-189
-929
-1532
-2156
-2900
-3309
-3244
-3168
-3286
-3462
-3970
-5036
-5794
-5168
-3619
-2630
-2662
-2962
-3044
-2975
-2416
-866
1058
1929
1374
647
998
2252
3395
3895
3899
3616
3192
2885
2854
2936
2856
2488
1915
1338
772
80
-522
-654
-542
-738
-1265
-1829
-2309
-2479
-2118
-1541
-1200
-1072
-1093
-1300
-1207
-306
766
1088
1050
1446
1888
1810
1805
2379
2861
2740
2558
2633
2499
2074
1877
1928
1782
1410
1050
685
279
20
25
105
-35
-361
-507
-440
-481
-491
-102
349
368
188
109
82
316
939
1328
999
457
284
353
494
780
890
428
-184
-223
140
137
-151
-109
86
41
9
186
131
-473
-840
-303
147
-305
-1105
-1795
-2407
-3042
-3478
-3308
-2887
-2849
-3468
-4637
-5447
-5279
-4502
-3413
-2467
-2345
-2934
-3344
-2772
-1444
-102
1128
1880
1495
726
1022
2364
3510
3811
3661
3469
3057
2408
2128
2514
2855
2329
1404
969
539
-400
-1027
-816
-366
-699
-1805
-2329
-2202
-2322
-2152
-1311
-599
-682
-1326
-1336
-443
380
992
1561
1896
2037
1878
1760
2383
3163
3221
2905
2745
2530
2018
1653
1876
2000
1452
889
535
20
-423
-521
-224
14
-362
-721
-742
-874
-702
-114
369
688
668
374
246
448
1051
1565
1442
1141
986
706
458
675
1057
801
33
-292
-83
-24
-209
-205
-81
-278
-544
-335
-76
-435
-940
-858
-547
-641
-1042
-1609
-2444
-3190
-3364
-3151
-2959
-2890
-3154
-4074
-5210
-5473
-4442
-2995
-2223
-2283
-2691
-2993
-2748
-1648
-59
1260
1888
1796
1274
1139
2057
3468
4147
3825
3333
3125
2799
2212
1996
2388
2497
1690
678
156
-265
-968
-1351
-920
-550
-1125
-2109
-2569
-2244
-1703
-1416
-946
-316
-199
-543
-597
423
1723
1912
1973
2700
2862
2344
2229
2915
3545
3206
2773
2784
2300
1498
1096
1127
1264
870
115
-453
-1042
-1469
-1334
-912
-670
-901
-1330
-1387
-1026
-510
-7
455
834
906
725
770
1282
1850
1928
1640
1502
1537
1389
1083
961
939
610
95
-69
39
-146
-595
-749
-558
-487
-682
-907
-1088
-1336
-1570
-1539
-1274
-1286
-1991
-3050
-3799
-4101
-4102
-3632
-2827
-2757
-4096
-5667
-5726
-4312
-2838
-1941
-1469
-1690
-2549
-2701
-1222
882
2221
2624
2421
1895
1726
2485
3657
4248
4095
3703
3234
2543
1836
1600
1787
1715
1109
355
-371
-1283
-2190
-2270
-1528
-1298
-2048
-2801
-2931
-2666
-2347
-1752
-701
-74
-330
-479
191
1243
1962
2396
3105
3704
3522
3215
3499
3916
3929
3673
3559
3459
2751
1737
1331
1278
911
315
-219
-662
-1324
-2043
-2112
-1769
-1645
-1695
-1756
-1678
-1532
-1335
-659
250
722
705
617
1053
1793
2061
2043
2135
2150
1990
1817
1913
2043
1584
849
545
583
519
215
-117
-327
-525
-731
-903
-1123
-1490
-1866
-1900
-1570
-1503
-2235
-3442
-4312
-4523
-4338
-3943
-3456
-3391
-4237
-5533
-6040
-5092
-3383
-2100
-1736
-1955
-2194
-2022
-1119
436
1972
2829
2931
2720
2645
2883
3529
4335
4723
4478
3780
3008
2443
1987
1724
1707
1459
750
-277
-1442
-2235
-2383
-2119
-1787
-1972
-2786
-3395
-3356
-2921
-2163
-1302
-678
-383
-404
-276
464
1544
2627
3389
3650
3747
3778
3765
4044
4493
4751
4556
3846
3099
2590
2156
1786
1328
677
68
-581
-1352
-1878
-2012
-2026
-2114
-2238
-2220
-2118
-2135
-1945
-1248
-458
33
211
245
445
933
1523
1962
2103
2020
1918
1926
1940
1859
1776
1584
1152
783
669
548
196
-98
-78
-224
-770
-1208
-1491
-1740
-1708
-1541
-1777
-2773
-4058
-4719
-4855
-4865
-4475
-3925
-4022
-4993
-6224
-6569
-5423
-3534
-2213
-2047
-2424
-2507
-2157
-1286
391
2354
3487
3287
2433
2318
3369
4558
5070
4969
4657
4254
3442
2590
2390
2419
2069
1429
696
-53
-1031
-2212
-2777
-2411
-2005
-2394
-3308
-3816
-3664
-3363
-2848
-1807
-912
-884
-1188
-832
383
1772
2637
3114
3559
3768
3788
4124
4758
5234
5197
4689
4157
3701
3300
3024
2491
1763
1285
734
-98
-902
-1466
-1647
-1682
-1855
-2080
-2262
-2234
-2184
-2287
-1841
-783
-221
-383
-406
104
666
980
1441
1967
1876
1423
1435
1798
1907
1696
1441
1255
1028
800
657
541
549
412
-277
-857
-862
-905
-1195
-1464
-1699
-2193
-3300
-4559
-5035
-4827
-4645
-4561
-4367
-4598
-5859
-7110
-6569
-4503
-2836
-2453
-2701
-2837
-2750
-2213
-513
1907
3277
3040
2367
2472
3464
4467
5066
5334
5055
4522
4094
3510
2881
2555
2412
1988
1047
172
-389
-1301
-2321
-2541
-2183
-2152
-2794
-3591
-3753
-3301
-2837
-2330
-1498
-884
-1025
-1198
-302
1310
2329
2595
2993
3584
3711
3557
3959
4840
5158
4603
4043
3914
3635
3002
2550
2330
1848
1101
378
-320
-979
-1367
-1410
-1352
-1494
-1847
-2089
-2070
-1945
-1585
-899
-431
-498
-549
-218
185
597
1185
1499
1220
940
1126
1411
1392
1205
1052
800
625
781
780
332
-16
31
10
-545
-1022
-672
-401
-1051
-1848
-2269
-2828
-3883
-4842
-4890
-4377
-4083
-4207
-4947
-6099
-6714
-6200
-4764
-3202
-2464
-2743
-3232
-3154
-2335
-716
1415
2881
2835
2085
2005
2979
4344
5245
5366
5011
4537
3973
3391
3159
3230
2947
2018
953
265
-330
-1201
-1931
-2115
-2011
-2123
-2699
-3342
-3538
-3261
-2663
-2017
-1433
-992
-1054
-1077
-80
1305
1993
2202
2578
3123
3367
3427
3920
4500
4389
3905
3706
3785
3672
3075
2461
2259
1925
1181
519
125
-200
-658
-1139
-1296
-1307
-1397
-1419
-1486
-1517
-1180
-667
-295
-98
-66
-77
132
720
1299
1303
1002
1050
1258
1107
798
777
843
597
311
425
551
265
-138
-396
-569
-763
-870
-643
-583
-1254
-2188
-2999
-3770
-4404
-4657
-4292
-3741
-3886
-4797
-5977
-6732
-6290
-4797
-3217
-2362
-2458
-2948
-3059
-2462
-1038
1047
2831
3212
2367
1722
2284
3676
4890
5316
5086
4657
4007
3103
2627
2806
2922
2450
1498
530
-342
-1264
-1781
-1725
-1733
-2015
-2433
-2915
-3291
-3372
-2809
-1736
-1006
-907
-1003
-827
-104
975
1917
2459
2768
3059
3183
3135
3279
3784
4312
4266
3672
3151
2787
2425
2217
2076
1820
1384
638
-260
-846
-858
-598
-628
-919
-1063
-1187
-1492
-1501
-821
20
338
268
168
65
143
692
1383
1566
1221
905
880
894
722
474
310
243
261
275
106
-232
-520
-740
-1005
-1087
-831
-779
-1387
-2286
-2940
-3419
-4088
-4765
-4975
-4739
-4354
-4252
-4889
-5947
-6505
-5926
-4342
-2754
-1990
-1950
-2258
-2379
-1621
96
2090
3421
3531
2829
2463
3207
4554
5306
5100
4578
4170
3644
2908
2376
2250
2042
1314
346
-440
-1120
-1885
-2443
-2414
-2172
-2312
-2698
-3014
-3126
-2811
-2105
-1246
-494
-245
-326
15
1039
2159
2665
2760
3161
3672
3678
3535
3810
4059
3712
3288
3353
3300
2529
1613
1241
1154
860
460
128
-340
-941
-1239
-1102
-901
-838
-776
-674
-626
-581
-351
220
977
1327
951
523
830
1557
1882
1784
1661
1351
776
499
712
763
291
-126
-67
41
-170
-665
-1285
-1708
-1789
-1582
-1247
-1338
-2168
-3449
-4683
-5269
-5279
-5185
-4821
-4333
-4494
-5541
-6806
-7057
-5764
-3774
-2176
-1592
-1934
-2391
-2225
-1086
981
3245
4472
4045
2947
2702
3702
5153
5932
5728
5177
4531
3619
2681
2148
2137
2040
1195
29
-802
-1599
-2692
-3394
-2971
-2190
-2414
-3438
-3962
-3609
-2994
-2348
-1306
-164
205
-120
49
1381
2829
3238
3245
3732
4217
4072
3707
3977
4452
4075
3347
3029
2697
2085
1444
1067
861
420
-122
-613
-1123
-1268
-1056
-880
-877
-1092
-1175
-921
-538
61
735
1104
1111
819
759
1316
1900
2064
2042
1881
1352
686
608
1030
988
342
-175
-299
-300
-326
-484
-1016
-1712
-1906
-1545
-1263
-1447
-2049
-2962
-4008
-4744
-5011
-5156
-5152
-4720
-4373
-4990
-6555
-7606
-6834
-4908
-3148
-2158
-2137
-2703
-3124
-2548
-417
2247
3814
3782
2847
2449
3235
4597
5811
6175
5671
4996
4344
3690
3111
2718
2520
1839
627
-199
-787
-1787
-2809
-2988
-2368
-2200
-2953
-3641
-3702
-3288
-2602
-1679
-479
273
-32
-255
799
2331
3071
3320
3917
4417
4062
3439
3579
4206
4248
3645
3217
2956
2217
1255
891
1004
844
311
-253
-859
-1467
-1637
-1233
-730
-503
-543
-736
-835
-505
278
1214
1897
1883
1218
804
1316
2179
2522
2379
2022
1302
433
124
372
434
111
-219
-415
-587
-903
-1566
-2271
-2312
-1710
-1222
-1271
-1923
-3256
-4795
-5549
-5215
-4517
-4134
-4062
-4262
-5149
-6627
-7317
-6092
-3835
-2319
-2050
-2391
-2819
-2985
-2311
-468
1943
3561
3454
2277
1757
2716
4284
5322
5653
5479
4788
3844
3229
3090
3044
2758
2148
1275
316
-676
-1755
-2570
-2561
-1992
-1826
-2366
-2959
-3211
-3292
-3005
-1870
-276
620
409
84
645
1703
2370
2882
3849
4593
4167
3258
3160
3679
3803
3508
3380
3198
2327
1104
535
651
577
114
-258
-630
-1284
-1733
-1503
-984
-675
-537
-471
-523
-524
-65
921
1809
1935
1536
1342
1515
1773
2093
2339
2052
1244
607
484
476
235
-115
-361
-456
-540
-901
-1607
-2194
-2223
-1889
-1625
-1634
-2200
-3577
-5179
-5886
-5495
-4861
-4467
-4154
-4272
-5515
-7223
-7444
-5436
-2850
-1588
-1652
-2054
-2469
-2646
-1595
907
3253
3859
3044
2210
2272
3249
4506
5245
5193
4691
4100
3501
2948
2618
2495
2209
1491
603
-162
-1010
-2050
-2634
-2269
-1713
-2012
-2868
-3213
-2877
-2417
-1857
-905
5
201
5
472
1813
2912
3055
2965
3491
4145
4080
3684
3784
3919
3358
2745
2710
2780
2143
1111
552
213
-75
-307
-618
-913
-1263
-1335
-1035
-818
-660
-507
-429
-295
-20
615
1351
1659
1807
1928
1988
2185
2248
2103
1952
1823
1674
1154
487
224
-25
-480
-723
-633
-671
-1522
-2641
-2882
-2585
-2419
-2462
-2746
-3534
-5221
-6737
-6788
-5751
-4668
-4219
-4349
-5273
-6966
-7710
-5861
-2451
-298
-447
-1458
-2031
-2052
-1165
1237
4080
5101
3749
2058
2020
3288
4364
4719
4808
4665
3876
2620
1730
1676
1792
1616
1184
677
7
-1388
-2829
-3188
-2246
-1211
-1387
-2265
-2864
-2922
-2682
-1994
-702
636
969
309
197
1200
2502
3122
3380
4074
4357
3769
3235
3492
4056
3786
3099
2858
2660
1955
880
252
329
475
212
-466
-1175
-1564
-1560
-1236
-694
-241
-264
-642
-676
43
985
1488
1565
1531
1511
1673
2141
2502
2166
1366
995
1307
1636
1483
987
350
-312
-604
-348
-205
-833
-1828
-2361
-2340
-2237
-2325
-2733
-3741
-5407
-6980
-7339
-6332
-5074
-4671
-5311
-6611
-7835
-7838
-5977
-3131
-1095
-869
-1756
-2310
-1799
-324
1814
3986
5002
4312
3106
2884
3732
4772
5277
5261
4994
4207
2908
1895
1562
1549
1414
1001
366
-620
-2017
-3148
-3201
-2343
-1605
-1764
-2463
-2866
-2834
-2509
-1785
-739
314
881
869
1120
1960
2730
3184
3576
4132
4511
4147
3522
3352
3462
3524
3296
2884
2430
1524
439
39
252
344
-146
-855
-1177
-1332
-1454
-1070
-327
30
-186
-384
-67
648
1502
2229
2465
2213
2011
2243
2685
2849
2564
1992
1444
1212
1244
1129
696
160
-345
-866
-1355
-1777
-2276
-2812
-3175
-3508
-4195
-5299
-6588
-7782
-8397
-7871
-6370
-5147
-5519
-7339
-8828
-8270
-5668
-2549
-497
-99
-862
-1628
-1160
1023
3976
5870
5754
4546
3826
4122
4779
5102
5102
5068
4758
3624
1911
685
403
439
281
101
-182
-1232
-3074
-4347
-3890
-2469
-1632
-1686
-1931
-2201
-2620
-2344
-732
1112
1775
1388
1308
2057
2620
2773
3417
4466
4971
4434
3537
3231
3055
2549
2363
2621
2619
1748
345
-565
-870
-825
-467
-227
-413
-1033
-1731
-1639
-893
-164
561
953
935
752
925
2035
3168
3616
3592
3290
3048
2771
2525
2589
2671
2477
2042
1575
1099
266
-595
-1027
-1232
-1418
-1927
-2652
-3327
-4099
-4877
-5721
-6606
-7519
-8600
-9064
-8196
-6696
-6323
-7621
-8956
-8643
-6452
-3804
-1694
-411
-401
-916
-704
1135
4126
6243
6505
5538
4544
4538
5324
5942
5790
4865
3929
3206
2140
933
-14
-706
-1267
-1592
-1645
-1955
-3099
-4420
-4721
-4058
-2966
-2057
-1597
-1440
-1812
-1979
-884
1134
2940
3506
3323
3474
3634
3633
3995
4718
5411
5280
4260
3399
2776
2195
1902
1771
1683
1158
124
-875
-1678
-1933
-1662
-1354
-1294
-1461
-1605
-1627
-1444
-838
120
906
1167
1169
1498
2320
3165
3639
3809
3838
3732
3541
3377
3065
2443
1886
1848
2075
1893
1001
-283
-1310
-1659
-1530
-1515
-1974
-2843
-3894
-4953
-5925
-6816
-7730
-8564
-8660
-7590
-6399
-6797
-8724
-10122
-9383
-6829
-3830
-1599
-769
-1233
-2025
-1640
772
4222
6560
6675
5449
4483
4596
5496
6310
6385
5743
4798
3766
2590
1312
234
-424
-811
-1193
-1701
-2506
-3736
-4948
-5306
-4524
-3242
-2345
-2149
-2305
-2245
-1580
-190
1616
3031
3493
3466
3728
4249
4596
4865
5364
5785
5534
4623
3675
2999
2399
1930
1851
1753
921
-483
-1619
-2074
-1928
-1454
-1201
-1551
-2103
-2254
-1999
-1482
-583
452
914
768
803
1443
2396
3360
4037
3976
3295
2911
3300
3770
3536
2795
2226
2008
1870
1593
991
-96
-1301
-1890
-1755
-1670
-2266
-3461
-4845
-6126
-7160
-7876
-8169
-7820
-6858
-6135
-6762
-8590
-9812
-8767
-5901
-3074
-1457
-1086
-1539
-2174
-1759
719
4107
6011
5662
4377
3943
4600
5187
5363
5467
5340
4603
3077
1454
540
0
-516
-789
-844
-1231
-2666
-4510
-5146
-4444
-3455
-2837
-2568
-2340
-2301
-2420
-1757
-4
1905
2974
3065
3170
4012
4695
4658
4935
5874
6335
5569
4305
3670
3371
2591
1964
2018
1780
603
-810
-1650
-1918
-1918
-1712
-1587
-1800
-2098
-2223
-2031
-1286
-157
743
1121
1259
1542
2083
2828
3593
4020
3824
3346
3312
3638
3458
2694
2104
1801
1434
1182
1022
224
-1280
-2388
-2400
-1937
-1975
-2797
-4060
-5413
-6722
-7721
-8054
-7684
-6852
-5926
-5605
-6561
-8274
-8952
-7309
-4100
-1348
-205
-342
-1088
-1815
-1277
1502
5185
6876
5621
3570
3049
3902
4531
4475
4513
4745
4144
2345
514
-316
-608
-1018
-1138
-742
-979
-2834
-5012
-5383
-3994
-2541
-1901
-1743
-1717
-1931
-1987
-976
1012
2777
3253
2836
3146
4198
4583
4529
5090
5879
5827
4862
3981
3603
3144
2531
2242
2215
1861
749
-799
-1902
-2017
-1499
-1195
-1354
-1578
-1879
-2400
-2442
-1383
53
812
981
1122
1310
1750
2762
3714
3675
3101
3068
3393
3252
2697
2172
1751
1559
1632
1407
381
-1101
-2266
-2601
-2206
-1860
-2524
-4419
-6824
-8620
-9065
-8385
-7220
-6065
-5669
-6591
-8304
-9311
-8214
-5178
-1749
497
864
106
-798
-1082
695
4307
7211
7654
5873
3804
3024
3135
3691
4402
4621
3987
1998
-591
-1981
-2215
-2228
-2280
-2146
-1843
-2753
-5009
-6189
-5292
-3539
-2060
-1186
-749
-953
-1593
-1215
830
3241
4436
4392
4262
4344
4151
4094
4884
5817
5575
4314
3320
2871
2297
1589
1370
1522
1276
458
-488
-1365
-1979
-1881
-1210
-807
-977
-1291
-1487
-1390
-619
646
1528
1714
1744
1981
2397
3060
3822
4089
3699
3287
3251
3231
2888
2324
1716
1226
1040
974
451
-822
-2329
-3186
-3104
-2724
-2828
-3721
-5373
-7467
-9198
-9671
-8587
-6527
-4887
-5031
-6904
-8833
-8914
-6503
-2701
446
1656
1289
415
-71
739
3356
6651
8324
7420
5443
4389
4346
4117
3570
3611
4031
3271
818
-1701
-2887
-3287
-3671
-3564
-2663
-2422
-4196
-6382
-6500
-4763
-2959
-1936
-1230
-544
-552
-913
-54
2178
4273
4982
4898
5316
5633
4999
4494
5125
6213
6173
4725
3229
2121
1082
533
699
1027
543
-908
-2228
-2835
-2717
-2001
-1468
-1441
-1661
-1917
-1805
-1127
60
1255
1643
1675
2109
2733
3430
4146
4545
4342
3751
3724
4143
3827
2886
2032
1387
873
506
395
-126
-1684
-3279
-3897
-3734
-3606
-4177
-5048
-5822
-7067
-8719
-9690
-9135
-7311
-5488
-4716
-5356
-7061
-8193
-6873
-3285
353
2237
2456
1929
1257
1240
2910
5907
8130
7950
6167
4866
4525
4036
3215
2941
3326
3143
1346
-1073
-2704
-3848
-4774
-4688
-3432
-2533
-3743
-6095
-6959
-5805
-3927
-2410
-1392
-541
-130
-93
576
2262
4248
5298
5285
5559
6254
6265
5599
5166
5342
5406
4768
3878
2794
1357
219
-157
-21
-20
-785
-2133
-3207
-3284
-2482
-1808
-1798
-1931
-1823
-1595
-1091
23
1309
1879
1878
2235
3173
4181
4892
5073
4518
3748
3710
4258
4363
3709
2666
1463
422
106
371
124
-1250
-3052
-4210
-4326
-4106
-4523
-5604
-6923
-8273
-9416
-9852
-8849
-6771
-5360
-5493
-6640
-7663
-7177
-4777
-1442
1252
2245
2067
1675
1580
2600
4930
7317
8186
7154
5632
4993
4898
4544
3905
3444
3180
2267
349
-1575
-2738
-3577
-4380
-4436
-3678
-3586
-4971
-6504
-6625
-5410
-3853
-2528
-1507
-807
-390
19
957
2654
4418
5348
5580
5798
5968
5837
5667
5686
5688
5404
4782
3818
2481
1173
415
235
293
-30
-1094
-2384
-3240
-3343
-2758
-2109
-1865
-1919
-2098
-2016
-1185
140
1297
1968
2112
2064
2499
3632
4747
4944
4475
4113
3811
3536
3442
3125
2464
1793
1262
731
-216
-1454
-2483
-3282
-3717
-3843
-4419
-5828
-7819
-9669
-10581
-10392
-9064
-6996
-5793
-6649
-8602
-9288
-7384
-3946
-770
1357
2324
2156
1465
1731
3942
6956
8620
8297
7146
6329
5991
5739
5232
4530
4014
3541
2300
203
-1657
-2758
-3736
-4543
-4299
-3566
-4156
-6044
-7116
-6339
-4854
-3794
-2915
-1826
-1009
-772
-226
1460
3427
4325
4592
5546
6703
6531
5432
5242
6050
6303
5607
4811
3963
2508
928
279
545
713
95
-1161
-2507
-3361
-3318
-2509
-1653
-1413
-1806
-2237
-2029
-998
454
1702
2359
2382
2277
2821
3828
4240
3993
4053
4604
4764
4084
3132
2272
1523
1416
1902
1772
284
-2021
-3810
-4166
-3573
-3222
-4044
-6094
-8501
-10423
-11298
-10638
-8542
-6261
-5796
-7611
-9436
-9119
-6736
-3396
-184
1958
2470
1721
1093
1997
4750
7915
9252
8359
6966
6346
6180
5785
5109
4500
4093
3370
1557
-797
-2361
-3236
-4094
-4497
-3957
-3461
-4670
-6928
-7540
-6042
-4341
-3325
-2403
-1393
-1193
-1457
-223
2441
4352
4680
4652
5512
6342
5753
4896
5289
6172
6018
4845
3915
3260
1884
364
-104
329
598
-122
-1572
-2882
-3614
-3492
-2463
-1295
-964
-1480
-1973
-1842
-1091
195
1679
2552
2605
2626
3086
3650
3964
4098
4231
4302
4378
4318
3474
2156
1479
1543
1620
1038
-359
-2062
-3519
-4149
-3900
-4139
-5871
-8338
-10390
-11440
-11176
-9355
-6893
-6162
-8139
-10520
-10277
-7103
-3202
-246
1523
2011
1423
898
2034
5093
8138
9398
8873
7528
6540
6148
5807
5459
5184
4945
4298
2373
-396
-2541
-3474
-3628
-3677
-3620
-3713
-5028
-6975
-7522
-6134
-4185
-3143
-2632
-1689
-935
-782
-242
1548
3945
5212
5329
5879
6743
6611
5564
5207
6184
6693
5614
4141
3070
2035
849
198
594
872
-83
-1717
-3040
-3388
-2938
-2366
-1798
-1373
-1251
-1345
-1561
-1175
106
1302
1825
2164
2995
3882
3765
3191
3209
3581
3992
4414
4472
3709
2290
1352
1446
1598
1036
-161
-1750
-3232
-3946
-4030
-4637
-6505
-8942
-11011
-12168
-11566
-9014
-6583
-7004
-10034
-12287
-11123
-7179
-2823
303
1773
1635
508
180
2480
6802
10113
10390
8783
7483
7037
6808
6521
6281
6001
5403
4066
1750
-936
-2898
-3792
-3978
-3682
-3429
-4320
-6424
-8049
-7792
-6157
-4406
-3072
-2257
-1970
-1790
-941
848
2868
4138
4656
5411
6694
7326
6633
5843
6063
6508
6209
5592
4847
3119
737
-365
326
936
119
-1364
-2613
-3622
-4036
-3230
-1847
-1297
-1729
-2099
-1874
-1251
-294
882
1705
1914
2126
2912
3940
4460
4242
3757
3680
4156
4506
4034
3048
2318
1814
1092
392
-36
-882
-2430
-3667
-4071
-4739
-6603
-9072
-11083
-12010
-11382
-9267
-7181
-7171
-9453
-11738
-11386
-8070
-3773
-429
1297
1417
431
-10
2041
6066
9188
9830
8946
8054
7600
7121
6590
6178
5769
5486
4861
3023
388
-1961
-3358
-3729
-3491
-3090
-3568
-5582
-7642
-7938
-6392
-4384
-3275
-2780
-2257
-1855
-1198
394
2646
4120
4057
4212
5776
7140
7016
6222
6177
6665
6312
5351
4753
3990
2405
706
231
738
601
-415
-1631
-2817
-3347
-2899
-2061
-1526
-1507
-1528
-1468
-1326
-461
836
1618
1889
2086
2657
3538
4198
4343
3870
3445
3744
4037
3668
2882
2097
1552
924
237
-231
-1122
-2702
-4051
-4470
-4690
-6330
-9188
-11321
-12017
-11496
-9758
-7647
-7231
-9605
-12271
-11477
-7431
-3430
-1181
22
813
715
237
1775
5840
9234
9545
8170
7477
7596
7165
6304
6295
6699
6183
4519
2249
108
-1667
-3033
-3379
-2798
-2490
-3557
-5794
-7363
-7192
-5990
-4480
-3151
-2437
-2449
-2805
-2206
-46
2466
3920
4078
4186
5223
6097
5978
5894
6598
7172
6435
5083
4456
3838
2243
818
777
1277
815
-610
-1919
-2657
-2936
-2694
-1936
-1187
-1103
-1614
-1856
-1203
38
1048
1541
1886
2235
2438
2861
3861
4596
4127
3337
3604
4276
3896
2873
2462
2332
1523
459
-122
-821
-2260
-3675
-4369
-5187
-7184
-9885
-11789
-11914
-10349
-8127
-7009
-8361
-11310
-12732
-10385
-5613
-1664
43
381
136
-371
241
3417
7826
10111
9130
7276
6844
7201
6739
5873
5989
6614
5938
3678
1264
-553
-2222
-3516
-3331
-1989
-1802
-4065
-6916
-7697
-6333
-4699
-3520
-2220
-1185
-1504
-2484
-1865
839
3456
4319
4260
4833
5766
5644
4878
5229
6546
6879
5678
4535
4060
2880
1070
351
872
1240
447
-1184
-2496
-3059
-3022
-2520
-1818
-1004
-665
-1280
-1689
-797
712
1665
1990
2510
2960
2725
2781
3601
4002
3562
3219
3534
3657
2892
2084
1797
1443
804
217
-555
-2127
-4108
-5303
-5707
-6555
-8549
-10981
-12344
-11820
-9848
-7899
-7864
-9959
-11994
-11454
-7773
-3278
-592
249
224
-189
40
2191
6042
9202
9530
7986
7028
7230
7257
6402
5725
5990
6023
4538
2128
179
-1222
-2726
-3704
-3075
-1820
-2255
-4674
-6691
-6578
-5144
-3700
-2531
-1446
-756
-1023
-1384
-169
2269
3986
4328
4488
5292
5828
5318
4738
5210
6175
6200
5032
3736
2865
2121
1382
986
998
686
-526
-1953
-2444
-1825
-1253
-1555
-1773
-1134
-586
-620
-339
563
1323
1593
1879
2367
2728
2996
3336
3464
3324
3308
3495
3551
3169
2336
1434
842
612
490
18
-1057
-2786
-4853
-6502
-7785
-9283
-10685
-11150
-10110
-8425
-8244
-10078
-12151
-12317
-9580
-5278
-1836
-420
-619
-1145
-939
789
4393
8087
9330
8187
6874
6926
7579
7344
6436
5995
6123
5542
3492
1191
-443
-1921
-3135
-3328
-2661
-2663
-4347
-6203
-6497
-5509
-4224
-3142
-2134
-1365
-1487
-1640
-290
2155
3920
4178
4137
4922
5604
5509
5360
5444
5362
5011
4771
4497
3312
1592
760
835
879
585
-40
-1223
-2630
-3165
-2489
-1509
-971
-863
-998
-1148
-905
25
1371
2444
2711
2344
2270
2995
3698
3603
3254
3530
3985
3778
3204
2783
1947
556
-277
-139
192
-586
-2374
-4418
-6615
-8296
-9606
-10545
-10564
-9770
-8600
-8558
-10086
-11695
-12123
-10353
-6527
-2647
-449
-550
-1594
-1577
46
3639
7701
9530
8470
6338
5838
6844
7491
7232
6627
5977
4712
2733
1033
215
-577
-2062
-3210
-3034
-2832
-4402
-6555
-6595
-4712
-3329
-3229
-2907
-1820
-1099
-1043
-172
2133
4070
4696
4856
5642
6244
5547
5118
5861
6903
6619
5158
4037
2986
1644
750
1137
1761
1296
-206
-1630
-2448
-2891
-2334
-1191
-223
-225
-1119
-1515
-1079
38
1176
2139
3020
3146
2517
2285
3139
3969
3814
3368
3449
3608
3257
2578
1708
650
-309
-702
-644
-1030
-2542
-4735
-6685
-8171
-9491
-10616
-10938
-9943
-8338
-7936
-9480
-11383
-11681
-9958
-6729
-2934
-272
-20
-1259
-1662
84
3472
6996
9034
8763
7031
5817
6175
7176
7365
6615
5753
4816
3021
682
-752
-1193
-1937
-3019
-3227
-2854
-3796
-6055
-7157
-5866
-3654
-2371
-1998
-1508
-1289
-1439
-375
2029
4167
5055
5017
5233
5647
5535
5459
5644
5813
5839
5365
4574
3259
1268
52
104
598
893
266
-1146
-2684
-3584
-2903
-1488
-665
-514
-890
-1018
-574
13
1060
2185
2651
2730
2873
3613
4232
3695
3092
3246
3723
4143
4063
3452
2105
194
-717
-445
-250
-747
-2316
-4630
-6902
-8725
-9797
-10488
-10807
-9970
-8551
-8151
-9518
-11548
-11895
-9698
-5995
-2225
-16
-81
-1325
-1868
-180
3730
7793
9452
8192
6209
5695
6367
6822
6685
6330
5863
4780
2678
410
-1033
-1923
-2622
-2842
-2528
-2751
-4695
-7001
-7197
-5424
-3475
-2250
-1547
-1226
-1617
-1790
-74
2903
4934
5230
5158
5794
5992
5316
5310
6217
6696
6121
5184
4503
3244
1176
-46
379
1145
691
-789
-1904
-2609
-3353
-3227
-1820
-477
-413
-1045
-1015
-237
552
1323
2339
3248
3480
3479
4079
4774
4662
4103
4023
4486
4544
3952
3276
2181
618
-327
-398
-463
-1492
-3679
-6154
-8211
-9712
-10802
-11605
-11447
-10164
-9213
-9701
-11100
-12008
-11269
-8679
-4800
-1074
560
-206
-1434
-1072
1487
5381
8807
9948
8362
5918
5193
6351
7445
7310
6360
5311
3800
1377
-724
-1555
-2091
-3018
-3583
-3277
-3515
-5720
-8024
-7807
-5653
-3723
-2778
-2017
-1309
-1505
-1644
70
3105
5304
5706
5692
6405
6748
6163
5828
6223
6444
5846
5205
4931
3757
1433
-194
-27
845
665
-773
-2224
-3125
-3654
-3378
-2088
-929
-996
-1687
-1749
-975
188
1393
2346
2822
2955
3243
3995
4728
4800
4500
4585
5062
5332
4973
3787
2005
536
126
398
252
-1147
-3852
-7057
-9605
-10920
-11153
-10584
-9502
-8751
-9504
-11674
-13240
-12356
-9399
-5849
-2590
-463
-369
-1595
-1883
247
4242
8193
10148
9563
7646
6095
5921
6973
8047
8037
6904
4943
2262
-330
-1627
-1792
-2093
-2906
-3614
-4282
-5714
-7574
-8086
-6520
-4472
-3414
-2789
-1899
-1422
-1496
-652
1841
4451
5601
5872
6535
7171
6720
6028
6658
7766
7257
5451
4386
4101
2896
929
125
676
635
-886
-2679
-3668
-4072
-4106
-3400
-2201
-1517
-1755
-2230
-1975
-763
874
2269
2797
2704
2982
3760
4581
5184
5251
4933
4818
5163
5377
4449
2794
1745
1327
852
53
-1176
-3041
-5894
-9105
-11143
-11663
-11315
-10445
-9647
-10074
-12163
-14189
-13569
-10213
-6454
-3810
-2100
-1123
-1080
-1256
217
3943
7899
9891
9731
8609
7633
7034
6969
7690
8332
7838
5982
3033
176
-1526
-2309
-2706
-3013
-3366
-4272
-6262
-8210
-8457
-6987
-5095
-3991
-3465
-2759
-2151
-1574
-251
1742
3654
4968
5869
6794
7400
7307
7127
7566
8305
8172
6858
5421
4453
3404
2147
1411
1226
512
-1066
-2537
-3297
-3619
-3714
-3561
-3254
-2884
-2466
-2116
-1836
-1313
-289
979
1869
2283
2781
3513
3980
4166
4509
4907
5080
5174
5020
4192
3057
2269
1726
1095
351
-827
-2867
-5511
-8071
-10117
-11352
-11380
-10300
-9366
-10105
-12331
-13946
-13278
-10582
-7051
-3809
-1780
-1311
-1682
-1450
566
4235
7855
9540
9153
8155
7636
7486
7414
7562
7828
7495
5929
3304
603
-1233
-2177
-2699
-2973
-3286
-4398
-6459
-8161
-8189
-6923
-5563
-4627
-3923
-3216
-2617
-1791
-105
1968
3524
4527
5433
6491
7147
6953
6733
7211
7968
8148
7307
5841
4274
2842
2149
2288
2162
1019
-628
-2081
-3222
-3772
-3224
-2266
-2333
-3227
-3391
-2468
-1569
-1051
-196
945
1538
1701
2272
3266
3883
3862
3802
4301
5124
5379
4625
3459
2692
2361
2016
1483
617
-1071
-3784
-6744
-8759
-9726
-10372
-10564
-9900
-9402
-10676
-13292
-14518
-12833
-9549
-6261
-3625
-2065
-1901
-2646
-2201
1013
5532
8768
9524
8478
7393
7181
7618
8222
8490
8320
7472
5428
2716
475
-800
-1500
-2238
-2776
-3006
-4226
-6915
-8955
-8292
-5968
-4484
-4222
-3885
-3229
-2866
-2216
-136
2728
4395
4543
4928
6297
7220
6875
6707
7803
8814
8352
7164
6134
4717
2924
2296
3152
3451
1849
-504
-2170
-3038
-3245
-2623
-1744
-1645
-2334
-2855
-2648
-1892
-927
-43
635
1211
1701
2045
2393
2771
2996
3242
3961
4878
5060
4119
2617
1533
1467
1929
1783
308
-2447
-5598
-8005
-9200
-9515
-9454
-9117
-8932
-10072
-12327
-13710
-12875
-10141
-6996
-4540
-2853
-2312
-2784
-2598
-392
3439
6861
8280
8226
7760
7352
7137
7195
7798
8330
7719
6124
4023
1726
-102
-1095
-1462
-1852
-2730
-3984
-5770
-7747
-8431
-7282
-5453
-4365
-4293
-4327
-3921
-3068
-1379
1020
2970
3735
4059
4938
6005
6472
6656
7250
7852
7570
6658
5992
5364
4192
2996
2673
2873
2324
843
-590
-1620
-2363
-2603
-2357
-2042
-2104
-2594
-2821
-2238
-1229
-518
-291
27
889
1907
2587
2982
3170
3067
3082
3792
4670
4534
3335
2114
1501
1393
1437
893
-1046
-4155
-7092
-8771
-9225
-8915
-8196
-7895
-9024
-11359
-13025
-12352
-9803
-6935
-4632
-3142
-2542
-2692
-2621
-759
2728
5819
7242
7288
7023
6995
6970
7158
7629
7733
7236
6142
4471
2459
465
-831
-1243
-1446
-1866
-2850
-4631
-6423
-7131
-6499
-5234
-4251
-3825
-3701
-3586
-3030
-1670
288
2105
3022
3253
3846
4921
5787
6343
6834
7263
7264
6669
6014
5423
4630
3987
3574
3035
2283
1334
411
-359
-980
-1235
-1366
-1716
-2007
-2090
-1933
-1557
-1168
-767
-419
-278
-8
630
1437
2122
2473
2535
2707
3181
3460
3099
2465
1965
1471
1033
808
167
-1794
-4778
-7439
-8882
-9175
-8661
-7804
-7601
-9035
-11630
-13185
-11928
-8531
-5285
-3582
-3059
-3026
-3077
-2289
365
4200
6962
7285
6254
5800
6157
6661
7064
7470
7539
6388
4466
2731
1356
227
-779
-1289
-1582
-2506
-3917
-5310
-6041
-5918
-5245
-4330
-3820
-3789
-3754
-3284
-2214
-730
797
1953
2602
3162
4044
4852
5338
5665
6209
6730
6520
5801
4918
4196
3733
3612
3865
3720
2752
1361
360
-56
-78
55
125
-188
-968
-1390
-1143
-497
-125
-250
-253
-95
125
535
1291
1975
1856
1460
1803
2700
2842
1916
995
674
614
205
-507
-1678
-3909
-6743
-8842
-8873
-7353
-6260
-6729
-8704
-10955
-11942
-10612
-7351
-4148
-2494
-2295
-2581
-2630
-1759
607
3887
6524
7238
6596
5956
5682
5589
5612
6349
7314
6845
4560
1759
47
-604
-890
-844
-652
-1266
-3307
-5541
-6062
-4812
-3495
-3006
-2774
-2475
-2544
-2847
-2293
-566
1205
2089
2478
3011
3390
3245
3196
4006
5300
6033
5788
4851
3625
2620
2379
2871
3405
3361
2641
1483
430
98
464
871
994
1081
1058
518
-217
-204
661
1402
1408
1151
1110
1116
1009
1080
1420
1603
1359
990
733
313
-404
-964
-1099
-1382
-2484
-4301
-6286
-8019
-9008
-8800
-7747
-7023
-7478
-8853
-10087
-10088
-8453
-5788
-3274
-1796
-1446
-1596
-1299
90
2361
4623
6066
6489
6265
5964
5833
5681
5394
5284
5466
5281
4026
1937
-103
-1444
-1878
-1597
-1306
-1799
-3197
-4736
-5437
-4947
-3754
-2562
-1672
-1110
-916
-955
-823
-145
1121
2589
3707
4258
4371
4029
3319
3013
3881
5316
5707
4499
2904
2115
1984
1887
1898
2248
2382
1642
525
163
667
1065
956
1008
1566
1938
1591
1118
1285
1774
1804
1548
1748
2259
2187
1506
1015
957
842
452
1
-399
-925
-1831
-2840
-3885
-5191
-6934
-8691
-9370
-8969
-8216
-7959
-8636
-9754
-10448
-9576
-7123
-4396
-2573
-1841
-1556
-1165
-232
1482
3776
5748
6468
6185
5750
5777
6041
6003
5860
5571
4829
3539
1946
816
-6
-993
-1899
-2518
-2862
-3472
-4208
-4300
-3953
-3745
-3803
-3595
-2820
-1819
-757
379
1321
1776
1811
1848
2402
3320
4262
4834
4820
4388
3652
3245
3209
3172
2933
2481
2184
1870
1398
906
517
328
294
506
907
1199
1168
1003
1013
1284
1772
2357
2779
2720
2324
2102
2266
2565
2756
2765
2490
1865
1046
306
-222
-594
-1054
-1848
-2992
-4386
-6105
-8126
-9818
-10298
-9545
-8565
-8322
-8977
-10069
-10782
-10112
-7633
-4240
-1597
-651
-897
-1032
-130
1826
4252
6449
7726
7628
6493
5407
5203
5686
6132
6050
5237
3626
1540
-286
-1326
-1661
-1721
-1953
-2693
-3865
-4899
-5257
-4869
-3982
-2992
-2248
-1781
-1436
-1157
-750
225
1808
3299
4038
4098
3922
3762
3741
4064
4731
5269
5059
3992
2626
1658
1338
1448
1652
1757
1572
949
129
-294
-26
597
1158
1619
1999
2054
1745
1579
2019
2852
3517
3681
3431
3048
2731
2526
2438
2395
2120
1406
455
-394
-1157
-2101
-3330
-4754
-6338
-8025
-9463
-10179
-10218
-10140
-10273
-10474
-10612
-10607
-10029
-8428
-6094
-3901
-2361
-1252
-163
995
2250
3798
5621
7146
7800
7670
7224
6709
6230
5986
5902
5427
4194
2499
823
-649
-1797
-2439
-2686
-3003
-3664
-4398
-4773
-4744
-4529
-4100
-3199
-1949
-959
-468
57
942
1817
2422
3097
3972
4522
4535
4458
4622
4637
4156
3552
3335
3171
2483
1601
1019
808
565
266
266
349
394
178
-52
256
956
1717
2158
2407
2600
2663
2730
2981
3455
3840
3872
3661
3400
2988
2389
1830
1333
732
23
-744
-1751
-3111
-4669
-6363
-8175
-9672
-10272
-10098
-9926
-10294
-10920
-11257
-11089
-10373
-8862
-6571
-4200
-2442
-1533
-839
236
1925
4152
6147
7477
7914
7756
7466
7108
6983
6996
6746
5784
4153
2557
1274
48
-1221
-2121
-2528
-3017
-3941
-4765
-4907
-4666
-4537
-4359
-3687
-2614
-1558
-694
45
720
1391
2189
3162
4122
4714
4797
4615
4504
4555
4640
4582
4203
3402
2449
1754
1367
1023
649
391
202
-98
-405
-457
-237
148
707
1336
1742
1908
2134
2562
2992
3301
3603
3952
4167
4057
3639
3154
2828
2592
2105
1218
243
-602
-1636
-3182
-4953
-6573
-8166
-9704
-10569
-10507
-10302
-10692
-11370
-11696
-11532
-10798
-9173
-6807
-4573
-3150
-2377
-1587
-232
1759
3984
5942
7356
8109
8107
7510
6942
7040
7626
7733
6746
5020
3174
1391
-257
-1407
-1814
-1899
-2459
-3685
-4857
-5376
-5475
-5437
-4869
-3478
-1969
-1250
-1237
-1122
-426
762
2290
3948
5111
5217
4605
4257
4643
5353
5780
5638
5008
4130
3218
2383
1647
1045
696
602
494
101
-515
-1099
-1438
-1232
-298
902
1548
1508
1377
1454
1632
2121
3157
4217
4542
4179
3652
3177
2759
2481
2324
2075
1451
197
-1679
-3750
-5517
-6839
-7882
-8739
-9352
-9922
-10797
-11727
-11973
-11443
-10722
-9866
-8397
-6402
-4613
-3424
-2543
-1409
277
2304
4204
5740
6921
7659
7786
7507
7467
8011
8482
7862
6160
4485
3492
2622
1233
-331
-1385
-2060
-2972
-4107
-4851
-5074
-5299
-5637
-5463
-4382
-2968
-2104
-1892
-1651
-858
422
1869
3210
4163
4616
4849
5147
5401
5440
5428
5413
5092
4457
3924
3473
2680
1649
952
634
342
10
-318
-777
-1231
-1197
-601
-4
247
492
989
1421
1634
2084
2906
3518
3637
3654
3765
3705
3379
2940
2418
1793
1064
30
-1603
-3684
-5621
-7038
-7997
-8668
-9262
-10133
-11249
-11903
-11708
-11202
-10757
-9810
-8023
-6079
-4641
-3551
-2470
-1247
341
2378
4416
5934
6874
7283
7117
6770
6982
7768
8155
7393
5842
4320
3074
1849
628
-236
-694
-1323
-2507
-3793
-4579
-4952
-5206
-5073
-4243
-3139
-2482
-2375
-2247
-1566
-406
902
2220
3347
3919
4057
4380
5012
5522
5752
5827
5642
5077
4338
3709
3226
2787
2298
1708
1021
354
-160
-589
-1002
-1099
-662
-230
-281
-313
210
836
1089
1321
1963
2754
3238
3369
3337
3210
3002
2826
2690
2307
1480
281
-1241
-2941
-4351
-5288
-6255
-7567
-8831
-9706
-10293
-10630
-10636
-10532
-10508
-10165
-8997
-7188
-5432
-4124
-3144
-2199
-964
746
2673
4320
5529
6400
6821
6726
6618
7035
7620
7530
6627
5536
4592
3555
2321
1217
432
-303
-1273
-2329
-3117
-3620
-4066
-4439
-4458
-4065
-3541
-3040
-2450
-1811
-1290
-717
281
1599
2659
3211
3545
3947
4393
4809
5181
5303
4931
4284
3877
3799
3605
3030
2277
1550
882
382
140
20
-185
-474
-670
-664
-490
-253
-2
268
606
1032
1472
1811
2009
2067
2036
2062
2257
2385
2074
1340
515
-327
-1384
-2586
-3624
-4447
-5248
-6076
-6871
-7717
-8598
-9120
-8925
-8260
-7754
-7646
-7517
-6811
-5449
-3878
-2601
-1744
-1021
-72
1166
2509
3741
4679
5207
5412
5580
5866
6102
6090
5739
5019
4086
3265
2743
2314
1556
438
-597
-1313
-1827
-2268
-2670
-2892
-2827
-2741
-2779
-2634
-2176
-1643
-1175
-659
95
1045
1861
2354
2699
3092
3511
3826
3996
4070
4057
3955
3777
3506
3152
2741
2302
1876
1500
1209
942
620
307
105
-4
-82
-51
117
233
167
139
398
800
995
947
880
916
992
1052
1037
832
427
-23
-454
-1007
-1739
-2458
-2986
-3404
-3888
-4525
-5300
-6112
-6727
-6915
-6646
-6104
-5587
-5382
-5481
-5490
-4998
-4004
-2811
-1673
-733
-105
235
598
1347
2434
3398
3892
4007
4033
4118
4190
4060
3615
3018
2552
2317
2083
1539
665
-210
-771
-1043
-1239
-1427
-1584
-1737
-1856
-1847
-1662
-1394
-1178
-885
-296
467
1029
1303
1491
1798
2289
2809
3214
3371
3267
3106
2988
2957
2936
2834
2578
2123
1727
1543
1466
1339
1050
761
564
416
384
482
603
548
345
181
158
305
477
491
311
158
226
315
254
49
-196
-437
-735
-956
-1050
-1270
-1800
-2436
-2910
-3214
-3524
-3898
-4136
-4197
-4145
-4081
-4164
-4243
-4107
-3707
-3178
-2808
-2621
-2396
-1953
-1325
-701
-167
264
645
1019
1367
1708
2049
2284
2340
2301
2178
1962
1752
1546
1353
1180
875
407
-27
-256
-289
-333
-487
-583
-548
-502
-520
-484
-247
124
504
855
1104
1235
1352
1602
2025
2372
2436
2350
2285
2227
2140
2037
1974
1921
1785
1526
1202
926
760
678
662
685
646
458
240
223
402
553
539
418
314
244
164
195
391
514
356
18
-212
-253
-319
-484
-538
-500
-645
-1045
-1516
-1876
-2079
-2198
-2293
-2411
-2594
-2792
-2917
-2955
-2846
-2568
-2252
-2045
-1968
-1929
-1803
-1534
-1168
-813
-549
-372
-232
-103
16
153
337
485
510
506
576
614
491
295
184
136
42
-94
-207
-282
-328
-346
-346
-320
-253
-157
-42
102
265
446
702
1055
1395
1580
1581
1499
1498
1678
1962
2136
2074
1847
1613
1473
1440
1469
1446
1246
919
680
638
670
648
585
502
404
374
488
631
646
604
664
739
686
550
486
513
488
400
323
223
40
-238
-479
-499
-431
-498
-716
-1054
-1400
-1651
-1832
-1919
-1921
-1920
-1954
-2033
-2126
-2121
-1921
-1564
-1246
-1042
-878
-767
-654
-421
-142
53
148
193
220
204
151
147
207
226
158
58
-64
-223
-324
-352
-418
-509
-535
-539
-594
-685
-735
-660
-459
-256
-158
-131
-116
-91
22
242
483
698
866
934
924
901
893
930
1080
1299
1414
1326
1112
952
946
970
897
806
744
659
551
457
404
366
301
286
394
486
441
388
455
541
529
467
435
456
502
490
382
249
125
-10
-112
-136
-134
-217
-435
-750
-1054
-1229
-1234
-1130
-1050
-1109
-1307
-1503
-1536
-1350
-1033
-746
-569
-469
-407
-379
-331
-153
159
433
527
461
340
228
158
165
257
368
344
138
-91
-214
-255
-293
-351
-411
-458
-523
-570
-528
-443
-408
-422
-434
-417
-342
-195
-43
42
104
200
303
338
315
351
478
576
590
568
526
461
383
324
340
433
523
504
389
243
122
114
257
425
461
371
316
388
463
438
408
488
637
717
676
572
455
389
418
512
581
507
284
76
-20
-63
-131
-248
-391
-552
-724
-879
-988
-1026
-990
-932
-892
-870
-853
-854
-840
-704
-426
-150
-7
21
47
102
146
213
331
416
391
275
172
161
184
146
53
-47
-148
-285
-442
-526
-507
-457
-438
-430
-417
-432
-463
-428
-269
-45
121
145
54
-20
56
258
428
467
400
304
251
286
362
391
352
289
212
121
49
-3
-52
-68
2
95
81
-33
-91
-34
54
145
309
488
508
370
291
390
552
655
692
670
576
440
335
298
339
428
469
350
113
-109
-260
-377
-453
-471
-494
-597
-744
-837
-857
-833
-764
-647
-539
-479
-432
-341
-217
-112
-17
110
244
311
307
317
391
467
473
398
283
197
170
144
45
-104
-229
-313
-384
-451
-499
-544
-577
-573
-516
-433
-360
-315
-287
-228
-109
40
164
231
242
231
248
307
371
398
386
353
312
277
246
191
83
-33
-53
12
20
-96
-240
-321
-348
-306
-169
-32
-26
-101
-71
94
239
282
306
385
482
544
577
596
610
614
585
529
493
484
431
323
245
226
171
27
-142
-270
-392
-505
-538
-477
-445
-537
-665
-686
-603
-500
-410
-313
-236
-220
-221
-160
-38
83
151
161
135
114
136
182
212
210
162
63
-48
-115
-150
-193
-243
-285
-326
-368
-411
-458
-478
-428
-323
-219
-133
-64
-22
-14
4
82
200
304
374
403
374
305
272
315
380
404
378
310
210
114
41
-23
-81
-113
-132
-175
-224
-237
-234
-254
-278
-239
-103
73
183
184
154
186
261
340
434
524
570
555
485
403
338
308
357
442
427
256
5
-188
-253
-237
-216
-220
-270
-361
-465
-542
-560
-504
-412
-355
-355
-354
-315
-263
-231
-214
-191
-137
-54
33
85
100
86
48
10
5
25
42
55
52
6
-77
-157
-225
-289
-310
-247
-179
-176
-221
-277
-302
-250
-123
3
47
13
-3
66
193
312
368
360
337
339
385
455
479
439
370
299
245
193
108
31
-28
-102
-182
-233
-239
-226
-249
-281
-259
-186
-121
-77
-12
86
178
237
282
335
385
389
375
423
514
545
465
343
262
219
181
157
151
98
-56
-213
-254
-221
-230
-298
-354
-384
-427
-452
-400
-312
-238
-192
-196
-236
-279
-271
-175
-67
-34
-64
-109
-131
-136
-109
-60
-43
-35
7
14
-48
-150
-241
-269
-216
-106
-29
-82
-217
-340
-379
-310
-162
7
82
5
-91
-70
40
171
278
357
394
377
341
324
375
491
566
548
476
375
259
156
122
183
219
121
-62
-222
-308
-297
-183
-33
16
-81
-206
-229
-134
22
168
236
216
188
210
236
220
204
225
265
289
276
195
69
-26
-40
-20
-39
-119
-212
-277
-330
-361
-354
-341
-374
-415
-383
-310
-268
-261
-272
-257
-201
-139
-90
-73
-101
-106
-61
-4
41
60
51
16
-8
16
49
66
70
36
-26
-80
-116
-124
-121
-122
-120
-132
-154
-161
-149
-105
-42
23
60
43
49
130
233
320
383
419
441
444
425
413
430
465
471
416
328
243
176
128
102
73
15
-65
-129
-159
-165
-158
-104
-21
-6
-81
-134
-79
52
173
218
205
151
67
29
73
137
174
177
136
50
-83
-223
-274
-227
-169
-158
-216
-318
-432
-526
-553
-494
-404
-344
-347
-375
-372
-337
-287
-228
-159
-105
-85
-69
-48
-31
9
70
116
141
139
114
96
110
153
204
213
160
85
33
24
26
24
40
52
14
-29
-43
-29
17
62
76
85
93
104
144
225
318
368
364
327
288
284
335
420
463
398
253
129
98
135
145
98
20
-81
-157
-161
-121
-90
-108
-158
-154
-81
-12
-10
-52
-58
-17
47
100
104
60
-4
-81
-101
-33
23
-17
-129
-243
-307
-313
-297
-306
-355
-417
-444
-423
-380
-368
-414
-468
-447
-349
-260
-233
-246
-240
-186
-101
-8
40
22
-3
35
132
229
272
263
235
219
252
308
336
330
282
203
177
221
266
267
220
151
97
66
55
65
99
128
127
107
81
62
79
110
166
231
260
251
220
192
200
213
205
194
171
115
42
-8
-16
-5
-29
-93
-154
-180
-183
-174
-137
-100
-95
-118
-145
-155
-125
-51
21
40
12
-25
-46
-54
-67
-84
-91
-78
-82
-133
-207
-253
-274
-296
-312
-298
-270
-278
-319
-343
-340
-340
-339
-308
-263
-248
-241
-201
-151
-117
-92
-63
-31
10
65
120
176
222
237
233
245
280
311
337
375
414
407
346
281
253
254
255
275
289
254
184
111
69
80
106
105
82
57
40
23
15
35
58
52
16
-14
-15
0
26
57
74
48
-12
-64
-79
-58
-16
28
50
30
-30
-98
-132
-131
-107
-70
-21
21
7
-71
-140
-161
-144
-97
-41
-10
-42
-132
-199
-181
-120
-86
-84
-117
-169
-214
-231
-212
-185
-184
-182
-172
-188
-209
-222
-239
-234
-187
-113
-69
-66
-91
-122
-74
13
59
65
57
66
97
149
195
227
233
217
214
226
254
287
308
314
324
328
290
249
233
220
230
233
208
175
116
42
-10
-7
17
18
-16
-78
-126
-137
-125
-112
-115
-124
-138
-152
-153
-123
-80
-51
-46
-50
-50
-33
5
35
43
44
39
23
12
21
42
42
15
-11
-29
-28
-12
-28
-62
-82
-99
-93
-66
-57
-84
-138
-172
-156
-129
-110
-113
-145
-176
-173
-140
-100
-77
-78
-104
-123
-110
-82
-50
-31
-31
-32
-32
-32
-12
11
33
56
67
73
89
119
149
172
190
214
232
234
229
221
211
210
227
256
266
245
205
175
166
161
145
122
100
62
4
-42
-51
-53
-85
-126
-141
-137
-146
-165
-176
-179
-179
-177
-153
-108
-73
-80
-99
-92
-54
-13
17
28
19
9
16
25
37
53
70
69
38
-5
-21
-19
-13
-9
-11
-16
-25
-47
-63
-64
-74
-97
-112
-105
-95
-97
-119
-141
-146
-131
-112
-93
-68
-42
-25
-28
-41
-42
-22
-1
9
22
42
42
14
-17
-11
32
82
109
110
108
111
117
137
169
187
181
167
178
216
231
200
173
160
149
145
144
126
95
69
60
59
40
0
-44
-76
-89
-90
-92
-102
-114
-134
-157
-161
-145
-135
-135
-135
-116
-88
-73
-76
-79
-62
-29
0
25
39
42
40
43
43
35
20
10
19
38
41
13
-23
-42
-47
-50
-53
-54
-52
-53
-47
-41
-45
-66
-88
-91
-77
-58
-38
-26
-25
-39
-46
-38
-20
-9
-15
-20
-14
0
3
8
27
36
13
-9
4
40
72
84
77
66
64
74
90
120
156
168
161
141
115
104
103
108
124
133
127
108
71
30
4
-7
-1
3
-6
-33
-71
-104
-116
-104
-82
-79
-102
-126
-127
-104
-80
-69
-54
-43
-43
-56
-67
-56
-33
-3
26
39
33
5
-16
-13
16
50
65
57
27
-11
-45
-56
-43
-24
-8
-13
-26
-48
-78
-86
-83
-56
-36
-35
-34
-43
-40
-34
-20
0
5
1
-7
-4
9
29
48
59
57
37
10
-10
-18
-11
1
23
43
48
42
18
3
4
20
47
79
109
127
125
108
91
91
108
130
142
135
110
84
67
59
45
24
-6
-32
-51
-61
-74
-92
-109
-117
-119
-116
-112
-109
-110
-109
-99
-72
-46
-31
-40
-58
-59
-40
-8
25
46
54
42
23
8
8
24
40
56
64
53
23
-17
-42
-42
-22
-10
-13
-31
-49
-68
-85
-86
-70
-43
-31
-37
-46
-46
-34
-10
25
54
64
55
46
49
60
72
88
98
89
59
27
11
13
16
6
-14
-30
-40
-44
-44
-37
-28
-21
-14
-2
11
17
16
19
34
54
70
79
81
77
75
74
72
56
35
17
7
8
6
-4
-31
-74
-111
-122
-108
-93
-91
-98
-99
-93
-82
-74
-69
-61
-49
-31
-3
23
35
34
38
59
79
85
74
73
78
77
61
48
44
34
22
9
-2
-20
-45
-62
-62
-60
-65
-74
-81
-85
-82
-67
-43
-29
-30
-34
-26
1
29
49
71
96
111
113
108
103
99
91
84
79
76
60
28
-6
-21
-27
-40
-55
-64
-68
-67
-66
-62
-55
-41
-25
-6
15
31
39
42
55
71
88
97
98
92
78
60
42
31
25
8
-14
-33
-55
-81
-104
-113
-113
-111
-110
-113
-111
-107
-101
-93
-78
-63
-44
-20
2
22
42
59
72
81
87
86
85
83
86
86
75
49
16
-10
-23
-33
-43
-52
-63
-80
-101
-114
-115
-106
-92
-81
-80
-83
-80
-62
-33
-4
23
54
77
85
92
109
130
146
152
147
133
117
100
81
68
55
27
-2
-20
-45
-80
-101
-105
-105
-107
-102
-97
-92
-84
-68
-40
-13
5
27
51
68
89
111
137
162
151
116
92
78
69
66
48
27
12
-25
-62
-76
-91
-98
-100
-99
-95
-99
-111
-107
-88
-61
-37
-20
5
21
22
42
76
93
104
107
102
98
86
80
90
80
46
9
-30
-50
-65
-86
-91
-96
-117
-141
-161
-162
-146
-127
-107
-83
-66
-54
-40
-24
7
42
72
97
116
129
136
142
153
161
157
151
131
98
70
46
23
5
-13
-37
-68
-102
-121
-122
-117
-110
-108
-105
-97
-95
-86
-56
-21
11
40
55
74
102
114
123
147
157
150
132
112
95
68
38
20
2
-26
-61
-88
-98
-109
-130
-141
-135
-129
-127
-117
-97
-68
-49
-35
-19
0
16
35
61
92
116
117
108
99
89
80
69
57
44
14
-25
-50
-63
-73
-85
-105
-120
-133
-141
-133
-121
-108
-93
-74
-50
-33
-28
-11
20
53
83
103
114
119
117
122
127
129
123
110
97
74
44
23
7
-7
-21
-47
-71
-93
-113
-113
-100
-89
-86
-89
-87
-76
-57
-34
-14
16
46
59
74
88
97
116
128
128
134
125
104
88
70
51
33
17
0
-20
-47
-69
-79
-82
-82
-87
-86
-79
-71
-62
-44
-23
-6
-3
-8
4
20
30
44
58
68
66
49
36
33
25
17
13
6
3
-10
-40
-52
-54
-63
-67
-65
-62
-64
-71
-70
-63
-57
-40
-21
-12
-2
5
10
25
45
57
61
63
59
53
47
45
44
36
23
7
-7
-16
-24
-26
-24
-31
-42
-45
-45
-47
-43
-36
-29
-22
-21
-20
-10
1
11
24
34
41
43
45
49
54
58
56
50
47
36
21
13
6
-6
-14
-17
-20
-30
-39
-39
-40
-37
-33
-26
-19
-21
-21
-8
2
8
17
22
27
29
25
30
37
40
36
24
18
19
11
0
1
-5
-9
-5
-15
-25
-30
-33
-25
-16
-19
-23
-22
-21
-20
-19
-12
-1
2
-2
-3
3
12
19
30
37
30
20
16
23
26
23
20
16
10
-1
-8
-10
-9
-14
-14
-12
-10
-12
-11
-5
-1
2
4
10
13
10
5
7
11
15
14
6
3
3
2
1
1
1
-1
-7
-13
-14
-11
-8
-9
-10
-13
-14
-11
-11
-8
-4
2
5
1
-5
-6
-1
1
-2
-6
-4
1
1
-3
-9
-12
-12
-14
-16
-13
-9
-5
-4
-5
-2
2
3
-2
-5
0
9
17
16
11
7
6
8
5
2
3
9
12
11
8
8
11
9
3
-2
-4
-1
2
4
3
3
5
7
9
12
14
18
21
24
26
28
30
32
31
32
30
25
19
12
3
-7
-17
-27
-37
-43
-50
-57
-57
-56
-58
-55
-47
-41
-34
-24
-18
-9
6
7
13
40
45
28
45
59
31
26
60
46
12
28
26
-25
-31
1
-13
-32
-17
-32
-95
-149
-166
-161
-153
-121
-50
-9
-19
-34
-42
-61
-79
-35
82
141
123
175
237
200
231
333
292
202
186
79
-52
-8
60
0
-117
-305
-571
-792
-854
-619
-59
568
885
714
201
-258
-292
64
454
673
734
608
321
49
-187
-389
-332
34
397
560
573
469
230
-57
-244
-265
-186
-102
-118
-254
-344
-223
-93
-329
-788
-906
-606
-303
-155
30
389
711
616
132
-211
-44
390
583
408
258
434
585
179
-566
-865
-517
-155
-209
-371
-244
-19
-236
-845
-1106
-656
-62
-8
-380
-473
-98
159
-72
-434
-391
66
457
510
457
517
505
279
93
182
411
508
363
124
36
107
56
-220
-460
-380
-26
273
223
-83
-304
-281
-138
-15
53
152
344
457
329
131
99
141
126
152
277
384
409
366
230
60
6
49
46
59
206
292
67
-306
-452
-328
-191
-201
-282
-265
-99
46
27
-135
-302
-264
-12
192
227
188
166
116
-16
-112
-75
-13
-9
2
83
160
101
-70
-243
-327
-240
-81
-55
-143
-215
-259
-309
-354
-352
-256
-123
-62
-58
-66
-100
-109
-72
-92
-103
22
156
174
103
-1
-62
-27
85
194
216
174
138
114
89
65
69
103
105
86
104
155
156
41
-91
-91
9
88
54
-32
-3
86
54
-67
-140
-91
45
121
78
35
72
144
145
59
-2
61
203
297
243
101
10
-19
-14
49
113
108
36
-51
-79
-67
-112
-188
-199
-127
-60
-76
-168
-261
-272
-182
-70
-14
-7
-1
30
80
113
73
-13
-31
62
156
153
57
-55
-84
-51
-29
-90
-158
-119
-53
-40
-129
-225
-218
-176
-164
-163
-138
-112
-73
-32
-7
34
45
25
20
95
237
292
242
176
163
210
214
183
166
177
186
144
76
12
-37
-76
-95
-78
-76
-89
-103
-96
-48
-42
-92
-99
-54
-14
1
31
96
155
146
111
102
122
153
153
134
155
188
142
64
19
6
0
-46
-79
-83
-54
-56
-127
-190
-213
-182
-169
-172
-154
-81
7
20
-16
-33
12
23
-17
-10
26
70
80
48
11
-2
-20
-74
-78
-29
-14
-22
-32
-74
-148
-167
-130
-96
-82
-68
-17
-15
-67
-73
-47
-15
4
17
50
101
140
134
112
114
132
119
84
76
96
87
51
29
30
20
-22
-48
-44
-9
36
52
48
27
20
-17
-78
-63
8
74
81
64
49
39
40
16
-17
20
102
127
61
-12
-19
4
-15
-58
-56
-4
25
7
7
5
-23
-57
-88
-66
-20
8
1
-34
-35
1
2
-57
-100
-59
-3
11
-9
-32
-54
-75
-61
-72
-90
-56
-2
31
-12
-84
-91
-51
-20
-22
-20
3
20
8
-25
-50
-38
-5
28
42
27
18
30
33
27
30
25
22
30
36
44
56
47
24
12
16
27
36
32
34
52
71
65
39
21
29
45
51
48
42
40
33
10
-7
0
14
20
32
40
22
-1
-15
-21
-16
-7
-18
-40
-30
-7
-20
-52
-59
-45
-36
-29
-15
7
13
-11
-40
-44
-34
-31
-25
-8
3
-5
-22
-31
-40
-47
-39
-26
-29
-43
-41
-26
-29
-44
-43
-32
-19
-5
-4
-14
-17
-2
10
0
-18
-25
-2
32
41
16
-3
9
28
22
9
16
33
35
25
23
21
6
-6
9
35
44
35
20
12
14
10
-5
-8
13
35
44
47
45
27
3
4
28
39
25
14
22
27
8
-20
-32
-19
6
20
12
-3
-6
-5
-17
-28
-20
-3
2
-8
-11
-8
-15
-34
-36
-13
9
4
-14
-19
-11
-9
-17
-24
-19
-7
2
5
0
-11
-18
-18
-15
-14
-12
-15
-16
-2
18
17
-1
-17
-12
8
18
10
-2
0
8
8
0
-3
3
11
13
12
16
16
3
-4
7
20
15
5
6
13
18
17
16
17
18
19
9
-6
-15
-5
9
7
-5
-11
-6
2
3
-4
-5
4
6
-1
-4
-1
-5
-18
-20
-7
6
8
2
-4
-6
-9
-12
-20
-25
-24
-13
-2
5
1
-12
-22
-24
-19
-11
-4
0
0
-4
-14
-24
-26
-23
-5
14
19
7
-5
-8
-7
-7
-5
6
15
15
5
-1
1
4
0
-3
2
14
18
9
-4
-3
7
11
6
4
15
27
24
12
7
14
19
11
0
-2
6
12
13
14
20
19
11
0
-1
5
8
5
3
6
5
-1
-8
-10
-7
-4
-1
3
7
9
8
3
-6
-13
-10
-1
5
3
-5
-11
-9
-6
-7
-8
-10
-6
0
7
8
-3
-14
-21
-19
-10
-5
-8
-10
-12
-13
-13
-10
-4
0
1
2
2
0
0
4
10
10
2
-8
-10
-7
-3
-1
0
2
5
4
-1
-7
-11
-5
1
4
4
5
1
-12
-23
-16
1
7
5
5
15
19
9
-3
-7
-5
-1
6
13
12
3
-6
-4
0
4
5
7
11
14
11
0
-11
-15
-5
9
12
9
8
8
1
-8
-10
-2
3
0
-4
-3
-2
-3
-4
-4
-6
-5
-1
5
8
8
7
8
1
-8
-11
-3
7
9
4
1
0
-1
-8
-10
-4
4
8
7
7
8
4
-5
-11
-4
8
12
7
-1
-4
-4
-6
-8
-7
3
14
14
5
-3
2
1
-6
-14
-7
6
12
8
5
4
-2
-12
-13
-2
8
10
9
12
12
3
-10
-14
-4
7
12
8
6
8
6
-2
-10
-12
-3
3
5
6
6
5
0
-10
-11
-5
4
6
2
-1
-2
-3
-9
-15
-11
-2
6
6
2
-1
-3
-5
-2
0
1
1
6
9
6
-4
-9
-5
-1
-4
-12
-11
-1
7
3
-4
-6
-6
-10
-11
-4
8
10
1
-7
-4
2
0
-7
-6
10
22
20
7
-3
-5
-1
1
2
5
9
9
2
-2
-3
-2
-1
-1
4
10
8
0
-6
-5
-1
0
0
1
7
7
5
-1
-1
-2
2
4
6
2
-6
-8
-4
2
-2
-11
-13
-2
7
5
-2
-1
4
6
3
-3
-2
2
3
0
-4
-4
-2
-1
2
4
8
10
9
8
4
1
2
4
4
1
-4
-4
1
5
3
3
6
10
6
-3
-3
5
8
4
-4
-5
-4
-3
-5
-4
-1
4
6
1
-2
-3
-4
-5
-6
-3
2
1
-4
-5
-2
-2
-8
-18
-14
-4
2
1
2
4
5
-4
-9
-5
1
2
-1
-3
0
-1
-3
-2
3
10
11
9
9
9
10
7
1
0
1
4
3
-1
-1
2
3
0
-1
2
4
5
5
2
-4
-11
-11
-3
6
6
3
-1
-3
-2
-4
-8
-6
-1
6
9
8
5
2
-1
-4
-5
1
7
8
2
-3
-4
-3
-5
-6
-2
5
10
8
1
-4
-6
-6
-7
-1
6
11
10
6
0
-3
-5
-4
-1
2
3
4
1
-2
-4
-1
3
1
-2
0
5
5
0
-5
-8
-10
-12
-8
-1
-1
-2
0
5
3
-4
-8
-5
1
4
6
8
7
3
0
0
3
3
3
7
9
9
3
0
2
4
5
4
3
5
7
7
6
3
0
-2
3
8
8
2
0
-2
0
-2
-2
1
5
6
4
0
-4
-4
-1
-1
-3
-2
0
2
-2
-8
-10
-9
-12
-15
-11
0
6
4
0
-1
-4
-9
-8
-1
8
8
3
-2
-3
-5
-5
-4
-1
3
4
4
1
-1
-3
-5
-5
-3
-2
-1
0
1
0
-1
-3
-4
-5
-2
0
3
7
7
3
1
3
6
7
4
5
7
8
5
2
-2
-2
2
4
6
4
2
3
5
3
-1
0
2
4
5
5
6
3
1
3
4
4
0
-1
2
3
3
2
1
-1
-3
-2
-3
-4
-4
2
7
4
-5
-8
-3
2
-1
-4
-3
1
1
-3
-5
-3
0
1
-1
-3
1
4
0
-7
-9
-5
-1
-1
-3
-2
2
0
-4
-7
-3
1
1
-1
-2
1
3
0
-5
-8
-6
0
4
4
5
7
6
0
-3
-2
6
8
6
5
7
7
1
-4
1
4
6
3
1
2
4
4
0
-3
-4
1
6
4
2
1
0
-4
-7
-4
2
7
6
3
1
-1
-3
-2
-2
2
5
5
2
-2
-4
-3
-2
-2
-5
-4
-3
-4
-8
-9
-9
-7
-7
-7
-4
-1
-1
-5
-6
-4
-3
-1
-3
-4
-4
-1
2
1
-4
-6
-2
3
5
7
7
7
6
4
3
3
5
6
5
5
4
3
3
3
7
6
8
9
6
5
3
2
4
4
5
3
2
1
0
0
-1
0
1
4
6
6
5
1
-2
-2
0
1
1
1
-1
-3
-2
1
4
0
-3
-3
1
2
0
-4
-5
-6
-5
-5
-3
1
1
0
1
-1
-2
-3
-4
-4
-3
-1
0
0
-4
-3
-1
0
-3
-2
3
3
1
-3
-4
-2
0
2
2
3
2
-2
-4
-4
-1
-1
2
4
5
3
1
0
-1
-3
-3
-2
-1
1
2
-2
-4
-2
3
3
3
5
7
5
0
-1
1
3
2
0
1
2
2
3
5
4
2
3
4
2
2
1
1
0
-2
1
4
3
-1
-2
0
0
1
-1
1
4
3
1
-3
-4
-4
-4
-1
1
0
0
1
0
0
-1
0
1
1
0
-2
-1
-3
-4
-6
-9
-8
-6
-5
-1
2
-3
-7
-5
-4
-4
0
3
-1
-3
0
0
-1
0
2
3
8
7
5
4
3
4
6
7
5
4
4
5
5
4
5
5
7
5
4
2
1
2
3
5
5
3
-2
-4
-2
-2
-2
3
7
3
-1
-1
-2
-5
-1
3
0
-3
-3
-4
-7
-5
-3
-4
-6
-2
2
3
-1
-3
-3
0
-1
-2
-1
0
0
1
0
-6
-7
-3
-1
-1
-1
1
1
3
2
-3
-5
0
1
-3
0
1
-1
-3
-1
-1
-1
1
2
4
5
4
1
0
0
0
1
3
2
-1
0
0
0
-1
-1
0
0
1
0
-1
0
0
0
2
0
0
-2
-2
2
3
-1
1
5
2
-1
1
-1
0
2
4
-3
-5
1
2
-1
-2
0
1
0
-1
-1
-2
-2
-2
0
1
1
-2
-1
-2
-3
-2
-3
-2
-3
-3
0
0
0
-1
-2
-1
1
-3
-4
-4
-3
1
-1
-1
1
2
1
1
3
4
3
3
5
2
0
4
3
2
6
7
2
2
7
6
2
2
6
5
3
0
1
3
4
2
4
5
5
5
6
5
5
5
3
3
3
0
2
4
0
1
2
-1
1
-1
-4
-3
-3
-4
-3
-3
-4
-4
-7
-6
-5
-4
-3
-4
-1
-1
-2
-3
-4
-2
0
1
0
-3
-7
-8
-7
-5
-5
-3
-3
-2
-4
-4
-5
-5
-4
-4
-2
-3
-4
-5
-5
-4
-2
-1
-1
-1
0
0
1
2
1
1
1
3
4
3
4
3
3
1
2
2
7
6
4
4
5
3
4
6
7
3
3
7
8
5
3
4
5
6
3
5
8
6
3
2
4
5
4
0
3
4
2
0
-1
0
1
1
2
2
1
0
2
3
6
5
5
5
3
2
1
-1
-3
-4
-5
-6
-7
-7
-6
-3
-2
-3
-2
-4
-4
-2
-1
0
0
1
2
1
2
1
-1
0
0
0
-1
0
0
0
1
1
0
1
0
0
0
-2
-1
-2
-2
-2
-3
-1
0
0
-1
-1
2
5
2
1
2
2
2
3
-1
2
2
0
3
2
0
-1
-2
0
2
2
1
-3
-5
-4
-6
2
1
0
1
-2
5
3
4
1
-4
3
0
-5
-5
1
2
-4
-3
-3
-4
-3
1
2
0
0
1
0
0
-2
-4
-3
-3
0
-4
-4
-3
-5
-1
-5
-3
-1
-1
3
-2
1
1
-2
0
1
1
0
2
4
5
5
4
3
3
2
2
4
2
0
1
4
4
4
5
5
2
5
6
4
6
5
2
5
2
0
3
1
1
6
2
2
2
1
0
-1
-3
-2
0
0
-1
-2
-1
0
-2
-2
-5
-3
-1
0
-2
-1
2
3
0
-2
-1
0
0
-1
-1
-1
-1
-4
-2
-2
-1
-1
0
0
-1
-2
-1
-3
-2
-1
0
0
1
-1
-2
-2
-1
0
0
-1
-2
-2
-2
-3
-2
-3
-1
1
1
0
-1
-1
0
-1
0
1
1
-1
-4
-3
0
1
0
0
0
2
1
-3
-2
-1
-1
1
1
-1
1
2
0
0
0
0
2
2
1
1
0
2
3
2
0
0
2
1
3
3
-1
-5
-4
-4
-5
-8
-7
-5
-3
-2
-2
0
4
1
-2
-1
4
3
-3
-3
1
0
0
0
1
2
2
-1
-1
1
3
2
2
4
4
3
3
3
1
1
2
2
1
2
2
1
1
2
4
4
3
2
1
0
-1
2
2
4
6
5
4
3
1
3
5
2
-2
0
0
0
1
-1
1
3
2
0
-4
4
5
3
3
6
5
0
0
3
2
0
4
5
1
-2
-1
0
-1
-3
-2
-3
-3
-3
-3
-2
0
-1
-2
-6
-5
-4
-3
-3
-5
-4
-1
-1
-1
-2
-1
0
-1
-1
-1
0
2
2
1
0
1
0
1
1
-1
-2
-3
-2
-1
0
0
0
1
0
0
-1
-1
-2
-2
0
3
2
0
0
-2
0
0
0
0
0
-1
0
1
3
0
0
0
-4
-2
1
-1
-4
0
2
-4
-5
-2
-2
-2
-5
-2
-2
-3
-1
-3
0
1
1
2
2
3
1
1
2
-1
2
4
3
3
4
4
3
1
1
2
2
2
1
0
3
3
0
3
2
-1
4
3
2
7
3
3
6
4
2
5
3
5
5
4
2
1
3
4
1
2
3
4
2
1
1
-1
-1
0
1
2
1
1
0
-1
-2
-2
-1
-2
-2
-5
-6
-5
-4
-3
-4
-6
-5
-4
