24
21
11
-4
-17
-23
-20
-14
-3
3
7
9
7
2
-4
-7
-6
-5
-7
-12
-15
-12
-14
-19
-22
-15
-6
0
6
11
19
26
26
22
18
16
16
14
15
14
10
5
2
-2
-10
-20
-26
-27
-28
-31
-29
-23
-19
-18
-17
-16
-17
-18
-13
-4
3
3
3
8
15
18
16
18
21
21
19
14
13
12
11
9
9
12
13
12
13
14
13
11
12
18
20
18
18
19
20
19
19
18
18
15
17
20
19
13
7
3
0
-4
-8
-8
-3
-2
-2
-5
-9
-15
-20
-21
-23
-26
-29
-32
-34
-37
-37
-35
-32
-29
-29
-28
-28
-24
-19
-14
-11
-9
-5
2
7
12
17
18
17
16
16
14
11
9
11
17
17
10
4
4
4
4
3
4
4
1
-2
-2
-3
-2
1
4
5
4
6
8
6
3
2
3
-1
-10
-13
-11
-13
-14
-15
-10
-8
-9
-8
-2
-1
-5
-9
-6
-1
3
8
12
12
11
12
16
21
21
21
25
27
28
22
15
13
12
9
6
3
3
4
4
3
3
4
5
2
0
-3
-4
-6
-9
-9
-7
-7
-7
-8
-7
-7
-6
-8
-8
-11
-11
-9
-6
-4
-8
-11
-12
-13
-13
-15
-15
-14
-14
-13
-14
-16
-15
-9
-3
-1
-2
-1
3
7
9
10
10
10
10
10
11
13
14
16
19
16
13
16
21
22
18
14
13
13
11
8
5
2
-2
-4
-6
-7
-8
-8
-8
-8
-6
-6
-4
-2
0
1
-1
-3
-5
-7
-6
-7
-8
-9
-9
-10
-9
-11
-11
-13
-11
-8
-4
-2
2
9
13
13
12
12
12
8
1
-1
1
4
3
1
2
2
4
5
6
5
1
0
-1
0
-4
-4
-1
0
-2
-8
-10
-9
-7
-6
-7
-10
-9
-9
-11
-11
-12
-7
-6
-8
-9
-6
-2
-1
-4
-2
2
7
7
6
8
8
6
4
4
4
2
3
4
5
6
8
11
12
11
11
12
15
18
20
21
22
21
18
14
12
6
5
3
-1
-2
-2
-1
0
1
1
-1
-2
-2
-2
-6
-9
-11
-11
-11
-8
-10
-11
-12
-14
-17
-20
-20
-20
-18
-15
-10
-7
-3
-1
1
2
2
1
1
1
4
5
6
4
2
2
4
7
8
8
8
7
9
8
6
2
0
2
6
12
13
13
12
10
8
7
4
3
2
2
2
6
6
8
10
10
10
8
6
0
-3
-7
-7
-6
-7
-6
-9
-10
-11
-11
-11
-11
-11
-11
-10
-8
-5
-4
-3
-4
-3
-4
-6
-4
-3
-2
4
3
0
2
1
-1
4
2
3
6
2
3
4
0
0
3
0
0
1
1
0
-1
0
-2
-6
-2
1
-2
-5
-4
-5
-7
-6
2
1
0
-2
4
7
6
4
7
6
3
3
7
4
1
2
1
-5
-9
-7
-6
-5
0
3
5
4
5
5
6
7
8
11
8
4
5
3
1
1
1
4
0
4
8
10
12
10
12
13
8
9
10
5
3
4
5
0
-6
-7
-8
-10
-8
-8
-12
-10
-10
-15
-18
-14
-7
-12
-14
-7
-5
-9
-9
-2
-1
-4
-3
5
7
4
4
7
10
6
5
6
7
3
0
1
3
6
6
4
6
8
5
4
8
10
8
6
9
5
-2
-2
0
-1
-3
-1
6
7
4
2
4
2
1
6
7
3
-2
-1
-2
-5
-4
-5
-6
-6
-6
-8
-10
-10
-10
-11
-11
-10
-9
-6
-6
-4
-6
-7
-6
-7
-7
-6
-4
-1
-1
1
3
3
3
2
-1
2
7
8
11
11
7
5
9
8
4
6
8
5
2
5
2
-2
-1
6
9
5
1
1
3
2
1
1
2
4
3
-2
-7
-9
-9
-7
-5
-3
-1
0
-3
-3
0
1
0
4
5
5
4
6
5
6
3
0
-2
2
0
-6
-7
-3
-1
-1
1
3
1
1
2
3
5
7
6
2
0
-1
1
1
1
0
-4
-3
-2
0
2
3
4
5
7
9
5
1
-2
-5
-6
-6
-8
-9
-12
-16
-12
-9
-8
-6
-5
-6
-6
-8
-6
-2
1
-1
-2
1
4
5
2
0
1
3
3
1
1
0
1
5
6
5
3
2
2
5
5
1
3
5
1
-2
2
0
-6
0
2
-1
4
4
3
7
3
1
3
-1
0
2
2
1
3
1
5
6
4
1
-3
-6
-5
-3
-1
-2
0
0
2
2
1
0
4
7
8
6
3
4
5
6
5
4
1
0
-3
-2
-3
-4
-5
-4
-5
-4
-4
-5
3
1
0
6
5
6
0
-1
-4
-9
-5
-10
-6
-6
-7
-4
-5
-5
-6
-5
-3
0
0
3
4
5
4
4
6
11
10
7
5
10
7
1
0
0
-3
-2
-1
-1
1
2
3
5
3
2
3
2
2
2
1
4
1
-1
4
3
-4
-5
-6
-4
-2
-5
-7
-4
-5
-10
-10
-8
-8
-8
-8
-11
-13
-11
-12
-12
-11
-11
-10
-8
-5
-4
0
-1
-3
-1
0
-2
2
5
3
-5
-2
-2
-1
4
7
6
6
10
8
6
7
14
16
15
12
11
16
18
18
16
14
13
11
8
7
10
13
12
9
7
5
3
2
-1
2
-3
-4
-4
-6
-2
-3
0
1
2
2
-7
-3
-7
-10
-3
-5
-6
-6
-10
-8
-9
-10
-6
-5
-8
-2
2
0
-4
1
1
0
6
7
1
2
-3
-4
2
-1
-3
1
-1
-3
-1
1
2
-3
-3
0
-2
-4
-3
-6
-8
-4
0
0
-2
-3
-5
-5
-7
-5
1
4
0
-4
-5
-4
-6
-7
-5
-3
1
4
5
6
5
6
7
12
12
9
4
3
3
6
5
5
5
4
2
2
2
1
2
2
1
2
2
4
3
3
3
4
5
6
3
-2
-3
-1
1
2
1
-1
-4
-5
-7
-8
-9
-7
-4
-1
0
1
-1
0
1
4
6
7
7
7
8
4
2
1
-2
-2
-3
-2
-2
0
-1
2
2
1
0
0
3
1
-1
-3
-4
-4
-4
-2
2
3
1
-3
-2
0
0
-2
-4
-1
1
0
1
4
5
4
0
-1
2
4
3
1
0
3
3
4
2
1
0
2
2
2
2
2
3
2
3
5
6
1
-3
-2
5
5
-1
-2
2
2
-1
-1
4
2
-4
-6
-2
-2
-3
-2
2
2
-1
-2
0
0
0
0
-4
-2
2
0
-3
-3
-5
-2
-2
-2
-1
-7
-9
-5
-2
-5
-8
-5
-3
-7
-3
1
-2
1
6
5
2
3
7
8
5
6
9
12
11
6
8
9
5
5
5
4
6
4
2
1
-1
-3
-2
-3
-2
-1
-1
0
0
-1
0
-1
-1
0
0
-1
-2
-2
-4
-3
-6
-3
-4
-2
-2
-1
1
1
0
1
0
-3
-5
-5
-5
0
2
-8
-9
-2
-3
-5
-5
-3
-2
-1
-1
-1
-2
0
4
5
6
3
-1
0
1
2
-1
-2
-3
-1
0
0
0
1
0
-1
0
1
1
1
1
-1
-1
-1
-2
-1
-1
-1
0
2
3
6
5
5
5
5
2
0
0
2
5
7
6
4
3
6
5
2
3
5
7
4
-4
-6
-2
0
-2
1
5
2
0
-1
1
2
0
-2
-2
3
3
0
-2
-3
-2
-2
-2
-3
-3
-3
-4
-3
-4
-4
-3
-3
-2
-3
0
-2
-4
-2
0
-2
-2
-2
-2
-3
-2
1
2
2
3
4
1
-4
-5
-4
-5
-5
-4
-4
-1
-4
0
6
1
-2
5
1
-4
2
2
-2
2
4
4
-1
-1
0
-3
-1
2
0
2
6
5
4
5
6
4
3
3
3
2
2
3
3
2
3
6
6
4
5
7
3
2
4
5
0
-5
-2
-1
-7
-4
3
0
1
4
4
1
-2
-5
-4
-7
-8
-7
-9
-10
-9
-7
-5
-4
-1
0
-2
-4
-2
1
-1
0
0
-1
3
3
-3
-4
4
2
-1
0
3
5
3
1
1
1
3
9
8
5
8
4
2
7
3
1
4
1
1
2
-1
2
6
5
2
-2
-1
1
0
-1
1
4
4
1
0
-1
1
1
1
-1
-4
-8
-8
-5
-5
-8
-11
-7
-7
-8
-9
-9
-8
-6
-6
-3
-1
-1
-1
-1
0
1
0
1
1
2
0
-2
-5
-4
-4
-1
0
2
3
1
-1
-1
2
5
7
8
9
8
4
3
4
5
3
1
2
5
1
-1
3
6
4
-2
-2
2
4
3
0
2
2
-1
-1
0
-1
-5
-7
-3
0
-2
-5
-2
-1
1
-1
-2
1
3
3
1
0
2
3
4
4
5
5
6
4
3
5
4
2
1
5
6
5
2
-3
0
1
-1
-3
-4
-2
-1
-3
-7
-7
-3
-2
-2
-2
-2
-3
-3
-4
-3
0
1
1
0
-2
-5
-7
-8
-7
-4
-3
-3
-4
-6
-6
-5
-4
-4
-1
3
2
1
0
0
0
0
-3
-3
0
1
1
2
6
7
8
9
11
10
6
2
3
6
6
0
0
-1
2
0
-1
-2
-1
-3
-6
-8
-7
-6
-6
-4
0
3
4
3
4
5
4
1
0
1
3
2
0
-2
-2
-2
-2
1
3
6
5
5
6
2
-1
-1
3
5
4
-2
-2
1
3
2
0
3
4
3
1
1
1
2
2
4
1
1
3
2
0
-4
-2
1
0
-4
-8
-6
-4
-4
-4
-6
-10
-10
-6
0
2
0
2
7
9
7
6
10
13
13
9
7
4
3
3
4
2
0
-3
-4
-6
-8
-6
-4
-2
-4
-4
-2
1
3
2
1
0
0
3
6
8
6
4
3
0
-4
-7
-6
-6
-7
-7
-8
-8
-9
-9
-5
-3
-3
-4
-6
-9
-11
-8
-5
-3
-3
-2
-2
-3
-5
-2
3
4
3
2
5
7
7
9
12
13
10
8
6
3
0
0
2
4
0
-1
1
1
-1
-2
0
5
6
7
7
6
5
4
5
8
7
9
7
5
5
4
3
4
6
7
6
2
2
6
10
6
0
-3
-2
0
-2
-3
-3
-2
-2
-2
1
5
5
0
-6
-9
-8
-5
-2
-3
-3
-4
-4
-2
-2
-3
-4
-2
1
3
0
-3
-4
-2
1
1
-1
-4
-6
-7
-6
-2
1
4
4
0
-1
-1
0
3
4
3
-1
-5
-5
-5
-5
-6
-5
-3
-1
-3
-7
-9
-8
-4
3
7
8
8
8
8
5
2
0
0
1
0
-4
-7
-4
1
4
4
2
3
4
6
7
5
6
6
8
7
6
6
4
-1
-5
-7
-6
-6
-6
-4
-3
-6
-5
-4
2
6
2
2
3
5
4
0
-2
0
1
-1
-3
-2
-3
-4
-7
-6
-4
-3
-4
-1
2
3
-3
-5
-2
3
5
4
2
0
-1
-2
-1
0
1
2
3
2
-3
-3
1
3
1
-4
-2
2
5
5
5
6
7
6
6
4
4
3
2
1
2
3
3
1
2
2
4
6
7
4
1
2
4
6
3
-2
-4
-4
-3
-2
-1
-3
-7
-8
-6
-6
-8
-6
-5
-2
-3
-4
-4
-3
-1
1
4
5
4
3
2
2
0
-3
-5
-4
-3
-10
-13
-13
-8
-5
-5
-5
-2
-1
-1
2
4
7
8
8
8
9
8
10
10
5
2
0
-1
1
2
5
6
2
-3
-2
3
6
2
-2
-3
2
0
-1
-3
-2
1
2
1
0
-4
-3
-2
-2
-4
-3
-3
-3
-3
-3
-5
-2
1
2
1
-1
-1
1
3
2
3
5
5
2
-3
-4
1
3
2
1
1
2
4
8
8
6
2
2
8
7
4
2
1
-4
-11
-11
-7
-6
-9
-10
-6
-7
-11
-12
-5
-1
0
2
8
9
4
-1
0
1
2
1
1
-4
-10
-10
-4
-1
-2
-3
-2
0
-3
-4
1
5
8
7
3
1
1
1
5
9
11
7
5
4
5
6
8
10
11
11
5
3
4
5
6
8
10
9
7
7
6
5
2
3
1
1
-5
-8
-10
-10
-10
-11
-11
-9
-9
-8
-6
-5
-8
-6
-1
-2
-2
-1
0
2
-1
-3
-5
-5
-4
-6
-9
-12
-14
-9
-5
-1
0
1
0
1
1
0
2
3
4
5
5
5
3
2
3
4
8
9
7
5
1
0
1
5
10
10
11
8
5
2
1
5
4
5
2
-1
-5
-6
-4
-1
-2
-3
-5
0
1
0
0
0
1
4
5
1
1
6
5
-2
-1
2
-1
-1
-2
-2
-5
-5
-2
1
2
1
-3
-2
1
5
7
6
3
0
-1
-2
-3
-6
-8
-6
-2
-1
-1
-4
-4
-2
-2
1
5
6
5
3
0
-1
0
2
4
4
0
-6
-9
-3
0
1
0
1
4
4
1
-1
2
7
9
9
6
5
5
7
9
7
4
5
6
3
-2
-8
-7
-5
-5
-5
-6
-5
-5
-5
-5
1
5
6
8
5
4
2
1
1
0
1
1
2
2
2
3
3
5
7
8
8
8
7
7
7
5
5
3
0
-4
-8
-10
-15
-15
-12
-6
-4
-5
-7
-4
-4
-6
-6
-3
-1
-1
-3
-5
-7
-9
-6
-3
-1
-5
-7
-5
-6
-10
-10
-6
0
2
0
-2
-4
-1
2
5
7
6
5
5
5
4
4
5
8
8
10
9
7
4
2
4
6
9
10
8
4
1
1
4
8
9
6
1
-1
-2
0
1
2
4
5
5
3
0
-1
0
4
9
9
7
2
0
0
2
2
1
2
-2
-4
-7
-8
-8
-9
-9
-6
-5
-5
-7
-11
-14
-12
-6
0
5
4
-1
-5
-3
0
3
4
1
-3
-7
-4
-3
-4
-1
3
5
6
3
3
4
4
4
6
10
11
7
0
-4
-2
-1
-4
-6
-4
-2
-2
-4
-3
0
6
9
9
7
4
3
5
8
11
11
7
1
-2
-6
-7
-6
-5
-3
-3
-6
-8
-8
-7
-5
-1
3
5
8
8
7
5
5
4
4
3
0
-2
-4
-6
-6
-5
-3
2
4
4
2
1
-1
1
4
6
7
4
-1
-2
-1
1
3
1
1
-1
-3
-5
-6
-4
-1
0
1
1
0
-3
-4
-4
-2
0
2
5
5
3
2
5
6
6
3
3
3
-2
-8
-11
-8
-4
-5
-4
-1
-1
-2
-3
-3
-1
1
3
6
5
-1
-4
-3
1
2
-1
-1
-1
-1
-3
-3
-1
3
6
8
5
1
0
2
2
3
1
1
-2
-5
-6
-7
-4
-3
-2
-3
0
2
4
3
2
3
6
7
7
6
5
3
2
1
0
-1
-2
-2
-2
-2
-4
-4
-5
-4
-1
4
3
0
-1
0
3
2
4
4
4
2
0
0
3
5
2
0
-3
-2
-1
-1
-1
-1
0
0
0
0
0
-2
-3
0
0
0
-3
-4
-5
-5
-6
-6
-2
1
0
-3
-6
-3
1
4
4
4
7
12
13
10
6
5
4
8
11
10
4
0
-2
1
1
-2
-5
-7
-9
-10
-9
-7
-7
-7
-3
1
1
-2
-4
1
3
1
-3
-2
-1
-1
-1
-1
1
1
-1
-4
-5
-2
0
3
3
2
0
-2
-1
1
1
0
-1
-4
-5
-6
-4
-3
-3
-3
-2
0
1
3
6
8
8
8
7
7
9
8
6
4
5
5
3
-2
-2
1
2
0
-2
-4
-5
-7
-7
-5
-2
0
3
2
1
-1
1
3
2
2
1
4
6
3
3
4
5
1
-4
-5
-1
1
3
2
0
1
1
2
2
1
1
1
0
-1
-1
-2
-1
0
-1
1
1
1
1
1
2
4
10
12
8
3
3
6
7
3
-1
-4
-5
-8
-7
-8
-6
-7
-8
-6
-3
0
1
1
1
1
3
0
4
6
2
-3
-3
-3
-6
-5
0
-3
-7
-8
-3
-4
-5
-5
-2
-4
-5
-2
-2
-5
-5
-4
-2
0
0
0
0
-2
-1
2
5
4
3
0
-1
0
3
6
8
8
6
5
5
5
4
2
0
-1
-4
-5
-5
-5
-8
-8
-8
-6
-5
-4
-2
1
0
1
4
6
10
11
8
5
3
3
1
3
4
5
2
0
-2
-6
-4
0
3
4
1
1
6
7
5
4
4
7
9
4
5
7
9
8
6
3
5
2
5
3
1
1
-1
6
2
-1
-1
-1
4
0
-2
-3
-3
-4
-5
-4
-7
-7
-9
-6
-3
-6
-7
-7
-5
-5
-9
-9
-7
-4
-2
-2
-3
-3
-3
-4
-3
-5
-6
-7
-6
-2
-3
-6
-3
0
2
-1
-1
1
4
4
3
2
4
3
3
4
3
2
1
4
4
1
1
3
-1
1
8
10
7
7
11
9
8
6
4
2
4
3
1
0
0
1
1
-3
-5
-3
-3
-3
-4
-6
-9
-8
-6
-8
-9
-5
-2
-2
0
2
-2
-2
0
2
3
-1
-2
-1
2
3
3
4
5
5
7
7
10
9
5
4
3
4
2
0
0
-3
-3
-3
-10
-10
-5
-3
-6
-4
-2
-5
-2
2
6
5
5
3
0
-2
-3
-4
-4
-4
-6
-6
-7
-8
-7
-4
-2
2
2
3
2
2
3
5
4
5
7
7
5
2
3
5
4
0
-1
3
7
6
6
6
7
5
6
6
3
0
2
6
6
3
0
0
1
1
-1
-1
-2
-4
-4
-2
-5
-8
-11
-6
-5
-7
-7
-2
2
2
0
0
3
2
1
-3
-4
-4
-4
-6
-10
-11
-11
-8
-6
-7
-6
-5
-5
-4
-2
0
2
3
3
2
2
3
6
4
5
3
1
0
1
5
7
5
1
0
3
6
5
2
1
3
5
5
4
6
6
5
6
4
1
0
-1
-1
-3
-6
-4
-1
-2
-5
-7
-5
0
5
5
2
2
4
2
1
2
1
-5
-5
-4
-5
-6
-4
-2
-3
-7
-1
-1
-2
5
1
2
7
2
5
5
4
2
3
5
6
8
11
3
5
8
-1
-2
5
4
4
6
5
4
5
4
-1
-2
2
1
-2
-4
-3
0
-1
-6
-8
-9
-8
-3
-5
-4
-4
-11
-9
0
-5
-2
4
0
-4
0
2
3
-2
-3
0
4
2
-2
-4
-5
1
7
3
-1
3
2
6
7
-1
-2
3
2
-1
-5
-7
-3
1
0
-5
-6
-6
-5
-6
-8
-9
-8
-4
-1
0
0
2
6
9
6
4
5
10
10
9
7
4
3
2
2
3
4
2
-1
-1
-2
-2
-1
3
6
5
3
2
3
6
7
7
9
9
7
3
1
0
3
5
4
4
1
2
1
3
6
8
5
3
-1
-1
-4
-5
-4
-2
-5
-7
-9
-8
-6
-6
-4
-4
-3
-2
-1
-2
-1
2
4
3
2
2
0
0
-3
-5
-4
-1
-1
-5
-8
-9
-9
-7
-6
-6
-8
-6
-4
-4
-5
-3
-1
2
3
3
3
1
0
1
0
-1
1
4
2
-3
-6
-8
-7
-5
-2
1
2
2
3
2
1
2
7
13
11
3
-2
0
0
2
2
3
3
0
0
1
4
6
8
13
15
19
17
16
14
13
15
15
14
11
5
2
1
1
4
6
6
4
1
0
1
4
5
4
5
1
-1
-3
-5
-5
-4
-4
-4
-5
-7
-9
-10
-11
-11
-10
-10
-9
-8
-7
-10
-11
-10
-10
-12
-10
-10
-9
-12
-14
-13
-10
-10
-11
-8
-4
-4
-10
-13
-9
-5
-4
-3
1
3
4
3
4
9
9
7
4
4
6
4
0
-3
-2
3
6
3
-1
-2
0
3
3
1
3
5
6
3
1
3
4
5
6
8
8
9
10
13
15
14
13
12
12
12
10
11
15
18
18
17
14
12
8
7
8
9
9
4
0
5
7
4
9
10
7
5
8
9
6
7
8
7
9
14
8
1
1
2
-4
-8
-5
-6
-9
-12
-15
-11
-8
-11
-12
-12
-16
-14
-10
-11
-21
-22
-19
-22
-25
-24
-22
-24
-26
-28
-31
-31
-32
-31
-30
-29
-32
-31
-26
-24
-25
-24
-22
-18
-18
-20
-15
-11
-10
-7
-3
-1
4
6
8
11
14
19
19
21
25
28
27
25
27
30
31
27
25
26
29
27
23
23
24
28
30
29
31
31
28
30
31
33
33
33
35
31
30
27
22
23
21
20
17
14
14
11
10
8
9
7
3
0
2
3
3
0
-2
-1
-4
-9
-10
-14
-15
-18
-21
-22
-22
-18
-23
-26
-21
-22
-20
-22
-21
-20
-23
-20
-18
-17
-22
-27
-26
-27
-29
-31
-31
-32
-35
-38
-44
-48
-43
-44
-48
-47
-42
-44
-43
-30
-25
-26
-24
-13
-11
-14
-10
-5
2
3
0
8
19
26
32
34
39
43
56
61
64
73
78
79
83
99
98
102
114
112
128
131
134
142
140
160
158
146
168
166
165
172
172
172
181
183
175
181
174
170
166
148
127
118
119
106
111
96
71
81
56
41
39
23
32
17
-1
-11
-36
-55
-50
-35
-66
-95
-91
-117
-133
-121
-160
-192
-164
-199
-221
-196
-232
-254
-250
-244
-243
-265
-245
-250
-278
-259
-272
-296
-302
-310
-330
-360
-369
-390
-425
-444
-456
-478
-504
-531
-548
-536
-515
-498
-466
-459
-458
-404
-391
-376
-305
-275
-240
-184
-131
-104
-71
-23
-48
-18
49
57
78
94
97
106
121
116
104
119
127
154
168
163
181
191
200
233
264
291
314
335
391
448
458
478
468
520
614
578
638
676
599
679
709
684
705
700
647
645
706
592
594
632
498
524
493
448
399
369
405
219
400
220
98
518
-124
155
517
-339
219
418
-295
62
312
-177
-173
168
15
-357
-19
204
-487
-144
123
-398
-206
-60
-147
-289
-191
-56
-220
-388
-141
-118
-499
-207
-294
-422
-299
-483
-376
-448
-485
-497
-600
-588
-621
-641
-709
-719
-746
-823
-921
-993
-988
-946
-909
-952
-978
-944
-865
-799
-773
-741
-695
-617
-506
-361
-235
-183
-191
-175
-79
37
85
69
67
119
155
118
61
77
135
144
106
90
124
162
174
183
250
324
308
326
392
465
550
639
693
662
751
859
860
921
959
983
1040
1052
1068
1048
1054
1139
1107
1056
1095
1049
985
961
949
952
859
789
784
708
665
614
543
481
446
418
278
239
264
179
136
104
57
73
46
29
66
2
-5
-15
-73
-16
-24
-85
-112
-103
-123
-214
-233
-243
-295
-314
-334
-406
-456
-511
-590
-569
-579
-653
-689
-741
-750
-822
-913
-909
-979
-1040
-1073
-1115
-1135
-1187
-1236
-1278
-1295
-1311
-1356
-1384
-1323
-1218
-1168
-1164
-1205
-1150
-1002
-934
-846
-809
-772
-618
-535
-436
-338
-330
-289
-277
-155
38
41
-5
-11
26
138
172
145
132
94
165
244
215
255
247
258
357
417
514
476
462
601
690
788
868
860
859
1019
1135
1094
1145
1169
1163
1280
1347
1268
1208
1237
1244
1240
1247
1232
1176
1070
1055
1033
985
1000
878
771
769
717
678
637
574
451
348
351
300
263
269
155
53
47
44
9
-26
-41
-117
-126
-116
-193
-167
-120
-166
-186
-163
-178
-218
-236
-245
-277
-329
-326
-351
-446
-506
-507
-500
-549
-634
-681
-676
-767
-846
-834
-1013
-1103
-988
-1048
-1088
-1123
-1320
-1385
-1331
-1351
-1399
-1406
-1393
-1351
-1321
-1305
-1249
-1187
-1066
-967
-906
-786
-739
-620
-476
-439
-306
-256
-253
-161
-103
-37
-24
-65
-53
-28
9
43
-12
-55
-2
46
52
81
169
147
130
285
392
456
479
533
705
815
883
960
966
1034
1194
1255
1299
1401
1428
1401
1460
1542
1512
1462
1494
1487
1444
1440
1399
1294
1213
1202
1168
1066
979
920
827
763
731
646
576
504
465
429
334
274
230
195
124
107
103
-4
-20
-23
-104
-174
-174
-121
-192
-244
-210
-295
-372
-303
-294
-373
-341
-336
-423
-436
-431
-468
-543
-519
-499
-591
-599
-670
-740
-740
-875
-939
-950
-1058
-1112
-1101
-1132
-1263
-1367
-1438
-1514
-1528
-1537
-1513
-1512
-1541
-1535
-1566
-1482
-1344
-1314
-1258
-1221
-1140
-971
-834
-705
-656
-619
-508
-404
-288
-231
-204
-148
-113
-53
-35
-61
-79
-103
-109
-72
-27
-26
-9
39
81
130
181
243
371
498
581
712
839
904
966
1069
1148
1240
1400
1504
1548
1521
1546
1671
1766
1794
1710
1649
1644
1636
1603
1523
1436
1297
1194
1184
1136
1002
838
750
741
761
716
598
485
373
343
362
333
320
195
48
63
68
17
-33
-91
-157
-184
-139
-117
-139
-192
-240
-236
-229
-222
-229
-285
-362
-385
-349
-403
-490
-483
-517
-585
-547
-535
-604
-642
-692
-728
-730
-796
-859
-873
-936
-1005
-1059
-1205
-1353
-1394
-1444
-1537
-1569
-1549
-1552
-1598
-1627
-1574
-1469
-1344
-1254
-1225
-1151
-1005
-866
-739
-608
-544
-534
-421
-298
-204
-105
-124
-104
-44
-20
21
-39
-76
-26
7
37
61
83
80
68
108
175
207
266
385
481
551
649
760
834
908
1038
1180
1302
1409
1508
1573
1645
1753
1809
1823
1808
1808
1825
1762
1726
1667
1555
1472
1394
1365
1279
1133
1025
900
840
811
744
663
529
448
399
328
316
290
227
186
151
102
95
73
-13
1
-26
-119
-117
-133
-191
-271
-300
-325
-381
-381
-417
-460
-486
-532
-536
-503
-541
-628
-633
-638
-661
-671
-726
-794
-852
-923
-979
-1017
-1071
-1131
-1207
-1296
-1403
-1533
-1638
-1711
-1748
-1711
-1655
-1663
-1707
-1696
-1626
-1527
-1412
-1317
-1239
-1152
-975
-757
-595
-483
-455
-425
-342
-179
-2
34
-8
-22
16
44
20
-14
-75
-123
-97
-28
-16
-73
-124
-113
-39
56
129
166
206
306
476
650
750
809
897
1044
1216
1320
1362
1395
1467
1575
1680
1751
1736
1673
1596
1599
1691
1657
1560
1474
1356
1326
1305
1198
1026
908
871
817
842
808
643
541
498
458
448
443
359
265
218
191
189
158
71
-32
-89
-104
-130
-183
-254
-321
-361
-376
-371
-359
-382
-434
-444
-435
-450
-450
-442
-448
-462
-485
-515
-570
-612
-621
-689
-786
-823
-894
-996
-1051
-1138
-1276
-1407
-1549
-1680
-1743
-1735
-1678
-1625
-1624
-1649
-1667
-1590
-1414
-1263
-1165
-1068
-957
-753
-501
-368
-306
-240
-182
-95
19
126
178
149
77
71
77
54
51
-7
-77
-100
-53
-11
-50
-55
-25
24
128
230
279
314
408
556
733
871
960
1029
1127
1288
1429
1480
1497
1514
1595
1762
1807
1762
1731
1678
1665
1686
1691
1612
1479
1372
1300
1278
1205
1048
879
732
671
688
686
563
418
340
299
301
294
225
114
73
119
125
121
43
-107
-169
-156
-146
-193
-257
-320
-374
-352
-330
-370
-428
-444
-436
-413
-377
-396
-427
-451
-464
-431
-428
-453
-523
-617
-699
-769
-777
-835
-976
-1124
-1262
-1405
-1574
-1744
-1903
-1993
-1965
-1906
-1920
-1969
-1971
-1880
-1712
-1560
-1425
-1303
-1186
-990
-728
-528
-422
-376
-321
-201
-30
111
143
74
14
23
50
48
-10
-110
-187
-199
-162
-124
-144
-202
-175
-62
46
136
190
211
315
526
729
873
981
1066
1165
1292
1412
1491
1535
1585
1660
1741
1811
1830
1768
1694
1665
1659
1656
1583
1433
1317
1261
1204
1128
1000
817
645
545
527
523
445
306
179
128
157
179
123
24
-63
-78
-18
20
-7
-79
-181
-218
-170
-145
-180
-267
-353
-342
-252
-193
-236
-340
-381
-335
-236
-159
-206
-304
-333
-320
-289
-281
-362
-499
-608
-631
-611
-645
-757
-916
-1079
-1215
-1352
-1523
-1671
-1726
-1699
-1676
-1707
-1766
-1785
-1702
-1536
-1367
-1265
-1215
-1136
-929
-627
-381
-297
-321
-284
-133
91
265
251
132
51
89
167
179
144
31
-66
-56
8
45
-26
-100
-111
-39
130
263
305
270
305
493
700
868
976
1052
1130
1250
1430
1569
1604
1602
1648
1735
1814
1842
1795
1712
1664
1668
1628
1487
1316
1207
1156
1098
989
806
580
423
403
400
278
118
-17
-120
-128
-68
-68
-167
-274
-295
-229
-147
-65
-25
-70
-129
-122
-74
-37
-32
-68
-124
-140
-95
-56
-76
-142
-195
-183
-127
-89
-81
-115
-197
-289
-333
-357
-408
-476
-578
-737
-857
-919
-1012
-1172
-1403
-1642
-1802
-1863
-1818
-1748
-1771
-1843
-1891
-1860
-1700
-1501
-1360
-1258
-1173
-1048
-821
-556
-370
-308
-293
-241
-135
46
250
309
214
138
125
121
127
145
133
68
-9
-9
17
-37
-91
-60
-30
-14
73
171
224
298
432
574
706
870
1041
1145
1217
1348
1512
1650
1746
1767
1690
1594
1570
1553
1456
1336
1263
1201
1112
1027
929
754
570
493
478
423
348
307
289
243
170
70
-132
-353
-412
-355
-357
-436
-519
-537
-451
-294
-141
-128
-284
-342
-134
141
293
298
170
-3
-90
14
186
181
129
282
545
712
807
799
573
232
13
-2
-106
-429
-770
-1249
-1974
-2755
-3412
-3935
-4282
-4069
-3255
-2415
-1888
-1630
-1522
-1450
-1101
-275
625
1177
1526
1904
2121
1978
1555
871
-52
-789
-930
-764
-787
-1036
-1368
-1763
-2052
-2015
-1765
-1512
-1140
-441
469
1264
1740
1867
1763
1702
1895
2192
2247
1989
1634
1286
890
457
32
-402
-739
-716
-314
114
358
540
703
802
1006
1441
1839
1991
2061
2135
2031
1721
1382
1046
703
545
660
760
541
110
-243
-399
-353
-121
111
122
20
73
254
314
178
-56
-270
-318
-135
100
127
-92
-398
-618
-628
-453
-277
-173
-18
208
354
401
402
242
-87
-236
-26
263
411
507
565
489
432
549
589
280
-136
-355
-567
-991
-1447
-1925
-2763
-3929
-4985
-5787
-6223
-5633
-3704
-1341
280
877
845
702
973
1808
2640
2782
2277
1721
1303
585
-744
-2385
-3782
-4517
-4322
-3290
-2077
-1302
-854
-253
532
1223
1835
2530
3126
3453
3670
3698
3033
1593
155
-640
-942
-1080
-1124
-1277
-1573
-1539
-914
-67
362
575
1067
1667
2286
2738
2832
2510
1851
1500
1332
1028
750
399
168
-47
-51
109
-32
-113
43
556
1160
1586
1685
1132
393
-60
-121
-3
82
21
-413
-863
-821
-463
-357
-555
-625
-448
-87
400
801
629
-88
-606
-608
-302
-147
-43
89
26
21
120
346
379
332
655
1115
1565
1789
1762
1258
304
-392
-838
-1082
-1395
-1818
-2364
-3484
-4530
-5704
-6717
-6894
-5919
-3262
-478
1812
2884
2713
2424
2160
2456
2491
2208
1721
945
168
-990
-2373
-3900
-5142
-5643
-4961
-3441
-1771
-291
893
1865
2235
2682
3221
3438
3391
3070
2753
1990
838
-356
-1475
-2229
-2330
-1732
-985
-456
42
791
1491
1917
2238
2481
2466
2343
2366
2228
1709
903
407
104
-208
-82
143
365
466
694
1102
1162
1137
976
796
875
1129
1373
1239
728
10
-574
-648
-286
67
130
49
7
155
375
477
308
-237
-510
-392
-163
-98
-350
-602
-1084
-1271
-820
-325
31
198
441
535
384
381
356
207
81
269
540
580
620
656
620
238
-29
-79
-385
-620
-775
-750
-1377
-2730
-4230
-6000
-7259
-7373
-5536
-2580
163
2365
3323
3179
2534
2249
2182
1586
782
177
-289
-1095
-2170
-3343
-4643
-5619
-5793
-4614
-2685
-727
1253
2762
3815
4221
4178
3901
3069
2219
1459
740
-62
-1045
-1893
-2542
-2775
-2392
-1498
-464
428
1225
2017
2730
3189
3328
2948
2289
1777
1296
855
359
-41
-280
-558
-388
-32
248
745
1231
1889
2163
1999
1888
1410
1054
776
709
729
257
-101
-489
-638
-510
-256
108
96
36
-24
76
313
282
26
-330
-570
-786
-922
-847
-788
-889
-948
-672
-298
51
424
796
980
697
519
432
280
47
-112
197
226
231
377
533
479
-59
-254
-475
-718
-734
-591
-717
-1885
-3278
-4680
-6113
-6987
-6516
-4048
-874
1909
3704
3982
3275
2185
1743
1646
950
12
-773
-1369
-2059
-2690
-3371
-4318
-5191
-5009
-3476
-1433
802
2600
3841
4409
4241
3968
3249
2188
981
-174
-925
-1641
-1994
-2193
-2455
-2198
-1439
-179
973
1855
2613
2967
3288
3455
3248
2610
1736
1066
587
220
-21
-130
-324
-444
-168
389
797
1091
1507
1816
1773
1535
1398
948
550
541
764
1094
919
600
136
-166
123
554
875
664
144
-274
-355
-335
-469
-937
-1516
-1529
-1265
-712
-290
-240
-321
-427
162
816
990
941
731
663
456
409
456
-107
-771
-1116
-928
-680
-610
-178
299
664
867
859
575
-21
-420
-527
-884
-1934
-3440
-5060
-6646
-7624
-7050
-4737
-1692
1066
2981
3717
3404
2763
2331
1868
1047
118
-572
-1144
-1826
-2635
-3591
-4689
-5413
-4966
-3298
-1089
1057
2876
4103
4506
4304
3797
2898
1641
420
-543
-1183
-1682
-2132
-2447
-2732
-2537
-1485
-188
864
1946
2992
3788
4053
3678
2976
1764
833
451
35
-131
-417
-507
-546
-763
-214
136
507
1158
1788
2779
2614
2244
1769
847
600
266
409
390
157
231
-56
-2
271
521
555
483
374
22
-37
-182
-538
-1019
-1345
-1257
-1212
-538
8
116
18
-167
415
692
1183
1444
1313
1043
286
158
-238
-554
-974
-1066
-743
-684
-3
420
784
524
220
412
224
326
218
130
-568
-2234
-3944
-6048
-7621
-8154
-6939
-3613
-175
2465
3506
3196
2439
1519
1409
1377
912
382
-82
-541
-1459
-2686
-4065
-5340
-5787
-4691
-2367
224
2438
3913
4537
4424
4027
3520
2747
1825
1004
232
-625
-1412
-2098
-2796
-3231
-2790
-1473
43
1384
2580
3444
3714
3576
3195
2505
1581
910
718
515
202
-44
-326
-860
-1139
-747
111
940
1573
2325
2429
2180
1743
1133
933
611
803
969
735
430
-393
-839
-885
-550
120
517
633
293
117
151
-135
-721
-1210
-1019
-796
-230
404
539
245
-354
-62
43
358
897
930
1023
391
211
-31
-680
-958
-1070
-553
-54
496
999
1126
820
83
-505
-880
-640
-240
-342
-1159
-3115
-5362
-7376
-8132
-7087
-4725
-1257
1516
3188
3458
2562
1778
1258
1259
1060
813
383
-515
-1634
-2960
-4174
-5581
-6107
-5243
-3319
-877
1088
2771
3775
3939
3841
3616
3457
2949
2066
1257
199
-1161
-2439
-3163
-3247
-2905
-1924
-384
992
1802
2438
3030
3273
3032
2663
2229
1691
1289
905
314
-492
-961
-1240
-1226
-668
161
1026
1424
1898
2013
1758
1402
839
945
1050
1306
1522
1141
489
-698
-1354
-1349
-1162
-420
449
1006
918
515
347
-88
-740
-932
-697
-447
-103
376
501
-69
-719
-656
-247
341
969
1509
1501
803
199
-407
-794
-1157
-1024
-346
18
594
915
1005
527
-364
-470
-491
-221
360
549
-211
-2503
-5086
-7402
-8818
-7840
-4569
-311
2674
3610
3015
1624
659
696
1560
2259
2240
1577
425
-1351
-3411
-5071
-6214
-6209
-4826
-2271
203
1486
2057
2173
2363
2898
3712
4498
4478
3857
2677
776
-1400
-3316
-4248
-4183
-3083
-1110
501
1191
954
733
1126
1649
2708
3758
4150
3751
2681
1730
201
-1357
-1904
-1948
-1375
-569
428
1150
904
705
827
1293
1727
1652
1799
1864
1687
1530
1156
452
-763
-1398
-917
-231
470
842
545
-208
-519
161
584
295
88
0
-312
-401
77
207
-516
-1085
-746
-134
346
914
1255
836
149
-18
134
220
108
133
120
8
244
408
287
-392
-1160
-1338
-1208
-796
-446
-449
-1058
-2263
-3704
-5297
-6355
-5733
-3227
-207
1755
2093
1252
276
207
1256
2472
2888
2383
1181
-533
-2298
-3519
-4114
-4345
-4110
-3157
-1820
-925
-669
-570
-93
991
2537
4272
5446
5307
3868
1997
156
-1506
-2624
-2944
-2440
-1904
-1057
-377
-593
-812
-660
338
1360
2413
3748
4110
3933
3124
2056
962
-447
-709
-536
-642
-722
-807
-510
-552
-145
759
1082
1252
1233
1140
895
885
1157
1086
1007
764
56
-450
-221
-65
-360
-461
-367
-381
-177
441
661
137
-360
-339
-120
41
252
291
-105
-446
-88
494
505
285
287
69
-426
-365
385
918
997
1352
1788
1250
43
-706
-1020
-1310
-1199
-533
-239
-1221
-3065
-4755
-6071
-6554
-4914
-1428
1414
2060
1166
-279
-1285
-708
1587
3940
4795
4183
2642
312
-2367
-3812
-3887
-3565
-3129
-2264
-1081
-1314
-2626
-3132
-2063
-287
1361
3481
5006
4741
3540
2792
2153
1163
417
73
-435
-1544
-1853
-1893
-2480
-2487
-1494
52
751
1234
2052
2221
1889
1999
2861
2976
2564
2729
2194
377
-1384
-1550
-1181
-1200
-470
328
302
-426
-496
125
441
1108
1769
1972
1245
492
367
421
922
1364
1172
-178
-1254
-1421
-1255
-842
-440
379
689
439
243
211
99
-588
-796
-304
442
831
462
78
-525
-1085
-1062
-365
744
1036
1067
1482
1826
1446
505
12
-510
-739
-445
-107
-411
-1979
-3814
-5435
-6568
-6580
-4853
-1807
546
958
-118
-1177
-914
885
3200
4702
4798
3830
2335
635
-510
-842
-1090
-1653
-2232
-2560
-2921
-3749
-4476
-3874
-1893
189
1376
1801
1876
1680
1631
2263
3177
3566
3203
2209
865
-269
-1013
-1768
-2407
-2283
-1571
-1123
-1120
-1047
-590
166
1049
1816
2221
2340
2526
2782
2646
1983
1344
1034
610
-132
-646
-798
-1223
-1728
-1222
75
755
708
823
883
397
54
382
946
1559
2169
1900
412
-982
-1331
-1278
-1259
-743
47
24
-625
-615
-108
-186
-557
-376
80
170
139
405
420
1
33
493
681
903
1515
1908
1494
691
138
-357
-844
-899
-949
-1895
-3636
-5138
-5951
-6351
-5529
-2836
-295
-44
-1390
-2364
-1777
571
3872
6152
5982
4279
2533
1183
555
815
1326
1079
-252
-1704
-2501
-3028
-3495
-3340
-2258
-1062
-678
-693
-462
-76
535
1517
2638
3402
3248
2249
1228
1053
1697
2005
1420
638
16
-799
-1842
-2340
-1750
-966
-742
-546
-193
-91
14
830
2082
2640
2473
2432
2448
2171
1876
1777
1540
657
-552
-1200
-1191
-897
-460
-147
-230
-554
-686
-301
613
1651
1942
1014
-170
-430
-83
-58
-220
-125
-280
-908
-1094
-554
-369
-891
-1011
-278
355
403
250
-32
-308
-127
404
977
1572
1823
1313
516
365
886
1082
555
-84
-996
-2860
-4788
-5539
-5719
-6061
-5642
-4041
-2919
-3450
-4233
-3451
-1143
1611
3709
4342
3757
3068
2845
2949
3369
3902
3609
1946
-213
-1674
-2305
-2592
-2614
-2266
-1917
-2053
-2512
-2648
-2085
-1004
110
906
1440
1833
1928
1695
1725
2486
3274
3004
1933
1224
1078
735
149
-1
99
-281
-869
-1070
-1070
-1015
-578
82
122
-426
-311
745
1785
2470
2896
2862
2331
1545
976
1136
1865
2267
1764
778
-200
-1280
-2069
-1598
-190
569
-64
-1315
-1946
-1418
-333
437
766
883
611
-155
-552
-4
504
381
498
1048
1126
427
-306
-368
46
478
858
1098
972
440
-233
-557
-382
-224
-475
-906
-1313
-2059
-3177
-3964
-4163
-4003
-3474
-2812
-3035
-4279
-4948
-3621
-1107
582
882
621
1096
2124
2982
3808
4152
3693
2334
1144
990
1039
757
-257
-1396
-2158
-2996
-3598
-3579
-2679
-1660
-1580
-1668
-1342
-596
476
1460
2543
3204
3093
2554
1570
1233
2028
3051
3143
1837
425
-217
-218
70
32
-506
-1062
-979
-427
-157
-158
156
616
595
427
660
942
909
1037
1740
2334
2212
1749
1585
1640
1596
1430
1126
1055
771
-146
-1227
-1614
-972
-890
-1580
-1977
-1882
-1495
-999
170
1370
1400
628
291
869
1483
1709
1833
1994
1901
1456
1121
675
273
230
168
158
-203
-1173
-2353
-3296
-3463
-3869
-4772
-4783
-3890
-3081
-3517
-4542
-4290
-2704
-736
491
550
-76
-546
65
1417
2336
2487
2418
2331
1980
1447
1229
1528
1576
812
-3
-208
-527
-1586
-2428
-2445
-2526
-3222
-3565
-2864
-1967
-1398
-1065
-449
269
508
1085
2422
4106
4860
4150
3195
2582
2605
2809
2714
2369
1196
-294
-1251
-1339
-1051
-1235
-1050
-563
-842
-1799
-2062
-660
796
1141
1069
1249
1536
1590
1739
2183
2580
2451
1969
1797
1911
1500
544
216
755
992
270
-725
-1261
-1409
-1407
-1309
-1286
-1569
-1929
-1746
-749
487
1068
936
990
1710
2378
2419
2453
2906
2857
1691
412
-169
-893
-2429
-3763
-3999
-3965
-4609
-5382
-5594
-5774
-6234
-5829
-3837
-1744
-1284
-1835
-1571
-219
1148
2100
2916
3350
2936
2098
1719
2043
2522
2486
1612
312
-545
-621
-396
-553
-1072
-1656
-2273
-2989
-3054
-1959
-867
-929
-1605
-1344
-706
-646
-554
341
1482
1333
1019
1456
2286
2900
2791
2826
2849
2717
2327
2110
2389
2287
1841
1112
482
-24
-666
-932
-681
-594
-1166
-1507
-916
-107
105
179
661
1118
1394
1940
2632
2621
1909
1603
2210
3021
3159
2419
1239
308
20
184
238
-119
-637
-1076
-1468
-1553
-978
-390
-569
-673
143
720
179
-109
899
1785
1221
347
317
261
-587
-1723
-2569
-3034
-3422
-3979
-4710
-5501
-5727
-4776
-3438
-3364
-4621
-5023
-3263
-991
17
321
911
1372
1291
1660
2840
3491
3028
2179
1615
1403
1198
701
190
-240
-906
-1834
-2660
-2557
-2130
-2180
-2534
-2650
-1895
-1092
-543
-253
132
868
1258
1525
1815
2428
3076
3071
2526
1973
2138
2537
2473
1924
1370
1296
1649
1978
1635
881
681
1056
975
478
729
1416
1146
134
-267
-27
20
65
613
1128
784
52
145
1259
2333
2282
1473
757
631
1128
1451
1237
574
-117
-532
-564
148
822
526
-346
-857
-706
-516
-374
-31
34
-662
-1689
-2060
-1979
-2297
-2691
-2889
-3038
-3359
-3983
-4358
-4312
-3715
-2640
-2048
-2350
-3097
-3151
-2033
-793
-321
-578
-932
-599
93
327
554
1146
1390
730
191
973
1907
1675
726
273
513
263
-389
-435
-94
-363
-1490
-2096
-1501
-914
-1019
-1238
-867
-207
186
607
1216
1738
2103
2604
3200
3420
3334
3270
3405
3217
2498
1988
2186
2694
2208
1159
847
970
611
-54
321
1059
729
-25
4
820
1105
760
765
997
919
568
696
1592
2183
1714
589
-82
317
992
1301
1095
475
-317
-1073
-961
-26
615
319
-263
-267
-376
-780
-657
-158
-131
-883
-1571
-1741
-1927
-2388
-3055
-3332
-3106
-3463
-4565
-5346
-4965
-3984
-3544
-3445
-3493
-3610
-2987
-1649
-758
-888
-992
-351
400
850
1154
1553
2069
2045
1138
630
1475
2220
1515
351
-43
-111
-447
-609
-430
-616
-1520
-2340
-2191
-1313
-783
-1050
-1117
-447
352
782
1156
1813
2095
2134
2365
2562
2826
3304
3701
3383
2713
2453
2457
2351
2126
1987
1938
1728
1102
457
448
929
984
274
-432
-413
150
503
602
633
696
642
477
834
1597
2149
1670
708
543
960
1162
801
572
354
-349
-841
-553
55
-152
-805
-1013
-961
-728
-373
-178
-554
-1272
-1595
-1721
-1829
-1906
-2353
-2851
-3054
-3378
-4073
-4627
-4217
-3265
-3050
-3657
-4255
-3870
-2524
-1512
-1184
-1108
-1037
-883
-470
459
1127
1103
1227
1569
1379
1104
1717
2380
1865
917
693
829
716
492
166
-497
-1272
-1574
-1209
-804
-1014
-1456
-1326
-877
-883
-956
-171
1039
1484
1277
1336
1695
2053
2662
3447
3648
3292
3309
3870
4018
3278
2441
2209
2390
2083
1361
972
903
800
244
-305
-427
-356
-340
-330
116
559
416
194
713
1525
1827
1692
1416
1315
1357
1588
1607
1052
447
167
317
329
-38
-325
-686
-1118
-1286
-1080
-930
-1224
-1347
-1426
-2114
-2710
-2549
-2088
-2223
-2863
-3107
-3229
-3748
-3854
-2931
-1833
-2164
-3632
-3912
-2663
-1679
-1787
-1921
-1364
-1194
-1254
-494
299
264
125
680
1162
1088
1454
2059
1866
1072
601
926
1087
508
66
50
-200
-1001
-1271
-652
-634
-1411
-1601
-812
-285
-674
-912
-316
322
400
468
1178
2226
2624
2419
2313
2511
2931
3372
3830
3663
2750
2420
2817
2896
2252
1752
2021
1993
1334
893
937
954
479
100
121
-28
-407
-462
-184
-132
-427
-604
-342
215
928
1327
1280
1139
1044
1162
1304
1548
1811
1656
962
2
-427
-490
-954
-1712
-2248
-2717
-3522
-4074
-3823
-3494
-3935
-4677
-4916
-4721
-4282
-3426
-2527
-2534
-3228
-3167
-2014
-996
-737
-523
0
305
271
520
1277
1821
1426
536
303
930
1425
1082
221
-403
-370
-48
-124
-450
-381
-143
-343
-658
-505
-98
147
191
97
8
148
435
553
428
306
413
696
919
1085
1376
1709
1915
2128
2407
2524
2438
2403
2654
3086
3280
2935
2354
2158
2189
1878
1412
1404
1582
1275
552
111
246
196
-103
-219
-27
355
198
-135
-171
-41
330
611
788
491
4
285
520
444
286
-147
-517
-662
-252
-129
-1045
-1647
-1518
-1731
-2439
-2912
-2911
-3083
-3726
-3964
-3943
-4236
-4274
-3964
-3817
-4268
-4651
-3935
-2571
-1605
-1486
-1459
-905
-400
25
723
1592
2155
1985
1570
1649
2362
2893
2389
1420
1015
1114
1078
871
614
41
-750
-1073
-867
-803
-1010
-1187
-1284
-1288
-1037
-690
-478
-235
252
757
1077
1510
2018
2441
2638
2691
2797
2759
2816
2921
2915
2711
2251
1895
1565
1228
1139
1421
1675
1274
648
694
1185
1255
945
800
913
816
647
704
580
392
234
11
-264
-328
200
625
387
-21
-267
-207
184
502
483
59
-297
-273
-525
-960
-1156
-1282
-1828
-2861
-3381
-2965
-2496
-2925
-3919
-4564
-4500
-4034
-3688
-3551
-3750
-3769
-3120
-2456
-2139
-2040
-1710
-1030
-506
-125
166
539
1150
1386
1032
807
1400
2209
2113
1513
1410
1596
1411
1154
1275
1274
712
275
536
702
116
-460
-324
-112
-411
-664
-440
-114
74
212
232
280
712
1284
1410
1279
1540
2173
2704
2921
2808
2444
2303
2747
3206
2948
2342
2188
2220
1776
1146
1050
1300
1061
334
-181
-144
-23
-256
-621
-636
-525
-769
-841
-492
41
92
-172
11
123
159
165
325
517
159
-199
-401
-580
-919
-1351
-1534
-1813
-2419
-2910
-2822
-2679
-3201
-4057
-4388
-4112
-3813
-3661
-3539
-3431
-3425
-3431
-3115
-2309
-1471
-1261
-1462
-1177
-281
414
620
836
1082
1000
940
1415
1953
1898
1548
1476
1472
1184
985
1248
1561
1289
628
311
501
727
736
571
258
45
128
582
901
799
765
795
879
1058
1348
1722
1759
1697
1841
1953
2093
2214
2198
2172
2071
1952
1743
1489
1635
1732
1502
1222
955
814
795
954
999
646
246
58
43
104
143
41
-219
-528
-679
-635
-651
-814
-877
-707
-606
-746
-848
-829
-977
-1250
-1243
-1014
-1041
-1319
-1449
-1508
-1825
-2131
-2031
-1847
-2031
-2366
-2525
-2649
-2806
-2795
-2671
-2691
-2827
-2888
-2770
-2452
-2046
-1748
-1559
-1336
-1036
-630
-152
167
236
398
873
1315
1418
1417
1561
1637
1473
1316
1375
1474
1376
1050
655
472
655
899
700
110
-153
285
826
752
360
412
844
980
861
1128
1729
1903
1551
1415
1777
2068
1991
1898
1934
1836
1594
1513
1588
1526
1330
1192
1089
912
754
744
823
816
665
485
346
341
398
388
361
243
146
143
98
20
-39
81
170
-57
-350
-520
-498
-409
-517
-796
-1097
-1252
-1372
-1596
-1725
-1805
-2023
-2331
-2557
-2615
-2568
-2523
-2624
-2764
-2838
-2836
-2758
-2637
-2455
-2416
-2335
-1962
-1601
-1480
-1520
-1399
-1124
-878
-561
-210
23
112
153
252
435
640
819
894
882
912
963
998
1096
1241
1292
1238
1223
1277
1317
1370
1461
1471
1423
1488
1579
1508
1383
1351
1319
1272
1363
1569
1711
1706
1604
1592
1775
1952
1917
1850
1946
2048
2005
1898
1817
1701
1520
1326
1195
1113
959
661
334
170
57
-104
-231
-197
-135
-313
-543
-556
-359
-208
-278
-425
-577
-629
-536
-445
-564
-903
-1133
-1126
-1079
-1310
-1781
-2033
-2114
-2252
-2466
-2714
-2855
-2963
-3097
-3272
-3442
-3455
-3323
-3125
-2988
-2922
-2799
-2529
-2224
-2016
-1838
-1560
-1204
-990
-819
-441
-32
174
245
307
455
680
908
1124
1216
1170
1121
1168
1281
1301
1309
1379
1351
1191
1065
1166
1309
1255
1228
1382
1546
1518
1393
1455
1684
1943
2176
2287
2304
2284
2308
2358
2379
2456
2538
2498
2289
2041
1955
1940
1786
1453
1197
1198
1239
1100
889
812
779
655
548
560
531
367
254
281
253
63
-144
-283
-412
-529
-594
-673
-837
-1088
-1360
-1558
-1635
-1666
-1736
-1870
-2058
-2245
-2404
-2541
-2577
-2486
-2505
-2807
-3129
-3207
-3201
-3269
-3262
-3138
-3100
-3168
-3140
-2980
-2810
-2617
-2359
-2101
-1832
-1483
-1120
-842
-578
-255
83
363
535
598
682
895
1124
1218
1205
1199
1213
1189
1121
1093
1171
1276
1292
1278
1368
1495
1470
1338
1363
1648
1974
2126
2107
2056
2051
2107
2212
2345
2475
2557
2529
2376
2200
2170
2275
2297
2156
2022
1978
1898
1726
1573
1489
1388
1209
1024
912
831
665
438
246
67
-118
-215
-233
-340
-578
-776
-824
-808
-842
-933
-1021
-1101
-1210
-1341
-1454
-1580
-1741
-1879
-2013
-2255
-2558
-2719
-2785
-3019
-3379
-3548
-3505
-3499
-3540
-3471
-3366
-3369
-3347
-3107
-2774
-2532
-2313
-2050
-1776
-1477
-1179
-924
-693
-445
-154
117
254
274
333
536
777
899
957
1059
1120
1080
1069
1190
1336
1398
1445
1574
1701
1717
1712
1814
1965
2034
2068
2166
2277
2343
2397
2410
2364
2333
2371
2476
2506
2375
2283
2352
2438
2365
2154
2085
2195
2146
1894
1727
1720
1682
1489
1261
1131
1004
805
637
564
461
194
-70
-74
21
-112
-388
-549
-586
-640
-779
-936
-1077
-1250
-1431
-1566
-1689
-1828
-1995
-2222
-2508
-2752
-2836
-2863
-3006
-3197
-3310
-3367
-3454
-3569
-3578
-3482
-3443
-3431
-3289
-3062
-2901
-2815
-2656
-2360
-2039
-1793
-1609
-1416
-1166
-879
-634
-465
-300
-92
93
221
397
633
771
777
856
1085
1257
1274
1329
1512
1615
1558
1555
1704
1818
1803
1808
1891
1947
1987
2127
2323
2383
2310
2306
2462
2613
2623
2581
2622
2688
2674
2618
2599
2552
2404
2248
2193
2179
2092
1924
1725
1525
1346
1224
1135
1000
783
552
394
289
145
-28
-120
-139
-232
-436
-623
-699
-739
-862
-1078
-1262
-1336
-1409
-1634
-1937
-2136
-2245
-2428
-2680
-2860
-2979
-3154
-3335
-3399
-3406
-3494
-3601
-3579
-3448
-3333
-3247
-3138
-3013
-2876
-2671
-2381
-2078
-1833
-1655
-1490
-1266
-939
-553
-244
-96
-37
75
292
531
722
878
1025
1124
1136
1133
1228
1422
1581
1624
1606
1616
1664
1719
1788
1885
1968
1992
2003
2079
2182
2221
2226
2288
2372
2413
2444
2520
2591
2595
2559
2520
2454
2379
2302
2195
2071
1956
1843
1739
1613
1440
1236
1058
935
806
605
392
246
124
-65
-270
-364
-399
-529
-772
-993
-1105
-1193
-1335
-1434
-1476
-1594
-1826
-2051
-2167
-2220
-2319
-2470
-2614
-2756
-2905
-3024
-3096
-3144
-3165
-3149
-3129
-3144
-3135
-3030
-2878
-2770
-2699
-2570
-2346
-2109
-1932
-1751
-1523
-1297
-1086
-867
-666
-457
-204
29
153
232
399
646
826
894
932
998
1093
1185
1280
1399
1477
1490
1537
1629
1668
1666
1742
1906
2006
1964
1916
1996
2143
2213
2197
2214
2281
2321
2320
2348
2433
2476
2433
2410
2409
2348
2254
2184
2148
2103
1999
1855
1699
1554
1465
1375
1201
1002
866
769
626
417
225
72
-103
-322
-524
-676
-818
-1006
-1213
-1403
-1596
-1802
-1961
-2072
-2206
-2402
-2590
-2679
-2735
-2866
-3016
-3082
-3105
-3132
-3122
-3063
-3017
-3006
-2964
-2858
-2722
-2579
-2420
-2244
-2095
-1995
-1869
-1659
-1420
-1227
-1077
-924
-742
-540
-337
-165
-38
95
276
464
620
728
807
910
1043
1154
1232
1288
1347
1449
1564
1620
1612
1629
1723
1828
1874
1895
1953
2032
2065
2031
2010
2072
2154
2159
2125
2161
2246
2267
2216
2163
2129
2082
2018
1977
1956
1891
1749
1590
1479
1391
1250
1069
910
787
662
506
329
134
-58
-223
-377
-537
-705
-904
-1119
-1326
-1524
-1706
-1871
-2044
-2229
-2423
-2601
-2722
-2802
-2902
-3019
-3107
-3153
-3149
-3093
-3028
-2980
-2914
-2796
-2649
-2495
-2324
-2116
-1913
-1735
-1568
-1391
-1192
-994
-835
-674
-479
-313
-202
-97
35
176
276
330
410
558
691
754
799
895
1018
1114
1177
1239
1324
1446
1568
1640
1676
1729
1813
1895
1951
1997
2030
2034
2021
2026
2082
2151
2135
2052
2015
2038
2052
2031
2008
1993
1966
1932
1909
1877
1801
1724
1693
1658
1540
1394
1297
1219
1078
879
705
585
441
226
9
-184
-409
-654
-872
-1068
-1273
-1497
-1714
-1910
-2129
-2365
-2550
-2684
-2831
-2988
-3102
-3175
-3252
-3322
-3343
-3322
-3288
-3224
-3105
-2954
-2818
-2701
-2554
-2340
-2107
-1916
-1735
-1510
-1280
-1099
-943
-752
-551
-369
-225
-127
-20
97
221
322
401
513
622
705
764
820
938
1083
1202
1269
1308
1379
1472
1590
1728
1818
1849
1892
1983
2065
2114
2170
2246
2292
2294
2288
2296
2315
2321
2309
2289
2267
2221
2153
2080
2021
1968
1895
1796
1672
1553
1456
1352
1208
1053
926
804
665
485
295
107
-70
-222
-407
-622
-843
-1043
-1226
-1445
-1669
-1878
-2081
-2310
-2562
-2765
-2891
-3000
-3141
-3267
-3339
-3380
-3414
-3409
-3356
-3275
-3173
-3037
-2868
-2688
-2488
-2288
-2087
-1872
-1630
-1364
-1136
-927
-719
-503
-281
-93
82
230
365
471
550
639
730
831
936
1014
1083
1163
1238
1312
1400
1492
1597
1700
1765
1820
1898
1991
2077
2138
2201
2282
2327
2335
2359
2396
2430
2448
2419
2383
2371
2334
2258
2194
2163
2109
1999
1863
1750
1657
1550
1411
1261
1123
991
847
689
520
344
161
-16
-184
-361
-566
-789
-1003
-1208
-1414
-1624
-1844
-2071
-2293
-2494
-2678
-2844
-2998
-3147
-3275
-3361
-3409
-3449
-3497
-3513
-3461
-3378
-3305
-3231
-3119
-2946
-2746
-2563
-2366
-2144
-1937
-1741
-1520
-1287
-1053
-821
-606
-414
-234
-55
136
325
481
609
734
868
1004
1125
1231
1314
1382
1466
1590
1723
1817
1881
1960
2051
2137
2250
2381
2468
2517
2572
2645
2727
2799
2833
2852
2848
2818
2810
2815
2793
2710
2601
2502
2398
2287
2174
2069
1926
1723
1512
1350
1222
1059
844
634
448
241
10
-199
-375
-577
-822
-1059
-1272
-1493
-1739
-1975
-2185
-2400
-2624
-2819
-2975
-3133
-3305
-3443
-3523
-3574
-3617
-3624
-3585
-3541
-3489
-3405
-3260
-3101
-2955
-2778
-2585
-2397
-2226
-2040
-1818
-1616
-1428
-1248
-1069
-901
-746
-571
-376
-187
-33
101
246
402
555
722
907
1064
1171
1272
1410
1562
1707
1856
1993
2095
2184
2302
2443
2571
2682
2783
2863
2921
2972
3022
3066
3100
3091
3054
3013
2970
2909
2825
2751
2651
2522
2393
2258
2121
1973
1817
1638
1444
1254
1061
871
673
457
221
-12
-235
-461
-703
-966
-1239
-1509
-1767
-2012
-2248
-2481
-2708
-2923
-3123
-3291
-3415
-3496
-3559
-3632
-3687
-3699
-3648
-3552
-3464
-3364
-3252
-3112
-2961
-2804
-2617
-2417
-2226
-2061
-1907
-1740
-1562
-1389
-1217
-1057
-915
-782
-648
-491
-342
-207
-65
96
279
451
625
799
992
1205
1407
1606
1785
1968
2152
2292
2443
2598
2724
2830
2916
2997
3063
3118
3161
3185
3194
3188
3190
3184
3162
3114
3042
2983
2927
2841
2729
2596
2458
2322
2161
1980
1786
1571
1339
1100
855
598
333
77
-184
-475
-774
-1065
-1344
-1597
-1858
-2119
-2369
-2620
-2829
-3006
-3147
-3278
-3410
-3486
-3533
-3563
-3564
-3524
-3433
-3368
-3332
-3251
-3129
-2994
-2867
-2748
-2624
-2488
-2340
-2188
-2030
-1877
-1735
-1586
-1421
-1241
-1061
-897
-730
-547
-368
-202
-32
154
356
539
702
868
1044
1232
1397
1555
1736
1892
2041
2191
2327
2472
2600
2711
2807
2912
3015
3086
3141
3158
3185
3207
3206
3195
3156
3112
3037
2934
2829
2719
2597
2445
2285
2127
1950
1744
1530
1330
1133
897
628
369
102
-163
-439
-732
-1011
-1288
-1573
-1838
-2091
-2323
-2516
-2699
-2876
-3026
-3150
-3228
-3272
-3301
-3306
-3299
-3283
-3238
-3162
-3076
-2990
-2906
-2811
-2703
-2586
-2455
-2325
-2205
-2083
-1965
-1843
-1708
-1572
-1422
-1265
-1134
-1001
-851
-699
-538
-360
-189
-22
140
318
529
746
951
1144
1321
1500
1688
1869
2054
2238
2384
2504
2618
2731
2849
2958
3036
3105
3158
3182
3196
3205
3205
3191
3145
3070
2991
2911
2809
2675
2508
2334
2176
2011
1818
1605
1398
1191
957
705
463
224
-24
-290
-574
-855
-1116
-1358
-1599
-1841
-2076
-2292
-2484
-2643
-2778
-2896
-2989
-3067
-3132
-3158
-3154
-3114
-3049
-2994
-2930
-2859
-2788
-2690
-2591
-2499
-2390
-2290
-2189
-2075
-1978
-1880
-1755
-1619
-1492
-1371
-1235
-1079
-926
-761
-577
-401
-248
-88
109
318
517
723
923
1109
1290
1467
1655
1842
2000
2155
2302
2427
2550
2676
2788
2873
2927
2980
3030
3066
3081
3068
3039
2996
2924
2857
2788
2669
2526
2387
2242
2075
1879
1676
1475
1254
1022
796
574
338
79
-186
-448
-709
-961
-1193
-1406
-1618
-1839
-2045
-2219
-2366
-2485
-2582
-2665
-2745
-2812
-2846
-2849
-2837
-2808
-2767
-2724
-2673
-2606
-2522
-2425
-2324
-2237
-2162
-2085
-1985
-1855
-1734
-1628
-1510
-1388
-1263
-1123
-982
-833
-667
-511
-359
-196
-31
143
330
510
698
898
1088
1280
1471
1652
1825
1978
2113
2239
2358
2466
2560
2634
2702
2756
2798
2817
2816
2815
2793
2761
2708
2642
2577
2480
2367
2244
2107
1964
1802
1640
1468
1272
1068
848
629
412
189
-36
-282
-510
-714
-917
-1108
-1314
-1501
-1675
-1844
-1990
-2131
-2248
-2347
-2435
-2507
-2552
-2582
-2604
-2606
-2603
-2603
-2583
-2535
-2475
-2413
-2360
-2303
-2236
-2170
-2086
-2002
-1908
-1804
-1703
-1579
-1438
-1290
-1151
-1014
-862
-712
-573
-428
-264
-83
93
262
433
609
787
971
1163
1344
1516
1677
1835
1987
2122
2249
2371
2451
2512
2593
2627
2654
2675
2677
2683
2661
2618
2543
2489
2397
2312
2211
2049
1946
1789
1644
1507
1313
1151
983
773
573
408
189
26
-153
-397
-550
-728
-931
-1091
-1252
-1406
-1524
-1668
-1790
-1874
-2001
-2074
-2139
-2221
-2247
-2275
-2310
-2330
-2333
-2339
-2313
-2282
-2261
-2215
-2170
-2111
-2032
-1966
-1896
-1797
-1699
-1608
-1495
-1374
-1248
-1101
-954
-804
-638
-481
-307
-106
70
232
404
578
761
938
1090
1249
1404
1535
1673
1819
1956
2067
2151
2232
2309
2374
2423
2456
2470
2453
2421
2387
2344
2283
2207
2117
2017
1907
1784
1658
1524
1378
1221
1061
903
743
580
420
251
77
-93
-260
-412
-553
-707
-861
-995
-1119
-1243
-1364
-1474
-1564
-1653
-1737
-1801
-1856
-1919
-1962
-2003
-2039
-2054
-2067
-2076
-2066
-2057
-2038
-2003
-1960
-1905
-1835
-1765
-1681
-1584
-1489
-1391
-1276
-1152
-1028
-901
-763
-623
-480
-325
-171
-25
127
290
462
628
785
943
1099
1252
1402
1532
1644
1752
1845
1916
1983
2041
2084
2118
2131
2130
2118
2089
2051
2004
1941
1870
1787
1685
1585
1492
1380
1250
1116
978
844
710
564
420
283
138
0
-130
-259
-370
-461
-558
-652
-746
-846
-933
-1008
-1078
-1145
-1211
-1275
-1326
-1372
-1412
-1438
-1483
-1506
-1521
-1543
-1542
-1539
-1528
-1520
-1494
-1469
-1434
-1381
-1342
-1282
-1211
-1145
-1071
-987
-892
-791
-688
-585
-475
-363
-241
-122
-4
120
242
359
482
603
704
814
919
1022
1105
1175
1264
1319
1366
1420
1441
1470
1493
1499
1498
1481
1460
1416
1375
1318
1244
1182
1088
998
904
798
703
601
498
395
292
190
91
5
-73
-150
-237
-322
-404
-463
-509
-575
-628
-664
-713
-759
-786
-810
-831
-852
-869
-880
-888
-890
-880
-866
-857
-841
-825
-809
-779
-757
-738
-707
-673
-635
-588
-537
-492
-443
-386
-327
-277
-219
-139
-77
-34
27
88
151
211
260
321
375
415
465
505
543
592
617
625
642
658
677
687
681
679
684
670
649
624
591
560
520
464
411
361
312
269
218
153
91
39
-10
-62
-111
-151
-193
-236
-271
-300
-328
-356
-371
-378
-390
-398
-399
-398
-393
-387
-376
-360
-344
-326
-299
-278
-259
-227
-186
-156
-128
-99
-75
-48
-15
14
38
59
83
108
138
164
184
200
213
222
233
240
245
258
273
281
280
273
261
242
215
194
179
154
131
105
76
55
21
-18
-41
-64
-87
-117
-163
-197
-217
-247
-272
-299
-332
-354
-374
-399
-421
-438
-452
-462
-468
-471
-470
-465
-450
-427
-396
-372
-341
-315
-294
-248
-217
-181
-140
-111
-64
-17
30
79
122
169
215
280
326
380
424
468
508
554
597
633
665
697
720
737
763
783
787
788
777
774
780
762
731
715
691
655
613
563
518
466
404
337
275
215
138
53
-13
-80
-154
-225
-292
-363
-435
-516
-585
-635
-705
-760
-813
-866
-898
-934
-957
-980
-999
-1013
-1031
-1034
-1023
-1007
-990
-972
-950
-915
-876
-834
-788
-738
-680
-622
-566
-503
-432
-359
-287
-210
-125
-41
32
103
182
264
338
405
473
543
613
674
734
806
862
906
953
990
1024
1063
1090
1119
1146
1146
1138
1134
1130
1124
1102
1068
1041
997
935
883
832
764
698
630
549
460
374
291
203
107
12
-78
-163
-247
-344
-436
-511
-587
-660
-741
-813
-872
-927
-970
-1029
-1072
-1096
-1127
-1143
-1162
-1173
-1171
-1173
-1153
-1134
-1113
-1076
-1040
-994
-947
-901
-841
-772
-715
-662
-586
-509
-435
-355
-273
-193
-111
-26
59
139
213
285
368
447
506
569
643
698
746
799
840
890
923
952
985
1008
1038
1048
1057
1063
1063
1060
1043
1031
1005
969
944
914
868
816
768
717
667
606
535
469
400
318
241
174
95
18
-54
-135
-213
-284
-363
-434
-497
-564
-621
-671
-725
-767
-808
-851
-880
-906
-932
-947
-965
-969
-960
-962
-953
-935
-924
-891
-866
-834
-797
-769
-715
-669
-625
-577
-528
-457
-386
-323
-271
-214
-148
-85
-26
32
96
154
213
258
300
361
406
457
508
538
585
621
649
684
700
728
747
750
759
769
780
773
768
769
748
734
717
685
660
638
604
564
530
485
439
399
357
310
260
211
161
115
67
21
-26
-69
-121
-175
-219
-260
-298
-337
-376
-411
-437
-460
-487
-511
-526
-545
-561
-564
-571
-576
-575
-576
-568
-559
-550
-538
-525
-507
-484
-465
-436
-404
-387
-362
-332
-302
-272
-250
-223
-189
-163
-138
-111
-83
-57
-32
-4
21
49
83
104
117
141
161
178
197
217
238
255
267
282
296
306
318
330
339
352
358
364
374
378
370
368
369
364
358
359
349
332
326
318
299
288
280
274
269
248
226
209
184
168
153
125
107
86
64
48
32
9
-14
-41
-60
-71
-89
-113
-135
-145
-159
-183
-204
-223
-243
-257
-267
-279
-297
-317
-323
-326
-338
-347
-350
-356
-358
-362
-368
-364
-363
-381
-393
-395
-395
-395
-397
-397
-384
-371
-357
-339
-318
-293
-274
-262
-239
-208
-178
-146
-108
-74
-39
-5
29
65
109
153
189
224
269
310
336
355
380
409
432
458
490
514
539
561
576
597
607
611
630
639
636
630
609
596
591
573
554
531
500
467
434
407
371
328
293
244
198
164
114
64
19
-35
-90
-139
-186
-241
-294
-336
-382
-441
-484
-524
-562
-594
-633
-662
-681
-712
-734
-751
-761
-769
-778
-782
-781
-775
-756
-740
-720
-686
-666
-643
-603
-568
-536
-494
-453
-402
-340
-284
-230
-167
-101
-45
13
70
128
192
253
314
375
431
485
533
576
632
671
706
751
778
809
836
848
868
881
886
883
882
871
866
865
852
828
792
761
729
682
632
580
533
476
410
345
282
223
152
81
16
-52
-109
-177
-247
-297
-363
-430
-487
-547
-603
-662
-709
-752
-801
-837
-868
-891
-909
-927
-945
-950
-951
-950
-944
-933
-915
-899
-877
-839
-796
-758
-723
-680
-628
-575
-518
-455
-391
-318
-241
-172
-105
-41
28
92
162
234
294
359
425
481
544
608
661
714
763
798
832
866
892
907
919
937
950
949
951
946
931
916
893
874
841
799
755
716
682
627
573
509
452
402
315
246
183
115
54
-8
-69
-133
-198
-268
-339
-402
-465
-536
-591
-642
-697
-738
-795
-833
-859
-901
-927
-940
-949
-962
-971
-965
-964
-955
-938
-915
-893
-883
-849
-810
-775
-729
-690
-646
-591
-542
-488
-425
-363
-291
-216
-153
-84
-13
55
126
193
258
323
381
438
503
562
610
664
719
759
798
833
864
897
920
935
950
956
957
956
947
937
917
895
877
847
805
761
718
674
625
564
506
445
389
325
250
182
120
53
-13
-82
-152
-220
-290
-354
-415
-480
-543
-603
-657
-693
-729
-769
-805
-839
-872
-900
-921
-935
-944
-949
-944
-937
-930
-920
-905
-879
-841
-807
-771
-730
-690
-650
-602
-547
-491
-432
-375
-312
-247
-182
-117
-48
20
87
144
205
271
330
388
452
508
563
609
656
706
740
773
813
838
861
885
889
897
912
915
904
895
887
873
852
825
799
763
719
677
631
579
524
477
425
360
296
240
184
130
63
-10
-69
-129
-194
-247
-304
-364
-412
-470
-525
-565
-612
-655
-689
-724
-756
-781
-798
-809
-817
-826
-830
-830
-828
-821
-811
-792
-767
-745
-717
-685
-652
-613
-575
-532
-485
-440
-386
-328
-275
-221
-167
-112
-50
11
66
118
176
231
280
329
383
433
480
524
564
602
634
661
683
703
729
744
760
783
791
790
798
793
784
778
757
731
706
669
633
603
570
531
496
456
407
350
294
244
186
126
75
22
-34
-92
-150
-208
-265
-314
-350
-375
-404
-442
-476
-502
-539
-567
-584
-620
-649
-666
-686
-696
-709
-715
-716
-711
-704
-697
-680
-665
-650
-629
-601
-566
-531
-493
-458
-421
-378
-329
-279
-242
-199
-156
-100
-38
8
57
106
160
213
259
306
341
388
446
480
506
545
580
607
644
666
677
701
721
730
732
728
726
725
709
690
669
655
625
595
573
529
496
463
418
379
336
292
246
201
146
95
52
1
-54
-108
-157
-205
-252
-294
-335
-380
-422
-456
-490
-523
-556
-582
-609
-637
-661
-673
-686
-698
-700
-695
-688
-690
-677
-657
-651
-629
-609
-581
-556
-528
-487
-459
-420
-378
-343
-306
-254
-202
-160
-112
-65
-15
42
89
132
183
229
266
299
339
382
424
465
502
531
561
589
611
625
639
651
659
662
666
669
665
659
650
628
605
592
572
541
510
477
449
420
380
333
292
253
209
165
119
76
33
-9
-56
-108
-157
-197
-234
-280
-326
-363
-399
-440
-475
-499
-522
-553
-574
-587
-600
-609
-615
-621
-625
-625
-624
-621
-611
-603
-588
-565
-535
-504
-478
-452
-420
-384
-346
-312
-278
-238
-205
-169
-118
-69
-24
24
63
105
157
197
228
278
322
353
389
419
450
479
496
518
543
563
577
595
613
612
602
602
603
597
581
547
528
516
489
461
441
415
390
366
339
308
270
231
198
159
111
67
33
-3
-41
-80
-120
-156
-193
-236
-273
-304
-335
-362
-394
-422
-445
-472
-491
-507
-521
-525
-531
-542
-544
-547
-545
-531
-513
-500
-490
-477
-458
-432
-404
-378
-353
-320
-292
-267
-234
-199
-166
-126
-87
-51
-9
29
66
106
140
176
213
243
279
313
339
372
397
411
435
458
472
484
493
500
506
503
500
498
492
487
482
473
464
449
421
399
377
352
324
295
267
239
200
159
127
99
70
33
-3
-38
-75
-106
-135
-162
-192
-230
-260
-279
-311
-338
-355
-377
-405
-423
-425
-432
-452
-465
-465
-465
-469
-467
-457
-445
-437
-429
-413
-387
-369
-356
-332
-312
-296
-270
-247
-222
-189
-160
-126
-87
-61
-33
2
31
66
99
125
153
178
200
224
250
273
296
312
330
349
363
385
389
390
391
395
404
398
407
398
382
382
372
365
357
335
312
291
268
249
229
205
184
158
132
109
87
67
35
0
-28
-52
-85
-117
-137
-157
-183
-204
-225
-250
-270
-284
-298
-308
-317
-326
-335
-342
-347
-348
-350
-354
-354
-349
-342
-333
-323
-311
-303
-292
-274
-259
-237
-211
-185
-160
-144
-122
-90
-68
-55
-30
-11
2
21
30
49
62
71
98
109
127
150
157
175
186
195
212
224
240
254
256
270
280
286
283
273
280
273
266
254
238
234
219
206
192
173
166
152
144
134
115
96
74
57
44
22
0
-20
-36
-62
-84
-94
-108
-126
-137
-147
-157
-175
-189
-198
-210
-215
-223
-232
-240
-245
-245
-248
-243
-237
-234
-228
-223
-222
-220
-208
-196
-192
-184
-175
-160
-137
-120
-111
-91
-65
-44
-32
-21
-9
2
21
42
58
76
87
97
109
119
126
136
151
161
171
180
189
193
196
198
199
202
191
185
195
197
190
179
178
176
164
155
145
139
136
122
103
94
87
74
61
49
40
23
10
2
-15
-28
-36
-45
-60
-73
-81
-91
-96
-99
-105
-114
-117
-118
-126
-133
-138
-142
-144
-145
-147
-151
-150
-144
-138
-134
-133
-125
-114
-114
-116
-109
-97
-91
-88
-80
-65
-56
-52
-47
-34
-22
-18
-13
-1
9
11
16
25
30
35
43
50
55
59
67
70
67
69
76
80
76
78
87
86
79
78
79
75
71
71
70
70
72
70
65
66
66
59
52
49
46
39
33
31
30
26
19
15
16
15
7
0
0
0
-8
-21
-24
-24
-31
-37
-38
-36
-36
-34
-31
-31
-31
-26
-21
-25
-29
-28
-27
-32
-36
-39
-39
-36
-35
-38
-41
-36
-32
-28
-30
-29
-26
-29
-32
-30
-32
-28
-20
-21
-21
-15
-17
-11
-7
-11
-9
-3
-3
-8
-11
-11
-10
-6
-7
-4
4
7
8
8
6
6
11
7
8
13
12
15
19
16
19
19
18
23
29
26
24
26
24
21
24
27
22
19
18
12
12
15
19
20
19
19
15
11
10
8
6
3
0
1
5
4
-1
0
5
2
0
3
-2
-4
0
-8
-9
-8
-11
-10
-6
-9
-8
-10
-13
-14
-14
-16
-15
-12
-15
-19
-15
-10
-15
-17
-12
-9
-12
-16
-16
-16
-14
-9
-12
-16
-14
-14
-9
-5
-11
-9
-3
-9
-10
-8
-6
-1
1
-1
-4
-3
2
3
5
8
10
9
8
8
10
10
8
10
12
14
11
10
11
14
17
17
13
12
11
13
15
14
12
12
13
14
13
14
13
13
12
12
14
12
8
5
2
3
5
4
2
1
-2
-1
-1
-1
-3
-4
-5
-6
-6
-8
-9
-8
-8
-12
-17
-16
-14
-16
-19
-18
-13
-14
-17
-18
-15
-14
-17
-19
-15
-14
-16
-18
-18
-18
-19
-20
-18
-19
-18
-17
-14
-15
-18
-14
-5
0
0
-2
0
3
5
7
8
8
8
9
11
13
15
14
14
14
15
16
17
20
21
23
24
26
27
26
28
27
27
28
26
26
27
22
21
22
16
22
17
16
17
12
14
10
8
6
3
5
1
1
-2
-8
-10
-13
-10
-12
-15
-17
-22
-24
-27
-31
-26
-26
-28
-25
-30
-34
-30
-29
-28
-26
-33
-34
-31
-31
-33
-29
-26
-24
-24
-25
-23
-20
-19
-17
-15
-10
-6
-3
-3
-2
1
4
9
13
14
13
13
15
19
22
23
23
26
28
30
31
34
34
36
37
37
38
40
38
36
34
33
34
35
34
33
28
22
24
26
22
21
18
15
11
5
4
7
6
-1
-5
-7
-10
-14
-17
-20
-21
-25
-27
-27
-28
-33
-35
-33
-36
-39
-39
-35
-35
-36
-38
-37
-38
-40
-40
-38
-38
-39
-39
-35
-31
-28
-28
-24
-21
-19
-17
-15
-12
-9
-5
-3
1
4
5
7
9
12
16
20
24
26
27
28
32
37
38
37
40
43
45
41
41
43
44
44
44
46
48
46
42
39
38
35
33
32
34
32
31
25
23
18
15
10
7
7
7
3
0
-4
-8
-12
-17
-21
-24
-26
-28
-30
-32
-34
-35
-37
-40
-43
-42
-42
-43
-45
-46
-46
-46
-47
-48
-48
-47
-46
-46
-43
-39
-34
-32
-30
-30
-29
-25
-21
-17
-15
-15
-13
-10
-5
-3
0
5
10
17
21
24
25
26
28
30
33
34
32
35
38
42
45
48
50
51
49
46
47
51
55
53
47
45
44
41
38
39
41
42
37
32
27
22
17
16
14
10
4
1
2
-3
-10
-14
-16
-17
-24
-28
-29
-32
-33
-33
-35
-40
-48
-50
-47
-44
-45
-45
-43
-44
-46
-49
-46
-46
-47
-46
-44
-40
-36
-34
-35
-36
-33
-28
-25
-21
-18
-17
-14
-12
-8
-6
-1
4
6
9
10
10
14
18
22
27
28
26
28
31
34
39
43
46
44
45
45
47
50
50
46
43
44
41
39
38
40
39
35
34
31
29
26
21
17
17
13
9
9
5
1
-2
-3
-6
-11
-15
-14
-18
-19
-15
-20
-27
-28
-30
-31
-33
-31
-35
-37
-37
-35
-39
-42
-39
-33
-34
-36
-36
-36
-30
-29
-36
-33
-27
-28
-28
-21
-15
-15
-19
-18
-11
-9
-7
-5
-3
1
1
2
5
11
16
19
21
23
24
25
27
30
31
31
29
29
30
32
34
35
35
33
34
35
35
30
26
24
27
27
25
21
19
19
17
16
14
13
10
7
5
4
4
0
-4
-3
-4
-7
-12
-12
-12
-13
-15
-17
-17
-19
-20
-21
-22
-23
-23
-24
-24
-25
-25
-24
-23
-23
-23
-24
-21
-20
-20
-24
-23
-24
-20
-17
-14
-14
-14
-14
-10
-6
-4
-5
-2
0
1
0
6
8
8
12
16
12
11
14
16
17
20
23
23
23
22
21
21
24
24
26
26
23
22
21
21
21
21
19
20
21
19
20
18
13
12
9
6
5
4
2
1
0
-4
-4
-5
-5
-5
-6
-10
-12
-13
-12
-11
-10
-13
-17
-19
-18
-16
-14
-16
-19
-21
-21
-18
-16
-17
-18
-15
-15
-14
-14
-16
-14
-11
-13
-12
-10
-11
-7
-7
-7
-4
-3
-3
1
1
1
4
6
8
8
8
10
11
12
13
14
15
15
15
14
14
15
15
16
17
16
16
14
14
12
12
13
14
13
11
8
7
4
6
6
6
2
1
3
-1
-1
-1
0
-5
-5
-3
-4
-7
-4
-1
-10
-13
-6
-4
-9
-11
-9
-10
-12
-9
-10
-10
-8
-8
-10
-10
-9
-9
-5
-4
-5
-3
-8
-7
-7
-6
-7
-5
0
-5
-5
0
1
1
4
6
3
2
3
3
2
6
7
5
3
4
6
8
5
3
9
10
6
8
5
8
14
9
9
12
9
7
8
6
8
7
3
4
5
7
6
4
3
2
2
4
5
3
0
-1
0
-1
-2
-4
-4
-4
-5
-5
-6
-5
-4
-6
-7
-7
-8
-7
-6
-5
-6
-4
-6
-6
-7
-6
-6
-4
-4
-4
-4
-5
-5
-5
-4
-6
-4
-2
-2
-1
-1
0
0
1
1
1
0
2
2
1
1
1
1
2
3
4
3
2
3
3
3
4
5
5
5
9
9
9
11
9
5
8
4
1
8
3
3
8
3
4
2
3
3
6
6
3
2
0
0
1
3
0
0
0
1
1
0
0
0
0
-1
-3
-3
-3
-3
-5
-6
-3
-1
-3
-4
-2
0
-1
-4
-4
0
2
1
-2
-5
-4
-4
-4
-5
-2
-2
-2
-3
-4
-3
-1
0
2
4
2
0
-4
-4
2
2
-3
-3
-1
0
1
0
-1
3
5
3
1
1
1
3
4
4
4
4
1
2
1
1
3
4
4
5
4
2
6
3
4
5
4
2
3
3
0
1
2
1
0
2
2
2
2
3
5
2
3
4
2
3
3
1
3
2
0
1
1
0
1
-1
0
1
2
4
3
3
0
-2
-3
-3
-3
0
-1
-2
-3
-5
-4
-3
-4
-1
-1
-4
-4
-5
-5
-4
-3
-5
-5
-6
-5
-4
-5
-3
-3
-1
0
-1
1
1
0
0
-1
-1
-2
-2
-1
0
-1
-1
0
1
1
0
1
3
4
3
2
3
4
4
4
4
5
5
6
5
6
5
3
3
5
5
3
1
3
4
4
-1
-5
0
2
1
5
4
2
5
1
0
6
2
0
3
1
0
-1
-2
0
0
-1
-4
-5
-4
-2
-2
-3
-3
-4
-5
-5
-5
-5
-3
-4
-6
-5
-3
-4
-3
-3
-3
-4
-3
-1
-3
-3
-3
0
0
1
4
3
0
0
4
4
1
2
4
6
5
2
3
4
5
3
1
0
1
3
4
5
3
5
5
6
5
6
5
5
6
5
5
4
3
3
4
4
5
4
4
2
2
2
1
1
-1
0
0
-1
-3
-4
-3
-3
0
-1
-5
-3
-6
-4
-4
-3
-2
-4
-3
-5
-4
-4
-4
-3
-3
-3
-4
-6
-6
-7
-7
-5
-5
-4
-2
-3
-1
-1
-4
-3
-2
-3
-1
1
-1
-2
-3
-2
2
2
1
4
4
5
2
2
5
7
5
4
3
6
7
4
7
5
4
9
5
6
11
5
5
9
6
8
3
3
7
3
5
11
5
3
8
4
4
4
3
2
1
1
-1
-3
-4
-4
-3
-1
-2
-3
-4
-6
-6
-7
-6
-3
-3
-3
-6
-7
-6
-4
-4
-6
-6
-5
-6
-6
-7
-7
-7
-8
-8
-6
-5
-8
-7
-3
-1
-5
-5
-3
0
-1
-3
-3
0
2
1
1
3
3
3
2
2
3
5
7
9
9
7
9
12
9
6
9
13
13
10
11
11
11
10
8
5
4
5
4
5
6
5
3
2
1
1
2
2
4
5
4
0
-2
0
-1
-2
-3
-6
-7
-8
-8
-7
-5
-5
-5
-5
-5
-5
-8
-7
-9
-9
-9
-9
-7
-9
-7
-8
-8
-8
-9
-8
-10
-8
-8
-11
-8
-8
-8
-8
-5
-3
-5
-4
-2
-3
-4
0
0
1
3
4
8
10
7
7
6
9
9
6
6
11
13
11
9
11
13
13
12
12
11
10
10
10
8
8
8
9
10
9
9
8
8
9
7
6
5
3
2
3
2
2
2
2
1
0
0
-3
-3
-3
-2
-3
-3
-5
-6
-5
-7
-9
-7
-10
-9
-10
-9
-9
-10
-11
-10
-7
-9
-12
-9
-6
-8
-10
-8
-7
-7
-8
-9
-8
-6
-5
-5
-4
-2
0
1
0
-3
1
2
3
5
8
6
5
10
7
5
3
8
7
5
11
5
4
7
11
14
9
11
11
9
10
8
12
14
12
6
2
7
7
4
5
8
6
4
6
4
1
1
1
-3
-4
-5
-4
-1
-1
-3
-4
-5
-4
-5
-6
-7
-7
-4
-3
-6
-8
-7
-4
-5
-9
-10
-7
-4
-3
-7
-8
-7
-9
-6
-4
-5
-4
-4
-5
-4
-2
1
-1
1
2
-3
-1
1
-4
-4
4
8
5
0
1
7
6
5
10
8
6
9
6
4
6
4
4
8
6
6
9
8
8
8
7
6
6
4
5
6
4
7
5
7
7
3
5
-2
-2
-1
-5
1
-4
-3
-3
-3
-3
-3
-3
-4
-5
-6
-7
-5
-6
-8
-9
-7
-8
-7
-6
-7
-7
-6
-5
-8
-8
-5
-4
-8
-9
-5
-2
-7
-9
-5
-2
-3
-7
-5
-4
-3
-3
-4
-5
-4
-1
0
2
1
0
0
1
4
6
6
5
6
5
5
5
4
3
5
7
8
8
9
11
10
9
10
11
9
10
12
8
4
7
7
5
6
8
5
3
7
7
3
6
7
3
1
4
0
0
2
1
-1
-2
-3
-3
-2
-1
-3
-6
-4
-4
-3
-4
-6
-5
-5
-7
-9
-9
-9
-8
-7
-7
-7
-8
-8
-5
-4
-3
-4
-4
-3
-4
-4
-5
-5
-5
-4
-2
1
3
2
0
0
3
2
-1
1
3
6
3
1
3
5
7
7
5
5
4
5
4
6
6
6
5
6
5
4
3
5
5
5
6
5
4
3
3
2
3
2
2
3
4
3
1
1
0
0
-3
-3
-2
-1
-2
-4
-5
-3
-2
-4
-7
-6
-1
-4
-8
-9
-8
-6
-8
-8
-5
-5
-5
-7
-6
-5
-4
-4
-4
-3
-4
-2
-1
-2
-4
-3
-2
-3
-3
-1
-1
-1
1
3
2
2
3
5
3
4
6
4
0
1
4
4
4
5
7
9
5
4
8
10
8
6
9
5
2
5
5
3
4
7
5
5
6
4
1
3
3
1
-3
-1
2
2
0
-1
0
1
-2
-5
-3
-2
-1
0
-2
1
2
-1
-3
-2
-5
-3
-3
-5
-4
-6
-8
-5
-6
-5
-4
-4
-4
-2
-5
-5
-3
0
-3
-4
-4
-3
-3
-2
-2
-3
-3
-4
-4
-2
-2
-2
-2
0
2
0
-2
0
3
4
3
4
5
7
5
1
2
4
4
2
6
5
3
6
4
2
6
2
3
6
3
2
4
2
3
4
3
2
1
-1
1
-1
0
-1
-1
1
1
0
0
-1
-4
-2
-2
-2
-1
-4
-4
-3
-2
-3
-3
-2
0
-1
-4
-6
-5
-5
-5
-6
-6
-6
-4
-4
-3
0
0
-1
0
1
1
0
-1
-2
-1
-3
-5
-4
-2
-1
-5
-2
1
4
1
1
3
3
2
2
-1
-1
2
3
-1
-2
2
2
2
2
1
2
0
0
0
3
4
4
2
1
-1
1
3
4
3
4
4
3
3
1
3
3
4
4
3
1
0
1
1
0
2
2
3
3
0
-1
-1
-1
-2
-6
-4
-3
-3
-5
-6
-4
-4
-3
-3
-1
-1
-1
0
0
-1
0
-1
-1
-4
-4
-2
-2
-4
-6
-6
-5
-5
-5
-3
-1
1
0
-1
0
0
3
3
3
2
1
-1
-1
-3
-3
-3
-3
-2
-1
-1
-1
1
3
4
2
2
4
7
4
2
-1
0
1
1
0
1
1
1
0
2
2
2
1
1
0
0
-1
-2
0
-1
-1
-1
