1
2
0
0
2
1
-2
1
2
4
2
0
2
3
1
5
5
5
4
6
5
4
1
0
2
3
-1
-1
1
2
1
0
-1
1
1
-3
-2
0
0
3
1
-1
-1
0
-3
-2
-2
-1
0
-1
-3
-4
-4
-3
-2
-2
-2
-4
-4
-4
-2
-2
-2
-1
-1
0
0
-2
-4
-3
-2
-3
-3
-2
1
2
0
1
2
3
0
-1
2
0
0
0
3
2
0
2
0
-1
0
3
5
1
3
4
3
3
0
0
-2
-3
-1
5
4
4
4
1
0
1
3
3
2
0
1
0
0
1
0
1
1
2
3
1
-1
3
-1
2
-4
-1
-1
0
1
-3
2
6
-2
-1
1
-2
-2
-1
0
4
2
1
4
1
4
4
3
4
0
0
0
0
4
-6
-1
4
0
-1
-2
-1
0
0
0
7
0
-1
0
-1
-2
0
0
1
0
0
0
1
1
1
2
3
1
0
3
1
1
1
1
3
1
-2
-1
0
-3
0
-3
-2
1
-2
2
0
4
4
2
4
-1
-1
1
-1
0
-1
-1
-1
2
-1
1
-1
-2
-1
1
0
-1
-3
-4
-2
-1
-1
0
1
2
2
2
2
1
1
1
-1
-2
-1
-1
-1
-1
2
1
0
2
1
0
1
3
4
4
4
3
2
2
0
0
3
2
2
2
0
1
1
-2
1
2
1
0
-1
-1
3
2
1
0
1
0
-2
-3
-3
0
1
0
-1
0
0
-2
-1
0
0
2
1
0
-2
-1
-2
-2
-2
-3
-2
-3
-3
-3
-2
-1
0
1
1
1
0
0
0
0
0
0
1
0
1
0
0
0
4
1
1
-1
-2
2
4
0
0
1
1
2
4
1
0
-2
-3
0
2
1
1
2
1
-2
-2
1
1
1
1
1
-1
0
-1
2
2
1
0
1
0
-1
-1
1
2
0
-2
-2
0
1
2
3
4
3
4
4
2
3
3
3
3
3
3
5
2
0
-1
1
3
3
-1
-1
-3
-1
0
0
0
0
-2
-1
0
-2
0
0
-1
-2
-3
-2
-2
-3
-2
-1
0
-1
-3
0
0
0
0
-1
0
1
-1
-2
-3
-2
-1
-2
-4
-2
-1
0
-1
-2
0
-3
-1
0
-5
0
1
2
-1
-1
6
-1
0
-1
0
-1
-3
1
-1
-4
2
-1
0
2
0
2
7
1
-1
3
2
5
4
5
4
2
0
-1
-1
-3
-2
0
0
1
1
0
0
0
3
3
4
2
1
0
1
2
2
2
3
4
2
0
0
-1
2
2
0
-1
2
2
-1
0
2
1
1
3
-1
-2
4
2
-1
1
3
-1
-4
0
1
1
2
1
0
1
1
1
2
1
-2
-2
0
0
-1
-2
-2
-1
0
1
0
-1
0
-1
-5
-5
-2
0
-2
-2
0
-1
-2
0
2
0
-1
-1
0
-2
-3
-4
-3
-2
-2
-1
0
1
0
-1
0
0
1
-1
1
3
3
0
2
1
2
1
-1
1
2
-2
-3
1
1
1
-1
-2
0
0
0
1
1
0
3
5
4
2
3
4
5
5
4
4
4
3
1
-1
0
0
0
1
2
1
1
1
0
0
0
-1
-1
2
1
0
1
0
-1
-1
0
0
2
1
2
1
0
-1
-1
-2
-4
-2
-1
0
1
1
1
2
1
-2
0
3
0
0
3
0
-1
0
1
-2
-2
2
0
-3
-2
-1
0
-1
-2
0
2
-2
0
2
4
4
4
2
1
1
0
2
2
2
1
-1
-3
-3
-2
2
1
-1
0
1
1
-1
-2
1
2
1
1
2
1
-1
-3
-1
1
1
0
2
1
1
2
3
3
2
1
-1
2
0
1
0
0
-1
-1
0
-1
0
0
1
1
2
2
0
-2
-3
0
1
0
-2
-2
-2
-2
-2
-2
-2
1
2
0
-1
1
-3
-4
0
4
1
-2
1
0
-4
-5
1
1
1
1
1
1
0
-1
1
2
0
-2
-1
1
2
2
4
5
3
4
4
4
2
2
3
3
1
2
2
3
3
2
3
2
0
-3
-2
-1
0
-1
-1
-2
-4
-2
-2
-2
-4
-4
-2
-3
-3
-4
-5
-3
-1
-3
-7
-3
0
0
-1
2
1
-2
1
4
2
0
1
0
-1
0
0
1
2
1
1
2
3
3
2
4
4
3
3
3
2
4
5
5
5
3
1
-1
-1
0
0
0
2
1
0
0
0
-2
-2
-1
-1
-3
0
0
0
-2
-2
-2
0
0
0
1
-3
0
0
1
2
-2
2
-2
0
2
1
6
1
1
-1
0
2
-3
2
0
-1
4
2
-1
2
-1
-2
2
-3
-4
-3
-4
-2
1
0
1
0
0
1
-1
-2
-1
1
2
2
-4
-2
-1
-1
3
3
1
2
1
1
0
-3
-2
0
1
-1
-4
2
-2
-1
1
1
6
1
2
1
1
2
1
5
6
3
1
2
2
2
2
4
6
4
0
-2
-1
2
2
1
1
1
1
-1
-1
-1
0
1
0
-2
-3
-3
-1
0
-1
-1
0
1
0
-3
-3
-1
0
0
-2
-2
-1
-1
-1
0
-1
-1
-1
0
3
1
1
1
1
0
-2
-3
-3
-2
-1
0
-1
2
0
-2
4
4
2
4
0
0
5
0
0
3
0
2
3
0
1
0
-1
1
3
3
4
3
1
3
3
1
1
-1
-1
-2
-1
-1
0
-1
-2
-3
-4
-3
-4
-3
-1
0
0
-1
-1
-1
-2
-4
-3
0
-1
-2
-2
2
0
-3
-1
-1
1
0
2
4
-3
-3
-1
0
-1
-2
0
-1
2
4
3
0
-3
-3
-4
-2
-1
-1
-1
-1
-2
0
4
2
4
5
3
2
2
2
3
6
4
2
3
-2
1
3
3
2
1
4
0
-1
1
0
-1
0
3
1
1
3
2
-2
-1
3
3
1
0
2
0
-1
0
1
0
-3
-4
-4
-4
-4
-4
1
1
0
-1
1
1
-2
-3
-1
0
1
-1
0
1
-1
-1
0
0
0
1
1
0
0
-1
0
2
1
-3
-3
1
2
-1
1
3
0
-2
-1
0
0
1
3
2
1
0
1
-1
0
2
2
1
-1
0
1
1
0
1
2
3
2
1
2
2
1
1
0
1
1
2
2
1
-1
0
2
2
0
-3
-3
-2
-1
0
0
0
0
0
0
-1
-1
-1
0
0
0
0
1
-1
-2
-3
0
0
0
-1
-3
-2
-3
-2
-1
1
-1
-1
-1
-1
1
3
6
4
3
1
1
1
2
2
3
1
-1
-1
-3
-2
1
4
5
6
7
4
4
3
0
2
2
0
3
3
3
6
5
5
4
3
4
3
0
-1
0
1
1
0
1
4
5
0
-5
-4
4
2
-4
-5
-2
0
-3
-3
-4
-5
-5
-4
-3
-1
-1
-1
0
1
0
-2
-2
-3
-3
-4
-4
-3
-2
-2
-1
0
-1
-4
-3
-3
-2
0
-1
0
1
1
-1
-1
2
3
1
0
-1
-1
5
5
4
6
2
0
4
2
4
7
2
0
0
-1
1
3
3
3
1
1
0
2
3
1
3
3
0
4
3
2
6
1
1
6
3
6
6
1
0
1
0
0
-1
-2
-1
-2
0
0
2
1
1
1
1
0
-1
0
0
0
0
0
-1
-2
-2
-3
-4
-5
-5
-4
-2
-1
-1
1
1
1
0
-1
1
0
-2
-2
0
-1
-2
-4
-1
0
-1
-1
1
2
1
1
-1
1
2
0
1
1
0
0
0
0
-1
0
2
2
1
2
2
0
1
1
0
1
2
-3
-1
5
4
-2
4
6
0
2
1
0
3
-1
0
2
-1
-2
0
0
1
2
2
2
2
0
-1
-2
-3
-3
-3
-3
-4
-3
-1
-2
-3
-3
-1
-1
-2
-4
-1
-1
-3
-2
-3
1
-1
-1
0
1
2
2
2
0
-2
-2
-4
-5
-3
-2
-4
0
1
-1
-1
2
0
-2
0
4
0
-5
0
2
1
3
5
1
1
3
4
6
3
0
1
2
2
0
2
2
1
2
0
0
0
-3
0
0
-2
0
1
1
4
4
4
3
3
2
5
4
3
0
-2
-1
-1
1
0
-1
1
0
0
0
0
-2
-4
-2
0
0
-2
1
1
1
-1
-2
-1
0
-2
-4
-4
-4
-3
-2
-4
-3
-3
-2
0
1
1
-1
-1
-1
-1
-1
-1
0
1
0
0
0
-1
-2
-1
-1
0
1
0
2
3
2
4
5
4
5
5
4
3
4
4
4
5
5
4
3
1
2
1
0
-1
0
2
2
1
1
-1
0
1
1
-1
0
-1
0
-1
0
-2
-1
0
0
0
-1
-1
0
2
2
2
1
-1
-1
-1
0
0
-2
-5
-4
0
0
-1
1
3
6
5
1
3
4
3
2
1
1
0
0
-1
-1
1
1
-1
2
4
0
0
3
2
-3
-1
2
1
-1
1
2
1
0
1
0
2
4
3
0
-2
0
2
2
-1
-3
1
0
-1
-1
1
1
-1
-4
-3
0
1
-2
-3
-3
-2
-2
1
0
-1
0
0
0
0
0
1
1
0
-1
-2
-3
-4
-3
-3
-2
-3
1
1
0
-3
-3
-1
-1
-4
-3
-1
-1
-3
-2
-4
-6
-3
-1
0
0
-1
0
-2
0
1
2
3
3
2
1
-1
-1
0
0
0
1
1
2
3
2
3
3
3
3
4
3
2
1
0
1
4
3
2
1
-1
0
0
0
1
-2
-1
-2
-1
-1
-1
1
1
1
1
2
0
0
-1
0
0
1
-2
-1
-3
-2
0
0
0
0
0
-1
-1
-1
-1
-2
0
0
0
1
0
1
1
0
0
1
1
2
1
2
3
2
1
1
1
2
2
1
1
1
3
2
1
-1
0
-1
1
4
3
3
3
1
1
1
0
0
0
-1
-1
-1
-2
-4
-3
2
4
2
-1
-1
-2
-2
-6
-6
1
-2
-8
-3
-3
-1
0
-6
0
2
-6
0
3
0
2
-2
0
5
-1
-5
-3
-2
0
1
-1
3
3
0
0
-1
1
1
1
-1
-5
-6
-4
-1
0
0
-1
-2
0
1
0
0
0
0
-1
-1
-4
-4
-2
1
3
3
3
2
3
3
2
1
3
2
1
1
0
-4
-4
0
3
2
0
3
1
-2
1
1
-4
0
1
-3
-2
2
3
5
0
1
0
4
7
-1
2
1
2
1
2
9
2
1
0
-1
-1
-1
1
0
-1
-1
0
2
2
4
4
3
0
0
1
3
4
3
3
0
-2
-2
-3
-4
-3
-2
-1
1
1
1
-1
-2
0
0
6
1
-6
1
2
-1
0
-1
0
2
1
-2
1
0
-3
1
-2
0
2
0
3
-1
0
1
-5
1
1
-3
2
2
2
-5
-2
2
-6
5
7
0
3
0
0
1
-5
-2
2
0
-1
-2
-1
3
1
0
0
1
2
-2
-3
-4
-3
-3
-2
1
3
4
5
5
3
1
0
-1
0
1
3
4
3
4
3
1
0
-3
-2
-1
-1
0
1
2
1
0
-2
-1
3
2
-1
-1
4
4
2
0
1
1
0
-3
-5
-8
-8
-5
-1
2
-1
-3
-3
2
2
-1
-3
-1
2
4
3
3
4
1
-3
-6
-5
-2
-1
-2
0
4
9
9
6
2
3
6
6
5
2
0
2
5
5
5
8
14
17
14
6
5
8
8
5
6
8
6
0
-3
0
-1
-5
-4
1
2
-2
-5
-4
-6
-12
-14
-10
-5
-3
0
-2
0
1
0
-1
1
3
-4
1
0
-1
-7
7
-3
-12
17
-11
-2
7
-2
-9
8
15
-41
37
6
-48
48
-14
-12
10
-8
21
-40
21
22
-29
3
6
29
-53
15
38
-36
-3
-1
43
-54
-4
61
-36
-33
1
41
-19
7
65
26
-40
18
55
-50
-7
31
21
-45
14
143
-8
-120
-168
-137
-60
-75
40
-36
-203
-262
-389
-316
-195
88
661
864
451
-115
-358
-153
310
508
441
208
-25
-124
-421
-507
-91
458
465
-137
-579
-735
-742
-642
-421
12
437
477
250
216
249
391
631
630
672
534
305
311
183
214
95
-289
-309
-290
-324
-433
-411
-161
-284
-409
-341
-228
-141
-164
153
330
103
88
194
140
129
230
155
9
23
77
-114
-222
44
133
-212
-359
-155
-191
-202
-167
-127
-196
-518
-356
-183
-51
262
266
136
58
154
176
89
70
170
228
136
155
83
-40
-53
-132
-281
-269
-141
10
24
-154
-185
-203
-217
-227
-29
188
76
148
71
-45
-66
-117
74
163
240
246
143
121
61
-24
-67
-3
65
134
179
213
196
72
111
220
69
-54
67
137
116
68
24
18
-67
-108
-148
-417
-575
-483
-509
-585
-476
-270
-17
284
534
556
385
339
340
102
-47
132
280
340
304
162
152
141
124
170
97
57
202
37
-277
-292
-302
-271
-267
-119
-87
-236
-179
-254
-226
-205
-52
-21
-238
8
90
132
176
138
231
44
102
145
150
389
171
110
126
-67
-85
47
129
-136
-40
47
-78
73
49
-50
-206
-115
33
-184
-252
-104
-90
-179
-53
151
161
69
113
165
31
-96
-122
-107
-183
-222
-171
-337
-413
-153
-63
-67
119
190
204
252
192
159
179
190
128
-161
-494
-758
-1144
-1558
-1765
-1778
-1587
-1045
-262
280
443
687
1204
1696
2011
2233
2347
2275
2076
1755
1243
731
414
33
-557
-891
-805
-821
-1090
-1155
-904
-649
-670
-849
-799
-744
-1016
-1130
-924
-754
-611
-552
-505
-124
333
608
875
1104
1292
1439
1398
1326
1303
1109
842
620
267
-127
-361
-492
-531
-494
-500
-480
-451
-516
-478
-369
-381
-339
-320
-420
-302
-114
-195
-217
-51
-23
-105
-57
90
122
-15
-73
-57
-179
-222
-111
-122
-166
-151
-107
51
141
123
144
92
114
261
200
111
179
125
-29
-9
172
195
48
113
278
208
97
51
-48
-113
-188
-366
-459
-439
-459
-442
-307
-166
-79
-6
71
109
109
176
245
156
-8
-97
-107
-93
-67
-7
55
99
157
217
217
146
113
156
125
-14
-62
0
-34
-175
-176
25
114
176
366
367
320
421
429
251
148
206
36
-251
-227
-141
-236
-266
-124
65
69
-4
115
195
183
201
196
163
125
100
5
-142
-125
-11
-44
-60
99
101
-5
42
75
63
-20
-57
-17
-140
-213
-196
-236
-237
-145
-50
-28
30
115
71
-67
-78
-113
-193
-125
-129
-173
-215
-213
-61
-33
-47
93
235
276
194
84
22
12
-46
-152
-123
-43
-33
-63
-37
-25
-57
-60
-33
6
-104
-260
-327
-381
-437
-474
-370
-258
-170
-14
39
78
245
364
343
353
360
224
143
137
117
126
166
203
89
-6
41
80
99
109
142
154
-2
-156
-99
-169
-336
-374
-336
-163
-134
-120
-36
-21
167
266
265
358
425
469
322
142
168
227
129
-1
83
68
-82
-125
-120
-78
-26
69
94
61
-27
-170
-134
-98
-178
-200
-135
-84
-72
-19
-10
22
108
70
50
99
107
30
-58
24
63
-94
-164
-110
-98
-49
-24
-124
-86
28
9
-51
-91
50
144
-28
-94
-89
-43
73
33
18
127
166
145
110
152
205
40
-85
-62
-131
-284
-369
-323
-269
-120
-107
-266
-233
-88
9
-72
-23
202
241
165
20
53
118
-39
-43
-30
-145
-157
-65
-172
-249
28
26
-60
17
-30
-19
-70
-99
-45
-4
-42
-59
-39
-16
139
145
194
304
296
316
206
155
212
183
121
64
64
-5
-38
-5
-139
-198
-128
-106
-163
-131
-23
37
85
21
-5
53
83
28
25
-2
-116
-50
-124
-216
-91
100
243
109
201
395
217
80
98
252
277
100
-20
-92
-94
-240
-271
-215
-138
10
-148
-153
4
81
39
-38
91
58
-79
-157
-175
-156
-155
-115
-44
71
108
118
166
175
197
200
111
-10
-32
-64
-238
-356
-267
-191
-326
-320
-20
90
28
80
161
205
187
154
117
99
118
4
-151
-100
-45
-99
-139
-119
10
47
-53
-66
-75
-124
-128
-131
-159
-119
15
0
-24
116
244
276
272
388
382
290
265
170
101
40
56
71
55
-6
-43
-41
-139
-42
18
-17
21
-51
-167
-242
-220
-273
-290
-147
-113
-140
-108
-27
50
112
146
159
285
289
182
135
80
95
63
63
53
-13
51
58
-3
-42
-15
-5
-81
-111
-104
-102
-97
-94
-221
-298
-120
-55
-92
-81
2
137
52
0
40
87
82
-25
32
45
-48
-116
-149
-143
-102
-34
-60
35
125
63
92
172
175
102
145
226
167
93
14
19
87
-46
-150
-94
-99
-153
-207
-205
-153
-128
-142
-198
-109
37
-4
-51
-29
-22
-56
-83
3
43
25
14
-31
-7
58
122
122
93
190
259
212
169
168
179
138
50
-4
-27
-148
-206
-129
-181
-183
-66
-28
-41
10
117
89
74
93
-21
-33
-14
-106
-154
-125
-104
-174
-170
-107
-82
-21
39
117
186
218
190
134
133
81
6
44
15
-117
-49
60
62
62
109
221
224
200
189
150
140
67
-59
-197
-207
-151
-235
-268
-139
13
31
25
154
237
255
252
243
255
144
16
-66
-170
-228
-256
-301
-317
-217
-98
-45
-17
17
98
134
167
197
136
124
84
-11
-46
-49
-46
-82
-88
-64
-54
-67
-178
-172
-96
-109
-130
-161
-130
-154
-196
-227
-193
-62
-54
7
59
103
268
349
308
293
363
375
307
184
124
96
8
-88
-194
-204
-194
-212
-227
-205
-82
-34
-52
-61
-38
44
24
-26
-67
-61
-4
-72
-113
-70
56
82
32
158
266
300
236
189
170
158
139
18
-5
-20
-53
-109
-169
-170
-170
-95
-95
-109
-6
37
-8
-18
34
53
71
44
-12
20
-8
-79
-91
-33
32
-38
-31
40
20
-1
-6
-12
-47
-32
-29
-81
-87
-62
-56
-60
-32
-25
-42
-46
-48
-48
-35
-48
-69
-48
-39
-22
-18
-19
-60
-74
-19
-84
-119
-62
-40
-72
-110
-45
-27
-61
-43
-56
-42
-10
30
19
-30
14
0
-38
-6
1
-21
-33
32
62
65
120
146
143
139
142
161
104
2
16
50
-51
-87
11
24
-36
0
91
126
180
257
287
308
347
357
313
310
237
192
226
148
100
82
74
59
100
144
148
269
266
220
280
366
300
184
222
162
112
69
-34
-63
-27
1
-61
-35
65
115
85
15
38
52
-33
-121
-163
-226
-300
-330
-360
-382
-369
-321
-279
-233
-121
-60
-37
-8
24
72
30
-21
-89
-170
-209
-318
-405
-472
-534
-595
-700
-699
-657
-698
-805
-853
-819
-913
-986
-976
-1049
-1112
-1144
-1163
-1167
-1135
-1088
-1038
-946
-875
-803
-664
-535
-474
-350
-151
-11
86
187
281
411
588
733
868
1031
1129
1166
1257
1352
1376
1416
1478
1478
1463
1468
1420
1361
1360
1342
1303
1302
1280
1220
1206
1237
1247
1246
1265
1302
1351
1380
1384
1409
1423
1359
1292
1238
1168
1135
1087
944
795
721
580
393
266
175
66
-45
-179
-364
-438
-600
-785
-829
-940
-999
-1126
-1264
-1339
-1435
-1529
-1736
-1884
-2095
-2499
-2937
-3424
-3992
-4551
-5050
-5576
-5990
-6186
-6270
-6259
-6029
-5469
-4704
-3910
-3030
-1997
-910
131
1065
1891
2639
3247
3685
3943
4078
4235
4288
4100
3885
3793
3714
3539
3296
3072
2920
2652
2199
1771
1376
918
338
-281
-823
-1321
-1683
-2047
-2311
-2182
-1913
-1594
-1233
-610
167
813
1544
2170
2839
3440
3790
4042
4125
4286
4258
4105
3979
3746
3624
3383
3135
2976
2734
2497
2131
1844
1546
1144
841
444
46
-380
-770
-1101
-1436
-1601
-1787
-1955
-2017
-2000
-1984
-2062
-2057
-2067
-2230
-2467
-2832
-3367
-4016
-4728
-5499
-6344
-7017
-7488
-7930
-8193
-8208
-7867
-7203
-6408
-5501
-4438
-3057
-1600
-359
781
1822
2762
3418
3807
4131
4325
4439
4293
4057
3944
3880
3803
3472
3213
3109
3022
2789
2314
1909
1470
909
163
-603
-1213
-1871
-2574
-3234
-3595
-3671
-3673
-3612
-3369
-2697
-1806
-961
-84
905
2012
2991
3886
4725
5422
5971
6249
6390
6440
6386
6188
5779
5305
4807
4378
3921
3359
2829
2420
2084
1712
1339
973
600
233
-129
-486
-808
-1116
-1497
-1889
-2115
-2163
-2139
-2135
-2119
-2024
-1840
-1658
-1523
-1389
-1365
-1518
-1907
-2457
-3128
-3960
-4876
-5869
-6647
-7207
-7719
-8140
-8299
-7964
-7383
-6623
-5677
-4538
-3191
-1881
-672
412
1432
2326
2924
3260
3539
3816
3893
3753
3570
3530
3566
3460
3250
3176
3196
3124
2926
2619
2294
1919
1384
640
-90
-692
-1471
-2281
-2876
-3258
-3481
-3665
-3726
-3539
-3020
-2346
-1698
-904
10
1021
2010
2783
3550
4372
5064
5499
5782
6045
6187
6149
5862
5512
5258
4917
4426
3898
3417
3000
2605
2182
1715
1237
848
462
-36
-458
-772
-1131
-1536
-1940
-2239
-2365
-2443
-2575
-2696
-2662
-2482
-2359
-2291
-2209
-2177
-2232
-2442
-2850
-3340
-3931
-4693
-5471
-6125
-6649
-7073
-7445
-7717
-7615
-7040
-6312
-5597
-4656
-3393
-2034
-810
281
1392
2452
3210
3689
4073
4400
4589
4512
4243
4083
4103
3999
3634
3285
3164
3067
2793
2415
2062
1733
1298
667
-25
-599
-1120
-1760
-2435
-2858
-2975
-3025
-3132
-3120
-2802
-2248
-1645
-1038
-313
600
1555
2352
3026
3777
4597
5231
5566
5825
6145
6353
6261
5936
5616
5364
4983
4388
3729
3206
2815
2321
1694
1218
923
579
99
-424
-781
-980
-1312
-1801
-2148
-2260
-2356
-2634
-2961
-3088
-3033
-3013
-3126
-3252
-3215
-3147
-3331
-3736
-4067
-4313
-4726
-5317
-5871
-6187
-6402
-6638
-6829
-6766
-6211
-5453
-4797
-4128
-3117
-1748
-559
305
1169
2194
3109
3597
3808
4054
4363
4441
4121
3719
3640
3697
3374
2786
2501
2551
2403
1872
1391
1190
992
532
-39
-482
-799
-1196
-1815
-2280
-2411
-2399
-2532
-2752
-2565
-2126
-1699
-1318
-873
-128
707
1536
2202
2744
3539
4352
4925
5221
5557
5991
6069
5925
5656
5447
5224
4715
4085
3431
3058
2624
1896
1236
806
615
223
-337
-691
-879
-1085
-1539
-1946
-2089
-2199
-2420
-2783
-3010
-2983
-2932
-3066
-3299
-3247
-3021
-3022
-3329
-3648
-3770
-3951
-4446
-5077
-5405
-5421
-5548
-5934
-6140
-5778
-5091
-4555
-4164
-3439
-2194
-909
-45
648
1640
2765
3441
3607
3830
4327
4598
4301
3784
3603
3710
3458
2704
2187
2255
2310
1892
1336
1165
1248
1002
374
-81
-210
-495
-1152
-1788
-2056
-2115
-2320
-2677
-2789
-2466
-2080
-1900
-1635
-1067
-337
395
1038
1649
2400
3205
3830
4287
4730
5204
5546
5608
5510
5453
5410
5167
4622
4025
3652
3359
2827
2108
1573
1319
1033
493
-66
-339
-459
-802
-1324
-1655
-1734
-1900
-2277
-2633
-2766
-2782
-2940
-3223
-3368
-3294
-3239
-3442
-3748
-3867
-3951
-4286
-4766
-5120
-5226
-5207
-5392
-5763
-5758
-5158
-4528
-4231
-3871
-2999
-1816
-872
-297
354
1335
2214
2570
2688
3055
3553
3648
3243
2914
3040
3170
2759
2163
1997
2125
2063
1697
1304
1218
1265
958
378
45
8
-279
-1003
-1551
-1628
-1674
-1979
-2362
-2395
-1986
-1601
-1514
-1361
-833
-89
481
864
1435
2120
2810
3309
3624
4131
4635
4971
5019
4994
5157
5221
5044
4554
4126
3929
3531
2976
2328
1865
1616
1174
590
69
-109
-332
-919
-1374
-1558
-1641
-1916
-2350
-2597
-2553
-2514
-2744
-3000
-2983
-2810
-2801
-2927
-3079
-3061
-3110
-3454
-3827
-4222
-4409
-4563
-4871
-5172
-5342
-5065
-4629
-4389
-4155
-3529
-2497
-1584
-907
-250
636
1605
2170
2409
2729
3299
3561
3315
3085
3092
3305
3130
2576
2318
2406
2538
2256
1786
1612
1664
1518
937
401
263
86
-577
-1358
-1715
-1796
-2097
-2665
-2963
-2687
-2284
-2190
-2150
-1655
-879
-277
140
697
1464
2155
2706
3113
3647
4205
4560
4792
4875
5094
5191
5146
4958
4597
4375
4063
3688
3077
2475
2119
1685
1115
425
-32
-323
-799
-1428
-1916
-2088
-2251
-2606
-2992
-3074
-2976
-3056
-3236
-3270
-3141
-2990
-2946
-3014
-3022
-2951
-3039
-3300
-3604
-3829
-3909
-3975
-4218
-4539
-4444
-4069
-3775
-3621
-3377
-2643
-1801
-1187
-746
-165
764
1407
1647
1848
2248
2725
2709
2453
2392
2574
2715
2386
2026
1969
2145
2200
1807
1458
1445
1497
1152
498
136
32
-301
-1000
-1599
-1752
-1762
-2110
-2576
-2545
-2075
-1768
-1749
-1499
-802
-58
424
830
1479
2296
2921
3307
3746
4311
4767
4985
5064
5171
5331
5370
5144
4715
4397
4179
3849
3280
2579
2115
1796
1309
580
-17
-240
-516
-1085
-1660
-1879
-1887
-2055
-2437
-2657
-2556
-2484
-2584
-2736
-2637
-2413
-2305
-2334
-2465
-2495
-2528
-2725
-3132
-3539
-3667
-3778
-4114
-4639
-4901
-4664
-4393
-4340
-4367
-3922
-3024
-2300
-1858
-1419
-491
447
850
1062
1505
2241
2522
2358
2320
2626
3046
2919
2518
2437
2713
2829
2397
1970
1898
1881
1533
795
290
159
-178
-931
-1684
-1901
-1916
-2302
-2797
-2949
-2606
-2175
-2186
-2105
-1522
-724
-133
129
731
1542
2273
2787
3084
3696
4323
4762
4885
4934
5255
5478
5507
5210
4881
4751
4494
3983
3306
2809
2460
1941
1246
570
207
-49
-587
-1247
-1612
-1626
-1754
-2162
-2520
-2538
-2366
-2377
-2624
-2697
-2459
-2320
-2414
-2621
-2619
-2604
-2855
-3268
-3774
-3935
-4050
-4411
-4891
-5283
-5167
-4858
-4711
-4778
-4495
-3628
-2878
-2325
-1862
-1054
48
646
990
1420
2204
2854
2790
2756
2979
3336
3420
3021
2753
2856
3031
2776
2281
1995
1971
1802
1221
569
208
53
-445
-1290
-1806
-1802
-2009
-2555
-2918
-2843
-2330
-2135
-2204
-1789
-971
-214
157
595
1415
2277
2894
3223
3718
4352
4803
4954
4974
5294
5500
5538
5350
4986
4929
4747
4322
3736
3205
2821
2341
1737
984
468
163
-344
-1029
-1557
-1727
-1895
-2245
-2596
-2673
-2501
-2448
-2597
-2666
-2433
-2212
-2265
-2420
-2498
-2449
-2646
-3074
-3613
-4025
-4210
-4586
-5043
-5622
-5790
-5524
-5365
-5331
-5258
-4490
-3593
-2928
-2369
-1708
-535
279
683
1110
1757
2544
2637
2539
2732
3115
3418
3156
2991
3082
3256
3238
2762
2485
2410
2275
1767
1027
607
310
-244
-1022
-1697
-1962
-2050
-2575
-3005
-3011
-2623
-2229
-2342
-2038
-1260
-460
15
319
1094
1910
2526
2907
3328
3977
4512
4760
4848
5110
5423
5521
5386
5197
5093
4966
4643
4138
3609
3110
2662
2114
1326
591
143
-280
-911
-1536
-1899
-2024
-2204
-2536
-2734
-2629
-2481
-2563
-2708
-2636
-2420
-2392
-2594
-2776
-2824
-2891
-3229
-3742
-4158
-4358
-4532
-4859
-5307
-5528
-5275
-5029
-4894
-4814
-4327
-3409
-2723
-2109
-1543
-615
416
912
1343
1906
2692
3140
3080
3216
3534
3834
3742
3403
3319
3374
3342
2919
2403
2207
2046
1619
897
370
112
-267
-920
-1634
-1962
-1963
-2215
-2733
-2882
-2544
-2068
-2007
-1971
-1329
-506
113
434
986
1838
2600
3070
3336
3947
4538
4850
4953
5003
5273
5355
5253
5025
4721
4627
4333
3798
3271
2747
2337
1825
1135
452
-25
-389
-957
-1639
-2052
-2213
-2438
-2785
-3121
-3063
-2909
-2995
-3122
-3058
-2733
-2674
-2708
-2726
-2694
-2636
-2894
-3287
-3714
-3899
-4136
-4502
-4853
-5244
-5296
-5157
-4928
-4838
-4626
-3865
-3085
-2374
-1759
-995
54
810
1332
1816
2520
3154
3257
3306
3460
3747
3823
3547
3311
3252
3299
3028
2640
2411
2230
1933
1415
811
378
51
-494
-1179
-1738
-1829
-2035
-2508
-2786
-2760
-2286
-2144
-2131
-1649
-962
-315
-7
484
1289
2015
2535
2866
3396
3994
4386
4502
4608
4950
5090
5071
4883
4805
4704
4281
3968
3457
3060
2597
2047
1547
792
379
-87
-582
-1145
-1713
-1885
-2152
-2401
-2692
-2848
-2768
-2760
-2796
-2826
-2655
-2513
-2510
-2606
-2711
-2624
-2844
-3185
-3557
-3902
-4035
-4362
-4606
-5005
-5142
-4895
-4722
-4487
-4369
-3695
-2788
-2073
-1460
-813
297
1119
1607
2054
2655
3429
3566
3491
3623
3927
4126
3681
3373
3418
3435
3146
2571
2316
2135
1843
1281
600
246
-71
-688
-1405
-1935
-2163
-2252
-2740
-3086
-3042
-2698
-2395
-2458
-2069
-1431
-725
-280
144
934
1602
2233
2502
2964
3609
3991
4288
4288
4528
4791
4824
4752
4459
4426
4266
3946
3544
3045
2788
2252
1753
1076
466
150
-426
-963
-1625
-1896
-2106
-2411
-2722
-2991
-2850
-2915
-2899
-2951
-2771
-2564
-2573
-2479
-2573
-2426
-2528
-2763
-3068
-3451
-3559
-3893
-4160
-4492
-4773
-4686
-4548
-4270
-4174
-3840
-3098
-2386
-1721
-1244
-305
603
1152
1682
2141
2886
3188
3191
3267
3492
3835
3617
3291
3195
3253
3128
2703
2380
2175
2045
1655
1092
661
330
-27
-751
-1388
-1716
-1888
-2135
-2773
-2886
-2590
-2468
-2420
-2346
-1769
-1117
-738
-395
203
1005
1507
1768
2153
2750
3220
3442
3631
3956
4356
4560
4556
4575
4650
4629
4445
4148
3818
3528
3173
2641
2012
1387
877
353
-303
-954
-1392
-1759
-2173
-2505
-2731
-2680
-2715
-2757
-2570
-2407
-2095
-2036
-2000
-1709
-1628
-1684
-1956
-2134
-2321
-2787
-3210
-3692
-3940
-4311
-4797
-4909
-4954
-4677
-4511
-4256
-3730
-3096
-2227
-1633
-905
-222
531
1360
1757
2121
2484
2964
3185
3101
3169
3417
3561
3286
2975
3023
3197
2879
2286
2035
1993
1585
806
179
-118
-477
-1337
-2041
-2279
-2401
-2842
-3420
-3221
-2849
-2717
-2572
-2251
-1501
-975
-592
-29
619
1278
1558
2044
2606
2936
3257
3464
3960
4194
4306
4540
4731
4896
4598
4558
4556
4261
3817
3289
3011
2476
1739
970
393
-12
-747
-1512
-1945
-2120
-2359
-2708
-2889
-2772
-2518
-2411
-2270
-1992
-1646
-1380
-1293
-1109
-1099
-1164
-1430
-1886
-2228
-2774
-3193
-3791
-4313
-4673
-5113
-5218
-5292
-5116
-4957
-4663
-3972
-3315
-2515
-1852
-1064
-204
534
1291
1634
2168
2785
3104
3267
3227
3636
3894
3648
3383
3423
3656
3347
2897
2445
2348
2235
1361
648
280
27
-671
-1642
-1976
-2068
-2356
-3012
-3288
-2775
-2594
-2688
-2534
-1961
-1181
-829
-480
153
936
1471
1644
2247
2892
3270
3568
3814
4266
4490
4645
4806
4822
4849
4665
4613
4477
3988
3542
3201
2749
2079
1353
766
361
-284
-1087
-1520
-1681
-1980
-2313
-2476
-2428
-2200
-2139
-2035
-1791
-1412
-1144
-1241
-1109
-989
-1065
-1373
-1909
-2217
-2731
-3383
-4021
-4643
-5022
-5581
-5946
-6070
-6045
-5811
-5681
-5159
-4542
-3757
-2951
-2300
-1375
-567
405
1103
1623
2344
2892
3369
3534
3725
4098
4276
4047
3762
3819
3803
3455
2838
2406
2278
1910
1114
356
44
-272
-1045
-1806
-2061
-2093
-2452
-2982
-3014
-2579
-2513
-2651
-2259
-1664
-1102
-806
-405
377
936
1400
1764
2343
2979
3261
3573
3907
4331
4556
4593
4747
4861
4844
4704
4569
4357
3972
3538
3150
2663
1922
1228
749
233
-445
-1065
-1386
-1641
-1968
-2252
-2269
-2111
-2036
-1950
-1818
-1379
-1146
-1125
-991
-874
-687
-1005
-1292
-1603
-2067
-2592
-3389
-3932
-4601
-5108
-5680
-6185
-6338
-6396
-6121
-5946
-5511
-4904
-4045
-3009
-2276
-1413
-495
695
1590
1986
2691
3394
3971
4070
3905
4285
4607
4394
3784
3619
3878
3533
2823
2297
2226
2029
1245
440
151
9
-638
-1524
-1936
-1879
-2241
-2777
-2999
-2770
-2546
-2678
-2421
-2004
-1439
-1043
-661
25
542
1193
1662
2191
2720
3072
3605
3958
4310
4444
4583
4966
4972
4840
4634
4659
4587
4008
3608
3192
2879
2196
1363
866
366
-67
-865
-1342
-1612
-1790
-1972
-2257
-2155
-2103
-1840
-1784
-1575
-1256
-1094
-927
-967
-775
-942
-1212
-1637
-2127
-2645
-3457
-4074
-4886
-5466
-5970
-6495
-6826
-7017
-6688
-6478
-6180
-5536
-4673
-3529
-2639
-1717
-711
422
1521
2021
2673
3444
4115
4257
4091
4483
4713
4586
4024
3774
3953
3703
3104
2481
2343
2153
1479
641
310
183
-405
-1261
-1822
-1723
-2025
-2686
-3122
-2963
-2577
-2868
-2841
-2386
-1834
-1329
-1122
-452
267
856
1379
1831
2642
3115
3665
4052
4314
4764
4811
5171
5180
5066
4951
4716
4695
4171
3622
3171
2904
2229
1392
900
435
93
-732
-1248
-1360
-1536
-1785
-2094
-2000
-1832
-1726
-1708
-1540
-1081
-834
-857
-950
-759
-633
-1016
-1555
-2049
-2384
-3085
-3941
-4635
-5272
-5696
-6387
-6736
-6905
-6780
-6414
-6232
-5576
-4866
-3689
-2673
-1874
-889
107
1463
2110
2600
3288
3971
4408
4187
4159
4459
4628
4136
3588
3609
3622
3193
2480
2169
2180
1853
1113
529
375
109
-609
-1381
-1646
-1757
-2235
-2718
-2937
-2739
-2661
-2812
-2511
-2110
-1604
-1065
-562
43
566
1207
1843
2396
2816
3187
3717
4108
4251
4339
4569
4746
4620
4339
4203
4183
3876
3308
2893
2617
2147
1453
890
501
70
-517
-1022
-1286
-1474
-1643
-1945
-1932
-1666
-1554
-1418
-1285
-863
-585
-607
-467
-388
-302
-579
-1068
-1395
-1989
-2630
-3498
-4313
-4962
-5680
-6159
-6804
-7113
-7142
-6988
-6637
-6337
-5607
-4772
-3612
-2624
-1800
-748
362
1490
1992
2602
3357
3981
4208
4003
4266
4581
4496
3995
3734
3973
3890
3341
2815
2737
2716
2175
1355
943
891
407
-563
-1297
-1414
-1612
-2327
-2881
-3035
-2783
-2744
-2979
-2652
-2131
-1528
-1063
-640
109
836
1470
1896
2440
3129
3620
3938
4159
4475
4754
4836
4769
4700
4610
4394
4097
3756
3393
2968
2490
1973
1427
940
487
-13
-541
-962
-1147
-1285
-1526
-1709
-1598
-1381
-1290
-1275
-1080
-691
-520
-482
-570
-534
-435
-820
-1324
-1849
-2288
-2918
-3918
-4597
-5195
-5759
-6315
-6856
-6973
-7021
-6778
-6386
-5941
-5208
-4422
-3255
-2275
-1393
-403
587
1626
2132
2699
3331
3841
4009
3791
4019
4312
4232
3753
3513
3776
3729
3190
2639
2539
2532
1999
1150
680
567
43
-942
-1668
-1780
-1985
-2693
-3200
-3284
-2958
-2852
-3023
-2644
-2085
-1448
-919
-476
246
968
1653
2121
2618
3263
3714
4001
4196
4461
4617
4672
4662
4459
4272
4058
3927
3532
2869
2496
2121
1694
998
415
204
-193
-609
-1030
-1148
-1108
-1330
-1409
-1263
-1081
-905
-779
-686
-465
-240
-236
-344
-455
-596
-949
-1500
-2037
-2641
-3368
-4131
-4803
-5446
-6001
-6429
-6823
-6969
-6945
-6599
-6156
-5737
-4956
-4080
-2956
-2015
-1245
-178
824
1668
2157
2646
3313
3774
3892
3809
4003
4369
4309
3842
3703
3980
3914
3360
2886
2811
2693
2069
1270
809
541
-123
-1094
-1750
-1927
-2209
-2845
-3223
-3242
-2891
-2743
-2837
-2319
-1655
-1048
-580
-53
709
1263
1788
2263
2772
3250
3579
3912
4141
4327
4466
4546
4573
4473
4292
4143
3945
3549
3041
2546
2158
1707
1008
473
132
-282
-741
-1072
-1199
-1259
-1263
-1375
-1221
-974
-852
-648
-583
-349
-301
-289
-299
-568
-654
-1087
-1547
-2007
-2652
-3206
-4068
-4726
-5392
-6050
-6314
-6789
-7059
-7137
-6810
-6261
-6018
-5475
-4660
-3454
-2563
-1899
-944
84
1060
1469
2031
2705
3319
3631
3466
3737
4229
4428
4056
3825
4148
4233
3885
3413
3172
3038
2507
1537
890
620
-26
-1031
-1802
-2096
-2279
-2741
-3335
-3459
-3015
-2705
-2712
-2430
-1748
-1102
-616
-110
587
1351
1900
2298
2782
3382
3904
4163
4290
4519
4761
4838
4748
4564
4308
4021
3728
3354
2828
2255
1772
1321
794
280
-60
-288
-592
-919
-1037
-958
-940
-1058
-1064
-836
-554
-409
-391
-375
-265
-216
-355
-566
-729
-986
-1510
-2101
-2667
-3323
-4097
-4813
-5468
-6038
-6479
-6847
-7026
-7142
-6872
-6347
-5903
-5306
-4616
-3494
-2451
-1752
-877
86
1095
1648
2011
2715
3361
3683
3675
3943
4503
4698
4507
4345
4606
4671
4290
3785
3374
3203
2507
1488
791
271
-359
-1396
-2260
-2519
-2661
-3096
-3443
-3224
-2786
-2459
-2254
-1777
-981
-466
-8
565
1176
1830
2174
2509
3042
3493
3790
3994
4299
4620
4731
4685
4638
4578
4340
3922
3463
3036
2492
1851
1227
609
125
-341
-695
-1008
-1260
-1294
-1351
-1253
-1198
-1133
-975
-875
-698
-580
-413
-395
-380
-362
-482
-520
-743
-1080
-1410
-1880
-2525
-3140
-3832
-4565
-5240
-5994
-6432
-6814
-7250
-7392
-7248
-6814
-6321
-5804
-5066
-4032
-3025
-2188
-1273
-313
608
1305
1810
2546
3335
3738
3908
4236
4747
5158
5124
4957
5162
5180
4841
4309
3830
3475
2626
1576
703
112
-565
-1598
-2469
-2883
-2829
-3134
-3447
-3180
-2874
-2352
-2090
-1825
-945
-412
-93
376
893
1638
2118
2342
2869
3563
4061
4446
4696
4862
5165
5187
4962
4810
4403
3841
3249
2561
1954
1331
612
1
-440
-787
-993
-1193
-1280
-1251
-1262
-1111
-1043
-948
-870
-810
-740
-633
-332
-404
-264
-229
-260
-42
-179
-264
-563
-954
-1573
-2259
-2990
-3993
-4835
-5806
-6424
-6919
-7367
-7572
-7634
-7061
-6490
-5890
-5003
-4022
-2898
-2050
-1177
-227
670
1294
1633
2369
2906
3425
3899
4115
4772
5255
5503
5618
5765
5795
5437
4932
4153
3527
2624
1341
340
-538
-1377
-2115
-2686
-2974
-3005
-3044
-2945
-2615
-2293
-2013
-1726
-1359
-997
-759
-550
-236
206
710
1211
1792
2543
3283
3895
4469
4962
5310
5402
5141
4796
4472
3903
3114
2319
1594
1009
472
-92
-454
-625
-748
-847
-833
-702
-568
-620
-796
-762
-747
-675
-718
-838
-581
-399
-168
125
375
721
834
923
884
799
570
-184
-942
-1957
-3002
-4031
-5370
-6360
-7222
-7789
-8163
-8404
-8295
-8020
-7383
-6756
-5896
-5048
-4193
-3151
-2384
-1454
-579
309
1239
1893
2726
3833
4833
5533
6101
6686
7258
7439
7117
6697
6190
5380
4246
3007
1991
1094
-71
-1312
-1902
-2050
-2392
-2865
-3088
-2853
-2755
-2900
-3046
-2879
-2521
-2713
-2627
-2063
-1411
-717
-249
573
1776
2856
3628
4271
4961
5485
5619
5436
5353
5090
4448
3787
3167
2680
2229
1675
1183
760
480
353
37
-468
-646
-798
-1121
-1140
-1205
-1173
-961
-936
-673
-101
376
727
1093
1410
1733
1997
1916
1718
1549
1256
806
363
60
-401
-1265
-2207
-2987
-3859
-4980
-6128
-7004
-7597
-8173
-8796
-9127
-8924
-8394
-7875
-7264
-6257
-4887
-3575
-2489
-1352
15
1412
2329
3002
3848
4847
5692
5971
6193
6623
6980
6918
6400
5976
5556
4801
3687
2519
1630
823
-373
-1739
-2510
-2746
-3156
-3978
-4420
-4056
-3709
-3867
-3915
-3300
-2477
-2015
-1933
-1329
104
984
1296
1978
2971
4047
4517
4584
5140
5560
5329
4821
4439
4316
3928
2979
2243
1966
1469
828
270
-232
-498
-855
-1341
-1545
-1640
-1624
-1459
-1396
-1053
-421
-42
277
783
1386
1913
2118
2132
2219
2304
2235
1978
1754
1757
1696
1304
823
544
242
-484
-1530
-2512
-3529
-4912
-6523
-7949
-8948
-9563
-9977
-10119
-9916
-9421
-8529
-7414
-6235
-4888
-3687
-2613
-1254
85
1184
2267
3330
4270
5025
5815
6824
7586
7805
7656
7490
7418
6837
5673
4632
3687
2383
897
-273
-875
-1441
-2636
-3710
-3862
-3739
-4198
-4910
-5085
-4651
-4385
-4449
-3766
-2631
-1662
-989
-337
1332
2794
3331
3854
4458
5102
5349
5128
5171
5429
4987
4249
3890
3726
3569
2778
1755
1306
856
94
-673
-1273
-1554
-1758
-2042
-1905
-1428
-998
-515
-75
424
1179
1681
1857
2158
2399
2626
2827
2842
2940
2881
2683
2586
2296
1977
1702
978
167
-552
-1407
-2149
-3296
-4411
-5448
-6802
-7935
-9142
-9895
-10120
-10126
-9997
-9702
-8901
-7788
-6378
-5153
-3776
-2443
-1352
21
1137
2353
3626
4754
5778
6232
6641
7398
7882
7717
7062
6186
5687
5120
3786
2507
1655
609
-766
-2173
-3025
-3301
-4254
-5519
-5832
-5557
-5259
-5359
-5317
-4328
-3274
-2796
-1824
-250
1025
1861
2105
2983
4570
4922
4915
5374
5676
6004
5742
5250
5483
4936
3607
2685
1795
1311
584
-712
-1144
-1213
-1812
-2143
-1982
-1783
-1553
-1632
-1452
-634
-193
190
743
1252
2112
2708
2944
3639
4228
4208
4025
3785
3648
3350
2591
1943
1618
1145
550
-121
-1009
-1587
-2394
-3492
-4339
-5347
-6315
-7502
-8774
-9635
-10138
-10066
-9499
-8627
-7831
-7132
-6216
-4952
-3572
-2360
-1325
-484
764
2265
3457
4799
6224
7240
7533
7123
7075
7479
7163
6051
4636
3694
3294
2268
996
250
-548
-1743
-3420
-4591
-4464
-4847
-6262
-6824
-6248
-5396
-4734
-4212
-2894
-1202
-570
-88
1354
2909
3787
3683
3734
5180
6185
5902
5945
6120
5671
4681
3607
3407
3181
1806
468
-148
-313
-400
-1048
-1522
-1253
-1414
-2038
-1959
-1219
-706
-826
-803
98
988
1399
2076
2864
3480
3975
3967
4099
4778
4786
3967
3255
2847
2473
1716
765
181
-480
-1463
-2199
-2784
-3381
-3841
-4564
-5349
-5689
-5993
-6518
-7330
-8306
-8905
-9194
-8875
-7707
-6545
-5451
-4511
-3902
-2701
-1232
-219
503
963
1988
3323
4034
5161
6589
7101
6647
5584
5265
5649
4912
3397
2188
1648
1358
135
-973
-999
-1711
-3632
-5371
-5702
-5029
-5196
-5925
-5610
-4417
-3254
-2584
-1638
72
1025
909
1333
2889
4547
4987
4878
5643
6496
6412
5862
5415
4983
3743
1808
842
986
723
-117
-733
-914
-1041
-1569
-1909
-1526
-1512
-2152
-2302
-1595
-401
510
896
1532
2246
2582
2873
3274
4025
4584
4150
3824
4271
4492
4177
3400
2195
1052
-24
-1026
-1571
-1992
-2518
-2921
-3337
-3508
-3461
-3809
-4230
-4607
-5029
-4810
-4417
-4583
-4966
-5500
-5887
-6032
-6055
-5073
-3493
-2876
-3021
-2800
-1705
-383
127
346
1170
2130
2640
2962
3878
5050
5059
3852
3042
3401
3605
2871
2065
1801
1338
359
-355
-629
-940
-2072
-3510
-4289
-4282
-3688
-3638
-3711
-3067
-2455
-1846
-1168
-519
221
757
1275
2075
3044
3948
4625
4808
4660
4575
4203
3727
3459
3096
2443
1817
1524
1420
1252
512
-168
-572
-1103
-1355
-1368
-1040
-679
-543
-342
224
1037
1424
1553
1856
2279
2401
2363
2801
3568
3921
3577
3068
2706
2342
1627
829
130
-583
-1257
-1889
-2111
-2247
-2499
-2838
-3180
-3401
-3830
-3958
-3646
-3296
-3204
-3192
-2907
-2993
-3740
-4794
-5563
-5671
-5176
-4197
-3105
-2313
-2057
-2018
-1578
-749
-175
39
660
1802
2710
3137
3650
4274
4025
2957
2079
1956
2205
2033
1772
1783
1746
1128
43
-621
-1200
-2381
-3663
-4010
-3489
-3206
-3215
-2838
-2203
-1917
-1957
-1686
-946
-236
282
1059
2160
3206
3769
3869
4109
4095
3459
2908
2872
3104
2972
2633
2468
2309
1847
1017
434
228
67
-138
-71
564
1164
1210
1032
929
808
687
686
978
1546
1943
2101
2358
2752
3028
2882
2268
1553
959
444
190
124
-143
-643
-1192
-1708
-2054
-2229
-2375
-2524
-2725
-2844
-2685
-2386
-2255
-2405
-2849
-3559
-4510
-5640
-6231
-6055
-5304
-4096
-3240
-2860
-2783
-2923
-2852
-2399
-1551
-640
140
1089
2280
3231
3702
3798
3356
2759
2415
2437
3106
3739
3676
3210
2729
2037
788
-465
-1367
-1989
-2639
-3183
-3009
-2595
-2544
-2842
-3106
-3113
-3079
-3065
-2551
-1402
-463
407
1557
2604
3162
2959
2819
3125
3221
3277
3534
3943
4278
4053
3637
3387
2808
1976
1398
1079
1143
1422
1533
1880
2020
1412
582
-346
-964
-1088
-925
-186
480
820
1259
1431
1375
1261
1033
728
345
96
82
365
681
564
53
-559
-942
-1156
-1318
-1255
-1103
-1143
-1350
-1429
-1382
-1548
-1955
-2335
-2702
-3323
-4201
-4910
-4993
-4573
-4015
-3451
-3192
-3370
-3976
-4644
-4409
-3326
-2341
-1625
-716
174
852
1432
1877
2378
2427
2123
2252
2913
3743
4104
4020
3741
3169
2240
1413
896
389
-97
-416
-322
-388
-887
-1391
-1823
-2185
-2583
-2589
-2054
-1541
-1290
-940
-133
724
1087
1066
1123
1322
1451
1552
1806
2114
2200
2138
2130
2143
2082
2008
2023
2001
1768
1519
1495
1592
1639
1535
1226
818
387
-47
-285
-203
29
275
478
416
14
-423
-687
-838
-965
-1077
-1089
-1049
-1046
-992
-1026
-1286
-1489
-1478
-1333
-1142
-1004
-831
-577
-325
-31
210
304
358
416
625
988
1214
1339
1522
1585
1424
1221
1150
1071
816
596
621
722
653
351
-46
-397
-703
-964
-1144
-1349
-1717
-2141
-2354
-2351
-2370
-2544
-2788
-2971
-3044
-2996
-2824
-2607
-2460
-2352
-2173
-1972
-1840
-1719
-1579
-1533
-1534
-1315
-772
-126
351
638
882
1130
1276
1362
1552
1756
1806
1837
2012
2235
2341
2324
2265
2149
1988
1879
1801
1737
1685
1564
1455
1407
1237
941
678
435
185
27
60
194
290
396
547
642
627
566
525
493
463
454
480
506
445
258
96
-46
-235
-376
-505
-655
-783
-842
-889
-918
-947
-1015
-1078
-1193
-1171
-1031
-776
-466
-272
29
247
311
353
386
608
813
957
1276
1631
1849
1811
1607
1402
1136
784
500
363
219
-46
-396
-701
-896
-1194
-1630
-1995
-2256
-2429
-2476
-2418
-2262
-2092
-2045
-2047
-2050
-2031
-1881
-1667
-1410
-1017
-616
-288
66
387
605
660
632
670
702
684
754
939
1034
1055
1012
915
822
586
313
77
-36
-67
-145
-99
42
95
35
12
-5
-121
-242
-228
-83
-20
109
380
593
684
588
489
480
513
724
1133
1716
2117
2017
1540
826
240
95
337
733
797
400
-86
-435
-583
-524
-473
-518
-660
-920
-1010
-731
-346
-36
239
405
378
278
349
693
1052
1218
1305
1368
1380
1376
1315
1169
979
691
322
55
-94
-264
-468
-745
-1206
-1747
-2130
-2342
-2421
-2280
-2056
-1954
-1798
-1488
-1223
-1041
-812
-517
-255
-82
103
301
468
686
919
1092
1132
937
679
537
504
565
556
422
210
-199
-665
-922
-934
-787
-811
-1140
-1439
-1490
-1277
-968
-781
-618
-437
-287
-77
153
298
376
446
539
614
721
848
806
671
615
569
548
596
630
617
629
730
818
691
436
291
310
467
673
717
563
409
346
307
286
386
497
326
25
1
231
469
602
603
566
549
524
587
788
982
1019
928
843
828
881
973
992
861
654
455
232
-78
-450
-831
-1250
-1705
-2151
-2575
-3001
-3433
-3837
-4135
-4295
-4333
-4256
-4048
-3711
-3317
-2926
-2556
-2182
-1755
-1261
-657
58
735
1329
1950
2543
2909
2986
2990
3041
2941
2707
2535
2341
2059
1700
1309
1057
845
423
-110
-531
-689
-645
-647
-681
-559
-327
-185
-202
-162
143
536
798
1059
1419
1686
1679
1567
1721
2063
2131
1897
1649
1491
1415
1337
1263
1270
1238
1062
810
609
538
458
306
152
36
107
325
500
632
629
514
514
669
942
1113
987
725
379
34
-169
-476
-1037
-1875
-3099
-4461
-5633
-6356
-6322
-5799
-5387
-5348
-5739
-6228
-6273
-5867
-5149
-4001
-2562
-1153
158
1302
2160
2651
2725
2707
3091
3910
4892
5621
5656
5120
4242
3076
2025
1223
498
-50
-473
-867
-1256
-1889
-2751
-3635
-4301
-4283
-3779
-3191
-2514
-1885
-1323
-753
-182
394
1110
1722
2294
3049
3690
4296
4480
4202
3965
3718
3505
3360
3214
3005
2702
2099
1373
761
163
-221
-428
-354
-161
-252
-526
-915
-992
-670
-273
224
643
952
1192
1298
1487
1599
1480
1255
1158
1431
1848
2013
1698
1028
284
-309
-560
-666
-755
-1077
-1722
-2505
-3537
-4637
-5789
-6595
-6494
-5749
-4836
-4349
-4421
-4813
-5092
-4770
-3838
-2574
-1204
146
1266
2136
2714
2875
2789
2634
2659
3117
3752
4234
4236
3410
2193
1135
286
-265
-689
-1105
-1403
-1738
-2032
-2313
-2918
-3652
-4105
-3943
-3130
-2206
-1386
-694
-390
-248
-8
313
866
1614
2543
3634
4460
4708
4437
3764
3031
2746
2799
3095
3417
3260
2840
2147
1196
422
-132
-251
81
680
1397
1732
1583
1023
491
454
782
1268
1640
1856
1969
2090
2116
1981
1690
1138
677
434
510
544
119
-759
-1967
-2994
-3928
-5010
-6133
-7033
-7515
-7380
-6905
-6622
-6472
-6677
-6846
-6566
-5780
-4273
-2553
-1075
252
1533
2494
3141
3456
3722
4301
4851
5458
5927
5907
5338
4372
3257
2186
1457
782
-50
-911
-1607
-2151
-2724
-3420
-4129
-4373
-4286
-3914
-3193
-2560
-2031
-1677
-1302
-603
95
801
1493
2152
2874
3516
4117
4557
4617
4264
3861
3631
3599
3646
3473
3183
2645
1988
1426
720
134
-189
-252
-6
240
437
516
314
225
400
683
1065
1329
1604
1970
2082
2132
2081
1804
1494
968
595
438
-34
-654
-1325
-2226
-3226
-4292
-5504
-6372
-7135
-7705
-7507
-7108
-6683
-6399
-6311
-6104
-5769
-5123
-3826
-2123
-638
648
1736
2632
3205
3492
3798
4130
4664
5069
5275
5293
4861
3994
2749
1568
736
71
-624
-1196
-1849
-2482
-2959
-3609
-3883
-3879
-3928
-3658
-3010
-2198
-1553
-1032
-347
485
1259
2008
2752
3442
4073
4384
4695
5012
4841
4632
4333
3951
3813
3494
3081
2564
1867
1207
569
157
39
69
246
504
578
548
444
226
221
430
869
1397
1753
2040
2094
1865
1593
1140
722
696
661
378
-50
-673
-1567
-2807
-4143
-5243
-6067
-6569
-6810
-7018
-7257
-7447
-7422
-7119
-6661
-6143
-5470
-4399
-2974
-1627
-547
328
1141
1956
2632
3234
3874
4393
4741
4769
4514
4273
3701
2669
1788
1193
660
56
-613
-1125
-1742
-2674
-3372
-3481
-3238
-3042
-2881
-2400
-1766
-1253
-753
-181
529
1208
1876
2865
3749
4156
4367
4367
4238
4114
3937
3930
3957
3788
3430
2762
2082
1580
1051
690
556
624
911
1005
851
653
399
347
445
630
1048
1497
1914
2166
2080
1767
1418
1050
890
903
759
479
-350
-1519
-2638
-3821
-4744
-5480
-6070
-6457
-6818
-7007
-6905
-6644
-6435
-6272
-5941
-5190
-4006
-2649
-1424
-413
464
1103
1532
2090
2838
3424
3719
3936
4126
4024
3502
2887
2371
1787
1127
499
-42
-544
-1199
-1852
-2201
-2419
-2624
-2657
-2564
-2399
-2077
-1627
-1069
-586
-238
217
884
1533
2070
2552
2751
2745
2686
2822
3046
3090
3258
3308
3255
3156
2768
2288
1788
1345
1191
1318
1400
1444
1228
819
614
473
604
811
1017
1352
1537
1709
1953
1979
1658
1290
999
739
453
-53
-784
-1866
-2967
-3547
-3891
-4312
-4995
-5712
-6188
-6332
-5877
-5342
-4985
-4695
-4406
-3750
-2805
-1862
-1043
-370
164
814
1522
2071
2463
2531
2527
2567
2633
2697
2510
1977
1253
606
232
61
-366
-1017
-1677
-2083
-2061
-1912
-1760
-1796
-1861
-1678
-1176
-402
176
485
674
885
1276
1739
2182
2456
2529
2505
2521
2672
2733
2682
2621
2529
2524
2584
2641
2646
2466
2179
1978
1901
1796
1576
1317
1179
1240
1301
1244
1004
653
373
139
28
-82
-392
-811
-1390
-2005
-2446
-2832
-3195
-3484
-3746
-3903
-4040
-4201
-4267
-4244
-3987
-3413
-2688
-2035
-1585
-1301
-987
-486
92
628
1050
1379
1450
1392
1322
1051
825
493
237
200
49
-193
-760
-1404
-1804
-1992
-1902
-1679
-1476
-1266
-1039
-818
-482
-148
147
576
1068
1757
2476
2915
3144
3133
3051
3061
3120
3140
2931
2536
2119
1792
1520
1277
999
698
496
414
531
623
636
580
589
883
1209
1613
1974
2130
2089
1861
1640
1476
1251
791
181
-494
-1169
-1839
-2465
-3007
-3641
-4305
-4957
-5427
-5653
-5662
-5359
-4811
-4092
-3381
-2783
-2270
-1701
-1026
-199
797
1770
2570
2966
3053
3010
2883
2743
2484
2169
1827
1387
786
18
-737
-1410
-1981
-2389
-2606
-2637
-2585
-2464
-2321
-2151
-1896
-1511
-993
-449
204
825
1379
1929
2333
2685
2958
3138
3267
3302
3257
3198
3088
2927
2753
2407
2024
1637
1245
1029
854
696
557
372
216
133
169
296
423
490
528
501
390
323
184
14
-125
-365
-639
-1077
-1575
-1886
-2141
-2381
-2616
-2914
-3212
-3383
-3409
-3177
-2836
-2533
-2245
-2136
-2009
-1766
-1420
-872
-343
144
612
923
1117
1185
1171
1140
1075
989
918
865
710
407
9
-408
-713
-880
-923
-867
-777
-665
-531
-384
-266
-138
60
326
608
864
1116
1257
1347
1448
1552
1672
1693
1728
1746
1728
1741
1770
1874
1935
1934
1873
1804
1711
1582
1483
1442
1412
1286
1171
961
668
353
-94
-533
-1003
-1474
-1772
-1925
-2040
-2242
-2537
-2850
-3084
-3174
-3055
-2772
-2548
-2326
-2098
-1854
-1496
-1198
-910
-569
-183
265
625
828
859
836
809
792
860
918
846
607
307
25
-232
-409
-479
-514
-601
-643
-554
-444
-423
-517
-574
-557
-410
-149
88
283
382
534
692
873
1103
1283
1529
1669
1770
1910
2020
2142
2182
2183
2111
1927
1705
1528
1367
1204
1072
871
600
251
-119
-390
-669
-903
-1141
-1491
-1792
-2032
-2144
-2148
-2179
-2113
-2072
-2103
-2062
-1952
-1677
-1330
-987
-658
-457
-359
-274
-191
-82
165
481
757
862
747
611
421
286
266
224
231
183
84
-19
-198
-326
-382
-354
-214
-58
81
141
122
111
207
403
597
758
866
923
909
843
770
699
655
664
748
871
892
770
618
482
429
493
613
738
768
702
673
706
727
718
656
569
459
237
-40
-393
-777
-1116
-1358
-1478
-1623
-1794
-2081
-2400
-2644
-2793
-2687
-2438
-2146
-1902
-1753
-1619
-1416
-1129
-760
-319
56
436
751
945
1141
1228
1335
1498
1587
1688
1668
1518
1311
1067
929
856
794
729
652
538
422
299
181
176
193
247
339
409
459
370
305
336
419
622
779
868
897
795
729
707
714
771
804
815
774
673
516
330
163
53
34
-12
-118
-341
-665
-984
-1325
-1565
-1695
-1721
-1690
-1745
-1833
-2016
-2225
-2348
-2368
-2191
-1884
-1583
-1382
-1288
-1274
-1243
-1101
-887
-570
-244
9
241
355
425
448
416
522
661
804
948
980
1018
1049
1082
1134
1142
1148
1127
1132
1189
1234
1266
1273
1281
1273
1222
1166
1149
1149
1124
1100
1118
1178
1198
1137
1048
945
870
814
785
767
704
638
529
371
142
-150
-421
-635
-748
-844
-993
-1197
-1435
-1676
-1888
-2004
-2035
-2060
-2127
-2139
-2106
-2072
-2013
-1997
-1927
-1800
-1648
-1401
-1208
-1091
-1022
-954
-781
-600
-398
-204
-67
26
78
102
117
177
224
333
476
633
779
792
806
855
982
1167
1313
1443
1521
1557
1578
1647
1716
1698
1653
1590
1539
1486
1409
1341
1269
1262
1251
1201
1100
933
820
722
701
799
915
983
928
781
573
370
187
34
-73
-176
-315
-521
-810
-1172
-1541
-1857
-2045
-2127
-2161
-2211
-2343
-2493
-2639
-2714
-2701
-2631
-2486
-2310
-2083
-1840
-1621
-1423
-1238
-1022
-787
-575
-384
-222
-82
50
159
290
397
413
438
472
570
711
801
931
1058
1142
1228
1297
1361
1410
1463
1526
1606
1689
1668
1597
1546
1487
1452
1432
1398
1338
1244
1155
1106
1048
942
816
700
627
589
535
421
250
54
-118
-217
-248
-283
-371
-473
-553
-630
-724
-836
-969
-1085
-1140
-1131
-1066
-1034
-1070
-1192
-1365
-1477
-1555
-1559
-1509
-1415
-1266
-1131
-1000
-909
-866
-832
-798
-713
-525
-301
-150
-33
44
83
137
144
144
156
180
301
414
482
497
403
341
323
328
402
478
537
584
640
696
727
769
830
936
1088
1248
1382
1457
1483
1478
1482
1507
1502
1430
1292
1110
900
697
509
274
-31
-339
-587
-793
-999
-1219
-1432
-1627
-1764
-1777
-1726
-1643
-1573
-1527
-1433
-1330
-1173
-968
-770
-553
-373
-206
-66
-9
54
165
302
445
498
484
420
286
222
261
360
408
332
253
192
137
121
145
209
286
378
452
461
367
211
116
106
169
234
264
289
231
140
68
3
-19
-27
42
183
286
373
407
394
379
384
460
527
538
526
487
435
356
257
137
28
-74
-189
-312
-481
-671
-845
-954
-996
-1077
-1171
-1281
-1369
-1367
-1316
-1244
-1221
-1230
-1224
-1175
-1033
-839
-640
-464
-301
-137
37
185
296
398
539
735
960
1153
1241
1219
1164
1123
1149
1242
1298
1293
1249
1157
1074
1012
930
835
746
694
710
746
736
670
582
526
525
541
528
476
418
389
383
364
275
93
-140
-357
-521
-620
-669
-718
-805
-932
-1070
-1217
-1382
-1523
-1614
-1620
-1523
-1384
-1298
-1315
-1399
-1451
-1440
-1360
-1198
-1019
-882
-765
-691
-656
-638
-632
-588
-487
-363
-242
-149
-91
-72
-65
0
112
244
387
501
599
722
842
962
1090
1197
1293
1388
1474
1542
1572
1566
1554
1574
1618
1638
1603
1527
1436
1367
1328
1301
1240
1127
984
843
718
594
452
311
200
102
-32
-203
-382
-546
-676
-738
-733
-731
-798
-942
-1109
-1223
-1260
-1245
-1211
-1187
-1200
-1248
-1282
-1283
-1297
-1331
-1329
-1276
-1191
-1096
-1032
-1027
-1061
-1114
-1108
-1041
-979
-921
-874
-819
-720
-596
-475
-377
-300
-203
-51
143
323
497
653
792
952
1101
1255
1398
1497
1598
1677
1732
1768
1753
1711
1647
1587
1537
1463
1347
1191
1022
878
750
613
476
331
175
8
-142
-247
-318
-350
-379
-381
-377
-381
-391
-412
-396
-368
-313
-224
-162
-115
-118
-146
-183
-250
-307
-340
-359
-379
-444
-542
-655
-760
-864
-968
-1041
-1087
-1126
-1147
-1141
-1108
-1060
-988
-873
-740
-618
-509
-425
-344
-252
-123
43
200
311
337
299
257
242
278
344
401
441
441
409
364
319
302
311
352
415
458
473
471
488
524
589
686
761
826
857
850
870
875
868
830
739
650
536
410
303
181
58
-55
-177
-297
-422
-555
-641
-679
-663
-614
-562
-530
-533
-532
-509
-441
-343
-223
-82
39
153
217
251
247
207
220
271
335
379
375
339
254
149
51
-44
-98
-107
-100
-118
-177
-282
-426
-570
-648
-636
-578
-513
-463
-463
-468
-480
-501
-484
-454
-403
-303
-178
-61
-14
-24
-50
-68
-37
20
60
96
104
89
75
53
15
-60
-123
-136
-129
-90
-53
-24
8
18
28
43
91
171
242
338
454
556
630
649
643
639
629
604
604
620
599
549
487
388
260
144
90
102
135
169
196
187
139
80
36
34
81
150
217
270
273
213
108
-4
-84
-116
-104
-92
-125
-200
-303
-413
-496
-555
-594
-602
-585
-549
-536
-566
-604
-637
-644
-582
-489
-415
-349
-300
-284
-273
-245
-207
-171
-139
-117
-98
-73
-71
-106
-140
-150
-163
-183
-196
-211
-245
-289
-318
-317
-286
-240
-211
-207
-196
-158
-90
19
162
292
395
494
594
684
776
888
1017
1128
1196
1226
1220
1186
1144
1105
1077
1017
897
760
609
435
282
147
13
-102
-200
-295
-382
-447
-494
-517
-497
-444
-386
-341
-314
-284
-238
-192
-158
-131
-130
-164
-193
-233
-303
-372
-464
-533
-580
-657
-733
-805
-863
-889
-887
-830
-758
-712
-647
-581
-502
-380
-249
-110
9
99
171
218
260
296
304
291
271
236
181
131
92
61
19
-39
-79
-100
-120
-129
-107
-45
45
127
182
219
239
282
386
532
695
817
900
942
940
919
886
867
863
870
866
821
738
607
450
328
271
242
211
144
36
-105
-254
-353
-396
-421
-456
-500
-556
-616
-663
-691
-676
-619
-525
-448
-402
-363
-357
-342
-284
-203
-125
-80
-85
-133
-182
-207
-212
-214
-218
-261
-333
-415
-494
-545
-594
-608
-594
-570
-551
-571
-589
-578
-522
-420
-293
-169
-84
-34
9
65
152
278
411
516
585
613
607
591
579
563
553
570
583
559
503
426
364
352
369
369
348
311
268
247
265
304
349
387
387
354
337
350
381
420
448
447
414
358
284
204
150
111
72
15
-94
-225
-328
-409
-456
-468
-481
-505
-560
-634
-679
-701
-693
-646
-577
-489
-423
-418
-442
-476
-495
-448
-359
-271
-186
-141
-166
-214
-253
-289
-300
-254
-183
-128
-103
-119
-171
-225
-218
-127
-11
94
156
151
140
160
221
344
485
583
625
599
546
506
480
516
589
629
612
518
372
223
115
109
184
240
233
160
46
-39
-63
-25
36
105
164
176
175
154
117
116
150
203
257
282
243
149
72
32
-7
-33
-72
-164
-284
-416
-516
-575
-585
-577
-591
-597
-635
-675
-675
-649
-564
-458
-366
-304
-297
-305
-298
-238
-131
-30
39
40
-6
-45
-46
4
68
126
159
145
120
115
115
135
188
237
270
273
245
216
228
275
306
322
331
302
269
247
238
245
246
239
228
211
170
95
36
11
18
63
100
115
97
38
-30
-69
-66
-39
-7
4
-4
-33
-79
-113
-122
-95
-50
-23
-7
-9
-7
14
47
87
98
82
49
19
6
-5
-29
-64
-102
-145
-183
-206
-221
-242
-284
-331
-367
-388
-375
-340
-310
-270
-234
-238
-252
-237
-189
-106
7
92
125
101
68
83
119
188
267
320
323
268
220
186
173
196
231
250
230
171
98
53
45
59
89
117
112
60
5
-14
-8
17
48
51
25
-2
-34
-43
-7
35
66
88
68
19
-12
-21
-5
35
67
80
54
-15
-78
-106
-87
-29
41
78
60
-11
-89
-143
-158
-124
-57
-3
7
-41
-123
-187
-206
-176
-81
31
82
59
-11
-109
-182
-191
-147
-70
0
0
-73
-177
-269
-315
-296
-248
-204
-182
-190
-215
-221
-199
-153
-95
-31
35
76
92
97
103
122
153
197
237
255
240
203
169
153
150
163
183
193
185
165
133
102
86
98
136
174
185
169
146
126
127
150
179
194
200
200
186
168
164
167
156
135
111
91
83
92
101
103
96
75
38
-5
-39
-50
-36
-18
-19
-49
-107
-171
-222
-250
-262
-252
-246
-268
-314
-369
-421
-443
-419
-370
-327
-290
-273
-277
-281
-255
-199
-123
-57
-16
2
2
-7
-5
15
36
52
55
25
-40
-103
-145
-167
-168
-164
-177
-204
-218
-226
-217
-171
-90
1
91
178
244
283
310
346
403
478
544
577
570
525
460
405
378
372
358
318
254
179
104
48
14
-1
0
2
-19
-56
-88
-102
-89
-48
2
50
61
39
10
-16
-5
50
107
135
122
74
10
-55
-101
-114
-106
-93
-104
-163
-244
-332
-397
-400
-353
-307
-271
-274
-316
-356
-375
-364
-307
-236
-186
-154
-146
-161
-171
-153
-112
-55
11
61
80
69
41
28
49
102
157
191
197
187
186
197
212
245
287
315
318
308
284
254
242
252
274
291
286
243
175
112
77
81
108
126
112
80
25
-46
-102
-125
-109
-93
-66
-57
-98
-152
-202
-231
-210
-154
-105
-68
-67
-96
-112
-118
-106
-84
-60
-33
-13
3
-1
-12
-11
-26
-37
-33
-28
-30
-48
-66
-86
-110
-124
-141
-157
-170
-180
-170
-153
-145
-141
-145
-148
-135
-117
-90
-48
-8
24
52
77
91
98
120
152
178
206
224
220
212
200
186
184
183
177
169
163
145
110
78
55
37
33
43
40
18
-3
-31
-48
-40
-34
-27
-13
-13
-23
-26
-25
-34
-37
-32
-29
-27
-20
-27
-38
-43
-59
-70
-69
-76
-85
-83
-81
-79
-76
-70
-72
-74
-66
-53
-39
-24
-8
5
18
33
41
35
32
33
37
51
65
64
61
54
40
26
15
1
-5
-3
-2
-4
-8
-17
-31
-39
-38
-32
-25
-17
-14
-12
-7
2
9
19
27
36
39
40
40
40
38
37
35
31
23
9
-2
-10
-15
-18
-22
-30
-40
-50
-57
-53
-42
-31
-23
-24
-30
-38
-40
-33
-15
6
22
29
28
23
16
11
20
42
66
79
77
65
47
33
25
30
49
71
83
81
68
49
31
18
15
24
33
33
20
-4
-30
-49
-57
-57
-59
-64
-73
-86
-99
-109
-113
-109
-100
-90
-83
-81
-83
-84
-78
-63
-46
-28
-16
-12
-15
-14
-6
6
18
25
30
33
32
30
27
23
17
14
11
9
3
2
6
18
26
27
25
25
26
27
32
43
51
55
54
54
55
58
61
64
69
76
85
89
83
78
77
78
74
67
60
53
44
35
29
24
18
9
2
-7
-10
-13
-13
-13
-16
-20
-22
-28
-37
-50
-51
-44
-41
-46
-57
-69
-81
-92
-97
-96
-95
-104
-121
-137
-148
-155
-158
-158
-158
-157
-155
-150
-145
-141
-132
-111
-79
-51
-29
-16
-3
17
39
61
80
95
101
103
106
111
114
118
124
130
128
126
124
121
113
105
103
107
109
104
95
88
81
75
74
77
76
72
69
62
44
22
13
16
21
20
14
8
-1
-15
-24
-25
-19
-8
-2
-2
-14
-29
-40
-39
-35
-29
-23
-19
-29
-50
-69
-84
-86
-81
-83
-92
-103
-121
-143
-157
-164
-166
-156
-142
-138
-146
-154
-159
-154
-134
-111
-89
-73
-64
-62
-61
-58
-51
-37
-17
0
12
17
17
15
22
37
58
79
97
107
114
119
128
142
156
166
176
181
178
170
163
156
149
143
135
122
104
85
67
54
47
43
37
27
13
0
-9
-18
-20
-11
1
8
14
14
8
4
6
15
23
30
33
28
17
1
-14
-29
-36
-40
-44
-45
-50
-60
-73
-83
-90
-97
-104
-108
-112
-117
-117
-113
-107
-107
-109
-112
-118
-124
-128
-120
-117
-123
-125
-125
-131
-141
-142
-135
-128
-118
-113
-111
-103
-94
-86
-74
-53
-22
11
32
51
72
87
98
113
131
153
170
174
175
175
167
156
146
143
148
150
144
140
135
120
109
114
125
137
154
172
187
201
214
230
244
253
264
272
270
265
260
244
213
182
148
104
60
30
4
-38
-79
-117
-169
-221
-254
-280
-296
-302
-316
-328
-337
-354
-357
-341
-324
-311
-295
-285
-284
-283
-275
-265
-246
-219
-197
-184
-180
-187
-198
-202
-194
-171
-137
-109
-94
-77
-59
-39
-19
2
33
68
99
121
144
162
176
183
186
198
221
227
216
217
221
219
219
222
226
225
226
236
248
249
256
269
273
283
303
298
297
301
287
277
263
232
213
188
147
103
57
17
-16
-54
-92
-130
-163
-191
-215
-226
-238
-255
-256
-251
-253
-254
-258
-248
-238
-229
-213
-204
-201
-198
-209
-214
-207
-204
-189
-177
-188
-193
-199
-214
-220
-210
-193
-165
-143
-137
-126
-112
-89
-62
-31
15
63
92
103
106
111
129
151
163
173
188
199
193
189
185
177
183
197
198
183
173
163
158
157
161
167
171
169
168
170
181
190
186
183
180
169
163
147
125
113
100
86
78
47
8
-25
-59
-88
-106
-122
-137
-154
-175
-192
-204
-206
-211
-212
-210
-200
-186
-177
-169
-156
-132
-104
-84
-71
-60
-47
-36
-26
-19
-13
-13
-19
-24
-26
-33
-50
-70
-80
-81
-85
-92
-100
-105
-111
-112
-105
-88
-71
-53
-33
-11
7
22
37
57
75
92
115
140
156
162
159
156
151
146
142
141
137
131
116
102
88
74
61
54
50
48
43
34
22
12
7
5
7
13
17
14
6
-2
-8
-8
-6
-4
3
9
7
2
-5
-8
-7
-4
3
8
6
-3
-11
-15
-17
-15
-13
-9
-13
-20
-30
-40
-49
-60
-66
-67
-71
-79
-89
-96
-101
-104
-108
-111
-108
-103
-104
-108
-104
-99
-96
-89
-78
-69
-61
-46
-32
-26
-20
-11
-2
2
7
13
16
23
32
37
40
43
45
45
50
55
56
61
68
72
70
70
73
77
82
89
96
102
106
109
111
105
102
106
115
119
122
125
119
116
121
120
112
108
106
100
94
88
77
60
45
27
8
-9
-28
-46
-61
-78
-95
-112
-126
-140
-154
-164
-170
-171
-171
-167
-163
-165
-165
-160
-149
-136
-120
-99
-90
-87
-83
-78
-75
-65
-47
-34
-26
-18
-14
-20
-24
-22
-19
-14
-5
2
5
8
12
13
18
29
39
50
64
75
77
79
85
91
95
105
115
120
122
120
120
119
111
100
95
95
88
75
68
64
55
47
45
42
33
26
25
22
19
14
9
2
-2
-11
-23
-31
-35
-40
-46
-53
-61
-67
-75
-87
-92
-99
-105
-111
-111
-110
-107
-100
-93
-91
-86
-80
-73
-64
-49
-34
-25
-17
-10
0
3
10
17
22
29
34
31
30
28
26
26
31
35
35
33
31
27
28
31
31
29
29
27
27
29
32
31
35
37
32
29
31
30
27
27
28
28
26
25
22
19
17
15
16
18
16
13
12
11
7
-1
-3
-4
-8
-10
-11
-18
-23
-26
-29
-35
-38
-41
-43
-41
-40
-41
-44
-43
-41
-40
-37
-34
-27
-23
-21
-17
-10
-5
0
6
13
19
24
28
32
34
37
37
37
33
29
25
22
20
20
17
17
12
7
1
-3
-8
-10
-9
-10
-13
-15
-19
-23
-20
-22
-21
-13
-13
-11
-10
-17
-17
-15
-14
-8
-1
1
3
2
0
-3
-3
-4
1
3
2
1
-1
2
2
-1
0
5
7
6
5
4
4
3
2
3
5
8
11
12
13
13
14
14
15
15
19
22
24
28
28
29
26
26
24
20
20
16
10
10
5
-1
-2
-11
-19
-19
-24
-25
-22
-25
-27
-28
-32
-31
-28
-25
-22
-20
-20
-20
-20
-20
-15
-10
-5
-2
-2
-4
-8
-10
-12
-12
-10
-9
-8
-10
-10
-11
-9
-7
-3
1
2
3
3
5
8
12
16
21
22
22
23
24
28
29
31
30
27
22
19
15
15
14
15
15
11
6
-1
-2
0
4
4
5
9
11
8
3
1
7
12
12
11
10
8
5
1
-2
-2
-3
-5
-10
-13
-20
-23
-26
-29
-31
-35
-38
-40
-40
-38
-37
-36
-35
-34
-35
-33
-28
-23
-16
-9
-7
-6
-6
-5
0
5
12
15
16
15
16
17
20
20
21
23
23
23
25
21
20
18
16
17
17
16
18
18
16
16
17
15
17
19
19
20
20
18
18
17
14
13
12
11
10
8
5
4
1
-2
-4
-5
-9
-10
-9
-12
-15
-14
-13
-17
-16
-14
-15
-19
-20
-20
-22
-18
-18
-19
-15
-18
-19
-14
-16
-21
-17
-15
-13
-11
-14
-11
-8
-10
-11
-10
-7
-3
-1
0
3
5
5
5
5
8
9
12
14
15
16
17
15
16
15
15
15
15
16
17
15
11
9
13
15
13
10
9
8
12
9
6
3
9
9
5
6
9
5
5
5
6
2
-1
2
1
-1
1
-4
-8
-3
-4
-4
-2
-10
-12
-11
-11
-10
-9
-11
-13
-14
-14
-15
-17
-14
-14
-12
-12
-13
-14
-12
-8
-7
-8
-4
-3
-1
2
-3
-4
5
5
6
8
3
0
-1
-4
-2
0
0
-1
0
1
-2
-3
-1
4
4
1
1
4
7
6
5
6
10
13
12
12
13
15
15
19
19
16
11
12
16
15
12
12
11
12
10
5
7
7
5
6
6
5
4
3
2
2
1
1
0
0
-2
-4
-5
-5
-5
-4
-5
-7
-9
-12
-13
-15
-16
-15
-14
-15
-15
-15
-16
-17
-16
-14
-13
-12
-12
-9
-7
-9
-7
-6
-5
-6
-6
-6
-7
-9
-7
-8
-8
-7
-7
-6
-5
-7
-7
-3
-1
0
-1
2
5
6
4
3
7
11
11
9
13
15
19
18
19
21
20
22
20
22
21
21
24
21
22
22
17
17
16
14
14
10
10
6
7
9
5
4
3
-1
-1
0
0
-4
-5
-6
-7
-11
-12
-14
-16
-17
-18
-19
-19
-20
-21
-22
-20
-19
-18
-17
-18
-20
-20
-19
-18
-16
-17
-18
-18
-18
-15
-14
-12
-13
-12
-10
-7
-8
-8
-6
-1
1
-1
0
4
7
6
7
9
12
14
17
16
17
19
18
20
26
25
26
28
24
24
29
25
25
29
25
25
26
20
18
16
13
13
10
11
10
8
8
4
4
2
-1
-2
-4
-4
-4
-8
-6
-11
-11
-11
-14
-12
-12
-14
-17
-18
-17
-20
-20
-20
-22
-20
-16
-21
-26
-24
-18
-21
-23
-21
-17
-17
-17
-17
-17
-17
-13
-13
-12
-11
-9
-6
-4
-5
-3
-3
-3
-2
2
5
3
3
6
9
11
10
8
16
17
15
19
18
18
22
20
22
24
19
21
26
23
20
21
24
25
19
19
22
22
20
17
19
20
16
12
13
12
11
8
6
4
2
-1
-3
-5
-4
-5
-3
-5
-7
-8
-10
-13
-15
-18
-19
-18
-19
-21
-20
-21
-23
-24
-28
-28
-27
-28
-27
-29
-26
-25
-27
-28
-27
-28
-26
-21
-23
-24
-18
-12
-14
-15
-10
-4
-4
-3
0
5
9
11
9
8
10
14
16
20
20
22
22
24
25
26
26
26
25
26
26
28
27
27
26
26
25
23
24
23
24
23
22
20
18
17
15
16
15
16
16
12
7
4
1
-2
-4
-4
-9
-9
-8
-10
-10
-12
-17
-17
-20
-24
-23
-24
-25
-25
-28
-27
-26
-27
-28
-27
-26
-28
-30
-30
-26
-22
-23
-27
-27
-22
-20
-17
-16
-16
-15
-11
-10
-11
-9
-5
-3
-3
0
3
3
6
9
9
12
14
16
18
21
22
24
24
24
25
26
27
27
30
30
29
31
30
28
31
27
27
32
28
28
29
26
25
24
19
20
19
15
14
13
8
4
7
5
-1
-2
2
-3
-7
-8
-9
-12
-12
-16
-18
-19
-21
-22
-25
-26
-28
-29
-28
-29
-31
-30
-29
-31
-30
-31
-33
-29
-26
-29
-32
-31
-25
-20
-21
-24
-23
-19
-15
-15
-14
-13
-10
-10
-9
-7
-4
-3
1
6
6
6
10
15
18
18
19
24
27
27
28
31
32
28
31
35
39
36
31
31
35
37
34
34
34
34
31
28
28
27
26
23
21
19
17
14
11
10
10
8
6
3
1
-2
-4
-5
-8
-12
-15
-17
-19
-22
-25
-28
-29
-32
-31
-30
-31
-31
-32
-33
-33
-34
-35
-31
-31
-31
-30
-30
-31
-30
-30
-27
-23
-24
-26
-24
-19
-13
-12
-13
-11
-7
-3
-3
-4
0
5
6
6
8
7
9
12
16
20
21
20
20
23
22
24
24
26
26
28
30
29
29
28
27
28
29
27
25
22
20
20
21
20
18
16
13
13
12
12
10
7
5
4
1
1
-2
-5
-5
-8
-10
-11
-16
-16
-11
-16
-16
-17
-20
-18
-19
-23
-18
-15
-17
-19
-18
-18
-21
-22
-19
-19
-19
-16
-16
-15
-16
-15
-12
-12
-12
-11
-8
-6
-8
-8
-7
-2
2
3
3
2
1
2
5
10
12
11
9
12
15
16
16
17
21
21
19
17
19
24
26
26
24
24
21
20
18
17
16
16
15
15
14
12
11
11
11
12
11
10
7
5
5
4
4
2
-1
-2
-4
-5
-5
-6
-5
-6
-10
-9
-9
-13
-16
-15
-15
-18
-16
-14
-15
-18
-17
-17
-19
-20
-18
-20
-20
-21
-19
-18
-16
-16
-15
-14
-12
-11
-11
-8
-9
-9
-6
-8
-10
-6
-6
-5
2
0
0
6
6
8
11
8
9
9
11
12
14
14
14
14
15
16
16
18
16
15
15
15
16
16
16
16
16
16
14
11
10
12
15
12
9
8
10
9
5
5
4
6
5
-1
0
-2
-3
-4
-5
-7
-6
-8
-8
-6
-11
-9
-10
-11
-8
-12
-9
-13
-11
-9
-10
-7
-12
-11
-11
-9
-7
-9
-5
-9
-10
-5
-7
-10
-8
-9
-8
-6
-10
-7
-3
-6
-8
-5
0
2
-1
-3
-1
0
-2
-2
4
6
4
4
6
7
8
9
9
9
11
12
10
10
10
10
10
11
11
10
6
8
11
12
11
9
10
10
9
7
6
5
5
5
4
6
4
2
1
0
0
0
-1
-2
-5
-8
-9
-8
-8
-7
-9
-8
-8
-7
-8
-7
-7
-8
-7
-6
-7
-7
-7
-6
-7
-5
-7
-8
-8
-7
-6
-5
-4
-5
-5
-5
-6
-6
-6
-6
-5
-4
-3
-1
-1
-1
0
0
0
0
0
0
0
0
0
0
2
1
3
4
5
5
6
7
6
8
10
11
10
8
8
7
8
10
11
11
11
9
10
12
11
11
9
9
8
8
8
6
7
7
6
5
4
2
2
6
8
5
0
-1
1
1
0
-1
-2
-3
-7
-9
-8
-6
-5
-5
-6
-5
-6
-6
-4
-5
-6
-5
-5
-6
-6
-5
-6
-7
-6
-5
-2
-4
-6
-6
-3
-3
-5
-5
-2
1
1
-2
-1
0
-1
-1
0
1
1
2
2
2
1
1
1
1
1
3
5
5
6
6
6
6
6
6
6
7
8
6
5
6
6
4
3
0
-2
-1
1
2
2
3
2
2
2
2
1
1
1
1
2
1
-1
0
-1
-1
0
0
-1
1
-1
-3
-1
-3
-5
0
-3
-4
0
-2
-2
0
-4
-3
2
-1
0
1
1
1
0
-3
-5
-4
-4
-3
0
-1
-2
0
3
-1
4
1
-1
9
0
2
3
0
2
2
1
0
2
3
3
1
1
4
6
5
2
3
2
1
1
3
5
5
3
3
4
3
1
1
2
0
-3
-3
0
2
-1
-1
-1
1
3
0
2
0
-4
-3
-1
-2
0
-1
-2
0
-4
-4
-4
-2
-2
-6
-2
-3
1
1
-1
2
-3
-2
-3
-3
-2
-4
-3
-1
0
-2
-3
-4
-2
0
0
1
1
1
-1
-1
-2
-2
1
1
1
0
-1
0
1
3
4
3
2
3
3
1
-1
-4
-3
-1
0
0
-1
0
0
-4
-1
1
-4
-2
1
-1
-1
0
1
5
2
-1
1
-1
0
3
2
6
2
0
1
0
2
4
3
4
-1
-1
3
0
0
-1
-2
1
-2
-1
2
0
1
1
0
0
1
-2
0
0
-3
1
1
-2
-3
-2
-2
0
0
0
0
0
-1
-2
0
3
0
-3
-2
1
0
-1
-1
-1
-1
0
1
3
5
2
2
3
3
0
2
3
2
3
0
-2
1
-3
0
1
-1
-1
-2
0
0
1
1
3
1
1
1
-1
0
0
1
1
1
1
3
2
0
1
2
3
0
-1
-1
0
1
0
-1
-2
-3
-4
-5
-2
-1
-2
2
1
-2
0
-4
-5
-1
-4
-4
0
-3
-4
-2
-5
-5
-4
-4
-3
-1
-1
0
-1
-1
0
-2
-1
-3
-2
0
-1
-2
-2
-1
0
-1
0
-1
0
2
5
5
4
1
0
1
2
0
0
2
2
1
2
4
2
0
1
6
7
4
3
4
2
0
1
3
4
4
3
2
1
2
1
1
0
-2
-3
1
0
0
-1
0
1
1
-1
-1
-1
0
-1
0
-2
-3
-2
-2
-3
-3
1
0
-2
0
1
0
-1
0
1
1
-1
-2
-2
-1
1
-3
-2
0
2
0
-1
-1
-1
-1
-3
-3
-2
-1
1
2
3
2
1
2
-1
0
0
1
3
4
5
5
6
6
6
4
3
2
0
0
1
1
3
4
3
4
3
1
1
0
0
0
0
0
0
1
2
1
0
-1
1
-1
-2
-5
-5
-4
-4
-6
-4
-4
-2
-4
-4
-4
-2
-3
-4
-4
-2
-3
-1
0
1
1
1
1
1
1
1
1
2
1
0
-4
-4
-2
-2
-3
1
5
2
-3
1
3
3
1
-1
0
-1
4
5
1
1
4
1
-1
2
2
-1
2
6
5
3
5
4
3
4
6
6
5
4
4
4
4
1
3
3
1
2
0
1
-1
0
2
1
2
-1
0
-2
-1
1
2
1
-1
-1
0
-2
-6
-8
-5
-3
-4
-6
-3
-1
-1
-1
-3
-3
-3
-4
-5
-5
-6
-7
-5
-3
-2
-1
-3
-3
-5
-1
0
0
-3
-2
1
1
-1
0
2
5
4
2
-2
-1
3
4
4
5
4
5
4
5
4
5
4
3
1
0
-3
-2
-2
-1
0
2
3
5
7
5
6
7
7
6
5
4
3
3
3
2
3
0
-1
-2
-4
-4
-5
-4
-3
-5
-4
-4
-4
-4
-4
-3
-3
-2
-2
-1
-1
-2
-2
-1
1
2
1
3
-1
0
1
-2
0
-1
-3
2
0
0
4
-2
0
3
0
2
0
-1
-1
0
3
1
1
2
-1
3
2
1
3
2
4
4
5
4
2
4
6
4
3
4
8
6
2
2
3
3
3
-2
-3
-2
-6
-4
-6
-6
-5
-5
2
-1
0
1
-2
6
3
-1
-2
1
3
-5
-3
0
-1
-1
-2
0
1
-2
-4
-4
-4
-2
-6
-4
