-30
-21
-24
-20
-15
-17
-23
-7
-21
-23
-7
-10
-12
0
-9
-4
-1
-10
-5
5
-8
1
15
-8
12
10
-8
4
8
-1
-1
17
3
0
16
2
1
20
2
7
19
10
12
21
15
11
23
12
14
26
22
19
22
26
20
17
22
19
17
15
10
13
9
6
2
-2
-4
-10
-9
-6
-10
-13
-11
-16
-21
-16
-11
-28
-12
-9
-26
-6
-10
-18
-11
-15
-21
-11
-8
-17
-7
4
-16
-6
-6
-9
0
-7
-6
-3
7
-8
-3
5
-1
-6
4
1
5
12
5
10
7
23
0
4
30
1
1
19
18
-6
13
19
-10
14
17
-2
8
19
-2
-8
17
4
-7
13
6
-9
13
-4
-18
5
-5
-7
-1
-1
0
-7
-4
-16
-12
2
-17
-9
4
-15
-10
-10
-24
-4
-24
-14
-3
-20
-3
0
-22
-11
-3
-21
-14
-8
0
-21
-6
8
-21
-4
7
-14
-6
13
-6
3
14
-3
15
11
9
21
19
17
28
22
20
29
23
23
27
26
17
29
24
21
30
26
16
24
25
12
15
19
12
0
11
3
-8
-7
-2
-17
-21
-14
-25
-24
-24
-26
-31
-24
-34
-36
-24
-33
-30
-23
-31
-27
-19
-28
-28
-25
-4
-30
-20
3
-20
-8
-9
5
-2
-7
13
-10
-2
26
-3
13
29
13
3
31
22
-5
54
21
5
46
31
6
39
30
12
42
28
28
30
27
18
16
-11
28
-11
-18
24
-25
-13
0
-22
-24
-3
-22
-16
3
-8
-12
2
-28
-13
-19
-33
-2
-4
-27
-2
3
-26
-19
-8
-29
-15
-8
-36
8
-29
-33
-7
-24
-12
-3
2
-10
0
2
-17
7
0
-9
13
-3
12
3
9
13
3
14
13
22
11
20
17
13
16
11
14
20
19
16
33
29
27
19
14
13
17
20
14
31
23
15
13
16
5
4
9
-2
0
3
-6
-11
-15
-29
-26
-29
-33
-26
-19
-27
-36
-29
-36
-35
-38
-37
-8
-27
-23
9
-16
-17
5
-12
-21
15
12
-8
12
26
-2
0
25
1
13
27
6
21
34
10
7
15
19
-3
25
17
11
28
3
12
5
15
1
28
2
2
29
-24
14
-8
-10
27
-22
13
36
-42
18
2
-76
16
-21
-27
0
1
-49
-83
18
-111
-75
17
-85
-26
9
-67
-135
-5
-44
-197
39
14
-84
-18
-14
-49
-98
-21
-32
-17
60
5
34
10
5
61
-82
102
71
106
87
24
170
-34
28
149
25
126
262
56
54
168
172
-5
156
227
92
289
226
140
209
152
116
140
138
329
282
97
170
187
-2
-28
71
-57
31
9
-202
-83
-187
-382
-425
-450
-486
-396
-332
-487
-367
-394
-673
-563
-474
-450
-272
-265
-82
-76
-137
-6
-92
-16
136
92
242
574
415
142
448
230
44
347
202
450
512
228
130
231
173
-174
9
156
62
280
86
-113
158
-135
-395
-209
148
117
-35
3
112
-72
-216
-34
-215
210
248
-189
254
486
-257
-106
172
-292
71
441
0
96
467
-331
-463
122
-64
-475
80
372
-440
-202
96
-560
-411
-194
-328
-242
292
17
-723
-108
-312
-841
-462
52
84
-75
116
-115
-88
40
-421
-137
138
140
332
-16
109
144
-347
-494
-46
301
353
514
408
623
686
219
327
600
405
498
842
862
929
988
372
79
434
106
100
565
422
224
72
-246
-427
-561
-871
-959
-815
-756
-793
-742
-666
-1063
-1371
-1250
-1290
-982
-558
-559
-425
-250
-397
-517
-186
67
72
364
623
851
1063
914
874
985
985
982
1144
1382
1382
1215
957
838
841
635
417
380
431
245
-18
-86
-199
-380
-585
-630
-616
-662
-772
-1014
-928
-886
-1056
-852
-820
-864
-668
-834
-851
-283
-324
-584
-77
21
-76
67
50
248
162
336
398
56
505
501
75
-71
295
379
-187
-8
119
103
-25
-261
-61
-97
-152
-63
-244
-73
232
75
-309
-102
439
-12
25
385
344
441
102
66
403
297
145
157
93
348
198
-155
-137
135
397
331
679
1045
1225
522
-417
-203
239
524
718
941
988
653
-142
-905
-616
62
3
-41
122
297
115
-972
-1618
-1575
-1460
-1457
-1252
-571
-149
-613
-1805
-2286
-1796
-1578
-1268
-483
139
284
-273
-837
-647
-75
261
442
1070
1775
1810
1182
876
1197
1278
1221
1599
2304
2544
2126
1404
888
1010
1067
842
1067
1536
1258
333
-259
-372
-428
-502
-583
-436
-189
-495
-1303
-1683
-1375
-1456
-1747
-1439
-1140
-1251
-1492
-1721
-1769
-1368
-1046
-1251
-944
-253
-390
-640
-367
-168
-143
222
618
644
902
960
446
337
682
741
736
1035
942
555
448
191
-45
118
175
49
67
69
-114
-257
-318
-313
-128
-164
-162
140
81
-134
-113
-92
-52
136
245
264
312
174
-22
156
441
713
1290
1704
1445
444
-512
-278
710
1302
1305
1220
1133
509
-728
-1407
-601
452
366
-186
-186
150
-297
-1664
-2444
-1986
-1411
-1452
-1400
-712
-264
-1202
-2835
-3066
-1706
-629
-505
-376
111
63
-874
-1489
-781
524
1199
1099
1163
1855
2025
1080
575
1359
2154
2310
2400
2561
2628
2164
1111
683
1338
1902
1701
1335
1301
1154
340
-564
-619
-122
106
-209
-621
-710
-1083
-1887
-2166
-1796
-1358
-1187
-1583
-2060
-1937
-1936
-2303
-1981
-1219
-1004
-1114
-1215
-1207
-953
-873
-933
-489
204
457
303
255
403
446
283
469
1148
1410
1150
829
615
748
839
551
616
1119
935
307
202
194
151
110
-117
9
331
312
-109
-424
-197
21
96
154
340
432
-27
-280
-216
146
515
740
1576
2101
1590
-80
-1287
-176
1454
1948
1492
1202
1115
147
-1373
-1978
-348
1236
519
-567
-656
-225
-843
-2586
-3115
-1860
-833
-1396
-1896
-1268
-945
-2060
-3781
-3440
-1195
13
-383
-914
-586
-329
-1160
-1624
-303
1570
1929
1087
877
1633
1971
1197
888
2106
3337
3189
2372
2127
2377
2148
1515
1740
2818
3128
1951
593
544
1134
931
239
104
425
194
-794
-1481
-1236
-962
-1520
-2146
-1842
-1259
-1593
-2552
-2996
-2624
-2131
-2071
-2003
-1575
-1470
-1943
-2205
-1634
-717
-468
-752
-727
-156
318
192
182
636
1116
1230
999
1109
1278
1027
713
761
1355
1655
1248
616
402
583
479
359
448
671
527
-136
-427
-259
47
-120
-495
-355
41
395
112
-164
-118
-207
-124
99
1390
2587
2124
353
-1634
-1186
909
2342
2263
1362
997
194
-969
-1701
-728
1438
1502
-38
-1205
-898
-336
-1516
-2907
-2808
-1318
-800
-1628
-1919
-1721
-1794
-3125
-3872
-2161
-72
301
-1099
-2033
-1458
-779
-746
-493
881
1884
1326
356
440
1724
2359
1762
1670
2743
3741
3407
2264
1856
2441
2773
2472
2529
2983
2892
1765
504
587
1447
1481
620
-26
29
1
-757
-1677
-1690
-1252
-1495
-2081
-2361
-2228
-2343
-3028
-3331
-2775
-1985
-1879
-2324
-2562
-2443
-2163
-1908
-1331
-517
-246
-604
-973
-655
196
737
746
663
989
1460
1579
1425
1196
1249
1319
1316
1492
1543
1375
845
378
314
659
993
718
468
72
-254
-277
-276
201
384
35
-563
-820
-491
-103
101
73
1101
2005
1342
-249
-1583
-501
1750
2444
1637
1080
1054
330
-1093
-2023
-274
2200
1613
-418
-1399
-774
-281
-1781
-3260
-2190
-393
-791
-2099
-2409
-1706
-1608
-3509
-4242
-1846
469
255
-1607
-2627
-1688
-773
-1249
-874
1114
2179
1340
-156
-184
1650
2488
1646
1790
3276
4265
3643
1919
1509
2780
3271
2904
3211
3721
3460
1955
251
731
2279
2150
924
100
132
356
-578
-1839
-1609
-1005
-1543
-2458
-2928
-2573
-2361
-3377
-3981
-3106
-2111
-2162
-3006
-3510
-2968
-2339
-2376
-2029
-1175
-709
-837
-1216
-890
63
495
480
845
1486
1811
1503
941
1076
1645
1909
1986
2062
1996
1655
1084
663
970
1233
1166
1098
752
525
152
-225
-152
148
187
-81
-19
71
938
1724
1088
-36
-1272
-820
1349
2602
1809
496
94
-63
-351
-1108
-628
1530
1661
-487
-2012
-1476
-185
-633
-2683
-3203
-1355
-734
-2051
-2827
-2193
-1298
-2274
-3997
-3034
-251
436
-1292
-2647
-1910
-217
-299
-1169
-24
1803
1750
203
-451
1157
2996
2316
938
1719
3355
3726
2547
1691
2847
3887
2908
1858
2345
3281
2995
1395
711
1922
2412
989
-310
-226
605
386
-1057
-1393
-576
-784
-2238
-3304
-2834
-1742
-2059
-3390
-3504
-2635
-2379
-3017
-3516
-2738
-1641
-1815
-2405
-2063
-1252
-958
-1371
-1410
-247
789
580
11
114
886
1491
1383
1276
1643
1858
1676
1382
1392
1731
1756
1391
1119
1207
1362
1214
895
673
658
722
754
601
464
122
81
1491
2726
2292
320
-1692
-1042
1503
2489
1778
1345
976
-81
-1948
-3005
-547
2595
1747
-1377
-2776
-1639
-517
-2030
-4112
-2934
-721
-1490
-3561
-3659
-1632
-870
-3597
-5601
-2903
1008
1167
-1656
-3146
-1453
292
-532
-945
1446
3611
2366
-587
-804
2420
4503
2919
1136
2194
4159
3829
1732
1459
3532
4330
2590
1265
2271
3545
2233
-375
-496
1596
2096
55
-1556
-761
389
-770
-2722
-2270
-380
-492
-2752
-4013
-2649
-1157
-2072
-3564
-2898
-1060
-932
-2612
-3269
-1677
-174
-706
-1593
-847
564
433
-1194
-1561
226
1677
1232
175
261
1096
940
-198
-180
1236
1779
914
-66
207
1226
897
-264
-350
559
1080
611
-21
160
654
169
-283
302
1688
3269
3085
1436
-236
-885
659
2995
3624
2771
1957
1070
-64
-1389
-1677
919
3281
1769
-1305
-2441
-1237
-382
-2169
-4206
-2918
-765
-1569
-3520
-3660
-1956
-1593
-4394
-5885
-2790
896
656
-2367
-3655
-1605
124
-880
-1089
1644
3765
2265
-965
-1106
2539
4607
2886
1457
3094
5055
3862
987
892
3903
4988
2591
961
2338
3838
1938
-1360
-1220
1762
2454
-402
-2486
-1369
73
-1425
-3967
-3284
-620
-482
-3083
-4617
-3073
-1442
-2557
-4117
-2899
-353
-210
-2394
-3462
-1685
404
207
-588
32
1204
1114
-153
-167
1578
2547
1545
514
1173
2409
2184
406
-320
920
1848
1146
-33
-137
280
134
-848
-1083
266
759
-262
-1295
-1253
-399
228
-393
-480
1886
3299
2315
-9
-1942
-468
2604
3092
2216
2706
2864
1314
-1728
-3737
-588
3944
3338
-268
-1968
-1094
-359
-2376
-4625
-2531
685
-582
-3828
-4221
-1541
-77
-3124
-6184
-3653
966
1550
-1207
-2715
-1057
322
-1457
-2204
1625
5473
4254
-241
-2025
1313
4491
3305
1614
3152
5402
4475
1203
431
3327
4686
2093
74
1788
4288
2985
-1214
-2643
-301
972
-815
-2231
-907
288
-2087
-5598
-5115
-1481
-172
-2541
-4528
-3406
-1833
-2991
-4772
-3445
-285
559
-1303
-2408
-1061
271
-520
-1316
408
3026
3228
1011
-347
781
2168
1975
1458
2147
3147
2298
-77
-1144
171
1587
1323
273
-296
-42
-79
-1150
-1575
-745
-193
-165
-283
-529
-246
-390
-1529
-557
2277
3643
2922
296
-1321
589
2317
1668
1933
3390
3554
1442
-2512
-3391
751
3067
881
-1247
-910
445
-505
-4220
-5341
-2229
-878
-2707
-3430
-1471
549
-1581
-6254
-6387
-1494
1817
1077
-356
240
1337
-611
-3362
-1216
4136
6423
3951
825
1246
3369
2698
725
1941
5198
6117
3535
987
1847
3250
1470
-887
171
3296
3712
286
-2582
-1950
-1055
-2696
-4034
-2145
676
-217
-4332
-6191
-4112
-2241
-3133
-4007
-2279
-305
-1574
-4545
-4640
-1629
363
-338
-890
658
2068
977
-966
-410
2157
3260
2308
1809
2785
3238
1634
-162
617
2910
3370
1776
329
156
301
-379
-934
-343
446
-68
-1453
-1788
-1177
-929
-1121
-1214
-876
-353
-499
-884
582
2527
2417
1014
-539
-356
1904
2886
2007
2011
2662
1993
-32
-2174
-1844
955
1528
-577
-1317
-208
207
-1779
-4679
-4742
-2271
-1823
-3424
-3106
-916
-317
-2938
-5808
-4421
-364
1091
-108
-180
1493
1972
-58
-1532
798
4530
5149
3334
2803
4184
4583
2618
1245
2962
5533
5457
3386
2693
3724
3360
677
-1089
228
2294
1720
-790
-1660
-740
-1410
-4269
-5866
-4220
-1924
-2190
-3992
-4266
-3388
-4014
-5810
-5655
-2866
-769
-1655
-3312
-2927
-1346
-915
-1416
-739
1298
2319
1467
902
1881
2910
2546
1708
2220
3743
3997
2625
1661
1955
2267
1674
914
1094
1597
886
-459
-770
-220
-157
-1032
-1693
-1160
-500
-821
-1303
-993
-428
-616
-1506
-1123
1292
3117
2470
170
-1234
27
2036
2153
1364
1547
2236
1777
-607
-2716
-1685
426
-45
-2079
-2463
-414
1119
-1153
-5161
-6076
-4205
-3036
-3050
-2258
-52
751
-2379
-6052
-5301
-1266
1464
1417
1080
2389
3267
1445
-586
518
3539
5072
4415
4111
5596
6322
4213
1605
1440
3279
4666
4478
4211
4729
3991
1201
-1262
-1457
2
939
409
-179
-339
-1697
-4128
-5540
-5175
-4049
-3650
-3854
-3263
-2605
-3636
-5536
-6190
-5132
-3670
-2979
-2453
-1308
-690
-1523
-2485
-2046
-441
819
1112
1531
2523
3020
2584
2016
2103
2563
2499
2186
2692
3582
3461
2237
1080
823
965
776
743
1309
1547
663
-524
-752
-259
-207
-647
-531
352
803
147
-524
15
1126
1527
961
71
-182
410
1169
1441
913
-73
-569
-535
-874
-1501
-1561
-1077
-981
-1963
-3022
-2498
-998
-739
-2227
-3965
-4545
-3910
-2893
-1653
-228
165
-1212
-2896
-2944
-1315
322
933
1307
2152
2623
2167
1771
2278
2951
2740
2241
3002
4801
5521
4238
2457
1778
1945
1940
1834
2422
3289
2960
1344
35
-52
305
-23
-858
-1093
-718
-776
-1397
-1823
-1907
-2282
-3294
-4072
-3559
-2370
-1837
-2035
-2221
-2172
-2381
-3011
-3200
-2445
-1638
-1395
-1116
-410
30
-627
-1822
-1971
-825
222
590
1020
1753
1850
643
-751
-613
896
2103
2248
1983
1878
1643
1022
681
1225
1991
2024
1535
1468
2004
2239
1587
733
581
960
1101
862
775
977
790
-141
-969
-725
259
793
376
-366
-787
-1033
-1402
-1575
-1197
-699
-805
-1475
-1897
-1590
-1032
-978
-1439
-1734
-1424
-763
-244
-32
-41
-360
-1147
-1995
-1918
-575
1028
1517
706
-277
-517
-254
6
429
1180
1643
1137
181
181
1411
2421
2015
790
173
537
1075
1287
1499
1746
1371
254
-638
-384
601
1055
541
-151
-315
-86
68
-45
-341
-776
-1265
-1432
-947
-119
317
-109
-1144
-1982
-1966
-1197
-330
-53
-506
-1181
-1524
-1342
-835
-404
-327
-563
-835
-851
-517
-50
268
279
-20
-340
-241
374
1034
1101
569
148
370
946
1282
1255
1120
965
702
564
978
1702
1826
1009
94
75
756
1072
630
83
-89
-194
-520
-644
-177
292
-140
-1197
-1625
-920
-84
-207
-939
-1098
-415
162
-53
-614
-808
-706
-755
-749
-84
989
1359
503
-676
-982
-428
47
105
339
1003
1370
817
-92
-438
-367
-713
-1337
-1106
241
1305
806
-600
-1336
-1038
-608
-500
-189
508
812
323
-111
350
1132
1025
37
-552
30
1083
1552
1314
941
667
286
-178
-332
10
465
532
240
65
248
437
130
-641
-1293
-1308
-754
-137
112
-75
-517
-1012
-1393
-1485
-1228
-785
-441
-360
-391
-271
-20
30
-295
-628
-451
246
837
809
496
531
846
821
354
184
741
1332
1242
865
1000
1372
1040
171
-179
302
759
651
529
676
414
-642
-1563
-1313
-313
207
-178
-836
-1128
-1072
-1029
-1226
-1646
-2013
-1931
-1299
-380
574
1384
1554
534
-1188
-1993
-897
1064
2041
1637
1007
917
855
285
-321
-342
-110
-213
-216
767
2295
2605
848
-1630
-2954
-2855
-2278
-1529
-182
1295
1497
83
-1431
-1591
-909
-839
-1414
-1233
352
2188
2822
2215
1318
564
-234
-833
-396
1234
2846
3111
2142
1127
659
259
-398
-720
-163
752
1143
991
850
744
104
-1122
-2087
-2087
-1363
-577
-75
79
-190
-868
-1631
-2035
-1936
-1501
-971
-531
-218
82
389
507
225
-333
-708
-665
-335
216
1010
1803
1997
1299
229
-419
-454
-227
134
737
1391
1583
1085
278
-368
-759
-960
-939
-700
-355
-44
117
-13
-538
-1272
-1749
-1763
-1486
-1088
-641
-261
126
861
2040
2861
2025
-211
-1747
-1098
933
2417
2693
2576
2278
964
-1252
-2743
-2391
-1095
-469
-623
-375
426
542
-676
-2497
-3860
-4400
-4113
-2655
-182
1834
1960
511
-876
-1064
-388
223
580
1052
1787
2717
3643
4279
4254
3243
1607
465
655
1925
3154
3415
2766
1755
685
-222
-655
-636
-672
-1191
-1830
-1769
-1038
-567
-995
-2078
-3141
-3726
-3640
-2799
-1591
-861
-1027
-1556
-1658
-1239
-816
-683
-570
-143
563
1277
1692
1621
1180
740
577
636
779
1042
1345
1337
847
262
64
137
22
-306
-443
-263
-25
121
212
141
-341
-997
-1176
-766
-371
-486
-731
-477
79
319
100
203
1423
3216
4336
3768
1930
438
139
657
1027
1033
1265
1529
927
-809
-2663
-3566
-3783
-3851
-3634
-2815
-1961
-2196
-3288
-4244
-4892
-5676
-6251
-5190
-2336
228
761
37
31
1056
1768
1618
1585
2497
3718
4484
5167
6235
7145
6813
5339
4149
4054
4405
4207
3492
2996
2804
2251
1164
324
205
100
-867
-2433
-3468
-3609
-3611
-3935
-4186
-3954
-3545
-3395
-3270
-2855
-2465
-2572
-2847
-2499
-1416
-206
634
1149
1461
1340
767
86
-365
-393
-11
709
1455
1701
1309
527
-377
-1320
-2109
-2389
-2114
-1506
-912
-493
-286
-477
-816
-856
-627
-496
-717
-867
-352
733
1807
2488
3308
4632
5979
6442
5203
3338
2403
2564
3150
3187
2954
3139
2971
1455
-1080
-3195
-4071
-4295
-4571
-4748
-4334
-3983
-4500
-5310
-5984
-6586
-7348
-8024
-7369
-5342
-3352
-2021
-861
520
1758
2154
1718
1529
2111
3017
4134
5278
6217
6967
7230
7146
7031
6467
5193
3655
2444
1953
2024
1918
1647
1571
1244
491
-678
-2158
-3427
-4573
-5456
-5300
-4172
-2821
-1878
-1556
-1555
-1546
-1543
-1412
-804
-21
637
1365
2064
2668
2962
2696
2242
1583
643
-26
-120
175
261
-208
-700
-874
-1166
-2037
-3323
-4413
-4945
-5009
-4675
-3937
-3202
-2854
-2732
-2623
-2364
-2124
-2089
-1586
-525
524
1864
3565
5517
7260
7271
6068
5172
4632
4342
3878
3379
3771
4250
3295
1426
-120
-1018
-1558
-2601
-3793
-3669
-3121
-3527
-4370
-5304
-5933
-6281
-6899
-6525
-4537
-2730
-1918
-1362
-469
941
1853
1611
1872
3208
4197
4454
4325
4493
5469
6039
5729
5686
5698
4993
3652
2068
1222
1191
634
-461
-1139
-1418
-1530
-1855
-2715
-3613
-4578
-5774
-6272
-5728
-4579
-3238
-2231
-1506
-770
-233
151
632
1048
1425
2012
2695
3373
3838
3947
3956
3658
2862
2000
1464
1235
888
242
-355
-618
-796
-1297
-1875
-2361
-2883
-3434
-4031
-4181
-3805
-3489
-3428
-3466
-3156
-2565
-1849
-1367
-952
582
2508
4229
5008
4114
3583
3380
2824
2329
1733
2136
2999
2617
840
-1128
-2160
-2789
-3173
-3469
-3306
-2322
-2329
-3100
-3631
-4298
-4826
-5615
-6134
-5129
-3140
-1305
182
1726
3023
3925
4185
3922
4376
5014
5125
5351
5717
6412
7168
7047
6535
6361
5946
4863
3401
1732
375
-597
-1742
-2196
-1705
-1531
-1819
-2695
-4012
-4884
-5832
-6867
-7185
-7073
-6595
-5459
-3880
-2170
-686
-107
-238
-215
-180
232
1262
2059
2651
2994
2991
3158
3178
2797
2402
1924
1163
420
-93
-451
-497
-763
-1249
-1223
-1152
-858
-698
-1345
-2105
-2709
-2554
-1820
-1200
-1097
-1138
-713
-339
1396
3790
5873
7145
5371
3609
2923
2361
2349
1465
1363
2123
1509
-628
-2909
-3717
-3835
-4389
-5742
-6515
-5487
-4778
-4903
-5085
-5340
-5275
-5818
-6744
-6346
-4867
-3332
-1784
287
2653
4462
4872
4568
5321
6438
6558
6095
5970
6852
7879
7644
6924
7074
7601
7293
5820
3783
2031
632
-979
-2135
-2190
-2100
-2213
-2504
-2836
-2701
-2980
-3983
-4845
-5411
-5587
-5447
-4896
-3590
-1795
-198
479
511
468
574
1059
1273
1041
910
771
712
717
694
921
1003
432
-591
-1506
-2082
-2491
-2806
-3001
-2900
-2650
-2451
-2032
-1326
-785
-674
-701
-734
-428
-301
-571
-322
20
1602
4174
6416
8520
8223
6906
5846
4089
2988
1612
901
1540
1455
234
-1671
-2810
-3109
-3489
-4696
-6416
-6819
-6485
-6054
-5492
-5455
-5427
-5488
-5838
-5658
-4696
-3399
-1946
-149
1524
2931
4073
4650
5432
6129
5909
5495
5364
5653
6288
6613
6645
6824
6608
5308
3595
2209
1208
547
-484
-1675
-2095
-2439
-2884
-3015
-3145
-2970
-2792
-3069
-3206
-3241
-3350
-3199
-2685
-2005
-1207
-241
670
1629
2318
2447
2656
2633
2055
1336
607
271
315
255
51
-147
-576
-1227
-1755
-2325
-2850
-3350
-3953
-4237
-4196
-3784
-2976
-1946
-1098
-703
-556
-654
-425
-153
-12
208
174
1430
3515
5613
7328
7085
6928
6692
5224
3536
1403
607
791
-200
-1970
-3416
-3576
-3419
-3816
-4658
-5141
-4725
-4977
-5590
-5615
-5509
-5276
-5400
-5363
-4116
-2414
-1132
57
1586
3095
4167
4759
5424
6517
6831
5806
4785
4805
5622
6191
5945
5779
6107
5800
4205
2245
1052
408
-612
-2260
-3544
-3616
-3416
-3488
-3396
-3077
-2624
-2820
-3614
-3901
-3465
-2682
-2141
-1878
-1562
-1046
-182
691
1619
2559
3100
3334
3039
2410
1924
1505
1092
613
117
-469
-1040
-1364
-1480
-1168
-1077
-1704
-2450
-3449
-4283
-4417
-4286
-3520
-2411
-1637
-900
-257
324
865
1290
1116
615
1198
2356
4124
5583
5360
5744
6194
5571
4522
2558
1343
926
-615
-2852
-4344
-4678
-4912
-5428
-6060
-5829
-4318
-3790
-4165
-4163
-4463
-4860
-5385
-5913
-5033
-3110
-1538
101
2083
3577
4855
5864
6404
7171
7218
6047
5054
4624
4465
4720
5054
5257
5547
4972
3624
3000
2636
1810
448
-1598
-3230
-4051
-4777
-4889
-4038
-2969
-2221
-1914
-1774
-1409
-1050
-1222
-1472
-1458
-1616
-1642
-1216
-338
938
1954
2463
2759
2754
2365
1831
1277
659
-138
-1031
-1852
-2298
-2157
-1875
-1557
-1504
-1999
-2532
-3077
-3418
-3304
-2912
-2513
-2295
-2104
-1722
-686
418
1249
1838
1999
2981
4233
5321
5981
5182
4804
4546
3675
2895
1703
1390
1263
-124
-1911
-3061
-3111
-3670
-4940
-6022
-6124
-5016
-5054
-5530
-5064
-4626
-4283
-4756
-4833
-3162
-1243
-161
149
893
2117
3138
3929
4541
5628
6232
5707
5285
5324
5633
5517
4696
4141
3974
3432
2343
1474
1379
1352
599
-705
-1696
-1959
-2360
-3098
-3470
-3315
-2804
-2645
-2726
-2232
-1299
-276
326
533
808
1066
1333
1471
1522
1694
1756
1528
976
571
662
1002
1068
389
-475
-1100
-1597
-1943
-2431
-2729
-2692
-2788
-2948
-3187
-3340
-3248
-3117
-2978
-2689
-2063
-1358
-450
376
700
1182
1369
1940
3454
4331
4883
4693
4068
4649
4916
4457
3688
2542
1616
52
-2220
-4079
-4645
-4629
-5448
-6202
-6269
-5336
-3803
-3321
-3138
-2849
-3444
-4604
-5508
-5361
-3930
-1988
-446
1168
3118
4476
5718
6968
7482
7315
6097
4513
3877
3697
3404
3406
3890
4371
4374
3640
2750
2538
2004
449
-1283
-2663
-3300
-3522
-3899
-3916
-3501
-3324
-3367
-3050
-2088
-855
-183
-276
-426
-239
182
757
1375
1818
1881
1619
1453
1666
1957
2036
1851
1417
848
163
-403
-680
-900
-1305
-1925
-2385
-2517
-2342
-2094
-2144
-2238
-2424
-2626
-2582
-2553
-2319
-1861
-1343
-755
-149
551
1379
2756
4113
4797
4869
4118
3751
3862
3262
2307
1230
523
72
-1136
-2656
-3496
-3528
-3985
-5170
-6053
-6131
-5203
-4430
-4117
-3272
-2666
-2760
-3152
-3209
-2322
-1343
-975
-733
295
2072
3862
5698
7220
8058
7963
6729
5529
4832
4114
3384
2647
2199
2056
1943
2195
2905
3453
2918
1295
-425
-1591
-2304
-3136
-4011
-4391
-4350
-3981
-3414
-2546
-1367
-567
-262
-216
-204
13
144
165
130
-24
-99
6
402
814
987
972
749
571
346
67
-79
-382
-785
-1197
-1454
-1307
-1137
-1080
-1091
-1099
-994
-1014
-1074
-1034
-916
-693
-494
-203
296
866
1589
2539
3475
4008
3922
3500
3296
3317
3000
2222
1330
472
-555
-2004
-3471
-4285
-4659
-5397
-6474
-6954
-6263
-4879
-3897
-3555
-3226
-2862
-2784
-2900
-2713
-1944
-1112
-721
-428
356
1632
3010
4371
5714
6755
7106
6779
6349
5976
5234
3998
2652
1692
1083
540
294
672
1468
1973
1797
1262
757
243
-557
-1601
-2567
-3235
-3549
-3536
-3107
-2245
-1162
-102
702
1190
1459
1554
1448
1036
347
-386
-934
-1222
-1312
-1201
-905
-572
-379
-367
-369
-346
-497
-907
-1370
-1570
-1445
-1254
-1163
-1094
-951
-718
-439
-152
87
156
106
155
459
940
1510
2332
3374
4194
4264
3667
3144
3051
2921
2217
1111
188
-521
-1519
-2894
-4020
-4477
-4745
-5441
-6330
-6610
-6007
-5085
-4411
-3949
-3470
-2994
-2609
-2142
-1405
-584
52
517
1041
1687
2360
3121
4104
5139
5783
5852
5621
5394
5164
4722
4010
3114
2072
992
121
-336
-453
-454
-428
-297
-36
220
343
270
-48
-570
-1104
-1413
-1481
-1505
-1544
-1434
-1026
-415
186
703
1077
1145
826
328
10
-66
-192
-626
-1275
-1840
-2150
-2189
-1989
-1644
-1327
-1186
-1162
-998
-572
-60
263
260
29
-270
-473
-410
-19
539
970
1190
1492
2232
3359
4395
4940
5020
4858
4465
3670
2528
1421
560
-340
-1642
-3182
-4382
-4966
-5247
-5623
-6004
-6031
-5673
-5219
-4868
-4606
-4392
-4313
-4293
-4006
-3297
-2376
-1502
-622
451
1657
2796
3848
4857
5577
5621
5079
4564
4431
4355
3930
3282
2801
2448
1917
1278
954
975
800
144
-540
-691
-431
-301
-443
-534
-415
-319
-376
-293
165
769
1094
1051
952
1048
1257
1348
1203
862
430
23
-302
-564
-851
-1224
-1635
-2002
-2254
-2358
-2353
-2331
-2440
-2753
-3144
-3329
-3104
-2534
-1868
-1298
-845
-398
96
615
1104
1514
1862
2258
2818
3529
4265
4863
5311
5593
5602
5266
4651
3892
2911
1503
-282
-2018
-3306
-4220
-5096
-5997
-6594
-6621
-6219
-5668
-5105
-4571
-4170
-4009
-3968
-3814
-3501
-3140
-2741
-2153
-1301
-264
921
2280
3676
4758
5301
5462
5496
5371
4918
4195
3456
2783
2057
1286
706
418
223
-30
-180
-42
223
308
212
190
279
185
-237
-748
-1034
-1078
-1050
-908
-471
227
943
1493
1946
2387
2714
2774
2512
1980
1242
410
-333
-912
-1439
-2033
-2560
-2766
-2681
-2562
-2533
-2413
-2051
-1722
-1795
-2181
-2436
-2310
-2010
-1788
-1522
-915
64
1157
2194
3190
4127
4860
5193
5172
4919
4489
3879
3059
2110
1127
183
-698
-1591
-2540
-3497
-4290
-4745
-4831
-4633
-4323
-4052
-3882
-3802
-3731
-3603
-3413
-3185
-2956
-2707
-2318
-1617
-614
452
1311
1917
2460
3068
3676
4183
4552
4714
4521
3898
3038
2270
1732
1309
872
447
152
30
50
191
406
572
578
453
320
265
250
185
40
-196
-500
-767
-859
-689
-329
88
551
1130
1806
2361
2565
2401
1963
1283
321
-812
-1814
-2476
-2880
-3196
-3387
-3226
-2642
-1902
-1338
-1057
-957
-929
-981
-1147
-1343
-1425
-1271
-879
-305
427
1325
2402
3424
4148
4481
4538
4421
3942
2961
1614
279
-819
-1799
-2736
-3460
-3706
-3472
-3019
-2523
-1985
-1401
-921
-779
-1024
-1488
-1940
-2218
-2333
-2389
-2432
-2339
-1953
-1272
-465
278
945
1561
2067
2395
2578
2679
2638
2330
1822
1412
1293
1314
1196
879
596
536
649
797
922
1025
1064
962
755
586
543
545
416
53
-411
-693
-590
-168
299
607
785
980
1200
1282
1120
793
459
152
-230
-723
-1185
-1433
-1470
-1433
-1408
-1326
-1100
-856
-810
-993
-1227
-1323
-1331
-1403
-1526
-1535
-1326
-954
-525
-30
577
1216
1736
2052
2235
2352
2379
2219
1828
1305
744
201
-332
-875
-1359
-1700
-1841
-1806
-1680
-1522
-1354
-1187
-1049
-983
-983
-996
-991
-978
-997
-1037
-1063
-1065
-1057
-1058
-1005
-821
-512
-129
269
670
1096
1516
1855
2049
2106
2066
1961
1806
1611
1440
1325
1251
1186
1111
1035
945
827
674
503
346
232
186
199
237
258
289
395
557
668
642
511
376
259
98
-134
-374
-581
-810
-1115
-1424
-1573
-1494
-1305
-1166
-1109
-1016
-812
-557
-402
-418
-558
-740
-928
-1116
-1246
-1215
-989
-649
-273
121
618
1179
1670
1949
1992
1913
1714
1356
778
63
-612
-1145
-1519
-1750
-1808
-1647
-1285
-808
-303
177
568
780
766
584
348
142
-59
-324
-643
-911
-1003
-892
-677
-486
-391
-391
-448
-538
-621
-654
-624
-556
-493
-379
-137
245
672
995
1202
1375
1569
1746
1804
1737
1615
1495
1389
1285
1203
1154
1146
1174
1262
1437
1648
1800
1796
1603
1278
886
466
-6
-570
-1182
-1734
-2134
-2353
-2416
-2322
-2058
-1678
-1294
-1006
-803
-622
-468
-420
-538
-769
-978
-1080
-1078
-1000
-814
-498
-109
228
420
497
519
488
325
24
-310
-558
-686
-747
-758
-703
-597
-525
-558
-657
-726
-711
-628
-477
-217
178
635
1068
1468
1876
2263
2511
2533
2366
2087
1695
1148
510
-55
-441
-701
-936
-1143
-1225
-1161
-1036
-924
-847
-797
-819
-941
-1087
-1131
-1011
-769
-471
-140
215
563
896
1230
1541
1752
1811
1791
1823
1935
2040
2057
2012
1948
1826
1582
1236
889
580
254
-145
-598
-1032
-1417
-1780
-2101
-2308
-2352
-2255
-2103
-1930
-1714
-1436
-1097
-744
-408
-119
59
69
-87
-295
-444
-513
-526
-496
-385
-198
-19
107
207
316
341
149
-224
-604
-875
-1092
-1336
-1511
-1479
-1244
-960
-689
-310
215
707
969
1035
1118
1279
1376
1338
1307
1436
1675
1868
2011
2213
2463
2581
2450
2125
1675
1070
271
-595
-1315
-1811
-2137
-2330
-2328
-2124
-1834
-1568
-1322
-1062
-859
-826
-941
-1026
-931
-657
-285
159
681
1244
1777
2254
2675
2984
3048
2800
2337
1845
1431
1068
701
321
-16
-274
-466
-604
-719
-865
-1085
-1371
-1614
-1730
-1740
-1732
-1780
-1835
-1792
-1601
-1297
-969
-683
-461
-276
-82
155
414
595
608
451
203
-26
-183
-291
-385
-491
-595
-664
-662
-606
-565
-627
-805
-1030
-1211
-1295
-1258
-1088
-784
-398
8
420
851
1287
1662
1916
2060
2135
2150
2097
2003
1920
1867
1805
1709
1610
1524
1384
1129
778
415
74
-297
-723
-1170
-1589
-1959
-2230
-2297
-2103
-1738
-1378
-1113
-893
-645
-388
-186
-52
45
122
199
331
602
1013
1445
1772
1967
2079
2134
2103
1949
1663
1258
765
226
-278
-684
-978
-1178
-1317
-1389
-1377
-1293
-1156
-1022
-947
-947
-1001
-1049
-1034
-946
-808
-665
-546
-437
-297
-110
76
210
255
226
164
92
16
-81
-213
-392
-612
-821
-969
-1033
-1027
-959
-845
-712
-587
-497
-465
-478
-509
-506
-409
-198
105
485
918
1375
1820
2214
2519
2698
2700
2507
2156
1729
1318
968
679
433
215
33
-95
-174
-223
-278
-372
-528
-731
-954
-1153
-1307
-1417
-1468
-1437
-1297
-1038
-678
-253
180
551
805
938
981
962
902
812
709
622
577
606
710
849
956
968
871
685
432
135
-207
-567
-914
-1212
-1415
-1501
-1464
-1340
-1179
-999
-799
-585
-386
-245
-197
-236
-335
-434
-464
-395
-245
-71
59
126
140
116
68
-10
-141
-336
-583
-840
-1035
-1117
-1085
-960
-777
-564
-347
-145
34
189
325
440
531
599
648
696
777
916
1119
1357
1575
1729
1786
1753
1649
1485
1271
999
667
307
-40
-314
-492
-586
-627
-641
-635
-616
-586
-553
-529
-525
-555
-601
-638
-650
-631
-583
-500
-364
-166
79
355
625
842
969
991
924
791
610
389
153
-67
-240
-336
-347
-278
-164
-63
-12
-14
-43
-94
-185
-340
-558
-779
-940
-993
-912
-720
-465
-212
-2
172
332
476
552
507
335
96
-136
-300
-362
-327
-240
-175
-176
-230
-280
-304
-333
-400
-496
-598
-685
-730
-698
-566
-366
-173
-15
134
309
507
693
858
1013
1140
1202
1198
1158
1097
1008
892
791
737
693
596
415
174
-89
-348
-584
-778
-915
-1017
-1088
-1085
-973
-767
-545
-386
-307
-291
-302
-303
-256
-149
-12
101
173
231
312
415
525
624
686
708
679
632
602
590
563
470
296
84
-118
-260
-317
-299
-237
-188
-179
-197
-200
-161
-97
-49
-59
-133
-237
-330
-364
-322
-219
-89
22
110
179
229
255
235
145
-12
-206
-397
-539
-602
-596
-541
-458
-360
-260
-182
-153
-192
-289
-420
-552
-642
-658
-586
-441
-242
-11
244
505
747
948
1095
1177
1183
1113
992
860
728
599
464
326
201
92
-5
-93
-163
-217
-285
-369
-452
-504
-525
-529
-522
-497
-454
-411
-387
-368
-341
-303
-270
-245
-214
-165
-102
-45
12
76
160
243
307
359
405
438
450
444
446
461
464
421
336
245
164
99
65
65
85
89
61
37
46
83
105
84
20
-83
-204
-314
-368
-359
-326
-305
-297
-269
-200
-101
-4
65
74
10
-107
-226
-294
-307
-302
-307
-325
-330
-306
-255
-197
-157
-150
-187
-250
-304
-313
-265
-170
-54
83
234
378
497
575
603
581
518
438
366
312
262
216
190
202
238
258
234
170
78
-21
-92
-111
-86
-55
-59
-99
-140
-148
-128
-107
-112
-160
-247
-347
-406
-396
-322
-228
-171
-153
-155
-142
-88
3
106
178
188
148
102
85
110
161
206
224
205
164
138
150
188
206
188
139
89
68
75
114
159
182
164
111
48
-11
-70
-127
-180
-217
-226
-211
-177
-133
-86
-57
-54
-65
-93
-135
-193
-251
-279
-273
-239
-187
-139
-105
-96
-110
-131
-138
-126
-99
-72
-44
-17
24
82
148
210
240
229
188
147
142
177
237
292
312
308
296
289
294
283
243
159
44
-68
-146
-172
-162
-144
-137
-154
-175
-189
-191
-189
-205
-248
-314
-385
-430
-430
-386
-307
-217
-124
-31
58
135
193
226
232
227
217
210
214
224
239
254
271
293
313
320
305
264
220
186
166
157
146
127
100
62
20
-21
-53
-86
-127
-176
-234
-280
-309
-316
-294
-256
-213
-186
-178
-179
-184
-186
-184
-194
-212
-225
-225
-194
-144
-83
-24
19
46
57
67
71
71
61
45
40
48
68
97
116
123
126
130
147
168
182
189
182
172
159
146
137
129
115
95
70
43
23
8
-3
-13
-25
-39
-53
-68
-85
-108
-140
-185
-231
-268
-278
-265
-234
-182
-121
-52
15
76
120
144
139
113
79
44
15
-5
-12
-1
25
58
102
147
187
220
235
234
222
193
156
115
78
51
29
8
-15
-34
-43
-55
-76
-110
-155
-203
-248
-273
-282
-273
-253
-231
-202
-166
-128
-96
-77
-68
-68
-65
-53
-28
8
44
80
109
139
167
188
197
192
178
159
146
143
146
148
137
119
98
80
61
34
0
-39
-82
-116
-142
-144
-137
-123
-96
-64
-26
14
48
66
62
42
10
-20
-46
-61
-66
-61
-47
-22
5
28
38
33
17
-9
-34
-53
-65
-74
-79
-83
-84
-87
-91
-96
-93
-76
-41
16
92
179
263
337
384
410
401
359
293
211
127
57
3
-26
-33
-30
-16
-4
-4
-27
-77
-155
-252
-355
-452
-527
-571
-582
-553
-495
-416
-327
-245
-173
-116
-73
-37
-3
40
94
165
247
331
413
475
508
507
477
422
347
269
198
144
107
84
69
61
47
23
-14
-62
-115
-169
-216
-246
-253
-236
-202
-159
-113
-68
-29
-2
10
10
0
-11
-15
-7
12
41
79
117
156
182
192
180
145
90
18
-66
-146
-212
-257
-275
-265
-229
-169
-99
-29
28
66
85
82
68
48
33
31
46
77
117
162
200
228
242
239
224
194
154
109
60
8
-46
-101
-162
-226
-296
-367
-424
-470
-497
-498
-473
-417
-343
-257
-163
-66
24
98
160
205
238
257
265
269
271
273
272
267
262
261
253
246
232
216
200
180
155
124
91
60
28
0
-30
-56
-83
-114
-145
-171
-190
-200
-201
-190
-165
-128
-84
-46
-12
13
20
15
4
-12
-26
-34
-31
-20
-3
16
29
33
24
4
-26
-61
-94
-117
-129
-128
-112
-87
-57
-25
1
21
34
42
49
57
64
73
89
105
117
132
139
144
139
127
114
93
66
33
-4
-44
-86
-126
-160
-176
-181
-176
-161
-140
-115
-89
-70
-58
-52
-47
-43
-40
-34
-22
-5
17
40
61
78
92
96
96
94
92
93
93
94
99
106
111
115
114
108
99
84
64
35
5
-21
-42
-61
-73
-75
-69
-59
-43
-28
-15
-7
-7
-10
-18
-26
-34
-42
-47
-47
-44
-37
-31
-23
-16
-10
-7
-10
-10
-15
-26
-36
-48
-59
-64
-70
-65
-51
-33
-14
7
28
45
55
60
58
51
39
27
19
20
24
27
32
38
43
42
33
17
1
-16
-29
-38
-43
-41
-41
-38
-33
-27
-19
-16
-12
-11
-8
-7
-7
-6
-1
1
1
1
3
7
8
12
17
24
31
37
40
40
38
39
33
29
22
17
13
10
12
11
5
0
-4
-6
-5
-5
-2
0
-4
-5
-5
-4
-4
-5
-5
-8
-9
-10
-10
-9
-10
-11
-17
-22
-27
-34
-35
-37
-36
-34
-32
-28
-21
-16
-10
-2
5
9
13
14
16
18
18
20
25
28
30
29
26
27
22
20
14
10
7
2
-3
-5
-8
-9
-14
-16
-20
-26
-30
-34
-36
-37
-36
-29
-22
-15
-8
1
8
16
19
20
19
16
14
12
10
5
3
4
4
9
14
20
27
30
29
29
27
25
20
14
10
6
2
-3
-5
-4
-4
-4
-4
-4
-3
-4
-3
0
1
7
9
9
11
7
4
2
-2
-8
-14
-21
-29
-37
-42
-43
-43
-41
-38
-33
-30
-22
-15
-9
-1
2
3
1
0
1
5
7
12
17
22
26
33
41
45
47
46
43
41
35
29
22
14
5
-7
-16
-23
-29
-34
-39
-39
-41
-41
-40
-40
-37
-32
-27
-17
-9
-3
6
11
13
14
12
10
5
1
-2
-3
1
7
16
23
29
35
39
40
37
32
25
15
7
0
-2
-1
-1
2
3
9
13
14
13
9
4
0
-4
-8
-11
-15
-16
-13
-10
-7
-4
-2
-2
-7
-12
-18
-22
-26
-31
-35
-36
-31
-25
-19
-13
-7
1
7
9
10
11
10
9
7
9
10
13
19
23
27
31
32
34
33
28
23
18
12
0
-13
-24
-33
-39
-42
-42
-38
-31
-25
-20
-15
-10
-8
-5
-4
-7
-14
-18
-22
-23
-20
-13
-6
1
11
17
24
27
28
25
20
18
18
19
21
24
29
33
38
38
36
31
23
14
3
-6
-9
-8
-5
3
10
16
17
12
5
-3
-12
-21
-28
-33
-35
-30
-22
-14
-9
-5
-4
-4
-5
-10
-14
-18
-21
-23
-24
-20
-15
-8
-2
2
4
7
11
13
18
19
22
22
20
21
21
19
15
7
2
-2
-5
-8
-8
-11
-14
-13
-13
-14
-15
-19
-21
-23
-24
-24
-24
-19
-13
-6
0
9
17
24
26
23
18
8
-2
-10
-17
-22
-23
-19
-12
-3
8
19
28
30
29
