18
12
14
7
8
8
5
15
12
10
11
2
4
-5
-13
-7
-8
-7
-7
-5
-6
-11
-4
-17
-17
-7
-20
-11
-12
-9
-11
-23
-14
-17
-16
-13
-3
-6
-11
-3
-7
-18
-2
-7
-19
8
-8
2
2
3
2
-2
11
-2
13
16
10
14
14
7
2
14
5
6
14
10
2
14
11
-4
10
-2
-1
4
3
1
3
0
-4
-1
-8
-7
-2
-2
-1
3
0
-5
-5
-5
1
5
6
8
6
10
14
10
12
19
18
13
19
20
17
13
7
2
2
0
-1
0
-3
-9
-19
-20
-26
-21
-23
-25
-22
-23
-24
-32
-25
-25
-33
-26
-23
-17
-11
-10
-9
-8
-6
-6
-3
7
9
12
15
20
20
11
16
18
12
23
28
25
30
29
20
19
26
20
21
27
24
26
18
18
15
-1
4
6
1
16
7
3
3
-8
-3
-20
-8
-13
-20
-3
-17
1
-16
-20
-12
-39
-11
-30
-18
-10
-30
-14
-27
-28
-26
-20
-26
-21
-6
-19
-18
3
-27
-14
-9
-16
6
-7
10
0
7
14
-8
10
8
5
16
5
35
12
15
25
3
18
14
20
17
27
21
11
13
10
2
5
5
13
20
14
18
6
13
4
10
20
11
12
12
15
13
10
17
9
10
8
3
13
6
-1
-8
-15
-15
-15
-23
-22
-25
-34
-45
-43
-35
-40
-39
-42
-38
-39
-41
-38
-34
-30
-28
-23
-13
-4
-3
-1
-1
6
12
13
24
31
33
34
35
42
36
32
39
41
41
44
45
42
33
31
29
23
23
29
22
21
21
8
7
3
-10
-15
-1
-18
-12
0
-19
-33
-13
-66
-69
-39
-38
-93
-85
17
-153
-53
-67
-192
-62
-105
-98
-60
-55
-112
-87
-116
-139
-64
-100
-169
61
-17
-85
69
-81
-14
6
-51
-38
214
42
3
284
10
16
269
-30
73
332
110
104
268
219
4
141
214
47
204
224
145
229
119
84
4
102
145
92
135
176
111
97
189
131
229
199
87
185
325
167
237
231
212
165
32
53
114
57
-23
-120
-162
-68
-245
-379
-512
-466
-690
-813
-633
-661
-551
-566
-850
-737
-682
-833
-654
-582
-461
-365
-330
-269
-69
29
-101
5
151
304
389
495
669
589
541
572
622
805
762
809
744
751
846
588
689
726
590
519
369
606
465
357
231
52
85
-25
-86
-160
-183
-280
-483
-574
-497
-602
-716
-553
-750
-696
-514
-772
-575
-712
-525
-559
-536
-460
-346
-47
-744
-1
50
-521
114
-95
-381
114
-2
-217
34
104
106
-292
180
31
-7
249
-117
179
167
352
301
108
240
306
198
26
495
343
241
372
119
259
249
324
-59
131
482
50
268
349
165
299
102
-99
304
430
168
112
651
437
265
480
-160
168
396
209
339
463
635
323
-26
-312
31
126
-268
16
-95
-88
-157
-649
-798
-865
-1043
-1185
-1066
-785
-609
-832
-1170
-1343
-1194
-1120
-1114
-723
-326
-184
-360
-311
-178
-97
-63
56
308
597
985
794
769
797
654
604
765
1139
1263
1274
1149
1160
1012
771
742
646
838
1041
877
816
815
554
163
-72
49
87
24
-38
-186
-344
-530
-711
-881
-763
-865
-1031
-1007
-965
-708
-923
-1124
-896
-898
-927
-581
-638
-636
-277
-465
-612
-240
-139
-216
6
-127
33
285
59
-156
269
110
-208
288
142
133
214
78
-111
25
143
89
174
161
340
373
125
180
236
82
335
355
380
454
459
347
220
319
358
485
375
386
501
412
325
436
273
282
722
727
801
347
-116
229
318
148
429
545
532
345
-183
-492
-166
121
-285
-340
-224
-110
-279
-938
-1285
-1163
-1343
-1462
-1326
-841
-500
-938
-1588
-1821
-1280
-1147
-1046
-531
-334
4
-340
-729
-278
-2
213
238
513
1183
1214
907
561
623
936
969
1268
1411
1735
1663
963
814
927
1242
1137
999
1221
1220
919
431
414
513
399
373
248
211
169
-317
-763
-814
-615
-661
-867
-854
-945
-1063
-1422
-1579
-1299
-1197
-1086
-1149
-1103
-931
-1044
-1125
-1044
-779
-366
-489
-352
29
-368
-256
-71
-129
288
425
584
545
394
519
302
366
401
677
673
335
558
325
46
234
255
216
487
368
143
173
86
116
54
10
156
181
240
130
86
163
-94
32
256
441
479
427
76
376
681
600
694
-65
-3
491
652
517
541
657
370
-88
-402
-203
463
496
-191
-428
-386
-140
-379
-1041
-1040
-854
-1102
-1389
-1145
-608
-672
-1264
-1913
-1718
-826
-613
-769
-723
-374
-415
-636
-564
-57
478
363
285
451
860
1223
792
326
807
1197
1377
1346
1292
1385
1172
778
926
1428
1535
1541
909
730
1052
853
636
575
675
546
332
6
-147
-95
-513
-818
-810
-591
-469
-968
-1460
-1560
-1562
-1540
-1493
-1527
-1391
-1356
-1574
-1650
-1388
-1040
-1030
-1017
-896
-594
-376
-297
-269
-272
40
160
222
368
650
889
493
477
728
942
855
715
918
833
1023
841
594
763
646
492
489
553
575
463
115
137
296
275
107
-105
-26
44
118
21
3
13
-128
-231
-291
-22
169
733
862
434
28
-740
-491
347
1049
765
410
462
74
-325
-885
-432
801
670
-120
-533
-438
-85
-668
-1614
-1390
-558
-540
-1190
-1388
-1061
-814
-1384
-2333
-1541
-247
-158
-701
-1243
-691
-180
-607
-698
100
977
808
179
87
800
1454
954
524
1037
1567
1708
1187
916
1469
1669
1340
1156
1625
1933
1432
819
473
1069
1406
1010
804
662
739
398
-197
-161
113
-20
-547
-944
-856
-809
-1137
-1692
-1755
-1305
-1355
-1762
-2054
-1867
-1559
-1599
-1698
-1632
-1238
-1108
-1378
-1267
-837
-351
-227
-407
-243
176
292
116
194
482
900
905
681
582
757
847
571
662
853
1229
1053
483
425
629
572
564
447
259
705
405
-76
128
298
175
-25
-8
20
326
194
-260
-209
-33
110
88
912
1158
858
-205
-1526
-357
1172
1600
870
277
189
46
-479
-1173
-76
1499
939
-644
-1208
-530
105
-749
-1977
-1474
-216
-236
-1339
-1895
-1367
-695
-1608
-2359
-979
274
101
-1365
-2163
-937
293
10
-499
403
1214
801
-201
-383
1071
2079
1446
681
1066
1866
1738
562
419
1824
2627
1909
1224
1086
1295
1162
451
650
1608
1938
981
-211
-216
461
466
-106
-223
116
-127
-988
-1540
-1268
-725
-963
-1859
-1999
-1334
-1177
-1837
-2414
-2112
-1535
-1385
-1530
-1552
-1153
-1029
-1380
-1403
-636
148
56
-407
-320
298
606
363
338
793
1082
1103
810
685
1135
1152
701
562
1052
1409
1138
498
176
396
550
686
519
446
454
-85
-242
-54
143
296
68
-82
-3
-128
81
-375
321
1628
1004
301
-1368
-1013
896
1696
1073
216
474
146
-579
-1558
-919
1521
1677
-397
-1835
-1245
174
-91
-1781
-2143
-564
-192
-1817
-2587
-1506
-132
-823
-2951
-2554
-73
920
-532
-2149
-1337
626
731
-698
-305
1612
1803
429
-700
731
2996
2558
508
339
2121
2987
1914
527
1317
2789
2395
1074
986
2038
2072
702
-517
691
2400
1677
-44
-780
-144
345
-561
-1296
-656
24
-736
-1983
-1925
-1098
-1023
-2433
-3363
-2306
-1019
-1073
-2183
-2586
-1888
-1567
-2079
-2189
-1084
-134
-483
-1284
-1263
-178
494
144
-92
497
1188
957
363
414
1189
1677
1245
938
1292
1677
1379
499
509
1230
1718
1152
371
610
593
584
115
-199
548
867
406
-160
-399
-211
-41
-194
-107
257
1676
1439
422
-695
-1922
-138
1727
1967
1143
370
-68
-484
-1159
-1710
78
1992
819
-1516
-2497
-1457
-226
-1178
-2688
-2136
-789
-1332
-3122
-3377
-1460
8
-1637
-3304
-1920
71
55
-1815
-2292
63
1780
478
-1087
207
2156
2057
370
225
2822
4214
2516
529
1248
3156
3481
2047
1614
3433
3914
2085
592
1243
2930
2819
1076
296
1353
1865
525
-923
-704
492
151
-1575
-1936
-1130
-923
-2052
-3261
-2498
-1179
-1655
-3472
-4104
-2936
-1927
-2289
-2965
-2380
-1545
-1956
-2955
-2638
-823
222
-494
-1277
-596
672
677
-144
143
1627
2428
1499
586
1204
2295
2139
982
806
1934
2503
1531
324
613
1554
1498
470
82
953
1203
246
-808
-428
727
635
-183
-715
59
408
-403
-810
-187
2183
2324
744
-1030
-1566
575
1787
1462
999
1357
1055
-697
-2272
-2002
939
2807
564
-2010
-2344
-1232
-871
-2320
-2874
-1504
-697
-2678
-4514
-3319
-1088
-954
-3678
-4393
-1591
475
-716
-2991
-2618
-151
765
-805
-832
1957
3191
1337
-811
494
4109
5159
2825
1232
2655
4066
3384
2151
2989
5244
4823
2137
1141
2424
3876
2897
803
934
2466
2185
199
-948
-438
310
-687
-2302
-1951
-957
-1809
-3592
-4359
-3059
-1683
-2683
-4375
-4377
-3461
-3241
-3694
-3605
-2106
-1303
-2455
-3455
-2555
-686
75
-614
-886
236
1267
847
257
821
2033
2569
1893
1735
2541
2884
2061
969
1274
2527
2957
1944
925
980
1193
832
277
545
1263
904
-415
-1146
-607
303
147
-529
-732
-90
289
-753
265
1197
1173
431
-1709
-540
1993
2334
735
-173
319
586
-151
-1546
-308
2374
1163
-1850
-2758
-1027
831
-709
-3531
-3360
-1068
-1384
-3552
-3653
-1670
-203
-2844
-5550
-3602
-20
736
-1733
-3180
-1582
186
-911
-1807
687
3080
2405
-410
-1173
1929
4439
3477
1862
2750
4024
3586
1954
1937
4708
5727
3567
2026
2309
3688
3394
1186
959
2638
2990
1220
-414
-633
44
-615
-2397
-1916
-482
-788
-2822
-4636
-4209
-2759
-2761
-3715
-3424
-2579
-2837
-4044
-4517
-3181
-1703
-1824
-2477
-1855
-636
-441
-1212
-1319
45
1501
1616
1277
1451
1620
1371
884
1362
2747
3334
2474
1180
795
1099
1346
1491
1509
1859
1529
395
-262
-198
389
600
289
-28
217
178
-331
-220
-764
712
2519
1907
1124
-1115
-1555
528
1656
1438
1811
2335
1117
-1299
-3564
-2535
1947
2878
-221
-2160
-2044
-995
-2067
-4233
-3246
-200
-650
-4070
-4739
-2208
53
-2087
-5812
-4154
58
1100
-1166
-2469
-675
766
-1231
-2822
880
5029
4163
97
-1700
1270
4245
3229
1690
3404
4941
3219
403
692
4415
5850
2927
746
2001
3942
3055
173
-107
2081
2419
409
-659
563
1211
-963
-3650
-2994
-214
15
-2260
-3756
-3003
-2145
-3420
-4703
-3392
-1235
-1396
-3287
-3902
-2350
-1172
-2128
-3006
-1719
309
406
-919
-1298
-148
770
229
-21
1427
2838
2338
619
-98
960
2155
1945
1378
1485
1658
996
-32
3
953
1690
1134
286
337
611
430
-150
-15
518
1158
688
988
3087
3074
1959
-666
-1470
1652
3728
2940
1885
1964
1588
-336
-2938
-2662
1950
3856
130
-3147
-3210
-1234
-1455
-4439
-4797
-2008
-1454
-4813
-6380
-3663
-528
-1730
-6530
-6381
-1864
424
-965
-2794
-1272
923
-586
-2967
-399
4330
5086
1782
-610
1493
4767
4111
1877
2780
4948
4643
2284
1628
4215
5818
3079
33
970
4037
4512
1705
-314
403
856
-869
-1899
52
2140
617
-3352
-4688
-2416
-845
-1892
-3156
-2115
-871
-2245
-4497
-4211
-1612
-794
-2311
-2973
-1246
586
-350
-2375
-2186
-247
475
-246
-204
1249
2014
402
-1254
-470
1347
1872
824
236
1143
1244
-256
-1083
-152
1366
1337
81
-311
309
409
-796
-1157
118
1369
1067
76
126
576
558
-560
1043
4359
5260
3341
-448
-451
2169
3014
2082
2636
4879
4307
104
-3878
-2715
1924
2189
-1121
-1609
512
1000
-3196
-7249
-5302
-1598
-2183
-5481
-4837
-850
-422
-5357
-8987
-5483
-371
-226
-2672
-1731
1443
1167
-3233
-4408
991
5693
4451
877
1174
4431
4849
1599
691
4059
6148
4208
1639
2741
5652
4795
551
-987
1659
4043
3079
598
27
615
-929
-3432
-3042
-62
1355
-802
-3741
-3918
-2365
-2457
-3661
-3256
-1296
-84
-1347
-2775
-2163
-1176
-1336
-2009
-1102
1271
2409
1112
-650
-850
-210
250
453
1079
2152
2011
512
-645
-617
-134
-67
-328
-77
712
410
-940
-2113
-2334
-1548
-929
-576
61
453
-112
-1242
-1781
-893
516
1372
1553
1343
1725
868
1673
3847
4632
4933
1953
834
2778
3731
3545
2980
3448
3706
1564
-1872
-2415
425
991
-1297
-2403
-1492
84
-1806
-5686
-5915
-4180
-4211
-5561
-4847
-1961
-456
-3141
-6414
-5190
-2448
-1608
-1762
-512
1776
2115
-476
-1627
880
3321
3246
2356
3199
4881
4897
3232
2621
3821
3790
2101
1415
2877
4762
4273
1923
370
39
-540
-1021
-159
1288
1470
-831
-3312
-3746
-2950
-2289
-2269
-1765
-1464
-2144
-3091
-3425
-2312
-1364
-1454
-1373
-783
87
262
-330
-591
-297
234
886
1700
2277
2124
1310
280
-16
504
989
1432
1370
608
-38
-589
-978
-994
-1088
-906
-569
-941
-1547
-1837
-1617
-1416
-1578
-1725
-1293
-433
-526
-922
-524
167
1082
931
564
726
1571
3339
4205
4972
4031
1942
1009
1056
2266
4057
4867
4183
2426
183
-1512
-1125
-395
-909
-1000
-1048
-929
-536
-1710
-3312
-4792
-6647
-7054
-5018
-1708
581
144
-2488
-4765
-5423
-4692
-2418
765
2556
2625
1173
-199
562
1664
2072
2446
2468
2807
3579
4219
4488
4337
2807
839
295
508
1749
3269
3589
2989
1232
-970
-1941
-1680
-1323
-867
-328
-179
-332
-1296
-2511
-2582
-2770
-3412
-3268
-2161
-389
462
-324
-1360
-1477
-1623
-1886
-954
633
1989
1802
342
144
998
1293
907
437
528
1060
837
651
1098
1056
356
-892
-1612
-1137
-670
-733
-681
-664
-693
-1178
-1876
-1870
-1578
-1263
-944
-314
490
632
131
-595
-782
-564
-123
805
1703
1949
1395
465
294
1117
1763
2354
2586
2165
1438
336
105
1265
2277
2306
1297
227
-201
-308
-481
-600
-211
155
-33
-273
-374
-208
-489
-1916
-3278
-3348
-2038
-351
506
445
-222
-1405
-2597
-2836
-1628
335
1368
841
-10
-259
222
699
663
537
430
150
-157
59
989
1791
1464
157
-890
-949
-312
290
559
757
578
-91
-647
-657
40
464
153
-324
-415
125
636
801
828
599
112
-526
-791
-110
911
1644
1511
679
47
-404
-273
353
985
1572
1345
260
-978
-1384
-801
57
332
-264
-582
-665
-931
-1208
-1538
-1319
-875
-1118
-1311
-919
-357
-216
-1016
-1869
-1743
-1122
-670
-330
114
294
-410
-1544
-1634
-391
907
1120
493
233
200
-141
-318
351
1579
1924
959
60
417
1386
1608
1134
1089
1650
2128
1986
1630
1558
1222
402
137
1060
2515
2998
1980
617
-17
-58
-68
228
844
1121
713
-317
-908
-529
-492
-1258
-2257
-2880
-2481
-1572
-1025
-719
-966
-2116
-3325
-3832
-3241
-1875
-1037
-1300
-1777
-1901
-1646
-894
-353
-276
-399
-1002
-1329
-660
445
1414
1627
891
82
-188
-66
563
1427
1841
1779
1286
889
1343
2056
2318
2143
1654
1328
1367
1458
1797
2368
2406
1856
1081
624
958
1377
1309
1081
891
707
511
81
-84
146
-190
-1040
-1783
-1859
-1144
-791
-1015
-1140
-1232
-1780
-2579
-2866
-2270
-1385
-1292
-1892
-2094
-1949
-1927
-1867
-1846
-1540
-1055
-1203
-1282
-780
-237
144
-228
-849
-811
-274
405
967
1399
1451
957
279
146
1092
2203
2549
2168
1550
1371
1548
2047
2941
3566
3242
1889
650
702
1787
2709
2648
1984
1162
389
-173
-298
388
914
185
-1145
-1966
-1430
-312
-402
-1471
-2730
-3860
-4380
-4118
-2709
-705
-48
-1447
-3434
-4112
-3280
-2086
-1534
-1467
-1101
-893
-1050
-658
264
961
443
-1138
-1687
-349
1496
2555
2608
2005
1200
358
-38
883
2366
2819
2318
1791
1928
2608
2811
2500
2341
1996
1245
858
1309
2325
2891
2083
678
-144
-435
-394
-91
205
321
-22
-777
-1195
-1038
-897
-1074
-1514
-2031
-2281
-2246
-2130
-1807
-1425
-1404
-1754
-2194
-2440
-2251
-1842
-1583
-1423
-1308
-1166
-888
-617
-641
-957
-1231
-1250
-889
-291
279
866
1114
712
30
-262
282
1102
1553
1713
1839
2062
1949
1546
1516
1806
2257
2655
3029
3605
3696
2975
1794
959
1146
1668
2008
1914
1386
802
-89
-867
-1059
-968
-937
-1483
-2050
-1964
-1525
-1354
-2176
-3489
-4523
-5002
-4533
-3361
-1825
-642
-751
-1870
-2976
-3206
-2479
-1326
-395
87
255
43
27
613
1342
1790
1383
515
237
641
1507
2436
3049
3068
2266
1068
347
766
1785
2449
2569
2221
1915
1738
1461
1410
1377
1089
747
609
980
1518
1508
895
106
-662
-1251
-1313
-849
-156
35
-685
-1412
-1534
-1292
-1019
-1171
-1668
-2237
-2922
-3257
-2640
-1521
-849
-1090
-2154
-3043
-3043
-2632
-1812
-723
-90
-47
-696
-1395
-1097
-229
425
637
553
551
704
880
1093
1457
1621
1388
1220
1358
1947
2575
2636
2479
2456
2969
3724
3619
2752
1603
975
1284
1810
2360
2532
1894
488
-1044
-1676
-1489
-1081
-1212
-1649
-1554
-1487
-1577
-1862
-2453
-2940
-3849
-4761
-4551
-3281
-1629
-648
-577
-916
-1187
-1300
-1400
-1026
-486
-256
-86
99
977
2273
2666
2115
1041
74
-240
-31
654
1524
1926
1316
311
-26
315
941
1088
628
357
235
190
479
1020
1598
1753
1262
628
520
762
959
1101
1049
997
900
654
753
1041
1157
900
238
-276
-527
-691
-830
-1047
-1338
-1672
-1900
-1886
-1598
-1547
-2022
-2566
-2955
-2818
-2330
-2036
-1646
-1311
-1199
-1058
-1040
-1139
-1243
-1384
-1182
-317
539
954
962
801
962
1157
1284
1243
1527
2468
3500
4646
4720
3817
2657
1454
1283
1563
1987
2094
1548
868
64
-223
-506
-1140
-1916
-2994
-3227
-2648
-1818
-1038
-1361
-2443
-3757
-4698
-4507
-3396
-1700
-308
388
473
360
837
1334
1506
1351
926
1077
1536
2222
3263
3968
3999
3009
1694
974
917
1074
747
245
-229
-557
-635
-652
-379
-291
-846
-1889
-2854
-3104
-2750
-2237
-1848
-1428
-908
-455
-145
79
279
386
198
-130
-108
449
1363
2253
2738
2723
2221
1319
623
417
472
408
-51
-536
-658
-588
-494
-537
-938
-1617
-2390
-2750
-2434
-1761
-1267
-1142
-1159
-1201
-1244
-1151
-1038
-822
-795
-873
-718
-193
717
1430
2587
3457
4375
4395
3315
2555
1956
2202
1981
1540
1319
1559
1914
1598
900
-209
-1556
-2988
-3930
-3563
-2439
-1699
-1827
-2729
-3341
-4049
-4651
-4958
-4572
-3228
-2014
-934
135
1345
2381
2340
1550
1040
1264
2157
2959
3803
4631
5079
4891
4262
4105
4131
3710
2500
1013
258
142
99
104
8
63
-239
-1086
-2063
-3013
-3783
-4659
-5133
-4802
-3521
-1916
-866
-462
-492
-789
-1083
-1413
-1339
-676
190
1007
1528
1965
2320
2472
2256
1963
1550
1005
348
-180
-284
-95
21
-86
-362
-731
-1018
-1371
-1723
-2278
-2706
-2627
-1853
-643
118
183
-277
-710
-945
-669
-280
682
2135
3353
4781
5009
4885
4152
3022
2097
1109
726
528
771
715
363
-381
-1601
-2674
-3553
-3956
-3798
-3592
-3388
-3686
-4341
-5181
-5707
-5384
-4751
-3574
-2634
-1646
-379
635
1561
2026
2182
2530
2940
3500
4097
4669
4972
4942
4951
5067
5735
5988
5548
4548
3125
1812
640
-81
-197
112
127
-270
-873
-1593
-2286
-3014
-3740
-4106
-4405
-4515
-4024
-2820
-1242
-241
-155
-452
-284
263
662
708
496
403
378
434
873
1528
1920
1440
446
-554
-1035
-1189
-1521
-1729
-1948
-1963
-1968
-2058
-2080
-2078
-2245
-2577
-2801
-2555
-1940
-1275
-838
-422
19
736
1340
2266
3955
5207
6371
5663
4535
3841
3498
3825
3550
3213
2764
2367
1585
505
-630
-1866
-3118
-4028
-4392
-3792
-3168
-3197
-3857
-4843
-5779
-6658
-6996
-6804
-5500
-3926
-2359
-637
832
1975
2453
2400
2625
3122
3519
3672
3754
4290
4920
5622
6007
6338
6489
5778
4358
2569
903
-118
-712
-977
-792
-725
-748
-1082
-1639
-2377
-3256
-4279
-5081
-5316
-4946
-3894
-2585
-1327
-290
618
1434
2203
2595
2522
2172
1819
1603
1686
1903
2132
2234
1970
1600
1208
746
1
-892
-1716
-2238
-2524
-3012
-3491
-3621
-3480
-2958
-2509
-2403
-2223
-2449
-2860
-3075
-3124
-2580
-1509
-533
935
3145
5011
6922
6921
5896
4801
3364
2595
1603
1220
1361
1786
1644
744
-279
-1365
-2457
-3687
-4864
-4945
-4104
-3192
-2931
-3651
-4769
-5716
-5860
-5524
-4127
-2523
-1008
626
1654
2860
3853
4453
5159
5433
5496
5299
4995
5135
5380
5822
5711
5623
5488
4881
3997
2070
177
-1191
-1990
-2299
-2550
-2916
-3105
-3226
-3570
-3876
-4215
-4541
-4704
-4993
-5093
-4693
-3993
-2879
-1672
-262
1147
2455
3328
3651
3595
2952
2176
1459
1119
1199
1234
1210
1148
1223
1183
684
19
-828
-1284
-1925
-2706
-3076
-3186
-2441
-1824
-1410
-995
-853
-618
-779
-841
-951
-823
-531
-337
1659
3670
6174
7407
6484
5945
4444
3482
2157
839
359
-118
-830
-2479
-3698
-4168
-4425
-4431
-5223
-5580
-5314
-5337
-5269
-5819
-6182
-6632
-6384
-5797
-4337
-2186
-861
876
2067
3322
4769
5474
6275
6834
6932
6740
6408
6501
6606
6913
6758
6566
6629
5754
4737
3160
1562
503
-706
-1748
-2575
-3158
-3448
-3595
-3746
-4031
-4001
-3954
-3755
-3501
-3696
-3631
-3328
-2663
-1605
-414
757
1845
2399
2365
2299
2107
1892
1364
225
-795
-1446
-1646
-1401
-1238
-1132
-1169
-1106
-1140
-1297
-1894
-3043
-3924
-4447
-4146
-3213
-1954
-671
399
1003
1292
1438
1763
1702
2441
3365
4401
6067
6095
6949
7037
6557
5599
3521
2096
730
-512
-2375
-3861
-4545
-4958
-5257
-5964
-6164
-5438
-4880
-4594
-5009
-5356
-6095
-6875
-7120
-6635
-4397
-2349
-143
2024
3746
5409
6124
6514
6728
6401
5511
4366
4066
4315
4682
4915
4949
5495
5541
4797
3427
2030
700
-811
-2428
-3958
-4372
-4378
-3991
-3304
-2603
-1669
-998
-781
-937
-1287
-1589
-1476
-735
159
1151
2061
2861
3792
4180
4044
3502
2724
1833
646
-667
-1770
-2317
-2348
-2331
-2272
-2403
-2633
-2716
-3064
-3305
-3751
-4284
-4791
-4962
-4493
-3594
-2459
-1587
-850
24
1109
1945
4044
5397
6746
6976
5384
5367
4841
4758
3797
2413
1876
1665
874
-1048
-2554
-3784
-4846
-6261
-7465
-7135
-5908
-5160
-5596
-5935
-5454
-5275
-4870
-5329
-4640
-2710
-1589
287
2022
4286
6618
7368
7560
7506
7262
6594
5661
5136
4787
4631
4155
4051
4355
4237
3410
2310
1685
704
-224
-1980
-3138
-3322
-3847
-3934
-4112
-3741
-2935
-2494
-2118
-1488
-560
125
400
548
737
1355
1748
1993
2154
2065
1851
1282
744
189
-145
-542
-1120
-1590
-2224
-2629
-2906
-3189
-2950
-2830
-2523
-2297
-2361
-2088
-1884
-1698
-1711
-1877
-1830
-1583
-598
270
2126
4710
6146
8021
7469
7167
7034
5570
4208
1737
307
-556
-1125
-2391
-3454
-3840
-4393
-5263
-6537
-6901
-6226
-5500
-5868
-6760
-6744
-6348
-5867
-5317
-5049
-3217
-1353
129
2010
3488
5250
6420
6837
7114
7250
6953
6104
5183
4461
3934
3739
3570
3546
3360
2682
1828
1296
906
242
-553
-1718
-2423
-2786
-3024
-2850
-2475
-1950
-1449
-858
-233
639
1349
1670
1906
2013
2161
2265
2283
2289
2246
2021
1423
801
169
-452
-1009
-1747
-2388
-2870
-3331
-3782
-4110
-4259
-4059
-3549
-3275
-3127
-3161
-3208
-2883
-2639
-2056
-1677
-1022
-69
823
3251
4893
6579
7131
6292
6457
5652
4871
3542
2400
1793
1025
-654
-2646
-3393
-3814
-4270
-5620
-6541
-6049
-5011
-4466
-5111
-5220
-5049
-5279
-5520
-6183
-5170
-3285
-1947
-306
1486
3852
6139
7252
7545
7737
7420
6258
4676
3154
2157
1815
1570
1693
2220
2573
2731
2812
2796
2122
951
-981
-2656
-3271
-3720
-3295
-2591
-1646
-267
711
1505
2049
2425
2390
2142
1653
1161
1070
1008
1203
1402
1570
1659
1465
976
61
-1086
-2369
-3546
-4264
-4614
-4591
-4198
-3737
-2862
-2131
-1635
-1464
-1550
-1620
-1994
-2281
-2516
-2361
-1469
-644
1129
3711
5833
7869
7906
7610
7205
6028
4321
2128
687
-592
-1616
-3421
-4291
-3904
-3603
-3775
-4635
-4800
-4399
-4259
-5057
-5727
-5264
-5128
-5399
-5794
-5611
-3631
-2071
-960
506
2216
4081
5085
5604
6149
6944
6608
5203
3819
2703
2158
1723
1188
1135
1281
1043
850
853
870
762
197
-557
-792
-750
-666
-506
-451
-388
-113
405
1164
2198
2970
3285
3513
3357
3194
3141
2688
2109
1143
-91
-807
-1259
-1449
-1684
-2224
-2572
-2974
-3236
-3650
-4078
-4306
-4669
-4818
-4882
-4419
-3523
-2668
-1971
-1476
-972
-482
-3
85
521
1015
2159
3903
4992
6173
6575
7112
7367
6592
4991
3338
2180
792
-937
-3055
-4194
-4370
-4787
-5665
-5818
-4846
-3352
-2707
-3382
-3616
-3300
-3388
-4098
-5029
-4666
-3373
-2152
-1110
171
2284
3970
4796
5168
5341
5447
4690
3021
1657
865
352
34
-228
-254
22
-44
-209
56
146
208
-127
-593
-373
21
409
546
572
814
1362
1981
2462
3133
3496
3772
3731
3370
3461
3432
3259
2586
1518
623
-200
-944
-1792
-2475
-2901
-3219
-3423
-3628
-3645
-3524
-3525
-3570
-3559
-3320
-3157
-3015
-3044
-3009
-2610
-2264
-1628
-1119
-265
845
2588
4265
5127
5477
5036
5125
4997
4333
3161
2052
1114
115
-1345
-2716
-3056
-3212
-3475
-4327
-4545
-3757
-2951
-2663
-2834
-2613
-2053
-2150
-2568
-2683
-1919
-893
-489
94
1186
2834
3941
4244
4454
4798
4778
3822
2306
997
209
-557
-1351
-1772
-1731
-1429
-1145
-1031
-682
-377
-530
-922
-1172
-953
-136
412
681
999
1382
2234
2855
3327
3669
3859
3917
3642
3322
3249
3215
2851
2057
1065
451
-73
-801
-1818
-2939
-3735
-4383
-4703
-4526
-3973
-3248
-2974
-2886
-2556
-2070
-1538
-1438
-1572
-1526
-1431
-1178
-974
-433
442
1825
3521
4516
5253
5157
5131
5008
4088
2797
1309
311
-852
-2420
-4114
-4933
-4912
-5026
-5324
-5251
-4050
-2569
-1885
-1789
-1620
-1010
-997
-1467
-1554
-838
434
934
1388
2509
4097
5264
5461
5471
5590
5386
4173
2672
1689
975
-150
-1844
-3170
-3614
-3717
-4055
-4214
-3696
-2864
-2202
-2145
-1973
-1305
-682
-115
177
641
1216
1634
2221
2909
3859
4646
5003
5245
5318
5337
5250
4841
4112
3101
1725
475
-582
-1692
-2668
-3824
-4754
-5288
-5542
-5359
-4997
-4509
-4090
-3681
-3110
-2502
-1929
-1590
-1540
-1326
-875
-542
191
853
2017
3911
5171
6309
6648
6720
6670
5794
4268
2408
821
-1022
-3050
-5103
-6387
-6712
-6807
-7037
-6855
-5719
-4320
-3220
-2739
-2546
-2025
-2014
-2299
-2013
-1237
111
1050
1821
3345
5313
7004
7904
8316
8591
8406
7272
5538
4049
2837
1354
-506
-2148
-3096
-3585
-4085
-4745
-4738
-4500
-4365
-4327
-4466
-3914
-3190
-2613
-1945
-1134
-190
736
1353
1901
2701
3333
3856
4329
4744
5304
5706
5730
5548
5050
4173
2961
1630
216
-1038
-2282
-3674
-4770
-5687
-6137
-6101
-5776
-5249
-4588
-3837
-3132
-2366
-2037
-1966
-2021
-2038
-1620
-1205
-395
518
2323
4579
6316
7778
8163
8561
8407
7214
5354
3302
1617
-384
-2578
-4699
-5737
-5918
-6358
-6999
-7280
-6534
-5430
-4673
-4240
-3796
-3131
-3179
-3403
-3086
-2167
-800
-41
798
2404
4391
6187
7364
8211
8803
8802
7976
6813
5768
4463
2574
511
-1001
-1843
-2411
-3223
-3921
-3999
-3943
-3913
-3957
-3808
-3247
-2850
-2776
-2624
-2099
-1268
-455
77
601
1306
2066
2802
3504
4176
4721
5089
5197
5183
5160
4832
4165
3205
1868
392
-1216
-2923
-4350
-5472
-6144
-6209
-5863
-5188
-4395
-3720
-3018
-2435
-2090
-1923
-2045
-2104
-2143
-2135
-1747
-1056
562
2669
4565
6313
7371
8156
8563
7996
6647
4976
3299
1230
-1134
-3456
-5010
-5558
-6087
-6897
-7286
-6672
-5516
-4417
-3806
-3290
-2619
-2665
-3049
-3266
-2879
-1830
-1239
-611
829
2771
4737
6176
7091
7836
8251
7812
6973
6299
5457
4178
2444
722
-443
-1239
-2164
-3011
-3457
-3662
-3661
-3773
-3690
-3036
-2400
-1947
-1706
-1524
-1076
-617
-509
-505
-159
461
1228
1921
2512
3359
4391
5222
5724
5849
5611
4960
3808
2277
568
-1219
-3011
-4631
-5872
-6359
-6244
-5829
-5068
-4157
-3016
-1902
-1096
-722
-779
-1067
-1740
-2416
-2871
-2866
-2422
-1282
602
2525
4796
6546
7824
8859
8878
7973
6381
4529
1943
-831
-3464
-5704
-6905
-7838
-8566
-8499
-7324
-5727
-4080
-2539
-1344
-406
-257
-573
-947
-1168
-1203
-1512
-1376
-442
941
2615
4234
5658
6782
7572
7824
7641
7136
6016
4516
2840
1290
-43
-1256
-2161
-3013
-3638
-3991
-4211
-4117
-3816
-3330
-2856
-2269
-1755
-1306
-706
-233
298
598
842
1266
1758
2447
2887
3284
3842
4319
4736
4870
4705
4253
3376
2153
781
-549
-1963
-3514
-4879
-5699
-5843
-5465
-4847
-4080
-3086
-2088
-1356
-957
-739
-717
-969
-1515
-2025
-2244
-1906
-1149
-597
893
2578
4013
5489
5738
5865
5693
4833
3367
1696
150
-1980
-3593
-5148
-6193
-6188
-6154
-5734
-4767
-3296
-2029
-795
70
228
366
-140
-778
-1178
-1277
-830
-313
487
1417
2446
3652
4637
5167
5386
5398
4874
4098
3146
2005
1112
331
-532
-1245
-1510
-1569
-1450
-1166
-1093
-977
-769
-679
-656
-647
-677
-728
-592
-376
-57
508
1225
1995
2538
2946
3167
3181
3166
2823
2321
1805
1116
319
-456
-1067
-1604
-2092
-2647
-3095
-3222
-3135
-2977
-2850
-2452
-1896
-1393
-1045
-951
-881
-874
-1067
-1420
-1557
-1409
-1182
-937
-765
-335
333
1012
1696
2187
2558
2777
2645
2206
1659
1014
334
-152
-693
-1175
-1367
-1543
-1642
-1632
-1764
-1965
-2005
-2138
-2237
-2146
-2189
-2006
-1591
-1069
-294
443
1128
1727
2176
2461
2583
2514
2254
1912
1326
750
303
-27
-62
-40
83
360
708
954
1031
1084
998
922
690
270
51
-63
-89
-27
104
416
876
1290
1599
1922
2162
2267
2250
2121
2016
1904
1618
1199
681
71
-475
-963
-1380
-1688
-1938
-1974
-1747
-1458
-1290
-1261
-1347
-1407
-1509
-1721
-1833
-1924
-1984
-2019
-1973
-1624
-1109
-557
-74
364
705
827
733
452
165
-271
-798
-1139
-1232
-1042
-887
-832
-588
-133
304
494
427
262
122
-246
-841
-1291
-1564
-1622
-1648
-1717
-1447
-907
-291
351
973
1630
2280
2683
2773
2755
2561
2134
1521
677
-119
-636
-992
-1166
-1138
-1011
-631
-41
475
1007
1427
1571
1588
1321
906
694
547
475
531
626
976
1520
1999
2425
2794
2983
2963
2683
2176
1731
1314
788
167
-571
-1234
-1680
-1975
-2176
-2287
-2350
-2312
-2144
-1974
-1754
-1521
-1382
-1324
-1374
-1395
-1290
-1150
-1126
-1208
-1231
-1089
-760
-425
-151
128
379
556
615
557
413
198
-148
-572
-974
-1313
-1596
-1877
-2076
-2146
-2048
-1794
-1426
-907
-316
205
567
807
973
1076
1077
973
940
1026
1182
1337
1444
1648
1943
2180
2214
1987
1639
1291
912
474
41
-350
-621
-800
-929
-929
-858
-785
-774
-810
-748
-601
-459
-419
-429
-298
-27
332
681
1022
1461
1933
2365
2695
2956
3120
3090
2819
2331
1829
1379
880
333
-236
-739
-1061
-1296
-1492
-1592
-1705
-1806
-1862
-1878
-1736
-1561
-1457
-1415
-1423
-1390
-1349
-1283
-1145
-951
-692
-443
-152
221
528
665
603
454
366
240
-51
-453
-847
-1094
-1255
-1430
-1539
-1548
-1443
-1337
-1281
-1161
-973
-721
-488
-259
29
305
526
670
782
879
974
1099
1297
1535
1672
1727
1763
1873
1964
1876
1655
1363
1073
709
276
-121
-436
-699
-1009
-1271
-1390
-1314
-1129
-942
-768
-647
-534
-453
-353
-223
-124
-33
74
285
599
974
1359
1703
1964
2046
1985
1864
1784
1753
1635
1358
954
539
186
-147
-501
-858
-1176
-1431
-1599
-1648
-1522
-1269
-1041
-933
-923
-892
-772
-621
-520
-494
-485
-411
-266
-70
125
255
309
277
213
173
148
108
-24
-248
-492
-688
-810
-909
-1007
-1082
-1121
-1127
-1108
-1014
-791
-485
-217
-72
-15
46
140
202
215
225
270
386
579
887
1277
1627
1804
1751
1568
1343
1069
718
299
-129
-514
-804
-947
-934
-812
-656
-505
-373
-263
-188
-158
-186
-301
-457
-545
-500
-362
-202
-9
291
706
1123
1446
1655
1755
1728
1586
1445
1406
1419
1340
1109
811
542
296
30
-245
-500
-757
-1038
-1303
-1445
-1437
-1359
-1289
-1216
-1073
-849
-607
-408
-278
-202
-169
-153
-127
-80
-42
-40
-64
-65
-16
54
109
111
52
-61
-196
-303
-358
-382
-431
-540
-684
-807
-858
-824
-730
-618
-517
-437
-366
-284
-173
-14
186
405
639
896
1185
1466
1688
1810
1807
1657
1355
975
615
313
27
-270
-509
-601
-561
-486
-439
-394
-326
-285
-341
-474
-611
-713
-812
-920
-968
-873
-637
-342
-41
281
643
998
1254
1364
1346
1235
1076
892
699
519
371
257
171
84
-14
-114
-214
-349
-542
-730
-845
-889
-947
-1044
-1103
-1047
-886
-695
-508
-300
-88
84
219
380
577
722
741
668
612
594
555
470
387
341
296
208
109
44
-11
-134
-318
-448
-462
-431
-459
-555
-622
-615
-599
-620
-626
-552
-418
-318
-261
-133
133
468
728
875
972
1044
1025
863
648
495
413
303
101
-100
-189
-169
-142
-174
-237
-287
-352
-457
-569
-643
-703
-816
-997
-1133
-1093
-850
-496
-139
168
444
703
903
989
941
795
609
415
230
98
67
150
308
470
601
693
712
629
436
166
-112
-360
-573
-744
-852
-881
-836
-736
-616
-478
-324
-164
-7
119
192
218
242
290
351
382
373
347
326
312
280
233
186
146
105
65
46
59
88
106
85
26
-47
-117
-187
-260
-348
-444
-520
-558
-548
-489
-386
-244
-73
108
274
405
482
492
447
383
321
246
135
-8
-130
-176
-141
-61
18
76
91
45
-30
-81
-89
-107
-212
-400
-577
-668
-662
-586
-454
-280
-104
33
128
211
276
264
162
34
-49
-84
-93
-61
55
237
403
505
568
604
570
427
228
64
-45
-148
-259
-305
-250
-141
-51
38
170
299
318
199
33
-94
-183
-265
-312
-274
-184
-95
3
158
349
468
451
346
241
132
-22
-175
-242
-216
-170
-146
-78
77
233
271
174
25
-114
-270
-443
-554
-546
-462
-395
-360
-282
-115
74
197
245
267
275
241
156
76
43
38
23
10
40
125
220
279
304
315
301
229
102
-41
-168
-266
-332
-333
-258
-139
-43
3
12
-3
-66
-179
-290
-362
-393
-400
-376
-280
-124
35
156
237
289
307
291
271
256
223
150
69
35
52
81
105
126
145
144
105
62
30
-22
-124
-243
-321
-332
-297
-230
-117
25
142
205
248
295
310
249
122
2
-63
-96
-135
-160
-133
-59
17
73
124
174
202
169
77
-17
-81
-141
-222
-328
-412
-414
-338
-207
-57
84
191
256
286
303
311
282
200
91
9
-11
19
72
131
195
239
226
168
110
74
31
-51
-151
-207
-202
-175
-170
-175
-160
-135
-143
-179
-214
-234
-270
-331
-389
-399
-365
-327
-287
-204
-76
52
130
168
186
180
126
35
-43
-62
-23
39
112
204
316
424
490
502
471
415
320
182
31
-59
-52
16
79
108
144
209
263
256
184
92
-5
-126
-264
-357
-353
-281
-205
-143
-62
51
137
135
48
-80
-212
-349
-473
-540
-536
-483
-419
-340
-232
-108
-8
49
79
102
123
134
146
181
228
266
281
283
296
309
292
239
194
189
203
195
157
124
125
133
100
36
-14
-37
-68
-130
-171
-143
-81
-63
-114
-177
-203
-227
-286
-351
-363
-315
-252
-185
-84
53
176
233
238
214
155
53
-58
-119
-122
-107
-72
7
122
218
253
246
222
159
24
-133
-237
-263
-264
-271
-235
-118
31
131
165
188
215
212
160
109
102
130
139
122
122
160
215
242
213
135
31
-86
-195
-294
-390
-475
-529
-530
-483
-392
-258
-93
49
117
125
129
163
200
191
146
117
130
161
182
196
218
227
192
131
90
92
107
96
64
35
14
-7
-32
-55
-84
-135
-199
-248
-271
-274
-268
-251
-218
-180
-145
-95
-10
93
177
224
248
274
288
277
247
228
214
177
126
98
110
122
86
6
-71
-123
-176
-254
-327
-363
-376
-403
-433
-420
-353
-282
-233
-179
-84
26
100
142
191
250
274
243
212
221
239
220
179
176
203
192
115
34
0
-27
-108
-222
-283
-271
-260
-296
-327
-295
-230
-212
-239
-225
-130
-14
48
77
143
252
330
335
321
349
393
394
354
337
363
392
380
342
312
280
221
139
59
-16
-106
-205
-291
-347
-383
-407
-402
-359
-299
-244
-187
-106
-16
39
44
31
32
46
46
30
41
94
161
214
261
312
352
342
277
187
90
-21
-148
-271
-381
-474
-552
-602
-614
-605
-596
-570
-505
-402
-296
-213
-127
-24
70
119
138
171
219
245
236
239
287
349
375
369
378
404
393
320
229
165
107
5
-128
-231
-278
-313
-364
-398
-369
-301
-254
-233
-199
-129
-59
-24
1
66
161
243
296
354
435
503
519
498
483
474
434
347
257
200
153
71
-33
-109
-144
-179
-241
-295
-297
-256
-225
-213
-173
-81
16
51
34
24
35
32
-24
-87
-99
-52
11
72
159
274
371
399
370
317
244
124
-41
-207
-339
-443
-532
-590
-599
-573
-544
-521
-486
-424
-351
-288
-237
-185
-136
-96
-56
-10
40
73
92
121
168
215
250
279
292
277
222
144
66
-6
-83
-161
-214
-232
-238
-246
-237
-182
-101
-29
22
81
169
254
295
287
270
262
241
205
185
216
290
360
416
482
560
608
589
523
449
373
269
133
7
-76
-135
-207
-290
-340
-338
-313
-289
-260
-206
-134
-69
-35
-14
1
-6
-45
-103
-160
-199
-217
-211
-169
-102
-33
31
90
140
154
110
18
-92
-201
-310
-405
-457
-447
-400
-353
-301
-223
-122
-50
-39
-59
-73
-79
-100
-127
-111
-42
46
119
185
276
377
439
433
375
297
198
64
-87
-215
-304
-367
-415
-435
-409
-346
-268
-194
-121
-54
-2
29
45
62
84
115
152
190
232
277
335
395
440
466
483
492
485
456
428
422
416
377
304
233
181
114
13
-95
-169
-212
-251
-282
-261
-173
-80
-34
-18
9
37
20
-51
-124
-158
-170
-196
-217
-186
-107
-34
-3
10
40
64
34
-52
-152
-235
-303
-383
-456
-485
-468
-429
-394
-353
-277
-176
-85
-26
7
39
72
88
87
84
93
106
113
127
170
242
319
376
403
398
360
290
193
75
-57
-194
-315
-406
-458
-468
-440
-370
-277
-190
-112
-43
23
78
109
119
126
137
154
178
205
240
280
312
325
321
307
286
257
226
194
161
131
104
85
64
36
4
-36
-81
-126
-166
-185
-179
-154
-113
-57
12
78
125
146
140
110
55
-9
-64
-92
-89
-64
-22
40
111
164
173
140
74
-18
-135
-270
-392
-476
-520
-529
-507
-442
-329
-202
-90
-1
73
133
157
145
120
103
94
87
86
111
163
217
256
279
286
272
225
157
81
-1
-88
-167
-230
-276
-308
-333
-339
-328
-313
-300
-275
-226
-166
-109
-49
22
99
156
188
216
250
269
258
232
219
215
198
169
159
170
179
158
125
117
115
83
22
-31
-57
-89
-153
-212
-214
-173
-137
-113
-62
38
132
176
183
200
224
204
127
57
35
31
12
-4
25
92
138
140
122
108
76
-10
-134
-249
-342
-426
-501
-538
-504
-417
-310
-195
-62
79
185
238
251
246
216
150
64
1
-20
-21
-10
27
91
162
202
210
200
171
105
-1
-119
-217
-296
-358
-398
-394
-350
-287
-221
-149
-76
-17
15
40
67
92
103
118
152
198
233
249
265
274
261
215
152
95
48
-2
-51
-75
-66
-48
-46
-52
-48
-44
-62
-103
-138
-142
-126
-101
-57
16
111
196
256
294
314
306
263
197
137
90
52
22
11
27
56
74
75
67
49
9
-64
-156
-243
-323
-407
-480
-515
-499
-446
-371
-267
-133
11
128
205
248
268
256
201
127
72
47
41
45
77
141
218
266
279
271
240
166
44
-93
-213
-307
-384
-438
-440
-382
-297
-216
-139
-59
12
43
36
20
14
12
10
20
58
118
173
212
246
271
269
234
181
127
75
24
-20
-39
-34
-22
-17
-15
-12
-19
-47
-87
-121
-138
-146
-141
-111
-52
24
93
148
193
222
214
172
114
56
-1
-51
-85
-82
-49
-7
28
61
86
86
48
-17
-94
-170
-253
-331
-376
-379
-347
-294
-213
-106
14
121
198
257
296
299
262
204
154
111
67
29
21
51
91
119
140
165
179
148
80
4
-61
-129
-210
-275
-292
-271
-246
-222
-181
-118
-65
-49
-51
-45
-37
-44
-63
-65
-35
6
40
73
120
172
198
192
170
147
117
69
19
-16
-27
-28
-31
-31
-19
-1
5
-3
-17
-27
-32
-32
-27
-10
21
63
103
133
154
167
170
153
117
74
31
-8
-43
-72
-86
-82
-71
-60
-59
-66
-79
-106
-152
-209
-263
-299
-315
-310
-278
-212
-119
-17
79
165
239
286
297
277
245
205
159
116
85
74
81
93
104
115
124
118
89
44
-5
-54
-106
-156
-188
-197
-187
-172
-155
-130
-101
-80
-69
-67
-60
-46
-27
-5
27
69
113
146
164
171
161
131
84
32
-16
-57
-88
-108
-113
-106
-96
-84
-72
-64
-57
-55
-56
-60
-59
-51
-40
-21
5
39
75
113
147
173
194
201
191
173
138
97
48
0
-40
-76
-96
-104
-100
-90
-80
-67
-58
-58
-68
-88
-107
-124
-133
-131
-114
-80
-38
7
50
88
116
126
121
107
86
65
46
37
40
48
60
71
80
87
84
71
51
30
7
-18
-44
-61
-72
-81
-90
-91
-90
-87
-86
-83
-73
-58
-40
-20
3
27
52
74
91
100
99
92
72
45
13
-18
-46
-70
-88
-95
-92
-83
-69
-57
-45
-34
-28
-26
-28
-31
-32
-32
-28
-18
-4
16
38
59
75
94
108
115
115
108
96
80
62
41
21
4
-8
-15
-23
-29
-34
-38
-44
-53
-64
-77
-89
-94
-95
-86
-73
-50
-25
2
25
42
55
60
59
55
50
46
45
49
54
59
64
68
70
67
57
43
22
-2
-31
-61
-88
-107
-118
-123
-116
-101
-84
-65
-46
-29
-14
-2
9
21
33
47
61
75
86
91
91
84
75
60
43
26
13
3
-3
-5
-7
-12
-20
-32
-53
-75
-99
-120
-131
-133
-121
-99
-67
-31
5
35
59
75
82
84
80
73
65
59
54
53
51
49
50
48
44
40
34
23
7
-16
-42
-71
-102
-123
-137
-140
-131
-110
-81
-47
-12
23
52
73
82
83
79
69
58
49
42
40
45
50
59
68
74
74
68
56
39
12
-18
-45
-73
-98
-113
-123
-125
-120
-112
-99
-81
-63
-43
-24
-4
12
25
39
50
63
70
73
73
67
62
57
54
