0
-2
-1
0
6
4
-2
-1
1
-2
-3
-1
-1
-5
-4
-2
-4
-4
0
1
0
1
2
0
-3
-3
1
0
2
3
0
-3
-2
-3
-3
-4
-4
0
-2
-4
-2
2
1
-2
-5
-4
1
3
-1
-2
-1
0
0
2
3
2
2
2
4
1
-5
1
5
5
6
1
-2
2
2
2
2
2
3
4
3
3
1
1
1
0
0
0
0
1
2
2
0
0
0
0
-1
-1
2
2
2
1
3
3
1
0
-1
-1
0
-1
-2
-2
-1
-2
0
-1
-3
-4
-3
-7
-6
-4
-5
0
2
-1
-1
-3
-3
-1
-1
0
1
1
1
1
0
0
1
1
1
0
-1
-1
-1
1
2
2
1
0
1
1
3
4
5
6
6
5
4
1
0
0
0
3
1
1
2
-1
0
3
1
5
5
2
0
-5
-5
-4
-3
-3
0
0
-1
-1
-2
-1
-1
0
1
0
1
2
2
1
2
3
0
1
1
-1
-1
0
-2
1
-1
-2
3
-1
-3
1
0
-1
1
1
-2
-4
0
-2
-4
1
1
-1
0
0
-2
-2
-4
-3
1
1
-2
-3
0
0
2
2
0
1
2
-3
0
4
0
-2
2
4
2
-1
0
2
0
0
5
3
3
3
2
1
0
1
1
6
5
1
0
4
4
0
0
3
0
-1
1
0
-4
-4
0
0
-2
-5
-3
-2
1
-1
0
1
2
2
-1
-2
-1
0
1
-1
-1
0
2
1
-1
-1
1
2
2
2
1
1
0
1
3
2
0
-1
2
0
-1
-1
0
1
0
0
1
1
1
2
2
3
2
2
4
3
-2
4
4
4
0
-4
2
0
-1
1
-1
4
-2
3
4
2
0
-3
1
2
0
1
2
2
-1
-3
-3
-2
-3
-3
-3
-2
-3
-3
-4
-4
-4
-2
-1
0
2
2
5
3
0
1
-1
-1
-3
-4
-1
-3
-2
-4
-2
0
-1
0
0
1
1
1
0
1
3
2
1
1
0
0
-1
-1
-1
-1
-2
-3
-2
-3
-3
-1
0
1
2
1
0
-1
-1
-2
-1
-1
1
1
1
1
1
0
-2
1
2
2
1
4
5
3
2
4
6
5
4
3
1
1
4
5
1
4
5
2
2
3
3
0
2
5
1
-1
1
0
-2
0
0
-1
1
-1
0
0
-3
-2
1
-3
-4
1
0
-2
0
-3
-2
2
-2
0
3
-2
-1
0
1
1
1
1
-1
-2
0
0
-1
1
0
0
2
-1
-1
-2
0
-1
-4
-1
-2
0
-3
-3
0
-1
-1
-4
0
1
0
0
1
3
0
1
1
2
0
2
2
1
2
1
-2
-2
-3
-6
-1
-1
-4
-3
-4
-3
0
-2
-2
0
-1
0
3
-1
0
1
3
4
3
-2
-1
0
0
0
-3
-2
1
-2
-4
1
1
-2
2
5
2
0
1
1
-1
1
3
4
4
2
1
0
1
1
2
3
4
2
-1
1
3
3
4
1
0
4
1
0
5
4
3
5
0
0
1
0
1
3
-1
2
4
2
0
-2
-1
3
4
2
2
4
3
5
4
4
5
5
2
-1
-1
-1
0
1
-1
0
0
-2
-4
-4
-4
-5
-4
-2
0
1
-1
-1
2
2
-3
-2
1
-2
-4
1
-4
-4
-6
-1
-1
-5
1
-3
-4
-2
-1
2
-4
1
1
-2
0
0
-3
-2
0
-2
-2
-2
-1
2
2
-1
0
1
1
-1
-1
-2
1
1
-2
-3
0
-1
-2
-1
0
2
2
0
1
2
0
1
2
2
3
4
4
3
2
-1
0
-1
-2
0
1
-3
-3
0
1
0
2
2
1
-2
-2
-2
1
0
-3
-3
-2
-2
-1
-3
-2
1
1
2
1
-2
-4
-2
-2
-1
-2
-1
2
0
-1
-1
1
3
2
0
1
0
0
1
2
2
-1
-1
0
0
0
-1
2
2
0
1
1
5
4
3
2
2
3
4
3
4
2
1
1
1
1
3
2
5
4
4
4
2
2
1
0
-1
0
-5
-3
-2
0
2
-2
0
1
-4
-1
3
-4
-4
1
-3
-4
-2
1
1
-1
0
-1
0
-3
-2
2
1
0
-2
-1
-2
-3
0
2
3
0
-3
-1
-1
-2
-2
1
2
2
1
1
1
-2
-2
-2
-2
-2
0
2
0
-3
-1
1
1
-1
-1
-4
-1
-4
-6
0
0
-2
1
1
0
6
2
2
5
2
2
2
0
-2
-4
2
2
-1
2
0
1
5
1
-1
2
-1
-1
0
-3
-4
-1
2
2
1
3
4
3
5
6
4
3
2
1
0
2
3
4
3
3
2
0
0
0
0
-1
0
2
2
1
0
1
-1
-1
1
1
0
1
-1
-2
0
3
4
5
4
3
2
1
1
0
-1
0
1
2
2
2
1
3
4
1
-3
-2
-2
-1
-2
-6
-3
-2
-5
-3
-5
0
-3
-3
-3
-1
3
2
0
0
0
-1
-1
-1
-1
0
0
-2
-1
-1
1
-3
-5
-3
-2
-1
-6
-6
-2
-2
-1
-2
-3
-1
-1
0
-1
2
4
1
-1
0
-2
-1
-2
-3
0
3
2
0
1
1
2
3
4
2
0
-1
0
-1
1
0
-2
-1
-1
1
3
3
5
5
4
3
1
-1
0
1
3
3
2
1
0
0
2
2
4
3
3
3
0
2
0
-1
1
1
1
4
1
-2
3
0
1
5
3
3
3
1
4
5
-2
-1
2
1
-2
0
0
-3
0
4
2
-1
0
-1
-4
-1
-1
-1
-2
-3
-4
-4
-5
-6
-5
-5
-3
-1
-2
-2
-1
-1
1
3
4
3
1
0
-1
-1
-1
1
-1
-1
-1
-1
-1
-3
-1
-1
-1
1
-2
-1
-3
-4
-2
-3
0
-3
-2
-1
-4
2
3
3
1
0
4
-1
1
4
1
1
0
3
0
-1
1
0
3
0
-6
0
1
1
2
0
0
5
-1
-1
4
4
3
1
0
2
1
-2
-2
-2
0
-1
-2
-1
-1
-2
-2
-2
-2
0
2
2
0
-1
-1
-2
-2
1
1
1
1
0
-1
-1
-3
-2
3
3
0
-3
0
0
1
0
1
1
0
-2
-2
1
0
0
1
1
2
0
0
0
1
1
1
0
-1
-1
0
-1
2
3
4
2
2
-1
1
2
-1
-1
2
2
-1
0
-4
-3
1
-3
-2
3
1
2
4
0
0
3
5
4
3
1
2
1
1
-1
-1
1
1
-1
0
-1
0
-1
0
0
-1
1
1
1
1
1
1
1
0
0
1
1
0
0
0
1
3
3
2
-1
-2
-1
1
2
1
0
-1
-1
2
6
8
5
2
3
3
3
-2
-7
-4
-4
-7
-4
-4
-2
1
-3
-4
0
-2
-1
1
-4
-3
2
3
3
4
3
-1
-1
2
1
-2
2
5
4
1
4
4
1
4
9
7
4
2
-1
-2
2
4
3
0
1
0
0
-2
0
5
7
4
-2
-4
-1
3
5
2
0
-4
-4
-4
-3
-1
1
2
0
-2
-3
-5
-4
0
2
0
2
1
-2
-4
0
1
0
5
2
-5
-4
1
1
-1
0
5
3
-3
0
-3
-1
2
-2
0
0
2
4
4
4
-5
-5
-1
-3
0
4
5
-3
-1
1
-2
0
-1
3
2
-1
4
2
-1
0
1
1
0
2
-3
-1
4
0
0
4
-1
-3
2
-5
-5
0
-1
2
1
2
-2
-2
5
2
3
7
1
1
6
4
5
8
4
2
1
1
0
0
-2
-7
-5
-8
-11
-4
-3
-3
3
3
-1
-1
2
0
-1
5
3
-2
1
-2
-5
-2
-1
-6
-6
-5
-11
-8
2
-2
-2
8
1
2
6
8
9
2
19
-3
0
19
-14
1
15
-4
-8
8
4
-18
8
12
-19
-9
18
-1
-5
17
8
1
13
20
18
-1
-16
-3
0
-9
8
23
-4
-18
9
-5
-50
-39
-5
-8
-4
14
-5
-8
26
42
32
17
-8
-29
-21
7
13
11
27
4
-45
-74
-111
-115
-46
32
91
96
46
11
-8
25
66
45
38
11
2
31
-2
-7
11
-22
-50
-66
-76
-123
-80
54
86
93
78
10
-34
-13
29
32
41
36
9
-10
-26
-21
-21
-35
-35
-11
-18
-45
-5
3
-8
10
-11
-38
-67
-44
-18
-13
42
29
18
34
-11
2
23
12
-3
7
28
-6
-11
-24
-93
-117
-68
-13
39
94
75
21
31
57
43
36
59
49
7
3
18
-17
-45
-29
-18
-20
-14
-2
-27
-55
-36
14
44
14
-6
-5
-20
-17
0
23
24
-2
-3
14
15
-30
-74
-74
-104
-109
0
117
142
91
25
-11
-12
47
99
60
10
-20
-32
-11
-1
-15
-23
-18
-20
-19
5
-7
-50
-51
-5
27
5
-18
-36
-54
-22
24
38
21
-15
-31
-19
14
21
12
28
19
1
4
9
9
-8
-16
-20
-22
-4
9
21
36
15
0
5
-12
-9
12
38
32
-9
-21
-25
-28
-17
-8
-10
-17
-7
7
-6
-12
0
-7
-7
-3
-14
-11
-3
9
25
22
7
-19
-23
-16
-10
6
-1
0
4
2
6
6
8
-8
-2
5
6
13
-8
-9
7
18
12
1
-6
-15
-10
5
16
8
0
-1
5
-1
-4
6
7
5
4
9
8
4
13
4
-4
-13
-9
20
13
-4
-9
-13
1
4
0
3
-19
-21
-1
23
36
3
-2
2
-29
-26
-1
4
-9
-2
23
5
-10
-1
-8
-9
-10
-3
-1
-5
21
25
8
20
16
-17
-18
-9
-15
-3
19
30
9
-14
-13
-20
-20
-10
-1
12
13
16
14
12
14
-3
-17
-18
-22
-17
-9
10
15
6
8
0
-8
-8
-1
16
22
7
1
12
4
-5
6
4
-17
-18
-1
11
15
10
8
15
11
-4
-11
-13
-13
-9
-1
6
12
8
-9
-19
-9
-6
-12
-9
5
15
21
19
12
-3
-21
-20
-9
-2
-1
-9
-11
5
14
9
7
3
-8
-13
-7
2
-2
4
14
14
7
0
-19
-29
-22
-9
15
21
8
15
20
1
-8
1
5
-7
-12
-7
-8
-11
-4
3
5
-5
-15
-5
6
2
0
9
15
13
10
9
3
-9
-8
3
5
2
3
11
16
5
-8
-6
-11
-14
-2
3
3
13
15
15
14
8
2
-1
-6
-12
-12
-9
-12
-7
4
-2
-13
-3
6
4
6
19
17
4
3
7
-3
-18
-23
-18
-8
7
18
19
11
4
3
8
6
-7
-14
-6
0
1
-3
-12
-24
-19
-1
7
10
15
18
17
15
9
0
-1
1
-1
-6
-12
-22
-28
-14
6
10
7
11
11
3
-1
2
-4
-7
1
10
10
5
-1
-5
0
10
11
1
-3
2
3
-2
-10
-5
-1
-3
-5
-2
-3
-10
-14
-6
8
19
18
11
3
-1
-8
-6
-1
1
-1
-7
-14
-14
-8
-6
-2
12
14
-5
-16
-8
2
-5
-7
4
13
11
9
5
-1
1
3
9
15
9
-3
-11
-8
-5
-5
3
4
-7
-5
6
13
11
10
13
1
-15
-5
5
-3
-8
-4
0
0
-3
1
7
-1
-11
-7
7
5
2
13
11
5
13
8
-3
-6
-3
3
7
8
9
7
3
3
4
-6
-13
-13
-15
-14
-8
-4
-4
1
5
5
-1
-8
-12
3
16
16
5
1
-4
-10
-7
-1
-5
-10
-5
-1
2
9
9
5
7
3
-6
-4
-1
-3
-8
-1
7
6
5
3
-3
-5
-5
-5
3
5
4
8
8
-1
-2
6
10
5
7
5
0
1
0
0
5
5
0
-6
-12
-14
-11
-9
-6
-2
1
1
0
5
7
3
0
0
3
1
-1
2
9
10
4
1
0
2
0
0
4
7
5
5
4
1
-3
-7
-5
-3
-6
-10
-7
2
10
10
3
0
-1
-2
-2
-3
-3
-2
-3
-4
-3
0
0
-3
-4
-3
-2
-3
-2
2
6
4
-2
-8
-8
-4
-2
0
0
3
7
9
11
9
8
6
5
4
2
-2
-2
0
3
6
3
-1
-1
0
3
3
-1
-4
-5
-3
-4
-8
-10
-6
0
5
4
4
5
7
8
5
0
-7
-13
-10
-1
1
-3
-1
3
1
-5
-5
-4
1
7
11
5
-4
-8
-9
-11
-10
-6
1
6
7
6
4
2
0
2
4
0
-2
0
1
-1
-1
-2
-4
-6
-2
2
2
2
1
-1
-2
-2
0
0
-7
-9
-3
3
3
2
6
6
-1
0
8
9
5
4
1
-8
-13
-7
0
6
8
9
6
3
2
3
2
0
2
5
8
6
3
1
-5
-6
3
8
7
5
6
4
2
4
7
2
-6
-8
-6
-5
-5
-2
0
0
1
1
1
-3
-7
-8
-3
4
5
4
3
-2
-7
-6
-5
-5
-1
6
9
8
4
-3
-3
-2
-10
-11
-8
-6
4
6
-2
-1
-2
-5
-6
-2
0
0
0
7
12
8
0
-7
-10
-9
-6
-3
-2
0
4
3
-1
-4
-6
-4
5
4
0
1
3
5
5
1
-3
0
7
7
4
6
3
0
6
10
9
6
-5
-3
4
-1
1
5
-2
-4
8
11
6
2
0
2
7
9
5
5
5
0
0
2
2
0
0
-1
-3
1
5
4
1
5
10
11
5
3
3
-4
-7
-3
-3
-3
-5
-10
-8
-5
-8
-5
-1
2
-1
-8
-9
-2
-3
-4
-3
-4
-1
-4
-10
-6
0
-2
0
6
6
2
-2
-2
0
-3
-4
-4
-6
-9
-14
-15
-14
-11
-4
-1
-7
-11
-7
-1
-1
-6
-7
0
4
1
-2
-2
0
-1
0
5
9
8
7
8
10
13
14
16
16
14
13
13
13
10
9
11
13
11
7
4
3
7
10
12
12
13
15
15
14
11
12
13
12
11
15
18
14
9
10
15
14
6
2
3
4
2
-1
-2
0
4
6
6
1
-3
-3
-1
-2
-9
-13
-12
-11
-13
-16
-17
-17
-17
-19
-19
-21
-24
-25
-23
-26
-31
-35
-35
-30
-24
-20
-22
-26
-29
-31
-30
-32
-38
-47
-51
-54
-64
-77
-85
-74
-57
-45
-39
-27
-6
18
37
49
54
56
58
65
74
79
74
67
68
71
72
77
77
71
73
86
88
75
65
58
47
39
28
16
5
0
-5
-4
2
5
10
24
27
22
30
46
57
60
60
62
64
75
94
107
98
80
83
109
126
131
133
108
76
68
59
47
31
15
23
24
11
4
-31
-75
-91
-111
-124
-133
-157
-165
-167
-188
-205
-225
-248
-253
-266
-316
-391
-485
-597
-734
-898
-1032
-1110
-1150
-1147
-1113
-1061
-976
-841
-643
-397
-163
38
207
344
485
612
686
699
684
683
723
765
786
816
843
840
842
848
815
727
592
433
279
124
-53
-254
-436
-573
-670
-712
-671
-576
-481
-381
-270
-162
-53
63
159
213
251
280
299
323
355
370
391
424
465
533
583
586
538
452
328
215
105
-29
-138
-266
-373
-433
-466
-429
-363
-264
-162
-82
-9
55
118
170
196
190
172
167
171
180
194
222
258
321
408
480
520
536
540
519
485
438
345
212
98
26
-42
-113
-148
-138
-143
-185
-226
-269
-337
-443
-568
-718
-913
-1147
-1397
-1667
-1920
-2101
-2169
-2115
-2038
-1969
-1812
-1542
-1193
-804
-435
-91
228
492
733
972
1177
1300
1323
1315
1348
1426
1491
1485
1428
1380
1354
1314
1217
1050
827
565
295
54
-147
-343
-563
-780
-907
-902
-813
-706
-602
-465
-271
-54
144
312
462
583
652
681
702
739
770
762
727
715
755
800
794
741
657
539
393
261
146
10
-167
-342
-458
-498
-482
-452
-419
-350
-222
-57
96
212
285
320
334
351
370
366
332
289
274
301
341
348
322
318
356
379
338
262
192
106
-10
-121
-195
-270
-369
-439
-442
-424
-436
-476
-545
-653
-771
-884
-1043
-1291
-1599
-1924
-2261
-2574
-2765
-2803
-2790
-2804
-2771
-2550
-2124
-1622
-1159
-766
-409
-44
327
673
953
1132
1194
1197
1255
1411
1597
1688
1654
1593
1621
1696
1692
1565
1351
1074
763
460
184
-89
-387
-699
-944
-1036
-965
-802
-628
-473
-301
-59
226
459
606
706
779
823
858
902
928
905
847
813
842
897
934
926
858
737
614
509
382
215
41
-124
-268
-338
-325
-274
-207
-99
57
250
451
633
787
894
937
936
921
897
852
793
726
666
642
639
609
551
493
442
408
377
308
176
35
-77
-189
-310
-396
-437
-502
-602
-652
-626
-609
-665
-761
-877
-1028
-1199
-1380
-1620
-1949
-2313
-2655
-2972
-3212
-3304
-3258
-3187
-3132
-2981
-2612
-2052
-1474
-1005
-611
-192
260
661
973
1221
1405
1481
1471
1492
1601
1714
1708
1585
1469
1446
1447
1352
1154
927
678
368
47
-200
-404
-646
-901
-1048
-1025
-891
-724
-544
-345
-112
167
472
742
951
1107
1196
1212
1220
1268
1306
1259
1143
1020
927
858
783
678
554
425
291
151
45
0
0
-11
-21
39
178
314
411
532
725
912
1021
1076
1155
1243
1251
1174
1101
1068
1031
962
881
789
677
544
411
304
226
124
-50
-246
-367
-423
-501
-618
-699
-705
-687
-673
-646
-608
-612
-685
-802
-934
-1067
-1207
-1423
-1763
-2163
-2505
-2777
-3029
-3223
-3284
-3259
-3234
-3146
-2862
-2396
-1905
-1488
-1121
-734
-306
111
455
715
927
1102
1212
1292
1435
1634
1731
1640
1521
1538
1598
1498
1248
1001
761
444
110
-127
-323
-577
-836
-986
-1004
-919
-766
-599
-438
-229
34
267
446
630
813
907
929
1000
1126
1204
1196
1158
1127
1114
1124
1102
991
818
625
390
113
-131
-309
-467
-603
-646
-588
-474
-292
-1
359
705
998
1249
1441
1567
1645
1674
1612
1456
1282
1157
1055
941
861
834
802
750
720
692
619
517
411
250
19
-205
-377
-553
-741
-853
-840
-789
-766
-710
-585
-474
-463
-536
-644
-773
-948
-1222
-1619
-2070
-2483
-2855
-3208
-3434
-3429
-3290
-3201
-3121
-2832
-2287
-1685
-1199
-820
-470
-107
264
583
803
963
1112
1196
1197
1264
1483
1662
1606
1456
1458
1561
1517
1275
993
742
466
154
-124
-326
-480
-663
-858
-917
-746
-483
-309
-202
-39
222
524
759
867
904
971
1067
1096
1102
1203
1254
1131
1020
1058
1136
1099
933
716
480
240
31
-149
-293
-412
-568
-703
-640
-350
-40
132
280
537
866
1142
1324
1433
1449
1382
1298
1193
1091
1042
927
706
601
668
697
603
501
436
325
206
167
98
-100
-309
-454
-592
-706
-695
-600
-578
-627
-603
-487
-395
-396
-474
-603
-757
-938
-1192
-1533
-1904
-2292
-2718
-3093
-3260
-3232
-3197
-3229
-3184
-2908
-2425
-1879
-1408
-1049
-714
-335
33
319
566
787
896
870
873
1047
1287
1365
1259
1178
1244
1327
1272
1104
915
702
421
125
-90
-230
-415
-688
-908
-911
-726
-505
-356
-227
-7
287
551
768
967
1104
1137
1127
1132
1173
1250
1292
1225
1150
1199
1261
1189
1045
930
781
539
248
-51
-357
-652
-900
-1063
-1067
-903
-710
-579
-354
103
627
996
1236
1452
1607
1663
1658
1571
1391
1209
1040
825
662
699
783
683
559
635
764
735
628
523
321
62
-104
-264
-522
-732
-804
-891
-981
-884
-639
-493
-489
-465
-385
-386
-516
-714
-1001
-1430
-1910
-2328
-2723
-3072
-3236
-3235
-3232
-3204
-3004
-2623
-2141
-1611
-1126
-757
-416
-24
317
511
652
814
898
861
870
1049
1279
1388
1354
1341
1423
1521
1497
1294
1065
829
542
202
-86
-255
-475
-749
-876
-769
-568
-391
-163
95
304
528
828
1078
1182
1228
1259
1234
1201
1242
1275
1208
1139
1148
1155
1110
1061
978
786
543
301
15
-326
-630
-877
-1068
-1123
-1020
-868
-768
-538
-102
329
634
875
1184
1406
1469
1502
1476
1344
1122
956
865
779
722
676
620
607
679
739
705
635
561
403
158
-34
-165
-371
-647
-813
-844
-857
-851
-748
-624
-579
-555
-495
-497
-640
-863
-1117
-1429
-1821
-2259
-2697
-3084
-3361
-3471
-3427
-3319
-3215
-3038
-2643
-2049
-1472
-1038
-670
-284
78
381
637
840
949
977
986
1057
1222
1419
1497
1401
1304
1377
1491
1400
1117
836
593
294
-33
-286
-477
-677
-873
-980
-898
-643
-365
-184
-28
226
557
847
1045
1155
1181
1185
1217
1232
1210
1223
1257
1196
1075
1081
1200
1190
957
683
498
334
85
-231
-522
-729
-866
-964
-979
-856
-649
-454
-236
90
472
793
1018
1167
1256
1321
1361
1304
1176
1100
1057
931
782
767
848
876
847
830
822
815
799
689
474
294
158
-90
-398
-556
-601
-733
-891
-867
-709
-643
-701
-725
-703
-788
-1003
-1223
-1444
-1773
-2191
-2602
-3000
-3326
-3420
-3338
-3331
-3411
-3248
-2727
-2124
-1656
-1251
-807
-378
4
397
780
1031
1093
1068
1108
1265
1452
1545
1504
1426
1443
1567
1654
1567
1355
1143
912
577
231
13
-173
-488
-844
-1004
-908
-711
-562
-453
-263
51
404
726
999
1195
1301
1335
1323
1313
1344
1361
1280
1140
1069
1126
1218
1192
1031
884
819
703
465
211
-17
-311
-675
-970
-1093
-1097
-1083
-1045
-879
-535
-115
247
548
857
1164
1371
1448
1466
1443
1335
1175
1037
892
722
640
682
723
717
773
885
926
900
883
814
593
308
83
-113
-361
-636
-880
-1057
-1139
-1121
-1090
-1090
-1072
-1057
-1134
-1269
-1369
-1515
-1843
-2267
-2641
-3001
-3402
-3681
-3700
-3596
-3550
-3485
-3183
-2606
-1935
-1361
-911
-470
26
502
859
1074
1191
1262
1289
1236
1204
1338
1504
1446
1289
1368
1622
1674
1464
1260
1116
834
430
136
-56
-374
-796
-1069
-1121
-1065
-922
-711
-534
-341
53
574
930
1067
1183
1336
1413
1387
1344
1310
1279
1224
1117
1036
1087
1173
1096
920
865
903
803
542
283
29
-280
-625
-864
-939
-939
-919
-914
-797
-463
-30
350
586
792
1009
1177
1282
1263
1169
1034
897
792
672
652
707
709
671
739
962
1089
1052
1029
1002
853
625
421
174
-126
-369
-562
-775
-894
-837
-802
-940
-1070
-1018
-974
-1172
-1446
-1591
-1767
-2131
-2526
-2867
-3243
-3550
-3621
-3575
-3560
-3466
-3183
-2752
-2215
-1609
-1024
-514
-78
346
816
1235
1423
1440
1497
1574
1567
1589
1729
1805
1679
1559
1629
1723
1618
1389
1180
921
564
258
30
-292
-702
-994
-1108
-1130
-1088
-957
-763
-539
-298
-4
377
737
920
996
1135
1300
1344
1297
1275
1289
1259
1165
1128
1196
1205
1054
900
837
740
577
439
280
46
-154
-232
-267
-309
-312
-244
-142
-21
146
366
546
617
660
757
827
777
707
732
768
708
639
683
762
753
706
708
715
689
680
645
497
327
244
146
-45
-203
-269
-374
-542
-640
-684
-795
-946
-1064
-1222
-1457
-1644
-1765
-1999
-2390
-2763
-3039
-3302
-3551
-3622
-3493
-3388
-3416
-3305
-2807
-2122
-1624
-1307
-906
-358
183
607
933
1199
1416
1550
1576
1598
1742
1892
1803
1545
1453
1581
1610
1354
1017
822
677
403
56
-194
-383
-638
-905
-1029
-990
-875
-788
-741
-622
-339
27
310
474
615
799
1002
1147
1195
1218
1292
1335
1244
1150
1211
1285
1163
951
878
863
695
437
285
215
82
-96
-199
-183
-101
-39
-23
59
276
486
553
554
607
714
788
736
604
559
622
628
559
572
678
759
812
872
891
863
836
760
595
474
451
318
12
-193
-177
-206
-417
-575
-535
-480
-569
-727
-849
-961
-1133
-1394
-1747
-2119
-2442
-2777
-3214
-3588
-3663
-3528
-3496
-3594
-3498
-3035
-2403
-1868
-1457
-1035
-538
-41
363
703
1031
1268
1329
1351
1530
1801
1932
1866
1768
1779
1884
1937
1782
1459
1173
985
723
322
-45
-285
-546
-898
-1153
-1155
-1002
-889
-840
-729
-437
-35
256
390
554
801
969
1018
1084
1170
1196
1192
1195
1183
1221
1330
1357
1216
1113
1161
1129
850
523
331
138
-188
-467
-514
-457
-505
-593
-486
-148
205
413
547
731
935
1068
1104
1046
914
790
706
579
428
409
510
543
513
621
846
969
964
942
891
777
656
485
186
-96
-220
-373
-688
-888
-801
-726
-871
-971
-868
-832
-1033
-1265
-1429
-1700
-2122
-2542
-2943
-3404
-3766
-3847
-3787
-3809
-3806
-3511
-2934
-2307
-1753
-1231
-712
-218
256
713
1064
1228
1282
1324
1366
1421
1512
1565
1503
1442
1516
1669
1718
1565
1306
1093
893
560
160
-129
-389
-807
-1220
-1320
-1187
-1104
-1059
-870
-569
-259
107
515
802
926
1011
1118
1194
1215
1199
1147
1074
1033
1058
1121
1175
1198
1180
1109
1045
1015
882
563
217
-25
-231
-439
-597
-704
-763
-680
-429
-111
165
358
551
831
1107
1208
1148
1061
990
885
739
593
509
477
439
453
606
775
817
832
912
963
930
875
776
568
298
50
-173
-402
-608
-738
-791
-846
-927
-961
-942
-970
-1108
-1309
-1514
-1738
-2064
-2523
-3025
-3420
-3615
-3653
-3672
-3736
-3672
-3275
-2634
-2034
-1555
-1060
-499
46
531
952
1251
1387
1426
1422
1423
1500
1644
1651
1455
1345
1545
1788
1725
1470
1308
1184
901
545
289
43
-352
-800
-1065
-1094
-1020
-967
-947
-865
-600
-152
262
484
633
851
1067
1180
1258
1345
1359
1278
1190
1161
1213
1325
1359
1216
1058
1062
1065
863
589
405
181
-169
-425
-471
-503
-631
-694
-560
-300
-12
255
456
596
769
979
1074
993
880
837
772
629
521
517
534
515
528
632
768
858
881
858
813
777
705
496
199
5
-79
-267
-546
-669
-641
-704
-872
-951
-920
-940
-1095
-1330
-1567
-1824
-2179
-2623
-3060
-3408
-3609
-3672
-3702
-3736
-3603
-3184
-2623
-2122
-1672
-1170
-597
-42
410
725
961
1164
1284
1272
1267
1406
1546
1479
1309
1310
1488
1572
1424
1200
1045
873
587
276
21
-253
-597
-921
-1115
-1128
-1022
-940
-913
-786
-454
-32
314
532
690
870
1066
1191
1231
1274
1347
1353
1257
1176
1238
1368
1367
1226
1115
1083
1015
845
608
351
75
-217
-487
-658
-742
-815
-838
-688
-422
-187
30
318
613
831
1003
1110
1076
985
973
947
788
617
573
574
557
628
783
864
877
939
993
956
902
847
639
307
104
30
-181
-503
-632
-586
-645
-777
-762
-682
-749
-924
-1098
-1311
-1593
-1932
-2374
-2896
-3303
-3473
-3523
-3594
-3650
-3547
-3199
-2657
-2051
-1502
-1027
-560
-69
396
790
1079
1213
1197
1171
1250
1390
1481
1462
1374
1353
1504
1692
1679
1461
1241
1067
809
461
124
-206
-602
-994
-1218
-1241
-1173
-1116
-1061
-888
-542
-125
220
486
729
933
1080
1212
1315
1326
1278
1256
1250
1228
1263
1360
1383
1295
1226
1223
1152
938
656
352
18
-314
-591
-814
-996
-1114
-1129
-1003
-746
-440
-172
99
449
809
1054
1153
1141
1063
990
953
869
729
619
563
546
634
826
968
1004
1041
1115
1132
1061
933
728
426
123
-84
-260
-494
-703
-787
-815
-842
-787
-685
-722
-896
-1035
-1146
-1380
-1744
-2167
-2666
-3183
-3498
-3538
-3513
-3586
-3645
-3455
-2925
-2216
-1610
-1189
-768
-248
259
653
925
1067
1095
1071
1058
1114
1259
1370
1308
1191
1273
1538
1675
1517
1256
1086
893
534
150
-118
-408
-846
-1233
-1323
-1186
-1066
-1028
-920
-608
-157
255
526
708
879
1041
1151
1193
1174
1126
1071
997
930
974
1128
1212
1133
1057
1104
1132
988
730
465
169
-174
-495
-761
-993
-1171
-1241
-1188
-996
-682
-342
-64
218
584
934
1131
1177
1152
1094
1017
917
769
614
538
538
556
620
780
963
1059
1084
1117
1148
1080
883
623
364
121
-101
-320
-530
-666
-707
-738
-790
-784
-721
-751
-923
-1103
-1243
-1489
-1903
-2372
-2808
-3183
-3405
-3415
-3359
-3373
-3334
-3019
-2433
-1785
-1232
-772
-339
108
556
936
1186
1316
1357
1334
1304
1368
1529
1625
1541
1430
1521
1750
1812
1605
1342
1155
910
538
192
-70
-402
-826
-1115
-1140
-1032
-968
-927
-777
-467
-69
291
544
717
867
1000
1088
1120
1121
1113
1081
1001
920
934
1020
1018
863
706
658
600
421
204
33
-135
-314
-426
-451
-446
-425
-363
-253
-75
182
403
479
492
602
753
785
699
619
594
593
621
680
723
734
748
765
776
815
849
756
539
370
321
234
29
-164
-233
-256
-321
-395
-428
-442
-481
-589
-760
-923
-1055
-1274
-1676
-2140
-2514
-2827
-3140
-3341
-3332
-3251
-3245
-3202
-2910
-2382
-1827
-1408
-1104
-781
-358
95
432
623
773
925
1021
1094
1293
1589
1731
1610
1468
1543
1698
1629
1316
975
683
380
86
-159
-423
-718
-924
-977
-933
-797
-571
-382
-300
-181
107
434
598
615
643
743
860
947
1021
1114
1199
1226
1229
1304
1429
1431
1218
922
696
497
189
-201
-533
-743
-846
-854
-811
-729
-549
-263
39
339
644
847
896
918
986
1009
938
813
663
566
607
740
826
841
888
1001
1097
1105
1043
930
729
457
206
20
-147
-326
-487
-575
-549
-438
-332
-292
-279
-264
-298
-433
-631
-858
-1169
-1605
-2091
-2518
-2883
-3220
-3449
-3460
-3311
-3171
-3056
-2776
-2244
-1632
-1167
-868
-578
-210
149
383
518
668
844
967
1035
1180
1473
1763
1845
1748
1718
1827
1813
1481
1024
701
429
21
-413
-657
-786
-970
-1113
-1032
-805
-594
-384
-155
24
208
488
721
741
696
805
971
1020
1030
1157
1336
1419
1420
1466
1574
1596
1403
1063
745
486
170
-224
-562
-792
-975
-1089
-1028
-814
-564
-316
-57
205
481
752
902
889
869
935
965
883
811
822
842
865
947
1037
1047
1008
976
903
776
661
528
274
-36
-220
-292
-399
-543
-595
-544
-485
-447
-388
-316
-302
-405
-595
-776
-917
-1098
-1399
-1784
-2129
-2406
-2701
-3013
-3161
-3059
-2908
-2888
-2865
-2588
-2056
-1538
-1221
-1013
-704
-281
89
322
518
761
971
1051
1105
1326
1644
1766
1617
1476
1529
1596
1422
1023
607
284
-15
-343
-620
-776
-893
-1040
-1113
-975
-678
-411
-257
-126
86
357
597
757
838
887
980
1123
1242
1326
1428
1525
1542
1510
1498
1474
1334
1051
716
427
175
-88
-352
-569
-728
-826
-841
-784
-677
-510
-304
-104
87
305
510
628
692
805
955
1036
1035
1051
1113
1148
1111
1049
979
892
790
677
563
460
357
220
67
-41
-96
-162
-269
-366
-404
-401
-410
-442
-447
-418
-431
-554
-716
-816
-889
-1063
-1371
-1709
-1994
-2273
-2616
-2936
-3039
-2907
-2766
-2734
-2640
-2278
-1725
-1222
-866
-550
-191
134
350
552
825
1061
1108
1037
1103
1406
1728
1780
1600
1490
1554
1550
1288
905
572
223
-205
-558
-700
-759
-913
-1087
-1067
-804
-468
-213
-48
98
277
485
663
770
853
960
1040
1077
1181
1401
1588
1595
1500
1474
1511
1449
1221
918
643
365
39
-249
-395
-464
-586
-720
-723
-569
-357
-169
-30
98
284
499
634
701
820
970
995
914
914
1013
1036
936
842
787
673
527
432
341
185
38
-38
-119
-233
-304
-336
-420
-545
-619
-598
-539
-530
-592
-648
-649
-664
-746
-832
-893
-1039
-1315
-1596
-1820
-2112
-2526
-2871
-2961
-2844
-2705
-2630
-2508
-2177
-1641
-1087
-675
-391
-117
181
423
577
742
951
1080
1078
1125
1391
1726
1830
1669
1485
1403
1277
985
588
186
-229
-638
-935
-1054
-1063
-1074
-1098
-1029
-811
-527
-286
-114
16
114
220
385
592
787
971
1165
1338
1483
1646
1812
1879
1791
1588
1355
1125
863
529
187
-54
-197
-312
-377
-344
-274
-236
-184
-69
42
86
110
170
261
380
537
691
820
994
1221
1359
1364
1350
1330
1212
1028
856
663
427
222
77
-41
-105
-101
-125
-251
-393
-417
-372
-435
-606
-702
-670
-662
-732
-772
-749
-758
-858
-1008
-1150
-1325
-1652
-2149
-2621
-2846
-2801
-2691
-2703
-2760
-2585
-2093
-1522
-1078
-735
-444
-238
-72
167
496
804
977
1027
1128
1440
1886
2187
2164
1959
1803
1667
1389
1004
636
225
-284
-697
-831
-786
-764
-836
-947
-970
-842
-666
-568
-521
-467
-412
-300
8
470
848
1050
1229
1505
1776
1932
1964
1871
1657
1418
1237
1099
988
865
622
301
109
83
1
-252
-547
-763
-884
-925
-896
-777
-512
-137
200
454
726
1055
1318
1412
1383
1322
1253
1168
1071
998
962
896
762
646
617
589
445
208
-29
-216
-355
-476
-599
-701
-728
-667
-575
-521
-503
-470
-448
-510
-639
-773
-898
-1023
-1143
-1287
-1484
-1723
-1998
-2318
-2614
-2757
-2700
-2554
-2488
-2494
-2375
-2004
-1484
-1017
-667
-384
-108
182
483
789
1087
1286
1312
1299
1486
1849
2074
1963
1676
1418
1195
938
642
335
-23
-433
-750
-886
-880
-829
-874
-986
-997
-902
-759
-605
-482
-379
-273
-61
325
752
1123
1432
1592
1634
1695
1776
1787
1637
1411
1163
904
767
726
680
480
209
50
-32
-78
-143
-235
-335
-408
-380
-261
-60
189
408
545
666
827
970
1051
1104
1133
1087
1013
1004
1011
936
808
678
520
352
245
161
11
-185
-339
-444
-509
-500
-441
-453
-552
-603
-528
-429
-432
-552
-687
-772
-863
-961
-1056
-1158
-1390
-1829
-2277
-2579
-2673
-2594
-2447
-2348
-2379
-2323
-1978
-1447
-964
-652
-456
-360
-246
89
594
1028
1255
1367
1479
1701
2029
2302
2322
1996
1600
1298
979
659
401
148
-241
-637
-757
-677
-638
-701
-789
-880
-955
-930
-788
-630
-500
-343
-115
219
639
1002
1236
1355
1448
1476
1468
1540
1545
1376
1111
971
958
869
732
556
272
-126
-468
-593
-562
-504
-492
-510
-444
-193
140
448
696
873
915
843
882
1057
1234
1309
1269
1191
1141
1221
1308
1177
858
517
228
-25
-168
-207
-326
-558
-702
-642
-522
-461
-479
-559
-676
-755
-733
-700
-666
-649
-696
-761
-790
-708
-729
-946
-1291
-1736
-2244
-2737
-2928
-2802
-2601
-2551
-2546
-2318
-1878
-1348
-941
-663
-514
-473
-365
-71
415
865
1170
1404
1637
1932
2243
2389
2237
1925
1603
1204
726
406
310
157
-179
-468
-532
-525
-609
-756
-879
-982
-1087
-1151
-1059
-757
-400
-187
-18
328
750
980
1078
1244
1368
1305
1224
1285
1330
1232
1134
1084
962
754
531
246
-116
-421
-571
-589
-496
-285
-109
-7
150
342
509
626
751
804
755
801
956
1103
1235
1434
1561
1493
1346
1269
1152
867
582
298
-22
-264
-306
-235
-258
-257
-162
-156
-333
-494
-546
-631
-786
-876
-793
-702
-603
-483
-403
-434
-576
-698
-913
-1271
-1739
-2251
-2712
-3023
-2982
-2677
-2346
-2134
-2007
-1820
-1527
-1186
-925
-783
-715
-627
-409
9
590
1178
1636
1935
2145
2288
2342
2238
2016
1700
1316
959
647
468
388
295
126
-77
-206
-410
-759
-1036
-1086
-1052
-1095
-1055
-796
-476
-253
-20
349
689
781
740
773
825
830
854
931
1040
1102
1061
1013
1012
964
795
535
286
78
-153
-324
-320
-256
-221
-94
126
288
362
433
518
580
643
739
810
869
1033
1275
1436
1446
1377
1273
1130
961
767
513
224
-8
-138
-170
-191
-167
-113
-96
-144
-297
-441
-592
-731
-809
-800
-701
-640
-580
-530
-492
-519
-608
-733
-995
-1376
-1896
-2435
-2873
-3056
-2889
-2557
-2233
-2041
-1924
-1756
-1498
-1205
-994
-854
-735
-613
-424
-53
474
1003
1430
1730
1899
1951
1913
1767
1528
1297
1112
894
636
443
332
209
78
-1
-113
-368
-659
-829
-918
-986
-927
-726
-541
-412
-207
61
252
350
442
523
568
605
650
691
746
843
940
972
921
808
653
472
281
87
-98
-201
-162
-31
104
229
355
439
468
488
523
537
528
547
620
723
835
964
1096
1165
1144
1073
973
824
627
436
287
163
66
32
57
83
77
66
59
7
-114
-243
-334
-390
-397
-332
-233
-159
-130
-151
-226
-343
-489
-649
-833
-1091
-1453
-1850
-2136
-2237
-2186
-2023
-1789
-1563
-1426
-1385
-1358
-1288
-1197
-1118
-1019
-852
-601
-282
75
406
648
781
835
851
845
811
739
627
503
427
440
460
400
321
296
281
210
85
-34
-119
-186
-203
-113
53
206
311
397
465
482
465
434
379
332
336
375
422
471
516
539
527
456
355
299
282
249
205
181
163
151
206
339
455
507
536
548
518
465
410
388
394
384
369
384
430
470
465
433
396
295
139
23
-32
-76
-120
-116
-52
19
68
104
136
149
124
56
-25
-74
-92
-99
-76
13
98
85
0
-64
-123
-234
-373
-488
-586
-698
-805
-861
-853
-791
-723
-688
-686
-701
-689
-670
-702
-728
-690
-645
-614
-562
-458
-341
-281
-264
-256
-267
-282
-311
-358
-345
-267
-218
-225
-230
-204
-200
-235
-239
-185
-134
-113
-83
-26
42
108
172
219
258
311
339
320
291
290
283
237
214
231
265
299
329
356
348
333
317
283
261
255
270
273
281
344
389
416
469
547
592
569
531
481
425
382
373
394
409
406
377
340
322
318
291
239
188
133
77
52
61
80
100
125
143
148
144
132
92
33
-21
-85
-126
-140
-144
-122
-103
-87
-91
-103
-120
-192
-277
-322
-323
-342
-383
-398
-363
-336
-336
-298
-253
-248
-310
-365
-352
-322
-299
-293
-294
-316
-365
-413
-410
-392
-421
-462
-492
-472
-423
-331
-209
-119
-72
-63
-20
14
4
-3
0
36
99
170
248
358
441
440
427
403
330
266
259
248
194
151
157
182
189
185
185
183
181
172
151
111
52
-14
-58
-49
17
97
150
182
206
194
122
28
-51
-102
-104
-51
43
153
213
170
47
-99
-180
-103
120
390
596
648
519
295
149
179
307
436
564
667
678
542
276
-2
-198
-291
-257
-115
17
35
-64
-212
-311
-334
-323
-309
-297
-292
-293
-301
-305
-303
-301
-264
-176
-107
-111
-183
-302
-427
-517
-545
-503
-420
-348
-315
-306
-298
-326
-397
-457
-486
-492
-462
-399
-317
-233
-143
-24
84
146
190
243
269
250
236
258
272
260
269
324
393
432
432
397
323
244
181
128
71
22
6
44
91
139
167
168
163
144
155
177
174
162
119
82
82
107
127
141
140
149
154
110
56
-18
-71
-101
-125
-126
-102
-56
-20
28
102
185
230
248
267
277
277
244
218
206
208
245
291
341
360
342
296
215
124
33
-43
-98
-124
-129
-142
-153
-167
-187
-241
-303
-324
-337
-340
-376
-440
-525
-620
-691
-741
-742
-720
-729
-770
-791
-743
-666
-593
-545
-518
-466
-356
-193
-52
28
79
140
224
322
404
449
473
488
510
588
667
702
668
593
532
467
392
321
266
215
159
108
85
74
49
40
21
-2
-45
-94
-87
-37
48
131
215
277
331
383
387
359
289
229
221
206
181
151
101
42
12
14
-2
-64
-165
-244
-298
-332
-327
-310
-266
-217
-177
-117
-68
-17
48
120
177
213
252
299
327
305
251
199
170
197
278
330
292
200
134
121
122
112
82
22
-41
-66
-69
-73
-109
-188
-255
-266
-250
-244
-278
-355
-455
-577
-716
-849
-937
-966
-964
-965
-968
-964
-929
-830
-686
-570
-520
-486
-406
-267
-89
101
253
352
454
570
673
738
758
754
755
756
740
687
579
466
366
309
285
248
188
86
9
-37
-49
-38
-52
-83
-115
-103
-75
-24
42
85
131
199
294
367
417
420
355
277
193
157
148
112
88
63
38
19
-16
-48
-88
-133
-160
-164
-143
-136
-144
-128
-74
0
75
129
152
155
175
221
258
261
233
202
188
177
161
152
135
123
120
109
102
95
75
75
105
140
155
119
46
-19
-56
-88
-128
-186
-276
-393
-527
-654
-779
-892
-934
-954
-981
-1030
-1064
-1050
-1004
-909
-808
-711
-582
-414
-236
-91
8
64
119
219
350
488
589
630
632
646
667
659
653
618
548
479
382
270
146
36
-10
9
49
85
108
113
99
81
83
102
130
172
210
228
241
261
278
286
297
297
273
220
150
97
36
-18
-32
-59
-86
-111
-155
-175
-171
-146
-114
-105
-104
-94
-80
-52
3
43
86
158
221
256
263
238
178
119
82
66
79
89
93
89
85
78
52
28
24
37
64
94
106
88
74
83
98
89
62
14
-59
-136
-235
-357
-482
-572
-593
-605
-614
-656
-722
-761
-763
-723
-685
-656
-628
-603
-522
-402
-254
-117
-21
76
162
220
248
253
242
235
275
310
334
330
292
253
201
181
173
146
98
46
27
36
50
49
52
86
145
220
280
318
330
325
324
323
348
345
323
318
298
287
274
242
203
153
89
25
-6
-20
-49
-97
-143
-148
-111
-74
-53
-40
-46
-49
-19
24
59
73
58
47
56
62
74
91
99
107
112
93
61
36
10
-11
-1
20
46
52
19
2
-12
-39
-44
-48
-68
-109
-166
-216
-267
-313
-356
-394
-416
-441
-457
-476
-506
-521
-502
-461
-412
-357
-293
-238
-197
-171
-149
-112
-58
-10
33
66
79
89
127
193
242
242
207
155
113
101
87
59
42
43
72
119
133
119
93
74
79
97
119
130
145
146
136
158
175
197
223
233
263
276
272
266
251
246
237
223
211
193
183
159
125
112
107
110
108
76
39
21
16
28
33
13
-12
-24
-24
-27
-48
-77
-105
-120
-103
-62
-33
-31
-40
-53
-56
-64
-62
-49
-27
-21
-9
12
6
2
-14
-19
-28
-41
-94
-142
-187
-238
-281
-306
-309
-277
-252
-269
-303
-329
-364
-357
-341
-312
-308
-291
-266
-215
-160
-117
-104
-87
-58
-20
20
41
16
-15
-11
21
62
86
77
73
87
112
153
179
154
111
92
108
134
146
145
120
104
123
151
168
163
123
83
67
60
58
67
68
69
66
77
87
86
89
91
93
84
98
115
150
159
155
129
117
114
125
135
130
111
103
105
110
122
120
93
64
33
-1
-26
-36
-25
3
14
12
5
-11
-20
-10
-5
-2
-4
-19
-37
-41
-46
-59
-65
-68
-73
-64
-51
-61
-94
-142
-187
-204
-208
-222
-248
-267
-261
-237
-205
-176
-168
-176
-171
-161
-161
-160
-154
-150
-140
-108
-73
-45
-26
-17
-20
-21
-20
-28
-38
-44
-42
-33
-13
16
45
58
53
49
51
62
79
84
78
77
84
106
123
131
134
124
116
126
135
131
122
107
83
71
61
52
53
61
68
69
59
45
44
54
59
55
51
51
60
71
82
93
95
85
75
64
57
59
65
79
84
76
64
44
22
10
1
-9
-3
5
11
26
31
19
8
-3
-9
0
-3
-18
-28
-48
-67
-74
-81
-83
-82
-84
-91
-96
-103
-123
-151
-171
-187
-186
-171
-170
-168
-161
-153
-125
-91
-73
-68
-78
-86
-77
-56
-40
-37
-43
-40
-31
-18
-14
-24
-43
-55
-62
-60
-55
-57
-64
-73
-78
-68
-48
-21
7
23
33
42
46
49
47
33
30
36
49
79
106
125
133
119
91
68
57
59
59
51
42
41
54
68
70
58
44
39
51
65
73
75
69
69
76
84
85
82
70
60
58
60
65
71
65
52
44
36
28
21
16
21
33
46
53
56
55
51
44
40
32
26
22
18
13
9
2
-6
-19
-37
-57
-76
-89
-94
-94
-93
-92
-97
-102
-106
-108
-109
-111
-112
-107
-92
-75
-57
-49
-49
-50
-52
-51
-50
-49
-47
-39
-28
-18
-10
-14
-22
-33
-36
-34
-31
-28
-29
-28
-26
-19
-12
-9
-12
-18
-21
-18
-6
6
15
14
10
9
11
15
17
17
18
21
31
39
40
38
34
31
32
33
31
29
30
36
45
57
63
60
51
43
41
44
51
55
54
50
46
43
39
34
29
21
16
14
16
22
25
27
21
15
10
7
10
12
12
15
18
25
31
31
25
13
0
-10
-17
-20
-21
-20
-20
-22
-25
-29
-33
-36
-38
-38
-41
-44
-44
-42
-35
-29
-25
-27
-32
-33
-31
-26
-23
-24
-27
-31
-31
-27
-21
-17
-15
-14
-14
-14
-13
-11
-13
-15
-17
-19
-17
-12
-5
3
9
12
11
6
1
-4
-6
-5
-5
-7
-8
-8
-6
-3
1
0
-4
-6
-7
-4
0
5
9
11
14
17
19
20
19
15
13
13
16
19
20
23
26
30
32
31
26
22
18
16
15
14
14
15
16
17
15
10
7
9
13
18
19
17
14
12
14
14
13
13
12
13
14
15
13
10
6
-1
-7
-12
-12
-10
-9
-6
-4
-1
-2
-11
-20
-24
-22
-20
-20
-21
-17
-11
-8
-11
-14
-14
-13
-16
-19
-21
-19
-15
-10
-8
-9
-7
-8
-10
-7
-4
-7
-11
-10
-5
-5
-7
-8
-6
-1
2
-2
-6
-8
-9
-7
-6
-5
-6
-8
-11
-8
-6
-2
2
5
0
-6
-8
-6
-7
-8
-6
-1
2
0
0
6
9
10
9
10
12
10
6
7
12
17
18
17
20
23
21
16
11
11
11
13
17
19
20
18
17
18
16
10
5
4
2
2
1
2
2
1
1
0
-2
-6
-9
-9
-8
-5
-2
-2
-3
-7
-8
-9
-9
-4
-2
-2
2
-3
-5
-3
-5
-6
-1
-3
-5
-4
-6
-7
-8
-9
-9
-10
-13
-18
-18
-11
-6
-3
-3
-5
-8
-9
-10
-8
-5
-4
-1
1
2
0
-1
1
3
5
6
4
0
-2
-1
3
3
0
-3
-4
-3
-4
-4
-2
-1
1
0
1
2
0
1
2
4
9
5
0
4
4
3
5
3
7
12
9
8
12
13
15
15
14
15
14
13
7
5
6
6
6
8
8
2
0
5
7
4
3
2
-5
-10
-9
-6
-5
0
-1
-4
-7
-10
-13
-11
-9
-4
-1
1
1
1
2
-1
-5
-7
-7
-5
-2
2
3
1
-2
-4
-2
-1
0
-1
-3
-2
-1
-1
-3
-2
1
3
4
3
-1
-1
-2
-4
-3
0
4
7
9
11
10
7
3
0
-5
-8
-8
-6
-3
1
2
5
5
2
-4
-7
-8
-8
-6
-2
3
1
-4
-7
-5
-3
-4
-5
-2
1
4
2
2
1
1
1
3
4
4
3
4
5
6
4
1
0
2
5
7
9
7
6
4
4
4
5
3
1
-1
-4
-5
-6
-6
-5
-2
-2
-1
-1
0
-1
0
0
1
2
3
5
5
5
4
2
0
1
4
3
1
-1
-1
0
2
2
0
-3
-5
-3
-3
-4
-4
-5
-4
-6
-6
-8
-7
-3
1
5
5
1
-1
0
1
2
0
-1
0
4
8
6
5
6
1
-5
-8
-8
-8
-5
-2
0
-1
2
0
2
-1
-3
-2
-1
0
1
-1
1
1
1
0
-2
-3
-2
0
3
3
1
1
3
4
5
3
2
0
-1
-1
1
2
2
3
6
10
8
4
2
4
3
0
-2
0
3
2
0
-3
-5
-8
-9
-10
-9
-6
-3
1
-1
-5
-4
-3
-4
-6
-5
0
4
6
5
2
0
-2
-1
2
2
1
3
8
9
6
0
-2
-3
-5
-7
-8
-6
-3
1
0
-1
0
0
1
3
4
3
2
1
1
-1
-2
-4
-2
1
-2
-1
-2
-1
2
2
4
4
4
3
1
1
-1
0
1
3
4
2
0
-1
0
0
-1
0
0
0
3
5
5
3
4
7
7
4
0
1
7
7
7
3
5
8
6
4
4
3
4
4
4
4
0
-6
-6
-8
-7
-5
-6
-7
-10
-9
-7
-4
-3
-7
-7
-6
-4
-4
-3
-5
-5
-5
-2
1
0
0
-1
0
0
2
1
0
2
1
0
0
2
-1
-4
-6
-5
-5
-3
1
1
0
-4
-3
3
5
4
2
6
7
9
6
3
-2
-3
-2
1
2
1
1
1
0
-1
-1
1
1
-1
-1
1
2
3
2
1
2
0
0
1
-1
2
5
4
6
5
4
4
2
-3
-5
-5
-3
1
1
0
-3
-3
0
1
3
2
2
4
6
4
4
6
7
5
7
9
6
4
6
6
1
2
2
-1
-2
-1
1
0
-3
-6
-6
-5
-10
-12
-9
-9
-8
-3
2
-1
-5
-1
-1
-2
5
6
3
4
4
1
2
2
-1
-2
0
1
0
-3
-3
-3
1
1
-2
-4
-2
1
2
-2
-3
-1
0
-2
-1
-1
-1
-1
-3
-3
-4
-7
-6
-6
-2
-1
-1
0
-2
0
-1
0
1
4
6
7
7
4
1
1
0
1
1
-1
3
7
5
5
4
0
1
0
-2
0
5
6
4
4
3
2
0
2
4
2
-1
1
3
5
5
6
4
3
3
5
4
7
2
-2
5
6
5
6
0
2
7
-1
-3
1
1
4
5
3
1
-2
-6
-5
-6
-3
-1
2
4
4
2
1
0
-1
1
3
2
1
2
1
1
-1
-7
-4
-2
-2
-2
-4
1
7
0
-2
2
-4
-6
-5
-5
-7
-7
-4
-4
-6
-1
-4
-1
4
0
-2
0
-2
-1
2
-2
-1
-1
-1
0
0
-1
-2
0
1
2
3
3
4
3
1
0
2
2
0
0
2
2
0
0
-2
1
-3
-2
1
0
5
0
2
6
1
3
-4
-3
-1
-2
-1
-1
5
7
5
3
4
7
6
5
3
3
3
3
3
1
1
2
1
1
1
3
4
6
5
3
0
2
4
4
4
2
3
3
4
3
0
-2
-3
-1
1
1
0
-2
-2
-2
-3
-1
-1
-1
-1
-3
-4
-4
-2
-1
-2
-1
0
-1
0
0
0
0
0
0
-1
0
-2
-2
-2
0
0
0
-2
-3
-3
-2
-1
0
0
0
2
2
1
0
0
1
2
1
2
1
-1
3
2
3
5
8
7
4
5
-1
0
0
-4
-2
-4
-5
-4
-6
-9
-8
-8
-6
-2
0
0
-3
-8
-9
-5
-2
-1
-2
-3
0
3
3
-1
0
3
7
6
5
3
0
1
2
6
4
1
0
3
5
2
0
0
2
1
-1
0
2
3
5
2
2
3
1
2
2
0
0
1
1
5
4
-2
-2
-2
2
3
3
1
2
2
-1
-2
-3
-2
-1
2
2
1
-1
0
1
4
5
2
0
-1
0
0
-2
-1
-1
-1
-3
-6
-7
-7
-6
-4
-2
-2
-4
-6
-4
-1
1
1
1
1
2
1
1
-2
-1
-2
1
2
4
2
-2
-3
-1
1
2
2
1
1
-1
-4
-3
-1
1
1
-2
-4
-6
-7
-4
-1
-1
-3
-3
-2
-2
-3
-2
0
1
2
2
2
1
-1
-1
1
-1
-1
3
7
7
6
4
8
8
5
3
6
5
2
0
1
1
-3
-3
-1
2
1
1
3
3
0
-2
-2
0
0
0
0
-2
-2
-3
1
2
-2
0
1
2
-1
-7
-2
-4
-1
-2
-4
0
-1
0
-2
-5
-4
-3
-1
0
-3
-3
0
1
1
1
-1
3
4
0
0
1
1
4
5
2
1
1
0
0
0
-1
-2
-2
-2
-2
-2
0
-2
-1
5
1
-4
-1
-3
-6
-1
-2
-4
-2
-1
0
-1
-3
-2
0
1
1
-2
-4
-2
-1
0
0
1
2
1
2
5
6
3
2
3
3
2
0
0
0
1
2
1
2
3
3
3
3
3
4
4
2
1
1
3
2
1
1
2
4
5
3
3
5
2
5
3
2
0
-2
5
0
-1
-1
2
7
1
-1
-4
-6
-4
-5
-5
-3
-1
-3
-3
-2
-2
-3
2
0
-5
0
-2
-5
-2
-3
-5
-2
-4
-3
-1
-2
-1
0
-1
0
0
-1
0
-1
0
1
1
0
-1
-3
-1
0
-1
2
0
0
2
0
3
0
0
2
-4
0
-3
-5
-2
-4
-1
-3
-1
1
-6
3
1
-3
3
0
-1
2
0
1
0
-4
-2
0
0
2
1
1
-1
-1
0
-1
-2
-1
1
1
2
2
4
5
5
4
4
6
6
7
8
9
8
7
5
3
2
0
-1
-2
-1
0
0
1
0
-1
0
1
0
1
3
1
-1
3
2
3
4
1
1
5
1
-1
4
2
1
4
1
-2
0
-1
-4
-3
-4
-5
-3
-2
-5
-5
-2
-3
-5
-5
-2
-5
-6
-3
-3
-4
-1
2
1
-1
1
1
0
0
0
0
1
1
2
1
0
2
-1
-2
-2
-6
1
-3
-4
1
-5
-3
-6
-3
2
-4
-3
-3
1
5
-4
-4
-2
-2
-2
-5
-2
0
-1
-3
-1
2
4
2
5
6
3
6
3
2
6
1
1
5
3
2
2
0
2
3
3
0
-1
6
2
0
5
-1
1
4
1
2
1
-1
0
1
3
1
3
1
-1
3
3
5
5
4
3
0
0
0
2
3
-1
-2
-2
-2
-1
-2
-4
-1
1
0
2
2
-1
1
3
1
1
1
0
-2
-1
-3
-3
-2
-3
-3
-3
-2
-2
-1
1
1
1
1
2
0
-1
0
-2
1
-5
-3
-1
-3
0
-6
-3
-1
-2
3
-1
1
-1
-1
-1
0
-2
-2
-1
-4
1
-2
1
1
-1
5
3
5
3
1
6
4
5
1
1
4
3
3
3
4
4
5
1
5
7
5
1
-1
4
5
3
-1
-1
-1
-1
-1
1
1
1
2
-1
0
2
3
4
3
3
1
-1
0
-2
-6
-4
-6
-6
-2
-6
-5
2
-1
-1
2
2
3
2
0
3
1
0
-1
0
1
-2
0
5
-3
1
6
0
0
3
1
1
3
2
1
0
0
1
-1
0
0
2
0
-3
-1
0
-1
-6
-5
2
1
-1
-3
-1
1
-4
-5
-1
2
0
-2
-2
0
1
1
0
1
1
-1
2
2
0
2
3
2
4
2
0
0
-1
-1
1
1
1
0
0
0
-1
0
0
1
0
0
0
1
-2
0
-2
0
0
-1
4
1
4
4
2
5
-1
3
5
4
3
0
2
1
0
0
0
-3
-1
2
2
4
6
4
2
4
4
0
1
4
1
-1
1
2
-4
-1
4
-2
-1
-3
-3
-4
-5
-3
-3
-4
-3
-1
-1
-1
-2
-4
-3
-2
-1
-3
-3
-3
-2
-1
0
0
-1
-1
-3
-2
0
-1
1
1
1
1
1
0
0
1
1
2
3
0
3
3
1
4
6
6
6
1
0
2
3
1
-1
-1
0
3
3
0
-1
1
3
4
3
2
1
1
2
1
0
1
3
4
3
5
4
0
2
1
0
6
0
-1
3
-1
-1
3
5
1
0
0
-3
-4
-4
0
0
-2
0
-1
-4
-3
-2
-2
-1
-2
-5
-4
-5
-1
-4
-1
1
-2
4
0
1
1
-1
1
-5
-1
-1
-4
-2
-3
-3
-5
-4
-4
-4
-2
-1
0
0
2
1
1
0
0
0
0
0
0
0
-1
0
-1
0
0
1
3
4
5
5
2
2
1
3
4
3
2
2
4
5
5
4
3
5
4
4
4
4
4
3
3
4
4
3
6
3
4
2
2
3
3
1
-1
0
2
3
3
3
2
2
5
3
-2
0
3
2
-3
-2
3
0
-3
-2
0
-2
-2
-1
0
-3
-4
-2
-1
0
2
1
1
0
-2
1
0
-4
-1
-2
-4
-1
-3
-2
3
-2
-2
0
0
-1
-2
-4
-3
-2
-2
0
0
-2
-1
1
-1
-5
0
0
-1
-2
1
0
0
1
1
-1
0
-1
-3
-1
-2
-5
0
0
-1
1
-2
1
2
-4
-1
3
-1
-2
1
-1
-1
0
0
1
1
0
-1
4
5
3
4
1
-2
2
-1
-1
3
1
0
2
0
1
1
1
2
2
0
0
1
4
6
7
4
1
2
2
0
-2
-3
-2
-1
-2
-5
-6
-5
-3
-3
2
0
-3
0
-3
-3
3
0
2
4
0
1
4
0
0
3
3
0
0
5
0
1
7
1
2
5
-1
1
0
-1
2
2
0
6
4
4
5
2
4
8
-2
0
5
-2
-1
0
3
-1
1
5
-2
3
3
2
4
-2
-1
2
0
-1
-2
-7
-7
-4
-5
-1
0
-1
-2
-4
-3
-2
-3
-2
2
-1
-3
0
0
-3
1
3
-1
-3
-2
-1
-1
0
3
-1
0
0
0
1
-1
3
0
1
1
-2
2
-2
-1
5
0
4
0
3
6
3
6
0
0
6
1
2
-5
-4
2
-7
-4
6
4
1
4
7
4
0
0
3
0
-2
-2
-1
-1
-2
-3
-2
-2
-2
0
-2
-3
-4
-3
-2
0
-2
2
1
-1
3
-3
-2
3
-4
1
-1
0
6
0
2
1
0
2
-3
0
2
0
1
-3
-1
0
-1
1
2
4
1
-3
-1
2
2
0
0
3
5
1
0
1
1
3
3
6
4
2
2
5
4
1
0
2
6
5
2
4
3
3
3
3
2
0
1
5
5
1
0
3
3
2
-1
0
