-40
-43
-41
-30
-26
-22
-15
-5
2
1
-1
3
9
11
17
25
35
37
35
37
38
37
35
38
43
48
47
44
46
42
35
30
28
29
27
23
21
19
15
6
-1
-4
-9
-14
-17
-16
-18
-26
-31
-30
-33
-37
-38
-35
-34
-36
-33
-38
-36
-33
-39
-34
-36
-24
-25
-27
-17
-16
-14
-22
-9
-5
-7
-2
10
8
1
15
8
5
14
13
11
18
24
20
15
17
20
16
17
20
28
29
23
26
32
29
22
22
21
23
24
22
24
28
26
17
7
5
6
2
-1
-3
-2
-3
-12
-20
-21
-27
-34
-38
-34
-27
-26
-26
-28
-30
-31
-35
-36
-31
-24
-20
-16
-9
-6
-7
-10
-10
-5
0
3
9
17
20
17
13
12
13
11
11
18
25
28
29
29
24
22
17
15
19
19
24
17
20
22
5
15
4
-1
8
-2
7
-4
9
-6
-13
-5
-25
-17
-18
-17
-20
-9
-24
-23
-22
-22
-28
-26
-19
-22
-15
-16
-20
-17
-18
-21
-15
-12
-6
-6
-3
-6
0
-6
-5
-3
0
5
6
11
13
12
7
9
9
6
9
15
19
22
25
27
28
26
18
15
20
23
25
33
36
37
32
23
21
18
18
13
11
14
11
5
-4
-13
-20
-27
-33
-34
-29
-24
-27
-33
-37
-41
-47
-47
-45
-42
-36
-31
-27
-22
-19
-23
-25
-22
-18
-12
-3
4
11
11
7
6
8
11
14
23
32
39
40
37
31
30
27
26
35
41
40
37
42
32
27
23
15
16
17
21
8
19
7
-3
-5
-10
-10
-14
-6
-11
-10
-18
-17
-31
-39
-30
-31
-36
-26
-14
-28
-27
-18
-27
-32
-33
-17
-27
-27
-8
-30
-12
-22
-17
-13
-24
-5
-7
-6
-1
3
3
-6
-1
5
-3
5
12
18
17
18
26
22
31
30
26
36
33
39
36
42
56
55
51
45
48
44
38
28
29
36
26
15
9
6
-5
-23
-33
-35
-31
-33
-41
-37
-34
-48
-63
-67
-64
-62
-64
-58
-49
-39
-43
-49
-46
-48
-48
-47
-33
-15
-7
-1
4
11
10
3
8
18
33
49
55
69
69
75
53
61
72
60
69
76
91
72
72
66
38
41
31
18
38
41
30
17
15
6
-25
-24
-32
-35
-29
-36
-49
-41
-57
-75
-83
-72
-70
-77
-63
-76
-63
-84
-87
-94
-96
-79
-85
-71
-58
-53
-57
-62
-50
-48
-58
-34
-16
-13
4
7
11
13
19
22
27
52
61
73
80
94
103
104
109
112
118
122
126
139
144
143
139
136
133
114
107
101
92
87
72
57
41
23
1
-28
-48
-66
-89
-99
-106
-120
-134
-149
-162
-172
-177
-183
-181
-171
-165
-163
-152
-143
-139
-130
-116
-97
-76
-53
-35
-14
5
12
19
33
57
62
91
106
119
144
124
142
131
144
134
136
165
138
150
135
123
99
91
82
61
60
82
32
40
36
1
-6
-35
-24
-66
-43
-51
-83
-55
-80
-111
-82
-116
-105
-110
-111
-89
-126
-93
-112
-112
-93
-122
-77
-82
-86
-65
-55
-58
-55
-34
-43
-30
-10
-6
-2
2
31
23
1
54
32
37
64
59
75
76
77
82
83
102
96
115
129
98
116
109
91
102
114
110
100
118
98
72
74
52
46
26
19
17
-1
-7
-39
-61
-68
-106
-118
-113
-118
-122
-130
-130
-154
-150
-156
-172
-148
-136
-132
-117
-99
-91
-88
-76
-64
-44
-16
0
17
43
53
47
56
72
77
86
115
119
138
129
138
116
114
128
84
134
102
118
116
85
86
62
51
26
34
36
22
10
21
-15
-34
-39
-55
-71
-61
-38
-76
-68
-52
-104
-91
-118
-90
-113
-110
-63
-113
-71
-89
-107
-110
-86
-100
-89
-44
-68
-40
-58
-41
-64
-63
-7
-54
-9
22
3
3
30
20
8
29
48
46
65
104
63
102
109
87
111
132
156
146
175
164
143
164
126
130
163
164
160
158
146
114
73
51
24
13
27
3
-15
-33
-67
-129
-177
-185
-206
-203
-192
-200
-187
-200
-233
-259
-247
-252
-235
-194
-162
-131
-114
-108
-119
-86
-73
-60
-3
42
69
87
100
93
104
106
117
140
184
199
172
199
192
138
151
152
139
169
151
168
130
133
87
61
64
38
68
20
55
23
-17
-12
-62
-73
-36
-96
-76
-54
-100
-85
-146
-99
-134
-171
-78
-152
-123
-86
-147
-116
-115
-123
-106
-103
-81
-64
-73
-49
-51
-53
-34
-35
-22
3
16
-3
16
47
19
13
54
58
38
71
91
67
88
105
86
105
140
130
146
161
147
154
136
145
156
148
160
150
141
130
86
67
60
30
10
-8
-13
-43
-71
-94
-154
-160
-191
-226
-209
-212
-215
-237
-240
-246
-254
-238
-229
-213
-176
-162
-147
-117
-95
-64
-58
-18
25
48
81
100
122
137
148
148
175
197
194
199
210
211
199
192
191
180
185
180
158
146
154
119
85
97
84
48
51
46
10
5
-27
-47
-65
-71
-80
-102
-105
-114
-132
-167
-169
-167
-175
-173
-175
-145
-148
-170
-144
-159
-160
-130
-127
-121
-84
-71
-76
-75
-54
-51
-64
-27
-5
-10
16
29
-5
21
29
6
43
66
77
81
99
100
74
79
88
106
151
192
204
228
233
185
150
165
196
213
250
270
264
223
151
72
45
63
42
37
57
26
-49
-132
-233
-280
-284
-296
-282
-243
-243
-302
-366
-396
-404
-377
-317
-264
-192
-167
-185
-190
-166
-113
-70
-1
89
144
166
169
167
175
204
226
253
313
324
283
263
224
201
207
200
221
221
210
169
103
105
72
36
64
60
52
29
-7
-48
-84
-88
-89
-98
-65
-82
-111
-120
-156
-162
-172
-148
-145
-135
-154
-153
-158
-180
-165
-177
-139
-130
-123
-114
-118
-96
-103
-108
-74
-42
-31
-14
-14
-5
-3
2
22
22
60
73
57
63
82
85
66
95
109
109
132
139
153
179
196
204
193
196
204
195
210
228
215
204
186
160
112
89
62
41
49
6
-24
-52
-108
-164
-213
-241
-258
-269
-275
-283
-283
-296
-323
-329
-317
-283
-253
-221
-171
-152
-141
-125
-95
-41
8
55
88
131
157
161
181
202
229
249
257
261
267
241
215
201
184
184
171
146
134
114
75
55
35
33
24
-6
-1
-23
-30
-46
-72
-64
-70
-63
-70
-89
-79
-96
-105
-100
-110
-91
-96
-121
-110
-120
-146
-129
-119
-123
-127
-111
-112
-128
-119
-111
-115
-94
-77
-92
-69
-56
-56
-62
-61
-26
-17
-9
-1
8
35
35
34
56
89
115
115
127
163
189
230
257
264
267
249
243
266
311
319
305
289
258
209
158
134
129
106
54
2
-37
-78
-156
-243
-287
-312
-341
-367
-373
-376
-378
-409
-444
-407
-358
-321
-284
-249
-204
-168
-149
-101
-29
38
83
119
159
199
222
226
252
281
303
311
297
301
290
261
232
217
208
187
158
123
108
83
55
26
3
-3
-22
-50
-67
-74
-78
-96
-111
-93
-100
-116
-125
-135
-120
-106
-95
-101
-91
-86
-106
-112
-114
-91
-86
-102
-90
-78
-83
-94
-99
-85
-69
-66
-75
-69
-62
-60
-55
-61
-42
-15
-20
-10
0
13
15
-1
25
38
61
76
82
119
151
183
205
192
172
178
212
255
266
262
252
230
189
122
94
114
118
88
35
2
-22
-78
-162
-215
-216
-222
-258
-284
-266
-254
-293
-346
-337
-275
-218
-200
-191
-154
-117
-110
-87
-17
61
111
123
142
200
238
254
269
291
337
330
307
308
299
281
252
221
210
190
126
68
37
24
-10
-60
-102
-142
-183
-228
-251
-253
-251
-279
-309
-317
-302
-286
-304
-290
-253
-219
-192
-189
-162
-115
-86
-72
-33
33
71
75
64
84
132
147
148
143
158
174
139
94
95
98
87
41
3
21
22
-24
-94
-84
-10
-1
-51
-67
26
131
84
39
169
366
376
188
127
357
578
450
226
300
525
478
105
-55
213
371
57
-356
-285
12
-131
-641
-848
-502
-309
-684
-1041
-847
-429
-517
-971
-975
-442
-134
-436
-662
-285
223
199
-138
4
579
835
533
342
709
1095
971
639
712
1085
1137
787
586
774
957
745
392
389
563
470
127
-67
54
121
-128
-419
-431
-312
-401
-660
-767
-641
-586
-767
-927
-842
-683
-693
-845
-836
-627
-508
-576
-637
-489
-268
-216
-286
-228
-22
105
64
27
159
341
364
272
275
409
474
367
260
325
441
412
247
156
228
279
174
47
95
223
220
24
-106
3
144
128
2
61
281
322
83
-139
-5
303
353
144
54
250
345
57
-279
-175
190
211
-158
-393
-198
-37
-354
-741
-669
-290
-243
-634
-812
-515
-263
-496
-818
-620
-127
-2
-303
-406
-39
275
151
-53
166
609
700
432
377
706
950
801
579
721
1022
1019
772
658
817
887
639
418
462
579
460
143
-10
34
-17
-276
-500
-498
-472
-625
-880
-994
-945
-984
-1170
-1280
-1198
-1081
-1121
-1226
-1186
-1024
-916
-913
-852
-618
-394
-315
-284
-144
93
251
311
397
594
775
803
805
879
981
997
931
935
995
958
835
724
701
680
535
434
465
467
306
116
148
321
275
22
30
373
513
149
-223
32
587
548
-47
-254
245
521
-100
-813
-580
132
-30
-1049
-1503
-879
-431
-1193
-2159
-1921
-990
-990
-2043
-2446
-1515
-744
-1240
-2053
-1622
-344
-20
-763
-977
64
1048
761
139
597
1789
2144
1447
1194
2001
2794
2531
1837
2041
2818
2947
2312
1898
2334
2740
2281
1538
1436
1799
1672
905
355
429
484
-56
-803
-1047
-952
-1229
-1924
-2395
-2343
-2285
-2683
-3168
-3201
-2945
-2968
-3291
-3339
-2921
-2536
-2558
-2618
-2230
-1607
-1288
-1271
-1024
-375
179
308
365
768
1337
1574
1489
1596
2007
2245
2049
1818
1970
2237
2097
1650
1461
1657
1650
1183
807
993
1280
937
281
206
741
895
273
-77
577
1249
708
-418
-374
834
1263
148
-751
24
1047
228
-1612
-1784
-141
442
-1311
-2898
-2037
-487
-1223
-3453
-3760
-1723
-739
-2460
-4037
-2803
-689
-1040
-3059
-3073
-569
912
-446
-1863
-567
1720
1728
65
74
2279
3562
2274
862
1838
3776
3771
2135
1715
3211
4165
3026
1593
2029
3395
3300
1775
1026
1865
2502
1495
69
68
953
801
-624
-1590
-1179
-722
-1523
-2758
-2906
-2218
-2273
-3372
-4056
-3501
-2851
-3289
-4078
-3834
-2809
-2473
-3083
-3288
-2370
-1399
-1426
-1731
-1116
60
445
-37
-40
989
1943
1863
1478
1867
2648
2666
1968
1758
2454
3024
2640
1892
1714
1944
1739
1065
727
1089
1526
1240
424
-163
-134
201
296
106
139
643
938
343
-738
-931
192
1210
832
-156
-123
637
289
-1360
-2071
-598
922
46
-2074
-2502
-1190
-992
-2797
-3800
-2140
-282
-1248
-3622
-3767
-1648
-723
-2196
-3033
-1151
925
199
-1821
-1553
898
2043
771
3
1591
3251
2475
742
1116
3266
4074
2681
1653
2616
3741
3023
1595
1773
3277
3642
2176
944
1322
2070
1552
333
146
935
913
-496
-1742
-1607
-982
-1320
-2410
-2838
-2371
-2326
-3286
-4087
-3704
-2881
-2945
-3696
-3787
-2966
-2426
-2799
-3082
-2306
-1148
-861
-1265
-1084
-64
654
475
338
1144
2221
2350
1730
1662
2432
2917
2489
2016
2422
3093
2810
1782
1333
1810
2068
1395
661
932
1582
1224
32
-499
147
698
213
-373
197
1087
634
-865
-1356
-139
909
309
-699
-355
532
-129
-2008
-2495
-881
301
-862
-2589
-2424
-1239
-1680
-3544
-3898
-1998
-722
-2009
-3663
-2976
-1155
-1165
-2678
-2595
-290
1215
90
-1309
-341
1684
1898
671
837
2814
3851
2559
1239
2125
3882
3970
2665
2347
3479
3981
2852
1786
2338
3439
3217
1878
1215
1670
1806
890
-28
82
573
142
-1093
-1861
-1738
-1654
-2263
-2956
-2990
-2695
-2943
-3688
-3998
-3577
-3204
-3430
-3741
-3417
-2714
-2447
-2623
-2466
-1729
-1096
-998
-914
-274
526
754
605
897
1703
2208
2036
1847
2201
2649
2536
2132
2163
2572
2571
1957
1435
1507
1699
1389
728
409
632
870
663
117
-281
-257
-100
-218
-454
-44
1003
1394
258
-1379
-1389
252
1180
341
-427
443
1226
-430
-3024
-2879
-48
1161
-1119
-3246
-2103
-260
-1678
-4716
-4436
-942
413
-2294
-4378
-2324
359
-892
-3812
-2944
1179
2687
-23
-1876
389
3037
1913
-422
802
4382
5013
2004
374
2598
4865
3684
1479
2193
4602
4525
1862
645
2422
3900
2520
434
667
2148
1712
-533
-1543
-304
605
-719
-2549
-2582
-1613
-1986
-3597
-4127
-2932
-2119
-3151
-4498
-4190
-2934
-2752
-3646
-3680
-2279
-1264
-1835
-2619
-1907
-351
165
-371
-242
1044
1946
1405
680
1292
2612
2944
2207
1919
2591
2944
2146
1256
1565
2478
2433
1329
553
802
1042
354
-496
-243
754
936
-140
-1143
-883
-84
-132
-742
-264
1392
2086
499
-1636
-1506
526
1503
550
10
1282
1960
-390
-3487
-3126
145
1443
-921
-2922
-1627
-68
-2120
-5426
-4795
-897
432
-2417
-4267
-1864
574
-1435
-4705
-3354
1416
3039
153
-1597
899
3242
1387
-1116
849
5167
5694
2172
501
3038
5174
3403
1064
2407
5337
4981
1787
614
2686
3886
1878
-193
786
2628
1622
-1255
-2088
-413
262
-1617
-3290
-2571
-1423
-2485
-4543
-4569
-2798
-2262
-3813
-4864
-3730
-2347
-2889
-4110
-3525
-1544
-787
-1828
-2349
-986
534
391
-389
216
1864
2430
1481
940
1938
3108
2881
1924
1869
2681
2833
1900
1228
1680
2277
1789
661
171
466
531
55
-66
480
720
-132
-1196
-1200
-415
-8
-22
639
1680
1493
-353
-1756
-853
929
1255
487
748
1836
1083
-1901
-3750
-2146
346
97
-1878
-2069
-622
-1152
-4313
-5961
-3557
-547
-967
-3163
-2929
-674
-582
-3215
-4139
-1059
2216
1819
-197
249
2537
2761
625
180
3018
5512
4620
2491
2630
4311
4276
2454
2039
3935
5151
3706
1694
1755
2913
2507
736
160
1249
1593
-30
-1670
-1473
-659
-1357
-2973
-3290
-2307
-2207
-3657
-4694
-3981
-2994
-3461
-4457
-4105
-2835
-2641
-3626
-3808
-2400
-1131
-1378
-1919
-1191
112
326
-295
24
1490
2360
1787
1157
1727
2631
2501
1817
2002
2888
2920
1796
1020
1460
2030
1563
721
705
1108
657
-432
-576
494
1137
326
-705
-525
190
-1
-571
232
1987
2353
567
-1018
-406
888
687
-190
590
2403
2039
-973
-3176
-2292
-642
-1156
-2462
-1616
352
-323
-3815
-5886
-4302
-2144
-2418
-3322
-1858
456
-196
-3317
-4485
-2081
473
534
150
1760
3608
2663
62
-301
2152
4083
3709
3136
4178
5096
3783
1667
1591
3337
4114
3096
2337
2959
3322
1968
294
271
1224
1089
-214
-829
-206
6
-1202
-2507
-2510
-2010
-2500
-3560
-3617
-2671
-2350
-3319
-4216
-3933
-3292
-3404
-3747
-3131
-1862
-1391
-2016
-2409
-1717
-737
-428
-385
304
1366
1722
1238
920
1400
2051
2110
1867
2069
2595
2633
1988
1380
1392
1670
1572
1203
1126
1361
1315
710
104
82
422
548
393
355
511
408
-144
-623
-546
-91
237
328
388
326
-146
-931
-1417
-1219
-666
-252
-92
-122
-494
-1297
-2086
-2234
-1686
-1020
-698
-623
-647
-888
-1358
-1708
-1482
-787
-204
11
106
319
485
396
275
503
1018
1364
1341
1251
1378
1588
1537
1290
1217
1328
1301
1000
732
838
1046
935
576
325
300
203
-69
-191
24
250
100
-285
-496
-475
-488
-608
-563
-310
-214
-467
-830
-917
-776
-731
-793
-750
-625
-646
-873
-1034
-920
-724
-685
-726
-674
-561
-567
-651
-559
-297
-99
-87
-107
-2
102
69
36
222
534
662
572
476
518
561
472
446
648
894
886
623
444
491
528
423
342
459
615
499
180
11
76
115
-34
-158
-46
87
-53
-371
-508
-378
-293
-426
-541
-405
-225
-331
-594
-651
-421
-231
-295
-352
-176
29
-21
-225
-192
125
339
272
195
336
505
420
200
211
478
620
493
363
410
451
280
58
82
283
330
156
5
16
10
-137
-250
-174
-60
-121
-286
-333
-247
-235
-350
-399
-302
-235
-327
-440
-396
-280
-280
-366
-369
-267
-234
-320
-360
-256
-143
-169
-247
-224
-111
-72
-123
-106
15
96
59
13
84
213
260
260
312
414
465
430
414
474
555
581
587
614
622
591
549
542
562
548
511
484
434
352
268
237
243
187
71
-17
-46
-89
-209
-328
-348
-328
-392
-525
-594
-579
-597
-700
-793
-764
-695
-740
-851
-876
-790
-718
-758
-807
-732
-601
-542
-563
-525
-363
-204
-157
-156
-53
144
288
326
350
486
667
741
714
721
840
953
930
836
826
913
924
784
651
658
722
654
460
343
371
377
219
21
-14
51
6
-184
-311
-265
-223
-354
-545
-576
-471
-452
-590
-700
-637
-554
-609
-716
-697
-547
-485
-581
-638
-523
-360
-327
-381
-339
-180
-76
-104
-113
21
196
259
225
269
417
519
501
469
549
689
739
684
654
698
708
640
574
602
672
640
492
358
310
289
225
147
120
93
-16
-187
-305
-319
-309
-351
-422
-477
-532
-643
-774
-808
-722
-611
-580
-644
-731
-842
-997
-1054
-907
-630
-376
-277
-350
-485
-631
-737
-674
-358
66
388
497
441
330
204
102
155
458
847
1120
1203
1155
1043
886
691
586
675
865
990
1030
1016
955
792
521
248
113
113
136
146
187
214
128
-102
-387
-578
-667
-669
-619
-485
-305
-192
-265
-475
-686
-832
-915
-904
-734
-445
-175
-96
-199
-401
-636
-862
-1013
-1004
-770
-434
-187
-92
-117
-237
-441
-637
-689
-497
-112
315
668
883
946
835
619
445
420
583
857
1159
1412
1515
1411
1118
755
468
342
391
549
722
818
752
494
131
-219
-470
-591
-572
-438
-284
-191
-224
-399
-666
-943
-1154
-1218
-1100
-880
-637
-473
-425
-509
-744
-1012
-1158
-1104
-844
-482
-118
146
196
19
-305
-580
-612
-357
115
635
1029
1144
936
559
215
74
213
599
1091
1501
1658
1447
965
429
56
-13
217
614
1010
1210
1046
583
3
-484
-745
-697
-397
-4
299
353
125
-308
-805
-1200
-1370
-1255
-861
-383
-40
43
-138
-521
-969
-1309
-1372
-1143
-716
-240
112
251
112
-268
-730
-1037
-1031
-722
-221
328
744
877
698
317
-64
-265
-179
192
758
1336
1668
1648
1322
840
411
194
280
646
1108
1459
1530
1260
744
141
-337
-530
-377
-13
378
616
560
182
-407
-979
-1294
-1277
-982
-527
-115
85
-45
-474
-1015
-1447
-1600
-1437
-1043
-516
-66
90
-91
-523
-1035
-1396
-1463
-1197
-649
5
526
732
595
212
-253
-552
-529
-94
668
1551
2319
2631
2443
1806
949
293
72
403
1172
1995
2574
2516
1714
432
-929
-1927
-2305
-1963
-1149
-273
240
99
-685
-1823
-2941
-3597
-3618
-2887
-1654
-422
455
756
493
-162
-851
-1196
-979
-221
873
1952
2756
3028
2754
2058
1236
661
463
674
1180
1750
2103
2012
1478
668
-219
-932
-1309
-1248
-844
-353
-17
-4
-313
-854
-1471
-1901
-1955
-1595
-971
-292
253
502
401
25
-410
-659
-606
-243
328
919
1330
1395
1120
639
115
-305
-508
-438
-176
120
284
246
27
-349
-802
-1208
-1476
-1559
-1476
-1257
-927
-570
-285
-143
-135
-222
-377
-529
-518
-209
449
1314
2207
3015
3416
3286
2615
1656
936
646
871
1497
2219
2704
2476
1383
-286
-2076
-3494
-4305
-4346
-3678
-2711
-1960
-1869
-2423
-3406
-4540
-5440
-5667
-4897
-3301
-1386
386
1697
2398
2405
1909
1423
1366
1922
2941
4201
5506
6448
6702
6212
5205
4026
2876
1926
1375
1295
1470
1538
1302
715
-214
-1387
-2605
-3524
-3968
-4034
-3860
-3557
-3198
-2873
-2673
-2507
-2288
-2055
-1891
-1782
-1568
-1132
-477
308
1156
1904
2278
2201
1796
1324
988
823
837
982
1117
1070
810
458
70
-366
-881
-1430
-1863
-2128
-2205
-2045
-1650
-1136
-725
-529
-505
-544
-538
-459
-243
185
818
1613
2475
3430
4295
4721
4495
3514
2307
1396
966
1176
1800
2496
2691
1799
-33
-2217
-4046
-5201
-5681
-5465
-4808
-4137
-3901
-4175
-4597
-5043
-5506
-5862
-5744
-4841
-3355
-1615
167
1869
3187
3745
3710
3558
3666
4068
4594
5319
6215
6973
7297
7165
6756
6067
4989
3570
2135
1008
188
-378
-648
-697
-755
-1137
-1892
-2800
-3707
-4514
-5094
-5231
-4836
-4032
-3024
-1958
-933
-161
196
180
-36
-230
-258
-8
605
1475
2329
2869
2915
2446
1549
447
-607
-1377
-1762
-1803
-1592
-1313
-1156
-1256
-1663
-2309
-3054
-3725
-4092
-3986
-3356
-2293
-1007
233
1140
1538
1454
1150
983
1205
1953
3294
4842
6161
6812
6517
5616
4322
2931
1806
1083
816
640
199
-607
-1663
-2775
-3945
-5004
-5761
-6160
-6241
-6248
-6160
-5875
-5516
-5150
-4733
-4032
-2951
-1697
-453
703
1848
2888
3727
4511
5321
6117
6631
6679
6468
6177
5873
5554
5238
4935
4465
3635
2467
1205
39
-1054
-2076
-2928
-3501
-3784
-3870
-3794
-3597
-3442
-3490
-3736
-3970
-3923
-3491
-2651
-1474
-136
1119
2106
2767
3145
3291
3179
2832
2380
1969
1726
1712
1844
1947
1733
1021
-121
-1433
-2584
-3343
-3642
-3615
-3467
-3355
-3331
-3321
-3262
-3137
-2961
-2745
-2499
-2112
-1488
-670
227
1078
1858
2620
3323
4089
4989
5765
6132
5728
4831
3911
3047
2310
1681
1308
964
79
-1429
-3073
-4252
-5074
-5872
-6416
-6339
-5753
-5279
-5182
-4996
-4558
-4362
-4621
-4676
-3715
-1925
-64
1637
3474
5316
6381
6539
6538
6823
6977
6489
5823
5744
6093
6169
5787
5348
4778
3505
1535
-356
-1498
-2249
-3150
-3986
-4381
-4417
-4481
-4527
-4231
-3761
-3636
-3976
-4218
-3946
-3281
-2373
-1221
103
1222
1905
2417
3007
3521
3661
3428
3051
2538
1882
1382
1277
1345
1074
390
-412
-1134
-1829
-2520
-2936
-3079
-3307
-3730
-3978
-3703
-3075
-2453
-1953
-1457
-984
-617
-199
394
919
1096
1037
1248
2026
3328
5077
6794
7786
7315
5661
3979
2678
1596
443
-535
-1144
-2054
-3487
-4670
-4847
-4666
-5439
-7018
-8036
-7720
-6803
-6015
-4983
-3649
-3087
-3981
-5021
-4298
-1855
637
2310
3836
5619
6800
7011
7320
8378
9103
8187
6318
5289
5461
5729
5452
5147
4892
3751
1592
-329
-995
-1121
-2007
-3507
-4594
-4979
-5117
-4997
-4100
-2737
-2009
-2325
-2786
-2527
-1863
-1385
-1003
-394
291
738
1232
2236
3409
3924
3476
2515
1471
444
-350
-604
-470
-545
-1112
-1801
-2291
-2691
-3142
-3454
-3525
-3620
-3821
-3758
-3126
-2204
-1462
-905
-364
44
229
533
1295
2074
2209
1908
1936
2522
3161
3862
5124
6523
6900
5709
4287
3786
3318
1795
-360
-1744
-2422
-3761
-5566
-6179
-5235
-4715
-5965
-7384
-7002
-5376
-4531
-4631
-4122
-3027
-2970
-4144
-4343
-2216
432
1566
1852
3210
5578
7156
7636
8266
9088
8507
6053
3792
3469
4194
4202
3468
3156
3153
2397
1030
255
225
-483
-2526
-4609
-5373
-5047
-4579
-4012
-2961
-1884
-1553
-1673
-1196
-1
922
933
474
239
298
569
1258
2315
3165
3277
2833
2354
1973
1482
733
-295
-1639
-3095
-4108
-4310
-3927
-3487
-3186
-2984
-3037
-3369
-3603
-3348
-2792
-2448
-2256
-1708
-757
105
708
1386
2118
2312
1912
1745
2444
3521
4192
4792
5626
6181
5616
4194
3377
3160
2404
771
-779
-1424
-2196
-3963
-5773
-6392
-6234
-6818
-7841
-7606
-5753
-3844
-3154
-2827
-1956
-1379
-2010
-2974
-2520
-828
436
942
1942
4171
6444
7628
8250
8959
9146
7906
5861
4500
3979
3241
1872
783
588
681
495
311
466
360
-749
-2444
-3721
-4294
-4655
-5016
-4981
-4373
-3532
-2624
-1380
218
1603
2244
2283
2184
2079
1858
1597
1411
1217
959
847
1158
1779
2253
2307
1932
1063
-309
-1867
-3143
-4058
-4835
-5499
-5696
-5240
-4431
-3542
-2571
-1567
-837
-594
-554
-355
-74
6
-72
22
307
638
1133
2052
3360
4491
5296
5959
6388
6267
5252
4002
2958
1783
339
-1145
-1995
-2427
-3266
-4383
-5164
-5387
-5758
-6589
-6994
-6356
-5091
-4176
-3629
-2809
-1906
-1554
-1744
-1549
-563
419
933
1519
2918
4838
6354
7323
8068
8398
7793
6430
5231
4591
3921
2690
1314
468
73
-238
-445
-375
-306
-823
-1865
-2727
-3071
-3236
-3584
-3993
-4128
-3918
-3431
-2544
-1193
275
1374
1964
2277
2537
2716
2711
2490
2037
1427
898
648
677
811
925
993
879
458
-179
-830
-1523
-2524
-3818
-4954
-5499
-5488
-5154
-4431
-3169
-1632
-380
378
914
1370
1428
856
74
-231
42
597
1336
2553
4261
5638
6193
6071
5829
5566
4554
2837
986
-564
-1950
-3681
-5291
-6175
-6413
-6595
-7012
-6948
-6091
-4937
-4117
-3681
-3105
-2526
-2392
-2580
-2458
-1676
-797
-207
467
1687
3373
4921
6221
7550
8640
8994
8474
7559
6665
5495
3823
2017
687
-40
-448
-570
-272
281
495
33
-721
-1426
-2114
-2964
-3901
-4538
-4750
-4638
-4190
-3278
-1946
-544
616
1505
2255
2890
3283
3366
3111
2565
1860
1137
563
204
30
-6
-19
-57
-113
-166
-253
-542
-1122
-1915
-2753
-3542
-4219
-4643
-4667
-4253
-3553
-2665
-1588
-373
802
1644
2079
2204
2086
1809
1437
1285
1631
2261
3020
3708
4351
5004
5188
4754
3710
2217
454
-1689
-3843
-5594
-6732
-7350
-7740
-7655
-6994
-5936
-4805
-3893
-3063
-2399
-2050
-1953
-1846
-1423
-887
-397
159
950
2086
3275
4422
5624
6705
7454
7735
7700
7526
7027
6034
4653
3200
1836
522
-600
-1303
-1525
-1483
-1415
-1247
-932
-644
-616
-936
-1432
-2011
-2684
-3354
-3815
-3852
-3467
-2751
-1726
-428
1007
2333
3392
4087
4337
4115
3424
2421
1282
166
-775
-1458
-1811
-1852
-1638
-1219
-749
-353
-168
-256
-611
-1240
-2045
-2897
-3641
-4174
-4425
-4279
-3716
-2743
-1514
-177
1181
2350
3260
3775
3955
3944
3660
3271
2795
2432
2302
2179
2117
1955
1677
1188
214
-1050
-2543
-4059
-5457
-6725
-7496
-7704
-7330
-6521
-5506
-4295
-3142
-2192
-1532
-1132
-799
-556
-277
151
806
1778
2873
4038
5189
6175
6930
7338
7435
7282
6851
6184
5341
4431
3506
2539
1607
750
18
-578
-1073
-1424
-1646
-1792
-1893
-2017
-2163
-2329
-2531
-2749
-2951
-3064
-3045
-2854
-2481
-1941
-1239
-441
406
1205
1891
2440
2754
2790
2539
2067
1465
752
-2
-711
-1261
-1595
-1749
-1702
-1475
-1115
-750
-524
-452
-564
-855
-1324
-1899
-2414
-2780
-2911
-2766
-2267
-1390
-278
973
2200
3359
4318
4894
5107
4930
4522
3886
3016
2098
1135
267
-598
-1512
-2331
-3130
-3824
-4485
-5118
-5561
-5852
-5945
-5885
-5661
-5228
-4710
-4090
-3442
-2755
-2004
-1326
-659
-5
682
1455
2235
3095
4013
4922
5781
6494
7028
7319
7299
6957
6328
5502
4532
3479
2444
1509
740
142
-288
-528
-628
-659
-700
-813
-998
-1283
-1673
-2162
-2691
-3164
-3519
-3691
-3646
-3336
-2750
-1960
-1033
-70
854
1657
2212
2470
2399
2044
1470
735
-45
-760
-1292
-1589
-1636
-1428
-1032
-507
20
446
700
710
473
-15
-677
-1400
-2077
-2569
-2796
-2683
-2184
-1346
-205
1129
2477
3707
4646
5198
5347
5018
4249
3100
1719
258
-1220
-2548
-3636
-4402
-4818
-5002
-4960
-4752
-4457
-4157
-3969
-3838
-3775
-3762
-3739
-3666
-3422
-3024
-2477
-1779
-933
68
1097
2119
3105
4001
4805
5419
5879
6214
6344
6282
5997
5545
5000
4328
3597
2850
2111
1424
796
292
-73
-324
-477
-569
-601
-612
-678
-805
-1012
-1307
-1694
-2143
-2564
-2872
-3018
-2983
-2734
-2263
-1612
-837
-37
705
1309
1673
1766
1582
1152
540
-173
-879
-1490
-1917
-2100
-2021
-1673
-1137
-498
150
714
1132
1333
1302
1049
621
112
-393
-786
-976
-915
-549
110
977
1962
2941
3797
4428
4697
4528
3912
2892
1542
-72
-1780
-3429
-4868
-5976
-6735
-7069
-6983
-6558
-5866
-5034
-4137
-3302
-2641
-2170
-1893
-1743
-1686
-1677
-1591
-1358
-923
-295
506
1483
2532
3576
4518
5299
5911
6277
6391
6263
5931
5440
4800
4073
3307
2534
1790
1110
550
137
-131
-270
-287
-199
-54
93
188
213
120
-137
-529
-1033
-1583
-2115
-2586
-2907
-3012
-2870
-2494
-1922
-1206
-452
243
775
1053
1040
709
117
-639
-1450
-2181
-2730
-2993
-2919
-2513
-1825
-939
46
996
1798
2367
2651
2639
2361
1894
1340
812
385
145
155
403
846
1402
2001
2560
2976
3142
3002
2559
1815
793
-441
-1770
-3076
-4262
-5240
-5953
-6332
-6368
-6095
-5549
-4808
-3953
-3078
-2258
-1534
-951
-529
-276
-165
-130
-124
-95
30
269
648
1159
1762
2433
3103
3720
4212
4533
4677
4630
4422
4093
3675
3220
2750
2298
1883
1506
1179
895
656
457
266
106
-30
-146
-246
-358
-456
-552
-661
-775
-916
-1057
-1184
-1306
-1411
-1471
-1469
-1405
-1291
-1130
-931
-736
-603
-576
-670
-866
-1145
-1467
-1770
-1968
-2009
-1858
-1498
-965
-291
437
1122
1699
2087
2249
2193
1954
1613
1241
923
772
829
1113
1551
2073
2592
2993
3169
3022
2535
1717
597
-750
-2214
-3651
-4918
-5916
-6573
-6849
-6739
-6281
-5549
-4614
-3587
-2575
-1649
-886
-291
133
390
529
583
615
655
721
873
1100
1419
1814
2241
2720
3193
3629
3993
4238
4379
4371
4202
3884
3402
2821
2164
1461
769
107
-480
-967
-1334
-1555
-1624
-1527
-1294
-958
-543
-113
319
698
963
1101
1087
943
699
373
18
-343
-683
-985
-1253
-1467
-1630
-1749
-1827
-1877
-1881
-1839
-1759
-1635
-1478
-1286
-1076
-866
-671
-502
-347
-203
-68
92
273
497
775
1096
1450
1813
2167
2471
2701
2815
2812
2692
2451
2083
1595
1030
385
-312
-1043
-1774
-2460
-3090
-3627
-4061
-4351
-4470
-4447
-4258
-3930
-3464
-2895
-2286
-1658
-1073
-552
-139
144
342
452
508
557
627
789
1036
1371
1789
2249
2730
3144
3470
3680
3723
3630
3380
3018
2581
2080
1573
1088
664
312
24
-181
-315
-386
-424
-427
-377
-287
-177
-72
33
150
264
347
393
396
349
244
79
-127
-350
-582
-810
-1028
-1221
-1389
-1532
-1650
-1745
-1822
-1891
-1942
-1956
-1908
-1788
-1592
-1314
-975
-599
-210
168
513
802
1010
1137
1202
1221
1221
1231
1267
1344
1446
1562
1672
1770
1823
1792
1677
1447
1112
663
104
-522
-1195
-1872
-2516
-3081
-3518
-3803
-3923
-3867
-3636
-3255
-2757
-2178
-1545
-910
-315
200
604
890
1043
1077
1020
912
811
746
763
902
1155
1519
1942
2375
2775
3060
3202
3160
2929
2534
1991
1376
744
159
-308
-636
-793
-787
-654
-421
-157
106
311
424
445
353
192
-21
-251
-437
-567
-611
-565
-457
-296
-127
12
95
81
-46
-288
-628
-1026
-1441
-1825
-2136
-2333
-2387
-2298
-2067
-1718
-1290
-815
-346
93
480
795
1046
1223
1336
1403
1419
1421
1410
1389
1374
1344
1314
1271
1211
1128
1010
869
684
467
214
-86
-416
-790
-1190
-1596
-2007
-2381
-2700
-2929
-3044
-3036
-2886
-2608
-2203
-1703
-1163
-607
-79
394
796
1095
1292
1393
1414
1397
1364
1338
1334
1366
1457
1582
1732
1885
2005
2068
2024
1882
1640
1300
891
417
-67
-512
-884
-1130
-1238
-1205
-1037
-774
-439
-94
221
473
608
625
521
319
75
-184
-401
-552
-626
-611
-537
-414
-262
-124
-40
-50
-154
-340
-596
-885
-1177
-1421
-1575
-1620
-1547
-1366
-1078
-714
-331
52
403
706
947
1110
1227
1315
1386
1456
1508
1555
1579
1561
1491
1365
1186
955
672
358
43
-249
-506
-728
-914
-1076
-1228
-1382
-1547
-1717
-1888
-2043
-2165
-2217
-2165
-2009
-1740
-1367
-914
-406
98
557
945
1228
1383
1412
1339
1190
1000
797
628
527
508
565
699
886
1095
1273
1356
1332
1195
934
572
134
-328
-753
-1102
-1332
-1413
-1334
-1108
-772
-368
54
445
765
972
1057
1010
842
592
295
-2
-264
-462
-566
-579
-514
-390
-245
-101
2
36
4
-96
-255
-453
-658
-823
-931
-957
-893
-746
-514
-235
69
379
680
933
1131
1279
1376
1440
1458
1435
1402
1338
1244
1119
948
752
539
295
37
-229
-490
-730
-945
-1132
-1282
-1402
-1509
-1597
-1678
-1749
-1791
-1827
-1834
-1795
-1710
-1550
-1339
-1087
-783
-439
-71
290
617
891
1102
1236
1284
1274
1199
1073
918
746
590
475
404
383
399
431
484
528
541
511
424
296
137
-32
-190
-298
-335
-291
-171
17
251
496
726
894
983
979
868
692
453
185
-72
-292
-450
-548
-584
-571
-528
-477
-451
-449
-473
-532
-607
-698
-781
-822
-818
-756
-644
-479
-267
-31
207
428
618
754
831
857
844
823
793
759
742
741
755
767
753
701
593
414
185
-88
-382
-666
-929
-1148
-1303
-1390
-1409
-1360
-1269
-1165
-1049
-938
-834
-729
-647
-575
-494
-396
-270
-134
15
181
351
507
635
735
792
805
765
689
604
516
432
356
301
277
275
287
300
309
299
267
206
132
55
-25
-96
-138
-145
-98
-1
120
259
396
528
616
665
675
621
516
356
172
-12
-182
-322
-421
-471
-500
-502
-474
-437
-408
-398
-401
-415
-434
-455
-463
-453
-420
-359
-279
-171
-52
70
195
309
399
472
527
562
572
553
516
476
429
370
301
221
134
43
-57
-161
-265
-367
-465
-557
-628
-668
-680
-680
-661
-629
-584
-525
-460
-391
-321
-255
-192
-123
-55
12
83
147
217
283
347
415
466
496
512
510
496
465
416
355
287
215
147
91
44
9
-11
-30
-41
-43
-33
-9
14
36
59
81
110
138
166
194
216
230
226
211
193
159
111
50
-18
-87
-153
-215
-265
-295
-317
-327
-322
-312
-293
-274
-260
-242
-226
-214
-199
-185
-156
-121
-84
-34
28
90
145
196
239
271
290
286
273
257
227
191
147
107
71
32
-2
-33
-66
-94
-122
-150
-177
-203
-229
-248
-260
-266
-269
-264
-247
-217
-178
-141
-104
-69
-44
-14
16
49
83
109
134
160
183
210
235
247
248
231
208
184
161
134
95
59
25
1
-14
-21
-15
-10
1
14
30
49
66
83
97
109
115
114
112
107
93
77
60
40
15
-12
-45
-72
-95
-122
-143
-160
-174
-183
-190
-189
-182
-176
-167
-155
-146
-133
-125
-113
-93
-78
-63
-45
-27
1
27
49
71
88
101
113
119
119
115
103
89
76
67
56
42
27
11
-5
-20
-29
-30
-33
-33
-34
-30
-23
-16
-10
-10
-7
-7
-10
-4
-1
5
13
10
15
17
19
26
29
34
38
40
43
42
43
37
34
29
19
13
5
2
-6
-15
-18
-19
-17
-14
-5
7
15
24
33
40
46
42
36
35
32
24
10
0
-6
-16
-32
-47
-57
-66
-79
-89
-92
-86
-83
-86
-82
-74
-65
-56
-50
-40
-29
-22
-14
-2
16
29
36
39
43
46
48
53
57
57
53
50
52
54
51
47
43
34
24
13
3
4
2
-7
-11
-15
-16
-16
-18
-17
-15
-15
-12
-10
-4
-2
-3
2
4
4
0
-2
4
4
3
1
0
4
2
0
1
2
7
3
2
5
4
0
-6
-10
-11
-18
-23
-24
-18
-13
-11
-7
-1
12
18
23
31
33
37
34
33
33
26
21
13
5
-4
-18
-26
-35
-45
-55
-65
-68
-70
-67
-61
-54
-48
-43
-40
-30
-20
-9
-2
3
8
13
11
15
26
34
39
37
42
51
57
58
56
52
43
31
23
23
22
18
12
8
7
7
2
0
-1
-6
-13
-18
-17
-14
-14
-12
-7
-4
4
7
13
18
17
15
7
4
1
-7
-10
-14
-13
-10
-12
-8
-1
5
4
-4
-8
-13
-17
-23
-30
-33
-37
-40
-39
-36
-28
-20
-10
-3
6
13
16
22
26
29
34
29
27
22
15
11
4
-3
-10
-18
-25
-32
-30
-26
-24
-25
-28
-25
-20
-13
-6
-2
0
-1
-6
-5
-4
-2
1
0
2
9
16
23
30
33
35
38
40
41
42
40
37
30
27
24
16
11
4
-4
-11
-16
-14
-14
-14
-14
-12
-8
-7
-8
-5
-6
-5
-6
-6
-5
-3
1
2
3
2
3
7
4
3
1
2
1
-1
-3
-1
-1
-2
-4
-4
-5
-7
-12
-17
-19
-17
-22
-28
-31
-30
-27
-21
-19
-12
-4
0
4
6
7
13
12
10
9
4
0
-3
-4
-7
-11
-17
-17
-12
-6
-4
-3
-3
-4
-6
-8
-8
-6
-3
-3
-5
-1
0
4
4
7
13
17
21
22
27
31
33
35
37
38
39
35
28
22
17
15
10
6
2
2
1
0
2
1
-1
-7
-12
-14
-17
-19
-20
-20
-15
-13
-9
-2
4
7
2
0
-1
-1
0
-2
1
3
3
4
2
3
2
-4
-7
-13
-15
-14
-18
-16
-18
-20
-20
-20
-18
-18
-20
-22
-22
-23
-24
-23
-20
-14
-9
-6
-1
10
17
19
18
18
14
8
1
-4
-8
-11
-11
-10
-5
4
7
12
17
22
23
18
14
10
6
3
-3
-4
-3
-1
2
3
9
13
14
17
19
19
19
19
22
26
29
26
24
25
21
16
10
3
-5
-11
-15
-21
-22
-20
-17
-14
-15
-11
-9
-8
-5
-7
-10
-10
-10
-9
-9
-6
-6
-5
-1
-3
0
0
2
7
8
7
8
8
9
9
7
3
-1
-6
-12
-19
-19
-19
-19
