16
15
13
13
10
7
4
4
0
-3
-4
-10
-15
-16
-17
-18
-17
-21
-21
-24
-24
-22
-22
-21
-26
-21
-19
-24
-24
-19
-21
-20
-18
-22
-22
-19
-15
-17
-12
-8
-10
-5
-4
-1
1
-1
3
8
13
11
14
18
18
18
19
19
19
23
25
23
22
22
16
18
18
16
15
11
6
7
6
2
2
1
-1
-2
-2
-8
-10
-9
-9
-10
-5
-2
-2
0
-5
-6
-5
-6
-5
-2
4
5
8
7
5
3
1
-2
-2
1
3
3
3
0
-5
-9
-11
-15
-14
-14
-14
-10
-10
-12
-12
-14
-16
-18
-18
-15
-12
-8
-6
-5
-6
-6
-6
-4
-3
0
2
5
10
14
14
13
12
11
15
14
13
16
23
24
24
20
17
15
11
13
14
17
19
18
17
14
10
3
0
1
-4
-4
-1
1
-3
-3
-7
-13
-9
-15
-17
-12
-14
-12
-11
-16
-21
-23
-24
-19
-25
-15
-12
-13
-13
-14
-19
-15
-10
-13
-5
-6
-5
-9
-6
-8
-6
0
-1
4
7
5
7
11
8
8
12
10
7
11
14
8
13
13
5
11
9
5
10
11
6
5
8
1
7
6
3
5
8
3
5
12
9
9
12
11
9
16
12
12
14
12
10
9
14
10
13
14
10
8
6
2
-2
-2
-6
-10
-11
-16
-22
-26
-33
-39
-39
-39
-41
-38
-37
-40
-36
-35
-38
-36
-33
-29
-24
-18
-14
-9
-7
-6
-4
2
7
10
19
21
23
32
34
33
35
35
31
36
38
38
44
42
44
38
37
31
29
32
32
31
32
29
24
22
12
7
1
-2
-3
1
-5
-13
-17
-24
-31
-33
-31
-39
-34
-29
-44
-36
-37
-44
-46
-38
-37
-41
-28
-32
-31
-33
-28
-33
-30
-16
-19
-17
-3
-7
-11
-1
3
1
9
11
5
24
27
20
27
30
20
23
28
28
30
33
31
27
33
31
24
20
25
19
14
20
18
14
17
9
6
6
0
-4
3
2
-3
-3
-1
-5
-5
-11
-14
-4
-7
-6
2
1
-1
-6
-10
-10
-7
-8
-6
-1
0
-2
-3
-5
-5
-14
-16
-14
-11
-8
-14
-14
-16
-24
-29
-30
-23
-23
-21
-16
-17
-16
-22
-23
-19
-16
-15
-11
-3
5
7
6
9
12
12
12
21
24
25
31
30
33
32
28
29
27
32
24
31
34
28
30
26
23
21
14
10
14
13
13
10
8
3
-7
-10
-11
-17
-18
-11
-20
-21
-21
-32
-30
-33
-33
-35
-32
-25
-33
-27
-26
-38
-28
-31
-23
-24
-21
-5
-33
-11
-9
-26
-3
1
-9
-6
10
2
6
20
9
16
25
11
17
24
14
25
19
17
20
28
21
18
31
15
17
21
16
17
14
8
10
8
9
7
2
5
3
0
2
2
-2
0
-2
-5
6
1
-4
2
-1
-1
5
11
12
16
15
4
3
10
0
7
13
8
10
3
3
-1
-5
-12
-21
-13
-17
-17
-21
-28
-36
-50
-51
-53
-48
-43
-43
-39
-38
-42
-40
-44
-61
-53
-44
-33
-15
-8
-5
8
9
14
43
69
90
122
145
154
171
198
189
187
200
213
280
273
255
266
228
248
220
178
184
160
178
158
119
89
35
10
-51
-85
-108
-174
-189
-204
-232
-250
-304
-330
-376
-404
-413
-429
-320
-405
-453
-265
-431
-462
-218
-431
-484
-222
-233
-281
-182
-154
-226
-146
-153
-114
68
42
79
148
85
180
290
182
215
427
308
274
427
464
582
311
395
502
190
450
387
236
516
401
171
214
319
115
41
234
21
86
175
-120
58
96
-146
-150
-36
-46
-115
6
-89
-100
45
-116
-162
76
190
82
53
122
19
-27
80
39
68
227
108
-62
-7
-46
-197
-213
-196
-269
-243
-275
-381
-385
-497
-670
-726
-688
-629
-556
-476
-478
-482
-485
-564
-495
-377
-278
-181
-39
103
104
224
219
208
318
315
428
571
673
685
660
692
572
577
664
621
742
771
742
746
661
649
511
475
484
363
395
338
270
209
79
-62
-257
-348
-382
-455
-493
-535
-660
-775
-869
-966
-1008
-989
-973
-995
-1022
-974
-903
-866
-909
-859
-744
-728
-484
-398
-343
-193
-212
-148
-62
162
280
265
427
460
333
529
553
470
678
572
656
701
628
786
569
584
676
416
527
714
531
584
620
471
515
420
418
340
313
304
22
146
221
-100
-160
-143
-331
-164
-215
-425
-297
-410
-440
-440
-377
-332
-397
-432
-376
65
457
603
430
124
-71
-115
77
446
753
836
690
202
-204
-263
-231
-251
-251
-177
-141
-85
-255
-715
-1102
-1601
-2027
-1915
-1435
-815
-389
-558
-1021
-1467
-1702
-1569
-1208
-527
53
225
233
239
268
220
224
372
671
1147
1619
1873
1910
1643
1181
796
779
1197
1623
1914
1961
1696
1327
908
637
663
771
839
903
919
822
575
117
-317
-589
-676
-577
-449
-360
-488
-862
-1351
-1688
-1825
-1660
-1383
-1269
-1082
-1123
-1355
-1537
-1595
-1554
-1422
-1128
-869
-639
-534
-549
-669
-668
-465
-156
168
366
622
618
412
261
254
434
616
715
872
984
752
624
528
402
537
658
769
863
799
731
534
208
303
529
626
689
835
772
293
153
125
64
170
252
350
241
-13
-71
-214
-395
-247
-207
-244
-110
-58
-284
-569
-549
-311
231
745
996
560
-374
-623
-101
390
636
866
867
345
-541
-1091
-871
-266
84
-201
-477
-302
-209
-932
-1751
-1987
-2183
-2164
-1782
-998
-162
-247
-1327
-2322
-2471
-1809
-955
-286
498
775
184
-411
-482
103
795
1077
1343
1830
2174
2093
1663
1347
1296
1298
1442
1920
2578
2811
2227
1311
666
622
930
1221
1608
1717
1260
507
-180
-382
-232
-136
-123
-183
-295
-565
-1208
-1723
-1847
-1746
-1555
-1483
-1358
-1282
-1545
-1949
-2220
-2095
-1650
-1203
-942
-835
-854
-1069
-1317
-1174
-743
-293
60
146
202
230
17
-171
-136
191
598
780
874
833
578
390
234
313
792
1048
1018
1002
849
701
587
506
679
883
942
869
713
794
818
512
422
579
665
710
579
316
53
-66
-82
-109
-36
15
-100
-462
-769
-716
-607
-483
-390
70
1052
1482
844
-837
-1883
-983
606
1607
1731
1414
869
-471
-2000
-2145
-508
1151
1389
411
-576
-769
-1181
-2183
-2601
-2134
-1510
-1444
-1502
-1117
-896
-1790
-3313
-3593
-2241
-414
605
481
25
-594
-1400
-1571
-426
1463
2603
2356
1487
1145
1269
1216
1214
1704
2599
3108
2811
2342
2080
1777
1284
964
1307
2188
2601
2107
1241
628
344
143
167
635
954
584
-323
-1126
-1260
-997
-1012
-1203
-1221
-1250
-1557
-2157
-2509
-2220
-1836
-1713
-1685
-1608
-1491
-1666
-2057
-2086
-1609
-961
-597
-532
-527
-587
-746
-783
-411
309
867
836
462
182
149
299
475
686
883
933
868
647
491
493
463
485
654
909
1036
824
526
390
284
382
653
1053
1270
1139
615
54
68
594
894
878
734
439
124
-322
-505
-72
147
470
1712
2385
1834
-432
-2790
-2163
648
2622
2787
1443
155
-832
-2615
-3357
-1124
1822
2660
845
-1706
-2223
-1539
-1749
-2406
-2278
-1459
-1073
-1594
-1999
-1604
-1747
-3248
-4184
-3022
-500
1141
490
-1131
-1949
-1981
-1465
-114
1715
2859
2354
642
-211
572
1868
2525
2455
2671
3132
2934
2182
1619
1868
2291
2230
2050
2102
2234
1798
636
-220
27
814
1017
698
335
53
-474
-1232
-1409
-907
-591
-1061
-1833
-1986
-1543
-1323
-1744
-2052
-1721
-1456
-1545
-1738
-1512
-895
-873
-1273
-1301
-723
-67
-125
-584
-555
-69
311
347
288
413
396
-68
-313
165
907
1110
339
-453
-572
-259
234
372
312
266
-208
-700
-645
-72
582
627
166
-56
4
207
602
846
983
805
363
303
808
1218
1232
489
128
180
790
2877
4034
3337
103
-2949
-2077
1627
4247
4070
1849
-195
-1127
-2515
-2849
-436
2569
3054
352
-2935
-3319
-1665
-1233
-2064
-2825
-2438
-1602
-1564
-1980
-1981
-2177
-3614
-4374
-3065
-280
1548
413
-1942
-3163
-2534
-816
993
2406
2916
1936
4
-800
559
2767
3901
3464
2585
2295
2240
2010
1872
2318
2905
2710
1815
1283
1477
1607
944
59
12
629
816
152
-806
-1242
-1315
-1483
-1499
-1111
-844
-1357
-2352
-2767
-2221
-1546
-1701
-2115
-1901
-1355
-1137
-1547
-1757
-1212
-609
-374
-231
61
356
299
-52
135
1004
1647
1637
1142
801
816
770
635
844
1349
1398
725
-193
-555
-186
124
-65
-274
-332
-199
-353
-923
-1218
-1160
-823
-535
-330
-200
-286
-568
-913
-750
-319
319
738
761
377
-95
-331
-53
2242
4161
4220
1474
-2336
-2417
1218
4539
5130
3228
819
-96
-1398
-2357
-507
2662
4054
1924
-2065
-3511
-1625
-332
-873
-2068
-2374
-1844
-2091
-2747
-2459
-1528
-2267
-4030
-4427
-2341
653
915
-1233
-3023
-2946
-1436
-78
1139
2286
2423
1079
-536
-328
1824
3854
3992
2923
2325
2332
2444
2155
2182
2994
3306
2572
1483
1052
1709
2012
1075
43
-126
334
467
-152
-966
-1245
-1580
-2254
-2387
-1926
-1335
-1444
-2448
-3084
-2793
-2654
-2735
-2505
-1992
-1207
-1218
-1880
-1824
-1239
-920
-950
-818
210
1298
1015
8
-276
613
1762
2040
1647
1596
1758
1435
923
952
1708
2153
1529
561
453
898
925
362
-309
-199
257
2
-358
-409
-305
-556
-1360
-1445
-511
434
220
-629
-1468
-1200
-526
-134
138
115
1327
2185
1969
219
-1881
-1331
1484
3499
3326
1709
268
51
-1008
-2148
-1008
2035
3855
2031
-1964
-4080
-2364
-386
-182
-1174
-1989
-1932
-2215
-2794
-2520
-1166
-989
-2231
-3355
-2795
-493
795
148
-1049
-1511
-957
55
1190
2225
2561
1690
535
693
2220
3555
3600
2562
1838
2169
2775
3134
3134
2930
2372
1606
1040
1111
1839
1929
1157
116
-537
-539
-496
-799
-1047
-961
-1146
-1702
-2557
-3174
-3011
-2614
-2273
-2048
-2156
-2668
-3235
-3324
-2621
-1646
-1218
-1279
-1285
-1102
-1075
-1184
-1182
-451
713
1372
1322
705
318
578
1169
1852
2284
2225
1736
1110
825
1145
1407
1332
1087
903
949
867
440
144
99
68
45
-184
-266
-33
-178
-695
-1051
-876
-16
753
558
-401
-1018
-1086
-447
498
672
2010
3310
2678
408
-2697
-2600
1410
4582
4371
1999
-373
-785
-1181
-2379
-1498
1710
3529
1709
-2494
-4913
-2977
-875
-1153
-2235
-2546
-1863
-2332
-4068
-4464
-2511
-1022
-1754
-3171
-3156
-1155
135
-707
-1466
-937
406
1168
964
1323
2369
2798
2208
1847
2710
4121
4593
3681
3068
3334
3708
3676
3214
3290
3614
2861
1552
848
1430
2365
1873
286
-815
-925
-893
-1048
-1350
-1380
-1630
-2902
-3889
-3666
-2807
-2343
-2821
-3442
-3367
-3403
-3824
-3619
-2619
-1459
-1288
-2172
-2348
-1327
-452
-379
-766
-272
1035
1771
1391
562
540
1153
1990
2672
2923
2787
1799
647
454
1242
2152
2254
1386
615
204
-232
-318
-35
480
731
-270
-1469
-1560
-689
111
-208
-1143
-1451
-756
97
43
-256
-346
-506
1151
2687
3125
2178
-813
-1762
526
2962
4050
3654
2049
897
-1139
-3387
-1917
2494
5160
3365
-1673
-5004
-3755
-1496
-984
-1246
-1565
-2123
-3661
-5395
-4850
-2110
-1012
-2685
-4488
-4153
-1775
-538
-1473
-2305
-1907
-1047
-422
443
2088
3268
2221
148
-116
2472
5524
6247
4883
3281
2714
2765
3175
4478
6344
6494
3938
755
-309
1482
3700
3714
2178
564
-862
-1666
-1797
-1015
92
-396
-2543
-4372
-4575
-3854
-3148
-3099
-3284
-3285
-3849
-4520
-4200
-3325
-2681
-2659
-2767
-1955
-876
-900
-1581
-1560
-486
951
1423
1203
1537
1991
1750
1040
789
1943
3416
3484
2448
1484
1112
1126
1066
1154
1855
2133
1167
-248
-948
-610
136
311
38
39
-540
-1401
-1888
-1724
-735
-89
-390
-331
-467
28
1686
2177
1899
-44
-1705
-69
2831
4056
3582
1874
766
161
-1537
-1777
1073
4034
3677
-46
-3662
-3358
-784
-66
-1295
-2427
-2837
-3193
-3937
-3969
-2208
-882
-2477
-5037
-5842
-3596
-336
726
-363
-2123
-3249
-2992
-1262
1379
3579
3603
1400
-719
-760
1588
4577
6023
5715
4258
2550
1813
2329
3991
5746
5690
3959
2293
1698
2137
2441
1859
1295
1128
769
377
-36
-675
-1559
-2756
-3406
-2745
-1868
-1845
-2869
-4260
-5189
-5384
-4688
-2937
-1267
-1287
-2893
-4575
-4438
-2743
-1223
-560
-220
159
63
-591
-983
-192
1426
2526
2766
2689
2358
1657
776
648
1865
3313
3511
2369
907
113
-61
41
648
1655
2073
1077
-574
-1884
-1616
-620
-113
58
167
24
-259
-700
-1655
-185
1989
2977
2773
63
-1541
-152
1109
1994
3000
3063
3120
972
-2951
-3856
-884
2339
3104
1044
-1610
-2069
-2442
-3529
-3490
-2365
-1441
-1713
-2789
-3086
-2172
-2492
-4256
-4917
-3809
-1206
762
733
-254
-1692
-3055
-2987
-799
2477
4625
4139
1725
-329
-602
827
3286
5414
6085
4712
2549
1156
1520
3263
4366
4210
3161
2054
1697
1620
1120
615
439
369
225
-103
-387
-415
-988
-2351
-3303
-3043
-2004
-1434
-1877
-2823
-3414
-3822
-4183
-3353
-1603
-314
-579
-2420
-3440
-2467
-1018
-115
20
78
489
354
-239
-222
417
996
1177
1157
1734
2280
1644
561
68
485
1150
1158
914
1117
1009
77
-763
-809
240
1171
673
-143
-269
-168
173
95
-150
335
537
1527
3095
3526
2113
-535
-1431
710
3285
3933
3202
2468
1612
-702
-3214
-2696
1353
4095
2442
-1536
-3679
-2655
-1977
-3209
-4207
-3454
-2488
-3105
-4197
-3604
-1979
-2260
-4948
-6354
-4343
-777
1114
257
-1179
-1741
-2087
-2046
-575
2332
4988
5039
2641
567
491
1914
3711
4700
5098
5263
4649
3576
2801
2708
3156
3150
2587
2411
2914
2987
1484
-588
-1894
-1761
-899
-442
5
62
-1431
-3774
-5334
-4513
-2265
-1147
-1641
-2680
-3309
-3954
-4329
-3551
-1597
-69
-681
-2072
-2011
-516
624
67
-846
-391
667
1304
1355
1599
2093
1452
-275
-1086
240
2488
3225
1766
-121
-829
-609
-291
218
925
1368
668
-805
-1349
-748
-45
0
-538
-383
494
866
839
169
176
1711
3143
3650
2317
818
985
1924
2200
1954
2830
4450
3839
331
-3331
-2816
667
2306
1311
-328
-340
-404
-3106
-6054
-5934
-3393
-1653
-2632
-3793
-3043
-2185
-3573
-6065
-6468
-3851
-842
328
103
-9
-296
-1580
-2627
-1827
1183
4328
5114
4032
2643
1636
1531
1610
2354
4076
5308
5224
3990
2815
2839
2840
1688
410
674
2475
3429
2230
148
-998
-1484
-2558
-3168
-1728
625
1136
-1279
-3861
-4037
-3045
-2760
-2812
-1910
-668
-1022
-2753
-3311
-1687
-362
-792
-1500
-871
767
1138
62
-222
421
520
-265
-646
808
2733
2622
800
-696
-853
-297
-86
104
696
912
104
-1214
-1598
-976
-266
-9
-287
-277
-141
-165
-39
-7
161
149
-106
254
818
1959
3467
4233
3941
1620
-697
-430
1632
3813
4046
2887
2371
1685
57
-1981
-2438
-451
1552
1553
10
-914
-798
-1458
-3055
-4413
-4221
-2691
-1754
-1593
-1606
-1662
-1977
-2980
-3868
-3636
-2476
-1101
-237
285
609
563
208
-533
-904
-250
854
2002
2772
3137
3238
2382
778
-474
-596
734
2497
3614
3897
3131
1421
-601
-1778
-1091
705
2016
2162
1363
394
-414
-953
-1073
-824
-415
-293
-325
-135
1
83
-148
-634
-876
-1327
-1479
-913
-261
402
573
83
-203
-485
-880
-1140
-1313
-1013
-408
-125
-29
-258
-1079
-1950
-2420
-2122
-1105
-163
237
-42
-872
-1534
-1578
-952
-7
665
699
170
-435
-707
-340
599
1407
1612
1166
500
320
573
933
1346
1724
2011
1948
1287
488
263
652
1233
1692
1815
1714
1397
614
-140
-291
165
1102
1737
1554
919
19
-702
-762
-270
707
1553
1345
150
-1250
-1814
-1257
-301
321
345
-102
-1037
-2271
-2935
-2472
-1103
32
-123
-1160
-2189
-2621
-2390
-1799
-1040
-491
-458
-998
-1708
-1857
-1400
-515
377
685
469
-197
-890
-889
-254
620
1186
1158
846
506
281
243
455
855
1239
1542
1585
1385
1117
861
909
1235
1563
1706
1451
930
456
405
911
1546
1756
1170
301
-122
-100
131
76
-12
348
552
171
-739
-1548
-1505
-1097
-772
-422
-104
-61
-809
-1968
-2380
-1673
-510
83
-94
-530
-1112
-1736
-2036
-1583
-402
470
373
-245
-850
-1101
-1100
-897
-161
677
927
505
-119
-261
-54
86
238
595
1175
1415
1062
496
64
166
675
1355
2084
2242
1657
607
-313
-260
672
1764
2263
1739
701
-164
-460
-99
516
1029
1091
463
-400
-932
-840
-379
-331
-824
-1429
-1772
-1635
-1302
-949
-705
-907
-1503
-2113
-2123
-1457
-898
-889
-1257
-1368
-935
-525
-421
-464
-525
-570
-654
-531
162
1133
1494
940
74
-231
466
1457
1901
1806
1436
1262
1507
1809
2043
2067
1643
1100
867
1107
1796
2203
1706
692
-131
-76
663
1026
764
190
-337
-679
-1064
-1094
-668
-487
-903
-1737
-2014
-1390
-939
-1233
-1996
-2344
-1794
-1067
-677
-702
-954
-1401
-1994
-1881
-918
137
397
-530
-1429
-1546
-1240
-549
78
437
552
119
-275
-88
410
1021
1458
1464
1219
1036
926
764
487
318
757
1502
1925
1954
1511
870
403
252
814
1905
2579
2197
1019
-147
-598
-229
533
1333
1612
958
4
-560
-542
-153
59
-96
-553
-1064
-1227
-1096
-933
-931
-1242
-1793
-2280
-2472
-2290
-1703
-1152
-1144
-1591
-2022
-1865
-1350
-1097
-1158
-1365
-1333
-1003
-528
103
530
678
427
-290
-488
388
1604
2195
2186
2154
1937
1513
1270
1413
2030
2487
2278
1936
1983
2284
2255
1817
1594
1661
1477
831
362
714
1252
1074
124
-908
-1253
-1102
-955
-1094
-1438
-1292
-1072
-1484
-2127
-2686
-2730
-2538
-2813
-2824
-2273
-1778
-1704
-2069
-2258
-2246
-2266
-1780
-697
266
297
-320
-583
-286
345
823
1047
1407
1595
1309
891
837
1265
1584
1586
1543
1396
1223
1049
1006
1217
1269
1328
1488
1255
950
937
1139
1561
1977
2394
2794
2568
1534
352
-289
-76
916
1759
1764
1212
142
-1132
-1899
-2101
-1803
-1426
-1557
-1921
-2131
-2190
-2270
-2644
-3454
-4280
-4595
-4384
-3453
-2005
-941
-706
-1400
-2419
-2763
-2267
-1219
-183
408
669
823
1124
1414
1439
1279
1204
1395
1562
1882
2653
3370
3700
3333
2303
1434
976
999
1704
2634
3258
3131
2130
1085
666
658
776
876
872
787
669
543
305
-196
-900
-1440
-1688
-1740
-1279
-393
126
-267
-1534
-2723
-2936
-2418
-1796
-1502
-1346
-1234
-1537
-1923
-2110
-2058
-1688
-1574
-1630
-1304
-932
-691
-415
-250
-339
-483
-497
-485
-156
554
1010
1006
632
246
354
680
934
1307
1701
1686
1419
1348
1393
1795
2774
3866
4621
4187
2335
622
373
1447
2629
2809
2162
1404
605
-447
-1322
-1622
-1743
-2126
-2714
-2915
-2318
-1580
-1646
-2666
-4131
-5450
-6136
-5729
-3944
-1332
525
546
-657
-1814
-2194
-1905
-1267
-190
1206
2345
2874
2915
2860
2835
2445
1646
1048
1225
2146
3048
3327
3047
2417
1517
442
-330
-276
528
1300
1219
478
-216
-458
-247
-50
-133
-579
-1300
-1636
-1118
20
884
757
-72
-956
-1415
-1294
-525
677
1272
696
-488
-1172
-808
-264
-239
-617
-1138
-1367
-1362
-1172
-771
-674
-1006
-1582
-2035
-1951
-1554
-1165
-805
-427
-110
-76
-326
-686
-782
-493
-68
404
814
1244
1506
1156
627
464
1058
2620
4507
5880
5708
3591
1076
-120
326
1633
2675
3033
2855
1795
-242
-2270
-3462
-3707
-3390
-2998
-2260
-1207
-944
-1871
-3385
-4898
-5941
-6312
-5610
-3311
-300
1623
1776
900
176
91
202
305
897
1921
2818
3519
4120
4615
4613
3455
1637
412
194
628
1132
1423
1688
1653
687
-851
-1911
-2051
-1720
-1750
-2209
-2274
-1774
-1190
-696
-397
-343
-579
-1052
-1094
-284
766
1470
1825
2052
2272
2198
1775
1493
1495
1405
984
415
87
202
395
247
-258
-1061
-2035
-2975
-3684
-3850
-3329
-2473
-1844
-1720
-2026
-2374
-2445
-2296
-1997
-1554
-1018
-436
71
534
975
1338
1501
1339
1611
3016
5302
7391
7324
5008
2477
1205
1618
2601
3038
3110
2643
1027
-1409
-3339
-3900
-3426
-3130
-3642
-3966
-3736
-3790
-4233
-4903
-5547
-5870
-6215
-5827
-3772
-1137
702
1298
1344
1907
2786
3122
2893
2923
3422
4186
5120
5874
6519
6731
5838
4485
3416
2675
2229
1606
727
101
-463
-1199
-1604
-1501
-1359
-1675
-2892
-4461
-5270
-5399
-5113
-4404
-3470
-2359
-1429
-990
-624
51
664
869
735
576
973
1855
2782
3515
3668
3139
2168
1191
626
527
499
148
-435
-1011
-1324
-1429
-1695
-2190
-2783
-3349
-3770
-3870
-3552
-2808
-1915
-1164
-488
-73
7
-332
-716
-489
56
1317
3242
5450
7604
7784
6259
4382
2672
1809
1097
900
1841
2723
2125
-226
-2554
-3758
-4161
-4522
-5141
-4760
-3775
-3661
-4206
-5039
-5519
-5502
-5709
-5268
-3607
-1676
-218
696
1753
3015
4018
4535
4888
5506
5351
4289
3607
3917
5327
6611
6687
6150
5076
3285
1272
-383
-1177
-1454
-1952
-2692
-2940
-2521
-2224
-2251
-2698
-3475
-4278
-5274
-5627
-4587
-2786
-1098
-21
750
1726
2649
2891
2631
2421
2323
2282
2264
2455
2981
3349
3011
2110
1101
178
-606
-1459
-2413
-3114
-3422
-3416
-3199
-3029
-3094
-3182
-3402
-3687
-3658
-3432
-3050
-2682
-2319
-1577
-305
932
1683
2152
2158
2698
4109
5750
7461
7542
6324
4994
3647
2711
1790
1495
1907
1897
242
-2820
-4825
-5436
-5486
-5624
-5951
-4950
-3549
-3740
-4893
-5965
-6304
-6133
-6289
-5705
-3526
-831
1203
2667
4255
5560
6168
5932
5652
6156
6036
5166
4735
5120
6240
6906
6592
6082
5267
3402
828
-1311
-2334
-2584
-2862
-3297
-3304
-2947
-2921
-3144
-3447
-3967
-4687
-5417
-5445
-4531
-3376
-2390
-1206
380
1869
2747
3125
3502
3795
3490
2572
1780
1655
1881
2045
1887
1399
744
30
-473
-822
-1485
-2617
-3784
-4356
-4323
-3895
-3167
-2292
-1428
-1159
-1423
-1574
-1450
-1212
-1036
-870
-570
61
799
2594
5525
8061
9353
8272
6407
4957
3317
1713
147
-60
600
518
-1120
-3544
-4500
-4700
-5159
-6257
-7442
-7057
-6036
-5663
-5610
-5453
-5009
-4441
-4163
-3577
-2241
-996
70
1653
3855
5978
7245
7456
7352
7256
6350
5169
4869
5411
6015
5652
4592
4057
3849
2935
1301
-242
-1349
-2413
-3620
-4573
-4478
-3735
-3464
-3321
-3041
-2541
-1977
-2021
-2273
-2471
-2599
-2321
-1430
50
1518
2714
3577
4019
4002
3320
2508
1982
1416
660
-121
-623
-771
-923
-1318
-1625
-1776
-2054
-2507
-3083
-3732
-4348
-4646
-4423
-3491
-2334
-1400
-495
331
964
1028
992
959
1279
2636
4007
5886
7084
6903
7059
6648
5856
4234
1960
694
-365
-2032
-4598
-5913
-5191
-4461
-4603
-5967
-6357
-5185
-5069
-6030
-6829
-6855
-6171
-5984
-5862
-4134
-1419
802
2429
4167
5936
6882
6604
5819
5761
5836
5120
4600
4771
5206
5417
5022
4979
5457
4969
3169
890
-916
-2168
-3201
-3905
-3736
-2671
-1862
-1573
-1553
-1603
-1515
-1481
-1349
-1212
-1266
-1550
-1532
-743
356
1597
2620
3330
3742
3350
2554
1636
681
-190
-1050
-1739
-2353
-2876
-3233
-3093
-2647
-2444
-2502
-2850
-3122
-3395
-3724
-3849
-3733
-3381
-3017
-2420
-1356
-210
828
1950
3045
4904
6767
7506
7613
6186
4871
4305
3679
3561
3099
3111
2927
1624
-854
-3788
-4922
-5780
-6951
-8040
-8404
-6550
-4898
-4916
-5366
-5195
-4424
-4359
-5120
-5182
-3519
-1332
57
1507
3664
5871
7277
7379
7123
7172
6596
5494
4686
4128
3536
2759
2294
2691
3129
2609
1651
1168
824
-287
-2053
-3378
-3538
-3254
-3507
-3712
-2915
-1414
-114
544
996
1698
2106
1653
733
214
449
1135
1860
2367
2804
3113
2979
2361
1339
187
-815
-1724
-2713
-3442
-3791
-3872
-3898
-4164
-4158
-3701
-3162
-2885
-2788
-2632
-2644
-2846
-3208
-3069
-2141
-1186
-306
799
1985
3655
5756
7290
8294
7648
5794
4688
3869
3335
2445
1638
1448
694
-1016
-3504
-4489
-4526
-5467
-6660
-7745
-7005
-5541
-5542
-5643
-4947
-3824
-3571
-4430
-4518
-2820
-455
882
1730
3357
5166
6321
6584
6618
7050
6937
5848
4813
4284
3807
3091
2400
2330
2480
1905
768
13
-77
-519
-1633
-2768
-3232
-2896
-2743
-2826
-2391
-1369
-146
640
798
815
939
1038
1048
1015
1143
1495
1908
1980
1664
1325
989
766
517
143
-171
-709
-1652
-2554
-3072
-3275
-3376
-3688
-3750
-3337
-3054
-3154
-3412
-3097
-2215
-1284
-591
-123
542
1012
829
533
421
898
2670
4623
6258
7135
6694
6751
6712
5743
3919
1510
239
-1094
-3116
-5398
-6596
-5491
-5005
-5586
-6273
-6190
-4848
-4837
-5826
-6084
-5467
-4874
-5375
-5428
-3865
-1227
1039
2398
4200
6096
6882
6499
5925
6030
6147
5485
4392
3950
3900
3426
3083
3311
3784
3445
1816
119
-697
-1224
-2097
-2728
-2540
-1853
-1546
-1876
-1946
-1341
-798
-781
-692
-127
749
1349
1356
1531
1927
2129
1922
1326
913
586
229
-151
-393
-153
142
215
-251
-1145
-1873
-2548
-3154
-3755
-4156
-3949
-3574
-3448
-3510
-3166
-2154
-1036
-315
-45
71
162
-10
-424
-279
357
1545
3580
5235
6550
6982
6509
6692
6391
5223
3327
1512
873
-314
-2305
-4577
-5519
-4662
-4941
-5918
-6446
-5845
-4193
-4035
-4561
-4405
-4220
-4818
-6355
-6600
-4761
-2333
-805
-28
1945
4605
6268
6883
7056
7419
7104
5219
3095
2078
1975
2063
2184
2841
3745
3865
3073
2149
1708
1176
-70
-1424
-2343
-2803
-3087
-3173
-2594
-1591
-787
-325
172
822
1124
910
644
752
1093
1215
1025
884
920
815
503
146
-94
-160
-288
-577
-1020
-1445
-1649
-1702
-1697
-1910
-2310
-2670
-3116
-3627
-3990
-3779
-2964
-1950
-980
-145
666
1272
1222
784
678
816
1531
2861
3898
5003
5593
5819
6785
7181
6826
5671
3950
2243
-616
-3783
-6184
-6916
-6430
-7048
-7440
-6674
-5069
-3473
-3712
-4067
-3810
-4250
-5764
-7751
-7707
-5790
-3947
-2606
-1147
1857
4971
6540
7278
7729
8186
7526
5660
4222
3549
3317
2725
2266
2687
3068
3108
2872
2848
3087
2551
1425
429
-325
-1250
-2511
-3338
-3328
-2873
-2488
-2094
-1190
-56
633
931
1295
1836
2213
2071
1515
824
34
-826
-1381
-1417
-1245
-1020
-856
-779
-656
-619
-635
-817
-1359
-2244
-3161
-3740
-4445
-5176
-5436
-4976
-3562
-2218
-1260
-238
808
1753
2016
2078
2322
2919
3845
4013
4252
4852
5744
7393
8130
8013
7366
6093
4680
2084
-723
-2863
-4320
-5284
-7264
-8585
-8139
-6840
-5363
-5099
-4811
-3905
-3912
-5103
-6667
-6790
-5626
-4835
-4605
-3931
-1720
971
2781
4179
5752
7369
8000
7244
6150
5328
4579
3580
2634
2181
1874
1632
1648
2042
2594
2600
2266
2080
1716
792
-557
-1570
-1928
-2170
-2618
-2887
-2398
-1481
-859
-448
196
1249
2216
2537
2396
2167
1842
1162
219
-553
-894
-902
-942
-1168
-1324
-1215
-919
-651
-713
-1129
-1705
-2527
-3576
-4606
-5233
-5246
-4864
-4322
-3706
-2711
-1427
-368
566
1385
2379
3785
4828
5306
5369
5328
5727
6145
6223
5950
5637
5419
4388
2584
686
-855
-1884
-3558
-5692
-6799
-6645
-5929
-5786
-5998
-5565
-4716
-4472
-5254
-5760
-5179
-4374
-3999
-3963
-3241
-1436
440
1968
3434
4897
6001
6339
6142
5745
5148
4421
3686
3323
3135
2578
2181
2160
2258
2227
1682
1249
1156
873
333
-391
-906
-1343
-2031
-2496
-2516
-2046
-1455
-1253
-961
-394
180
734
1084
1406
1675
1547
1146
619
291
170
-94
-388
-761
-942
-748
-688
-776
-992
-1216
-1263
-1669
-2499
-3399
-4036
-4282
-4543
-4661
-4371
-3476
-2015
-803
182
963
1702
2986
4116
4892
5225
5213
5677
6117
6320
6249
5924
5737
4713
2977
1231
-353
-1345
-2815
-4583
-5492
-5669
-5191
-4976
-5048
-4763
-4576
-4665
-5256
-5623
-5278
-5021
-4814
-4559
-3846
-2578
-1443
-86
1643
3323
4514
5073
5529
5703
5266
4320
3255
2718
2372
1923
1775
1998
2414
2619
2560
2579
2609
2264
1523
882
479
-99
-1051
-1914
-2168
-2005
-1909
-1979
-1671
-804
-23
418
665
998
1373
1251
767
423
386
428
148
-181
-208
-7
147
-120
-534
-836
-1150
-1448
-1851
-2233
-2580
-3162
-3798
-4274
-4317
-3985
-3607
-3038
-2233
-1160
-79
777
1841
3020
4018
4544
4610
4920
5371
5591
5532
5337
5260
4617
3179
1543
116
-893
-2166
-3673
-4583
-4821
-4548
-4334
-4112
-3500
-3004
-2932
-3393
-3787
-3683
-3703
-3908
-4043
-3724
-2967
-2296
-1346
122
1769
3019
3646
4282
4905
5041
4558
3765
3231
2640
1739
1025
947
1477
1795
1633
1588
1937
2418
2375
1875
1532
1245
658
-366
-1451
-2117
-2647
-3150
-3335
-2934
-2008
-1268
-807
-286
380
1174
1656
1918
2137
1945
1306
256
-599
-831
-903
-951
-1150
-1261
-1093
-1074
-1032
-1022
-1048
-1099
-1545
-1994
-2339
-2527
-2397
-2227
-1764
-1171
-582
241
1091
2141
3133
3894
4631
5077
5260
5029
4480
3914
3102
2166
1166
173
-787
-2071
-3376
-4304
-4705
-4670
-4500
-4012
-3314
-2806
-2684
-2784
-2550
-2109
-1945
-2125
-2373
-2397
-2497
-2737
-2591
-1676
-213
987
1770
2576
3533
4332
4567
4486
4378
4045
3278
2207
1428
1110
951
811
816
1289
2010
2536
2742
2636
2402
1899
1010
-10
-982
-1679
-2229
-2734
-2917
-2681
-2005
-1247
-694
-123
537
1264
1763
1847
1759
1467
928
147
-673
-1185
-1547
-1983
-2517
-2893
-2825
-2440
-1895
-1309
-800
-580
-827
-1357
-1863
-2151
-2289
-2297
-2048
-1510
-715
209
1322
2605
3779
4598
4901
4832
4509
3991
3431
2825
2196
1487
611
-291
-1188
-1959
-2497
-2833
-2903
-2868
-2801
-2665
-2491
-2232
-2099
-2097
-2043
-1983
-1933
-2011
-2093
-1991
-1915
-1873
-1689
-1136
-227
574
1157
1663
2181
2745
3110
3319
3488
3535
3400
2910
2245
1749
1533
1581
1588
1516
1496
1421
1239
851
409
70
-365
-894
-1384
-1586
-1440
-1254
-1016
-650
-153
360
620
766
861
830
631
183
-176
-366
-529
-708
-984
-1059
-938
-786
-592
-523
-505
-670
-1066
-1424
-1741
-1940
-2180
-2552
-2853
-3080
-3033
-2668
-2001
-1005
34
1063
2001
2759
3395
3704
3754
3557
3172
2833
2463
2163
1842
1394
891
246
-310
-646
-779
-770
-892
-1093
-1310
-1531
-1725
-2046
-2432
-2847
-3224
-3376
-3270
-2892
-2414
-1993
-1653
-1439
-1251
-976
-480
174
661
901
1091
1536
2211
2825
3320
3718
3993
3913
3415
2832
2377
2053
1667
1226
942
756
602
446
399
509
471
208
-134
-386
-540
-803
-1020
-963
-657
-297
-128
-3
172
233
87
-247
-486
-565
-666
-813
-997
-1043
-908
-685
-388
-173
-116
-272
-636
-1119
-1744
-2414
-3021
-3471
-3679
-3711
-3539
-3129
-2473
-1612
-707
165
927
1556
2084
2488
2806
3025
3116
3123
3069
2982
2862
2680
2452
2139
1710
1256
890
624
274
-258
-766
-1074
-1233
-1438
-1742
-1982
-2124
-2246
-2318
-2245
-2012
-1799
-1745
-1757
-1746
-1661
-1499
-1284
-1035
-835
-635
-253
390
1214
2013
2682
3216
3523
3559
3370
3087
2776
2335
1771
1263
978
912
893
865
819
667
370
-31
-429
-833
-1284
-1639
-1715
-1504
-1180
-871
-519
-87
338
633
784
852
804
556
111
-381
-751
-961
-1090
-1202
-1276
-1280
-1200
-1096
-1049
-1077
-1159
-1291
-1551
-1973
-2420
-2694
-2705
-2553
-2327
-1955
-1351
-565
192
772
1174
1437
1636
1835
2079
2362
2605
2796
2927
2958
2837
2565
2290
2084
1790
1207
364
-394
-835
-1082
-1388
-1787
-2084
-2214
-2294
-2338
-2195
-1775
-1257
-905
-800
-840
-886
-910
-909
-871
-801
-656
-371
114
748
1401
1985
2439
2734
2838
2800
2750
2712
2601
2306
1895
1542
1296
1087
803
445
103
-186
-404
-591
-799
-1050
-1328
-1529
-1587
-1521
-1376
-1158
-822
-398
-27
211
365
522
634
551
254
-108
-392
-623
-920
-1250
-1463
-1473
-1369
-1317
-1335
-1332
-1278
-1260
-1394
-1646
-1901
-2116
-2293
-2390
-2256
-1798
-1103
-352
317
904
1422
1835
2113
2268
2373
2478
2542
2496
2341
2215
2257
2399
2423
2158
1682
1194
766
376
5
-338
-679
-1099
-1561
-1925
-2121
-2195
-2213
-2122
-1867
-1556
-1304
-1078
-761
-391
-177
-192
-263
-209
-56
72
213
493
898
1281
1580
1886
2200
2345
2202
1912
1706
1600
1408
1061
696
423
182
-125
-435
-603
-631
-653
-738
-809
-773
-665
-563
-471
-333
-149
20
140
238
331
374
319
180
12
-171
-380
-618
-860
-1087
-1291
-1452
-1535
-1536
-1490
-1426
-1376
-1392
-1516
-1700
-1813
-1782
-1671
-1580
-1489
-1285
-926
-490
-18
540
1201
1830
2256
2462
2550
2547
2373
2022
1669
1481
1429
1354
1202
1072
1030
995
856
634
423
192
-161
-623
-1028
-1244
-1328
-1399
-1461
-1432
-1307
-1141
-909
-540
-81
276
393
349
301
263
156
12
-27
94
301
526
824
1223
1572
1703
1626
1499
1373
1150
771
327
-72
-422
-737
-939
-947
-825
-713
-631
-476
-222
-6
36
-56
-150
-213
-298
-401
-433
-355
-218
-84
37
160
235
189
10
-254
-551
-865
-1180
-1468
-1669
-1736
-1660
-1492
-1334
-1249
-1199
-1122
-1010
-923
-857
-728
-482
-187
46
237
508
887
1280
1604
1887
2181
2427
2509
2418
2268
2098
1818
1352
779
264
-120
-386
-513
-445
-219
-41
-69
-273
-506
-687
-861
-1056
-1224
-1318
-1340
-1302
-1118
-715
-175
307
593
708
737
705
618
502
398
291
154
39
58
249
516
743
922
1101
1254
1258
1053
698
300
-87
-458
-757
-902
-887
-793
-696
-578
-386
-137
78
184
191
139
51
-65
-177
-231
-201
-121
-39
27
68
59
-25
-183
-395
-657
-981
-1363
-1735
-1973
-1999
-1828
-1569
-1313
-1064
-797
-524
-305
-172
-76
21
82
60
4
74
357
781
1206
1578
1941
2286
2508
2550
2473
2343
2102
1650
1022
379
-156
-581
-884
-981
-841
-617
-506
-518
-493
-350
-213
-236
-406
-603
-783
-957
-1043
-905
-546
-155
102
262
440
632
721
662
519
354
168
-13
-93
-20
117
215
300
443
625
718
668
541
393
177
-159
-534
-813
-972
-1067
-1114
-1037
-778
-406
-47
230
427
560
623
590
439
210
-16
-161
-209
-208
-186
-129
-46
5
-35
-160
-329
-544
-827
-1117
-1315
-1372
-1341
-1280
-1151
-891
-529
-193
41
197
310
352
295
195
180
320
581
867
1114
1310
1479
1641
1777
1842
1793
1605
1292
886
442
42
-255
-434
-504
-501
-481
-498
-550
-558
-461
-304
-225
-295
-455
-616
-729
-789
-776
-682
-553
-448
-362
-238
-71
76
160
213
256
259
188
91
32
23
36
72
164
304
423
480
488
476
413
272
91
-86
-252
-423
-556
-557
-405
-166
71
262
413
522
570
543
420
204
-33
-196
-240
-233
-245
-260
-229
-167
-146
-188
-251
-335
-487
-706
-902
-996
-1038
-1088
-1096
-968
-701
-401
-146
77
271
388
417
416
468
557
622
645
652
670
726
854
1047
1205
1221
1098
916
724
504
264
74
-33
-89
-141
-166
-137
-84
-32
41
147
213
142
-48
-247
-404
-533
-636
-658
-593
-529
-531
-563
-551
-497
-448
-396
-325
-270
-286
-334
-309
-206
-109
-75
-47
19
65
58
59
142
242
237
153
119
191
261
237
191
220
300
333
314
343
452
543
518
398
275
198
145
89
26
-53
-148
-231
-259
-237
-211
-242
-349
-505
-658
-748
-766
-740
-711
-689
-632
-503
-315
-110
80
244
366
434
443
413
385
373
376
376
372
391
458
545
585
560
512
475
406
250
41
-106
-144
-138
-153
-149
-73
36
104
136
195
268
260
150
28
-43
-120
-251
-363
-378
-350
-402
-514
-539
-428
-306
-281
-299
-271
-234
-264
-332
-322
-219
-122
-78
-27
86
213
288
310
320
309
246
169
132
127
103
65
76
156
237
282
337
439
538
540
439
325
254
177
30
-158
-293
-346
-368
-404
-430
-422
-428
-506
-641
-740
-761
-763
-795
-821
-759
-585
-349
-102
150
388
546
575
513
456
445
448
438
424
427
432
407
377
388
446
511
538
519
457
369
280
207
160
111
59
8
-49
-118
-173
-152
-36
96
154
129
73
6
-109
-263
-375
-395
-387
-433
-512
-517
-407
-271
-208
-217
-243
-272
-328
-393
-404
-341
-271
-259
-272
-217
-61
126
251
288
286
275
247
189
111
47
13
16
71
187
363
552
698
763
744
672
581
484
344
121
-141
-343
-429
-439
-439
-428
-390
-360
-409
-522
-593
-565
-516
-543
-622
-648
-585
-494
-413
-292
-100
100
213
245
279
350
418
448
461
480
482
438
377
361
406
476
530
546
523
461
372
283
203
122
36
-52
-141
-227
-278
-254
-161
-52
33
95
138
143
92
0
-88
-165
-246
-331
-376
-354
-288
-220
-164
-103
-49
-29
-45
-75
-96
-117
-156
-204
-235
-230
-184
-125
-83
-61
-27
31
83
92
60
24
2
-30
-76
-90
-38
73
207
350
505
632
678
612
458
264
62
-126
-282
-402
-488
-526
-490
-388
-270
-199
-193
-228
-300
-420
-559
-639
-613
-516
-418
-334
-220
-52
128
251
318
366
423
475
496
485
463
447
447
464
504
555
585
563
486
395
324
275
228
163
92
17
-69
-145
-167
-119
-49
-27
-60
-96
-96
-86
-101
-143
-194
-263
-373
-501
-584
-592
-546
-472
-364
-209
-40
97
189
245
244
159
8
-126
-188
-185
-148
-94
-21
55
109
135
154
160
131
61
-24
-97
-142
-146
-91
28
167
277
337
363
364
337
284
228
173
85
-57
-208
-301
-305
-259
-224
-220
-239
-277
-328
-374
-383
-357
-327
-323
-327
-285
-172
-19
123
213
228
176
90
16
-5
35
103
169
217
244
277
335
405
457
471
467
470
477
461
409
346
298
244
155
46
-34
-71
-99
-130
-123
-44
57
87
12
-108
-202
-270
-343
-415
-445
-430
-417
-421
-395
-302
-179
-100
-82
-69
-34
-23
-71
-136
-145
-104
-71
-69
-48
29
132
199
231
269
305
282
169
21
-79
-119
-134
-135
-94
-5
96
163
190
199
189
144
69
-12
-71
-114
-145
-154
-138
-114
-100
-94
-99
-108
-131
-151
-137
-88
-34
5
41
102
178
226
227
185
121
42
-42
-99
-119
-119
-134
-174
-195
-155
-50
81
185
243
252
236
219
224
258
293
288
217
113
35
5
0
-9
-19
-8
18
43
69
114
168
188
142
41
-68
-161
-249
-331
-384
-394
-372
-351
-339
-313
-264
-204
-161
-146
-142
-139
-131
-116
-83
-14
89
198
287
342
373
388
373
321
238
144
58
-11
-55
-62
-12
78
173
232
244
214
144
32
-102
-226
-308
-345
-357
-357
-336
-287
-225
-177
-151
-129
-106
-93
-102
-111
-83
-9
73
135
170
188
188
161
120
85
57
31
-3
-39
-66
-80
-66
-16
56
115
155
180
197
203
199
202
229
253
242
187
127
82
47
13
-9
-6
-1
-23
-61
-69
-20
60
120
143
128
81
1
-95
-162
-183
-180
-185
-210
-234
-238
-229
-222
-220
-224
-245
-285
-331
-345
-304
-218
-109
-1
111
223
310
355
361
345
315
258
181
105
57
40
36
43
77
132
175
178
134
60
-26
-118
-201
-259
-286
-290
-287
-287
-273
-236
-174
-105
-60
-52
-73
-105
-119
-104
-62
9
84
144
177
184
182
175
154
122
88
63
48
54
83
131
174
190
181
160
129
89
46
16
6
7
2
-2
2
12
14
3
-17
-37
-61
-75
-67
-18
58
133
181
191
167
112
45
-19
-65
-99
-132
-164
-181
-170
-139
-108
-88
-86
-101
-137
-184
-223
-230
-208
-174
-131
-69
13
96
162
204
234
245
228
184
124
67
19
-17
-42
-40
-6
47
89
106
103
80
36
-30
-100
-167
-227
-277
-307
-299
-265
-213
-149
-85
-39
-15
-7
-6
-1
7
9
13
22
40
60
76
95
115
130
137
140
145
159
172
181
181
174
163
146
126
107
90
70
53
37
16
-6
-26
-43
-55
-63
-70
-74
-74
-67
-54
-33
-10
10
19
20
7
-9
-26
-45
-64
-83
-100
-111
-116
-114
-104
-89
-74
-61
-51
-46
-42
-36
-36
-41
-50
-60
-62
-52
-24
16
62
119
172
208
218
198
157
98
33
-28
-73
-90
-81
-48
-5
38
76
93
83
47
-10
-75
-137
-186
-215
-216
-192
-147
-89
-21
41
83
100
94
72
33
-11
-52
-73
-73
-58
-33
-1
40
82
118
136
144
143
132
110
81
61
50
44
36
30
34
42
42
33
27
28
29
21
-3
-32
-52
-71
-90
-105
-103
-83
-55
-28
3
41
84
111
112
90
56
12
-45
-107
-153
-173
-170
-161
-145
-115
-72
-22
13
29
33
32
23
2
-16
-19
-4
23
44
62
85
106
118
114
98
76
45
3
-52
-103
-134
-140
-124
-90
-44
8
55
85
92
81
60
33
0
-38
-68
-78
-64
-33
9
52
85
99
80
41
-5
-44
-65
-75
-77
-66
-38
-5
26
46
64
77
73
49
14
-13
-23
-29
-31
-20
3
26
38
37
35
39
43
34
15
-7
-23
-35
-46
-48
-33
-5
16
22
20
25
38
54
63
62
45
6
-53
-118
-164
-182
-179
-163
-134
-92
-39
21
75
119
147
151
124
71
8
-39
-56
-47
-23
6
32
48
54
49
44
41
34
18
-13
-48
-77
-88
-82
-59
-27
10
43
60
64
53
40
30
17
3
-13
-25
-34
-36
-25
-4
24
49
51
37
11
-16
-36
-57
-69
-67
-50
-24
-4
7
13
24
37
45
35
14
-7
-24
-39
-44
-32
-4
27
46
46
36
32
30
23
8
-8
-21
-29
-39
-43
-28
2
40
67
80
84
72
53
21
-12
-43
-69
-91
-105
-104
-94
-78
-57
-25
14
48
69
77
83
86
71
41
5
-25
-48
-71
-89
-81
-42
11
48
67
79
84
76
42
-9
-55
-83
-96
-100
-92
-60
-8
47
85
96
88
73
49
14
-30
-62
-74
-65
-48
-24
6
44
76
88
71
42
14
-15
-48
-85
-105
-92
-63
-33
-3
23
51
70
71
53
29
9
-12
-34
-49
-47
-30
-10
7
17
27
37
40
31
15
0
-11
-19
-26
-25
-13
5
22
34
39
44
45
36
20
1
-18
-33
-46
-56
-57
-51
-37
-20
-6
10
30
45
52
51
44
38
26
5
-18
-36
-46
-51
-57
-55
-42
-19
1
16
26
37
42
35
17
-6
-25
-38
