-4
-4
-2
-2
-3
-3
-2
0
1
1
-1
0
1
4
5
7
3
0
0
3
4
2
0
0
0
0
-1
-1
-2
0
1
2
0
-1
-3
-3
-1
0
1
1
-1
-3
0
3
2
0
0
-1
-2
-3
-3
0
-1
-3
-1
2
3
-1
0
0
0
0
-1
1
-1
-3
-3
-4
0
-1
-4
-3
-1
1
0
-1
1
1
2
3
3
2
3
2
3
5
4
1
0
1
2
2
0
-3
0
4
-1
0
2
-1
-3
0
3
2
1
0
1
-1
0
3
3
1
-1
1
1
-1
0
3
3
0
2
4
4
4
4
4
5
0
-1
0
0
1
2
2
1
1
2
2
3
-3
-5
0
3
1
3
-2
-4
0
-3
-2
2
-2
-3
-2
-5
-4
-3
-3
-3
-3
-4
-2
-1
-2
-4
-3
1
3
4
2
-1
0
1
3
1
0
-1
-3
0
1
0
1
0
-2
1
-3
-5
-1
-3
-4
-1
-4
-1
0
-2
-1
2
2
2
0
1
3
2
1
1
4
5
4
3
3
3
2
0
-2
-1
0
0
-1
-2
-2
-3
-2
-1
0
-1
0
-1
-1
-1
1
0
0
0
0
2
3
3
3
3
1
3
1
0
-1
-1
1
0
1
1
2
2
0
-1
2
3
1
0
-1
0
0
1
1
1
0
2
4
3
1
0
2
3
5
3
1
-1
-1
0
3
3
1
-2
0
1
3
2
1
2
1
-2
-1
0
3
2
0
-1
0
1
2
2
4
6
6
3
4
3
2
-2
-5
-3
-2
-4
-6
-4
-2
-4
-8
-6
-3
-3
-4
-3
-5
-4
0
-1
-4
-6
-2
4
4
5
7
6
4
5
6
0
-4
-3
2
-1
1
4
1
-4
-3
3
3
0
0
1
0
1
1
3
1
-2
1
2
2
4
-2
-1
6
0
-1
6
3
-2
0
6
5
-1
-4
-1
1
2
2
-1
-3
-1
1
1
0
-1
-1
-2
0
-1
-3
-3
-2
0
1
0
0
-2
-2
-1
1
2
0
1
-1
1
1
0
-1
-2
-2
1
0
-1
-1
-2
-2
0
1
1
0
0
0
1
2
2
2
1
0
1
2
3
0
-2
0
-1
-2
-3
-1
0
-1
0
1
3
3
0
0
0
2
0
-2
-3
-1
2
1
1
0
1
2
3
2
3
2
-1
0
0
-2
-4
-6
-4
2
2
0
0
1
1
0
0
2
2
3
3
4
6
4
1
3
6
7
4
0
-1
0
1
2
0
0
0
-1
-1
1
2
0
1
4
4
2
6
4
0
3
7
5
-2
-1
2
0
-4
0
3
-3
-4
-3
3
2
1
3
-2
-3
-4
-4
-5
-7
-7
-3
0
3
1
0
-3
-2
1
5
6
3
4
7
7
3
0
1
2
2
-3
-5
-5
-3
-2
0
1
0
-4
-6
-4
0
0
-2
-2
-2
-1
-1
1
4
2
2
3
4
3
-3
-5
-1
5
6
3
-1
-1
0
0
1
2
3
1
1
3
4
-2
-6
-5
0
1
-1
-6
-7
-2
4
4
2
1
1
3
3
0
0
-1
-1
1
2
2
1
-2
1
4
6
1
-4
-4
1
1
1
1
3
3
1
1
5
3
1
-2
3
6
5
1
0
2
5
3
-2
1
2
-3
-5
0
0
-5
-6
-3
-4
-3
-2
-4
-4
-3
-1
-2
-1
-1
-1
-1
0
1
0
-1
0
-1
0
1
-1
-1
0
-2
-1
1
-2
-4
-2
0
0
1
0
-2
-3
0
-1
-4
-3
3
0
-5
-3
1
0
-4
0
3
2
2
3
4
2
1
2
2
1
1
1
2
4
2
2
0
-1
-1
-1
0
1
4
6
5
4
3
2
3
2
4
5
4
3
2
1
-1
0
2
4
2
1
2
4
5
1
-1
1
2
2
-2
-2
-1
-1
-1
0
1
1
-1
-1
0
-1
1
-1
1
2
-1
-1
-1
-4
0
2
2
3
0
1
1
0
-1
-1
-3
-4
-3
-3
-3
-3
-4
-6
-4
-2
-4
-5
-1
2
-3
-4
0
-1
-5
-3
1
-1
-2
2
3
3
1
2
0
-1
0
2
2
1
1
-1
-2
-1
1
2
1
-3
-1
2
3
0
-2
1
3
3
-1
-2
-1
3
4
3
2
0
-1
0
0
1
-1
-1
0
3
1
0
-1
0
1
2
1
2
2
0
0
3
5
1
1
1
-1
-1
0
-2
1
1
0
1
1
-1
1
1
2
3
1
0
0
2
0
1
0
2
1
2
3
3
1
-2
-2
0
1
1
0
1
1
3
5
3
1
-1
-4
-2
0
-3
-2
0
-3
-3
-4
-1
-1
-2
-4
-1
1
1
0
-1
-1
-2
0
0
2
0
-2
-1
0
-1
0
0
0
-2
-1
0
0
-1
0
-1
1
-1
1
0
-1
-1
1
5
4
-1
1
1
0
0
3
3
2
1
0
-1
0
1
1
0
1
1
2
-1
-3
-2
-1
-1
1
2
-1
0
3
3
-1
2
4
1
-2
2
4
4
4
5
4
2
1
0
1
1
0
1
2
3
4
3
0
-1
3
6
3
-1
0
3
2
0
0
2
1
-1
-1
-1
-2
0
4
5
-1
-4
-1
0
-3
-5
-1
1
1
0
-2
-3
-4
-3
-1
1
0
-2
0
3
0
-5
-7
-5
0
0
0
0
-2
-4
-3
-2
0
-2
-2
-1
2
5
3
2
-1
-3
-2
-3
-2
-2
0
2
1
3
2
1
0
2
2
1
3
4
5
3
3
3
1
2
0
2
2
3
2
1
2
1
3
5
3
3
2
-1
3
4
3
1
-3
-5
-2
0
0
0
1
1
-2
-3
-4
-1
0
-1
0
2
4
5
4
1
1
0
-1
0
0
0
0
3
1
1
0
0
-2
-1
2
-1
3
1
1
4
-1
4
-1
1
-1
-1
3
1
3
2
0
2
2
4
2
0
-1
-1
-1
-1
-1
-3
-4
-4
-2
-1
-2
-5
-3
0
1
0
-4
-2
-1
-3
-3
-1
-1
-2
-1
0
-1
-1
0
0
-1
0
1
1
0
1
1
0
1
2
2
0
0
-2
1
1
1
-1
-1
0
-2
0
-1
-1
1
2
-1
-2
2
3
-2
0
3
1
-2
1
2
-1
-3
1
0
-2
3
1
-2
1
-1
-2
2
1
1
0
-1
2
5
2
3
3
2
-1
-2
-3
-2
-3
-2
-2
-3
-2
-2
-3
-2
-3
0
1
1
3
3
-1
1
2
1
0
3
3
1
0
1
-1
-2
1
0
0
0
-1
0
2
2
4
2
-1
-1
-2
-1
1
1
0
0
0
0
-1
1
2
2
1
4
5
1
1
0
0
-1
2
4
3
0
1
0
0
-1
-2
-2
-1
-1
-3
-4
0
-2
-5
-1
1
-2
0
-1
-1
2
1
-1
-5
1
1
1
4
4
4
1
6
5
-1
-3
3
1
-1
1
0
-1
0
-4
-1
3
-1
-2
1
0
0
0
-1
-1
-1
0
0
0
0
3
3
2
-1
0
1
2
-1
-3
-1
1
-2
-4
-5
-1
0
1
0
0
0
-1
-1
-3
-2
-1
1
0
0
0
0
0
-2
-2
-1
-2
-2
2
4
3
-1
1
4
6
3
-2
-2
0
0
1
1
1
0
1
1
0
0
2
1
3
3
0
2
2
0
2
2
1
2
2
0
2
0
1
1
0
0
0
1
0
-2
-1
-2
-4
-4
0
5
7
4
2
3
2
-1
-6
-5
-1
5
4
3
2
1
-4
-5
1
3
2
5
8
5
2
1
0
-2
-1
1
0
-1
-1
0
1
0
1
4
5
5
3
3
3
2
1
-2
1
1
1
0
2
1
2
-2
-3
-2
-3
-4
-6
-6
-5
-1
1
0
0
0
2
2
3
1
2
1
1
1
3
3
6
3
-2
-1
0
0
2
2
2
1
0
0
0
0
1
0
0
0
0
0
-1
-3
-4
-3
-2
0
2
2
2
0
0
-1
1
0
0
-3
-2
-1
-1
-2
-6
-4
-2
-1
-1
0
0
0
0
2
1
-1
-1
0
1
0
2
4
6
6
5
4
4
2
1
1
0
-1
-1
-1
-2
-4
-3
-2
1
1
-1
-1
0
-2
-1
0
-2
0
1
1
1
-1
-1
3
5
3
2
1
0
0
0
1
2
1
0
0
0
1
0
1
0
0
1
2
1
0
0
1
2
3
3
2
2
-1
1
1
2
2
1
0
-2
-2
-2
-3
-4
-5
-4
-3
-3
-3
-1
0
-1
-3
-3
0
3
2
1
0
0
-1
-1
0
0
-2
-2
-2
-2
-2
-3
-3
-1
-1
-1
1
0
1
2
1
0
1
1
2
0
0
0
0
0
1
-1
1
2
-2
1
-3
1
5
-2
0
7
0
-4
-2
0
-2
-6
-3
0
-1
-3
-1
2
1
0
5
3
-3
2
2
1
2
0
4
5
-1
1
5
1
0
3
1
1
-1
-2
-1
0
0
-1
0
2
0
-2
-2
-2
1
3
1
1
5
5
4
2
4
4
2
1
0
0
1
1
1
1
1
0
0
-2
-3
-5
-5
-2
0
1
2
1
0
2
1
5
4
3
3
-2
5
0
1
-1
-1
3
-1
1
-1
-2
-2
-3
-2
-2
-2
-4
-4
-5
-5
-4
-3
-3
-3
-1
1
0
2
2
2
0
1
2
2
1
3
2
0
2
2
0
-1
1
1
1
0
1
2
0
-2
-3
-2
-3
-3
-4
-1
0
0
0
4
5
2
3
5
0
-1
3
4
0
1
3
-1
-1
1
1
-1
0
1
1
1
1
0
0
-1
-2
-2
-1
0
1
2
2
3
3
2
1
0
0
1
2
3
4
3
1
-1
-1
-2
-2
-2
-2
0
0
1
4
6
6
2
0
1
1
-2
-3
-1
2
2
1
0
0
0
1
2
2
1
1
1
0
-1
0
-3
-2
-3
-4
-4
-5
-7
-5
-3
-5
-5
-5
0
-2
-6
-1
-1
-4
-7
-4
5
2
1
1
-1
0
-1
0
-1
-3
0
3
2
-1
-6
-5
-2
0
-1
0
0
1
-1
2
4
8
7
5
4
2
-1
0
5
6
5
3
2
1
1
2
2
2
2
5
7
5
1
-3
-4
-3
-2
1
2
2
0
-1
-2
-3
-3
0
4
7
9
8
5
3
-1
-4
-4
0
7
10
7
3
-2
-4
-4
-1
3
7
6
6
4
0
-7
-8
-2
3
4
2
-1
-1
-2
-4
-4
0
4
5
4
3
3
0
-2
-3
-5
-5
-4
-2
0
-1
-4
-4
0
2
-1
-4
-4
-3
-1
2
3
5
4
3
-2
-4
-3
-1
5
7
5
3
0
-2
-4
-3
0
4
7
3
-1
-2
-2
0
2
3
5
5
2
-2
-6
-9
-9
-6
-1
6
11
9
3
-4
-9
-9
-6
1
6
8
11
10
6
-4
-14
-16
-7
-4
-7
-10
-7
0
8
16
19
16
3
-17
-34
-37
-22
3
25
29
14
-16
-59
-89
-88
-40
44
124
159
133
68
-5
-58
-78
-58
0
76
132
133
75
-9
-79
-104
-78
-18
49
92
91
46
-22
-81
-110
-100
-67
-18
24
43
29
-13
-48
-48
-12
27
35
7
-24
-39
-36
-23
-2
28
53
56
26
-23
-68
-80
-53
-1
47
71
64
23
-30
-72
-82
-56
-16
18
37
40
28
0
-34
-59
-58
-30
1
19
19
8
0
-10
-22
-29
-23
-6
13
24
26
24
18
14
9
11
17
25
29
27
19
15
17
20
23
23
27
30
23
5
-11
-14
-4
6
12
14
18
19
13
2
-9
-11
-4
7
15
20
22
22
18
9
1
-1
-1
4
10
15
15
9
1
-6
-9
-9
-7
-2
5
11
13
10
3
-12
-29
-38
-37
-32
-33
-33
-26
-13
-5
-10
-20
-31
-44
-55
-56
-47
-31
-17
-8
-7
-18
-36
-48
-48
-33
-14
3
12
10
1
-9
-16
-16
-13
-4
11
27
36
36
31
24
25
32
44
56
64
64
64
64
66
66
64
65
60
62
65
59
57
53
45
48
50
45
48
53
53
51
46
39
28
26
31
44
61
65
49
42
57
63
55
59
83
100
120
156
174
157
116
77
65
75
98
127
143
137
120
81
26
-37
-99
-132
-131
-132
-151
-182
-225
-286
-351
-413
-469
-499
-504
-520
-561
-636
-754
-879
-965
-991
-962
-925
-907
-865
-805
-744
-661
-578
-518
-455
-383
-288
-165
-50
76
237
372
467
583
726
846
917
969
1042
1099
1097
1067
1044
1012
943
831
723
659
605
554
508
432
313
179
44
-83
-187
-285
-378
-461
-533
-570
-571
-556
-514
-473
-471
-483
-441
-361
-306
-258
-176
-92
-11
72
161
268
355
414
483
552
617
677
705
712
654
540
461
417
394
386
370
359
346
319
289
235
185
160
128
98
67
59
105
134
120
104
70
61
121
191
233
237
207
159
76
-26
-101
-152
-226
-315
-376
-439
-545
-665
-759
-878
-1072
-1267
-1388
-1477
-1581
-1657
-1681
-1704
-1754
-1772
-1704
-1588
-1447
-1271
-1089
-936
-790
-610
-391
-181
-3
183
371
540
758
1029
1263
1431
1571
1697
1778
1801
1806
1815
1755
1639
1555
1497
1411
1277
1138
1041
903
690
506
371
221
48
-126
-275
-400
-549
-708
-824
-873
-885
-906
-920
-841
-688
-577
-526
-511
-437
-285
-172
-13
211
424
605
714
818
944
1050
1134
1206
1279
1275
1210
1153
1088
1017
893
740
654
599
547
495
411
307
203
69
-67
-141
-152
-125
-120
-178
-212
-190
-189
-201
-154
-90
-46
-3
14
-11
-68
-177
-316
-456
-588
-702
-819
-974
-1180
-1432
-1706
-1953
-2137
-2259
-2353
-2463
-2596
-2709
-2752
-2723
-2657
-2569
-2439
-2243
-2005
-1770
-1546
-1287
-991
-716
-484
-213
145
535
876
1163
1442
1720
1934
2080
2242
2455
2609
2619
2560
2535
2511
2383
2186
2005
1880
1704
1440
1256
1151
980
632
268
17
-190
-407
-695
-914
-1010
-1142
-1305
-1413
-1432
-1399
-1407
-1432
-1319
-1122
-980
-864
-666
-381
-126
55
277
612
923
1211
1481
1738
1987
2071
2092
2169
2232
2238
2165
2063
1960
1861
1683
1432
1248
1145
1038
865
685
563
434
249
54
-69
-127
-168
-227
-297
-332
-313
-257
-255
-277
-230
-167
-137
-153
-121
-116
-258
-467
-628
-728
-926
-1194
-1430
-1655
-1965
-2329
-2630
-2836
-3000
-3172
-3269
-3400
-3490
-3414
-3347
-3227
-3060
-2867
-2613
-2362
-2157
-1861
-1421
-1065
-760
-456
-152
249
658
970
1297
1647
1937
2241
2459
2599
2822
2940
2913
2838
2737
2700
2571
2310
2156
2057
1795
1447
1225
1058
808
468
162
-36
-256
-550
-789
-932
-1103
-1298
-1432
-1525
-1559
-1502
-1493
-1524
-1447
-1354
-1204
-1064
-931
-532
-147
78
386
868
1348
1657
1928
2220
2503
2653
2668
2780
2818
2717
2602
2453
2315
2178
2067
1901
1673
1562
1469
1268
1001
822
718
471
139
-40
-41
-136
-376
-540
-524
-439
-515
-603
-491
-354
-311
-410
-465
-346
-273
-396
-643
-757
-845
-1107
-1411
-1704
-1890
-2144
-2596
-2967
-3154
-3253
-3450
-3598
-3719
-3822
-3746
-3679
-3521
-3311
-3154
-2946
-2698
-2434
-2134
-1732
-1399
-1092
-745
-420
21
497
852
1181
1531
1819
2104
2330
2487
2709
2859
2833
2809
2826
2744
2619
2434
2288
2168
1838
1514
1315
1144
852
432
116
-103
-354
-667
-899
-1005
-1142
-1350
-1533
-1598
-1605
-1605
-1622
-1658
-1591
-1438
-1325
-1188
-902
-560
-261
-25
227
739
1287
1609
1958
2301
2557
2725
2765
2900
3023
2966
2794
2620
2525
2359
2191
1978
1738
1608
1421
1259
1124
995
868
652
408
234
220
129
-112
-269
-317
-349
-463
-551
-446
-259
-245
-332
-262
-62
21
-115
-246
-279
-403
-696
-1030
-1209
-1385
-1780
-2201
-2499
-2704
-2979
-3301
-3431
-3484
-3543
-3635
-3649
-3438
-3299
-3195
-3074
-2936
-2627
-2334
-2076
-1806
-1467
-1107
-871
-597
-198
285
655
931
1326
1748
2101
2345
2578
2839
2974
3025
2991
2940
2957
2861
2648
2400
2264
2121
1694
1315
1139
1030
720
222
25
-82
-362
-735
-975
-993
-1243
-1560
-1669
-1669
-1596
-1655
-1692
-1665
-1567
-1384
-1313
-1078
-733
-352
63
319
703
1223
1660
1977
2277
2624
2877
2973
2994
3097
3112
2902
2674
2485
2206
1942
1805
1623
1338
1099
971
867
719
590
507
349
99
-45
-70
-194
-412
-579
-651
-703
-778
-737
-586
-521
-431
-229
-84
32
148
175
111
-21
-210
-413
-673
-1025
-1426
-1831
-2196
-2598
-2984
-3253
-3390
-3469
-3613
-3761
-3773
-3561
-3472
-3414
-3237
-3112
-2870
-2721
-2513
-2195
-1880
-1616
-1417
-1007
-659
-242
205
567
1025
1363
1731
2090
2392
2664
2810
2951
2990
3014
2990
2869
2782
2569
2382
2174
1845
1587
1390
1236
870
479
315
109
-198
-577
-792
-881
-1171
-1503
-1643
-1622
-1715
-1900
-1949
-1891
-1761
-1700
-1589
-1311
-1002
-623
-257
80
496
982
1407
1726
2164
2583
2812
2935
2994
3110
3109
2959
2792
2650
2463
2162
1974
1793
1543
1332
1149
1056
931
741
572
394
175
21
-42
-179
-350
-466
-545
-600
-642
-618
-535
-411
-270
-143
-8
151
308
314
255
204
114
-87
-422
-681
-1021
-1471
-1977
-2406
-2685
-3054
-3313
-3473
-3600
-3743
-3870
-3726
-3586
-3497
-3371
-3186
-2908
-2750
-2539
-2262
-1999
-1725
-1535
-1215
-842
-393
98
448
848
1292
1814
2213
2489
2905
3225
3381
3394
3371
3431
3386
3196
2932
2695
2449
2104
1771
1497
1321
1068
625
313
152
-48
-407
-763
-910
-1137
-1485
-1799
-1931
-1953
-2174
-2354
-2350
-2285
-2168
-2012
-1755
-1436
-1071
-678
-230
315
841
1345
1721
2042
2469
2800
2942
2966
3064
3154
2983
2747
2669
2647
2413
2038
1789
1723
1582
1304
1154
1070
916
629
398
288
100
-120
-313
-436
-546
-627
-686
-703
-673
-578
-415
-321
-180
3
170
225
203
269
221
62
-151
-367
-633
-1079
-1508
-1916
-2337
-2755
-3163
-3439
-3659
-3833
-4050
-4134
-3995
-3938
-3807
-3660
-3445
-3106
-2905
-2714
-2432
-2023
-1761
-1640
-1317
-916
-468
-88
265
763
1259
1726
2090
2421
2823
3234
3486
3437
3482
3685
3641
3321
3039
3007
2801
2250
1801
1652
1463
979
515
308
153
-231
-659
-822
-960
-1246
-1658
-1940
-1953
-2087
-2348
-2546
-2610
-2500
-2452
-2452
-2244
-1796
-1374
-1062
-671
-60
588
1027
1500
2080
2493
2755
2935
3092
3222
3236
3161
2990
2816
2665
2495
2308
2025
1860
1767
1537
1370
1263
1215
1085
784
532
353
270
106
-141
-301
-388
-436
-569
-645
-575
-462
-368
-343
-197
17
138
192
197
248
190
-13
-242
-517
-837
-1281
-1760
-2175
-2589
-2987
-3344
-3587
-3754
-3910
-3998
-3963
-3805
-3597
-3434
-3261
-2972
-2699
-2478
-2236
-2001
-1679
-1385
-1138
-779
-372
48
409
810
1303
1812
2286
2653
3034
3415
3652
3737
3777
3825
3750
3508
3224
2995
2714
2331
1929
1601
1303
943
554
248
50
-203
-511
-806
-1004
-1233
-1577
-1855
-2087
-2215
-2409
-2675
-2792
-2789
-2717
-2728
-2523
-2096
-1659
-1200
-830
-225
501
1049
1539
1931
2406
2825
3010
3090
3144
3260
3170
2954
2794
2672
2603
2343
2106
2031
1895
1693
1495
1410
1291
1050
760
527
395
166
-81
-304
-534
-643
-770
-881
-872
-781
-661
-646
-562
-382
-175
19
52
116
125
47
-111
-366
-608
-993
-1381
-1794
-2207
-2593
-3004
-3240
-3516
-3715
-3800
-3883
-3756
-3637
-3514
-3326
-3108
-2810
-2590
-2314
-2017
-1770
-1512
-1335
-1064
-722
-347
33
323
698
1147
1647
2049
2337
2724
3046
3293
3419
3437
3562
3563
3326
3009
2804
2604
2200
1751
1405
1190
831
341
110
-18
-251
-617
-916
-1030
-1260
-1615
-1895
-1965
-2100
-2459
-2689
-2714
-2649
-2692
-2677
-2404
-2019
-1614
-1259
-747
-76
532
1023
1457
2020
2542
2825
2991
3139
3305
3274
3053
2910
2853
2774
2486
2151
2011
1907
1720
1474
1368
1371
1231
996
756
625
517
295
24
-248
-406
-546
-755
-877
-903
-819
-803
-811
-579
-339
-215
-118
10
111
66
-10
-96
-235
-511
-931
-1314
-1694
-2078
-2454
-2820
-3043
-3234
-3430
-3507
-3496
-3311
-3125
-3083
-2919
-2590
-2248
-2089
-1910
-1589
-1341
-1164
-1055
-763
-355
-79
161
444
833
1285
1753
2095
2373
2779
3121
3272
3366
3491
3561
3404
3081
2873
2709
2324
1857
1509
1267
973
555
239
75
-101
-393
-740
-886
-981
-1273
-1647
-1888
-1882
-2001
-2354
-2554
-2554
-2488
-2549
-2530
-2161
-1739
-1444
-1126
-511
176
659
1137
1632
2153
2545
2759
3030
3185
3216
3137
2922
2716
2512
2392
2190
1864
1690
1551
1397
1218
1098
1111
991
753
549
485
369
75
-155
-426
-643
-749
-869
-962
-992
-908
-845
-807
-647
-354
-106
-56
-25
98
171
57
-135
-307
-602
-1084
-1576
-1929
-2252
-2664
-3036
-3284
-3462
-3533
-3470
-3346
-3155
-2951
-2774
-2504
-2218
-1957
-1709
-1525
-1355
-1193
-1004
-845
-661
-361
-140
103
474
915
1387
1708
2017
2459
2806
2957
3039
3215
3345
3206
2952
2764
2590
2287
1860
1478
1213
957
606
257
28
-113
-333
-651
-889
-1009
-1126
-1390
-1675
-1808
-1909
-2077
-2292
-2342
-2245
-2165
-2084
-1952
-1601
-1197
-881
-455
65
585
1054
1454
1853
2223
2520
2702
2810
2892
2806
2671
2554
2370
2245
2009
1739
1574
1406
1178
961
919
832
684
534
408
362
248
106
-41
-149
-261
-368
-443
-576
-584
-544
-564
-506
-345
-130
-80
-85
26
161
164
-19
-84
-147
-418
-851
-1279
-1526
-1921
-2382
-2715
-2967
-3144
-3404
-3465
-3349
-3259
-3126
-3006
-2713
-2384
-2104
-1813
-1615
-1301
-1014
-830
-672
-463
-116
88
231
509
900
1275
1565
1922
2334
2691
2922
3109
3334
3489
3488
3287
3086
2943
2663
2268
1846
1547
1250
772
387
174
-34
-344
-649
-806
-934
-1061
-1264
-1438
-1512
-1726
-1956
-2118
-2189
-2208
-2243
-2199
-2099
-1867
-1604
-1294
-787
-295
185
627
1078
1606
2040
2399
2600
2729
2839
2765
2626
2455
2311
2074
1725
1498
1349
1202
968
808
799
723
605
517
500
453
326
258
151
11
-115
-255
-376
-503
-546
-530
-512
-419
-324
-204
-73
29
155
215
227
196
87
-77
-366
-714
-1140
-1626
-2065
-2554
-2918
-3150
-3441
-3682
-3832
-3752
-3484
-3327
-3152
-2811
-2436
-2128
-1846
-1523
-1189
-961
-860
-716
-498
-255
-21
95
287
657
1039
1365
1659
2110
2578
2788
2956
3237
3507
3532
3315
3156
3012
2705
2261
1839
1537
1217
787
368
130
27
-155
-446
-653
-685
-779
-1028
-1241
-1320
-1429
-1729
-2005
-2111
-2200
-2391
-2479
-2276
-2031
-1801
-1530
-1059
-419
30
454
1007
1565
1989
2257
2515
2683
2747
2632
2402
2257
2014
1795
1547
1254
1115
980
881
745
693
758
736
689
592
570
545
415
279
80
-80
-236
-390
-487
-555
-492
-436
-410
-272
-30
222
333
427
557
629
561
354
215
-56
-535
-1002
-1485
-1915
-2374
-2815
-3167
-3479
-3644
-3728
-3678
-3542
-3356
-3157
-2950
-2594
-2233
-1928
-1699
-1420
-1114
-947
-809
-628
-337
-94
78
350
711
1110
1497
1864
2249
2643
2967
3212
3415
3572
3624
3514
3306
3110
2897
2558
2125
1772
1502
1158
766
482
305
90
-185
-397
-504
-638
-885
-1150
-1327
-1419
-1639
-1913
-2082
-2126
-2142
-2246
-2173
-1949
-1698
-1457
-1171
-679
-194
228
624
1075
1547
1815
2046
2264
2398
2418
2279
2142
1993
1794
1590
1335
1124
957
801
669
543
516
535
454
380
394
387
319
230
171
128
9
-121
-167
-174
-211
-280
-310
-236
-103
-10
48
108
189
214
123
-16
-118
-264
-582
-1028
-1455
-1772
-2190
-2697
-3084
-3365
-3578
-3837
-3980
-3862
-3669
-3521
-3385
-3062
-2633
-2260
-1893
-1542
-1157
-864
-690
-453
-207
71
304
475
712
1004
1349
1650
1942
2291
2621
2929
3112
3265
3443
3479
3365
3162
2995
2781
2387
1991
1634
1298
897
479
242
28
-241
-531
-710
-761
-920
-1090
-1229
-1277
-1345
-1528
-1659
-1761
-1773
-1817
-1857
-1755
-1571
-1340
-1152
-842
-374
81
468
868
1315
1708
1981
2129
2270
2398
2366
2180
1990
1846
1665
1388
1067
864
748
615
488
440
458
472
426
377
432
451
441
372
223
181
142
27
-148
-231
-203
-267
-355
-342
-170
-47
-86
-54
82
143
68
-63
-221
-457
-826
-1271
-1684
-2104
-2573
-3007
-3359
-3649
-3844
-3922
-3891
-3741
-3517
-3264
-2932
-2500
-2072
-1694
-1335
-1012
-730
-481
-275
-46
220
401
519
732
1079
1450
1719
1973
2358
2745
3003
3210
3433
3614
3628
3472
3311
3168
2917
2499
2057
1708
1344
906
498
224
-17
-282
-541
-720
-741
-807
-950
-1091
-1190
-1231
-1385
-1532
-1606
-1672
-1713
-1788
-1713
-1497
-1318
-1101
-801
-377
41
429
860
1282
1666
1883
2035
2245
2342
2258
2079
1917
1739
1491
1196
968
858
702
555
493
486
513
483
484
509
536
545
464
396
258
107
5
-152
-264
-361
-432
-461
-506
-455
-360
-298
-285
-274
-183
-181
-266
-381
-584
-875
-1293
-1681
-2060
-2491
-2911
-3324
-3599
-3812
-3933
-3927
-3833
-3589
-3353
-3025
-2593
-2139
-1698
-1371
-978
-601
-351
-149
33
303
478
562
727
976
1316
1539
1719
2024
2362
2687
2867
3062
3277
3310
3238
3098
2999
2821
2450
2068
1657
1268
860
460
194
-105
-392
-648
-804
-810
-890
-970
-1042
-1077
-1086
-1188
-1265
-1321
-1315
-1363
-1428
-1364
-1253
-1079
-933
-748
-428
-62
301
637
1059
1521
1820
1967
2135
2290
2305
2142
1926
1783
1592
1292
1005
796
626
439
302
294
338
371
394
398
435
475
466
445
388
257
103
-35
-171
-300
-390
-432
-452
-452
-385
-283
-208
-169
-130
-97
-96
-164
-340
-577
-898
-1271
-1710
-2188
-2582
-2971
-3318
-3637
-3823
-3807
-3712
-3524
-3339
-3070
-2637
-2216
-1795
-1417
-1051
-664
-392
-196
4
258
488
559
661
870
1159
1469
1655
1908
2278
2598
2848
3069
3322
3448
3366
3246
3145
2985
2646
2201
1810
1444
1008
567
275
17
-266
-533
-731
-734
-757
-856
-922
-919
-887
-958
-1017
-1036
-1068
-1133
-1238
-1259
-1172
-1068
-949
-745
-471
-131
254
607
955
1329
1632
1807
1949
2099
2174
2079
1845
1639
1470
1199
870
620
445
296
188
135
144
187
227
273
342
411
452
432
344
226
118
7
-149
-310
-405
-464
-530
-581
-543
-447
-389
-375
-346
-316
-321
-393
-562
-799
-1135
-1467
-1837
-2280
-2642
-2995
-3324
-3624
-3807
-3786
-3695
-3532
-3313
-2982
-2577
-2200
-1757
-1345
-960
-592
-319
-55
165
370
570
670
773
948
1215
1458
1653
1921
2183
2460
2675
2814
2998
3115
3120
2973
2771
2592
2296
1939
1538
1136
759
344
39
-179
-391
-625
-814
-818
-830
-903
-944
-923
-884
-952
-986
-965
-969
-1007
-1072
-1043
-893
-734
-610
-422
-141
187
488
790
1155
1530
1801
1949
2064
2146
2189
2090
1888
1669
1401
1152
853
591
398
213
91
7
22
84
112
126
153
229
298
301
243
161
66
-31
-131
-239
-325
-379
-419
-441
-399
-310
-249
-230
-208
-178
-180
-237
-370
-609
-947
-1324
-1687
-2054
-2433
-2795
-3105
-3372
-3590
-3683
-3608
-3437
-3264
-3053
-2696
-2238
-1821
-1429
-1021
-632
-304
-82
103
350
594
736
823
948
1186
1471
1702
1951
2200
2461
2707
2917
3130
3222
3251
3185
3035
2855
2559
2202
1787
1359
916
486
178
-98
-408
-681
-825
-841
-846
-899
-907
-864
-863
-875
-874
-861
-825
-838
-916
-941
-849
-701
-553
-408
-216
74
410
724
1044
1374
1630
1794
1901
1986
2040
1956
1734
1519
1310
1041
754
516
325
136
-8
-43
-36
-10
40
87
145
205
255
317
306
200
93
3
-126
-284
-416
-499
-561
-616
-630
-569
-488
-464
-485
-453
-384
-413
-575
-792
-1022
-1319
-1699
-2101
-2454
-2788
-3153
-3456
-3660
-3695
-3618
-3495
-3276
-3030
-2650
-2193
-1736
-1277
-870
-443
-94
155
376
594
814
923
969
1065
1248
1458
1622
1793
2006
2261
2452
2617
2844
2957
2959
2865
2684
2543
2299
1952
1543
1076
672
243
-156
-440
-702
-904
-1067
-1128
-1073
-1029
-952
-883
-821
-735
-676
-584
-535
-519
-510
-502
-399
-290
-166
-21
151
411
655
956
1271
1521
1736
1865
2022
2127
2110
2014
1815
1597
1306
992
726
469
207
-53
-224
-286
-278
-260
-257
-233
-147
-51
30
111
135
108
59
-27
-108
-179
-280
-379
-451
-501
-507
-465
-394
-357
-371
-357
-303
-313
-450
-680
-944
-1245
-1596
-1974
-2353
-2715
-3049
-3342
-3547
-3584
-3475
-3311
-3130
-2876
-2502
-2070
-1619
-1191
-763
-337
11
298
546
780
946
1020
1110
1254
1464
1648
1768
1935
2136
2338
2510
2693
2916
3009
2955
2848
2714
2527
2196
1814
1459
1041
584
148
-183
-449
-754
-1005
-1129
-1145
-1128
-1114
-1030
-898
-794
-728
-629
-492
-398
-391
-399
-349
-255
-158
-59
75
268
498
734
981
1255
1522
1721
1857
1973
2037
1991
1853
1677
1468
1210
927
643
361
87
-141
-284
-343
-365
-361
-301
-220
-132
-61
17
97
111
83
12
-39
-85
-198
-327
-445
-515
-573
-646
-672
-685
-669
-662
-682
-685
-741
-874
-1115
-1395
-1651
-1951
-2272
-2602
-2900
-3151
-3374
-3470
-3450
-3343
-3188
-2986
-2644
-2210
-1745
-1300
-884
-465
-113
181
465
754
997
1125
1197
1293
1439
1604
1749
1867
1996
2150
2312
2463
2599
2684
2664
2551
2424
2286
2064
1723
1325
945
571
167
-189
-485
-743
-1007
-1221
-1278
-1244
-1186
-1164
-1114
-960
-821
-710
-603
-461
-328
-266
-170
-35
115
249
357
530
769
1029
1272
1493
1739
1926
2054
2154
2213
2222
2104
1911
1676
1417
1144
810
498
189
-81
-265
-390
-446
-496
-481
-439
-398
-335
-271
-191
-170
-179
-193
-199
-191
-246
-319
-385
-440
-451
-471
-467
-445
-444
-420
-413
-398
-408
-542
-751
-1043
-1329
-1610
-1938
-2260
-2598
-2898
-3145
-3310
-3358
-3331
-3205
-3040
-2792
-2433
-1984
-1480
-1068
-682
-306
14
313
547
820
1036
1132
1222
1341
1554
1710
1816
1991
2171
2359
2504
2672
2848
2896
2853
2716
2577
2408
2085
1696
1284
905
499
49
-274
-548
-804
-1076
-1279
-1287
-1256
-1211
-1173
-1090
-939
-846
-748
-639
-514
-405
-365
-305
-182
-9
151
290
464
711
994
1263
1519
1758
1954
2079
2157
2221
2239
2148
1939
1667
1390
1120
830
519
231
6
-158
-290
-383
-411
-397
-382
-375
-337
-222
-131
-162
-235
-271
-293
-353
-472
-564
-584
-627
-706
-734
-697
-652
-656
-678
-669
-661
-715
-843
-1022
-1248
-1539
-1872
-2195
-2487
-2770
-3048
-3284
-3409
-3401
-3304
-3161
-2960
-2654
-2250
-1803
-1365
-934
-516
-148
149
415
690
936
1099
1194
1293
1436
1598
1741
1881
2038
2202
2356
2509
2655
2747
2742
2667
2551
2395
2161
1822
1441
1065
654
218
-171
-493
-785
-1076
-1308
-1391
-1385
-1390
-1387
-1315
-1190
-1068
-952
-798
-628
-511
-458
-385
-220
-26
138
296
488
734
995
1231
1482
1759
1993
2158
2268
2355
2395
2321
2146
1940
1717
1448
1137
827
528
241
1
-173
-286
-350
-397
-420
-416
-396
-338
-274
-260
-281
-308
-327
-356
-414
-477
-542
-594
-607
-597
-558
-516
-507
-515
-504
-493
-508
-589
-744
-953
-1220
-1512
-1814
-2107
-2388
-2679
-2953
-3170
-3296
-3274
-3133
-2961
-2774
-2526
-2164
-1721
-1290
-894
-496
-105
222
463
701
950
1122
1214
1308
1474
1701
1884
1992
2117
2303
2493
2645
2763
2864
2902
2822
2644
2443
2232
1932
1524
1078
647
240
-133
-457
-747
-1030
-1256
-1368
-1399
-1387
-1344
-1272
-1158
-1046
-943
-805
-651
-543
-470
-388
-265
-103
73
243
416
621
883
1172
1440
1673
1871
2037
2160
2231
2250
2216
2099
1901
1649
1388
1132
832
507
241
57
-99
-252
-358
-377
-357
-360
-347
-280
-215
-225
-281
-315
-332
-395
-506
-608
-660
-702
-780
-847
-853
-826
-817
-854
-893
-886
-894
-991
-1154
-1341
-1560
-1806
-2074
-2338
-2579
-2815
-3041
-3180
-3190
-3098
-2949
-2772
-2546
-2226
-1840
-1431
-1012
-602
-221
109
389
660
928
1141
1290
1392
1505
1655
1813
1956
2063
2183
2322
2431
2532
2606
2630
2571
2413
2229
2028
1773
1432
1027
636
250
-134
-472
-764
-1029
-1256
-1395
-1455
-1463
-1437
-1381
-1294
-1186
-1037
-873
-726
-579
-446
-302
-146
19
226
430
616
797
987
1234
1506
1742
1931
2061
2168
2251
2267
2240
2149
1985
1764
1502
1263
1018
737
456
204
25
-117
-236
-312
-352
-355
-380
-395
-360
-317
-299
-333
-350
-350
-383
-410
-443
-474
-526
-584
-591
-593
-590
-629
-694
-727
-769
-838
-968
-1131
-1326
-1580
-1841
-2092
-2327
-2555
-2780
-2962
-3070
-3060
-2955
-2822
-2675
-2466
-2142
-1740
-1316
-908
-513
-149
177
471
747
1032
1274
1436
1546
1702
1908
2065
2184
2285
2389
2481
2566
2666
2723
2708
2595
2425
2239
2003
1701
1337
959
564
161
-192
-498
-789
-1078
-1324
-1469
-1531
-1531
-1498
-1448
-1352
-1227
-1070
-913
-759
-572
-417
-274
-130
51
264
439
617
817
1052
1307
1528
1725
1916
2080
2171
2195
2200
2189
2098
1901
1653
1407
1165
903
625
369
170
-4
-149
-253
-320
-345
-374
-386
-366
-342
-324
-349
-389
-415
-458
-515
-579
-643
-690
-748
-798
-825
-858
-881
-907
-950
-978
-1030
-1128
-1282
-1490
-1695
-1916
-2145
-2363
-2580
-2767
-2919
-3001
-3001
-2919
-2775
-2581
-2345
-2047
-1660
-1252
-847
-476
-130
204
499
785
1043
1259
1417
1535
1668
1818
1959
2075
2190
2312
2401
2443
2487
2518
2493
2399
2228
2028
1788
1475
1131
753
348
-17
-356
-679
-959
-1207
-1407
-1534
-1594
-1589
-1546
-1474
-1358
-1220
-1069
-894
-715
-563
-435
-282
-73
149
356
577
806
1016
1227
1461
1721
1965
2135
2234
2306
2349
2331
2233
2073
1873
1637
1372
1111
863
618
375
161
1
-114
-207
-291
-343
-339
-310
-298
-304
-317
-341
-384
-424
-445
-476
-513
-533
-560
-598
-623
-637
-647
-655
-670
-695
-730
-787
-903
-1090
-1304
-1534
-1787
-2039
-2271
-2482
-2682
-2873
-3001
-3022
-2926
-2751
-2545
-2301
-1989
-1611
-1202
-806
-428
-70
241
521
790
1025
1223
1390
1527
1672
1845
2010
2133
2242
2358
2466
2548
2616
2656
2626
2511
2336
2128
1877
1557
1188
793
384
-22
-387
-688
-949
-1190
-1380
-1489
-1530
-1531
-1498
-1420
-1310
-1196
-1081
-945
-797
-657
-518
-369
-212
-43
136
331
548
783
1022
1258
1495
1724
1908
2035
2123
2178
2174
2101
1975
1820
1623
1383
1145
913
674
451
260
104
-3
-77
-133
-169
-187
-193
-206
-235
-262
-301
-352
-429
-520
-591
-640
-685
-727
-774
-803
-808
-820
-829
-840
-872
-923
-1007
-1130
-1281
-1477
-1717
-1967
-2198
-2410
-2617
-2811
-2952
-3014
-2982
-2860
-2671
-2436
-2144
-1798
-1405
-992
-595
-221
120
410
665
889
1099
1293
1432
1559
1688
1817
1950
2075
2193
2296
2398
2472
2520
2540
2483
2351
2160
1917
1628
1285
885
482
107
-255
-606
-919
-1172
-1391
-1557
-1622
-1633
-1591
-1504
-1407
-1259
-1095
-950
-814
-683
-530
-389
-253
-83
98
290
471
668
888
1119
1366
1602
1811
1985
2112
2184
2209
2176
2063
1899
1694
1465
1205
955
730
497
293
109
-26
-113
-193
-223
-217
-198
-167
-155
-157
-172
-206
-243
-292
-329
-361
-409
-445
-484
-518
-521
-510
-522
-556
-575
-602
-660
-755
-907
-1099
-1317
-1577
-1865
-2133
-2367
-2587
-2795
-2953
-3010
-2974
-2874
-2717
-2482
-2168
-1800
-1408
-1009
-615
-241
98
397
679
946
1154
1309
1460
1601
1737
1881
2028
2181
2330
2448
2545
2623
2679
2706
2663
2525
2320
2068
1762
1389
980
585
205
-188
-570
-882
-1124
-1326
-1502
-1605
-1598
-1547
-1477
-1400
-1310
-1151
-1003
-874
-744
-619
-463
-349
-222
-36
149
363
563
772
1011
1241
1482
1685
1838
1955
2004
2007
1968
1872
1720
1530
1317
1080
837
622
422
240
102
-3
-75
-101
-111
-114
-113
-109
-94
-98
-128
-158
-192
-244
-322
-403
-465
-521
-575
-614
-628
-631
-649
-691
-730
-766
-823
-924
-1098
-1289
-1504
-1745
-1993
-2255
-2474
-2675
-2854
-2960
-3005
-2938
-2795
-2614
-2354
-2050
-1685
-1289
-905
-501
-132
186
465
718
957
1149
1308
1438
1563
1715
1838
1951
2087
2212
2318
2395
2467
2508
2493
2426
2268
2067
1820
1516
1200
824
429
56
-304
-634
-912
-1133
-1308
-1437
-1516
-1522
-1474
-1413
-1343
-1254
-1131
-1004
-887
-759
-618
-486
-350
-194
-19
177
392
625
870
1103
1324
1537
1720
1861
1958
1998
1977
1910
1785
1601
1389
1182
968
736
511
331
186
69
-7
-52
-65
-69
-65
-56
-48
-22
-5
0
-29
-95
-160
-223
-277
-329
-369
-361
-360
-366
-358
-343
-335
-385
-465
-547
-669
-828
-1046
-1302
-1563
-1844
-2129
-2402
-2630
-2805
-2934
-2977
-2913
-2774
-2593
-2360
-2063
-1728
-1362
-974
-588
-235
85
372
627
861
1069
1240
1384
1533
1703
1875
2035
2177
2310
2431
2507
2554
2590
2584
2505
2341
2119
1864
1584
1253
893
544
187
-139
-421
-680
-889
-1068
-1198
-1277
-1339
-1345
-1300
-1230
-1167
-1110
-1018
-919
-819
-711
-607
-466
-304
-149
30
233
434
628
822
1017
1207
1372
1506
1594
1627
1622
1584
1494
1366
1208
1028
844
670
514
386
272
170
98
55
27
5
-26
-44
-41
-29
-54
-94
-112
-157
-217
-276
-323
-329
-349
-394
-436
-439
-431
-461
-501
-547
-603
-685
-813
-967
-1138
-1320
-1546
-1784
-1984
-2173
-2350
-2517
-2626
-2655
-2627
-2523
-2376
-2176
-1915
-1626
-1316
-1005
-662
-313
-17
249
492
737
968
1134
1288
1444
1593
1751
1892
2023
2134
2220
2283
2311
2321
2291
2203
2065
1886
1668
1416
1149
854
547
250
-40
-284
-512
-728
-919
-1082
-1180
-1229
-1237
-1216
-1195
-1135
-1047
-955
-836
-705
-589
-468
-343
-206
-37
145
318
496
682
848
1016
1195
1348
1454
1520
1539
1524
1481
1382
1251
1115
960
788
618
476
342
214
100
10
-52
-83
-104
-132
-130
-129
-139
-140
-158
-164
-180
-201
-213
-225
-241
-270
-300
-308
-315
-336
-355
-379
-422
-489
-580
-691
-819
-965
-1142
-1338
-1522
-1708
-1891
-2047
-2172
-2265
-2321
-2314
-2234
-2118
-1956
-1733
-1477
-1204
-920
-642
-342
-40
229
482
714
936
1125
1285
1438
1586
1736
1872
1975
2065
2149
2201
2218
2214
2165
2069
1939
1764
1559
1335
1087
828
568
294
23
-220
-444
-635
-807
-929
-1011
-1081
-1120
-1140
-1112
-1054
-999
-931
-854
-757
-648
-528
-402
-280
-131
18
163
319
494
675
827
954
1058
1139
1197
1216
1218
1178
1094
998
882
745
608
480
365
266
177
108
54
13
-18
-49
-79
-93
-102
-126
-166
-198
-218
-239
-272
-307
-334
-345
-336
-343
-370
-383
-393
-413
-460
-516
-582
-677
-790
-927
-1060
-1192
-1336
-1482
-1627
-1742
-1828
-1903
-1934
-1905
-1853
-1780
-1653
-1499
-1326
-1115
-889
-659
-413
-176
55
276
489
701
901
1080
1236
1401
1557
1688
1804
1893
1959
1988
1977
1944
1882
1781
1637
1457
1276
1086
874
667
450
240
48
-134
-279
-411
-520
-610
-686
-743
-793
-808
-804
-791
-763
-718
-671
-603
-511
-418
-303
-190
-56
109
256
410
539
652
759
826
881
910
923
908
855
791
700
619
518
412
323
233
174
102
35
-5
-66
-108
-132
-140
-143
-160
-169
-186
-194
-206
-225
-216
-202
-191
-189
-171
-150
-145
-129
-152
-192
-214
-273
-353
-444
-557
-671
-789
-919
-1046
-1151
-1252
-1336
-1400
-1444
-1443
-1423
-1396
-1349
-1281
-1173
-1041
-915
-774
-606
-446
-297
-138
22
209
385
526
680
824
971
1117
1234
1348
1449
1511
1542
1561
1557
1513
1455
1365
1256
1159
1010
848
708
564
447
331
209
109
17
-57
-124
-172
-202
-244
-274
-295
-308
-305
-304
-289
-271
-246
-216
-173
-110
-53
6
68
124
179
221
249
289
328
331
327
332
314
285
252
222
198
164
115
66
38
5
-27
-58
-90
-111
-140
-154
-176
-185
-189
-210
-218
-239
-241
-238
-247
-241
-252
-272
-282
-277
-295
-338
-375
-425
-471
-535
-622
-696
-772
-848
-925
-976
-996
-1023
-1032
-1022
-993
-933
-868
-797
-724
-641
-550
-456
-355
-261
-160
-63
21
117
208
296
382
454
529
607
685
744
788
823
860
894
906
904
888
862
828
772
724
673
613
553
484
428
376
323
287
245
214
188
170
162
146
133
129
135
140
142
138
134
134
127
133
138
136
126
110
109
102
101
94
75
58
43
40
24
6
7
1
-16
-30
-44
-58
-56
-56
-68
-79
-88
-70
-59
-65
-57
-54
-44
-42
-55
-44
-34
-45
-59
-75
-96
-128
-156
-184
-228
-272
-309
-356
-403
-446
-502
-541
-584
-623
-658
-699
-733
-778
-797
-795
-801
-798
-798
-772
-722
-668
-607
-539
-460
-383
-287
-185
-92
6
95
183
250
305
366
412
456
480
496
515
517
532
539
558
576
559
549
544
552
549
523
520
513
504
487
476
478
443
409
394
383
371
361
361
361
367
356
345
348
329
313
300
298
295
266
247
220
190
164
123
94
68
36
18
2
-33
-70
-98
-119
-137
-163
-188
-202
-208
-214
-223
-227
-222
-213
-203
-188
-164
-140
-121
-108
-88
-70
-71
-76
-69
-71
-88
-122
-142
-161
-202
-237
-280
-319
-358
-391
-412
-459
-497
-526
-555
-589
-620
-635
-636
-649
-677
-682
-673
-664
-650
-626
-596
-558
-519
-478
-422
-377
-304
-232
-168
-94
-48
13
68
121
182
225
269
295
321
358
378
393
404
393
401
408
398
391
377
392
407
401
407
406
428
429
409
428
437
444
452
433
420
408
394
390
383
361
339
319
302
298
281
270
259
234
235
226
215
217
210
201
174
158
151
121
105
92
63
30
14
8
-2
-22
-37
-46
-57
-60
-56
-63
-76
-92
-98
-96
-103
-115
-115
-125
-132
-131
-136
-139
-146
-162
-176
-194
-213
-221
-241
-271
-289
-311
-339
-358
-375
-391
-408
-434
-437
-430
-451
-469
-460
-455
-461
-458
-442
-424
-419
-419
-407
-385
-357
-330
-311
-287
-255
-211
-168
-139
-113
-70
-27
0
22
68
112
131
149
180
205
219
243
262
276
288
292
311
316
328
334
332
341
337
348
353
350
351
348
353
347
342
348
345
341
328
322
326
313
300
291
278
271
237
220
213
187
164
148
145
134
122
97
89
101
87
82
72
64
61
37
36
32
14
11
8
0
-22
-49
-62
-74
-75
-80
-102
-101
-89
-94
-105
-114
-119
-126
-131
-150
-170
-175
-195
-203
-205
-225
-232
-258
-278
-291
-312
-316
-321
-328
-336
-343
-350
-350
-341
-342
-344
-344
-346
-331
-313
-308
-302
-293
-267
-256
-246
-219
-209
-188
-165
-152
-134
-123
-103
-80
-66
-43
-22
0
26
50
76
99
110
130
147
164
178
176
187
188
197
213
208
213
216
223
225
213
225
231
221
222
221
222
221
221
230
221
215
212
202
199
195
192
181
174
169
165
165
160
159
148
138
139
133
123
112
117
119
101
96
98
101
91
80
83
71
67
61
48
38
33
32
9
-15
-19
-27
-45
-55
-62
-65
-66
-72
-74
-78
-80
-89
-102
-111
-126
-140
-147
-153
-163
-166
-177
-193
-197
-202
-201
-209
-210
-206
-210
-210
-211
-207
-200
-200
-196
-186
-180
-179
-167
-160
-153
-141
-135
-124
-120
-106
-91
-81
-59
-57
-58
-45
-35
-15
-5
12
23
28
46
69
87
93
91
96
109
111
112
115
121
124
127
129
123
122
120
109
102
98
90
86
85
83
95
93
81
87
88
78
77
81
81
72
66
66
62
50
47
48
39
37
36
26
23
33
44
41
34
43
50
45
42
41
41
33
17
21
28
15
10
10
0
-4
1
-1
-8
-14
-14
-15
-12
-13
-21
-22
-23
-33
-47
-52
-46
-47
-63
-62
-61
-68
-66
-69
-70
-66
-75
-78
-71
-77
-81
-84
-89
-87
-83
-79
-75
-72
-71
-66
-58
-53
-55
-54
-40
-26
-25
-23
-22
-21
-20
-8
3
3
4
8
13
15
23
33
30
28
29
25
29
38
36
33
32
30
28
20
18
24
20
20
26
20
19
21
17
14
13
8
6
4
5
5
4
4
6
5
4
1
2
7
11
15
15
16
18
16
10
10
16
17
14
18
19
15
15
18
19
12
11
13
9
8
14
11
7
9
8
9
11
7
6
5
-1
2
2
-2
-8
-12
-12
-10
-9
-10
-9
-6
-8
-13
-15
-14
-15
-15
-14
-16
-17
-14
-14
-16
-18
-18
-17
-16
-13
-13
-9
-5
-7
-7
-6
-8
-6
1
-1
-1
0
2
7
11
10
14
16
16
17
18
20
22
19
19
21
17
14
13
12
9
5
3
1
-1
0
-1
-2
-3
-5
-3
-3
-4
-4
-5
-7
-9
-8
-7
-9
-10
-10
-8
-12
-13
-12
-9
-9
-9
-10
-10
-7
-3
-1
-2
-2
-2
-5
-5
0
4
0
-3
-3
-4
-4
0
5
5
2
3
4
4
3
4
6
7
4
-1
0
2
-1
-4
-5
-3
-2
-5
-6
-3
1
1
-1
-1
-4
-5
-4
-4
-7
-8
-5
-7
-8
-8
-9
-10
-8
-7
-5
-4
-4
-4
-3
-1
1
2
3
5
8
7
11
11
6
8
16
20
19
16
15
16
17
16
15
16
16
14
13
15
15
14
14
13
7
5
5
4
-1
-5
-7
-7
-7
-8
-11
-8
-3
-6
-10
-3
0
-6
-9
-3
-3
-8
-8
-5
-6
-10
-10
-6
-2
-2
-5
-3
2
2
1
1
1
-2
-9
-7
0
-2
-11
-12
-5
-6
-8
0
4
-1
1
-1
-1
3
1
-1
3
0
-4
-3
0
-1
-5
-9
-7
-7
-10
-8
-5
-5
-2
-2
-4
-4
-4
-7
-8
-9
-10
-9
-9
-9
-9
-9
-9
-9
-6
-6
-4
-2
1
1
5
6
6
8
11
15
14
14
12
12
14
17
17
14
13
13
14
16
15
12
16
16
16
12
8
10
11
11
9
6
3
-2
-4
-3
-4
-8
-5
-3
-6
-7
-2
-2
-3
-2
0
-4
-6
-2
-3
-4
-4
-4
-5
-4
-4
-1
0
-3
0
-2
1
0
-3
3
-2
-1
0
-1
1
-4
-1
-1
-3
0
2
1
2
3
4
5
4
3
3
1
0
-2
-4
-6
-5
-4
-5
-5
-4
-5
-5
-7
-8
-8
-9
-9
-10
-9
-7
-10
-14
-14
-15
-11
-8
-6
-4
-5
-6
-4
-3
3
-1
3
-1
3
2
1
9
11
7
10
14
17
21
19
17
21
21
17
15
13
14
13
13
13
11
10
8
9
9
9
5
3
2
1
0
-5
-4
-6
-6
-4
-5
-3
-4
-5
-5
-2
-2
-3
-2
1
-3
-4
0
0
-5
-1
2
0
0
2
2
1
0
1
2
2
2
-2
-5
-3
-4
-5
-5
-2
-7
-7
-1
1
-4
-1
1
1
0
-2
-1
2
-6
-7
-2
-6
-10
-9
-8
-7
-11
-10
-8
-8
-8
-10
-4
-6
-11
-5
-7
-10
-11
-6
-7
-12
-11
-6
-2
-3
-5
-3
-2
1
0
3
6
6
5
5
5
6
8
11
11
12
11
10
12
15
15
13
15
16
13
9
11
11
5
5
4
1
2
0
1
-3
-3
-1
-3
-2
-2
1
2
-1
-2
-2
-3
-4
-2
-4
-5
-4
-3
2
1
2
6
0
-2
3
0
0
5
4
5
6
4
3
5
4
4
5
4
2
2
1
0
0
3
3
2
1
2
3
4
1
-1
-1
-2
-4
-5
-6
-7
-7
-5
-5
-6
-5
-6
-7
-6
-5
-6
-8
-8
-10
-10
-11
-11
-11
-13
-14
-14
-11
-9
-6
-6
-5
-6
-7
-3
-5
-4
-4
-1
3
0
1
2
5
6
3
7
12
11
7
8
12
11
8
7
9
10
12
10
7
9
9
7
4
2
2
1
0
-2
-3
-3
-3
-3
-2
-1
-1
0
0
1
1
3
2
2
1
4
3
2
1
-1
-2
-3
-3
0
4
5
4
5
4
5
2
2
1
2
3
2
1
1
0
1
1
2
3
4
5
3
4
2
4
2
1
2
2
3
2
4
2
2
0
-3
1
-6
-10
-6
-8
-10
-9
-6
-9
-9
-7
-8
-9
-10
-8
-9
-9
-9
-9
-8
-7
-5
-4
-6
-9
-8
-5
-4
-7
-7
-2
1
0
1
2
0
2
5
7
7
6
3
3
4
5
3
4
6
6
6
4
1
2
5
4
7
8
3
3
2
5
5
3
2
5
5
1
1
0
2
5
4
6
4
4
4
4
4
3
1
2
1
2
3
2
4
3
4
7
3
7
2
3
4
2
6
1
3
1
-1
1
1
3
1
-2
1
3
4
3
0
6
6
1
5
0
0
1
-4
-2
-3
-6
-7
-5
-5
-11
-11
-6
-5
-4
-7
-8
-5
-3
-3
-5
-6
-6
-7
-8
-9
-10
-9
-10
-9
-9
-8
-6
-6
-3
-2
-1
-2
-1
-2
-2
1
0
2
0
1
2
0
7
5
10
9
6
9
6
8
6
4
4
3
4
2
0
0
-1
0
0
3
4
3
1
2
3
4
5
5
5
5
4
5
6
3
0
0
4
5
1
-5
-6
-2
-1
4
3
5
7
2
6
4
5
7
3
6
2
5
3
4
5
5
7
6
5
3
4
3
4
5
6
4
0
0
0
1
0
-1
-1
-2
-2
-2
-1
-1
0
1
1
1
-2
-3
-5
-6
-9
-8
-9
-11
-10
-10
-9
-8
-8
-4
-2
-4
-6
-3
-4
-5
-4
-3
-1
1
-3
-6
-4
0
-3
-11
-4
1
0
-2
-1
1
1
2
6
4
4
-1
1
4
2
3
1
2
5
2
6
3
7
9
8
8
4
5
4
2
3
1
0
0
-1
0
0
0
0
0
-1
1
2
2
3
4
5
5
5
3
2
0
0
1
0
2
5
6
7
9
11
5
12
9
4
12
6
5
6
3
2
2
0
-2
-2
-3
-5
-3
-2
-2
0
0
0
1
2
0
2
2
-1
-1
0
-4
-6
-4
-8
-8
-8
-4
-7
-10
-1
-8
-13
-10
-5
1
-6
-5
-5
-6
-7
-7
-4
2
-1
-5
-4
0
0
0
-3
-2
2
4
2
4
3
5
1
0
0
-4
0
-4
0
3
0
4
0
3
2
3
6
4
5
4
4
1
-2
-4
-2
-3
-3
-4
-2
-2
-2
-1
1
3
6
6
6
4
1
3
7
6
3
1
1
3
1
2
3
-1
5
4
5
9
1
3
9
8
8
9
7
4
3
1
2
4
1
0
2
6
5
3
4
7
5
5
5
3
4
4
0
-1
3
5
-2
-7
0
2
-4
-1
1
1
-2
-5
-6
-5
-7
-10
-10
-8
-9
-10
-12
-12
-12
-9
-6
-5
-5
-6
-5
-4
-3
-1
-1
0
2
3
1
-1
0
2
2
3
3
3
4
3
4
4
6
5
1
2
5
3
1
0
3
4
1
-3
-2
-1
-1
0
0
2
2
1
2
2
0
-1
0
2
3
2
5
4
3
6
3
3
4
2
4
0
3
4
0
5
4
4
1
3
6
-1
1
4
2
1
4
6
5
5
7
4
4
5
4
5
5
2
5
2
3
2
5
3
-4
-4
-2
0
-2
-4
-4
-1
-1
-3
-4
-5
-5
-5
-6
-5
-8
-9
-8
-7
-6
-6
-6
-6
-6
-5
-4
-3
-3
-3
-4
-4
-4
-2
0
1
2
3
3
2
2
5
4
3
1
3
5
5
2
3
4
7
4
-1
-2
-4
-3
-2
0
0
-1
-1
-1
1
-2
0
-1
-2
-2
-4
4
-1
-3
-4
-2
5
1
3
1
4
6
3
7
6
7
6
3
4
3
4
4
5
6
3
0
2
2
3
0
1
4
5
2
1
3
5
5
4
3
4
3
4
5
5
4
5
5
4
1
0
1
2
2
1
1
0
-2
-6
-4
-5
-2
-2
-3
-3
-8
-9
-10
-9
-6
-7
-5
-6
-7
-4
-5
-5
-3
-2
-4
2
0
-2
4
0
1
4
3
3
6
4
3
3
-2
1
5
0
2
-4
0
-1
-3
1
-3
1
-1
-4
-2
-5
-4
-1
-1
-2
-2
-1
1
1
-2
-1
1
0
0
-2
0
2
3
4
5
4
5
4
5
4
4
3
1
3
0
2
1
0
1
1
5
4
2
0
0
1
-1
1
1
4
2
2
3
3
5
4
2
4
0
3
1
3
6
2
3
2
5
3
-3
0
0
3
2
-6
-4
-7
-6
-4
-4
-1
-3
-2
-3
-5
-2
-3
-6
-4
-3
-5
-6
-2
-2
-6
-3
0
-3
-2
0
2
1
2
4
1
3
0
0
2
-2
1
0
1
2
0
2
-2
-2
1
0
1
-4
2
-3
-5
2
-1
-3
-1
-4
-3
-1
-4
-2
0
1
1
-1
0
3
3
2
1
4
6
4
2
2
4
5
4
3
3
2
3
0
2
4
3
1
3
4
-1
-5
-1
-1
-3
0
1
1
1
3
2
0
1
0
1
0
0
0
1
-1
0
-1
0
0
0
1
2
2
0
1
1
-1
-2
-3
-2
-4
-4
-4
-5
-6
-4
-4
-4
-3
-1
-1
0
0
1
0
0
0
-1
-3
-2
-2
-3
-2
0
0
0
1
1
1
2
0
0
2
2
2
3
2
1
0
1
-1
1
0
0
-2
-3
-3
-3
0
-1
0
0
0
-1
-1
1
2
1
