14
3
2
0
-10
-5
-2
5
12
9
5
5
1
-6
2
-1
2
5
-13
-2
1
-3
3
-3
1
-1
-2
0
2
2
-2
5
-7
-5
-3
-8
4
1
5
6
1
-5
-6
4
-2
-3
-3
-6
-2
-2
-6
2
3
2
4
-3
-8
-8
-11
-5
-1
-1
3
-4
0
0
-3
5
6
6
13
7
1
4
-7
1
0
-14
3
-8
-6
11
0
13
4
-3
2
-10
2
8
0
0
3
-4
2
0
-4
9
-2
3
-3
-8
4
-1
2
6
0
1
7
12
11
9
1
-8
-10
-11
3
6
3
10
1
-2
2
-12
-7
6
-8
0
-3
-3
-2
-16
-5
0
3
2
5
-3
-7
0
-13
-3
-9
-4
13
-3
13
9
0
10
-4
-2
-4
-4
7
1
1
-4
-6
-6
-11
4
5
6
13
0
2
-3
-10
-3
-9
2
7
-5
7
-3
3
12
-6
4
-1
-5
6
-2
1
7
4
1
-4
-3
-1
6
6
7
6
1
-5
-8
-5
-10
4
-3
-9
4
-3
2
1
-12
-6
-13
-14
0
-4
5
6
-1
5
-6
-4
-6
-10
6
9
18
28
15
16
-1
-10
1
-4
6
14
13
16
10
3
1
2
-6
-5
0
-1
13
15
5
2
-7
-15
-13
-15
-9
-2
-2
-6
-5
-6
-5
3
-15
-21
-12
-14
-4
0
3
9
4
-4
-9
-8
-17
-6
2
2
19
10
14
8
-9
-8
-8
6
8
20
16
-5
1
-15
-8
4
-4
12
13
10
17
7
-6
-9
-7
-4
6
10
3
6
5
-12
-14
-13
-10
-4
1
17
14
10
1
-13
-7
-16
-8
7
9
27
16
6
6
-12
-16
-13
-4
8
20
11
7
-6
-19
-4
-19
-15
-3
1
12
3
0
-3
-18
-7
0
8
6
5
13
-2
9
3
-10
-3
-13
-6
9
2
9
4
-9
0
-6
-3
-6
-5
-2
-1
8
-3
-9
-9
-6
-5
-3
0
-3
5
0
7
16
1
16
19
7
12
-2
-6
0
-2
1
5
-2
1
2
-2
9
8
14
10
-3
0
-9
-7
-8
-11
-4
-4
5
5
1
-7
-9
-5
-2
8
12
11
-5
-15
-18
-19
-7
1
0
7
11
12
8
2
-4
-19
-19
-15
-2
7
-7
-2
-7
-8
2
-8
-2
3
6
14
10
4
-5
-3
-6
-7
-4
-6
6
18
19
20
5
-1
-2
-7
1
0
5
13
4
7
2
-10
-8
-3
9
17
13
9
2
-2
4
-2
-6
-1
3
6
2
4
0
-3
2
1
0
-3
-2
-5
-4
-4
-9
-10
-11
-7
2
6
12
17
7
0
-12
-21
-18
-22
-22
-18
-19
-13
-9
-4
0
-2
-9
-10
1
6
4
0
-2
7
3
-2
4
-5
7
15
18
40
35
27
35
37
24
26
0
-14
-2
-10
4
25
33
42
62
77
100
116
109
96
64
31
27
-3
-30
-35
-52
-60
-61
-40
-31
-25
-9
-10
-16
-17
-35
-55
-71
-81
-82
-58
-17
37
102
173
260
326
403
478
486
475
428
347
247
88
-90
-280
-461
-660
-835
-949
-1045
-1091
-1150
-1184
-1131
-1078
-997
-925
-889
-812
-723
-639
-555
-483
-388
-249
-96
74
268
473
692
905
1089
1250
1403
1483
1506
1502
1445
1393
1293
1153
1037
901
789
694
595
519
447
401
367
321
301
261
212
171
118
66
6
-54
-103
-164
-213
-243
-283
-317
-352
-383
-434
-474
-499
-549
-580
-610
-640
-663
-690
-710
-707
-689
-639
-559
-463
-322
-141
78
318
562
778
943
1066
1101
1040
866
559
168
-297
-828
-1400
-1954
-2453
-2894
-3221
-3479
-3565
-3479
-3304
-3038
-2710
-2321
-1913
-1496
-1100
-718
-354
-5
346
699
1068
1444
1817
2188
2547
2891
3195
3440
3602
3672
3669
3585
3410
3150
2824
2455
2053
1637
1228
857
528
242
20
-134
-211
-235
-220
-170
-92
-4
79
140
158
137
81
-15
-132
-262
-389
-496
-585
-647
-681
-681
-663
-646
-645
-663
-712
-798
-917
-1070
-1242
-1403
-1548
-1648
-1681
-1630
-1464
-1193
-808
-311
263
868
1434
1902
2258
2466
2465
2206
1699
999
146
-834
-1890
-2932
-3893
-4710
-5349
-5765
-5915
-5813
-5499
-5021
-4434
-3762
-3049
-2342
-1687
-1127
-616
-130
334
803
1295
1851
2489
3192
3929
4694
5473
6201
6790
7182
7370
7339
7059
6502
5707
4735
3654
2525
1402
361
-513
-1189
-1669
-1951
-2047
-1984
-1818
-1633
-1462
-1330
-1239
-1206
-1245
-1319
-1391
-1422
-1380
-1258
-1031
-701
-300
141
570
950
1251
1423
1444
1293
988
575
75
-486
-1052
-1577
-2028
-2404
-2695
-2875
-2962
-2945
-2855
-2673
-2371
-1968
-1474
-884
-190
586
1355
2010
2557
2985
3248
3214
2823
2188
1393
441
-679
-1908
-3065
-4056
-4927
-5641
-6128
-6281
-6128
-5807
-5401
-4867
-4167
-3370
-2620
-2001
-1418
-780
-103
503
1032
1627
2389
3219
3993
4728
5559
6516
7389
8016
8433
8762
8956
8799
8191
7280
6222
5011
3542
1893
333
-984
-2089
-3067
-3819
-4174
-4145
-3933
-3680
-3364
-2910
-2385
-1969
-1724
-1554
-1335
-1080
-882
-722
-465
-55
418
840
1197
1568
1942
2155
2085
1804
1440
998
374
-422
-1216
-1872
-2437
-3032
-3581
-3897
-3971
-3979
-3986
-3831
-3354
-2680
-2027
-1310
-332
843
1910
2614
3178
3835
4300
4205
3510
2642
1847
819
-628
-2215
-3530
-4504
-5520
-6596
-7269
-7301
-6916
-6645
-6516
-6025
-5025
-3868
-3025
-2508
-1810
-797
183
855
1383
2227
3350
4258
4796
5386
6482
7814
8657
8908
9148
9774
10371
10229
9361
8375
7496
6329
4555
2526
857
-492
-2002
-3650
-4823
-5091
-4845
-4790
-4898
-4592
-3661
-2597
-1993
-1745
-1379
-824
-430
-367
-334
-4
430
582
468
541
1063
1646
1726
1273
804
727
743
270
-737
-1740
-2314
-2722
-3398
-4180
-4454
-4117
-3767
-3775
-3605
-2444
-586
830
1285
1523
2503
3851
4295
3449
2185
1381
683
-805
-2847
-4458
-5294
-6133
-7622
-9006
-9162
-8261
-7498
-7584
-7751
-6868
-5171
-3740
-3103
-2648
-1533
-13
1126
1827
2752
4317
5887
6650
6949
7734
9231
10524
10747
10362
10390
10943
11175
10506
9423
8596
7819
6495
4622
2893
1708
517
-1218
-3103
-4270
-4484
-4474
-4867
-5312
-5140
-4295
-3403
-2905
-2501
-1854
-1126
-682
-530
-236
356
870
942
708
667
1049
1459
1390
806
148
-171
-325
-765
-1624
-2580
-3282
-3817
-4473
-5118
-5376
-5179
-4957
-4984
-4824
-3726
-1798
-43
845
1266
2267
3877
4973
4736
3635
2645
1861
470
-1606
-3502
-4694
-5740
-7426
-9197
-9760
-8906
-7820
-7593
-7804
-7150
-5385
-3475
-2349
-1857
-1080
211
1395
2119
2775
3989
5569
6549
6826
7351
8823
10682
11525
11118
10719
11138
11773
11410
9931
8471
7516
6430
4606
2497
1068
199
-1065
-2909
-4368
-4596
-4172
-4284
-4971
-5263
-4570
-3504
-2970
-2859
-2498
-1702
-939
-590
-341
233
966
1372
1300
1173
1469
1953
1948
1193
236
-224
-329
-903
-2237
-3686
-4458
-4770
-5407
-6331
-6794
-6385
-5814
-5748
-5527
-4143
-1929
-291
79
406
1904
3810
4502
3635
2594
2341
1980
534
-1397
-2725
-3412
-4564
-6402
-7635
-7503
-6696
-6384
-6709
-6596
-5456
-3810
-2406
-1620
-1041
-118
1098
2237
2954
3530
4501
5593
6203
6395
6971
8405
9735
9908
9443
9584
10537
11043
10189
8801
7952
7377
6125
4114
2371
1357
243
-1520
-3247
-3943
-3763
-3838
-4473
-4860
-4383
-3434
-2816
-2574
-2212
-1629
-1101
-786
-505
-138
153
277
346
435
512
570
576
423
-12
-533
-882
-1255
-2019
-3100
-3938
-4362
-4791
-5450
-5902
-5791
-5420
-5049
-4307
-2930
-1469
-637
-36
1247
2878
3640
3163
2503
2379
2004
593
-1195
-2387
-3256
-4737
-6668
-7723
-7543
-7216
-7505
-7861
-7299
-5924
-4635
-3655
-2691
-1594
-478
575
1742
2923
3867
4712
5652
6569
7281
7986
9051
10104
10349
9939
9921
10619
10902
9835
8223
7379
7032
5894
3870
2262
1604
773
-922
-2437
-2689
-2325
-2708
-3676
-3892
-3113
-2419
-2397
-2422
-1913
-1324
-1139
-1010
-565
-120
-67
-121
127
433
377
184
234
290
-120
-811
-1169
-1304
-1845
-2864
-3657
-3888
-4006
-4407
-4759
-4617
-4090
-3414
-2659
-1768
-972
-292
553
1477
1920
1592
1043
763
233
-1168
-2889
-4055
-4836
-6157
-8012
-9195
-9138
-8830
-9112
-9435
-8775
-7217
-5837
-4888
-3745
-2084
-333
1029
2203
3559
4961
6158
7111
7900
8645
9362
10151
10872
11103
10880
10783
11077
11163
10291
8834
7840
7320
6248
4222
2269
1306
610
-900
-2672
-3337
-2921
-2891
-3686
-3960
-2896
-1577
-1233
-1333
-676
498
1024
838
895
1372
1450
892
502
663
677
127
-447
-583
-647
-1090
-1573
-1775
-2114
-2892
-3609
-3767
-3790
-4289
-4922
-4921
-4450
-4059
-3649
-2785
-1645
-1030
-761
53
1285
1835
1208
298
-70
-509
-1771
-3392
-4626
-5658
-7124
-8775
-9592
-9475
-9358
-9635
-9737
-8996
-7613
-6223
-4885
-3481
-2056
-631
869
2560
4204
5464
6521
7620
8676
9542
10271
11105
11870
12009
11620
11399
11570
11493
10436
8799
7559
6737
5539
3684
1890
786
-123
-1441
-2705
-3154
-2954
-2979
-3375
-3327
-2504
-1585
-1118
-807
-191
543
987
1263
1631
1903
1829
1641
1698
1784
1432
788
387
204
-289
-1171
-1957
-2437
-3027
-4005
-4856
-5152
-5201
-5450
-5811
-5725
-4974
-3941
-3019
-2271
-1590
-713
347
1172
1372
962
466
55
-797
-2266
-3765
-4829
-5821
-7348
-8978
-9700
-9515
-9357
-9675
-9793
-8987
-7608
-6399
-5379
-4175
-2707
-1225
170
1660
3183
4538
5782
7033
8211
9183
10067
11072
11960
12230
12016
11982
12291
12232
11153
9544
8400
7693
6517
4514
2505
1323
497
-838
-2353
-3014
-2734
-2607
-3174
-3448
-2579
-1275
-716
-805
-466
546
1335
1464
1512
1896
2215
2081
1881
2012
2080
1649
1015
621
272
-518
-1539
-2282
-2930
-3994
-5274
-5936
-5849
-5871
-6462
-6772
-5821
-4079
-2861
-2487
-1904
-335
1368
1904
1318
811
871
405
-1419
-3664
-5002
-5733
-7248
-9579
-11082
-10930
-10356
-10590
-10986
-10240
-8519
-7085
-6138
-4850
-3130
-1706
-742
498
2218
3600
4366
5297
6789
8128
8810
9571
11026
12321
12447
12026
12391
13283
13085
11400
9705
9000
8320
6443
3947
2287
1486
299
-1545
-2803
-2730
-2280
-2601
-3182
-2760
-1414
-443
-371
-277
536
1419
1558
1340
1589
2116
2124
1630
1464
1792
1853
1347
862
732
371
-575
-1456
-1798
-2291
-3549
-4807
-5025
-4656
-5030
-5807
-5373
-3677
-2484
-2713
-2662
-871
1113
1115
-325
-808
-51
-409
-2807
-5144
-5864
-6347
-8391
-11043
-11961
-11302
-11236
-12200
-12494
-11158
-9442
-8505
-7500
-5605
-3630
-2435
-1325
710
2959
4172
4819
6209
8113
9163
9428
10387
12134
12916
12095
11489
12392
13270
12144
9841
8656
8625
7666
5206
3112
2567
2176
496
-1385
-1650
-725
-541
-1489
-1927
-930
332
603
329
585
1312
1657
1511
1571
2024
2274
2034
1764
1867
2098
2035
1662
1140
500
-225
-814
-1270
-1922
-2842
-3659
-3964
-3957
-3810
-3402
-2773
-2248
-2133
-1792
-773
159
43
-1013
-1862
-2193
-2957
-4492
-6008
-7081
-8363
-10207
-11682
-11912
-11637
-12038
-12727
-12573
-11507
-10478
-9709
-8427
-6744
-5607
-4957
-3563
-1075
1043
1831
2518
4418
6791
8137
8776
10175
12192
13168
12780
12688
13693
14255
12872
10489
8988
8342
7022
4633
2419
1213
419
-590
-1327
-1160
-471
-18
206
759
1750
2652
3122
3262
3151
2822
2489
2437
2530
2262
1576
1105
1318
1883
2140
1974
1845
1888
1758
1203
503
39
-355
-1128
-2313
-3315
-3600
-3114
-2545
-2478
-2755
-2727
-1772
-558
-184
-750
-1449
-1696
-2227
-3747
-5425
-6292
-6923
-8663
-11217
-12648
-12212
-11582
-12223
-13159
-12815
-11343
-10167
-9467
-8194
-6412
-5181
-4645
-3615
-1605
210
1031
1645
2860
4234
5189
6315
8108
9633
9958
9878
10858
12459
12805
11535
10200
9713
9027
7137
4933
3607
2734
1216
-633
-1443
-944
-285
-213
-139
633
1894
2985
3701
4186
4373
4316
4255
4255
4024
3381
2754
2484
2357
2009
1574
1466
1548
1349
821
394
301
228
-114
-611
-986
-1023
-639
-112
103
-173
-369
187
879
584
-716
-1822
-2144
-2849
-4774
-6778
-7618
-8050
-9654
-11958
-12875
-12106
-11685
-12643
-13417
-12488
-10838
-10188
-10028
-8791
-6765
-5545
-5240
-4240
-2078
-294
242
680
2059
3639
4427
5000
6303
7748
8208
8112
8780
10049
10389
9350
8239
7915
7434
5877
3986
2874
2214
960
-602
-1132
-427
256
186
225
1324
2970
3997
4345
4812
5527
5801
5399
5042
5164
5134
4378
3398
3065
3305
3293
2797
2365
2267
2122
1654
1170
980
764
118
-741
-1228
-1113
-792
-710
-897
-1118
-993
-524
-185
-394
-1086
-1771
-2380
-3316
-4570
-5642
-6459
-7587
-9232
-10609
-10992
-10916
-11274
-11898
-11953
-11305
-10667
-10196
-9247
-7756
-6539
-5905
-4990
-3212
-1402
-501
-27
999
2324
3018
3203
3872
5095
5756
5515
5503
6443
7432
7276
6371
5979
6113
5678
4363
3103
2522
1993
897
-156
-286
284
673
703
1111
2268
3574
4412
4896
5414
5867
5970
5841
5785
5660
5131
4404
4012
4005
3869
3371
2945
2887
2845
2492
2060
2002
2144
1924
1388
1069
1406
1962
2049
1599
1028
911
1053
700
-467
-1962
-3064
-3932
-5309
-7069
-8282
-8796
-9582
-11044
-12092
-11757
-10947
-11080
-11764
-11578
-10382
-9518
-9382
-8791
-7273
-5949
-5498
-4770
-2816
-713
168
443
1578
3303
4152
4117
4528
5626
6089
5404
4946
5528
5976
5079
3560
2861
2787
2023
534
-468
-638
-875
-1611
-1920
-1119
4
561
902
1873
3400
4611
5227
5732
6327
6630
6475
6303
6408
6405
5885
5198
4941
5098
5162
4919
4632
4461
4228
3838
3464
3154
2794
2210
1556
1050
845
1086
1455
1536
1100
701
1054
1619
1281
-106
-1444
-2101
-3033
-4955
-6874
-7810
-8515
-10212
-12233
-12781
-11901
-11549
-12337
-12680
-11542
-10100
-9647
-9299
-7866
-6149
-5542
-5399
-4014
-1681
-317
-256
241
1915
3331
3552
3696
4753
5766
5498
4740
5043
5973
5803
4303
2990
2698
2363
1031
-554
-1394
-1767
-2461
-3225
-3132
-2134
-1119
-486
290
1708
3472
4894
5772
6358
6787
6992
6910
6662
6359
5887
5225
4620
4364
4503
4704
4666
4516
4539
4770
4918
4748
4495
4374
4196
3689
3124
3219
3798
3986
3187
2192
2276
2919
2575
832
-956
-1701
-2458
-4505
-6902
-8125
-8658
-10258
-12809
-14098
-13390
-12745
-13618
-14613
-13900
-12199
-11426
-11231
-9936
-7721
-6428
-6177
-4943
-2159
146
640
892
2571
4615
5296
5188
5974
7363
7535
6429
5973
6742
6943
5336
3146
2069
1612
236
-1918
-3488
-4105
-4698
-5653
-6025
-5185
-3824
-2768
-1813
-263
1881
3887
5336
6426
7304
7866
8021
7926
7755
7306
6495
5661
5186
5103
5014
4704
4468
4581
4893
4993
4825
4822
5106
5193
4704
4199
4483
5160
5137
4012
2963
3110
3494
2588
507
-1119
-1606
-2469
-4720
-6918
-7666
-7954
-9544
-11853
-12589
-11593
-11234
-12408
-13259
-12326
-10951
-10935
-11276
-10147
-8261
-7598
-7789
-6556
-3739
-1761
-1554
-988
1342
3676
4238
4173
5411
7245
7479
6313
6036
7041
7249
5481
3299
2521
2270
784
-1575
-3172
-3621
-4133
-5245
-5818
-5104
-3868
-3027
-2327
-912
1179
2985
4088
4969
5943
6709
6901
6724
6634
6437
5816
5068
4702
4752
4666
4167
3834
4098
4538
4575
4382
4639
5390
5828
5631
5823
6842
7807
7658
6598
6228
6607
6073
4003
1552
53
-1069
-3452
-6524
-8363
-9006
-10138
-12342
-13883
-13293
-12205
-12564
-13399
-12865
-11159
-10339
-10796
-10431
-8566
-7159
-7255
-7137
-5158
-2538
-1532
-1472
-21
2588
4174
4276
4697
6454
7748
7135
6155
6414
7015
6129
3855
2265
1861
868
-1302
-3311
-4085
-4304
-5246
-6280
-6011
-4793
-3815
-3309
-2342
-327
1706
2832
3613
4735
5975
6541
6308
6156
6334
6112
5299
4558
4434
4575
4157
3407
3302
3864
4305
4243
4216
4939
5908
6231
6443
7336
8510
8942
8184
7579
7892
7686
6010
3573
1686
410
-1772
-4875
-7088
-8158
-9482
-11721
-13559
-13383
-12346
-12552
-13366
-13015
-11428
-10300
-10474
-10274
-8673
-7233
-7136
-7166
-5669
-3174
-1792
-1673
-670
1709
3699
4325
4564
5789
7184
7053
6056
5763
6072
5568
3577
1553
773
149
-1437
-3409
-4599
-4768
-5080
-5875
-5937
-4944
-3729
-2916
-2214
-653
1480
2956
3724
4453
5472
6362
6365
5913
5765
5560
4908
4030
3498
3543
3311
2484
2064
2449
3101
3327
3237
3880
5173
5942
6410
7475
9058
10141
9676
8990
9571
9911
8472
5812
3588
2442
413
-3187
-5944
-7103
-8398
-11002
-13643
-13789
-12326
-12495
-13907
-13959
-12165
-10573
-10891
-11106
-9206
-7279
-7234
-7597
-6065
-2916
-1186
-1501
-765
1978
4402
5006
4918
6190
7963
7741
6321
5914
6417
5925
3358
652
-247
-770
-2603
-5072
-6567
-6588
-6644
-7461
-7517
-6168
-4451
-3377
-2714
-1051
1592
3518
4251
4746
5837
7113
7319
6620
6250
6187
5654
4523
3562
3473
3394
2402
1381
1368
2103
2450
2094
2285
3514
4656
5263
6190
7906
9476
9593
9098
9691
10612
9936
7559
5285
4140
2556
-690
-3811
-5330
-6533
-9105
-12109
-12931
-11715
-11535
-13104
-13848
-12376
-10580
-10621
-11195
-9891
-7744
-7287
-7947
-6964
-3866
-1516
-1487
-1307
1136
4182
5424
5395
6368
8281
8730
7407
6540
6919
6708
4304
1099
-555
-1213
-2890
-5592
-7624
-8121
-8259
-9040
-9296
-8065
-6264
-5021
-4236
-2622
91
2342
3434
4138
5189
6475
7005
6740
6643
6643
6259
5515
4778
4619
4501
3679
2870
2533
2567
2680
2414
2464
3155
3669
4429
5704
7056
8296
8536
8723
9841
10196
9195
7523
5864
4784
2645
-800
-3070
-4392
-6257
-8937
-11472
-11646
-10576
-11293
-12561
-12332
-10779
-9424
-9904
-10156
-8193
-6590
-6753
-7079
-5905
-3035
-1442
-1961
-1192
1355
3606
4500
4432
5716
7807
7806
6706
6373
6701
6542
4146
1135
-32
-939
-2932
-5574
-7781
-8220
-8433
-9618
-9917
-8894
-7249
-5794
-5178
-3600
-720
1390
2603
3386
4436
6115
6580
6064
6149
6193
6053
5454
4401
4483
4519
3521
3001
2682
2758
3056
2343
2505
3590
3824
4726
5914
7018
8628
8574
8618
10168
10132
9030
7466
5497
4899
2818
-1003
-2785
-4120
-6042
-8238
-10955
-10900
-9539
-10802
-11884
-11496
-10257
-8663
-9422
-9978
-7651
-6332
-6511
-6459
-5537
-2501
-839
-1681
-514
2098
4067
5027
4598
5799
8087
7698
6499
6168
6250
6132
3549
429
-404
-1371
-3581
-6237
-8318
-8366
-8483
-9888
-10070
-8755
-7007
-5704
-5189
-3436
-499
1257
1935
2642
4035
5539
5479
4649
4749
5315
5246
4316
3607
3880
4036
3409
2693
2756
3335
3266
2852
3031
3850
5121
6139
6887
7961
8605
9208
10235
10407
9660
8204
6499
5448
3525
437
-1798
-3510
-5440
-7813
-10175
-10385
-9509
-10244
-11424
-11458
-10102
-8489
-8764
-9244
-7850
-6440
-6032
-5951
-4987
-2333
-478
-451
420
2615
4979
6346
6151
6548
7846
7922
7130
6195
5404
4803
2752
-54
-1607
-2765
-4273
-6369
-8685
-9353
-9086
-9411
-9539
-9107
-7815
-6019
-5080
-3876
-1573
416
1591
2019
2796
4712
5690
5095
4523
4631
5363
5318
4108
3595
3659
3314
2526
1572
1733
2318
1768
1222
1373
2717
5013
6051
6573
7414
8301
10214
11221
10369
9452
8065
6873
5549
2506
344
-858
-3252
-5943
-8583
-9361
-7916
-8475
-10465
-10943
-10105
-8421
-8231
-9338
-8323
-6912
-7104
-7235
-6389
-3752
-1237
-1355
-929
1769
4578
6631
7222
7672
9307
9576
8554
8128
7523
6416
3993
506
-1384
-2546
-4645
-6886
-9106
-10259
-10197
-10509
-10353
-9387
-8453
-7102
-5810
-4378
-2096
-324
658
1480
2274
3669
4758
4670
4383
4271
4544
4905
4509
4029
3670
3201
2904
2297
1943
2008
1570
1247
1057
1519
3532
5020
5547
5879
6307
8474
10263
9512
8394
7444
6952
6227
3354
1205
620
-1340
-4263
-7078
-7914
-6372
-6892
-9396
-10129
-9200
-7746
-7753
-9075
-8204
-6622
-6995
-7413
-6504
-3902
-1387
-1453
-1092
1779
4723
6688
7431
8116
9909
10327
9234
8753
8268
7061
4466
973
-952
-2163
-4473
-6973
-8985
-9842
-9898
-10487
-10518
-9417
-8387
-7556
-6821
-5410
-3023
-1483
-1076
-449
999
2929
3876
3693
3847
4575
5239
5254
4897
4853
4557
3755
2907
2348
2390
2051
1102
629
504
1466
3412
4580
5252
5227
5525
7861
9249
8340
6848
5406
5227
4463
1568
74
-239
-1882
-4424
-6956
-6789
-4615
-5330
-7643
-8125
-7062
-5633
-6194
-7561
-6485
-5566
-6577
-7033
-5785
-2880
-959
-1527
-508
3003
5934
7518
8006
9122
11061
10758
9106
8496
7953
6380
2876
-1126
-2688
-3584
-5982
-8736
-10620
-10485
-9603
-10043
-10068
-8613
-6944
-5878
-5696
-4748
-2243
-727
-1006
-1124
303
2692
3712
2968
2972
4530
5746
5499
4786
4694
4930
4116
2290
1611
1973
1575
511
-601
-220
2210
3881
4509
5029
5193
6805
8435
7877
6885
5384
4000
3348
1040
-863
-908
-1940
-3816
-5843
-6565
-4404
-3472
-5274
-6187
-5757
-4682
-4554
-6205
-6324
-5305
-6217
-7434
-6939
-4505
-1731
-1400
-1270
1783
5603
8113
9276
10068
11735
12353
10893
9696
9047
7580
4417
8
-2920
-3924
-5414
-7883
-10277
-11204
-10411
-9667
-9307
-8368
-7074
-5980
-5523
-5058
-3428
-1653
-1259
-1760
-1532
312
2479
3203
3098
3759
5068
5898
5817
5302
5045
4532
2908
1353
796
550
350
-499
-1084
817
3300
4926
5877
5532
6678
8638
7895
6313
4354
2419
1514
-1383
-4055
-3733
-4023
-5367
-6860
-7250
-4214
-2080
-3321
-3778
-3060
-2253
-2463
-4579
-5067
-4178
-5714
-7853
-7781
-5280
-2131
-1367
-1116
2249
6676
9488
11068
12345
14108
14557
12268
10193
9382
7670
4086
-826
-4339
-5285
-6433
-8519
-10138
-10601
-9730
-9009
-8697
-7307
-5834
-5374
-5671
-5960
-4698
-3138
-3169
-3483
-2945
-1087
1344
2502
3609
5656
7002
7497
7283
6722
6823
5579
2508
514
-610
-1405
-1729
-3031
-2745
445
2682
4654
6307
6598
9131
10396
8182
6613
3740
1137
-492
-5201
-7513
-6833
-7934
-8435
-9179
-8158
-3063
-1154
-1865
-777
37
1029
-131
-3515
-3587
-3784
-6893
-9242
-9410
-6127
-2648
-2390
-716
4168
9174
12379
13637
15221
17288
16472
12852
9968
8466
6171
1711
-3563
-6234
-6255
-6914
-8291
-8753
-8020
-6572
-6175
-6350
-5124
-4355
-5322
-6886
-7982
-7026
-5752
-6252
-6163
-4389
-1593
1364
3113
4930
7712
9161
8695
7955
7050
6148
4532
723
-1778
-2132
-3294
-3361
-3515
-2963
2014
5096
6570
9117
8782
10975
12371
7973
5635
1852
-2647
-4001
-9215
-11381
-9246
-10753
-10278
-9418
-7974
-1392
925
166
1951
1620
1486
-50
-4420
-4949
-5959
-9974
-11692
-10892
-6544
-1577
-135
2647
8354
13318
16229
16985
17462
18205
15668
10440
6971
5298
3269
-628
-5119
-5914
-4278
-3972
-4286
-4203
-3072
-2304
-4068
-5550
-5465
-6388
-8785
-11858
-12936
-10858
-9285
-8554
-6454
-3036
1249
4280
5904
8379
10437
10151
8023
5567
3969
3007
640
-2846
-4021
-3717
-3093
-1663
-1052
2672
8735
10687
11955
12002
11610
14103
10666
4071
248
-5227
-7945
-10630
-15259
-13116
-11298
-12215
-9999
-8381
-3605
1773
436
594
1500
-606
-1887
-5523
-7575
-6482
-9539
-11734
-9638
-5131
1397
4508
6349
11677
16156
17727
17184
15980
15803
13232
7079
2502
1391
1122
-686
-3601
-3725
-729
919
432
285
910
394
-2770
-6603
-7995
-8492
-11270
-14404
-14833
-12419
-9116
-7196
-4621
164
3908
5853
7137
8553
10137
8494
4555
2305
847
-187
-2187
-5014
-4403
-3254
-2621
-431
1189
6146
11410
11903
13219
12773
12449
14135
9279
3900
48
-5734
-7422
-10169
-13132
-10710
-11160
-11949
-9793
-8549
-4378
-2219
-4771
-4100
-4097
-6352
-7628
-10143
-9565
-7681
-9756
-9156
-4383
1512
7078
8837
10723
15801
18275
17110
15145
13369
12545
9432
3780
1627
2299
2212
1054
-541
844
3704
3245
1469
707
194
-1587
-5835
-9229
-9373
-9793
-11962
-13416
-12116
-8412
-5910
-5107
-2424
1554
3904
4038
3797
5730
7501
5499
2314
1071
1402
1442
-1009
-3202
-2343
-1882
-2094
-1596
98
5201
8752
8901
10126
10772
12409
13611
9818
6167
2450
-2299
-4308
-7105
-8965
-8347
-10319
-11349
-10435
-9331
-5921
-5169
-7173
-7459
-8780
-9782
-10207
-11740
-10849
-10189
-10786
-8259
-3621
2541
7799
9573
12149
15642
17343
17541
15758
13959
12511
8840
5506
4556
4670
4867
3280
1724
2647
3318
2549
908
-1119
-2497
-4666
-7571
-9004
-9388
-9769
-10556
-11038
-9634
-7138
-4978
-3168
-1566
128
1462
2244
3575
4926
5191
4654
3508
2917
3223
2286
860
-43
-1908
-2890
-2836
-2588
1404
5243
6283
8563
8899
10239
13603
11423
8734
5673
-518
-2617
-5015
-7669
-5873
-7869
-10023
-8830
-9368
-6279
-3780
-6225
-6509
-9006
-12692
-12540
-13912
-13711
-12367
-14079
-11966
-6734
-1536
5050
8936
11433
14992
15674
15215
15631
14729
13092
9999
6032
5578
7060
7115
6928
6222
5630
5778
3731
1484
701
-1906
-5097
-8263
-10734
-9554
-8918
-9699
-9103
-9041
-7286
-4817
-4144
-1882
-738
-1142
-87
438
2554
4925
4396
4274
4095
3972
4191
2904
2008
736
-1118
-2532
-2519
1599
5248
6847
7712
6913
9324
11172
8813
7182
3195
-1056
-2871
-6749
-7014
-4986
-6301
-5856
-6473
-7297
-3976
-3403
-4010
-5147
-10643
-13742
-14796
-15867
-14484
-14447
-13735
-9729
-5957
-1414
4025
8334
11782
12648
10955
10516
11146
10880
10206
8723
7764
8753
9474
10277
11415
10438
8429
5687
2094
44
-2285
-5222
-6635
-8216
-8623
-7567
-6989
-4980
-3794
-4628
-4756
-5405
-5303
-4135
-4671
-4624
-3541
-2415
442
3216
4883
7028
7860
6790
5934
4192
1973
1123
-1272
-2887
-370
1664
4759
8016
7705
10006
11234
8030
6652
3035
-1227
-2382
-6924
-8740
-6210
-6906
-5053
-3504
-4614
-1423
-1569
-3923
-3522
-7703
-11307
-13405
-17436
-16158
-13906
-13136
-8825
-5556
-2281
2806
4843
6891
8865
7015
5850
5115
3993
5917
7228
8106
10772
11709
12907
14342
13007
11251
8022
3163
89
-2798
-5255
-5564
-5950
-5132
-3197
-2739
-1464
-864
-2237
-3102
-5471
-7492
-7595
-8762
-8412
-6596
-4863
-1160
1850
3683
6707
8171
7408
6391
3791
1248
406
-2215
-2315
1751
4086
7650
9598
9300
12622
12054
7748
4581
-599
-3979
-5696
-9334
-8416
-4624
-4089
-2426
-1869
-1688
1896
-15
-3906
-5964
-10608
-12702
-15212
-17914
-15113
-12037
-9050
-4965
-2000
1594
4550
4162
3606
3196
1287
391
-714
-548
2951
6125
9662
12755
14112
15269
14604
12454
9640
5698
1392
-2342
-4673
-5170
-3675
-1715
98
1675
1796
1675
804
-1334
-3356
-6502
-9104
-9986
-10541
-8787
-6045
-3490
40
1934
3157
5169
5207
4154
2892
-257
-1747
-1598
-2577
1423
6202
8899
13732
12899
12523
13641
8110
3988
-1072
-6696
-7151
-9088
-9907
-5136
-1213
1589
3797
1352
1221
1768
-3335
-5980
-9872
-13894
-13702
-16800
-15949
-10670
-6993
-1828
933
1620
3634
3039
291
-895
-2948
-4239
-3151
-3564
-653
4330
7721
12853
14503
13768
13401
10016
6948
4200
618
-987
-1669
-2703
-1740
750
3143
6021
5688
3415
2416
-542
-2926
-5244
-8179
-7749
-7718
-7581
-5583
-4010
-1627
166
201
756
1226
-866
-2316
-3290
-4410
-1582
-719
2386
9126
10907
14604
15096
13064
14044
8322
1665
-2920
-7466
-7487
-6520
-6460
-2960
1141
1650
2977
1531
-1107
-647
-5370
-8474
-9661
-12957
-11380
-11248
-10564
-6168
-3564
-444
1907
1562
974
531
-1564
-2968
-3694
-5221
-2956
-381
1838
6004
7634
9595
10835
9027
7677
5221
2027
-48
-1427
-1375
744
2427
3137
4590
4756
5452
5766
3469
1834
-1110
-3100
-3240
-4235
-3782
-4148
-3587
-1619
-948
-204
-1040
-2184
-2806
-4054
-5591
-5794
-5555
-5845
-3811
-2779
2652
10284
11891
14712
12522
10383
11813
6162
1975
-2193
-6682
-5524
-4910
-4052
-419
1394
970
1521
-1220
-3580
-3664
-7618
-7350
-7026
-8820
-6650
-7629
-6512
-3223
-2549
-56
1238
689
11
-1480
-2644
-1571
-569
-967
157
1007
3312
6516
6625
6777
5755
3728
2992
1233
-241
-693
-1562
-1241
1017
3254
5661
6747
5273
4680
3890
2789
2210
-13
-1298
-1595
-2022
-1503
-993
-228
207
-329
-1361
-2206
-2697
-3770
-5691
-7282
-7464
-7244
-5352
-3895
-1848
3627
6091
9236
11171
9519
11282
8866
4631
2064
-2747
-3154
-1491
-1722
-426
-163
-1930
-1611
-2583
-5403
-5385
-7967
-9080
-6908
-7786
-5314
-3908
-4742
-2692
-2820
-1883
572
976
1059
440
-1266
-1396
298
1139
3038
4365
4388
6271
6358
6068
6175
4276
3185
1476
-1086
-2158
-2609
-2493
-1083
233
1490
3875
4582
4680
4640
2753
2351
1368
9
675
686
1446
1988
1172
919
455
-282
-1213
-2575
-3895
-4976
-6071
-6522
-6852
-6183
-4364
-3397
339
3084
4539
7630
6207
6708
7279
3884
3097
-87
-2291
-320
-20
1308
2856
1729
659
-1066
-5376
-7906
-9751
-12081
-10383
-9348
-7597
-4431
-4497
-3246
-2195
-1865
-290
121
222
360
315
-152
165
621
659
2709
4687
7467
10281
9787
8460
6087
3520
2393
1158
103
-135
-353
-398
689
1185
1587
1924
633
743
1167
1221
1881
992
621
1021
1479
2531
2951
3065
2432
1318
-216
-2427
-4020
-5336
-6056
-5304
-4404
-4057
-2716
-2620
-2494
19
139
2299
4863
4014
6172
5058
1954
1324
-2434
-3333
-985
-68
3397
6250
5365
4814
1731
-4354
-7592
-11627
-13964
-11435
-10239
-6933
-3667
-3947
-3262
-3906
-5147
-4362
-3704
-2757
-679
447
911
1809
1119
723
1289
1632
3869
6176
7793
9067
8558
7172
5259
3116
1557
905
1153
2076
3342
4106
4344
3832
2716
1638
588
384
967
2277
4238
5716
6520
6279
4845
2846
730
-1215
-2786
-3893
-4834
-5366
-5448
-5470
-5058
-4739
-4634
-4282
-4324
-4444
-4590
-5190
-5667
-5784
-5434
-4169
-2273
-327
1657
3034
3719
4206
4032
3802
3556
2748
2176
1500
837
791
666
582
650
230
-176
-537
-1296
-1722
-2280
-2924
-2874
-2862
-2451
-1755
-1608
-1314
-1204
-1424
-1336
-1456
-1676
-1547
-1622
-1506
-991
-557
405
1568
2613
3955
4869
5241
5160
4187
2929
1710
659
406
878
1952
3587
5121
6265
6895
6601
5628
4164
2317
639
-858
-2155
-2966
-3557
-3912
-3952
-4041
-4017
-3909
-4068
-4200
-4436
-4882
-5112
-5309
-5285
-4659
-3742
-2429
-841
517
1795
2763
3196
3452
3339
3067
2949
2730
2589
2523
2364
2388
2521
2576
2618
2289
1446
238
-1281
-2726
-3681
-4030
-3674
-2679
-1389
-113
819
1111
800
-13
-1167
-2274
-3088
-3459
-3250
-2650
-1794
-706
362
1376
2267
2887
3237
3207
2690
1835
814
-212
-926
-1210
-952
-82
1111
2336
3342
3806
3649
2909
1629
201
-1067
-2068
-2574
-2720
-2599
-2240
-1986
-1894
-1965
-2223
-2506
-2731
-2887
-2879
-2702
-2417
-1894
-1180
-314
728
1710
2517
3110
3318
3239
3003
2625
2341
2181
2131
2277
2540
2842
3079
3164
3052
2678
2039
1122
-13
-1192
-2302
-3141
-3562
-3500
-2908
-1974
-946
13
653
829
594
-48
-882
-1611
-2164
-2322
-2038
-1401
-422
612
1496
2191
2531
2520
2218
1617
909
191
-496
-961
-1138
-1008
-548
46
612
1083
1218
974
350
-655
-1793
-2902
-3834
-4347
-4440
-4128
-3517
-2920
-2471
-2327
-2544
-2948
-3410
-3708
-3615
-3125
-2248
-1078
116
1223
2142
2796
3279
3561
3614
3584
3443
3294
3286
3296
3504
3912
4401
4922
5137
4951
4417
3478
2261
937
-293
-1077
-1255
-955
-346
315
762
862
461
-337
-1195
-1860
-2084
-1863
-1427
-895
-505
-489
-775
-1259
-1576
-1332
-536
706
2059
3055
3389
2841
1548
-79
-1497
-2217
-2025
-971
594
2155
3138
3138
2073
177
-2081
-4172
-5658
-6324
-6203
-5487
-4549
-3700
-3254
-3312
-3738
-4425
-5047
-5419
-5496
-5083
-4280
-3236
-1941
-635
683
1944
2926
3644
4000
3947
3624
3064
2397
1993
1887
2193
2891
3595
4200
4402
4002
3256
2250
1362
924
872
1286
1821
2137
2197
1730
968
253
-331
-350
32
579
1328
1587
1378
788
-436
-1294
-1552
-1245
533
2736
4944
7141
7584
7092
5663
2822
508
-1457
-2609
-1692
-380
1290
3090
3098
2207
328
-2807
-5090
-6847
-8113
-7655
-7197
-6619
-5820
-6531
-7360
-8162
-9305
-9083
-8235
-7115
-5144
-3917
-3280
-2598
-2651
-2407
-1519
-695
1005
2986
4387
5925
6677
6607
6716
6256
5825
5676
4655
3570
2401
834
81
-232
-231
775
1557
1971
2199
1188
-122
-1407
-2797
-2823
-1993
-596
1613
3070
3974
4257
3322
2516
1637
820
1096
1326
1884
2725
2417
2251
1707
622
834
849
1549
3677
4449
5575
5858
4224
3769
1840
-596
-1752
-3775
-3608
-1850
-971
1248
2263
1286
328
-2944
-6381
-8083
-10399
-10667
-9314
-8156
-4964
-3289
-3717
-4241
-6753
-8485
-8685
-8891
-7196
-5168
-3640
-1229
621
2035
3691
4412
5114
6286
6538
6577
6021
4203
2837
1797
1464
2654
3619
4075
4037
2721
1228
-293
-1996
-2486
-1994
-857
1095
2257
2501
2072
419
-900
-1559
-1633
-403
841
2090
3341
3496
3209
2155
674
48
-303
64
930
1245
1912
2182
2266
3696
4796
6194
7275
6438
6029
4512
1763
-346
-3145
-4044
-2653
-1411
1215
2944
2323
923
-2939
-6973
-9010
-11009
-10929
-9150
-7286
-3805
-1960
-2365
-3198
-6034
-8416
-9200
-9448
-7272
-4579
-2656
-144
1470
2675
4076
4261
4650
5257
4910
4789
4071
2676
1928
1113
1213
2703
3903
4747
4400
2410
171
-2312
-4348
-4743
-3944
-1862
926
2891
3870
3416
1547
-456
-2062
-2556
-1629
30
1997
3536
4204
3905
2851
1682
600
176
343
543
1001
1079
991
1698
2512
4002
5870
6764
7452
6706
4284
1548
-1926
-4284
-4532
-3687
-966
1992
3521
3997
2037
-1457
-4774
-8181
-9839
-9477
-8252
-5582
-3495
-2903
-3079
-4912
-6775
-7656
-7989
-6682
-4717
-2952
-989
103
697
1437
1920
2943
4398
5465
6332
6259
5033
3550
1858
820
1004
1714
2849
3713
3577
2784
1215
-742
-2231
-3079
-2852
-1570
-72
1213
1778
1315
372
-696
-1502
-1548
-1073
-281
658
1287
1623
1626
1202
784
585
645
994
1121
721
18
-859
-1286
-798
413
2343
4272
5587
6049
5096
2995
195
-2674
-4437
-4660
-3264
-681
1943
3798
4257
3138
901
-1887
-4553
-6313
-6877
-6230
-4688
-3111
-2006
-1765
-2485
-3604
-4786
-5529
-5449
-4638
-3069
-1091
815
2336
3066
2948
2262
1330
702
774
1573
2994
4605
5882
6494
6115
4778
2880
866
-607
-1106
-616
699
2299
3563
4127
3700
2369
529
-1457
-3056
-3962
-4127
-3577
-2672
-1707
-897
-476
-378
-564
-987
-1460
-1936
-2296
-2437
-2354
-2025
-1458
-739
13
629
945
911
591
110
-295
-441
-238
299
970
1558
1874
1819
1429
867
379
189
399
936
1552
1966
1945
1375
377
-743
-1635
-1999
-1770
-1080
-231
437
659
332
-415
-1317
-2037
-2331
-2082
-1356
-364
656
1472
1987
2199
2159
1976
1714
1418
1126
829
567
395
371
541
876
1260
1566
1635
1332
655
-301
-1331
-2154
-2647
-2733
-2427
-1940
-1432
-1104
-1062
-1206
-1432
-1594
-1571
-1368
-1024
-644
-403
-325
-391
-549
-647
-614
-425
-95
240
443
468
266
-93
-474
-787
-879
-729
-410
8
391
646
762
710
588
499
467
557
729
941
1173
1365
1517
1653
1822
2038
2256
2391
2357
2108
1615
958
271
-293
-539
-439
-25
597
1206
1651
1781
1525
953
201
-530
-1052
-1240
-1065
-621
-22
551
933
1019
745
186
-537
-1275
-1882
-2265
-2400
-2343
-2200
-2115
-2143
-2290
-2533
-2760
-2888
-2794
-2425
-1875
-1235
-646
-241
-55
-88
-263
-431
-475
-351
-68
293
622
808
773
532
140
-282
-611
-735
-601
-239
253
742
1136
1338
1300
1047
667
315
134
193
514
1067
1759
2447
2980
3257
3225
2920
2401
1786
1238
871
762
863
1083
1312
1436
1369
1103
720
342
121
127
342
702
1049
1242
1175
808
258
-334
-797
-1007
-964
-727
-448
-314
-444
-890
-1574
-2324
-2977
-3391
-3528
-3426
-3174
-2912
-2755
-2731
-2798
-2865
-2850
-2713
-2454
-2104
-1684
-1243
-808
-384
19
372
588
590
357
-85
-622
-1100
-1340
-1222
-718
82
970
1729
2168
2231
1982
1557
1160
947
987
1280
1721
2181
2518
2692
2747
2737
2723
2714
2680
2536
2193
1600
809
3
-592
-743
-323
616
1881
3117
3976
4180
3641
2482
1005
-379
-1282
-1452
-911
119
1193
1845
1797
969
-391
-1890
-3090
-3653
-3492
-2769
-1871
-1208
-1105
-1628
-2616
-3738
-4581
-4895
-4618
-3914
-3087
-2400
-2032
-1972
-2100
-2227
-2197
-1960
-1542
-1065
-664
-410
-310
-272
-218
-109
17
79
16
-167
-363
-437
-242
280
1051
1881
2544
2860
2787
2423
1982
1701
1746
2151
2783
3420
3852
3951
3747
3353
2909
2509
2103
1620
994
217
-535
-1046
-1038
-328
1020
2671
4079
4762
4371
2944
779
-1543
-3312
-4003
-3390
-1716
461
2431
3524
3408
2131
146
-1887
-3369
-3962
-3672
-2797
-1844
-1248
-1288
-1947
-2951
-3955
-4562
-4619
-4211
-3552
-2940
-2536
-2369
-2361
-2361
-2258
-2031
-1722
-1428
-1200
-1035
-894
-678
-361
23
407
634
625
381
16
-245
-220
173
880
1711
2451
2924
3054
2895
2606
2346
2233
2303
2502
2747
2964
3108
3168
3182
3145
3011
2702
2128
1326
385
-514
-1191
-1512
-1409
-892
-81
834
1714
2325
2605
2459
1910
1105
175
-612
-1067
-1022
-474
419
1358
1940
1918
1186
-85
-1534
-2797
-3551
-3716
-3370
-2805
-2316
-2106
-2275
-2677
-3156
-3534
-3713
-3707
-3564
-3377
-3152
-2842
-2375
-1713
-954
-275
140
181
-107
-542
-877
-864
-389
435
1348
2013
2166
1748
913
-3
-627
-692
-142
838
1924
2769
3142
2987
2440
1744
1158
861
900
1209
1644
2051
2326
2407
2315
2068
1706
1259
742
207
-295
-688
-892
-847
-549
-25
624
1286
1840
2120
2081
1693
1075
389
-210
-563
-592
-260
302
938
1417
1551
1281
587
-363
-1368
-2217
-2742
-2916
-2764
-2449
-2117
-1929
-2013
-2347
-2891
-3492
-3983
-4225
-4107
-3627
-2838
-1882
-919
-121
378
546
406
85
-232
-379
-233
222
888
1584
2118
2328
2145
1620
915
269
-113
-132
211
764
1338
1741
1838
1635
1214
748
412
316
499
905
1404
1884
2235
2387
2316
2016
1543
968
373
-140
-491
-603
-462
-126
303
672
861
789
456
-21
-491
-804
-884
-736
-421
-63
229
365
358
251
98
-53
-243
-473
-781
-1178
-1587
-1935
-2116
-2087
-1898
-1661
-1505
-1526
-1744
-2069
-2367
-2478
-2308
-1880
-1280
-661
-156
166
311
356
399
503
668
839
953
976
938
912
968
1135
1379
1587
1639
1467
1069
571
151
-40
99
509
1034
1490
1689
1588
1236
774
381
185
223
424
683
880
957
920
803
681
565
446
277
22
-304
-662
-963
-1148
-1189
-1124
-1042
-1024
-1116
-1307
-1514
-1633
-1564
-1268
-818
-339
24
169
60
-244
-619
-916
-1026
-908
-598
-203
154
357
350
159
-155
-499
-784
-939
-937
-786
-528
-234
57
301
483
612
687
756
822
894
960
992
990
943
877
830
837
946
1148
1404
1624
1736
1690
1444
1040
542
54
-332
-560
-595
-460
-219
47
255
347
299
130
-114
-366
-571
-699
-718
-629
-461
-270
-115
-43
-72
-201
-412
-677
-959
-1203
-1383
-1506
-1578
-1610
-1606
-1559
-1460
-1305
-1129
-943
-791
-726
-755
-852
-939
-919
-730
-349
179
764
1263
1562
1593
1376
1021
661
444
447
682
1073
1482
1781
1900
1823
1588
1280
988
769
637
561
491
385
240
86
-41
-87
-34
109
307
488
612
646
572
426
226
10
-174
-324
-420
-469
-488
-479
-466
-456
-457
-494
-563
-663
-780
-882
-945
-937
-824
-603
-298
33
327
503
503
290
-120
-651
-1200
-1655
-1921
-1949
-1748
-1391
-987
-654
-489
-521
-724
-1007
-1262
-1384
-1300
-986
-479
129
738
1246
1587
1722
1660
1458
1196
967
833
832
976
1235
1539
1800
1959
1954
1781
1490
1134
794
530
373
306
290
284
232
119
-47
-232
-385
-467
-447
-322
-121
124
351
505
557
488
295
10
-321
-625
-831
-890
-793
-566
-284
-39
82
11
-255
-670
-1142
-1544
-1769
-1750
-1478
-1005
-448
58
390
455
248
-189
-755
-1315
-1745
-1952
-1903
-1634
-1209
-744
-362
-147
-143
-313
-579
-839
-969
-901
-602
-101
486
1050
1477
1695
1689
1499
1224
981
863
917
1145
1487
1840
2111
2208
2113
1846
1469
1085
782
619
603
694
824
918
909
763
496
170
-134
-360
-464
-434
-297
-118
36
116
93
-24
-208
-423
-627
-783
-885
-944
-971
-978
-972
-959
-948
-941
-941
-966
-1009
-1085
-1189
-1298
-1381
-1402
-1341
-1192
-979
-751
-566
-468
-483
-608
-794
-986
-1113
-1123
-995
-736
-394
-51
233
407
463
430
343
276
294
428
680
1004
1344
1636
1815
1853
1759
1565
1338
1137
998
957
1011
1123
1242
1313
1299
1189
993
730
456
212
39
-38
-11
106
280
462
605
679
667
568
401
206
31
-87
-127
-90
-11
70
99
35
-133
-383
-682
-970
-1207
-1358
-1412
-1402
-1371
-1366
-1415
-1519
-1654
-1772
-1830
-1781
-1627
-1394
-1146
-951
-846
-854
-960
-1110
-1238
-1284
-1211
-1033
-782
-507
-265
-86
12
43
60
97
199
379
628
929
1258
1577
1846
2044
2158
2194
2160
2067
1939
1786
1627
1477
1341
1229
1139
1057
980
901
799
664
496
302
108
-61
-164
-180
-99
60
260
456
601
670
643
531
366
194
55
-24
-39
-3
52
79
40
-80
-291
-570
-879
-1181
-1440
-1623
-1725
-1767
-1771
-1765
-1766
-1782
-1810
-1839
-1840
-1796
-1710
-1591
-1460
-1337
-1233
-1162
-1109
-1058
-991
-886
-741
-563
-374
-200
-51
53
117
175
247
349
504
714
972
1247
1509
1732
1900
2003
2032
2009
1956
1886
1820
1754
1696
1643
1597
1545
1482
1401
1292
1153
981
779
558
336
136
-18
-102
-103
-25
104
249
371
421
379
252
60
-159
-350
-476
-519
-478
-391
-294
-242
-277
-407
-635
-924
-1221
-1481
-1663
-1740
-1718
-1616
-1476
-1351
-1270
-1247
-1278
-1341
-1402
-1419
-1376
-1271
-1121
-954
-799
-677
-607
-572
-552
-525
-464
-371
-249
-113
13
108
168
199
215
248
311
420
577
773
986
1184
1350
1464
1519
1513
1461
1386
1301
1235
1206
1223
1268
1325
1370
1382
1329
1221
1061
865
663
487
365
291
276
307
360
398
410
380
306
192
58
-71
-178
-243
-260
-235
-199
-172
-173
-216
-314
-462
-626
-796
-950
-1079
-1151
-1186
-1198
-1187
-1177
-1178
-1191
-1214
-1238
-1254
-1254
-1221
-1166
-1090
-992
-891
-795
-707
-627
-549
-472
-401
-333
-267
-212
-164
-123
-90
-56
-22
24
84
166
259
357
455
550
633
700
760
812
865
921
974
1037
1103
1161
1210
1228
1225
1211
1171
1113
1037
958
880
793
704
609
506
405
299
193
85
-13
-102
-179
-235
-270
-283
-285
-282
-274
-268
-267
-271
-275
-276
-268
-258
-245
-229
-218
-217
-225
-246
-272
-309
-355
-397
-437
-467
-494
-515
-525
-531
-527
-522
-516
-503
-488
-470
-449
-435
-421
-401
-383
-360
-333
-306
-276
-248
-217
-188
-161
-132
-101
-61
-14
45
112
179
242
290
330
361
383
399
404
414
435
453
475
487
484
477
457
426
383
328
275
223
164
108
52
0
-49
-98
-143
-174
-194
-210
-216
-206
-182
-143
-106
-73
-35
4
41
77
113
144
183
212
231
249
261
267
258
233
214
192
164
133
93
62
31
0
-28
-53
-76
-97
-111
-126
-131
-127
-124
-117
-111
-105
-96
-91
-92
-95
-100
-99
-88
-80
-73
-68
-65
-60
-62
-67
-72
-77
-80
-84
-86
-87
-86
-87
-90
-94
-105
-117
-124
-127
-128
-128
-131
-128
-129
-135
-144
-154
-162
-170
-174
-176
-173
-163
-150
-137
-120
-99
-75
-46
-14
27
72
115
159
200
237
269
301
330
358
391
415
431
437
432
420
400
376
351
323
292
266
242
220
199
174
150
128
101
75
50
29
14
7
-4
-10
-13
-17
-21
-31
-40
-51
-67
-82
-98
-109
-117
-121
-125
-128
-132
-145
-167
-194
-216
-242
-265
-288
-319
-340
-354
-369
-381
-409
-431
-445
-459
-466
-483
-497
-493
-489
-481
-474
-471
-447
-416
-377
-328
-284
-231
-168
-107
-46
14
80
147
214
281
344
416
477
531
580
617
668
708
725
732
722
715
705
672
639
606
582
575
553
527
499
471
450
419
381
351
326
315
308
298
298
297
292
286
268
243
208
166
124
80
32
-15
-60
-108
-162
-217
-276
-340
-409
-489
-564
-639
-712
-779
-851
-911
-959
-1002
-1032
-1060
-1083
-1085
-1084
-1078
-1067
-1061
-1036
-999
-960
-902
-839
-768
-679
-585
-486
-388
-291
-186
-80
22
119
214
306
397
482
558
635
699
749
794
826
859
887
899
906
905
904
906
891
869
849
829
819
809
792
777
761
747
734
714
697
679
662
645
627
604
576
543
510
470
418
361
296
227
158
84
9
-65
-141
-217
-297
-382
-470
-563
-659
-753
-840
-922
-1001
-1069
-1130
-1188
-1241
-1286
-1318
-1339
-1345
-1341
-1322
-1296
-1262
-1215
-1159
-1094
-1018
-932
-836
-733
-629
-522
-415
-308
-199
-94
10
108
204
295
379
459
526
587
640
687
728
763
791
817
843
868
892
906
915
922
922
917
913
907
902
901
899
894
881
868
850
830
810
784
755
724
686
646
600
551
495
434
364
287
205
117
26
-65
-157
-250
-345
-444
-543
-643
-743
-836
-919
-1003
-1074
-1139
-1192
-1223
-1254
-1272
-1277
-1268
-1231
-1187
-1137
-1073
-1005
-924
-836
-752
-658
-559
-458
-351
-251
-152
-59
28
104
172
237
291
341
377
407
433
451
467
477
478
477
469
464
456
441
428
421
418
422
421
421
429
437
446
454
462
479
501
518
536
542
541
536
521
507
486
461
436
404
371
333
282
230
177
121
62
-1
-62
-119
-176
-232
-287
-339
-388
-433
-478
-516
-536
-560
-577
-590
-603
-596
-592
-593
-578
-560
-523
-481
-444
-401
-361
-320
-275
-236
-199
-161
-119
-74
-30
11
45
76
104
122
140
156
167
175
174
179
183
183
185
180
175
174
169
165
159
153
150
145
141
137
133
126
123
121
124
123
121
125
126
128
122
116
113
108
99
85
69
60
51
40
27
13
3
-9
-26
-45
-62
-77
-91
-102
-107
-109
-106
-106
-111
-118
-126
-127
-130
-126
-116
-105
-92
-80
-71
-63
-55
-45
-34
-22
-11
3
15
27
38
46
52
60
68
71
75
82
84
86
87
86
89
90
85
78
71
62
51
42
33
29
26
20
15
9
-2
-13
-27
-40
-48
-55
-57
-57
-55
-51
-50
-52
-55
-59
-64
-68
-66
-63
-58
-53
-50
-44
-39
-38
-38
-40
-42
-42
-43
-44
-40
-37
-30
-26
-23
-20
-20
-22
-26
-30
-32
-32
-27
-22
-11
1
12
21
29
37
46
56
66
77
89
99
108
116
122
127
131
131
130
127
123
122
119
116
110
103
95
85
73
62
50
38
25
18
9
3
-5
-14
-21
-26
-33
-42
-52
-62
-73
-82
-93
-103
-112
-117
-121
-126
-131
-135
-141
-145
-145
-145
-143
-140
-135
-132
-128
-125
-124
-117
-110
-102
-95
-88
-82
-74
-63
-54
-45
-36
-26
-16
-9
0
8
16
28
42
59
73
85
96
105
111
120
131
141
151
162
174
183
192
197
198
199
199
198
197
193
190
186
180
174
166
153
143
128
112
95
74
57
39
23
8
-6
-20
-38
-58
-75
-96
-119
-143
-163
-178
-191
-201
-212
-218
-225
-230
-232
-237
-239
-239
-235
-227
-220
-210
-200
-190
-178
-166
-157
-146
-129
-114
-96
-85
-71
-55
-42
-31
-22
-13
-3
5
14
24
38
53
64
78
92
106
115
126
135
146
159
169
181
192
205
216
224
233
236
241
242
243
242
238
234
230
226
220
209
196
184
169
150
129
107
84
61
41
19
-3
-24
-43
-67
-95
-119
-141
-164
-185
-205
-222
-234
-245
-254
-259
-263
-263
-261
-262
-258
-252
-246
-236
-225
-215
-203
-188
-171
-155
-141
-128
-114
-101
-86
-71
-54
-39
-23
-9
3
15
25
34
43
52
61
70
79
89
100
111
121
128
135
142
150
162
170
181
190
197
206
211
212
214
213
215
214
210
207
204
198
190
177
162
148
131
115
96
74
53
27
5
-17
-36
-55
-75
-93
-109
-126
-145
-164
-182
-194
-202
-206
-209
-209
-208
-205
-200
-195
-187
-182
-175
-164
-152
-143
-133
-120
-106
-91
-80
-68
-56
-45
-37
-28
-18
-5
5
11
20
27
32
36
36
36
42
48
52
57
62
66
68
69
69
72
76
81
87
97
105
110
115
121
126
127
128
127
124
122
117
111
106
99
92
84
74
64
52
39
25
13
1
-12
-23
-34
-44
-52
-60
-70
-78
-85
-89
-95
-100
-102
-105
-102
-98
-97
-92
-88
-85
-77
-76
-74
-68
-61
-54
-46
-38
-28
-20
-14
-9
-8
-4
-1
0
2
3
4
6
6
5
8
7
6
6
8
11
16
19
25
32
35
35
35
34
33
34
37
43
45
45
45
46
46
44
42
41
40
39
39
37
37
33
32
30
28
24
20
18
15
8
1
-5
-11
-19
-25
-32
-37
-41
-47
-50
-51
-50
-51
-53
-54
-55
-51
-48
-45
-41
-39
-33
-30
-25
-20
-18
-15
-11
-6
-1
2
5
8
13
15
18
21
19
20
21
22
24
24
21
18
17
17
15
15
16
18
19
18
16
16
15
11
8
8
8
6
7
10
14
17
15
16
15
14
12
8
6
6
5
3
0
0
-1
-3
-6
-8
-7
-8
-14
-19
-22
-26
-28
-29
-32
-33
-32
-32
-32
-34
-33
-36
-36
-34
-31
-26
-21
-15
-12
-7
-4
-1
3
5
8
11
15
18
22
26
31
34
36
35
30
25
22
24
25
25
23
22
25
25
22
18
15
11
9
8
4
5
7
7
5
7
8
4
3
1
1
1
2
2
-1
-2
-3
-5
-8
-10
-12
-13
-15
-16
-15
-16
-17
-20
-23
-23
-30
-33
-34
-33
-32
-30
-29
-26
-22
-19
-16
-15
-15
-17
-18
-19
-18
-12
-6
-1
6
10
13
15
14
14
16
14
15
19
23
24
