-5
-23
-28
-32
-41
-34
-28
-24
-12
-14
-23
-19
-30
-15
-14
-16
-14
-32
-32
-37
-35
-35
-25
-45
-33
-49
-43
-23
-23
9
10
23
18
28
11
24
14
15
24
9
27
3
23
12
27
18
24
15
17
23
19
33
11
26
2
8
2
5
8
17
9
15
16
-3
0
-18
-22
-6
0
16
32
33
29
24
17
19
28
25
34
18
23
-6
-8
-14
-15
6
12
29
17
14
-7
0
-11
10
11
5
-1
-32
-35
-51
-48
-34
-22
-18
-5
-19
-19
-22
-19
-10
13
8
30
6
8
-4
-15
12
-3
24
10
19
-10
7
-10
11
5
7
9
-15
-11
-26
-17
-5
8
3
19
-8
0
-26
-31
-36
-33
-29
-39
-24
-39
-13
-44
-6
-32
14
14
15
16
6
-7
-10
-10
-11
28
9
19
-3
-5
-27
-6
-17
11
4
-1
-10
-35
-2
-38
5
-30
-9
-28
-37
-41
-56
-24
-63
-12
-61
-15
-25
-13
15
0
38
7
12
1
16
17
21
26
3
15
-13
-16
-12
-17
6
-22
-4
-7
8
32
5
40
-3
23
-12
7
7
-2
3
-55
-26
-77
-24
-49
-10
12
8
26
-10
23
-3
38
14
38
31
21
10
-15
-6
-10
1
-1
10
4
2
-36
-15
-38
18
12
51
45
45
43
-6
18
-6
44
21
32
16
6
5
-17
0
18
27
41
10
35
16
45
38
50
73
47
67
9
51
5
23
11
1
30
6
20
-15
14
-6
23
22
21
40
7
-4
-38
-28
-20
-21
10
-2
17
-12
-35
-44
-26
2
12
35
5
14
-21
-18
-3
19
58
48
24
8
-31
-15
-26
-7
24
16
-2
-23
-6
-24
27
14
41
39
9
14
-52
6
-24
7
8
3
23
-6
10
-23
25
-11
24
24
12
73
12
50
-2
15
16
-11
1
-2
3
-34
-16
-35
-12
10
-11
11
-21
-17
-17
-23
12
-4
7
-39
-65
-78
-48
-59
-18
-9
-34
-28
-79
-47
-77
-17
-36
-10
-6
-19
-14
-54
-4
-52
1
-42
-31
-43
-52
-42
-51
-47
-51
-24
-27
23
-1
25
5
-13
6
11
23
13
24
-11
8
3
-1
27
-10
17
-20
-5
26
43
61
57
97
42
56
43
28
41
38
49
25
30
18
-11
36
8
45
33
31
56
11
95
21
62
33
28
15
32
48
29
62
-3
13
-27
12
-20
12
21
13
19
7
7
-10
27
-8
3
-1
-30
16
-31
-14
1
-34
-51
-87
-36
-36
-32
-6
-20
-31
-74
-55
-45
-8
-21
-30
-22
-48
-34
-51
-15
-46
-63
-52
-53
-41
1
5
-14
10
-41
-30
-35
-39
-4
-2
9
1
-46
-40
-49
-43
-10
8
35
-22
2
-39
1
-12
1
0
-19
33
-8
29
-16
5
-21
-26
-9
1
35
-7
-16
3
43
-7
25
48
15
25
28
28
47
34
43
9
24
-3
-7
-13
9
50
35
101
23
50
23
25
33
73
59
38
53
-21
-11
-7
-13
-20
-18
-5
7
-25
-20
-20
15
-33
9
-11
-16
-14
-65
-15
-29
-10
-26
-32
-20
-27
-19
-63
-19
-37
-42
45
21
20
-2
-54
-62
-53
7
32
36
-10
-56
-43
-42
-20
30
4
26
18
4
63
36
81
27
28
8
61
46
37
91
29
39
-28
-46
32
-9
16
73
55
57
4
-30
22
21
14
17
73
36
15
4
34
-5
-64
-25
-41
0
31
38
4
11
-98
-45
-56
-23
5
13
14
-34
8
-58
-53
-46
-52
7
21
62
8
11
36
-45
1
-8
33
24
41
38
6
5
-35
-44
-25
7
9
32
-37
16
-2
11
-65
-6
-17
-40
37
33
50
-16
-41
-28
-27
11
12
19
-19
-6
59
41
-35
-54
-48
1
25
45
65
-16
-42
-95
-15
64
50
-17
-38
-20
-22
-26
-6
-1
-16
-38
-9
64
9
-8
-36
-31
-2
-31
67
17
44
-38
-50
-47
-46
-4
18
86
37
3
-35
-32
-32
49
13
32
50
25
-8
-43
-23
-49
-42
-15
41
31
17
-48
-41
-43
-17
20
-23
-50
-37
21
-6
-11
-15
-36
-105
-51
2
68
19
9
-44
-4
52
-6
54
-7
15
4
3
84
58
26
-90
-35
9
-15
53
49
15
-40
-39
11
41
-18
6
-17
12
11
-1
41
12
-9
-58
-32
-7
70
3
-48
48
12
-18
-18
-18
10
17
-49
24
41
7
-26
-8
7
-21
-10
-48
14
23
21
-10
-29
18
-38
-76
15
19
-9
16
-15
31
39
-77
-53
57
-8
-11
-18
48
16
-19
-1
26
63
-17
-85
-15
81
17
1
-10
82
10
-63
-56
31
45
9
56
55
67
-104
-77
-22
29
117
-9
-26
3
5
6
-20
3
-24
-62
-18
108
141
60
-62
-116
-80
12
102
76
59
-87
-103
-46
2
46
-14
-40
-61
-27
-69
23
47
-28
-102
-99
10
37
-20
5
5
-48
-10
-61
12
91
15
-60
-63
-25
-3
21
21
24
20
-40
-15
-16
-2
-35
-72
-99
-41
28
36
-19
-79
-29
-86
-58
47
83
58
46
58
76
27
-6
55
84
74
116
105
84
0
-27
-16
38
25
8
45
47
45
-11
-6
-69
-36
-11
58
93
77
74
24
11
12
66
71
77
45
129
142
67
13
11
24
8
20
55
58
36
2
-8
3
-37
-72
-83
-65
22
92
64
7
-27
-28
-50
-86
3
85
84
63
68
65
-9
-39
-19
33
78
101
47
-34
-40
-43
-56
-48
-70
-51
-67
-87
-80
-74
-98
-112
-88
-109
-62
-2
-38
-65
-47
-63
-40
-59
-33
-8
-5
5
-53
-87
-72
-65
-63
-55
-76
-79
-120
-115
-82
-94
-129
-104
-94
-118
-54
17
11
-77
-51
22
45
86
129
116
125
107
125
192
197
168
166
158
142
186
182
114
53
10
11
41
73
91
70
-14
-119
-144
-60
26
37
75
63
5
-5
40
91
100
58
89
113
117
176
169
124
44
61
96
159
164
159
147
105
99
102
108
95
51
3
20
37
12
-46
-135
-182
-197
-219
-207
-169
-179
-229
-257
-281
-254
-225
-228
-218
-179
-144
-125
-124
-72
-98
-110
-111
-86
-32
-42
-42
-75
-151
-210
-242
-259
-238
-260
-267
-283
-294
-323
-334
-332
-309
-265
-233
-184
-144
-110
-103
-116
-67
-18
-1
53
86
90
79
61
73
87
97
133
144
143
134
152
188
203
194
185
200
176
164
181
166
168
114
41
42
69
91
92
103
126
127
155
202
285
344
380
392
412
466
487
508
512
531
542
522
488
480
451
382
314
282
249
195
140
100
72
7
-24
-49
-43
-47
-51
-56
-19
12
34
63
89
120
123
165
205
241
223
186
163
143
92
59
35
-41
-116
-192
-251
-318
-400
-479
-524
-574
-581
-596
-602
-582
-608
-616
-604
-569
-530
-512
-493
-441
-404
-391
-364
-317
-283
-288
-285
-257
-243
-263
-287
-334
-350
-354
-382
-374
-352
-356
-381
-377
-329
-270
-239
-209
-145
-86
-55
-27
1
15
7
-11
-2
-5
-31
-92
-143
-163
-131
-113
-106
-99
-50
-19
15
99
188
259
298
335
395
479
547
587
633
688
714
729
770
831
873
895
887
879
872
822
774
727
676
605
553
529
485
461
439
400
374
375
369
348
341
352
374
442
491
537
609
651
618
587
548
487
418
341
275
222
156
84
49
33
3
-57
-103
-105
-108
-115
-166
-220
-269
-324
-345
-367
-378
-423
-508
-589
-647
-679
-692
-723
-736
-758
-812
-860
-888
-901
-958
-1061
-1147
-1228
-1293
-1305
-1267
-1215
-1130
-1039
-942
-836
-782
-767
-794
-882
-962
-1029
-1057
-1126
-1250
-1348
-1442
-1548
-1664
-1745
-1735
-1664
-1545
-1331
-890
-157
651
1414
2139
2789
3301
3663
3907
4081
4039
3624
2950
2256
1645
1029
250
-607
-1386
-2127
-2725
-3090
-3177
-3078
-2968
-2808
-2368
-1684
-939
-258
386
1011
1571
2049
2641
3315
3813
4061
4028
3919
3776
3405
2859
2211
1409
467
-469
-1172
-1647
-2076
-2511
-2717
-2608
-2227
-1687
-1090
-429
139
619
1096
1596
1998
2129
1984
1756
1510
1210
840
451
67
-346
-726
-985
-1106
-1232
-1478
-1805
-2090
-2361
-2637
-2872
-3028
-3142
-3249
-3345
-3332
-3186
-3006
-2871
-2708
-2419
-2016
-1626
-1150
-417
560
1746
2971
4099
5100
5836
6268
6475
6496
6248
5539
4440
3214
2068
922
-300
-1542
-2714
-3700
-4467
-4887
-4853
-4528
-4091
-3507
-2699
-1598
-342
851
1931
2910
3663
4202
4556
4733
4713
4364
3817
3210
2548
1845
1020
37
-1024
-2095
-3068
-3808
-4373
-4727
-4696
-4335
-3649
-2678
-1507
-220
1004
2106
3116
3939
4414
4491
4209
3792
3262
2543
1777
998
254
-423
-991
-1343
-1552
-1732
-1891
-1937
-1821
-1577
-1333
-1088
-868
-714
-587
-532
-512
-547
-714
-944
-1198
-1426
-1600
-1809
-2050
-2330
-2678
-3002
-3271
-3503
-3656
-3758
-3794
-3842
-3963
-3906
-3715
-3545
-3258
-2922
-2477
-1847
-1241
-319
1255
2974
4450
5543
6351
7189
7730
7805
7755
7361
6328
4703
2909
1552
259
-1521
-3421
-5046
-6251
-6974
-7228
-6855
-5989
-5132
-4131
-2614
-619
1515
3206
4455
5458
6075
6393
6581
6561
6213
5415
4259
3195
2287
1304
175
-1213
-2706
-4093
-5221
-5846
-5913
-5554
-4925
-4026
-2758
-1221
416
1945
3309
4447
5344
5958
6298
6363
6049
5403
4508
3480
2416
1360
341
-609
-1402
-1949
-2308
-2394
-2205
-1873
-1448
-945
-447
-25
295
448
469
363
173
-4
-218
-425
-696
-1006
-1244
-1537
-1874
-2283
-2763
-3286
-3828
-4311
-4680
-4819
-4813
-4708
-4410
-3894
-3247
-2836
-2690
-2476
-2081
-1533
-389
1730
4028
5794
6833
7398
8098
8533
8418
8176
7639
6336
4302
2239
878
-426
-2437
-4679
-6450
-7543
-8131
-8247
-7595
-6420
-5417
-4313
-2420
43
2271
3742
4646
5329
5602
5550
5463
5158
4346
2975
1417
182
-816
-2060
-3467
-4887
-6258
-7379
-8001
-7934
-7417
-6818
-5803
-4200
-2457
-404
1472
2983
4484
5554
6364
7064
7249
6791
5758
4548
3356
1992
532
-830
-2114
-3047
-3475
-3522
-3122
-2540
-1909
-1074
-82
1008
1966
2563
2886
2806
2475
2172
1847
1454
893
283
-259
-715
-1106
-1586
-2154
-2728
-3296
-3692
-3875
-3884
-3782
-3617
-3431
-3218
-2883
-2450
-2004
-1532
-1076
-856
-688
-428
-165
451
2122
4508
6616
7960
8437
8602
8786
8639
8394
8188
7325
5350
2877
1047
-169
-1826
-4174
-6347
-7747
-8368
-8309
-7448
-5876
-4388
-3280
-1783
559
2978
4576
5376
5694
5696
5353
4905
4628
4035
2707
992
-470
-1485
-2473
-3672
-4860
-6060
-7214
-7799
-7601
-6731
-5628
-4495
-2913
-1037
884
2709
4122
5179
5855
6097
6337
6467
5940
4847
3449
1955
458
-1092
-2537
-3716
-4600
-4932
-4467
-3396
-2010
-652
607
1832
2868
3619
3992
3948
3503
2782
2155
1742
1313
620
-222
-1013
-1847
-2679
-3385
-3959
-4497
-4945
-5179
-5009
-4518
-4072
-3652
-3331
-3082
-2947
-2974
-2787
-2440
-2055
-1466
-1097
-1193
-1203
-1156
-818
929
3680
6162
7868
8246
7921
7830
7631
7390
7119
6087
4076
1611
-365
-1472
-2861
-5186
-7545
-9232
-9929
-9567
-8404
-6553
-4711
-3520
-1999
496
3282
5398
6273
6267
5863
5120
4376
3942
3263
1874
-18
-1709
-2688
-3390
-4261
-5295
-6455
-7529
-8009
-7616
-6445
-4887
-3416
-1868
120
2351
4442
5954
6709
6741
6220
5717
5402
4896
3960
2570
914
-586
-1694
-2609
-3331
-3712
-3697
-3000
-1514
519
2516
4054
5070
5598
5909
6060
5890
5346
4455
3404
2376
1473
530
-666
-2055
-3461
-4613
-5318
-5547
-5471
-5176
-4574
-3712
-2614
-1522
-644
-176
-303
-675
-1244
-1747
-1967
-2299
-2463
-2421
-2269
-1868
-1943
-2484
-2790
-3069
-2567
-101
3379
6483
8507
9035
9070
9163
8792
8460
8038
6477
3677
559
-1504
-2656
-4589
-7458
-9988
-11565
-11952
-11137
-9296
-6673
-4405
-2816
-507
2891
6134
8136
8625
8192
7350
6290
5663
5435
4596
2698
301
-1682
-3006
-4359
-5981
-7563
-9100
-10168
-10013
-8461
-5941
-3383
-1368
557
2750
5062
6937
7942
8077
7286
6116
5377
5056
4670
3806
2230
221
-1454
-2483
-3055
-3280
-3239
-2794
-1689
317
2839
5073
6607
7054
6636
6000
5291
4483
3371
1934
422
-981
-2022
-2822
-3711
-4805
-6008
-6892
-7116
-6676
-5771
-4703
-3512
-2216
-953
281
1143
1191
497
-612
-1778
-2664
-3171
-3403
-3558
-3737
-3887
-3985
-4115
-4469
-5003
-5526
-5058
-2031
2588
6775
9666
10651
10600
10245
9406
8962
8832
7276
3818
106
-2227
-3386
-5223
-8279
-11037
-12778
-13317
-12169
-9414
-5732
-2731
-901
1533
5138
8540
10653
11242
10709
9480
7853
6814
6533
5502
2923
-362
-3151
-5158
-6931
-8618
-9902
-10899
-11331
-10271
-7487
-3894
-707
1467
3051
4520
5873
7224
8249
8547
7984
7026
6514
6382
5997
4850
2801
183
-2395
-4087
-4456
-3873
-2914
-1643
223
2487
4793
6606
7321
6837
5305
3428
2023
1192
605
-207
-1170
-2013
-2849
-3714
-4612
-5605
-6640
-7419
-7452
-6570
-5076
-3411
-1906
-539
493
975
835
171
-882
-2400
-3850
-4798
-5298
-5361
-5220
-4947
-4507
-4394
-4707
-5044
-5298
-5411
-3587
966
5817
9496
11180
11176
10961
10179
9080
8871
8506
6107
2096
-1309
-2880
-4213
-7168
-10669
-13091
-14261
-13932
-11866
-8173
-4199
-1756
95
3247
7225
10136
11340
11203
10138
8502
6883
6237
5855
4028
800
-2609
-5222
-7161
-9124
-10687
-11623
-12246
-11780
-9398
-5611
-1759
971
2720
4265
5635
6813
7981
9183
9823
9579
8976
8449
7474
5525
3139
715
-1401
-2873
-3461
-2915
-1686
-437
664
1852
3033
3694
3895
3963
3819
3277
2614
2219
1916
1445
663
-351
-1442
-2751
-4121
-5104
-5505
-5508
-5152
-4305
-3109
-1882
-891
-97
589
1075
1088
715
279
-548
-1713
-2742
-3781
-4697
-5250
-5649
-5694
-5432
-5206
-4719
-4035
-3576
-3009
-2357
-1206
2259
7272
11532
14109
14072
12264
10222
8098
6793
6633
5573
2312
-1803
-4701
-5919
-7194
-9664
-12050
-13406
-13343
-11279
-7347
-2244
2142
4316
5739
7978
10167
11403
11407
10200
8407
6374
4756
4134
3092
246
-3917
-8134
-11242
-13011
-13724
-13264
-12086
-10663
-8365
-4950
-1104
2229
4118
4814
5309
5755
6650
8246
9662
10086
9265
7750
5961
3624
992
-1437
-3522
-4888
-5386
-4993
-3724
-2443
-1805
-1421
-854
-96
764
1893
3124
3886
4077
3845
3351
2626
1554
162
-1282
-2418
-3246
-3680
-3661
-3684
-3967
-4208
-4057
-3519
-2692
-1772
-978
-358
-283
-548
-902
-1646
-2743
-4042
-5199
-5807
-5789
-5396
-4725
-3871
-3400
-3050
-2458
-1850
-1067
-324
148
1643
5380
9540
12138
12373
10104
7065
4348
2541
2743
3724
2955
-49
-3319
-4774
-5147
-6511
-8713
-10380
-10930
-9846
-6700
-1784
3347
6133
6446
6823
8250
9765
10404
9885
8556
6685
4739
3568
2779
841
-2758
-6963
-10105
-11313
-11009
-9742
-7839
-6215
-4946
-3202
-896
1507
3197
3909
4426
5506
7228
9353
11345
12386
11633
9372
6825
4159
1500
-814
-2823
-4128
-4616
-4437
-3718
-2957
-2642
-2770
-2645
-1720
-113
1701
3390
4851
5563
5540
5218
4591
3618
2433
1292
446
4
-599
-1709
-3084
-4714
-6166
-6727
-6237
-4912
-3354
-2068
-1167
-846
-1082
-1587
-2293
-3162
-3861
-4205
-3843
-2733
-1878
-1456
-1449
-1919
-2467
-3012
-3064
-2702
-2132
-1632
-1398
-1242
-280
2785
6274
8034
7352
4570
2008
729
668
2414
4947
5595
3294
-40
-2229
-3289
-5070
-7841
-9508
-9060
-6611
-2811
1342
4646
5029
2694
563
227
1241
2601
3568
4037
4157
3740
3234
2991
1827
-869
-4095
-6294
-6517
-5181
-3246
-1622
-1166
-1769
-2601
-2844
-2117
-1071
-235
675
1980
3651
5293
6414
6875
6529
5415
4395
3621
2933
2472
1763
1108
928
745
311
-231
-698
-913
-893
-681
-360
-295
-374
-336
-165
489
1236
1625
1896
2003
1955
1732
1144
273
-690
-1686
-2312
-2365
-2073
-1613
-1445
-1880
-2682
-3622
-4191
-4036
-3517
-2906
-2381
-1842
-1184
-760
-935
-1505
-2364
-3235
-3402
-3366
-2970
-2198
-2032
-2016
-2021
-2105
-2000
-648
2305
4797
5620
4528
2690
1817
1932
3377
6409
9156
8836
5505
1970
-88
-1324
-3003
-4458
-4440
-3235
-1788
-661
30
-709
-3628
-6806
-7569
-5458
-1823
1825
4528
6000
6130
5165
4239
3715
2829
1721
1164
1679
2908
3558
3019
1141
-1974
-5290
-7549
-8173
-7317
-5966
-4911
-3940
-2943
-1925
-784
110
1164
2951
4830
6783
8512
8994
8413
7147
5820
5300
5122
4537
3330
1587
-418
-2487
-4339
-5668
-6519
-6825
-6077
-4400
-2503
-1005
-307
-112
137
730
1840
3360
4662
4989
4078
2435
791
-701
-2038
-2979
-3628
-4110
-4349
-4448
-4432
-4595
-5176
-5704
-5641
-4851
-3764
-2927
-2632
-2914
-3438
-3788
-3509
-2680
-1811
-1220
-1076
-1358
-1936
-2582
-1361
2069
4836
5872
5278
4244
4313
4896
6153
8664
10104
8166
4243
1305
815
1198
415
-675
-1217
-1900
-2872
-3929
-4769
-5817
-7620
-8188
-5585
-1001
3350
5997
6528
5580
3730
2216
2612
4396
6004
6794
6809
6358
5205
2808
-157
-3054
-5715
-7238
-7247
-6049
-4541
-4016
-4585
-5356
-5699
-5112
-3283
-1107
1676
4748
6708
8067
8467
7853
7248
6827
6855
7343
7299
5995
3670
943
-1384
-2995
-3984
-4291
-4682
-5253
-5397
-5343
-5012
-4520
-3787
-2255
-64
2139
3932
4945
4681
3190
1371
321
376
965
1528
1593
646
-1160
-3339
-4978
-5624
-5753
-5523
-4940
-4151
-3647
-4105
-5152
-5955
-6397
-6096
-4947
-3490
-1988
-878
-810
-1175
-1432
-1947
-2181
-255
4044
7783
9040
7630
5165
3606
2950
3734
6782
9765
9363
5890
2769
1728
1043
-966
-3124
-3969
-4246
-4861
-5513
-5386
-5426
-6691
-7450
-5805
-2623
-198
579
355
-128
-730
-626
1423
4741
7367
8132
7408
6050
3982
1488
-48
-348
-250
-344
-773
-1438
-2630
-4557
-6686
-8138
-8487
-7873
-6176
-3840
-1567
13
726
1342
2087
3108
4637
6449
8125
9033
8805
7928
6941
5943
5055
4226
3049
1395
-634
-2589
-3813
-4269
-4292
-4109
-3606
-2835
-2260
-2040
-2003
-1931
-1566
-903
208
1840
3430
4312
4311
3552
2365
1139
145
-178
-62
-287
-941
-1996
-3287
-4260
-5199
-5816
-5710
-5170
-4210
-3248
-2789
-3026
-3735
-4564
-4762
-4102
-2909
-1502
351
3718
6631
7042
5497
3371
2634
3568
5601
8891
11977
11879
8176
4073
2362
2297
1580
323
-152
-541
-1924
-4091
-5908
-7131
-8698
-9913
-9029
-6674
-5182
-5354
-5878
-5501
-4361
-2859
-415
2728
4926
5584
5413
5382
5617
5650
6007
7179
7923
6920
4332
1157
-1812
-4336
-6051
-6514
-6241
-6194
-6454
-6861
-6918
-6424
-6031
-5079
-3413
-1785
69
2206
4391
6137
7022
7490
8154
8725
8657
7822
6418
4875
3097
1511
958
819
127
-1389
-3173
-4452
-5194
-5472
-4955
-3700
-2316
-1464
-1219
-978
-830
-1014
-953
-280
607
1062
965
624
113
-699
-1541
-1888
-1754
-1615
-1933
-2351
-2383
-2480
-2648
-2428
-1974
-1834
-2041
-2394
-2683
-2496
-2210
-1930
-1422
-475
1566
3227
2858
958
-946
-895
1286
4331
7689
10268
9738
6186
3031
2742
4489
5639
5443
5167
4658
3030
439
-1894
-3224
-4658
-6189
-6207
-5147
-5046
-6471
-8021
-8200
-6947
-5186
-2957
-319
1557
2076
2034
2740
4255
5662
6809
7722
7807
6671
4794
3229
2320
1629
748
114
-372
-1312
-2520
-3671
-4090
-3922
-3609
-2873
-1934
-1089
-272
481
1306
2011
2328
2579
2955
3064
2813
2266
1761
1496
1301
1442
1790
1660
778
-427
-1043
-672
193
1112
1902
2116
1456
393
-340
-447
-371
-582
-1047
-1630
-2466
-3744
-5097
-5817
-5971
-5891
-5445
-4625
-3951
-3832
-4102
-4151
-3523
-2603
-1697
-899
-341
-176
-681
-1306
-1377
-1128
-790
-613
83
1729
2445
1274
-824
-2074
-1111
1147
3486
5804
7006
5587
2568
908
2068
4467
5358
4778
4200
3229
1251
-1207
-3038
-3813
-4610
-5345
-4890
-4139
-4617
-6085
-6947
-6123
-4267
-2796
-1588
-366
265
471
923
2132
3677
4534
4993
5503
5428
4452
3047
2137
2120
2117
1629
1038
440
-293
-1293
-2070
-1920
-1354
-1089
-863
-700
-555
-210
298
1235
2180
2396
1996
1515
1270
1296
1482
1870
2277
2363
2280
2238
2049
1566
990
806
1319
2114
2588
2585
2044
1051
17
-448
-291
-132
-517
-1437
-2373
-3102
-3540
-3713
-3731
-3557
-3370
-3262
-3063
-2870
-2992
-3345
-3460
-3169
-2564
-1936
-1679
-1816
-2172
-2644
-3079
-3093
-2648
-2052
-933
1115
3083
3402
1975
496
631
2450
4802
6860
8055
7427
4964
2547
2273
3670
4457
3815
2752
1796
424
-1401
-3021
-4044
-4796
-5439
-5313
-4256
-3562
-4139
-4972
-4769
-3741
-2638
-1911
-1564
-1430
-1406
-1021
54
1349
2171
2398
2719
3242
3376
3073
2787
2916
3251
3456
3215
2603
1952
1404
1064
1212
1719
1752
1166
267
-731
-1237
-1083
-691
-200
-155
-722
-1488
-1910
-1491
-648
269
1118
1421
1305
1240
1205
1257
1309
1177
1183
1625
2124
2340
2188
1601
750
-167
-807
-1054
-1169
-1260
-1389
-1631
-1842
-2113
-2530
-2956
-3294
-3586
-3794
-3848
-3739
-3603
-3739
-3986
-4027
-3871
-3535
-3427
-3792
-4085
-4059
-3659
-2825
-1698
-601
646
2534
4307
4672
3583
2396
2522
4061
5976
7778
8939
8272
5606
2847
2318
3845
5047
4607
3423
2170
621
-939
-1842
-1967
-2106
-2623
-2709
-2052
-1687
-2438
-3683
-4342
-4266
-3855
-3233
-2568
-2444
-2931
-3243
-2701
-1563
-658
-244
115
553
876
1352
2123
2976
3590
3801
3884
3833
3527
3053
2829
2865
2842
2548
1842
907
-161
-1046
-1234
-776
-511
-932
-1998
-3022
-3242
-2524
-1234
39
707
656
285
21
143
478
773
1103
1790
2568
3045
2844
1924
726
-258
-751
-653
-54
445
570
261
-264
-864
-1576
-2283
-2738
-2835
-2681
-2525
-2756
-3192
-3823
-4491
-4754
-4533
-4012
-3590
-3558
-3773
-3854
-3769
-3379
-2818
-2040
-1210
-266
1418
3178
3620
2493
1127
1115
2949
5244
7164
8233
7521
5054
2482
1975
3747
5545
5608
4570
3243
1879
555
-425
-700
-774
-1252
-1703
-1670
-1739
-2578
-4094
-5230
-5378
-4907
-4223
-3722
-3842
-4486
-4934
-4527
-3286
-1942
-1087
-665
-498
-361
156
1142
2353
3249
3536
3546
3481
3261
3210
3411
3658
3826
3902
3796
3187
1976
546
-360
-293
322
500
264
-253
-971
-1243
-734
172
738
536
-193
-544
-150
590
1171
1440
1603
1648
1647
1673
1489
943
331
39
298
931
1330
1186
527
-379
-1022
-1138
-914
-753
-855
-1148
-1391
-1615
-2002
-2582
-3192
-3464
-3334
-3006
-2962
-3494
-4407
-5273
-5614
-5317
-4490
-3671
-3049
-2842
-2199
-578
949
1238
332
-192
842
3205
5523
7361
8013
6733
3978
1989
2828
5478
7096
6367
4420
2413
848
-68
-6
719
870
-95
-1240
-1712
-1967
-2870
-4354
-5248
-4856
-3641
-2386
-1834
-2478
-3872
-5047
-5132
-3899
-2163
-947
-805
-1431
-1964
-1567
-300
1063
1883
2118
2214
2505
3225
4202
4974
4986
4348
3523
3228
3214
2663
1860
1332
1227
1336
1385
993
271
-850
-1893
-2108
-1369
-322
127
-46
-354
-466
-301
205
771
1245
1314
863
339
-11
-137
-147
-114
17
257
281
-36
-563
-1042
-1219
-1133
-895
-565
-313
-388
-791
-1325
-1759
-2000
-2184
-2351
-2542
-2882
-3554
-4380
-4972
-5069
-4773
-4342
-3941
-3537
-3272
-3274
-3285
-2779
-1196
743
1909
1884
1342
1157
1833
3143
4899
6433
6471
4838
2895
2566
4031
5556
5635
4536
2993
1645
992
1177
1961
2331
1457
-70
-1014
-1158
-978
-1048
-1453
-1770
-2015
-2261
-2434
-2753
-3458
-4353
-4869
-4270
-2676
-1228
-844
-1509
-2432
-2522
-1489
334
2384
3689
3887
3365
2755
2771
3374
3959
4260
4147
3602
2902
2191
1562
1089
628
337
452
788
1066
988
487
81
97
594
1321
1609
1131
200
-589
-659
-21
682
815
163
-870
-1563
-1626
-1102
-396
-156
-444
-878
-966
-439
321
812
1041
1213
1378
1416
1029
192
-928
-1894
-2151
-1732
-1346
-1828
-3269
-4962
-5952
-5959
-5247
-4306
-3664
-3587
-3926
-4255
-4092
-3547
-2875
-2190
-1353
-169
808
893
180
-531
-554
369
1802
3483
4664
4396
2681
917
625
1955
3618
4411
4338
3536
2309
1129
543
686
981
920
689
671
538
-269
-1817
-3374
-4114
-3939
-3120
-2223
-1834
-2248
-3280
-4205
-4157
-2991
-1487
-481
-266
-443
-393
33
713
1424
1852
1839
1616
1543
1870
2161
1964
1500
1176
1296
1689
1999
2132
2110
1908
1888
2279
2956
3500
3476
2978
2460
2181
2116
2187
2297
2307
1990
1274
555
46
-252
-363
-393
-319
-170
-129
-180
-64
280
776
1228
1491
1563
1401
1075
717
477
402
383
304
-6
-605
-1561
-2574
-3277
-3447
-3165
-2687
-2368
-2434
-2730
-3033
-3137
-3091
-3011
-2842
-2508
-2139
-2119
-2409
-2761
-2981
-2540
-1564
-584
-176
-435
-889
-821
-130
940
2341
3482
3874
3475
3014
3246
3974
4431
4379
4056
3619
3108
2506
2047
1593
664
-670
-1731
-2065
-1930
-2012
-2528
-3163
-3741
-4080
-4009
-3494
-2890
-2591
-2682
-2783
-2491
-1876
-1211
-687
-369
-287
-300
-252
-154
-115
-260
-591
-780
-610
-97
404
562
391
216
416
900
1460
1906
2080
2011
1919
1980
2252
2570
2633
2414
2192
2064
1958
1787
1512
1131
735
496
498
740
956
928
724
605
713
945
1182
1314
1248
1029
733
451
351
366
244
36
-233
-581
-971
-1346
-1521
-1261
-778
-506
-569
-919
-1252
-1479
-1638
-1640
-1431
-1158
-1109
-1516
-2148
-2565
-2779
-2801
-2688
-2609
-2673
-2926
-2983
-2326
-1213
-329
22
150
501
1092
1797
2715
3772
4344
4166
3666
3636
4066
4171
3683
3003
2474
1909
1255
753
469
-38
-985
-1926
-2239
-1982
-1779
-1920
-2236
-2568
-2886
-2906
-2428
-1659
-1217
-1444
-1930
-2113
-1918
-1628
-1553
-1702
-1885
-2077
-2001
-1432
-697
-376
-678
-1306
-1509
-969
-97
634
1125
1457
1701
1869
1969
2172
2396
2602
2871
3454
4183
4494
3993
2984
2151
1842
2033
2374
2620
2553
2069
1420
1050
972
906
549
80
-137
-53
60
-112
-440
-803
-1138
-1427
-1532
-1518
-1628
-1938
-2247
-2219
-1862
-1481
-1403
-1587
-1725
-1681
-1484
-1202
-896
-775
-1081
-1704
-2314
-2671
-2844
-2964
-3102
-3207
-3328
-3534
-3638
-3652
-3644
-3626
-3493
-2912
-1696
-340
531
849
928
1221
1811
2720
3933
5188
5767
5460
4786
4402
4414
4293
4019
3818
3690
3349
2730
2023
1474
947
270
-179
-129
74
2
-335
-750
-1091
-1388
-1646
-1703
-1643
-1663
-1826
-2000
-2048
-2059
-2144
-2200
-2218
-2227
-2129
-1885
-1420
-875
-502
-333
-100
270
724
1110
1428
1820
2273
2709
3063
3304
3332
3090
2682
2469
2611
2944
3151
3101
2927
2751
2631
2547
2527
2493
2214
1701
1248
1007
867
619
125
-431
-868
-1140
-1336
-1635
-2034
-2407
-2635
-2646
-2419
-2092
-1908
-1969
-2150
-2046
-1513
-904
-551
-540
-748
-1105
-1425
-1603
-1653
-1659
-1837
-2126
-2502
-2887
-3215
-3596
-3985
-4217
-4246
-4113
-3886
-3683
-3462
-3262
-3018
-2408
-1373
-289
456
818
1040
1419
1928
2594
3551
4431
4816
4649
4364
4284
4219
3937
3577
3311
3095
2771
2308
1886
1394
615
-255
-787
-1072
-1394
-1929
-2555
-2993
-3282
-3482
-3618
-3706
-3854
-4056
-4105
-3812
-3284
-2870
-2633
-2473
-2260
-1933
-1560
-1134
-625
-121
246
473
632
875
1194
1469
1722
2037
2267
2322
2302
2397
2673
2995
3261
3429
3526
3470
3300
3157
3192
3341
3337
3135
2884
2647
2409
2092
1677
1332
1022
640
210
-170
-481
-722
-870
-875
-673
-505
-511
-682
-830
-869
-795
-523
-114
297
460
255
-118
-413
-563
-640
-783
-1065
-1514
-2052
-2533
-2813
-2894
-2923
-3030
-3193
-3279
-3228
-3074
-2936
-2725
-2421
-2091
-1772
-1417
-813
57
927
1551
1925
2230
2562
2830
3125
3700
4405
4811
4817
4694
4690
4668
4373
3875
3405
2969
2522
2145
1832
1401
607
-408
-1283
-1767
-1954
-2148
-2497
-3033
-3612
-4030
-4075
-3794
-3478
-3344
-3397
-3434
-3355
-3184
-2878
-2417
-1925
-1492
-1202
-1023
-809
-526
-182
157
496
765
926
933
965
1153
1507
1953
2280
2456
2505
2463
2351
2294
2408
2600
2643
2545
2418
2226
1888
1388
831
474
306
136
-86
-391
-730
-1017
-1194
-1230
-1178
-1233
-1426
-1598
-1588
-1321
-979
-645
-365
-237
-325
-573
-838
-970
-1011
-1065
-1078
-1159
-1304
-1583
-1999
-2331
-2521
-2654
-2707
-2714
-2798
-2942
-3163
-3314
-3279
-3079
-2827
-2566
-2349
-2167
-1982
-1786
-1513
-960
-91
846
1640
2209
2678
3067
3496
4005
4610
5136
5359
5315
5280
5415
5481
5263
4705
3955
3109
2296
1665
1200
704
-11
-830
-1535
-1965
-2241
-2513
-2806
-3063
-3212
-3252
-3157
-2998
-2871
-2762
-2579
-2273
-1885
-1570
-1382
-1326
-1201
-798
-193
434
876
1128
1278
1424
1594
1802
2002
2104
2118
2240
2553
2947
3216
3261
3193
3054
2923
2800
2685
2509
2208
1845
1577
1443
1319
1098
713
311
-11
-251
-425
-607
-844
-1030
-1108
-997
-713
-486
-420
-501
-594
-670
-646
-606
-593
-636
-710
-794
-994
-1293
-1704
-2090
-2357
-2487
-2548
-2585
-2713
-3041
-3530
-3981
-4146
-4068
-3878
-3727
-3686
-3739
-3804
-3813
-3668
-3410
-3108
-2782
-2437
-2073
-1541
-739
115
847
1420
1996
2589
3150
3527
3809
4105
4299
4353
4348
4360
4251
3883
3271
2680
2204
1728
1125
455
-223
-907
-1438
-1771
-1906
-2048
-2286
-2591
-2864
-2988
-2910
-2653
-2304
-1944
-1709
-1582
-1452
-1191
-846
-511
-231
34
291
529
753
911
1134
1499
1969
2402
2752
2956
3063
3153
3314
3618
3916
4051
3989
3842
3617
3429
3277
3149
2999
2775
2441
2106
1811
1429
992
555
278
186
188
149
49
-53
-105
3
216
504
627
573
529
559
659
712
644
414
62
-331
-621
-758
-840
-1095
-1500
-1915
-2270
-2553
-2822
-3053
-3246
-3405
-3550
-3623
-3622
-3666
-3800
-3852
-3728
-3479
-3150
-2846
-2617
-2416
-2188
-1889
-1528
-1074
-438
231
811
1322
1784
2222
2587
2813
3056
3334
3447
3353
3134
2982
2874
2621
2216
1708
1131
543
-39
-523
-883
-1273
-1681
-2061
-2326
-2516
-2751
-2954
-3080
-3115
-3117
-3153
-3088
-2818
-2470
-2165
-1974
-1767
-1462
-1184
-1012
-815
-510
-162
121
294
545
875
1167
1409
1651
1913
2095
2212
2273
2354
2445
2429
2351
2329
2302
2144
1800
1337
960
689
461
306
180
60
-103
-299
-433
-441
-308
-208
-168
-81
64
222
426
607
728
776
750
730
706
671
546
336
129
-80
-229
-339
-506
-813
-1212
-1624
-1899
-2020
-2132
-2224
-2288
-2365
-2435
-2435
-2420
-2381
-2338
-2263
-2142
-2016
-1875
-1721
-1530
-1271
-922
-499
-24
543
1114
1551
1932
2343
2798
3307
3775
4137
4461
4650
4601
4393
4227
4037
3700
3278
2924
2672
2357
1931
1417
901
350
-256
-800
-1099
-1208
-1310
-1500
-1755
-1940
-2032
-2031
-1988
-1913
-1837
-1755
-1590
-1401
-1236
-1136
-1086
-1005
-813
-490
-158
116
309
406
460
596
840
1133
1420
1603
1672
1679
1668
1644
1590
1481
1308
1121
974
831
635
399
115
-113
-271
-383
-441
-466
-514
-597
-669
-699
-623
-514
-436
-398
-391
-396
-404
-432
-454
-479
-535
-622
-738
-851
-1053
-1297
-1495
-1620
-1662
-1689
-1747
-1873
-2132
-2457
-2646
-2692
-2594
-2438
-2404
-2464
-2525
-2590
-2639
-2585
-2441
-2236
-2014
-1764
-1530
-1286
-1059
-857
-617
-233
288
765
1143
1429
1697
1943
2196
2469
2769
3041
3131
3051
3014
3110
3149
2941
2577
2232
1956
1733
1523
1351
1126
752
302
-101
-375
-607
-895
-1120
-1214
-1254
-1284
-1322
-1343
-1349
-1340
-1254
-1083
-826
-577
-379
-174
64
294
520
775
1061
1394
1677
1870
2063
2229
2337
2388
2431
2473
2455
2359
2229
2133
2009
1857
1679
1484
1328
1208
1074
944
779
630
528
462
463
437
325
146
4
-20
60
154
180
104
-31
-175
-306
-365
-352
-377
-485
-649
-801
-965
-1205
-1442
-1615
-1756
-1897
-1956
-1985
-2084
-2274
-2526
-2729
-2843
-2887
-2873
-2818
-2754
-2731
-2776
-2790
-2722
-2620
-2439
-2170
-1859
-1568
-1276
-1069
-939
-767
-526
-235
55
397
718
958
1103
1168
1304
1497
1648
1745
1791
1752
1610
1368
1142
942
697
418
154
-32
-147
-283
-527
-807
-1061
-1280
-1469
-1614
-1705
-1765
-1817
-1821
-1748
-1662
-1609
-1576
-1471
-1292
-1076
-846
-637
-453
-270
-105
79
323
554
733
888
1057
1296
1553
1764
1897
1980
2033
2027
2091
2221
2249
2169
2031
1815
1566
1324
1123
989
889
787
698
649
607
586
583
619
670
751
814
840
845
830
842
853
849
820
772
718
650
565
475
374
227
-8
-238
-448
-632
-765
-905
-1039
-1155
-1253
-1342
-1356
-1357
-1358
-1342
-1310
-1198
-1060
-964
-905
-831
-717
-601
-494
-327
-107
127
338
518
688
795
879
990
1150
1379
1591
1755
1874
1915
1844
1687
1545
1445
1315
1124
881
631
336
4
-286
-504
-655
-762
-850
-907
-937
-987
-1085
-1175
-1249
-1242
-1206
-1182
-1115
-1039
-995
-983
-905
-822
-761
-694
-592
-446
-284
-168
-91
-60
-55
-6
62
148
236
280
258
202
119
77
69
64
42
-6
-79
-151
-174
-186
-174
-116
-63
-16
54
148
220
244
259
263
284
304
310
303
267
181
87
-33
-177
-342
-519
-671
-815
-953
-1128
-1282
-1416
-1478
-1428
-1365
-1343
-1344
-1365
-1363
-1297
-1188
-1070
-985
-919
-851
-751
-621
-470
-372
-390
-399
-372
-340
-286
-227
-178
-129
-79
19
158
317
479
607
756
917
1070
1198
1339
1503
1652
1816
1971
2082
2159
2203
2163
2088
2013
1910
1820
1712
1569
1415
1313
1235
1118
1004
871
718
584
452
309
204
133
54
-76
-183
-215
-216
-197
-151
-63
6
42
54
93
200
318
386
445
526
555
548
523
564
658
674
621
541
469
417
369
331
348
377
348
274
211
196
194
186
181
208
216
232
258
281
299
232
93
-25
-81
-125
-223
-375
-569
-792
-1004
-1218
-1363
-1420
-1484
-1537
-1544
-1509
-1483
-1458
-1445
-1452
-1446
-1415
-1354
-1277
-1157
-1050
-993
-949
-936
-904
-852
-800
-770
-771
-794
-880
-937
-1018
-1120
-1164
-1164
-1120
-1074
-1014
-956
-947
-905
-808
-675
-506
-346
-186
-41
106
274
395
508
636
750
831
894
951
998
996
939
855
740
668
616
542
451
375
314
172
-33
-192
-302
-384
-426
-438
-439
-483
-567
-650
-689
-635
-497
-314
-142
21
183
296
403
546
708
843
973
1103
1206
1278
1333
1361
1356
1360
1353
1320
1295
1261
1213
1174
1122
1096
1078
1032
941
809
698
633
578
528
479
458
474
485
446
387
327
240
144
49
15
-55
-171
-282
-373
-408
-404
-352
-291
-269
-288
-339
-376
-376
-349
-331
-386
-446
-460
-448
-464
-490
-531
-593
-643
-663
-616
-567
-563
-620
-714
-780
-782
-738
-644
-490
-305
-127
0
111
234
322
408
487
549
574
579
592
587
596
578
540
499
471
447
428
387
334
309
252
201
158
121
55
-48
-147
-230
-337
-455
-567
-666
-741
-778
-728
-641
-543
-458
-417
-397
-369
-316
-228
-99
33
142
195
208
247
296
336
351
356
348
277
194
126
79
8
-88
-165
-202
-187
-185
-174
-177
-190
-188
-193
-183
-142
-119
-116
-118
-127
-108
-78
-50
-22
5
-28
-118
-202
-288
-370
-441
-521
-608
-696
-767
-822
-806
-737
-686
-684
-715
-727
-702
-654
-633
-618
-632
-658
-668
-642
-585
-538
-508
-458
-399
-295
-166
-46
48
82
118
167
202
215
226
241
277
333
392
470
516
523
543
599
667
737
826
907
980
1047
1087
1090
1080
1066
1062
1082
1085
1061
1015
937
827
694
628
568
472
345
219
112
28
-21
-60
-58
-78
-110
-116
-91
-26
45
104
138
178
253
336
439
527
592
606
600
636
695
740
750
747
732
688
637
590
507
422
354
304
298
320
312
252
178
111
61
7
-82
-197
-316
-427
-522
-594
-663
-761
-830
-882
-913
-903
-894
-918
-956
-990
-1009
-1029
-1048
-1086
-1168
-1245
-1260
-1208
-1165
-1159
-1174
-1188
-1215
-1228
-1192
-1131
-1083
-1049
-994
-946
-885
-811
-759
-738
-734
-714
-680
-645
-594
-545
-511
-486
-450
-357
-255
-151
-59
45
169
284
379
477
594
679
744
836
946
1030
1057
1040
1004
973
931
895
843
745
631
505
396
307
234
133
14
-90
-171
-234
-296
-353
-387
-402
-390
-310
-219
-112
1
83
193
354
497
608
692
765
837
910
1004
1083
1148
1184
1203
1233
1251
1269
1270
1230
1174
1111
1059
989
901
802
684
564
485
448
402
311
214
139
45
-23
-46
-57
-76
-132
-193
-243
-273
-285
-315
-362
-402
-439
-476
-501
-515
-530
-579
-649
-665
-674
-689
-688
-705
-722
-735
-734
-711
-688
-675
-673
-676
-670
-615
-549
-522
-517
-506
-495
-495
-476
-464
-443
-417
-407
-388
-343
-268
-172
-58
56
157
239
290
333
377
419
465
505
525
531
513
485
469
444
407
358
287
226
161
89
13
-71
-151
-246
-342
-424
-475
-513
-556
-592
-623
-632
-626
-594
-546
-471
-393
-324
-220
-87
54
171
255
311
377
434
505
582
635
667
662
657
672
663
619
559
484
412
327
259
211
163
97
9
-53
-76
-98
-114
-147
-197
-236
-268
-273
-257
-227
-220
-206
-187
-171
-149
-138
-127
-120
-127
-133
-157
-184
-203
-243
-306
-376
-434
-473
-517
-541
-526
-495
-479
-486
-505
-513
-511
-510
-494
-456
-391
-335
-288
-236
-172
-103
-28
50
133
223
321
431
525
608
678
743
795
869
952
1002
1033
1031
1001
967
947
957
970
939
867
772
688
598
500
398
285
158
54
-39
-136
-194
-271
-372
-465
-526
-553
-548
-520
-463
-413
-372
-318
-254
-193
-155
-103
-29
49
137
226
281
331
379
397
412
410
405
386
360
353
360
349
310
267
212
149
93
36
-45
-128
-211
-279
-326
-363
-370
-392
-415
-399
-350
-313
-287
-256
-248
-252
-238
-212
-203
-209
-224
-251
-274
-296
-326
-352
-388
-432
-477
-514
-550
-591
-641
-699
-750
-789
-827
-852
-842
-839
-855
-876
-881
-885
-882
-859
-810
-735
-658
-563
-462
-378
-293
-199
-99
10
120
211
289
371
460
549
622
688
753
807
828
837
839
804
753
698
655
619
577
519
444
360
280
195
119
54
-9
-66
-121
-161
-183
-189
-192
-178
-150
-120
-79
-26
36
92
153
207
262
337
407
479
548
612
674
726
763
796
820
830
818
793
753
694
639
587
537
487
427
355
277
209
159
108
57
22
-12
-40
-56
-60
-55
-49
-38
-31
-23
-12
10
30
31
35
35
26
25
31
37
40
36
26
6
-28
-74
-127
-185
-234
-289
-354
-421
-482
-538
-591
-637
-680
-720
-750
-764
-775
-779
-774
-762
-745
-711
-652
-588
-508
-425
-355
-295
-239
-169
-82
4
72
132
186
236
277
307
328
338
356
370
385
375
340
294
237
168
88
19
-55
-139
-212
-283
-357
-423
-474
-524
-558
-581
-604
-615
-609
-592
-565
-511
-448
-380
-317
-257
-199
-137
-66
16
86
133
181
222
267
323
372
408
423
430
444
451
437
427
411
382
358
335
307
267
218
169
125
108
102
105
106
103
104
110
119
136
163
184
201
230
268
298
321
342
358
374
385
385
375
374
374
361
343
327
305
269
228
182
137
90
50
16
-20
-46
-71
-91
-115
-140
-172
-200
-204
-194
-173
-152
-129
-105
-80
-43
8
62
111
158
196
237
275
303
330
349
368
382
382
381
369
347
318
281
239
195
156
111
61
11
-50
-114
-171
-222
-269
-313
-353
-390
-423
-448
-463
-475
-483
-478
-469
-453
-426
-388
-350
-312
-274
-245
-215
-181
-152
-124
-94
-74
-58
-36
-18
-6
-4
-13
-23
-39
-58
-78
-103
-135
-172
-207
-240
-264
-282
-299
-321
-342
-361
-375
-379
-381
-379
-374
-358
-336
-316
-292
-261
-235
-213
-191
-164
-135
-117
-97
-78
-63
-53
-41
-33
-35
-40
-37
-33
-30
-33
-46
-65
-87
-100
-100
-99
-100
-97
-95
-88
-73
-54
-34
-18
2
31
63
99
135
171
206
248
299
346
396
443
484
519
555
591
623
650
673
691
703
711
709
700
682
654
624
588
553
513
465
416
376
339
297
257
209
162
115
74
43
22
2
-16
-27
-31
-30
-24
-19
-11
5
17
33
53
73
86
95
110
125
141
148
151
151
150
145
137
126
109
90
66
40
15
-13
-44
-77
-112
-149
-184
-216
-246
-274
-298
-323
-343
-359
-381
-401
-422
-438
-443
-441
-440
-441
-446
-454
-458
-459
-457
-458
-465
-471
-471
-472
-474
-476
-481
-483
-485
-486
-489
-493
-494
-491
-485
-475
-468
-455
-439
-428
-416
-401
-382
-362
-342
-316
-286
-251
-212
-168
-126
-84
-40
2
50
96
137
172
199
224
251
276
298
314
322
329
333
335
341
344
342
334
326
319
307
287
265
243
220
202
185
174
162
150
142
133
130
131
136
143
148
158
172
187
202
219
235
250
267
280
293
308
322
337
351
365
373
376
377
375
374
367
359
354
341
326
310
294
280
265
254
239
220
204
187
165
147
125
109
97
84
72
55
37
22
9
-1
-14
-25
-40
-54
-67
-80
-94
-104
-115
-127
-142
-152
-162
-171
-181
-191
-197
-205
-214
-225
-239
-252
-265
-276
-282
-282
-283
-283
-285
-282
-273
-262
-249
-236
-221
-206
-186
-166
-146
-127
-112
-97
-80
-64
-48
-33
-21
-12
-7
-5
-3
-4
-11
-22
-34
-46
-60
-75
-95
-118
-142
-163
-183
-204
-225
-250
-271
-283
-289
-291
-290
-288
-286
-281
-269
-255
-239
-221
-202
-181
-155
-124
-95
-68
-45
-22
1
24
50
74
94
110
120
128
135
140
141
140
137
136
136
134
126
113
94
80
69
55
42
27
12
-4
-14
-18
-23
-24
-20
-12
-3
6
17
27
35
43
53
66
79
94
105
114
118
123
130
135
138
141
144
149
151
155
162
163
168
174
180
188
194
199
204
209
215
224
235
246
259
274
289
306
322
337
351
367
381
399
413
421
428
432
431
428
428
423
418
408
396
380
359
337
313
286
257
231
204
177
156
134
113
93
73
49
26
6
-15
-33
-43
-51
-58
-67
-76
-83
-88
-95
-102
-106
-107
-108
-110
-111
-114
-122
-129
-138
-149
-164
-183
-201
-219
-239
-260
-282
-307
-336
-367
-395
-426
-453
-479
-505
-528
-545
-559
-573
-584
-596
-607
-617
-623
-627
-625
-619
-611
-602
-592
-581
-571
-557
-541
-524
-509
-493
-471
-451
-430
-408
-389
-370
-351
-335
-317
-298
-275
-251
-229
-208
-188
-168
-150
-135
-116
-95
-74
-52
-29
-6
20
47
73
100
129
156
185
217
249
280
307
333
358
382
402
421
439
455
472
486
495
505
512
513
516
515
513
510
503
498
494
488
483
481
479
478
471
463
455
448
444
443
441
443
448
454
458
466
470
470
473
475
477
476
471
463
451
438
422
403
385
363
339
314
290
268
244
214
184
151
119
83
43
6
-32
-69
-105
-138
-170
-200
-230
-261
-288
-311
-333
-350
-366
-378
-394
-409
-421
-435
-445
-455
-463
-469
-472
-476
-480
-485
-490
-493
-497
-503
-509
-512
-513
-512
-510
-511
-511
-511
-511
-510
-508
-505
-500
-492
-485
-474
-463
-452
-440
-428
-416
-402
-383
-366
-343
-322
-302
-280
-258
-236
-212
-189
-165
-142
-122
-102
-85
-66
-49
-34
-24
-16
-9
-6
-1
4
12
23
33
45
56
66
73
78
81
89
101
116
135
151
164
175
185
196
207
217
228
241
249
258
265
273
281
286
287
282
279
276
275
275
272
267
260
252
242
226
211
200
189
181
173
167
156
143
131
122
116
111
105
103
98
97
97
94
94
95
96
96
95
97
100
101
104
107
110
109
108
106
105
108
109
110
109
107
98
87
81
77
75
73
71
68
63
56
54
51
49
48
49
54
57
64
75
83
92
98
104
108
114
121
129
136
137
138
137
131
127
127
130
132
131
125
116
107
95
81
69
58
49
40
28
15
1
-17
-31
-43
-57
-67
-76
-85
-94
-103
-118
-130
-142
-150
-160
-163
-162
-159
-157
-158
-161
-165
-169
-175
-179
-180
-183
-186
-192
-199
-211
-223
-235
-249
-261
-275
-288
-298
-307
-313
-319
-326
-334
-342
-350
-356
-360
-360
-360
-362
-362
-362
-364
-362
-359
-354
-346
-338
-328
-320
-317
-312
-305
-296
-284
-272
-257
-239
-225
-209
-199
-190
-184
-175
-166
-152
-138
-125
-108
-95
-83
-72
-60
-46
-32
-15
6
32
59
82
102
124
148
173
200
231
262
289
313
337
357
378
399
425
448
468
490
507
522
541
556
566
575
583
588
594
595
593
595
597
598
595
592
592
592
592
594
591
591
588
582
577
570
563
557
548
541
528
515
502
489
473
457
443
429
414
400
385
371
353
333
313
287
263
241
215
187
163
