-2
-1
-1
0
1
3
2
1
-1
-1
-1
-2
-2
-2
-4
-5
-4
-6
-4
-5
-4
-4
-5
-3
-2
0
2
3
4
6
7
5
4
4
6
6
5
5
3
3
3
2
0
-2
-1
0
-1
-2
-2
-4
-5
-6
-6
-8
-9
-7
-7
-7
-6
-5
-3
-2
-2
-2
-1
-2
0
0
4
5
5
6
6
6
7
5
6
6
5
6
7
7
7
4
3
5
4
3
1
1
1
0
0
-1
-2
-3
-4
-4
-6
-4
-5
-4
-4
-4
-2
-1
-1
0
0
-1
-2
-3
-3
-1
-1
-4
-6
-5
-5
-6
-7
-4
-4
-2
-1
1
1
0
-1
-5
-2
2
1
1
0
4
5
4
2
-1
1
3
3
2
2
4
4
2
3
6
4
3
3
4
3
1
0
2
3
3
4
4
2
2
-1
-2
-2
-3
-2
-3
-2
0
1
1
0
1
0
0
-2
-2
-2
1
1
0
3
2
-2
-4
-6
-4
-6
-6
-2
-1
-1
-1
-5
-6
-7
-7
-6
-5
-6
-3
0
0
0
0
1
1
1
2
1
1
3
5
6
6
6
5
1
0
-2
-1
0
1
2
4
4
2
3
2
3
4
3
2
2
-1
-1
-1
-3
-1
-1
-4
-4
-4
-5
-4
-2
1
6
7
6
5
5
5
4
3
2
1
-1
-1
-1
1
1
1
0
-2
-3
0
-1
-1
0
-2
-4
-3
-3
-3
-3
-3
-6
-5
-6
-5
-3
-3
-2
-1
-2
-1
0
0
1
1
1
0
0
-1
-2
-3
-2
1
2
2
2
2
3
1
2
2
1
1
1
3
2
2
2
2
0
0
1
3
3
2
3
3
5
3
4
5
3
1
1
-2
-2
-3
-4
-3
-3
0
1
1
1
1
0
-1
-2
-2
-1
-1
-1
-1
-1
-2
-2
-5
-6
-2
-1
0
0
1
0
0
0
-1
1
1
0
2
2
1
-1
-1
-1
-1
-2
-4
-3
-5
-3
-2
-2
1
2
1
0
-1
-1
-2
0
2
0
2
-1
-1
-1
-3
-2
1
3
4
4
2
2
2
1
4
2
3
5
4
3
0
-1
0
1
1
2
2
2
2
2
-1
2
3
3
3
2
1
1
-1
-2
-2
-2
-2
-3
-3
-3
-2
-3
-4
-5
-4
-4
-3
-1
2
2
1
1
-1
0
-1
-2
-3
-3
-2
-2
-2
-4
-3
-3
-1
-2
-2
-3
-1
1
1
3
6
5
4
2
3
3
-1
-3
-3
-1
-1
-3
-4
-4
-2
1
0
1
2
2
4
4
2
4
5
4
1
0
2
3
4
5
6
9
5
4
2
0
0
0
-1
2
0
-2
-1
-2
-2
-3
-5
-5
-3
-1
-1
-4
-6
-3
-3
-4
-3
-3
-4
-3
-3
-2
2
0
0
0
-2
-3
-4
-3
-1
-1
0
1
3
4
4
6
6
5
4
5
4
1
0
1
0
-2
-3
-4
-4
-3
-4
-4
-3
-3
-1
1
3
4
3
2
0
1
0
-1
1
1
2
4
5
4
2
1
-2
-1
-3
-1
1
1
0
-3
-4
-5
-6
-4
-2
0
1
-1
0
2
2
1
1
1
2
3
2
2
3
3
4
4
3
4
4
5
4
4
3
2
2
1
3
3
1
-1
-4
-4
-4
-4
-4
-4
-5
-4
-5
-4
-3
-3
-2
-2
-1
-3
-3
-2
-1
0
0
0
0
-2
-1
0
-1
-3
-2
-2
0
1
1
3
2
3
2
1
0
0
2
2
4
3
4
3
3
3
2
3
2
2
1
1
0
1
1
0
0
0
-1
-2
1
0
-2
-1
-1
-1
0
-1
-2
-1
-1
0
2
1
2
1
1
-1
0
2
4
2
0
-1
-1
-1
-1
-1
-1
-2
-3
-2
-2
0
2
1
1
0
2
2
1
1
0
-1
-1
-3
-3
-3
-2
-2
-2
-1
-1
-2
-2
0
0
2
4
5
4
3
3
1
2
0
-3
-2
-3
-2
-3
-2
1
3
5
7
7
6
5
2
1
0
0
0
-1
-1
-1
-3
-2
-3
-2
-1
-1
-2
-2
0
1
0
-3
-2
-6
-9
-9
-11
-14
-14
-12
-6
0
2
1
-4
-12
-15
-14
-21
-26
-29
-27
-13
-8
-1
2
10
27
42
35
13
12
21
29
40
45
53
44
32
28
19
11
-1
-2
16
33
33
26
23
42
37
14
-3
-13
8
26
-5
-26
-18
-32
-29
-28
-24
-15
-26
-33
-18
-21
-29
-28
-61
-88
-62
-27
-23
-33
5
48
26
-5
-24
-30
-16
-21
-45
-13
0
32
44
151
242
512
1053
456
-401
-426
-362
-315
-159
-1
337
55
-403
-331
-431
-330
-140
-400
-838
-539
-250
-303
-336
-386
-455
-457
-100
461
694
837
1021
894
431
59
291
431
632
1311
1668
858
78
-421
-694
-325
11
-13
148
119
-195
-302
-611
-569
-747
-721
-174
279
397
249
-148
-562
-991
-854
-292
-155
57
628
624
150
121
-350
-829
-297
447
874
553
-196
-250
-477
-211
196
-36
-228
-177
137
743
385
-414
-672
-1231
-1050
-329
-54
-33
-27
-540
-463
-178
-246
4
413
604
775
912
505
374
327
391
410
964
1146
550
558
487
402
511
418
111
224
54
-117
-42
-266
-246
-464
-530
-392
-666
-594
-468
-240
-146
-265
-76
-188
-206
191
187
-93
-185
-450
-415
-267
-237
-157
-114
-388
-140
183
-53
-5
174
291
-29
36
539
359
-162
-84
146
80
341
106
-109
47
-74
80
2
-148
-6
-117
-347
-232
-270
-220
-228
-428
62
-102
-213
241
192
308
228
124
353
25
-51
529
206
78
278
-146
-281
-200
-234
-100
5
180
245
63
154
125
77
239
405
674
525
-8
-117
-173
-243
-375
-129
47
-397
-313
-48
-244
-415
-213
-210
-5
385
515
382
305
322
-184
-416
207
508
390
343
367
230
-285
-392
-316
-475
-285
-42
1
74
-260
-301
-466
-538
-269
-160
153
280
185
149
-187
-150
332
23
70
268
226
225
-21
-205
-435
-578
-316
-103
-150
-174
-232
-194
-326
-56
3
-189
207
344
144
464
576
33
-52
-132
116
427
427
499
408
302
144
-58
-103
-300
-251
25
-26
221
342
63
-183
19
-68
-249
-69
-117
16
278
335
172
84
-387
-481
-236
-266
-39
77
233
394
-75
-179
-16
-312
-209
-352
35
121
-25
583
168
-118
-58
-94
-89
-184
59
153
-51
70
370
22
-305
-221
-299
-356
-287
325
373
-49
368
18
-423
-308
-406
-272
-170
324
401
-51
173
36
-385
-237
-43
111
157
239
440
218
-149
-29
19
-122
147
77
-4
80
86
44
-158
-123
-184
-366
-196
298
474
337
267
162
-38
-232
46
309
79
252
336
136
174
104
-123
-358
-197
46
40
291
397
78
-4
-21
-81
-158
-90
61
76
-19
25
44
-340
-342
-211
-55
48
-144
-15
-35
-286
-283
-313
-286
-159
-150
-292
-370
-98
-121
-289
-143
-109
-302
-271
-163
-286
-59
277
440
673
652
197
-167
54
522
663
724
1012
848
659
765
442
73
112
-26
-254
-108
175
-60
-707
-828
-1088
-1304
-821
-612
-636
-484
-610
-896
-1045
-1174
-1356
-1410
-1091
-655
-315
110
256
-27
-197
-171
245
927
1411
1576
1336
1144
1060
1119
1368
1482
1420
1330
1265
1007
900
861
502
365
508
545
527
461
175
-248
-553
-425
-72
39
-114
-218
-381
-427
-402
-298
-221
-426
-178
-66
-132
-53
-318
-498
-553
-574
-556
-689
-692
-616
-824
-805
-840
-1119
-987
-1018
-1014
-888
-792
-626
-856
-1062
-806
-495
-137
260
415
397
449
990
1517
1380
1201
1059
912
846
561
635
746
-6
-573
-618
-588
-569
-959
-1319
-1495
-1782
-1962
-1798
-1230
-1014
-1420
-1575
-1319
-1189
-1179
-856
-384
78
509
992
1437
1722
1900
1815
2009
2692
3109
3334
3599
3594
3078
2597
2463
2282
2005
1735
1454
1068
917
780
313
-17
-279
-579
-683
-459
-192
-399
-771
-979
-1060
-1010
-742
-494
-401
-347
-516
-695
-740
-909
-1118
-1265
-1216
-1070
-850
-867
-1028
-1375
-2024
-1982
-1762
-1906
-1868
-1781
-1953
-2124
-2171
-2015
-2171
-2206
-1885
-1890
-1371
-591
-69
436
635
666
860
1663
2665
2795
2314
1935
1658
1427
1432
1584
1235
335
-238
-587
-738
-775
-1356
-2112
-2363
-2161
-1571
-964
-715
-1029
-1820
-2212
-1925
-1134
-126
740
1328
1691
1941
2041
2232
2484
2805
3348
4097
4828
5133
4927
4322
3508
2929
2740
2835
3043
2804
2261
1544
589
-89
-546
-884
-942
-851
-790
-726
-815
-1237
-1813
-2208
-2076
-1779
-1491
-1146
-1230
-1646
-1936
-2091
-2025
-1549
-1155
-1198
-1322
-1640
-1794
-1797
-2041
-1954
-1757
-1613
-1571
-1923
-1844
-2033
-2361
-2121
-2225
-1862
-1618
-978
61
227
1135
1597
1348
1261
918
892
1004
884
1031
467
-62
315
-65
-787
-1237
-1961
-2498
-2509
-1882
-1151
-1350
-1368
-1798
-2829
-3057
-2674
-1840
-831
313
1316
1696
2027
2259
2043
2105
2887
3866
4809
5855
6396
6071
5287
4660
4332
4199
4612
4922
4703
4214
3424
2537
1722
1064
678
435
613
772
428
-251
-1102
-1842
-2253
-2099
-1608
-1112
-914
-1077
-1555
-2223
-2424
-2258
-2155
-1878
-1672
-1528
-1367
-1722
-2319
-2735
-2841
-2716
-2586
-2460
-2186
-2094
-2369
-2887
-3551
-3778
-3568
-2896
-2391
-1792
-63
1638
2197
1219
-801
-2340
-2411
-801
892
1160
496
-373
-776
-574
-700
-1865
-3524
-4177
-3132
-1320
469
1157
-453
-2997
-4646
-4791
-3576
-1721
220
1533
2166
2537
2308
1697
1421
1679
2673
4455
6654
8225
8478
7743
6213
4759
4374
5041
6031
6714
6845
6203
5132
3761
2423
1466
964
1185
1681
2191
2276
1404
112
-1207
-2279
-2259
-1294
-429
-8
-140
-1313
-2598
-2928
-3036
-3176
-2915
-2826
-2853
-2527
-2496
-2871
-3527
-4057
-4028
-3705
-3131
-2584
-2523
-2824
-3616
-4482
-4489
-4271
-3959
-3499
-3272
-3166
-3233
-3431
-3478
-3302
-2903
-2037
-1244
-572
-95
-392
-1049
-1446
-1166
-363
381
920
1272
1618
2015
2223
2092
1589
1102
1121
1738
2800
3686
3820
3342
2635
1939
1608
1649
1920
2390
2728
2932
2989
2910
2778
2482
2246
2057
2021
2368
2886
3396
3716
3671
3262
2681
2315
2153
2058
1946
1864
1821
1728
1607
1304
729
49
-556
-763
-705
-798
-991
-1356
-1641
-1654
-1697
-1938
-2214
-2425
-2632
-2622
-2477
-2420
-2441
-2593
-2733
-2841
-2913
-2786
-2616
-2555
-2518
-2534
-2583
-2529
-2255
-2105
-2174
-2253
-2309
-2274
-2176
-2002
-1908
-1914
-1769
-1549
-1321
-1094
-1068
-1180
-1264
-1167
-817
-366
62
422
716
1081
1389
1313
865
495
717
1427
2096
2353
2137
1925
1969
2189
2470
2599
2603
2559
2545
2646
2684
2584
2479
2253
1930
1593
1427
1524
1617
1598
1463
1214
931
726
765
1048
1260
1035
507
126
218
615
811
790
608
270
129
200
309
264
90
-25
-131
-127
-189
-424
-614
-820
-1139
-1315
-1208
-1075
-1132
-1242
-1280
-1476
-1759
-1993
-2213
-2204
-2016
-1696
-1298
-1264
-1671
-2363
-2778
-2423
-1688
-1264
-1356
-1575
-1462
-1119
-706
-583
-1100
-1434
-1125
-635
-248
-33
-94
-350
-409
-369
-501
-516
-293
45
386
453
197
-147
-336
-178
36
97
157
482
1025
1733
2250
1842
753
-107
172
1449
2679
2925
2366
2002
2392
3034
3212
2669
1740
1146
1243
2021
2822
3168
2709
1455
-29
-1024
-1075
-471
114
345
187
-94
-158
-320
-668
-1318
-2070
-2455
-2098
-862
556
1115
537
-620
-1510
-1707
-1325
-531
276
932
1197
781
206
-99
-111
84
190
98
-28
216
727
686
-102
-1193
-1953
-1863
-1304
-798
-770
-1128
-1750
-2540
-2691
-2463
-2371
-2481
-2689
-2499
-1957
-1560
-1630
-2199
-2578
-2090
-1496
-1305
-1184
-533
297
585
410
6
-307
312
1744
2506
2081
1507
1757
2096
2300
2346
1629
914
1135
1944
2417
2301
2029
1581
1186
1044
759
604
991
1913
3200
4571
4863
3410
1007
-525
132
2024
3276
3413
3301
3377
3083
1846
50
-1356
-1698
-1588
-1206
-331
588
512
-1610
-4961
-7535
-7821
-6219
-4318
-3210
-2841
-2898
-3578
-4778
-5728
-5487
-4102
-2587
-1412
-98
1414
2379
1780
37
-1339
-1270
267
2395
4119
4798
4158
2404
738
-53
62
660
1375
2099
2423
2150
1026
-726
-2368
-3325
-2993
-1451
165
825
413
-120
-636
-1340
-1854
-1628
-585
970
2283
2286
1449
547
321
666
744
982
1765
2928
4132
4030
2503
963
379
1125
2082
2554
2782
2557
1747
798
-104
-548
-359
-298
-234
-222
-213
-118
-633
-1500
-1972
-1733
13
2252
3775
3354
574
-2406
-3347
-1895
168
1124
818
347
25
-833
-2551
-4281
-5019
-4770
-4483
-3956
-2808
-1840
-2546
-5570
-8921
-10264
-8479
-5095
-2321
-1065
-1181
-2110
-3540
-4460
-3781
-1504
1152
3067
4216
5053
5479
5174
4178
3523
4242
6166
8231
9663
9871
8618
6435
4282
3250
3867
5236
5983
5284
3144
757
-1052
-2023
-2613
-3130
-3199
-2519
-1727
-1778
-2949
-4471
-5258
-4952
-3723
-2082
-474
268
-270
-1511
-2267
-1808
-232
1714
3198
3819
3419
2542
1717
1299
1239
1208
1190
1405
1511
1204
-9
-1886
-3619
-4242
-3408
-1906
-799
-766
-1534
-2331
-2035
-802
221
-572
-2110
-2438
-894
884
831
-926
-2351
-2103
-1004
-391
-745
-1329
-2064
-3073
-3993
-3581
-1994
-924
-1832
-4360
-6402
-6455
-4844
-2935
-1492
-673
-532
-1160
-1827
-1521
-91
1644
2885
3633
4523
5692
6475
6408
5819
5531
6021
7179
8578
9499
9717
9228
8006
6429
4693
3611
3357
3357
2896
1635
-33
-1419
-2452
-3501
-4397
-4863
-4893
-4661
-4482
-4470
-4573
-4693
-4858
-4932
-4715
-4272
-3568
-2602
-1634
-824
-266
234
586
850
1111
1465
1983
2414
2753
2567
1856
965
224
-16
-94
-105
-205
-365
-494
-763
159
1632
2557
1076
-2828
-5369
-4248
-694
1531
263
-2674
-4141
-3731
-3179
-3549
-4065
-4074
-3747
-4110
-3911
-2567
-1261
-1610
-4459
-7133
-7137
-4158
-630
1434
1660
481
-1128
-2232
-1436
1450
4658
6448
6212
5381
5225
5418
5648
5707
6222
7082
8046
8840
9014
8664
7465
5757
4348
3987
4929
6028
5787
3516
53
-2692
-3419
-2644
-2172
-2751
-3870
-4677
-5040
-5378
-5632
-5599
-5136
-4564
-4332
-4146
-3870
-3763
-3896
-4237
-3831
-2309
-277
1369
1623
606
-463
-550
592
2452
3754
3796
2611
1136
89
-85
140
429
1017
1512
1922
2963
4281
4685
2156
-2919
-5865
-3868
1544
5146
3590
-1053
-4305
-5036
-4668
-4593
-4732
-4334
-4349
-5491
-6246
-5321
-3928
-4558
-7899
-10743
-9983
-5736
-1414
458
-345
-2464
-4055
-4290
-2072
2063
5902
7553
6809
5397
4990
5843
7226
8465
9471
10190
10515
10608
10536
9743
8141
6409
5678
6410
7645
7872
6071
2333
-1444
-3244
-2848
-1581
-1358
-2768
-4765
-5995
-6124
-5832
-5722
-5704
-5451
-4762
-3808
-2846
-2518
-3178
-4210
-4541
-3476
-1305
981
2252
1847
143
-1407
-1725
-193
2081
3572
3109
1153
-877
-1864
-1869
-1279
-561
273
718
1341
3096
4234
3521
-1025
-5525
-5298
-172
5138
5340
694
-3462
-4361
-3717
-3465
-3895
-3537
-3013
-4133
-6212
-6148
-4360
-3359
-5789
-9683
-10389
-7344
-3034
-763
-960
-2490
-4062
-5020
-4096
-491
3973
6684
6492
4907
4596
5772
7435
8791
9552
10138
10605
11030
11452
11591
10436
8450
6730
6638
8135
9259
8240
4938
756
-1850
-2152
-1395
-1076
-2188
-4055
-5610
-6440
-6626
-6396
-6233
-6126
-6157
-5903
-4854
-3685
-3382
-4127
-4751
-4206
-2412
-408
849
1109
436
-316
-615
55
1679
3065
3206
1610
-434
-1552
-1475
-798
-475
-334
-234
-252
1245
3183
3800
1052
-4279
-6486
-3487
2025
4463
1531
-2955
-4574
-3989
-3514
-3751
-3612
-2888
-3652
-5959
-6221
-3535
-1308
-2715
-7413
-9850
-7667
-3421
-471
190
-130
-1020
-2738
-4038
-2047
2690
6551
6990
5069
4021
5178
6700
7666
8256
9100
10070
10235
10027
9930
9994
8980
7510
6820
7430
8811
8588
6129
2420
-620
-1196
-476
-463
-1650
-3766
-5443
-5961
-6006
-6102
-6094
-6253
-6387
-6467
-6250
-5029
-4105
-4199
-4708
-4912
-3978
-2444
-1342
-734
-475
-285
-87
62
535
1746
2670
1949
358
-1100
-989
-120
540
228
-350
-1081
-372
2897
5178
4503
-826
-5681
-4802
240
4210
3367
-999
-3178
-2954
-2986
-3453
-3273
-1977
-2366
-5317
-7380
-4456
-685
-755
-5487
-10071
-9196
-5175
-1952
-686
61
59
-1919
-5051
-4931
184
5802
7314
5193
3062
3861
6011
7006
7663
8702
10063
10301
9369
8863
9152
8907
8068
7526
7788
8538
8460
6594
3640
944
-172
48
13
-895
-2768
-4712
-5735
-6143
-6622
-6812
-6373
-5606
-5381
-5818
-5829
-5519
-5288
-4907
-4012
-2703
-1405
-928
-1131
-1225
-813
-88
429
779
1674
2481
1953
408
-1092
-1395
-897
-294
-223
-566
-735
-915
941
3735
4300
1215
-4507
-6165
-1877
3387
4739
1188
-2628
-3027
-2203
-2292
-2417
-1542
-1103
-3051
-6195
-5554
-1227
567
-2551
-7855
-9230
-6025
-2792
-1626
-1197
-545
-1335
-3980
-5567
-2496
3106
5681
4223
2125
2481
4808
5896
5797
6519
8247
9573
9467
9132
9325
9302
8165
7414
8062
9425
10126
8405
5208
2382
845
839
1108
675
-718
-3098
-5102
-5749
-5856
-6089
-6458
-6671
-6395
-5920
-5538
-5385
-5805
-6237
-5916
-4875
-3386
-2082
-1550
-1422
-1114
-508
73
485
1168
2280
2663
1969
783
106
333
932
927
215
-188
-220
2489
5685
5597
1285
-4975
-6118
-1183
3812
4248
103
-3827
-4481
-4113
-4060
-3214
-1788
-2306
-5550
-8658
-6460
-1208
-95
-4067
-8939
-9019
-5359
-2729
-1872
-836
209
-1074
-3992
-4801
-642
4694
5697
3508
2050
3406
5820
6385
6271
7140
8454
8776
8352
8750
9636
9496
7611
6739
8353
9934
10058
7759
4655
2985
2462
2655
2539
1311
-704
-3051
-4810
-4791
-4363
-4906
-5562
-6217
-6375
-5924
-5737
-5391
-5599
-6133
-5789
-5057
-3964
-3153
-3050
-2959
-2316
-958
-11
48
-290
-303
42
250
378
311
240
262
-390
-845
-1108
782
5466
7325
4628
-2154
-6409
-3018
3321
6448
3733
-1250
-3621
-3656
-3687
-2912
-787
-413
-3522
-8144
-8532
-2853
846
-1686
-7687
-10567
-7576
-3819
-2327
-1880
-842
-1102
-3623
-5385
-3325
2026
4792
3576
2114
2565
4806
5885
5728
6461
7907
9022
8888
8930
9479
9564
8057
6571
8099
10184
11005
9244
5808
3815
3063
3691
4192
2948
717
-2171
-4294
-4282
-3336
-3419
-4851
-6527
-7106
-6239
-5408
-4747
-4959
-6114
-6287
-5583
-4119
-2906
-2995
-3487
-3564
-2456
-684
364
273
-434
-1283
-1546
-722
504
858
167
-1339
-1978
-1959
-658
3643
6016
4358
-1481
-6587
-4463
1990
6429
4864
-391
-3418
-3158
-2653
-2164
-546
78
-2516
-7057
-8532
-3912
526
-595
-5913
-9683
-8059
-4586
-2563
-1754
-606
-522
-2578
-4034
-2516
1478
3445
2630
2361
3719
5757
6041
5259
5705
7107
8302
8591
9271
10079
9477
7290
5792
7695
10413
10720
8563
5403
3804
3613
4049
4527
3478
948
-2235
-4441
-4149
-2454
-2481
-4693
-7126
-8055
-6973
-5630
-4831
-4969
-6253
-6886
-6018
-4223
-2653
-2688
-3630
-3717
-2438
-572
478
533
257
-290
-976
-750
546
1441
698
-820
-1315
-971
2058
5119
4539
1161
-3928
-4858
-802
3405
4702
1508
-2447
-3125
-2536
-2156
-950
-43
-1240
-4656
-7853
-6004
-1798
-1387
-4297
-7956
-8152
-5544
-4478
-4326
-3149
-1738
-2212
-3398
-2772
719
3236
1862
784
2098
4901
6688
5607
4911
6222
7882
8500
8412
8814
9202
8059
6149
7156
9976
11345
9620
5130
2424
2822
4650
6228
5373
2748
-600
-3481
-3777
-1817
-687
-2077
-4949
-7255
-7030
-5341
-4092
-4052
-5565
-6871
-6985
-5832
-3485
-1928
-2276
-3447
-3836
-2441
-618
291
327
32
20
379
974
1295
825
-167
-760
-632
3062
6284
4896
519
-4713
-4457
531
4211
4166
205
-3534
-3790
-3139
-2398
-838
-747
-3347
-6816
-8301
-4940
-1188
-2446
-6864
-10643
-9570
-5484
-3324
-3238
-3422
-3945
-5189
-5095
-2385
2027
4096
2540
1327
2146
4673
6784
6672
6332
7024
8098
8883
9603
9896
8981
6960
5969
8227
10911
11317
9001
5169
2562
2457
4357
6186
5542
2317
-1737
-4200
-3268
-830
-484
-2756
-5452
-6648
-6261
-5386
-4591
-4520
-5220
-5860
-6049
-5409
-4080
-2771
-2370
-2176
-1488
-496
4
-353
-509
-223
413
1436
2180
2330
1473
266
-1208
-418
4230
6261
3935
-1673
-4999
-1803
2359
3329
538
-3237
-3875
-2703
-2725
-2348
-970
-1947
-5789
-9438
-7988
-1972
-170
-4015
-9351
-11516
-8746
-5792
-4338
-2942
-1998
-3410
-6148
-6490
-2534
2540
3230
1990
2344
3954
5836
5670
5026
5977
7600
8861
9717
10507
10468
8668
5871
5969
9530
12201
11404
7724
3609
1978
3026
5354
6816
5226
1252
-2462
-3657
-1662
662
-26
-2747
-5114
-5808
-4845
-3953
-3993
-5185
-6863
-6942
-5343
-3728
-2958
-3394
-4018
-3626
-2303
-716
629
1273
911
-582
-1590
-523
1781
2695
2045
548
972
4823
5418
2380
-2546
-4704
-640
3531
4118
1180
-3200
-5312
-5086
-4137
-1746
689
-1164
-6442
-10604
-9281
-3186
-987
-3738
-7491
-9719
-8836
-7776
-6714
-4087
-1851
-2880
-5381
-5582
-2499
1168
987
622
3232
5738
7021
6244
5793
7342
8291
8083
8543
10401
11626
10261
6871
6443
9109
9989
8482
6051
4742
4707
3805
2780
2482
2223
1210
-1213
-2654
-1383
-86
-1447
-3975
-4988
-3890
-2414
-2096
-2588
-3648
-4550
-4866
-4908
-4082
-2119
-728
-918
-1640
-1984
-1695
-1158
-108
1447
2095
1205
-66
-1230
-1100
-132
939
4318
6162
3897
-1550
-6195
-3926
2141
4491
1556
-3130
-5021
-3796
-3614
-4258
-3169
-2528
-4618
-8169
-8896
-4405
-1615
-4869
-9915
-11275
-7650
-4217
-4244
-5326
-4875
-4579
-5649
-5706
-2870
1502
2450
597
642
3144
6112
7175
6953
7778
9292
10031
9889
9872
10103
9929
8965
9108
11081
11597
9556
6241
3605
3109
3807
4749
4656
2328
-1392
-4613
-4980
-2412
-286
-1163
-3682
-5589
-6023
-5204
-3743
-2282
-2184
-3294
-3946
-3655
-2991
-2536
-2238
-1564
-242
1132
1273
106
-520
347
1172
1980
2593
2788
2402
544
2506
5356
4915
1921
-3272
-3343
1208
4079
2373
-3042
-6071
-4331
-3234
-4348
-4296
-4262
-5975
-8827
-10493
-6705
-2994
-4683
-9065
-12760
-11070
-6984
-5652
-5787
-5087
-4707
-5831
-6139
-4023
277
1741
-102
56
2076
5149
7064
6690
7129
8636
9859
10467
11060
11436
11067
9732
9195
11846
12860
10243
6977
4634
5194
6087
5270
3790
1076
-1370
-2870
-3835
-2711
-1113
-2519
-5463
-7117
-6464
-4150
-2825
-2392
-2896
-4752
-4896
-3561
-1936
-503
-280
-590
-610
202
1485
1956
1703
2008
2021
1415
1742
2468
2931
1798
3297
6872
5942
1935
-3396
-3415
2113
5427
3597
-2417
-6509
-4939
-2809
-3118
-3001
-3581
-7219
-11757
-12882
-7387
-2095
-4112
-9639
-14395
-13963
-10201
-8406
-6845
-4678
-4086
-6618
-8948
-6673
-1038
1425
-182
353
3024
5537
5977
4523
5379
7977
10114
11476
12157
12528
11154
8160
7250
10952
15266
14987
10293
5058
2963
3771
5579
6831
5638
1775
-3057
-5508
-4093
-1244
-935
-3965
-7128
-8024
-6610
-4698
-3617
-3120
-3756
-4808
-4975
-3587
-1075
421
325
-18
280
1352
2527
3129
3851
4387
4269
3539
2535
2437
2690
5880
9030
7466
2309
-3866
-3618
1629
4975
3780
-812
-4217
-4455
-4797
-5906
-4859
-3935
-5961
-9931
-12133
-8452
-5316
-8038
-12250
-14255
-11687
-8874
-9208
-9441
-8306
-7419
-8423
-8710
-5460
-413
589
-2152
-2198
833
4798
6637
6620
7786
8430
8313
8621
10357
12829
12750
10293
8923
11157
13455
12010
8961
7034
7025
7262
6578
5792
4280
1303
-2081
-3300
-1074
1561
-32
-4932
-8149
-7982
-5732
-3949
-3228
-3092
-4423
-5755
-5810
-4589
-2008
-272
-18
-122
71
1173
1884
2154
3496
4185
4363
4689
5188
4562
3695
6623
8406
6981
1910
-2077
663
4736
5534
1447
-3656
-3921
-1423
-1628
-3595
-4342
-5863
-8898
-11763
-10345
-5209
-5143
-9963
-15151
-16485
-12523
-9800
-9684
-9626
-9310
-9879
-11022
-9987
-5815
-2304
-3441
-4107
-1709
1330
3957
3889
4206
6654
8455
9810
10926
12092
12390
10708
9333
11397
14920
15065
12015
7942
6175
7603
8796
9030
7337
3863
255
-2187
-1054
2015
2243
-1281
-5309
-7043
-5969
-3918
-2869
-3050
-4686
-6362
-6581
-5372
-2681
-933
-1430
-2386
-1991
-338
576
1093
2418
3836
4345
3550
3354
3397
4974
9460
10267
7623
2723
-756
2073
6446
7880
4248
-2345
-4822
-2317
-910
-1038
-1984
-5200
-9036
-11804
-10106
-4950
-4169
-8252
-14209
-17464
-14368
-10279
-8848
-9151
-10312
-11731
-12722
-11765
-7666
-3575
-3801
-4920
-4485
-2795
533
2444
3420
5062
6155
7108
8130
9632
11537
11707
10016
10591
13314
14617
13534
10416
8252
8590
9397
9795
8504
5653
3108
519
-420
1311
2508
1018
-2097
-4795
-5202
-4106
-3043
-2237
-2955
-4300
-5173
-5695
-4865
-2993
-1451
-1025
-1350
-1287
-1116
-974
118
1798
3510
3548
2758
2456
2268
6677
9970
8175
3679
-1039
1109
6533
8758
6456
770
-3039
-1838
-186
186
659
-1859
-6552
-10615
-10691
-4874
-2476
-6590
-12318
-16275
-14168
-10382
-9315
-9459
-10196
-11609
-12729
-11912
-8658
-4487
-4714
-6910
-6173
-4028
-618
1494
2051
3447
4299
4836
5957
7790
9888
10568
9736
9559
11140
12365
11887
10384
9164
9365
9520
8953
8251
6829
4756
2534
1227
1602
2012
665
-1542
-3264
-3827
-3233
-2970
-3193
-3389
-3963
-4473
-4302
-3243
-1899
-1673
-2130
-1707
-647
64
260
678
1712
3143
3146
2533
2006
2594
7442
9666
7579
3165
-911
1612
6515
8283
5892
698
-2180
-942
53
535
1048
-1659
-6368
-9750
-8392
-2883
-2109
-6899
-12247
-14883
-12351
-9601
-9174
-9329
-10054
-11574
-12923
-11649
-7820
-4850
-6118
-7586
-5857
-3683
-1668
-864
27
2199
3466
4342
5140
6644
7907
7604
7520
8879
11420
11799
10076
8949
8565
8953
8670
8283
8112
6810
4548
2401
2080
3288
3482
1023
-1556
-2514
-2295
-1776
-2414
-2706
-2696
-3430
-3777
-3498
-2184
-967
-1377
-2205
-1875
-410
849
1006
891
1610
2723
2778
2472
1705
4048
8833
8888
5518
344
-665
3962
7309
6984
3354
-383
-614
364
30
548
400
-2766
-7047
-8577
-4354
-564
-3818
-9789
-13888
-13086
-9137
-7677
-8006
-8967
-11070
-13174
-13534
-10171
-5033
-4030
-6890
-7766
-5968
-3424
-1910
-1364
728
3006
3668
3758
3863
5059
6562
7224
8331
9752
10006
8662
6650
6268
8195
9689
9244
7776
5374
3117
1814
2324
4502
4684
2233
-860
-3004
-2742
-1167
-110
-233
-1235
-2406
-3571
-3953
-2193
141
515
-414
-941
-653
206
1035
2044
2949
3368
3368
3663
2933
4691
8111
7456
5022
1329
1058
4469
6298
5386
1721
-1493
-800
827
402
-49
-1512
-4802
-7771
-8149
-3582
-508
-4278
-9743
-13741
-12999
-8835
-6709
-6249
-7392
-10128
-12296
-12002
-8880
-4678
-3967
-6219
-6344
-5029
-3121
-1659
-1451
41
1550
2600
4100
4942
4997
4306
4117
6144
9176
10033
8490
6147
4667
5238
6405
7477
7887
6120
2816
-4
166
3445
5415
3226
-554
-3087
-3202
-1582
-232
204
-242
-1577
-2996
-3446
-1975
512
1447
733
364
1252
1737
1518
1661
2882
4336
4840
4765
4765
7675
8464
5447
2165
1195
5484
8569
6676
2624
-1376
-2054
373
1553
1511
406
-3601
-8227
-10188
-6912
-1046
-1460
-7431
-12682
-14511
-11761
-8969
-7688
-6668
-7772
-10681
-12850
-11665
-7159
-3603
-4315
-5539
-4628
-3263
-1953
-1528
-156
2419
3417
3732
4330
5302
5643
4794
4532
6369
8756
8793
7214
5261
4357
5158
5180
5106
5099
3802
1564
-979
-897
1796
3068
1357
-1854
-3998
-3415
-1352
-112
-60
-1051
-1899
-2426
-2621
-725
1318
2027
1687
1077
2023
3173
3406
3603
3710
4594
5703
6148
9274
11002
8019
2706
-720
3767
10266
10627
5184
-1570
-3645
-635
1234
1425
1403
-1505
-6865
-11261
-9736
-2635
-616
-6400
-12991
-15529
-12314
-9063
-8855
-8517
-8397
-9858
-11940
-12106
-8228
-3961
-4274
-5662
-4680
-2362
-504
-1188
-1221
1995
5154
6295
5672
4562
4946
5545
6038
7718
9045
8292
5947
3479
3272
5685
6752
5546
2831
-229
-1302
-1127
313
2086
1399
-1319
-4076
-5267
-3700
-1149
79
-513
-2394
-3448
-2946
-1558
286
1098
1063
1242
1809
2708
3412
3805
4589
5023
5617
6094
7403
11050
11088
7616
3163
2325
7149
10681
9077
3926
-519
-598
1526
1153
213
-781
-3980
-7977
-9840
-6207
-1340
-3528
-10318
-15354
-14819
-10127
-7979
-8720
-9307
-9847
-11184
-12107
-10370
-6165
-3854
-5432
-6132
-4301
-1421
406
-234
244
2727
5011
6528
6973
6911
6162
5012
5462
8355
10390
9156
5824
2593
2604
4340
4907
4524
2503
-425
-3148
-4448
-2330
655
681
-2210
-5955
-7334
-5108
-2245
-854
-1000
-2374
-3397
-3630
-2233
494
1840
1679
1330
1707
3199
4563
5159
5364
5717
6794
7470
10698
13194
11036
6442
2396
5599
11498
12593
8319
1599
-1411
1248
3449
2755
1105
-2510
-6972
-10130
-8996
-2892
-1080
-6630
-13311
-16853
-13903
-9608
-8604
-8873
-10051
-11311
-12071
-11406
-8383
-5210
-5199
-6150
-4985
-2857
-534
-73
-289
1353
3399
5531
7033
7316
6967
5998
5719
7395
9259
9418
7840
5201
3941
3900
3564
3412
2418
688
-1137
-3443
-3587
-2092
-1643
-2449
-4513
-5960
-5660
-4994
-4031
-2836
-2535
-2726
-3348
-3400
-1398
568
1634
1858
1753
2421
3248
4163
5998
6895
7011
6402
8272
13281
13529
9473
3981
3764
9891
13480
11240
5446
1076
1430
3112
2662
2547
1086
-3824
-8890
-10237
-5036
-405
-4372
-11612
-16181
-14762
-9789
-8231
-8875
-9893
-11633
-12501
-11481
-8304
-4684
-4494
-6614
-6375
-4001
-1072
617
404
1188
2507
3345
4970
6459
7417
6984
5557
5818
7698
8750
7851
5716
3912
3762
3939
3401
2447
440
-1653
-3560
-4444
-2802
-1172
-1776
-4576
-7556
-7767
-5452
-2790
-1697
-2686
-4495
-5047
-4217
-2049
587
1862
1753
955
925
2390
3936
5749
6928
7319
6679
6874
11310
13605
11802
6898
4267
8475
12825
12506
7874
2985
2517
4694
4268
3054
1805
-1733
-6171
-9073
-5919
-270
-1873
-8941
-15382
-16321
-11442
-8201
-7977
-8717
-10788
-12734
-12972
-10531
-6103
-4122
-5503
-6052
-4946
-2857
-1102
-501
1135
3174
3829
4260
5101
6245
6861
6216
6388
7692
8316
7353
5281
4056
4265
4362
3240
2162
831
-1221
-3263
-4576
-3603
-1928
-2026
-4153
-6875
-7596
-6381
-4766
-3459
-2955
-3527
-4561
-4739
-3313
-1034
532
1364
1796
1943
2125
2552
3782
5958
7428
7548
6329
8624
12857
12512
8793
4347
6221
12086
13753
10228
4594
1947
4167
5765
4535
3460
955
-3271
-7264
-7434
-1883
819
-4341
-11662
-15849
-13452
-8773
-7535
-7935
-9435
-11382
-12077
-11102
-8002
-5149
-5465
-6331
-5221
-3323
-1461
-1029
-956
1004
2884
4040
5047
5411
5682
5383
5217
6491
7671
7620
6400
4014
3182
3977
3652
2826
1433
-355
-1977
-4011
-4127
-2518
-1988
-2539
-5168
-7754
-7077
-5164
-3256
-2676
-3572
-4283
-4964
-4236
-1595
-72
350
358
488
1605
2491
3236
4473
5245
6052
5881
5871
10680
13388
10975
5600
2581
7996
13848
13606
8452
2856
2347
5539
5927
5016
4122
558
-4005
-7204
-4481
1654
638
-6501
-13189
-14605
-10069
-7144
-7399
-8048
-9534
-11121
-11723
-10254
-6561
-4478
-5916
-6383
-4668
-2403
-1055
-1841
-1209
1440
3209
4280
4492
4532
4774
4587
5049
6501
7702
6949
4443
2575
2840
3877
3736
2457
374
-1761
-3271
-4040
-3268
-1897
-1720
-3552
-6567
-7634
-6084
-3897
-2716
-2848
-3722
-4307
-4083
-3263
-1548
220
1140
1141
809
1333
2366
3664
4829
5443
5930
5403
8475
11908
10982
7274
2941
5542
11582
13386
9836
3956
1741
4576
6324
5388
4324
1547
-2338
-5620
-4864
970
2584
-3070
-10099
-13836
-10575
-6381
-6033
-6685
-8432
-10106
-10751
-10116
-7294
-4947
-5433
-6073
-5164
-3532
-1739
-1640
-1526
173
1322
2880
4351
4830
4510
3269
3679
5791
7237
6678
4427
2930
3025
3457
3480
2742
1604
-264
-2563
-4081
-3406
-1431
-934
-2769
-5617
-6898
-6299
-4540
-2717
-2434
-3379
-4747
-4872
-3535
-1579
-64
-9
-317
281
1125
1487
1959
3418
4663
5464
4672
5841
10371
11212
8261
3189
3225
9741
13504
11161
5424
1759
3699
6572
5981
5024
3346
-284
-4168
-5392
-643
3527
155
-6536
-11656
-11042
-6917
-5962
-6241
-6623
-7998
-9219
-9878
-8314
-5590
-5059
-5681
-4898
-3493
-2440
-2455
-2622
-415
1862
2718
3113
3020
3411
3420
3452
4856
6578
6767
4613
2296
2051
3452
4301
3628
1988
-489
-2437
-3218
-2977
-1523
-889
-2315
-4853
-6640
-6097
-4594
-3196
-2451
-2787
-3874
-4562
-4086
-2797
-1308
-375
33
347
652
805
679
1858
3528
4856
4987
4736
8417
10468
8331
4043
2516
7972
12988
11789
6183
1821
2961
6838
7231
5570
3917
622
-2960
-4612
-1262
3589
1654
-5049
-10445
-10739
-6706
-5011
-5801
-6612
-7836
-8572
-8821
-7690
-5609
-5376
-6162
-5294
-3198
-1799
-2353
-3316
-1706
845
2470
3516
3509
3476
2973
2683
4445
6507
7028
5285
2564
1870
2897
3519
3662
2733
990
-1215
-3342
-3562
-2008
-691
-1156
-3349
-5579
-6034
-5473
-4071
-2712
-2680
-3300
-4447
-4519
-3052
-1774
-1105
-974
-558
483
861
509
814
1881
3405
4755
4341
6534
9559
8532
5156
1835
4893
11078
12392
8406
2758
1106
4704
7195
6542
5190
2125
-1403
-3929
-2711
2553
3489
-1816
-7783
-10339
-7554
-4806
-5158
-5678
-6811
-7781
-7931
-7472
-5540
-4853
-6069
-5777
-3561
-1564
-1617
-3338
-2942
-134
1780
2888
3284
3506
3721
2811
3382
5572
6635
5980
3495
2019
3054
3477
3035
2278
1201
136
-1962
-3601
-2920
-1560
-1184
-2482
-4763
-5542
-5238
-4640
-3526
-3218
-3329
-4099
-4766
-3415
-1864
-1420
-1540
-1641
-326
1136
1271
930
1274
2141
3584
3917
5358
9375
9628
6039
1235
1794
8815
13052
10758
4607
621
2627
6154
6632
5925
3917
297
-3219
-4037
533
4216
819
-5617
-9908
-8540
-4842
-4487
-5240
-6292
-7627
-7966
-7699
-5609
-3941
-5173
-6285
-4905
-2011
-430
-1765
-2910
-1237
922
2296
3218
3751
4231
3304
2537
4517
6661
6940
4753
1942
2205
3513
3740
2997
1373
-47
-1518
-3168
-3002
-1684
-1382
-2382
-4444
-5511
-5045
-4578
-3685
-3230
-3544
-4054
-4793
-3943
-2206
-1459
-1476
-1949
-1297
263
775
639
1129
1632
2768
3266
4733
8710
9224
6114
1546
1542
7775
12083
10346
4868
1196
2813
5882
6268
5755
3758
300
-2559
-2937
1293
4152
481
-5430
-8906
-7243
-3941
-4019
-5063
-6149
-7395
-7533
-6921
-4792
-3467
-5295
-6412
-4650
-1638
-193
-1915
-2906
-935
1070
2086
2561
3107
4002
3208
2685
4582
6277
6018
3811
1978
2932
4112
3526
2204
942
573
-493
-2454
-2850
-2156
-1775
-2433
-3809
-4561
-4967
-5381
-4603
-3278
-2607
-3261
-5048
-4960
-2774
-1215
-1018
-1832
-1722
-231
586
764
1415
1821
2473
2480
3717
8011
9371
6400
1413
916
6841
11392
10158
5020
1422
2664
5163
5507
5591
4470
1015
-2740
-3432
1288
4747
1054
-5271
-8717
-6665
-3484
-3966
-4856
-5322
-6304
-7281
-7373
-4769
-2648
-4528
-6626
-5222
-1472
523
-1635
-3302
-1345
1222
2391
2282
2505
3820
3361
2304
3567
5556
6568
4771
2159
2199
3151
3229
2287
1268
1049
-266
-2646
-3162
-2176
-1094
-1448
-3466
-4545
-4612
-4435
-3943
-3476
-2677
-2815
-4384
-4683
-2963
-1182
-943
-2025
-2032
-483
816
1059
1043
1101
1954
2103
3435
7417
8594
5997
747
184
6236
10647
9450
4238
834
2499
4948
5122
5269
4039
695
-2762
-3093
2043
5218
1017
-5458
-8474
-5596
-2212
-3070
-4419
-5449
-6426
-6759
-6276
-3444
-1817
-4376
-6689
-5134
-924
1425
-900
-3102
-1857
713
2708
2856
2678
3036
2395
2126
3830
5545
5728
3450
1110
1966
3273
3469
1991
220
-139
-746
-1721
-2082
-2046
-1848
-2278
-3460
-3629
-3457
-3688
-3786
-3554
-2590
-2487
-3590
-3944
-2796
-1085
-507
-1489
-1966
-1174
155
1003
1556
1625
1659
1214
2317
6836
8601
6255
941
-187
5337
9670
8977
4225
1155
2545
4402
4402
4771
4025
708
-3099
-3278
2282
5625
1204
-5683
-8495
-5216
-1712
-2458
-3705
-4790
-6237
-7173
-6479
-2664
-633
-3601
-6657
-5533
-1171
1303
-699
-2492
-1302
733
1890
1954
2678
3623
2501
1757
3043
4869
5527
3164
1155
1645
2458
2668
1328
363
450
-657
-2127
-2858
-2383
-1148
-1368
-2596
-3316
-3765
-3813
-3437
-2519
-1257
-1675
-3136
-3728
-2597
-277
356
-600
-1315
-1032
276
1040
1628
1848
1710
708
2054
6432
7870
5103
-287
-62
5712
9409
7754
2418
526
2670
4019
3854
4178
3479
-161
-4564
-3682
3095
5914
536
-6922
-9000
-4714
-1490
-1972
-2999
-4312
-5827
-7394
-6135
-1470
119
-3214
-6392
-4890
-239
1557
-508
-1861
-717
1223
2126
2331
3365
3624
2121
1627
3133
5494
5407
2532
880
1353
2340
2055
584
-21
-214
-1216
-2536
-3160
-2212
-1370
-1980
-2941
-3498
-3440
-3391
-3338
-2196
-961
-1343
-2635
-3386
-1995
334
883
227
-687
-507
373
983
2085
2665
2355
859
2256
5988
6838
3612
-676
1113
6073
8033
4967
723
1064
3291
3371
2700
3080
2436
-1304
-5027
-2321
4335
5145
-1450
-8133
-8030
-3263
-1231
-1927
-2851
-4213
-6151
-7710
-4801
255
669
-3259
-6059
-3631
777
1601
-115
-776
325
1720
2209
3043
3886
2888
1360
1775
4035
5447
3657
967
647
1946
2663
1306
-478
-1115
-1441
-1660
-2030
-2391
-2430
-2888
-3117
-2705
-2606
-2861
-3492
-3302
-1632
-544
-1018
-2224
-2547
-1092
497
1093
1019
310
58
233
1225
2659
3148
2265
742
2865
5784
5438
1645
-950
2355
6362
6358
2375
-292
1513
3342
2612
2108
2495
1260
-2778
-5164
-681
5035
3710
-3425
-8441
-6503
-2186
-1176
-1842
-2590
-4032
-6324
-7175
-3088
1221
271
-3767
-5242
-1754
1792
1587
99
216
1547
2257
2357
3226
3799
2694
1787
2614
4447
4408
1935
452
1255
2380
1736
-372
-1515
-1386
-1495
-1884
-2345
-2665
-3012
-3468
-3152
-2396
-2335
-3158
-3709
-2776
-995
-477
-1585
-2427
-1653
130
1285
1358
1056
660
442
776
2144
3387
3498
1764
1099
3926
5446
3751
-69
-140
4129
6132
3780
-250
-622
2031
2742
1894
1747
778
-2000
-4858
-3025
2923
4478
-549
-6401
-7274
-3613
-1168
-1058
-1385
-2771
-4821
-5989
-3809
334
821
-1976
-3946
-2417
878
1782
920
686
1388
2134
2441
3096
3568
2872
1930
2474
3913
4174
2374
566
808
1877
1796
173
-1396
-1714
-1646
-1958
-2344
-2553
-3014
-3618
-3588
-2686
-1934
-2491
-3598
-3324
-1444
141
-414
-1966
-1956
-226
1253
1424
1107
1062
968
748
1153
2584
3376
2787
964
854
3842
4937
3217
-49
-265
2761
3970
2525
153
-239
749
421
129
1040
738
-1545
-4235
-3108
1358
2913
53
-3775
-4815
-3164
-1781
-1049
-315
-1093
-3173
-4720
-3256
264
1116
-629
-2129
-1333
804
1260
731
895
1536
2214
2192
2337
2586
1978
1540
2089
3089
2956
1094
-283
363
1600
1450
-389
-1942
-2010
-1644
-1683
-1880
-2044
-2489
-3103
-2835
-1584
-806
-1670
-3209
-2947
-733
1062
418
-1420
-1630
-98
1255
1500
1379
1167
751
123
492
2204
3374
4465
3943
1827
-484
-1316
1749
4856
4813
1309
-2322
-2170
292
2195
2533
917
-1825
-4109
-4083
-780
1884
1216
-1571
-4004
-4236
-3056
-1583
-472
-681
-1744
-2420
-2379
-1719
-1514
-1034
326
1090
842
-79
-97
1052
1960
2406
2799
3119
2767
1790
1391
2128
3030
3225
2497
1435
436
-248
172
1209
1274
-341
-2199
-2676
-2142
-1933
-2189
-2195
-2048
-2524
-3482
-3350
-1872
-500
-709
-1827
-1890
-744
261
124
-199
446
1247
1461
1103
1042
1366
1664
1482
1865
4212
5075
2885
-990
-1989
1169
3943
4054
1388
-1214
-2442
-2169
-31
2153
1487
-2409
-5751
-4706
-786
1212
-96
-2738
-4258
-4027
-2700
-1030
-180
-835
-2188
-2609
-1324
420
690
-426
-1095
261
2581
3328
2225
833
747
2097
3661
4394
3929
2636
1298
1187
2313
3306
2790
1055
-137
-168
137
-1
-380
-551
-875
-1950
-2946
-2903
-2116
-1661
-2102
-2439
-2334
-2438
-2752
-2208
-524
741
1
-1711
-1887
-15
1896
1959
849
286
638
1155
1369
1692
1726
1903
2757
3087
2242
284
-280
1105
2176
1583
-29
-914
-1016
-929
-404
254
-525
-2755
-4146
-2905
-649
-231
-1578
-2897
-3347
-3114
-2329
-959
-190
-1135
-2435
-2186
-543
708
612
-98
-201
334
1065
1810
2411
2501
1787
1473
2070
3040
3377
2759
2265
2165
2259
2333
2133
1740
1066
543
487
406
-114
-804
-1051
-938
-1238
-2018
-2192
-1622
-1150
-1511
-2223
-2234
-1745
-1234
-958
-667
-307
-496
-1104
-1074
136
1554
1594
332
-481
-7
1154
1784
1531
1141
854
1326
2091
1984
920
-137
134
919
745
-439
-1123
-772
-343
-487
-1009
-1580
-2352
-2771
-2088
-793
-522
-1783
-2957
-2728
-1503
-804
-1099
-1449
-1481
-1251
-842
88
1102
955
-31
-454
470
1645
2028
1774
1624
1783
1777
1853
2003
2133
2160
1915
1905
1852
1385
974
718
689
626
337
28
-452
-985
-1146
-974
-706
-792
-1292
-1446
-1158
-772
-795
-1166
-1199
-771
-67
332
143
-134
-130
129
478
802
1097
1063
637
332
529
1187
1694
1414
1037
1289
1642
1131
68
32
939
984
-632
-2074
-1828
-568
-264
-1324
-2187
-2494
-2776
-3193
-2610
-1172
-815
-2185
-3573
-3023
-1389
-575
-973
-1380
-980
-556
-384
14
953
1732
1546
1058
1061
1589
1980
2225
2573
2828
2623
1763
1184
1311
1932
2416
2069
1377
607
2
-181
-67
199
49
-675
-1483
-1856
-1832
-1681
-1547
-1325
-1151
-1339
-1644
-1568
-972
-391
-56
189
398
427
317
556
1176
1511
1291
1001
1281
1950
2151
1599
942
894
1303
1648
1527
1030
361
-222
-109
469
691
-78
-1376
-2043
-1675
-891
-630
-1286
-2329
-2721
-2138
-1311
-1278
-1915
-2332
-2037
-1535
-1251
-849
-373
-262
-730
-902
-220
599
793
574
734
1265
1447
1015
602
800
1478
1943
1711
1072
469
161
332
681
886
589
-181
-672
-731
-505
-412
-585
-717
-894
-1127
-1252
-1038
-765
-751
-880
-695
-217
36
88
155
340
445
538
877
1360
1535
1246
938
919
1161
1518
1834
2033
1798
1156
655
628
1154
1596
1428
768
23
-250
-93
54
129
56
-124
-514
-1150
-1426
-1282
-985
-966
-1292
-1486
-1621
-1790
-1872
-1722
-1277
-1002
-1152
-1452
-1405
-839
-253
-173
-312
-127
314
555
429
372
504
489
471
731
1105
983
168
-420
-218
406
661
261
-297
-670
-743
-574
-355
-303
-523
-835
-1026
-1088
-1027
-803
-584
-517
-611
-693
-592
-317
129
570
692
493
296
555
1275
1856
1918
1493
1156
1332
1887
2394
2358
1849
1394
1446
1803
1927
1570
1050
709
628
731
739
461
-163
-731
-810
-538
-317
-587
-1151
-1575
-1664
-1451
-1295
-1259
-1246
-1293
-1487
-1798
-1941
-1564
-856
-372
-348
-683
-840
-633
-200
463
1013
1157
646
-122
-215
449
1224
1361
858
194
-402
-771
-688
-184
140
-250
-1136
-1728
-1678
-1342
-1081
-988
-1095
-1409
-1686
-1624
-1222
-848
-653
-466
-294
-240
-320
-232
228
811
1185
1313
1313
1283
1269
1443
1976
2436
2321
1777
1422
1651
1968
1946
1837
1819
1775
1376
840
675
788
843
720
522
255
-186
-643
-711
-486
-393
-537
-830
-1013
-1226
-1439
-1282
-876
-498
-539
-898
-1209
-1284
-976
-362
238
311
-126
-598
-555
31
680
1088
947
382
-173
-231
319
764
666
208
-195
-438
-743
-968
-897
-738
-844
-1290
-1758
-1904
-1793
-1646
-1575
-1563
-1540
-1547
-1650
-1644
-1245
-655
-355
-537
-748
-496
-63
212
390
693
1044
1088
923
914
1224
1614
1825
1847
1823
1838
1798
1774
1783
1836
1899
1833
1739
1612
1450
1245
997
865
881
862
670
369
60
-163
-366
-479
-358
-242
-394
-897
-1336
-1244
-838
-568
-594
-718
-784
-841
-798
-455
24
246
105
-154
-177
70
431
745
751
404
-32
-162
124
385
255
-147
-474
-611
-768
-1015
-1160
-1140
-1164
-1419
-1747
-1875
-1810
-1775
-1825
-1814
-1673
-1523
-1451
-1399
-1280
-1094
-852
-556
-282
-127
-115
-72
168
555
942
1163
1202
1105
977
1053
1424
1905
2114
1912
1565
1415
1480
1595
1726
1839
1844
1534
1007
648
614
869
1072
951
495
-100
-442
-378
-120
53
-21
-273
-518
-656
-634
-497
-338
-118
78
79
-153
-388
-278
135
528
681
565
249
-86
-129
268
771
841
371
-244
-558
-463
-170
34
-96
-588
-1157
-1465
-1382
-1095
-931
-1081
-1500
-1853
-1842
-1541
-1321
-1356
-1424
-1321
-1173
-1201
-1252
-1043
-681
-503
-574
-581
-385
-217
-201
-110
236
612
682
492
359
486
819
1163
1325
1237
1025
927
1022
1170
1242
1249
1234
1159
990
803
718
787
919
938
743
455
298
299
312
280
292
361
339
166
-33
-114
-36
184
458
570
393
86
-27
158
480
730
769
548
178
-17
171
548
694
422
-45
-384
-427
-250
-62
-102
-454
-895
-1108
-1049
-967
-1022
-1118
-1185
-1324
-1531
-1570
-1365
-1198
-1308
-1493
-1406
-1088
-891
-945
-1025
-919
-706
-561
-497
-436
-388
-374
-297
-87
172
275
166
22
77
375
690
804
719
624
629
669
699
762
889
961
881
729
631
602
596
645
768
848
710
383
150
251
597
806
665
352
186
229
351
497
668
751
603
365
341
577
813
849
781
724
649
524
451
509
593
537
314
63
-82
-114
-149
-275
-427
-519
-560
-633
-773
-909
-989
-1006
-1011
-1054
-1132
-1188
-1208
-1264
-1345
-1307
-1098
-944
-1044
-1229
-1200
-949
-747
-705
-665
-555
-513
-600
-590
-306
61
158
-18
-138
-21
172
259
313
422
498
435
310
278
343
454
567
586
455
253
166
254
418
541
548
389
144
72
296
613
685
530
425
461
509
541
697
939
1029
883
739
770
885
975
1062
1164
1114
853
613
641
835
868
651
387
259
205
100
-46
-150
-205
-296
-439
-588
-698
-780
-848
-860
-843
-877
-1020
-1168
-1186
-1076
-966
-955
-996
-1035
-1058
-1039
-919
-718
-605
-677
-793
-724
-492
-321
-331
-397
-364
-253
-163
-133
-113
-99
-107
-109
-83
-20
18
-19
-98
-126
-61
14
8
-45
-48
-11
-11
-9
85
232
247
133
122
310
504
510
474
576
731
748
695
801
1018
1109
1004
942
1062
1199
1185
1084
1080
1135
1098
972
904
918
873
722
583
539
491
338
146
33
1
-37
-129
-277
-453
-599
-646
-613
-618
-750
-948
-1069
-1073
-1010
-956
-940
-982
-1067
-1075
-935
-747
-704
-807
-817
-624
-393
-367
-520
-621
-524
-267
-55
-43
-251
-453
-388
-106
113
49
-143
-251
-252
-229
-211
-154
-154
-248
-344
-331
-269
-289
-310
-215
-35
29
-48
-75
45
219
320
402
518
612
614
588
685
879
1051
1104
1078
1026
965
987
1129
1295
1286
1072
867
827
892
882
802
740
676
513
279
163
210
278
202
21
-144
-247
-316
-354
-348
-358
-445
-583
-672
-677
-684
-734
-756
-686
-610
-662
-803
-835
-687
-526
-509
-573
-558
-493
-502
-561
-490
-275
-171
-326
-537
-510
-308
-222
-332
-423
-356
-296
-379
-497
-465
-352
-340
-398
-362
-233
-239
-395
-447
-227
53
88
-57
-96
47
167
189
285
511
645
510
338
448
781
967
856
703
730
839
851
827
932
1059
980
723
598
746
927
893
716
610
562
449
311
315
436
417
168
-110
-195
-134
-120
-203
-290
-335
-409
-534
-617
-583
-491
-455
-497
-549
-568
-558
-530
-466
-390
-348
-342
-324
-286
-288
-329
-307
-172
-55
-105
-265
-335
-253
-160
-180
-254
-282
-296
-364
-432
-393
-297
-322
-483
-575
-473
-332
-334
-412
-383
-282
-272
-343
-294
-85
68
20
-66
0
152
211
195
273
457
559
480
370
407
582
737
785
761
712
649
606
665
804
879
781
590
473
470
512
522
491
408
265
129
85
117
122
72
15
-40
-142
-248
-237
-130
-94
-200
-304
-294
-265
-312
-341
-236
-118
-182
-349
-363
-181
-51
-132
-264
-236
-102
-67
-172
-272
-259
-189
-152
-173
-263
-400
-505
-464
-305
-217
-343
-601
-733
-611
-369
-267
-384
-551
-569
-438
-321
-284
-250
-180
-140
-153
-117
10
119
114
103
223
396
436
331
276
377
544
622
597
545
501
471
483
547
605
572
448
354
368
424
406
307
248
266
279
209
133
142
182
162
92
58
61
47
36
71
107
52
-59
-94
-18
61
69
30
-25
-93
-138
-81
47
87
-47
-226
-254
-131
-37
-92
-224
-305
-309
-301
-310
-310
-315
-373
-473
-533
-503
-448
-457
-515
-539
-509
-494
-529
-542
-478
-379
-336
-355
-348
-286
-233
-216
-170
-50
60
55
-16
0
147
298
330
283
265
316
393
452
487
499
489
475
474
482
496
515
514
470
397
356
367
379
339
279
249
231
190
156
171
183
117
20
-6
53
98
70
11
-29
-47
-40
18
98
99
-16
-128
-86
88
198
115
-68
-153
-77
41
62
-19
-126
-210
-249
-236
-198
-209
-308
-424
-464
-438
-436
-487
-529
-527
-526
-553
-570
-530
-472
-443
-427
-390
-343
-306
-256
-162
-62
-24
-33
-1
97
196
223
211
230
285
323
320
306
308
317
319
316
313
309
286
230
186
198
248
247
158
65
66
134
160
102
32
20
51
82
104
111
79
27
29
136
254
251
142
62
105
223
317
341
286
172
88
138
298
380
264
69
-12
42
101
83
32
-28
-124
-232
-269
-219
-182
-237
-346
-422
-439
-434
-420
-398
-387
-414
-457
-461
-425
-385
-352
-312
-275
-282
-316
-299
-201
-97
-75
-108
-105
-51
-5
16
62
139
180
146
98
115
171
201
195
197
210
173
87
56
123
201
189
97
26
33
77
113
127
115
72
37
67
152
198
152
77
73
149
229
253
226
178
143
161
250
366
397
297
155
117
220
354
370
241
78
-3
24
91
121
71
-46
-160
-200
-159
-120
-157
-233
-273
-282
-316
-376
-388
-336
-308
-355
-417
-420
-381
-351
-322
-273
-247
-282
-310
-240
-107
-40
-81
-131
-100
-20
30
44
62
82
69
26
20
81
155
165
108
45
40
86
141
170
136
52
-13
13
109
161
101
-8
-61
-22
58
120
131
77
0
-10
78
190
227
185
141
148
179
197
212
250
287
272
206
148
148
197
245
246
182
80
12
23
84
124
83
-16
-106
-136
-110
-73
-72
-117
-180
-234
-257
-241
-202
-179
-209
-270
-289
-241
-186
-175
-188
-170
-142
-144
-153
-121
-54
-25
-52
-75
-56
-26
-12
9
40
31
-21
-50
0
63
49
-18
-50
-21
8
1
-16
-29
-44
-57
-39
-2
6
-30
-66
-48
4
43
46
37
38
50
74
110
140
142
127
130
167
203
197
158
134
162
212
221
172
110
95
119
142
138
109
55
-5
-27
5
46
30
-37
-95
-105
-85
-73
-77
-87
-99
-115
-122
-111
-100
-108
-129
-132
-99
-65
-67
-98
-118
-104
-74
-49
-32
-23
-31
-55
-69
-52
-18
5
8
7
0
-21
-38
-26
11
42
43
28
16
10
7
16
41
61
44
8
-18
-17
-13
-20
-26
-20
-14
-24
-43
-40
-18
7
16
16
16
8
-1
11
52
84
67
21
-3
23
69
86
71
49
34
33
48
80
102
86
39
8
28
71
79
43
7
-1
7
0
-17
-20
-13
-14
-28
-42
-45
-44
-42
-29
-6
3
-20
-42
-32
2
20
6
-16
-19
-4
5
4
-3
-20
-41
-48
-30
-13
-28
-64
-82
-69
-47
-41
-50
-61
-69
-69
-55
-37
-31
-46
-58
-50
-32
-23
-26
-27
-20
-14
-12
-8
8
24
25
24
36
48
54
52
61
83
96
86
61
47
57
79
89
72
46
28
21
21
35
57
59
33
0
-6
19
44
46
30
11
-7
-13
-6
10
20
5
-25
-41
-27
-4
-1
-18
-29
-25
-16
-11
-6
-8
-17
-28
-24
-4
7
-7
-32
-47
-46
-38
-28
-23
-37
-66
-88
-76
-43
-20
-25
-49
-65
-59
-29
1
15
2
-22
-31
-17
3
7
-4
-17
-19
-16
-15
-17
-13
1
21
40
45
38
27
28
48
76
86
55
8
-14
5
47
61
38
-3
-25
-12
25
58
64
45
22
10
21
40
50
42
23
6
0
1
3
1
-5
-7
-4
1
1
-6
-11
-6
7
12
5
-9
-10
0
7
2
-8
-14
-10
-3
0
-7
-19
-27
-29
-23
-16
-16
-22
-30
-34
-33
-29
-24
-24
-29
-32
-27
-18
-13
-15
-17
-19
-20
-18
-18
-17
-18
-17
-10
-2
-4
-16
-20
-8
11
18
4
-11
-8
12
26
24
11
-1
4
22
39
39
24
11
13
24
36
40
36
31
22
16
22
34
43
40
26
13
12
15
20
19
20
15
8
5
1
3
7
7
8
5
-2
-11
-17
-18
-13
-8
-9
-17
-24
-28
-28
-29
-26
-22
-20
-23
-32
-37
-32
-19
-12
-10
-21
-34
-35
-27
-16
-11
-18
-29
-34
-29
-20
-14
-15
-16
-11
-8
-6
-6
-1
7
17
22
13
1
-7
-6
8
26
29
19
2
-3
7
28
40
38
22
10
15
31
42
43
37
30
25
27
30
33
34
30
22
17
12
13
16
15
11
5
-4
-6
-6
-5
-5
-8
-9
-11
-16
-21
-22
-22
-22
-27
-33
-33
-26
-21
-24
-32
-35
-30
-20
-11
-10
-16
-20
-16
-3
4
3
-4
-3
6
13
9
0
0
8
11
7
-2
-4
-3
3
5
5
3
-1
1
6
13
12
5
-1
0
7
15
17
12
3
-5
-5
2
10
12
4
-4
-5
0
5
6
6
6
5
-1
-4
-1
4
7
6
-1
-5
-6
0
8
11
6
-2
-7
-7
-6
-4
-2
-4
-9
-15
-16
-8
2
6
0
-5
-1
6
11
9
5
6
8
9
7
2
-3
-4
-1
2
0
-5
-10
-8
-2
-2
-5
-8
-6
-3
0
2
4
6
4
0
0
-1
-2
-5
-5
-1
0
-5
-10
-9
-5
-2
-1
1
1
0
-2
-2
1
5
5
5
10
10
4
1
0
3
5
-1
-10
-11
-6
3
6
5
6
5
5
7
12
15
9
6
7
8
0
-7
-9
-4
-3
-4
-4
-4
-4
-7
-11
-7
2
6
5
0
-3
-2
-2
1
3
