1
-1
-1
0
2
4
3
-1
0
2
-2
-6
-4
-3
-4
1
5
2
-3
-3
-3
-5
-3
-1
-1
0
1
1
1
1
0
-1
2
0
0
0
1
-1
0
-1
-1
0
1
1
2
2
0
0
1
-1
0
0
2
3
4
5
5
3
4
3
1
0
1
1
1
0
2
3
1
1
2
0
-2
-1
-1
-2
1
2
2
2
1
0
0
-2
-1
2
2
2
2
0
-1
-3
-2
-3
0
0
1
0
0
0
0
1
-1
0
0
0
0
0
-1
-1
-1
0
-2
-4
-5
-4
-4
-5
-4
-2
0
-1
0
-1
1
1
2
2
2
1
1
-1
0
0
2
2
2
1
2
2
1
0
0
2
2
1
1
3
1
0
-2
0
1
-1
-1
0
1
1
-1
0
0
0
0
0
-1
0
0
1
0
-1
0
3
2
1
1
1
2
0
-1
-2
1
-1
1
0
1
0
0
1
0
0
0
0
0
0
0
-1
-3
-2
1
3
2
0
0
1
1
0
0
1
2
1
0
1
1
-1
1
1
0
0
-1
1
0
-2
-2
0
-1
-3
-2
0
0
1
1
3
3
1
-1
1
1
0
0
1
3
-1
-3
-5
-3
-3
-4
-2
-1
1
1
-1
0
1
1
-2
0
3
-1
-1
2
1
-2
0
2
-2
-1
1
2
0
1
1
-1
-1
-2
-2
-2
-1
-1
-1
0
-1
0
-1
-1
0
1
1
1
1
2
2
2
1
1
1
1
2
3
2
0
-1
0
5
4
0
4
4
4
6
2
3
7
4
3
4
0
0
2
1
1
1
-1
-2
-1
0
-1
1
1
0
0
0
-2
-3
-3
-1
0
-1
-3
-2
0
0
-3
-1
-2
-1
-1
-5
-4
-3
-2
-2
2
-3
-1
-2
-2
2
-1
-1
1
1
0
0
-2
0
4
1
3
2
-1
-1
-2
0
1
0
2
0
1
0
-2
-1
2
5
3
3
0
0
0
0
-1
2
3
2
3
-1
-1
0
-2
-4
0
-4
-1
0
0
0
1
1
0
-1
-1
-2
-1
0
0
1
1
1
1
1
0
1
1
1
1
1
1
1
1
0
0
0
0
1
1
-1
-2
0
0
0
0
-1
-4
-6
0
-1
-2
0
1
-1
-1
1
-3
1
4
1
2
0
0
1
-4
-2
-1
1
3
0
-1
-3
-1
1
1
2
1
0
0
0
-3
-4
-4
-3
-3
-6
-4
-2
-2
-3
-1
1
1
-1
-1
2
2
1
1
4
5
3
3
3
2
0
-1
1
2
0
0
-1
1
3
3
2
2
0
-1
0
1
1
1
1
-1
-1
-1
-1
-1
-1
-2
-2
-2
-3
-3
-2
-2
-1
0
1
1
1
1
1
2
2
3
6
5
5
4
4
2
1
0
-1
-1
0
1
0
-1
0
0
1
0
-1
-3
-3
-4
-3
0
-1
0
1
2
3
2
3
1
1
2
2
2
2
-1
-2
0
0
0
-1
-4
0
0
-2
-1
-1
-2
-2
-3
-3
-1
0
-1
1
1
1
0
1
0
0
1
1
1
1
2
1
1
2
0
1
1
1
1
-1
1
0
-1
1
0
-1
2
0
-1
3
-1
0
3
0
0
2
0
0
1
0
0
-1
0
1
0
0
-1
-1
0
1
1
0
1
1
1
1
1
-1
-3
-3
-5
-4
-1
1
0
-1
2
2
3
1
1
2
4
3
3
4
3
1
2
1
2
0
0
1
-1
-1
1
2
4
3
0
1
2
1
2
3
1
3
2
1
2
2
1
2
2
2
1
1
0
1
0
1
-1
-1
-1
-2
-1
-1
-2
-3
0
-1
0
-1
-1
0
0
0
-2
-1
-1
-2
-4
-6
-4
-1
-3
-4
-1
1
0
-2
-4
-3
-1
-2
-3
-1
0
0
-1
-1
-1
0
1
1
3
0
0
0
-1
0
1
0
0
1
3
3
0
-3
-2
1
1
-1
-2
2
4
3
1
0
3
4
4
3
3
2
2
2
3
3
0
-2
-2
-2
-3
-2
-1
1
2
0
-1
-1
-1
-3
-2
-1
-1
0
-1
-1
0
-1
-2
-1
1
2
2
2
2
1
0
0
0
0
1
1
1
2
0
0
1
1
2
3
0
0
0
-1
3
4
3
3
1
-1
0
-1
-1
-1
0
-1
-1
0
0
-1
-1
0
-1
-2
1
1
-1
-3
-3
-1
0
0
-1
-1
-1
-1
-1
1
1
1
0
-1
-1
-1
2
4
4
3
2
1
1
1
1
1
0
0
0
1
0
0
2
1
1
-1
-2
0
0
-1
0
1
2
2
-1
0
-1
-1
0
0
0
-2
0
0
1
1
1
2
4
5
1
2
2
1
2
5
4
6
3
2
1
1
-1
-2
-2
-1
-3
-2
-3
-2
-2
-3
-4
-2
-1
-2
-3
-4
-2
1
1
-1
-1
0
1
1
2
2
2
3
0
0
3
1
1
4
2
2
5
1
1
3
-1
-1
2
0
0
1
-4
-4
-1
-4
-1
-2
-2
-2
-3
-3
-1
0
0
-1
2
2
1
-1
1
2
4
1
0
1
2
-1
-2
-1
0
-1
-1
2
0
-1
-2
1
1
-2
-3
-2
0
-2
-4
-3
0
0
-1
0
0
-1
0
2
3
3
0
0
-2
-3
-2
-1
0
-1
-1
0
-1
-1
-1
0
0
0
-1
0
0
-2
-1
1
1
0
-1
-1
0
2
1
0
0
1
0
-1
2
2
3
3
4
4
3
0
0
2
1
0
0
1
3
3
1
1
0
0
-4
-2
-3
-3
-1
0
0
4
2
-1
4
-1
-3
0
-3
-3
-1
-4
0
3
-1
1
3
2
1
-2
-1
1
-1
-3
-3
1
3
-3
-3
1
4
-1
-3
-2
2
3
1
0
1
-2
0
2
3
1
1
0
0
2
5
5
4
2
2
5
4
1
-1
1
2
0
-2
-1
3
4
3
3
2
0
-2
-3
-4
-4
-1
-2
0
-1
-3
-1
-2
-3
-2
-1
-1
-1
-1
-1
-1
-3
-3
-4
-4
-4
-3
-1
-1
-1
-1
0
-1
-1
0
1
0
-1
-1
3
5
3
3
5
4
1
2
5
5
2
-1
2
2
2
2
3
4
2
1
1
1
1
-1
-1
-2
-3
-4
-2
-4
-5
-4
-2
0
0
-2
-4
-1
1
-1
-2
0
4
4
2
0
0
4
1
2
2
0
2
1
-1
3
1
0
2
4
1
2
4
2
2
1
-1
0
0
2
1
2
3
2
2
3
1
1
2
3
2
1
-1
1
2
-1
-2
-2
-1
0
0
-1
-2
-3
-4
-4
-1
-2
-3
-2
-2
-3
-5
-4
-1
-2
-2
-4
-5
-5
-5
-1
1
1
-2
-2
0
0
-1
-1
-1
2
-1
1
0
1
2
2
1
2
4
2
4
5
2
3
4
2
3
3
0
2
0
-1
0
-1
-2
-1
0
1
1
0
0
0
-1
-1
0
0
0
-1
0
0
1
0
1
1
1
1
0
0
2
0
0
-1
-1
-1
1
2
2
1
0
-1
-3
-1
-1
0
0
-1
-2
-4
-4
-3
-1
-1
-2
0
-1
0
-1
-1
1
2
0
0
-1
-1
2
0
-2
0
1
-1
0
2
0
-2
1
8
5
-1
1
0
-1
-1
1
2
2
2
1
2
2
2
2
2
3
3
1
0
-1
0
1
2
1
2
3
3
4
3
2
0
0
0
1
-1
-1
-1
1
0
-2
0
1
0
-2
-2
0
1
1
-1
-2
-1
-3
-1
3
2
0
2
3
0
-1
0
0
-2
-2
-3
-3
-3
-3
-3
-2
0
1
2
2
0
-3
-2
-1
1
0
-3
-3
-1
-4
0
-3
-2
-1
-5
1
-3
-1
0
-3
1
-1
1
0
-1
-1
2
3
6
7
3
5
-1
3
4
2
7
4
5
4
0
4
4
3
1
2
2
3
0
-1
-1
-1
0
0
0
-1
-1
-1
-1
1
1
1
1
2
1
2
2
2
0
-2
-1
-2
-3
-3
-3
-3
-2
-3
-4
-4
-4
-3
-3
-2
-2
-2
-2
-1
-1
1
-1
-2
-1
0
-1
-2
-1
0
1
0
-1
0
0
0
0
1
2
5
4
3
4
3
2
3
0
1
1
1
3
2
3
3
2
5
0
2
2
0
1
1
0
1
-2
-1
-3
-4
-1
-2
-2
2
0
-1
3
-1
-1
2
1
1
4
0
0
2
0
1
1
1
0
0
0
0
-1
0
2
3
1
-1
-1
2
1
-3
-3
-2
2
4
0
2
2
4
0
-2
4
1
-2
-5
0
-1
0
-1
2
0
2
3
1
0
0
-2
2
1
0
2
-2
1
0
-3
2
-1
-4
-2
-4
1
2
0
1
0
1
2
-1
0
0
2
1
0
0
1
0
1
1
0
1
1
1
1
2
2
1
2
0
-2
-1
-3
-3
-1
0
1
3
0
2
2
1
2
0
3
5
1
-2
1
2
1
-2
1
5
4
3
2
2
0
0
2
2
-1
-1
0
-1
-1
-2
-1
2
1
-1
0
0
-1
-3
-3
-2
-1
-1
1
0
0
1
0
-1
-2
-2
-2
0
-1
0
2
1
-3
-5
-2
0
0
-1
0
0
-1
-2
-2
-1
0
1
2
1
2
2
3
2
2
2
0
-1
-2
0
2
1
-1
-1
0
0
-2
-3
-1
1
0
0
2
1
-1
-2
-3
-3
-2
-1
0
1
2
3
5
6
6
3
3
5
5
2
0
4
6
4
0
1
1
-1
-5
-5
-1
3
1
-1
-1
0
-2
-2
-1
0
-1
-2
-5
-5
-6
-4
-3
-1
-2
-3
-2
-1
0
1
0
2
3
4
5
6
6
4
0
0
2
3
5
6
8
8
4
0
-4
-3
-2
-3
-3
0
2
1
0
3
5
0
-2
6
5
1
5
5
2
1
-1
0
3
-6
-8
1
-5
-7
2
-4
-1
1
0
4
0
3
3
2
5
-1
0
-1
-2
3
0
3
4
2
6
7
3
2
5
2
-4
2
-1
-3
-3
-1
1
-3
-2
2
0
0
-1
2
-1
-5
-2
-2
-4
-4
-3
0
-1
1
0
2
1
2
9
4
7
5
3
6
4
2
-3
-4
-4
-3
0
-4
-5
-2
-6
-2
3
-1
-1
1
3
-1
-2
1
0
3
4
6
5
2
3
0
2
1
5
6
4
4
-3
-4
-3
-2
2
-1
-3
-9
-8
-5
0
3
4
1
-5
-5
-4
-2
-1
-3
-4
-4
-4
-3
1
2
3
7
7
9
10
12
13
13
13
16
13
14
15
13
12
10
11
9
6
6
5
0
4
-2
-5
2
-10
-4
-5
-3
-4
-15
8
-12
-10
2
-18
8
-26
-21
23
-44
-21
24
-31
-31
17
6
-30
3
19
-6
-4
20
15
-20
3
44
-2
-39
42
36
-27
8
26
15
-11
20
30
1
10
4
46
11
-23
39
-8
-12
-32
-13
44
-63
4
61
-37
-97
-102
-81
-115
-67
-90
-103
-117
-276
-228
-235
-256
-26
228
294
-72
-234
-38
74
108
144
365
266
195
327
52
21
239
362
389
297
304
239
120
15
18
174
199
90
-99
-73
-44
-285
-508
-516
-286
-487
-529
-128
-184
-358
-583
-639
-453
-438
-236
105
-22
-314
-262
-288
-259
127
471
645
757
824
818
587
334
594
939
971
876
692
450
253
78
-106
24
121
72
-114
-502
-560
-721
-799
-599
-533
-455
-484
-450
-461
-691
-886
-703
-276
-232
-207
113
142
-131
-150
56
167
331
378
289
332
292
325
240
5
149
564
532
214
344
249
172
229
146
410
290
79
142
-107
-284
-180
-242
-176
45
-198
-207
-172
-403
-281
-357
-305
-46
-319
-327
-109
-303
-397
-219
-152
-167
-37
-105
-280
-116
132
75
13
264
287
214
403
371
265
257
155
391
545
211
197
320
232
154
117
118
-99
2
346
0
-157
46
-14
-320
-323
-26
-284
-50
-14
-294
-110
-366
-63
-14
-109
216
-11
74
-13
-206
58
274
117
-165
183
133
-163
-59
-259
-44
200
303
318
-236
67
327
-8
191
-58
38
512
148
-47
-27
69
92
-473
-434
246
53
-104
64
28
103
-390
-52
270
-261
34
256
-108
-443
82
-57
-376
-101
-383
-31
102
-22
-216
-230
198
128
390
172
-231
176
292
78
-31
77
-138
-94
-113
-461
178
64
-64
-94
-283
314
-364
-249
36
-214
282
197
312
-107
-420
-45
106
-35
-125
338
355
140
106
-68
-232
-3
59
-157
-129
-159
-54
72
7
-452
-477
93
180
-56
57
368
13
336
465
-118
296
168
58
326
102
192
155
-323
-298
-188
-18
364
-291
197
589
-632
-108
216
-435
-135
-27
-70
361
242
3
11
-483
-122
386
126
156
42
17
-45
-15
-25
-486
-155
324
-15
127
8
-405
196
-38
-252
-57
433
355
-43
6
-104
-71
230
637
-162
-227
497
-9
-62
93
-228
-360
-119
47
305
293
267
180
-172
-276
16
-201
-127
99
-138
-2
-57
-515
-569
-387
-263
179
488
-332
-91
629
-590
-523
423
-131
-112
146
71
-68
-384
49
241
-312
53
641
88
142
495
-19
96
53
-136
441
77
-100
66
-316
-229
-233
-51
-305
-217
253
205
-87
-32
-94
-71
-51
-131
174
-72
13
-45
-412
-281
-168
85
-62
280
178
-106
227
-114
-182
-206
43
647
492
407
441
-224
-110
26
-259
392
341
209
-5
-268
-70
-217
72
-68
-199
254
332
-510
-335
544
-279
-263
27
143
250
-125
273
200
180
111
-172
266
215
-217
208
-49
-296
59
-347
-563
324
366
21
164
21
-240
-193
62
288
102
-351
241
213
-620
-306
97
-339
-765
286
480
94
77
-331
202
100
107
57
-217
493
486
-52
-477
-55
426
112
-164
-54
-31
-345
-150
-203
-351
-58
-47
170
374
-173
-295
-134
-305
315
426
-27
34
11
25
-242
-374
-295
-240
-235
-520
-531
-547
-182
305
64
7
169
529
655
62
89
337
527
951
340
-153
70
225
555
111
-222
232
-102
-503
-67
38
-329
-489
-779
-762
-500
-495
-180
-145
-218
198
193
6
110
191
443
501
297
534
615
135
35
285
251
214
328
270
106
-20
-152
101
169
-360
-411
-49
161
185
-17
-282
-102
-103
-367
131
93
-251
-74
-110
-67
-113
-25
59
102
235
-69
-10
-62
-221
-105
-454
-74
141
-196
226
60
-262
-265
-257
297
330
50
295
381
80
110
198
-259
-78
340
358
379
-128
-193
48
-223
-266
-219
-83
-67
-481
-586
-211
-300
-561
-46
-95
-268
140
-157
125
437
-202
-98
355
315
252
350
22
-72
349
87
-18
106
-314
-228
123
-4
-121
-161
-202
-172
-96
-214
-142
218
-90
-259
139
211
-77
14
528
159
-59
346
395
364
-18
-129
193
390
-49
-619
-157
-158
-237
403
89
-245
-93
-222
-44
-75
-246
37
298
266
-44
-49
-49
4
349
235
336
340
98
407
296
-53
-136
17
307
8
-98
80
-51
-115
-216
-237
-396
-524
-324
-138
137
26
-248
-4
31
-157
8
93
262
298
-94
-46
219
244
28
-99
146
226
25
26
212
-97
-365
-116
129
89
-184
-142
107
203
-51
-318
-213
-323
-266
-54
40
99
-457
-631
-275
-225
-4
182
320
155
-100
231
135
-103
-127
-3
559
501
236
111
-61
-59
-67
147
32
112
229
-195
-217
-323
-332
-42
-41
101
262
-72
-161
-156
-422
-169
106
281
400
211
-6
-246
-352
-143
115
160
453
256
-41
211
-125
-56
214
6
191
405
169
-261
-211
-217
-306
247
340
113
62
-348
-446
-323
-187
146
238
341
184
-49
-60
-381
-322
15
320
762
551
69
-296
-468
-199
-81
255
515
256
64
-237
-359
-288
-178
84
278
319
-40
-303
-385
-829
-716
-14
184
197
94
-321
-443
-442
-428
-141
131
360
478
447
115
-428
-268
76
151
518
617
297
-16
-322
-464
-94
416
365
348
520
92
-478
-509
-347
-236
162
354
162
219
-130
-492
-134
-74
-33
305
240
110
111
-57
-246
-198
8
182
309
246
-73
-122
57
-84
41
182
-11
144
-4
-139
14
-179
83
322
188
281
142
-39
-170
-140
246
264
185
278
167
-77
-294
-221
-130
-66
188
216
81
-186
-407
-243
-193
-113
54
63
102
-98
-210
-190
-274
-105
-5
137
157
-221
-207
-90
-227
-126
-37
52
170
12
-10
48
-30
-106
-97
95
151
183
155
-55
-3
0
-47
67
-76
-223
-83
16
-54
-80
-7
-38
-134
-130
3
-8
-99
-54
-72
8
69
16
123
60
-67
21
91
148
84
7
-3
-224
-127
77
13
152
49
-55
52
-174
-126
69
93
205
131
107
31
-234
-257
-105
65
201
216
18
-136
-231
-215
23
126
219
226
75
-17
-108
-165
-74
120
120
149
149
-178
-296
-218
-252
5
255
133
1
-201
-307
-334
-234
38
45
109
2
-142
-97
-302
-177
64
80
194
147
13
-124
-207
-115
-27
73
163
136
26
-108
-166
-99
-34
-18
73
34
17
100
-120
-186
-46
-66
41
142
135
96
-32
-28
26
56
85
91
180
92
-11
17
-90
-25
49
-51
23
53
-102
-196
-179
-141
-115
20
127
45
23
-47
-112
35
-33
-85
77
21
3
137
100
24
101
137
93
140
129
157
213
78
101
170
87
117
147
184
221
165
201
198
147
193
227
285
251
137
214
226
194
288
212
162
188
150
196
119
40
30
86
111
-1
122
144
48
58
-23
0
35
32
34
30
57
-11
-15
-49
-153
-93
-89
-48
30
-129
-196
-174
-312
-312
-263
-286
-174
-190
-297
-303
-320
-299
-273
-177
-111
-110
-79
-233
-218
-137
-233
-149
-111
-117
-281
-484
-472
-592
-655
-745
-754
-723
-990
-1177
-1227
-1328
-1513
-1530
-1527
-1611
-1529
-1612
-1736
-1576
-1535
-1556
-1304
-1142
-1010
-760
-697
-554
-306
-177
174
577
722
970
1257
1395
1611
1792
1928
2127
2210
2328
2516
2452
2355
2454
2433
2368
2404
2238
2173
2142
1831
1819
1796
1564
1577
1493
1336
1317
1158
1073
1188
1040
953
1078
1006
1070
1108
995
1067
1048
992
1056
976
983
855
571
639
419
187
274
68
-50
-198
-418
-631
-1229
-1634
-1811
-1951
-2245
-2687
-3029
-4010
-4921
-5467
-5955
-5817
-5460
-5290
-5791
-6540
-7168
-7414
-6648
-5738
-4960
-4246
-3884
-3746
-3459
-2846
-1935
-872
61
1165
2177
2680
3034
3186
3339
4063
4996
5678
6029
5829
5376
4951
4583
4573
4639
4409
4064
3482
2626
1916
1262
564
244
120
-211
-540
-924
-1712
-2477
-2643
-2271
-1642
-1172
-1159
-1408
-1512
-1470
-956
101
967
1539
1879
2050
2214
2567
2863
3094
3664
4080
4528
4651
4165
3682
3024
2834
3269
3500
3360
2915
2069
1146
625
342
250
194
-42
-363
-757
-1350
-1883
-2263
-2475
-2158
-1735
-1496
-1539
-1989
-2550
-2750
-2394
-2000
-1522
-1333
-1568
-1937
-2773
-3186
-3370
-3910
-3993
-4044
-4069
-3860
-4182
-5070
-5906
-6192
-6012
-5145
-4231
-3967
-3945
-4304
-4267
-3587
-2970
-1986
-896
-334
118
571
864
1311
1733
2240
3151
3844
4238
4442
4002
3549
3731
3947
4249
4560
4143
3416
2859
2464
2400
2344
2038
1679
1189
671
223
-226
-402
-529
-651
-477
-486
-888
-1018
-882
-696
-24
400
563
1032
1091
1154
1710
2337
2721
3056
3323
3379
3743
3732
3480
3731
3618
3595
3694
3401
3271
2818
2202
1992
1816
1466
1109
728
127
-215
-424
-832
-1134
-1525
-1906
-1996
-1881
-1884
-2081
-2240
-2500
-2563
-2514
-2527
-2403
-2448
-2556
-2824
-3079
-3414
-4083
-4442
-4811
-4845
-4299
-4186
-4414
-4945
-5700
-6077
-5741
-4703
-3845
-3345
-2957
-3051
-2853
-2280
-1725
-843
-130
558
1361
1977
2348
2458
2524
2654
3165
3909
4506
4499
4010
3518
3094
3094
3134
3207
3129
2554
2032
1513
1255
1049
602
407
316
239
38
-195
-442
-901
-952
-792
-509
-127
-360
-540
-398
-245
168
670
1099
1279
1459
1605
1814
2286
2314
2425
2712
2717
2941
3034
2796
2462
2162
2078
2293
2485
2215
1754
1314
914
671
609
559
330
28
-174
-359
-671
-1008
-1237
-1363
-1361
-1090
-747
-771
-1065
-1355
-1495
-1412
-1315
-1164
-998
-1166
-1458
-1838
-2498
-3100
-3654
-4160
-4151
-3868
-3683
-3779
-4475
-5404
-6030
-5812
-4845
-4009
-3326
-3055
-3341
-3376
-3022
-2271
-1204
-339
291
971
1715
2122
2233
2413
2668
3218
4089
4765
4815
4311
3712
3318
3282
3485
3679
3557
2906
2178
1691
1488
1227
731
550
470
290
13
-503
-988
-1413
-1634
-1320
-813
-821
-1219
-1557
-1697
-1469
-1087
-590
125
518
385
368
699
967
1128
1511
2115
2585
2766
2743
2571
2358
2180
2206
2698
3199
3033
2528
2055
1564
1245
1107
1197
1428
1186
546
122
-195
-541
-838
-1006
-867
-734
-744
-846
-1103
-1372
-1635
-1544
-1133
-882
-797
-994
-1316
-1647
-1973
-2036
-2183
-2598
-3111
-3486
-3454
-3346
-3390
-3668
-4288
-4924
-5115
-4617
-3872
-3501
-3501
-3570
-3456
-3068
-2598
-1943
-1157
-772
-467
217
951
1484
1688
1728
2118
2690
3063
3356
3548
3488
3214
3042
3143
3178
3012
2810
2592
2385
2281
2106
1721
1245
927
766
659
847
766
198
-352
-820
-889
-829
-699
-447
-570
-670
-838
-1069
-959
-804
-315
271
573
763
712
692
781
1059
1701
2378
2801
2823
2595
2410
2378
2488
2796
3076
2979
2643
2324
1955
1454
1101
1017
937
720
432
60
-431
-950
-1343
-1444
-1320
-1261
-1359
-1468
-1580
-1820
-2027
-1927
-1627
-1440
-1468
-1519
-1485
-1534
-1706
-1773
-1696
-1668
-1871
-2140
-2235
-2254
-2207
-2161
-2261
-2355
-2528
-2814
-2770
-2550
-2408
-2160
-2073
-1944
-1701
-1717
-1643
-1420
-1167
-948
-803
-431
-95
41
19
-184
-175
76
337
544
732
870
781
732
822
922
1210
1491
1595
1740
2005
2169
2209
2322
2391
2473
2537
2622
2755
2610
2504
2433
2272
2130
1898
1777
1722
1533
1191
946
842
691
487
293
209
151
-22
-203
-127
-66
-156
-249
-304
-192
-243
-342
-295
-273
-181
-190
-247
-243
-269
-326
-385
-225
-87
-39
-5
-196
-267
-286
-314
-144
-38
-17
-61
-155
-198
-125
-58
-92
-94
-65
16
76
-28
-163
-174
-132
-137
-133
-96
-125
-304
-507
-567
-526
-571
-754
-939
-1063
-1194
-1302
-1331
-1396
-1574
-1733
-1748
-1677
-1688
-1774
-1838
-1917
-1991
-1939
-1793
-1644
-1592
-1687
-1710
-1642
-1560
-1393
-1174
-957
-839
-688
-495
-439
-420
-281
71
425
663
814
802
814
871
970
1292
1568
1619
1579
1522
1524
1526
1605
1732
1742
1748
1737
1724
1768
1736
1618
1512
1537
1617
1643
1656
1622
1484
1326
1261
1260
1272
1248
1122
1001
918
777
654
645
629
543
547
540
480
423
330
325
363
417
452
442
490
428
266
205
261
340
425
479
437
353
205
91
121
129
62
4
-74
-225
-415
-596
-728
-856
-1084
-1227
-1347
-1550
-1720
-1958
-2148
-2279
-2486
-2590
-2577
-2623
-2767
-2815
-2816
-2849
-2795
-2751
-2589
-2355
-2243
-2038
-1891
-1856
-1709
-1421
-1120
-832
-520
-371
-241
-89
23
269
493
649
733
754
814
781
783
906
947
980
987
911
887
849
774
776
863
876
857
897
837
846
931
984
1082
1114
1129
1206
1288
1346
1351
1335
1312
1321
1357
1351
1343
1349
1231
1075
1048
1038
966
887
855
858
822
746
675
601
500
431
472
499
395
308
237
79
-17
-39
-89
-82
-67
-138
-206
-294
-419
-442
-395
-344
-274
-286
-349
-391
-512
-603
-571
-558
-540
-503
-528
-556
-627
-805
-933
-931
-868
-781
-689
-698
-822
-933
-1024
-1061
-929
-790
-753
-681
-641
-697
-718
-687
-632
-507
-365
-221
-127
-192
-258
-220
-131
-18
109
169
144
52
-113
-138
-130
-189
-153
-172
-237
-342
-567
-731
-778
-820
-815
-707
-646
-715
-834
-915
-904
-808
-676
-512
-343
-274
-268
-243
-169
-61
31
155
351
503
618
718
711
727
835
958
1157
1376
1485
1530
1552
1548
1642
1768
1819
1954
2006
1951
1958
1845
1774
1765
1630
1616
1566
1393
1310
1138
955
808
591
456
361
209
-1
-141
-218
-388
-463
-531
-630
-613
-728
-805
-804
-899
-938
-957
-856
-743
-736
-710
-763
-791
-742
-665
-549
-502
-519
-584
-603
-549
-548
-521
-507
-551
-501
-477
-488
-447
-501
-531
-442
-361
-275
-281
-375
-340
-325
-350
-254
-230
-269
-272
-313
-320
-304
-380
-500
-532
-561
-577
-511
-538
-644
-738
-815
-833
-784
-736
-721
-727
-729
-708
-718
-722
-710
-685
-595
-475
-384
-340
-291
-278
-216
-55
92
259
402
502
622
725
857
993
1060
1229
1440
1541
1628
1665
1687
1696
1711
1812
1841
1836
1750
1553
1446
1324
1182
1082
909
704
521
371
197
-4
-199
-346
-451
-555
-598
-670
-767
-875
-945
-892
-866
-782
-710
-736
-675
-628
-548
-379
-287
-206
-107
-41
60
119
115
217
334
363
426
466
449
406
336
340
384
385
356
327
241
133
81
8
-54
-97
-195
-261
-302
-390
-465
-563
-668
-717
-781
-787
-786
-845
-924
-1016
-1046
-1012
-942
-880
-859
-856
-832
-805
-732
-626
-592
-540
-496
-382
-286
-278
-208
-210
-158
-129
-100
32
58
67
70
126
184
167
220
335
432
483
553
636
672
656
683
800
909
968
995
1001
950
868
845
869
852
780
725
689
609
491
408
364
295
204
149
112
24
-99
-180
-211
-243
-263
-232
-218
-284
-354
-330
-261
-230
-203
-145
-115
-128
-119
-68
-31
-39
-29
45
138
193
197
188
168
180
222
257
304
324
312
296
303
328
296
252
268
248
151
174
182
64
57
-146
-184
-98
-388
-185
-339
-670
-314
-712
-740
-449
-860
-628
-689
-953
-627
-800
-801
-524
-578
-479
-363
-430
-374
-279
-298
-228
-189
-174
-119
-35
-13
-67
39
23
194
386
256
384
211
129
291
170
524
446
282
562
120
296
561
46
196
271
274
336
-11
79
-46
-403
-173
-80
-50
480
780
348
-201
-277
142
364
273
272
147
278
565
124
-543
-407
197
91
-339
-150
134
-5
-269
-387
-628
-434
32
-437
-884
-683
-217
-241
-1089
-884
-483
-977
-777
-491
-107
576
719
734
257
-111
367
533
805
1472
1339
1085
854
160
-70
44
487
846
603
646
646
253
-99
-621
-917
-347
223
191
-81
-300
-412
-831
-1093
-760
-334
-170
-229
-77
-10
-223
-385
-608
-498
-256
-220
22
246
294
-116
-505
-40
303
141
172
584
1111
1094
747
698
632
805
917
425
528
1063
1003
395
-87
-7
-53
-239
-258
-234
-178
-306
-694
-1065
-1047
-799
-851
-1172
-1228
-1043
-1035
-1080
-941
-809
-959
-1086
-845
-527
-327
-198
-220
-231
-127
-76
66
337
409
232
140
318
466
363
249
245
297
364
280
193
318
349
218
247
327
314
309
214
102
138
246
434
555
502
441
268
151
422
676
640
547
566
683
594
419
545
678
670
731
814
890
811
555
564
803
892
954
1006
883
743
618
427
337
432
531
476
217
-56
-173
-277
-307
-326
-307
-228
-330
-399
-467
-611
-691
-756
-637
-566
-607
-582
-816
-1012
-954
-975
-1053
-1130
-1188
-1244
-1427
-1710
-1799
-1701
-1742
-1980
-2255
-2226
-2022
-2079
-2160
-2030
-1909
-1877
-1831
-1591
-1134
-844
-818
-668
-259
149
370
527
789
1072
1260
1439
1651
1845
1916
1830
1890
2168
2286
2135
1960
1914
1926
1762
1572
1554
1264
904
765
625
512
219
-93
-222
-282
-255
-379
-404
-268
-456
-658
-528
-209
71
177
217
198
312
635
881
1074
1175
1414
1683
1696
1763
1810
1859
1809
1834
2160
2235
1925
1467
1328
1298
1114
1096
1001
815
436
-98
-190
-77
-109
-343
-668
-853
-1174
-1577
-1690
-1627
-1734
-2105
-2373
-2576
-3156
-3847
-4060
-3767
-3401
-3361
-3737
-4352
-4919
-4893
-4270
-3624
-3064
-2925
-3151
-3222
-3090
-2541
-1657
-735
-216
-201
7
528
1058
1487
1833
2160
2649
3199
3359
3252
3128
3049
3084
3252
3605
3650
3156
2525
2119
2116
2132
2047
1829
1454
1112
672
351
225
114
-37
-337
-494
-557
-746
-945
-1205
-1297
-1152
-901
-545
-500
-743
-992
-1013
-503
111
423
488
529
709
640
603
1063
1532
1646
1460
1548
1918
1909
1663
1399
1369
1594
1694
1519
1252
1089
696
325
421
543
400
124
-130
-279
-326
-303
-275
-330
-346
-349
-387
-228
-50
-36
-13
26
156
356
383
276
149
106
180
64
-144
-270
-664
-1361
-1954
-2293
-2442
-2392
-2453
-2839
-3552
-4471
-4985
-4841
-4253
-3750
-3745
-3913
-4150
-4288
-4122
-3605
-2526
-1669
-1611
-1706
-1426
-680
-37
218
645
1381
1960
2198
2374
2658
2912
2955
3034
3476
3967
4012
3531
3041
3068
3255
3198
3135
2942
2437
1940
1606
1508
1559
1308
769
289
-32
-209
-416
-684
-851
-1062
-1364
-1436
-1336
-1337
-1464
-1702
-1737
-1329
-914
-853
-841
-637
-334
-100
117
482
656
697
899
1318
1817
1959
1856
1638
1572
1828
2038
2211
2288
2110
1661
1292
1385
1563
1461
1212
1083
984
771
590
379
258
198
182
340
430
391
34
-309
-164
86
139
-28
-148
-286
-652
-992
-1150
-1302
-1722
-2381
-2978
-3162
-2991
-2964
-3437
-4333
-5139
-5362
-5032
-4472
-4066
-4152
-4578
-4913
-4843
-4203
-3233
-2375
-1885
-1858
-1947
-1559
-614
381
968
1240
1602
2087
2426
2619
2873
3211
3440
3539
3721
3930
3772
3196
2778
2974
3408
3380
2837
2239
1810
1492
1320
1344
1363
1022
383
-107
-282
-337
-439
-574
-705
-1004
-1417
-1438
-1087
-971
-1227
-1380
-1130
-765
-631
-527
-195
172
369
590
1034
1439
1533
1534
1740
2174
2551
2636
2617
2597
2440
2311
2405
2585
2605
2328
1910
1566
1318
1192
1123
974
829
612
132
-309
-380
-319
-361
-472
-532
-486
-520
-728
-873
-813
-644
-561
-634
-685
-738
-1051
-1521
-1840
-2027
-2319
-2720
-2976
-3012
-3129
-3680
-4560
-5170
-5095
-4589
-4168
-4082
-4289
-4619
-4814
-4559
-3713
-2603
-1838
-1733
-1975
-1950
-1335
-345
547
1106
1418
1608
1704
1819
2135
2648
3182
3515
3535
3370
3194
3034
2920
3005
3321
3515
3240
2634
2020
1668
1676
1835
1946
1762
1081
319
-73
-134
38
228
159
-214
-853
-1445
-1542
-1208
-848
-705
-800
-1026
-1249
-1312
-1060
-571
-79
269
455
514
467
475
874
1587
2124
2283
2141
1923
1877
1937
2111
2462
2627
2382
1936
1501
1285
1310
1316
1177
967
753
462
15
-341
-316
-122
-140
-340
-436
-413
-514
-693
-617
-314
-117
-232
-581
-779
-738
-798
-947
-1092
-1439
-1999
-2584
-2898
-2777
-2617
-2831
-3444
-4274
-4825
-4745
-4245
-3723
-3533
-3837
-4334
-4472
-3984
-3088
-2162
-1604
-1566
-1666
-1459
-877
-62
692
1150
1369
1510
1652
1781
2021
2499
2953
3140
3175
3128
2954
2706
2674
3014
3329
3270
2910
2365
1891
1752
1846
1968
1893
1425
744
261
120
125
118
94
-87
-571
-1094
-1297
-1172
-909
-733
-756
-891
-1093
-1243
-1079
-631
-121
258
364
265
98
102
615
1458
2093
2164
1755
1414
1414
1669
2202
2676
2681
2277
1692
1305
1374
1625
1740
1604
1269
917
551
235
202
297
286
243
72
-249
-445
-445
-305
-105
-20
-37
-235
-630
-818
-704
-532
-440
-629
-1095
-1627
-2126
-2463
-2594
-2581
-2566
-2859
-3453
-4061
-4579
-4738
-4285
-3656
-3485
-3820
-4235
-4334
-4077
-3499
-2586
-1822
-1724
-2033
-2144
-1625
-555
426
872
812
625
746
1133
1695
2417
2801
2629
2379
2380
2551
2717
2900
3157
3263
3053
2637
2250
2131
2208
2263
2311
2241
1777
1058
532
456
694
836
691
347
-176
-629
-724
-573
-354
-269
-438
-659
-824
-871
-759
-593
-278
84
209
172
-20
-163
181
826
1371
1596
1347
942
795
1024
1579
2028
2008
1675
1214
874
969
1313
1464
1298
931
598
420
293
206
176
121
99
95
-96
-360
-461
-425
-269
-23
114
-3
-308
-554
-572
-427
-211
-214
-664
-1137
-1378
-1657
-1994
-2231
-2291
-2280
-2517
-3012
-3557
-4041
-4207
-3965
-3559
-3288
-3440
-3919
-4243
-4085
-3396
-2487
-1932
-1887
-2097
-2255
-1877
-878
71
442
352
300
607
1073
1585
2096
2303
2317
2392
2497
2743
2989
2955
2900
3051
3232
3211
2893
2555
2496
2586
2684
2684
2334
1732
1293
1177
1293
1409
1300
943
403
-61
-150
36
187
61
-322
-584
-591
-592
-645
-645
-585
-496
-353
-149
-68
-229
-386
-255
146
576
780
682
481
450
651
929
1150
1255
1167
942
802
837
955
1028
924
703
571
546
454
260
214
351
312
80
-17
-5
-22
-58
-44
89
191
103
-76
-240
-318
-338
-371
-350
-388
-758
-1345
-1806
-2052
-2214
-2272
-2147
-2196
-2814
-3735
-4363
-4316
-3709
-3156
-3163
-3643
-4174
-4347
-3978
-3239
-2487
-2056
-2138
-2467
-2409
-1728
-857
-247
90
318
454
549
837
1348
1863
2261
2508
2644
2737
2674
2554
2746
3240
3595
3456
2952
2523
2340
2399
2738
2997
2722
2021
1347
1083
1313
1625
1571
1183
710
239
-122
-170
51
168
-31
-344
-562
-749
-905
-916
-758
-489
-261
-259
-507
-800
-841
-484
112
593
697
399
17
13
433
961
1322
1282
960
751
680
757
1048
1215
1026
665
453
518
519
364
365
366
196
78
5
-85
-84
-53
-26
71
144
41
-195
-320
-172
-19
-69
-195
-439
-822
-1106
-1284
-1505
-1763
-1998
-2180
-2414
-2791
-3273
-3787
-4038
-3760
-3381
-3430
-3788
-4121
-4239
-4009
-3470
-2778
-2224
-2150
-2430
-2456
-1862
-933
-225
91
215
307
534
997
1571
2084
2357
2398
2460
2609
2736
2889
3081
3215
3282
3208
2992
2773
2636
2685
2887
2909
2628
2148
1652
1441
1556
1766
1791
1379
727
248
41
87
276
365
200
-270
-805
-977
-825
-635
-489
-445
-493
-578
-793
-923
-665
-250
37
213
313
310
144
85
450
937
1165
1118
924
800
804
881
1073
1245
1161
839
530
479
623
680
580
435
319
225
126
50
60
116
169
192
151
62
-35
-90
-35
85
112
-41
-331
-568
-669
-815
-1085
-1415
-1813
-2209
-2468
-2596
-2690
-2975
-3584
-4144
-4189
-3826
-3558
-3682
-3965
-4106
-4077
-3722
-3052
-2499
-2262
-2258
-2257
-1851
-1127
-499
-82
153
342
604
930
1391
1846
2057
2163
2334
2530
2723
2865
2901
2880
2942
3117
3173
2975
2759
2690
2656
2616
2531
2349
2075
1713
1478
1540
1574
1296
849
540
436
255
28
16
11
-250
-640
-857
-758
-631
-703
-763
-739
-739
-753
-703
-565
-476
-475
-337
0
242
183
22
95
378
619
749
829
816
667
504
526
782
1046
1019
708
458
446
513
553
615
651
502
263
185
278
352
344
277
175
179
203
162
59
-17
-60
-229
-334
-396
-581
-848
-1183
-1505
-1853
-2178
-2380
-2476
-2558
-2827
-3363
-3930
-4111
-3873
-3506
-3318
-3446
-3703
-3849
-3764
-3287
-2483
-1881
-1818
-1986
-1868
-1342
-648
5
482
671
726
931
1326
1846
2320
2521
2580
2707
2809
2881
3066
3279
3340
3285
3271
3239
2984
2665
2638
2770
2751
2531
2107
1593
1259
1180
1238
1252
1016
518
5
-262
-257
-183
-170
-300
-643
-1020
-1119
-929
-771
-804
-874
-956
-1060
-974
-692
-484
-475
-539
-449
-175
39
113
190
317
469
603
668
754
813
741
762
969
1100
1089
961
765
670
781
1019
1053
734
449
420
493
627
715
582
305
93
89
268
447
403
112
-137
-173
-209
-323
-336
-363
-681
-1104
-1312
-1465
-1820
-2181
-2290
-2255
-2341
-2692
-3244
-3712
-3803
-3503
-3097
-2938
-3169
-3583
-3787
-3491
-2805
-2120
-1740
-1777
-2022
-1982
-1426
-584
122
368
301
338
626
1079
1589
1991
2208
2288
2289
2332
2463
2617
2803
2930
2954
2924
2695
2338
2235
2379
2506
2466
2180
1728
1250
945
1020
1247
1196
789
213
-247
-373
-277
-160
-140
-387
-857
-1162
-1106
-857
-692
-725
-837
-922
-958
-874
-675
-507
-425
-331
-144
7
1
19
253
532
716
861
931
901
907
1040
1266
1418
1349
1198
1116
1064
1158
1370
1314
942
641
648
826
853
712
581
374
121
92
266
369
237
-30
-183
-198
-259
-396
-514
-579
-676
-872
-1068
-1250
-1585
-1972
-2174
-2206
-2179
-2262
-2632
-3176
-3602
-3678
-3395
-3073
-3033
-3272
-3585
-3735
-3555
-3042
-2387
-1968
-1989
-2165
-2086
-1629
-936
-309
30
154
235
434
800
1225
1673
2100
2294
2271
2297
2473
2740
2997
3125
3173
3153
2982
2805
2801
2921
3006
2862
2506
2156
1884
1718
1689
1662
1433
963
523
332
249
149
-5
-254
-512
-734
-887
-882
-857
-976
-1113
-1128
-1065
-1035
-995
-820
-610
-596
-685
-573
-219
97
237
352
499
564
602
762
1069
1380
1424
1221
1119
1149
1187
1285
1391
1372
1167
878
734
734
780
847
742
440
246
197
132
127
202
177
9
-170
-293
-347
-348
-348
-412
-523
-680
-937
-1204
-1277
-1275
-1514
-1909
-2149
-2235
-2360
-2550
-2788
-3105
-3394
-3441
-3261
-3171
-3262
-3417
-3511
-3396
-3087
-2659
-2381
-2312
-2231
-2083
-1722
-1088
-526
-303
-192
34
349
776
1292
1729
1900
1971
2166
2345
2486
2808
3094
3077
3049
3152
3150
2988
2889
2938
2980
2882
2626
2260
1885
1701
1672
1559
1381
1025
476
82
-79
-98
-159
-377
-640
-982
-1276
-1304
-1200
-1174
-1175
-1243
-1310
-1235
-1205
-1121
-904
-742
-578
-411
-331
-281
-133
152
441
561
662
786
777
866
1135
1358
1414
1270
1127
1134
1183
1321
1451
1306
1012
800
743
874
995
897
672
433
314
360
376
345
342
217
46
2
-8
-53
-146
-268
-342
-419
-522
-716
-1099
-1442
-1582
-1715
-1859
-1981
-2267
-2732
-3138
-3327
-3316
-3241
-3254
-3386
-3578
-3729
-3692
-3435
-3080
-2787
-2632
-2536
-2361
-2059
-1677
-1259
-831
-464
-189
69
383
773
1161
1470
1738
1977
2183
2411
2630
2843
3050
3087
2998
3034
3152
3153
3059
2982
2909
2715
2403
2188
2085
1918
1719
1519
1212
818
454
218
156
89
-122
-372
-616
-889
-1080
-1063
-864
-704
-796
-1037
-1179
-1135
-925
-658
-444
-359
-428
-428
-246
-39
220
500
568
535
625
808
946
990
1106
1306
1303
1130
1087
1184
1207
1142
1146
1181
1029
774
696
767
792
707
623
517
324
209
260
377
372
241
57
-60
-15
-6
-42
-102
-265
-426
-551
-686
-863
-1144
-1453
-1674
-1860
-1998
-2150
-2541
-3024
-3285
-3336
-3291
-3290
-3424
-3588
-3768
-3909
-3690
-3183
-2849
-2829
-2896
-2694
-2306
-1952
-1451
-943
-679
-557
-331
95
628
1107
1395
1562
1762
2031
2273
2493
2820
3080
3068
2974
3002
3072
3095
3108
3124
3043
2803
2505
2225
2040
2044
1961
1654
1328
934
481
251
305
264
-52
-379
-620
-824
-977
-1022
-963
-917
-919
-1033
-1183
-1167
-1035
-876
-696
-460
-342
-472
-560
-381
-6
363
571
567
414
393
598
857
1107
1303
1183
813
714
965
1222
1281
1105
917
764
598
650
812
862
791
554
333
311
367
386
430
513
463
241
79
98
112
98
155
71
-198
-452
-699
-901
-967
-1070
-1380
-1767
-2055
-2257
-2530
-2824
-2968
-3124
-3434
-3640
-3624
-3592
-3654
-3735
-3697
-3504
-3273
-3109
-2958
-2687
-2348
-2095
-1843
-1416
-927
-592
-344
12
465
883
1218
1513
1819
2145
2416
2586
2769
3006
3154
3206
3250
3307
3321
3215
3091
3071
3040
2854
2574
2306
2117
1964
1686
1437
1255
922
485
203
159
59
-246
-558
-747
-853
-940
-994
-989
-967
-1020
-1120
-1104
-920
-731
-686
-659
-505
-319
-225
-125
84
290
390
475
620
750
812
860
944
1067
1162
1152
1074
1047
1059
1054
1062
1074
1000
864
764
733
763
802
752
578
440
459
517
498
428
359
332
263
177
210
220
66
-121
-240
-285
-399
-673
-933
-1135
-1403
-1719
-1977
-2096
-2285
-2762
-3178
-3275
-3372
-3570
-3694
-3730
-3738
-3815
-3907
-3740
-3434
-3280
-3141
-2867
-2540
-2247
-2036
-1727
-1210
-740
-386
-22
326
660
1014
1381
1788
2173
2434
2637
2708
2783
3129
3386
3404
3418
3413
3278
3056
2979
3065
3011
2678
2318
2061
1800
1569
1367
1172
969
595
169
-37
-105
-251
-538
-728
-742
-869
-1038
-1030
-984
-1003
-1022
-962
-807
-689
-722
-741
-594
-310
-71
-42
-55
20
118
285
459
603
715
637
534
667
893
1018
960
854
884
925
923
971
989
918
753
634
744
857
747
607
538
469
470
531
543
498
412
332
295
249
200
139
-7
-170
-264
-349
-512
-787
-1115
-1392
-1641
-1908
-2120
-2277
-2589
-3077
-3416
-3485
-3578
-3801
-3904
-3834
-3853
-4015
-4036
-3761
-3419
-3223
-3050
-2716
-2354
-2135
-1892
-1391
-743
-247
20
262
629
1076
1535
1997
2406
2649
2732
2845
3071
3340
3604
3719
3594
3430
3392
3412
3376
3221
3044
2851
2530
2220
2055
1851
1496
1147
915
675
308
-53
-259
-418
-629
-796
-856
-928
-1130
-1326
-1268
-1048
-946
-1005
-1051
-928
-765
-731
-608
-334
-181
-147
-89
66
276
382
442
584
742
872
896
853
993
1218
1235
1170
1206
1229
1111
985
1087
1291
1196
867
724
772
780
733
709
682
547
341
295
416
467
366
237
154
89
-2
-107
-209
-304
-395
-536
-762
-1039
-1347
-1623
-1832
-2040
-2231
-2460
-2867
-3278
-3454
-3513
-3637
-3812
-3874
-3821
-3884
-4004
-3868
-3535
-3289
-3136
-2898
-2536
-2187
-1913
-1584
-1074
-508
-103
196
573
988
1347
1752
2218
2573
2755
2875
3017
3202
3421
3591
3609
3498
3362
3268
3208
3136
3002
2787
2511
2190
1887
1674
1490
1186
829
570
341
25
-249
-382
-534
-793
-998
-1038
-1011
-1065
-1196
-1220
-1107
-1049
-1036
-892
-661
-566
-620
-527
-232
-12
119
246
338
433
493
585
828
1037
1072
1036
1024
1122
1217
1195
1223
1302
1241
1076
943
918
956
883
714
630
577
454
334
261
224
224
169
44
-56
-117
-121
-148
-215
-252
-316
-507
-725
-785
-848
-1017
-1259
-1555
-1789
-2034
-2292
-2467
-2600
-2861
-3215
-3440
-3488
-3537
-3711
-3756
-3636
-3557
-3601
-3553
-3256
-2975
-2762
-2473
-2113
-1720
-1341
-1054
-734
-221
269
652
983
1350
1766
2010
2209
2571
2888
3072
3189
3251
3389
3505
3456
3384
3346
3306
3154
2920
2759
2614
2324
1986
1800
1607
1260
881
669
517
234
-57
-237
-336
-537
-801
-912
-909
-926
-1037
-1101
-1060
-1023
-992
-913
-812
-725
-604
-435
-305
-217
-84
63
176
341
535
609
573
675
941
1063
1049
1113
1156
1099
1069
1139
1286
1318
1090
842
815
901
868
749
716
650
400
215
293
414
354
203
127
90
19
-27
1
25
-51
-207
-367
-497
-608
-744
-939
-1145
-1372
-1678
-1994
-2214
-2377
-2609
-2901
-3132
-3331
-3518
-3636
-3738
-3765
-3663
-3600
-3609
-3547
-3292
-2915
-2685
-2491
-2059
-1637
-1387
-1069
-579
-4
463
731
1008
1429
1868
2185
2444
2790
3111
3171
3129
3269
3484
3560
3495
3412
3361
3205
2957
2806
2701
2530
2259
1874
1565
1341
1021
703
481
263
-25
-388
-604
-659
-818
-1041
-1159
-1177
-1189
-1264
-1311
-1218
-1153
-1166
-1069
-907
-774
-716
-665
-477
-290
-191
-89
90
294
414
461
564
756
908
999
1059
1107
1206
1232
1124
1118
1265
1313
1175
1000
951
971
888
760
761
779
618
366
259
374
397
217
129
108
15
-102
-148
-68
-55
-231
-447
-569
-631
-753
-916
-1111
-1335
-1578
-1929
-2219
-2353
-2530
-2810
-3107
-3324
-3431
-3549
-3732
-3806
-3677
-3549
-3558
-3554
-3327
-2962
-2717
-2454
-2042
-1643
-1344
-1088
-663
-72
400
699
939
1305
1741
2055
2330
2638
2863
2966
3047
3186
3342
3401
3342
3250
3124
3026
2950
2757
2550
2359
2039
1712
1506
1317
1078
752
415
172
-52
-279
-458
-588
-691
-857
-1082
-1165
-1098
-1087
-1130
-1077
-938
-895
-983
-910
-582
-292
-148
-91
-36
106
240
429
810
1066
977
808
889
1237
1445
1414
1453
1509
1409
1274
1274
1419
1515
1358
1121
1007
928
885
793
702
699
549
272
127
116
97
53
-22
-124
-225
-313
-359
-441
-514
-496
-598
-848
-1003
-1065
-1191
-1399
-1629
-1834
-2058
-2304
-2497
-2647
-2837
-3096
-3339
-3441
-3450
-3499
-3555
-3496
-3383
-3358
-3323
-3049
-2631
-2322
-2105
-1796
-1439
-1127
-759
-265
266
653
899
1154
1499
1931
2281
2551
2798
2932
2959
2992
3165
3362
3387
3290
3185
3022
2818
2680
2576
2480
2295
1929
1553
1293
1061
816
602
423
171
-218
-565
-708
-724
-773
-938
-1113
-1206
-1296
-1341
-1225
-1029
-930
-971
-1026
-898
-637
-415
-221
-38
57
101
170
373
710
946
933
835
887
1092
1226
1247
1323
1376
1254
1096
1125
1289
1324
1139
948
886
839
705
577
561
540
360
140
62
46
-11
-75
-135
-194
-265
-360
-420
-442
-489
-576
-701
-840
-971
-1086
-1202
-1389
-1641
-1874
-2085
-2260
-2409
-2623
-2885
-3091
-3225
-3315
-3386
-3414
-3371
-3327
-3339
-3283
-3048
-2744
-2497
-2254
-1966
-1628
-1267
-929
-547
-97
313
645
930
1227
1610
1957
2188
2403
2623
2814
2911
2957
3084
3199
3149
3033
2961
2908
2785
2587
2444
2309
2018
1694
1497
1333
1072
759
514
317
27
-293
-463
-539
-666
-849
-1010
-1087
-1161
-1267
-1243
-1083
-994
-1021
-1038
-924
-688
-453
-264
-106
-1
93
248
473
742
955
996
955
1025
1243
1451
1481
1433
1498
1551
1453
1382
1460
1503
1360
1160
1099
1113
1005
814
713
696
600
381
206
165
106
-26
-106
-151
-266
-427
-553
-612
-637
-696
-796
-934
-1087
-1217
-1308
-1403
-1567
-1814
-2063
-2227
-2377
-2551
-2719
-2906
-3074
-3205
-3282
-3293
-3265
-3203
-3184
-3158
-2986
-2720
-2438
-2199
-1975
-1659
-1319
-1005
-653
-281
158
591
822
1041
1436
1842
2109
2261
2495
2745
2805
2819
2978
3144
3110
2965
2893
2884
2778
2549
2398
2333
2146
1793
1468
1299
1155
879
584
399
180
-191
-497
-552
-545
-690
-912
-1085
-1208
-1266
-1217
-1083
-970
-968
-1028
-1003
-835
-611
-407
-247
-121
-12
112
250
415
643
844
911
920
1016
1152
1197
1211
1346
1491
1436
1273
1193
1236
1308
1261
1115
989
867
685
571
584
580
436
105
-84
-31
-59
-158
-206
-292
-444
-580
-609
-555
-588
-754
-882
-995
-1112
-1237
-1438
-1587
-1717
-1919
-2084
-2233
-2436
-2653
-2817
-2893
-2946
-3053
-3207
-3267
-3203
-3110
-2997
-2877
-2716
-2519
-2379
-2128
-1695
-1324
-1052
-837
-613
-181
309
642
910
1204
1534
1771
1897
2226
2624
2715
2689
2778
2957
3052
2970
2918
2973
2919
2721
2526
2356
2198
1969
1699
1533
1321
964
641
458
331
75
-255
-397
-468
-675
-844
-917
-1012
-1072
-1090
-1095
-1018
-925
-877
-825
-735
-552
-363
-238
-42
145
223
321
485
725
971
1047
1036
1091
1226
1365
1403
1440
1541
1479
1296
1279
1386
1412
1271
1019
855
829
737
575
510
530
411
47
-213
-96
5
-195
-369
-343
-388
-588
-703
-630
-558
-651
-866
-1042
-1118
-1221
-1418
-1561
-1607
-1729
-2031
-2356
-2529
-2610
-2701
-2804
-2905
-3024
-3133
-3121
-3002
-2917
-2801
-2613
-2527
-2432
-2137
-1799
-1515
-1201
-879
-606
-327
59
470
755
999
1325
1652
1875
2016
2214
2514
2726
2752
2785
2915
2961
2848
2775
2838
2831
2624
2381
2242
2091
1840
1595
1420
1217
881
582
390
163
-105
-330
-443
-628
-905
-1028
-1008
-1016
-1109
-1132
-1032
-1014
-1083
-991
-726
-537
-471
-405
-210
29
120
240
521
765
877
898
943
1083
1228
1312
1432
1502
1401
1271
1203
1244
1304
1258
1116
871
671
607
576
521
467
314
65
-122
-207
-150
-120
-238
-412
-567
-649
-676
-684
-716
-771
-877
-1085
-1232
-1316
-1444
-1596
-1757
-1854
-2012
-2297
-2542
-2675
-2671
-2638
-2748
-2949
-3060
-3069
-3006
-2812
-2601
-2506
-2487
-2395
-2131
-1784
-1459
-1169
-926
-727
-510
-174
266
646
863
1045
1331
1656
1866
2016
2271
2504
2604
2652
2765
2880
2815
2750
2781
2782
2707
2529
2337
2175
2002
1820
1666
1425
1067
779
597
410
153
-110
-294
-477
-712
-873
-892
-901
-1029
-1192
-1209
-1091
-989
-937
-837
-687
-573
-462
-269
19
254
399
539
698
895
1049
1170
1296
1412
1494
1477
1462
1526
1582
1513
1370
1307
1282
1176
1008
890
821
700
547
391
271
169
24
-91
-165
-216
-348
-571
-701
-709
-708
-791
-933
-1062
-1184
-1318
-1441
-1542
-1652
-1797
-2014
-2208
-2290
-2407
-2598
-2715
-2725
-2735
-2886
-3045
-2919
-2717
-2678
-2628
-2457
-2224
-2073
-2008
-1764
-1265
-909
-811
-645
-296
98
324
539
918
1228
1379
1484
1710
2063
2292
2316
2382
2579
2702
2665
2575
2638
2772
2667
2503
2448
2357
2196
1990
1866
1803
1578
1231
1023
879
670
434
155
44
-84
-387
-591
-684
-757
-897
-995
-975
-986
-1075
-1073
-1017
-958
-753
-666
-628
-464
-346
-167
71
252
415
553
603
714
920
1105
1204
1122
1111
1233
1179
1122
1198
1219
1081
852
772
822
742
561
494
424
280
131
14
30
-38
-170
-227
-330
-387
-464
-579
-614
-647
-776
-938
-1083
-1245
-1412
-1603
-1711
-1782
-1996
-2221
-2456
-2709
-2713
-2627
-2735
-2919
-3029
-2925
-2785
-2770
-2596
-2357
-2263
-2155
-1986
-1734
-1351
-1119
-1022
-732
-402
-93
217
420
695
941
1170
1528
1691
1773
2036
2236
2308
2411
2570
2669
2600
2510
2633
2697
2559
2497
2451
2351
2193
2002
1915
1788
1459
1206
1082
893
619
260
143
116
-199
-473
-546
-560
-700
-915
-1017
-967
-978
-1148
-1183
-1025
-842
-837
-845
-636
-419
-313
-209
43
338
448
427
577
859
1031
1122
1125
1172
1259
1214
1156
1217
1315
1218
959
857
943
898
742
677
569
421
315
235
211
162
87
-29
-207
-295
-326
-418
-562
-659
-743
-956
-1197
-1358
-1455
-1577
-1765
-1947
-2154
-2372
-2575
-2720
-2695
-2651
-2783
-3025
-3074
-2866
-2723
-2682
-2533
-2300
-2177
-2120
-1866
-1419
-1072
-950
-833
-525
-148
117
305
553
831
1048
1221
1444
1723
1942
2041
2136
2319
2480
2517
2505
2560
2642
2648
2536
2398
2338
2281
2147
2006
1952
1819
1512
1229
1112
1076
901
621
400
296
143
-154
-293
-281
-401
-628
-765
-743
-735
-829
-833
-710
-676
-743
-744
-606
-398
-272
-272
-251
-70
142
224
307
526
716
722
681
808
1030
1104
987
923
1006
1009
832
708
778
759
558
388
374
353
170
55
69
61
-82
-267
-310
-313
-364
-500
-603
-699
-880
-1095
-1289
-1390
-1550
-1758
-1954
-2193
-2399
-2587
-2694
-2723
-2798
-2898
-3040
-3139
-3038
-2834
-2688
-2623
-2557
-2389
-2172
-1987
-1657
-1208
-943
-814
-617
-254
182
488
678
906
1159
1377
1543
1712
2030
2228
2164
2204
2399
2525
2463
2407
2503
2531
2387
2243
2214
2220
2141
1973
1854
1790
1618
1373
1272
1292
1139
803
600
573
451
225
117
81
-87
-330
-446
-426
-439
-536
-644
-696
-701
-730
-722
-577
-464
-508
-591
-562
-346
-132
-80
-41
20
100
244
344
461
646
662
538
537
684
802
766
680
681
684
606
502
448
465
432
285
191
232
224
78
-27
19
30
-133
-277
-313
-406
-552
-686
-828
-996
-1224
-1429
-1553
-1729
-1947
-2170
-2397
-2482
-2477
-2604
-2816
-2948
-2883
-2714
-2657
-2635
-2495
-2323
-2181
-1991
-1668
-1263
-995
-903
-722
-336
65
333
552
855
1113
1210
1400
1745
1946
1993
2077
2208
2322
2372
2372
2377
2416
2454
2391
2235
2136
2082
1976
1866
1770
1636
1421
1228
1137
1067
979
810
586
413
266
167
99
30
-76
-283
-437
-471
-473
-488
-509
-503
-541
-633
-684
-600
-452
-354
-344
-376
-316
-226
-134
-7
154
282
267
234
314
472
591
588
515
504
566
555
496
517
583
531
358
314
389
342
243
232
236
212
130
33
11
-10
-73
-176
-318
-412
-515
-729
-923
-1048
-1214
-1415
-1621
-1835
-2068
-2317
-2476
-2507
-2555
-2715
-2949
-3090
-2962
-2766
-2700
-2639
-2548
-2439
-2275
-2072
-1731
-1294
-1072
-1020
-813
-445
-19
297
473
710
934
1097
1345
1607
1841
2002
2017
2055
2193
2317
2386
2350
2326
2397
2321
2160
2127
2113
2035
1918
1817
1715
1550
1340
1217
1209
1137
948
703
534
467
378
277
234
158
-60
-223
-236
-182
-154
-271
-390
-393
-363
-378
-354
-262
-222
-301
-350
-213
-78
-40
-22
17
90
122
144
204
319
386
316
257
332
418
378
306
326
376
347
280
263
267
242
192
182
209
218
163
69
7
19
29
-46
-144
-253
-384
-557
-742
-872
-1012
-1129
-1307
-1615
-1932
-2162
-2255
-2314
-2374
-2455
-2660
-2916
-2956
-2748
-2534
-2416
-2373
-2329
-2230
-2044
-1717
-1271
-957
-890
-790
-529
-140
248
558
819
957
1053
1270
1570
1816
1983
2045
2105
2211
2230
2275
2328
2338
2344
2286
2196
2091
1932
1829
1849
1794
1610
1413
1218
1071
984
934
866
659
377
204
162
158
120
23
-99
-252
-377
-328
-185
-134
-186
-304
-371
-293
-177
-59
36
6
-67
-77
14
174
258
245
252
233
155
162
219
283
323
266
185
120
81
98
120
145
123
-20
-156
-188
-128
-38
-35
-88
-186
-299
-302
-251
-221
-233
-346
-528
-715
-807
-824
-887
-1045
-1226
-1395
-1654
-1863
-1944
-2006
-2031
-2134
-2339
-2510
-2552
-2435
-2301
-2184
-2082
-2064
-2024
-1855
-1615
-1273
-914
-734
-678
-565
-294
65
395
668
810
880
1024
1207
1433
1678
1824
1835
1830
1851
1912
1983
1998
2033
1993
1870
1780
1678
1612
1591
1569
1461
1274
1117
1008
941
917
858
716
596
509
398
345
346
298
219
131
42
7
11
20
17
-23
-47
-49
-101
-118
-37
33
26
22
61
98
104
125
251
276
210
188
149
196
222
187
193
161
63
-50
-38
51
62
-6
-60
-122
-173
-124
-54
2
-17
-130
-171
-164
-169
-142
-149
-199
-319
-531
-629
-647
-756
-908
-1065
-1223
-1439
-1713
-1868
-1827
-1865
-2024
-2128
-2275
-2417
-2446
-2306
-2035
-1949
-1996
-2009
-1952
-1661
-1289
-974
-754
-658
-537
-346
-20
401
711
851
900
966
1129
1389
1628
1776
1827
1807
1801
1828
1924
2063
2049
1927
1881
1792
1625
1538
1551
1558
1421
1192
1036
901
809
837
833
696
493
295
201
268
327
286
193
70
-30
-97
-60
59
77
20
-48
-96
-67
-34
3
77
94
98
76
11
84
207
238
246
209
154
118
92
132
201
164
44
-56
-112
-85
-70
-102
-89
-177
-295
-299
-267
-184
-153
-201
-268
-359
-398
-351
-314
-337
-419
-571
-737
-856
-855
-828
-966
-1234
-1462
-1617
-1762
-1794
-1767
-1872
-2023
-2173
-2274
-2218
-2072
-1909
-1816
-1783
-1721
-1656
-1478
-1125
-813
-638
-492
-368
-233
-4
303
641
861
898
945
1067
1247
1486
1646
1709
1726
1640
1580
1647
1734
1761
1672
1523
1426
1346
1274
1265
1242
1114
923
771
710
684
647
626
551
412
342
321
307
342
359
312
259
227
247
296
325
361
381
333
301
357
435
445
427
436
428
383
371
420
453
401
321
300
300
250
194
189
172
84
-32
-118
-167
-192
-229
-294
-352
-382
-439
-512
-506
-442
-450
-530
-573
-571
-576
-578
-539
-561
-661
-756
-843
-873
-884
-962
-1116
-1275
-1360
-1461
-1581
-1632
-1670
-1736
-1797
-1831
-1839
-1841
-1764
-1640
-1552
-1432
-1329
-1275
-1092
-852
-659
-441
-263
-103
57
218
475
727
874
985
1059
1149
1343
1478
1498
1578
1620
1559
1535
1568
1604
1554
1436
1371
1315
1205
1106
1041
974
851
710
649
602
520
435
373
372
380
288
212
270
308
249
233
294
294
224
227
306
326
308
325
318
275
269
324
392
385
326
280
250
272
331
325
257
172
97
96
116
74
23
-33
-140
-223
-225
-216
-248
-311
-363
-405
-458
-481
-464
-465
-486
-504
-525
-539
-540
-535
-555
-594
-600
-623
-730
-805
-811
-888
-999
-1057
-1167
-1339
-1441
-1469
-1508
-1581
-1625
-1648
-1721
-1758
-1675
-1591
-1534
-1449
-1371
-1284
-1127
-941
-764
-567
-364
-222
-101
116
386
572
737
947
1078
1147
1272
1421
1507
1563
1634
1688
1670
1645
1671
1658
1605
1576
1520
1366
1220
1189
1159
1057
917
806
693
571
485
430
404
301
188
158
117
81
46
50
78
42
-17
-27
17
79
143
183
181
139
117
189
310
391
402
355
309
328
407
508
543
450
349
343
343
331
355
308
158
55
49
33
-83
-186
-177
-232
-388
-452
-462
-532
-605
-626
-623
-685
-810
-882
-897
-922
-966
-1044
-1152
-1254
-1334
-1379
-1405
-1463
-1565
-1676
-1728
-1687
-1653
-1696
-1741
-1742
-1699
-1605
-1496
-1380
-1250
-1139
-1029
-849
-612
-385
-216
-47
176
395
560
737
954
1131
1245
1372
1525
1605
1601
1648
1752
1814
1794
1714
1633
1570
1499
1471
1447
1320
1137
963
847
795
714
597
474
308
173
115
83
48
-20
-86
-111
-146
-163
-105
-49
-32
-8
27
68
122
201
316
412
444
475
540
607
663
718
762
773
743
723
738
747
733
686
576
460
386
321
259
180
58
-88
-265
-417
-468
-496
-591
-718
-845
-963
-1055
-1107
-1100
-1109
-1208
-1338
-1415
-1438
-1436
-1439
-1463
-1500
-1562
-1650
-1682
-1634
-1582
-1594
-1631
-1646
-1648
-1635
-1562
-1447
-1334
-1252
-1211
-1137
-983
-799
-621
-431
-239
-106
-12
167
429
655
817
949
1059
1161
1274
1430
1596
1691
1700
1677
1672
1692
1700
1676
1644
1584
1479
1388
1323
1245
1155
1067
970
846
698
569
489
419
327
239
158
48
-53
-69
-30
-32
-83
-124
-134
-126
-87
-3
69
89
89
104
170
274
365
443
496
503
503
547
611
651
650
629
592
548
515
474
412
344
269
174
85
-5
-122
-237
-308
-372
-472
-597
-712
-808
-880
-919
-964
-1047
-1141
-1226
-1288
-1295
-1285
-1333
-1409
-1463
-1497
-1503
-1486
-1483
-1520
-1568
-1569
-1524
-1478
-1427
-1378
-1345
-1302
-1220
-1083
-945
-846
-750
-636
-513
-357
-179
-23
108
250
419
569
696
834
965
1080
1192
1294
1399
1469
1477
1514
1603
1633
1582
1532
1513
1491
1436
1374
1314
1205
1070
994
943
854
737
629
538
438
351
302
249
163
87
34
-7
-42
-75
-78
-77
-90
-97
-84
-62
-41
30
92
113
138
187
266
307
335
399
453
436
415
445
481
474
414
387
374
322
258
202
165
88
-32
-122
-162
-227
-358
-454
-501
-580
-700
-801
-865
-941
-1050
-1147
-1195
-1252
-1364
-1450
-1472
-1480
-1501
-1552
-1565
-1564
-1599
-1583
-1517
-1444
-1406
-1407
-1374
-1307
-1211
-1078
-922
-782
-705
-640
-501
-303
-119
30
160
268
358
461
607
769
895
972
1033
1101
1142
1175
1255
1338
1359
1319
1274
1267
1261
1230
1215
1191
1101
986
922
909
888
819
718
622
542
499
483
462
424
367
297
254
247
255
266
244
204
186
182
189
204
248
252
221
214
217
243
272
305
338
328
284
260
279
310
319
279
224
175
128
113
136
123
47
-52
-129
-167
-199
-237
-303
-410
-502
-585
-643
-689
-750
-816
-914
-993
-1026
-1072
-1133
-1203
-1253
-1280
-1321
-1365
-1392
-1410
-1424
-1421
-1385
-1330
-1299
-1302
-1273
-1187
-1103
-1037
-943
-815
-729
-672
-547
-382
-259
-159
-30
114
233
329
435
556
650
712
765
856
933
938
954
1008
1056
1043
1027
1053
1052
1028
1010
1000
979
947
922
894
864
840
811
770
741
732
711
686
654
613
582
560
551
547
551
554
536
496
487
508
503
497
504
483
439
397
392
390
366
337
302
263
216
173
166
145
66
-7
-55
-91
-166
-272
-319
-368
-446
-525
-587
-640
-729
-814
-855
-889
-959
-1034
-1090
-1151
-1197
-1218
-1225
-1257
-1306
-1328
-1319
-1303
-1288
-1269
-1240
-1219
-1196
-1135
-1056
-999
-958
-907
-828
-740
-659
-550
-432
-361
-309
-205
-76
18
102
217
314
356
407
506
605
661
692
724
740
743
761
802
828
797
732
686
676
671
664
661
640
579
531
542
581
600
590
583
595
598
605
651
705
726
732
743
761
776
788
807
826
831
811
769
740
740
745
721
674
620
567
517
478
447
404
322
227
157
113
64
-3
-63
-127
-213
-297
-357
-391
-435
-508
-580
-643
-716
-778
-812
-835
-864
-927
-1008
-1048
-1062
-1090
-1111
-1115
-1144
-1207
-1244
-1218
-1174
-1159
-1158
-1152
-1128
-1098
-1054
-979
-900
-845
-800
-739
-665
-587
-502
-409
-326
-278
-238
-176
-92
-8
58
123
177
186
199
264
331
377
405
414
420
428
452
500
537
547
546
547
562
594
632
663
672
668
667
675
701
741
764
770
770
757
753
779
806
818
818
798
784
791
802
827
842
821
791
775
760
750
748
731
693
651
616
581
553
530
488
422
366
324
277
219
169
123
64
-6
-74
-136
-191
-256
-341
-423
-500
-589
-675
-741
-799
-881
-975
-1056
-1144
-1221
-1259
-1294
-1356
-1424
-1476
-1500
-1510
-1516
-1499
-1488
-1494
-1476
-1427
-1367
-1297
-1228
-1164
-1100
-1035
-949
-846
-740
-624
-513
-415
-301
-197
-103
10
106
179
267
345
414
491
558
621
672
717
765
804
837
864
884
906
922
925
934
950
952
946
945
951
945
923
906
892
865
835
807
772
727
676
640
625
593
537
490
453
418
395
379
364
345
317
303
311
312
313
327
334
344
340
335
355
354
330
326
321
288
249
230
237
212
143
96
58
-14
-77
-108
-155
-248
-341
-395
-439
-516
-594
-651
-726
-825
-897
-944
-996
-1061
-1135
-1177
-1195
-1242
-1284
-1292
-1311
-1343
-1353
-1321
-1286
-1298
-1295
-1230
-1177
-1137
-1067
-992
-934
-876
-797
-691
-593
-508
-411
-301
-209
-136
-55
58
170
238
315
434
522
558
630
743
819
846
889
967
1014
1023
1042
1079
1097
1086
1084
1105
1111
1076
1036
1024
1022
991
947
911
869
796
735
715
700
652
586
535
489
447
412
383
350
310
265
233
225
221
198
177
170
164
147
134
132
124
114
117
100
77
65
64
45
12
-8
-37
-74
-89
-105
-136
-196
-250
-284
-316
-344
-382
-450
-517
-558
-606
-645
-670
-735
-817
-879
-909
-935
-987
-1029
-1079
-1137
-1164
-1180
-1195
-1215
-1231
-1233
-1232
-1231
-1207
-1169
-1144
-1109
-1055
-1000
-940
-875
-791
-710
-624
-523
-432
-334
-211
-102
-5
105
212
313
424
539
643
730
816
918
1020
1094
1153
1217
1265
1296
1331
1370
1400
1402
1380
1365
1349
1317
1278
1246
1221
1177
1100
1031
976
899
829
782
720
631
543
475
427
369
302
237
170
107
61
38
10
-49
-112
-144
-154
-170
-195
-209
-228
-256
-271
-265
-264
-286
-308
-310
-314
-339
-367
-375
-370
-375
-387
-396
-421
-450
-455
-446
-450
-472
-508
-532
-542
-557
-563
-562
-596
-646
-670
-686
-703
-719
-740
-774
-807
-839
-854
-847
-842
-844
-861
-866
-859
-857
-831
-794
-749
-726
-703
-644
-582
-515
-449
-372
-295
-228
-154
-70
22
112
198
284
376
459
537
628
729
816
884
948
1006
1051
1102
1163
1206
1217
1220
1239
1256
1263
1260
1246
1213
1168
1117
1078
1049
994
928
864
807
738
654
602
538
450
365
286
216
144
65
12
-33
-114
-195
-245
-282
-316
-369
-411
-451
-491
-506
-521
-529
-536
-568
-583
-578
-574
-569
-560
-548
-540
-535
-536
-535
-520
-496
-474
-463
-459
-457
-471
-468
-435
-405
-410
-440
-457
-442
-434
-444
-453
-463
-479
-492
-493
-475
-464
-480
-497
-483
-465
-458
-437
-407
-388
-384
-359
-312
-282
-245
-209
-171
-115
-72
-31
12
65
130
173
211
255
304
348
391
460
516
535
551
594
654
698
729
754
767
778
795
816
849
854
841
839
844
830
795
778
764
728
679
625
573
520
468
411
362
307
235
165
114
72
18
-44
-105
-160
-204
-250
-284
-308
-342
-382
-410
-422
-433
-445
-445
-444
-441
-440
-435
-421
-400
-384
-370
-356
-344
-331
-307
-276
-263
-254
-240
-228
-207
-182
-161
-156
-155
-149
-143
-127
-116
-115
-117
-123
-124
-121
-116
-112
-118
-122
-127
-126
-121
-126
-125
-116
-113
-118
-132
-128
-119
-119
-119
-126
-131
-132
-122
-110
-108
-103
-98
-88
-74
-65
-60
-52
-36
-27
-31
-27
-6
13
25
40
60
68
77
102
124
129
136
157
182
196
213
234
249
258
270
280
292
304
316
319
319
317
311
308
309
305
289
271
256
245
236
223
203
183
167
153
147
146
133
109
96
93
91
86
74
57
46
43
42
39
37
27
15
6
5
4
-7
-19
-28
-38
-54
-67
-77
-84
-103
-123
-143
-164
-176
-179
-184
-195
-217
-234
-245
-257
-258
-262
-263
-260
-274
-284
-268
-256
-253
-250
-254
-249
-241
-241
-229
-217
-221
-217
-199
-194
-196
-189
-180
-168
-155
-153
-149
-132
-130
-125
-96
-76
-77
-77
-63
-42
-23
-5
10
16
24
46
76
95
96
104
116
126
141
161
183
194
190
201
230
236
247
277
289
283
291
305
329
344
335
335
353
342
333
338
343
330
302
300
304
292
275
264
269
255
228
206
200
188
164
152
146
120
81
63
57
41
18
4
-13
-39
-60
-71
-74
-94
-120
-142
-155
-175
-200
-213
-240
-257
-268
-283
-289
-308
-316
-320
-319
-331
-333
-321
-339
-341
-326
-315
-311
-312
-300
-283
-266
-252
-235
-215
-197
-183
-162
-140
-132
-127
-104
-72
-58
-60
-48
-34
-37
-37
-13
10
4
-11
-3
25
33
26
35
43
23
10
34
64
60
47
55
65
58
58
75
92
81
71
91
116
108
104
125
155
149
134
166
191
187
192
217
247
231
226
268
283
273
262
278
295
273
268
282
284
261
248
248
239
211
188
193
173
146
129
113
103
72
51
48
22
-2
-25
-36
-44
-77
-100
-115
-129
-143
-166
-175
-195
-223
-236
-250
-255
-266
-278
-292
-305
-301
-305
-309
-308
-314
-318
-319
-315
-300
-275
-256
-244
-228
-212
-194
-166
-132
-114
-108
-91
-65
-43
-16
4
16
32
45
63
75
79
86
87
98
102
97
102
102
105
103
95
92
82
76
76
78
75
63
59
56
50
45
50
51
42
38
45
56
53
48
54
70
75
69
77
98
103
98
110
133
144
143
157
182
197
196
199
214
219
220
227
231
222
208
202
201
194
185
179
173
164
143
118
108
97
70
49
41
25
-8
-32
-40
-57
-89
-113
-123
-135
-151
-170
-185
-205
-227
-237
-236
-238
-255
-272
-280
-280
-280
-277
-275
-280
-279
-269
-260
-260
-250
-234
-222
-211
-188
-169
-166
-160
-135
-105
-84
-73
-56
-42
-34
-19
8
25
26
30
50
68
71
76
92
105
100
96
105
111
102
93
100
103
91
86
98
98
78
71
85
88
69
53
57
61
50
37
39
46
41
28
37
54
60
50
59
78
82
82
93
114
107
109
117
147
147
146
146
160
161
164
174
184
178
167
160
154
151
144
131
111
90
72
53
39
26
10
-7
-26
-44
-60
-75
-94
-113
-123
-129
-140
-154
-158
-161
-172
-182
-187
-193
-199
-201
-201
-201
-200
-199
-197
-193
-184
-177
-170
-162
-150
-141
-128
-118
-115
-116
-107
-90
-78
-75
-66
-44
-25
-20
-10
5
18
21
31
50
62
64
74
85
81
85
94
101
87
84
87
87
72
67
70
72
60
52
55
53
40
35
47
51
34
25
36
39
25
24
41
46
37
37
57
67
63
68
84
95
89
91
110
114
96
94
112
121
114
116
124
119
104
104
111
106
90
86
89
73
49
42
40
23
5
-2
-11
-31
-49
-51
-49
-61
-80
-92
-98
-107
-121
-123
-123
-131
-139
-137
-138
-143
-148
-142
-133
-132
-136
-131
-121
-118
-122
-121
-110
-105
-108
-104
-92
-88
-92
-86
-70
-65
-65
-58
-41
-35
-34
-25
-7
1
-3
0
18
24
25
30
41
42
41
48
52
54
56
61
60
61
60
56
51
46
44
45
49
50
46
41
36
33
31
29
30
31
32
27
24
30
37
37
39
44
47
47
50
55
57
58
63
69
72
70
67
69
71
69
69
70
67
60
56
50
42
33
28
20
14
8
0
-4
-7
-15
-25
-28
-22
-22
-30
-42
-41
-40
-46
-51
-46
-40
-48
-55
-51
-45
-53
-59
-53
-47
-51
-52
-49
-49
-52
-49
-45
-46
-45
-44
-43
-43
-41
-42
-43
-42
-39
-37
-36
-38
-35
-30
-33
-33
-21
-13
-17
-16
-4
2
1
0
8
13
14
15
24
30
29
27
33
37
31
28
33
36
32
28
31
32
30
26
27
28
27
25
26
24
21
19
20
18
17
18
20
21
19
18
19
18
17
17
20
21
20
18
19
19
18
19
21
19
16
15
14
13
12
10
7
1
-5
-6
1
-3
-6
-9
-11
-12
-14
-14
-10
-8
-13
-11
-8
-10
-12
-11
-8
-6
-10
-11
-10
-9
-11
-15
-13
-9
-10
-13
-12
-10
-11
-16
-18
-16
-16
-18
-19
-19
-19
-23
-24
-20
-16
-19
-22
-22
-22
-21
-19
-17
-15
-13
-9
-4
-5
-5
-4
3
9
9
5
7
12
14
15
16
15
19
18
15
15
17
16
15
15
16
15
15
14
13
14
14
11
11
13
10
7
5
8
5
2
3
2
2
4
5
1
0
0
-3
-4
-1
1
2
4
3
3
4
3
3
3
2
-1
0
2
0
-3
-2
-1
-3
-5
-6
-5
-5
-9
-9
-4
-3
-8
-6
-2
-3
-10
-10
-5
-7
-14
-10
-5
-8
-12
-9
-5
-6
-9
-8
-4
-6
-11
-11
-4
-2
-9
-9
-3
-4
-9
-10
-4
0
0
0
2
6
4
2
3
7
8
6
6
7
8
4
7
11
11
10
11
14
12
9
10
11
10
8
10
10
10
9
10
10
9
8
9
9
6
6
7
6
4
5
6
5
6
8
6
5
5
4
3
-1
-3
-1
0
-2
-2
0
1
-1
-3
-3
-4
-5
-6
-6
-7
-6
-8
-8
-8
-9
-9
-8
-9
-11
-11
-8
-8
-8
-8
-7
-8
-11
-12
-11
-9
-10
-9
-7
-7
-8
-10
-9
-9
-8
-8
-6
-6
-9
-9
-6
-4
-2
-1
4
4
3
2
6
5
6
7
10
12
9
8
10
14
14
16
18
18
17
17
17
16
13
12
18
15
12
15
15
13
13
10
12
16
10
10
14
10
10
7
8
11
10
6
7
8
5
0
0
3
-2
-6
0
-2
-9
-9
-8
-10
-10
-12
-14
-14
-19
-20
-15
-15
-18
-19
-19
-20
-19
-18
-18
-18
-16
-14
-15
-13
-13
-12
-11
-12
-14
-12
-10
-9
-8
-6
-4
-4
-1
1
-2
-4
-3
2
3
0
-1
0
-2
-2
1
6
7
4
3
5
3
3
5
10
12
12
13
15
15
11
12
15
14
13
13
14
15
16
15
13
14
15
14
13
11
10
13
12
6
8
13
10
4
8
12
7
4
6
8
7
5
5
6
7
3
2
5
5
2
0
1
0
-3
-4
-3
-3
-4
-3
-3
-5
-8
-10
-10
-8
-13
-19
-18
-14
-15
-16
-15
-17
-20
-21
-18
-17
-16
-18
-18
-15
-14
-16
-13
-8
-8
-9
-8
-8
-9
-9
-6
-2
-1
-2
-4
-3
1
0
0
2
2
6
6
2
1
6
8
4
8
12
9
8
10
10
9
10
11
10
9
8
10
11
13
13
10
11
11
12
12
11
11
10
10
10
10
9
10
8
8
10
8
9
9
11
11
11
11
10
10
10
10
9
8
6
6
6
7
7
7
5
2
1
0
0
0
1
0
-2
-5
-5
-4
-3
-4
-6
-6
-5
-6
-9
-10
-11
-12
-13
-14
-15
-17
-16
-14
-15
-14
-15
-15
-17
-16
-16
-16
-15
-15
-15
-15
-13
-14
-13
-10
-8
-8
-10
-10
-8
-4
-4
-8
-7
-6
-2
-2
-3
-3
-1
0
0
-2
-1
2
3
1
-1
-2
0
4
5
3
2
4
5
5
11
9
8
10
7
10
3
9
11
9
10
8
15
15
12
15
18
19
18
17
20
20
18
19
21
22
18
17
18
18
16
17
19
19
16
17
17
13
12
14
13
12
10
9
7
6
5
4
4
3
1
0
-2
-3
-4
-6
-7
-8
-8
-8
-9
-11
-13
-12
-13
-13
-15
-14
-15
-15
-16
-18
-21
-20
-21
-23
-22
-22
-22
-21
-18
-19
-21
-20
-20
-21
-21
-20
-20
-19
-17
-14
-15
-14
-16
-16
-12
-10
-8
-9
-10
-10
-7
-6
-5
-3
-3
-2
0
1
0
0
2
5
5
5
9
12
10
8
11
18
21
20
19
20
20
19
22
25
28
25
20
22
28
27
22
28
32
27
23
25
26
27
26
25
28
28
24
20
25
25
19
18
22
20
16
15
17
16
10
8
9
6
0
-1
0
-1
-6
-7
-6
-9
-15
-17
-13
-17
-17
-20
-16
-17
-26
-22
-23
-23
-26
-25
-20
-25
-25
-23
-25
-26
-27
-27
-26
-25
-25
-23
-23
-23
-24
-24
-20
-17
-17
-17
-19
-19
-19
-17
-14
-12
-12
-15
-12
-8
-10
-10
-9
-6
-4
-4
-4
-1
0
0
0
2
2
3
3
5
6
7
8
10
10
11
13
17
18
17
17
18
19
19
20
24
27
26
26
27
24
24
25
24
27
28
26
29
27
25
25
25
23
22
22
20
18
17
16
14
12
10
8
8
6
4
0
0
3
1
-2
-6
-4
-3
-8
-13
-11
-9
-11
-16
-17
-15
-16
-19
-19
-17
-16
-18
-20
-15
-11
-17
-15
-16
-13
-15
-20
-16
-19
-14
-15
-19
-13
-14
-15
-16
-11
-11
-15
-12
-8
-11
-13
-10
-10
-11
-10
-9
-9
-10
-10
-7
-7
-5
-4
-3
-2
-2
-3
-2
-1
0
0
1
3
4
3
2
4
6
9
8
7
9
10
10
12
15
15
15
17
19
18
15
17
20
21
20
18
18
20
17
19
21
19
17
16
19
17
15
17
17
12
10
11
10
4
5
11
9
4
4
4
1
-1
-3
-5
-5
-5
-6
-5
-5
-7
-7
-3
-4
-10
-11
-8
-9
-9
-9
-11
-12
-9
-10
-6
-6
-11
-14
-7
-7
-10
-9
-8
-8
-9
-9
-7
-11
-6
-10
-7
-6
-11
-7
-5
-2
-6
-10
-3
-8
-7
-6
-6
-4
-4
-3
-5
-6
-5
-6
-5
-4
-3
-2
-2
-3
-4
-3
-2
-2
1
1
1
-1
0
2
-2
-2
3
5
3
2
4
6
5
3
2
5
7
6
4
7
10
10
10
10
10
10
9
10
10
9
8
10
11
11
12
14
13
11
13
13
12
10
10
14
11
7
6
7
8
6
5
7
7
6
4
5
1
-4
-3
2
-2
-6
-2
0
-2
-6
-8
-6
-6
-9
-13
-13
-11
-12
-16
-14
-10
-12
-9
-9
-9
-10
-11
-12
-11
-11
-10
-10
-10
-9
-8
-12
-11
-8
-12
-10
-10
-9
-5
-7
-2
1
-5
-3
3
-1
-2
1
-1
-2
0
0
1
1
1
1
1
3
4
5
6
5
5
5
4
5
3
5
5
6
6
5
5
6
6
7
5
6
9
10
5
3
10
9
9
9
10
11
10
8
11
9
6
6
10
8
8
9
10
10
8
9
10
9
6
5
6
6
5
5
6
0
-2
-1
2
0
-1
-1
-1
-4
-4
-4
-5
-9
-8
-7
-9
-10
-9
-9
-8
-13
-14
-8
-14
-16
-13
-13
-16
-17
-14
-10
-16
-17
-10
-9
-12
-10
-6
-3
-2
-3
-4
-4
-1
-3
0
4
4
1
5
7
4
4
9
8
3
2
6
6
3
4
6
5
5
6
6
5
5
7
7
7
4
3
3
6
5
3
4
5
3
3
0
-2
-1
1
1
1
2
1
-1
0
3
3
2
3
1
2
4
1
-1
5
5
-2
-3
2
3
0
-1
1
1
2
0
2
6
4
-2
3
7
3
-1
3
7
4
-1
2
4
-1
-6
-3
3
-1
-7
-4
2
0
-5
-6
0
0
-4
-4
-1
-2
-6
-6
-1
-1
-6
-6
-1
-3
-7
-7
-2
-4
-5
-1
0
-5
-6
-1
1
0
0
1
0
1
2
3
3
3
5
7
5
1
1
3
3
-1
-1
2
5
4
3
2
0
0
-1
1
2
3
3
3
-1
-2
1
1
-1
-5
-4
0
-1
-4
-3
0
0
-2
-4
-4
-1
-1
-2
0
2
3
3
4
2
2
3
7
6
4
5
4
0
0
2
3
3
3
4
2
2
3
5
7
6
4
3
2
1
-1
0
3
0
-2
1
5
1
-3
2
8
6
1
1
4
2
-2
-2
0
-1
-3
-1
0
-1
0
1
2
-1
-4
-3
-1
0
-3
-2
1
3
3
0
-1
-2
-1
-1
0
1
1
0
0
1
0
1
2
0
-2
0
-1
-2
-2
0
-1
-2
-2
-3
-3
-1
-1
-1
1
0
0
0
-1
-3
-1
0
-3
-4
-1
-1
-3
-4
-2
-1
-2
-3
-1
0
0
0
-1
0
0
0
0
1
-2
-2
-2
-4
-1
-2
-4
-1
-6
-7
-1
-3
-4
2
2
-2
-2
-1
2
-1
-3
2
2
-3
-2
1
-2
-4
0
3
1
1
4
3
3
7
8
6
5
1
5
7
4
1
3
10
6
3
8
9
4
5
6
3
2
2
3
3
-1
0
5
7
4
0
-1
0
0
-1
-1
1
3
3
1
1
3
-1
-3
-1
0
2
-1
0
1
1
-1
-3
-2
-1
-1
-1
1
0
-1
0
2
1
-1
0
0
-2
0
-2
-1
3
-1
-6
-2
-4
-2
3
1
-1
-3
-6
-5
-4
-4
-3
-3
-5
-6
-5
-2
0
-1
-2
-3
-3
-3
-5
-3
-2
-3
-4
-3
-3
-2
0
2
3
5
4
2
1
1
1
3
3
3
2
3
3
4
4
4
2
2
0
1
1
2
3
4
5
4
3
3
1
2
3
2
0
1
0
-1
3
3
3
1
4
3
0
-2
0
1
-2
-2
0
0
0
-2
-1
1
1
-1
-1
2
3
-1
1
2
1
0
3
3
4
4
2
1
1
-1
1
4
1
0
-2
-4
-3
-5
-4
0
0
0
0
2
3
0
-1
-1
1
1
0
0
-1
-2
-1
0
0
0
0
0
3
1
2
1
2
2
2
1
-1
0
0
3
4
5
5
4
3
2
2
2
3
4
3
3
2
1
3
5
6
7
6
3
1
-1
-1
0
1
0
0
0
0
-2
1
-3
-2
-2
-1
-1
-2
-3
-3
-2
-1
-1
1
1
-1
-4
-3
-3
-1
-2
-3
-2
-1
-1
-2
-2
-2
-2
-3
-2
-4
-4
-3
-1
-1
-4
-4
-5
-4
-2
-1
0
0
0
-1
-1
-1
-1
-1
-1
-2
-1
-2
-2
-1
1
0
1
1
0
-1
-2
-2
1
1
3
5
3
2
2
1
0
0
2
1
2
2
2
1
3
4
2
3
3
3
3
2
3
4
3
1
2
2
0
2
0
2
3
3
2
2
0
2
1
2
3
1
-1
0
1
2
0
1
2
3
2
0
-1
1
0
0
1
0
2
0
1
0
0
2
4
5
4
3
4
4
3
3
5
6
4
2
1
1
1
2
4
4
5
4
2
3
2
3
2
1
0
0
1
1
0
0
-1
1
2
1
-1
-4
-5
-4
-1
-1
-2
-5
-6
-5
-3
-3
-5
-5
-6
-6
-6
-5
-7
-6
-5
-4
-3
-4
-7
-6
-7
-4
-2
-1
-1
-4
-5
-3
-2
0
0
0
0
0
-2
-2
0
-1
0
0
0
-1
-1
0
1
1
2
4
6
6
4
3
2
3
0
0
2
3
4
4
4
4
2
1
1
1
3
2
2
0
0
2
2
4
1
0
-2
1
1
2
1
-1
-1
0
2
2
3
4
5
5
5
4
5
5
6
6
5
3
2
3
4
4
4
3
3
2
1
1
0
0
0
1
1
0
-1
0
0
0
1
