-3
0
-4
0
-3
4
-11
-2
3
-4
6
10
15
12
5
1
3
8
8
14
22
24
20
12
18
19
12
18
13
20
20
12
7
4
-8
-24
-23
-20
-22
-15
-16
-20
-24
-33
-40
-37
-33
-29
-20
-15
-12
-6
-11
-15
-8
-9
-6
6
16
18
28
18
19
24
3
18
27
15
28
32
19
20
17
2
3
14
3
19
25
7
24
16
-7
3
2
3
-1
5
12
-4
1
-12
-3
-18
-23
17
-24
-8
20
-27
-15
2
-26
-22
-5
-2
-12
2
-5
-15
-3
-19
-24
3
-17
-20
15
-24
-4
-2
-22
-14
1
-13
-8
7
-13
12
-9
-13
10
0
-13
-2
17
2
-7
23
-1
-5
15
-7
6
9
8
1
-8
12
24
-1
10
33
17
10
15
9
6
14
12
15
24
24
11
6
10
10
13
9
9
17
7
-3
-6
-13
-22
-34
-30
-22
-28
-21
-20
-32
-39
-33
-45
-43
-29
-29
-23
-14
-7
-7
-5
0
1
0
9
20
31
28
33
45
29
21
41
40
26
50
42
24
41
27
6
16
20
6
9
19
5
8
14
-18
-11
11
-24
-17
3
-12
-26
-11
-10
-40
-7
-15
-14
-11
-2
0
-34
-11
-13
-19
-26
-9
-10
-20
-14
-17
-18
-19
-23
-15
-32
5
-5
-36
9
-22
-11
-14
-9
-6
24
10
-19
50
16
7
18
36
28
55
59
33
70
78
-3
56
83
19
109
17
146
113
-37
88
69
155
178
280
318
205
101
2
19
122
189
209
265
283
61
-195
-174
-91
-77
-171
-30
107
50
-141
-505
-627
-662
-986
-869
-442
-126
-173
-458
-696
-905
-953
-1031
-691
-241
47
107
47
94
156
-75
-143
306
672
958
1247
1389
1272
938
649
467
765
1144
1241
1466
1331
1135
607
265
166
190
351
399
581
511
360
-192
-479
-625
-759
-662
-409
-71
-136
-408
-700
-1053
-1399
-1037
-1029
-816
-83
-359
-581
-555
-796
-879
-1070
-528
-294
-19
359
-218
388
-385
-668
-35
-284
-38
423
561
-120
156
151
-357
-247
82
136
273
208
477
447
-287
327
24
-182
465
495
431
366
452
-65
-97
137
-50
306
293
108
315
161
24
229
319
513
942
1167
824
115
-24
197
410
413
754
994
647
242
-527
-673
-171
-98
-383
-109
267
203
-591
-1185
-1350
-1717
-1864
-1825
-1047
-350
-298
-918
-1676
-1704
-1746
-1694
-1061
-243
499
231
-220
-128
-84
-182
-120
569
1238
1767
1805
1662
1529
1216
886
756
1343
2100
2201
2063
1856
1178
706
287
262
797
957
1038
866
463
40
-522
-935
-906
-609
-444
-416
-545
-623
-1112
-1764
-1684
-1545
-1244
-1037
-875
-645
-838
-1206
-1414
-1284
-897
-470
-500
-147
353
-148
-594
-70
-273
-246
604
714
578
934
779
-248
-170
296
234
293
719
847
544
152
-109
-242
-354
5
349
277
400
573
86
-495
-468
-295
-147
115
400
713
455
-145
-173
-141
235
1317
1886
1823
772
-86
-1
195
716
1184
1278
1156
802
-268
-1172
-500
122
-340
-542
-157
321
-52
-1162
-1960
-2260
-2442
-2491
-1894
-691
67
-656
-2350
-2951
-2427
-1923
-1259
-465
434
580
-402
-1001
-540
-11
311
542
1076
2144
2481
1989
1519
1301
1357
1405
1595
2641
3462
3008
2175
1318
957
1079
1142
1567
1913
1784
1183
198
-392
-278
-332
-631
-553
-368
-579
-1022
-1593
-1999
-2057
-2079
-1916
-1612
-1387
-1424
-1816
-2282
-2145
-1886
-1682
-1090
-678
-550
-699
-879
-908
-727
-288
175
515
833
872
660
715
624
647
868
1192
1259
1310
1230
658
344
372
319
447
681
655
512
2
-241
-476
-405
-254
-39
119
-169
-53
-217
-305
-277
-21
-175
306
1722
2027
1889
106
-1028
-263
851
1754
1836
2012
1723
503
-1398
-1978
-244
1324
1116
25
-342
49
-611
-2120
-2743
-2090
-1366
-1930
-2195
-936
-210
-1557
-3787
-4303
-2762
-1054
-413
-517
-84
-324
-1768
-2439
-1449
939
2105
1419
959
1388
1752
1343
1033
1599
2775
3098
2350
2519
3220
2823
1854
1021
1502
2753
2940
2439
1825
1567
1000
66
-65
820
1581
788
-593
-1241
-1281
-1340
-1823
-2022
-1589
-1421
-2032
-2728
-2841
-2545
-2555
-2845
-2686
-2090
-1739
-2077
-2448
-2219
-1661
-1314
-990
-432
49
74
-246
-70
498
1011
1282
1302
1394
1497
1498
1259
1256
1522
1444
1283
1315
1313
1096
796
346
573
935
721
642
146
-36
-194
-600
-283
112
366
134
-76
-485
224
1677
1554
939
-732
-1179
325
1648
1878
1440
1250
423
-616
-1788
-1113
1455
1995
483
-1184
-1603
-625
-488
-1750
-1945
-1330
-1614
-2549
-2739
-1490
-581
-1849
-3994
-3783
-1839
-406
-525
-1388
-966
-856
-1812
-1979
-399
1741
1971
362
-594
579
1864
1806
1634
2014
3067
3032
1753
1736
2736
3158
2383
1814
2415
3529
3199
1672
1427
1636
1774
1341
815
1452
1838
711
-957
-1269
-717
-479
-1206
-1951
-1618
-1608
-2474
-3276
-3204
-2314
-2089
-2752
-2995
-2670
-2430
-2787
-3128
-2634
-1689
-1291
-1542
-1522
-1034
-587
-634
-493
589
1479
1325
881
856
1300
1739
1719
1655
1891
2129
1757
1277
1260
1469
1611
1103
1035
1118
996
669
159
39
19
101
-188
216
406
304
-304
-816
912
2119
2184
197
-1923
-993
1174
2138
1386
1342
1507
584
-1588
-2981
-485
2739
2451
-275
-2234
-1515
-220
-1357
-2660
-1722
-567
-1658
-3592
-3433
-1142
-187
-3005
-5143
-3601
-793
98
-1588
-2242
-1146
-826
-2010
-1964
600
2639
1874
-1016
-1395
1346
2933
2472
1593
2070
3102
2436
1153
1874
3733
4151
2735
1438
2091
3543
3043
1512
1459
2269
2688
1614
445
1030
1660
697
-915
-1059
-53
185
-1242
-2527
-1949
-1397
-2183
-3462
-3454
-2007
-1529
-2783
-3820
-3288
-2425
-2631
-3345
-2867
-1351
-919
-1810
-2346
-1667
-658
-347
-540
304
1566
1381
536
188
1102
2151
1900
1263
1604
2374
2258
1698
1026
1345
1949
1385
1111
1286
1552
1259
211
-363
131
753
394
302
74
234
1433
1448
1033
-408
-1359
-184
1441
2058
1336
943
528
-96
-1607
-2128
664
2798
1790
-1106
-2769
-1643
-648
-1656
-2487
-1329
-407
-1999
-4290
-3967
-1097
-255
-2959
-4431
-2841
-481
-594
-2693
-2510
-385
207
-1451
-1883
563
2631
1379
-1380
-731
2340
3540
2210
1020
2278
3703
2638
1060
2061
4258
4311
2022
590
2195
3947
2958
991
875
2227
2376
506
-354
1191
2235
647
-1554
-1519
18
141
-1861
-2824
-1562
-599
-1799
-3948
-3737
-1910
-1422
-2571
-3165
-2094
-1411
-2509
-3956
-3203
-960
-136
-1092
-1881
-1106
-400
-1153
-1558
-165
1807
2128
393
-766
399
1886
1937
1048
1071
2121
2075
748
183
1087
2076
1750
573
389
1369
1775
633
-195
132
1119
2791
2848
2102
108
-1850
-901
1470
3181
3025
2086
702
-722
-2342
-2556
881
3981
2882
-891
-3567
-2642
-844
-1406
-2089
-1008
-530
-2599
-5040
-4506
-1059
228
-3031
-5157
-3307
-388
-156
-2570
-2874
-742
-207
-1659
-1489
1430
3383
1370
-2177
-1474
2671
4586
3025
1076
1567
2778
1865
754
2601
5393
4990
1504
-790
1157
3938
3475
1306
869
1977
1758
-208
-958
1084
2576
597
-2270
-2350
-127
433
-1699
-2981
-1604
-315
-1520
-3600
-3419
-1425
-1130
-2947
-3566
-1733
-349
-1561
-3482
-2984
-691
-88
-1322
-1782
-511
732
-119
-1353
-360
1424
1261
-429
-871
963
2439
1281
-531
-96
1464
1885
870
69
1137
1719
611
-416
414
1915
1804
346
-325
2256
3929
2643
-264
-1683
572
2831
2714
1645
2212
2369
180
-2923
-3040
1786
5393
2939
-1985
-3628
-1432
177
-1394
-2412
-311
659
-2697
-6284
-4922
-3
1684
-2753
-6245
-3949
-267
-249
-2835
-2802
187
700
-2549
-3524
551
4299
2569
-2130
-2499
2081
4689
2438
412
2114
4324
2700
-633
389
4850
6067
2143
-1109
706
4220
3789
337
-263
2278
2915
8
-2108
-57
2630
1055
-2772
-3336
-380
927
-1558
-3758
-2428
-272
-1438
-4121
-3799
-777
241
-2431
-4491
-2748
205
135
-2050
-2246
-215
663
-983
-2087
-338
1822
1299
-795
-844
1176
2083
480
-1136
141
2330
2182
168
-934
145
1252
608
-453
337
1527
887
-919
-1543
-58
1803
1076
390
1923
2598
1653
-1339
-2033
1573
4594
3264
932
1028
1695
705
-2355
-2328
2846
5632
2043
-2784
-3502
-503
665
-1943
-2723
366
1245
-2677
-6217
-4537
507
1296
-3054
-4687
-1650
412
-1561
-4110
-2151
2216
1727
-2262
-2652
1119
3651
1119
-2276
-458
3879
4200
949
-105
2206
3772
1478
-861
1652
5208
4527
543
-1184
1261
3384
1890
-174
992
2566
1053
-1984
-2247
1010
2446
-480
-3403
-2683
-488
-798
-3010
-3065
-682
-376
-3261
-5153
-3100
2
-221
-2800
-3212
-988
73
-1530
-2627
-661
1822
1409
-765
-1048
953
2017
883
197
1742
3256
2080
-329
-703
1161
2413
1412
261
691
1289
341
-1075
-757
855
1572
17
-1498
-1114
292
241
673
1496
1622
630
-2247
-1810
1608
3603
2279
515
403
759
-312
-2513
-979
3269
3633
11
-2863
-1927
485
-402
-3288
-2529
696
292
-3249
-4987
-2241
805
-1290
-4574
-3108
964
1490
-1860
-3546
-529
2471
654
-1539
398
3725
3399
-377
-1397
2547
5331
3255
751
1697
4116
3442
26
-139
3514
5030
2263
-746
-52
2453
1845
-1320
-1642
1061
2064
-522
-3230
-2312
217
-373
-3271
-3609
-1367
-519
-2727
-4725
-3177
-542
-1129
-3719
-4035
-1676
-353
-1701
-2977
-1390
803
135
-1783
-1583
946
2444
1156
-227
727
2202
1816
737
1126
3050
3548
1606
166
645
1948
1893
1023
1205
1854
1048
-814
-1464
-52
1428
1076
-384
-1017
-428
-959
159
1698
2354
1231
-2527
-2940
236
2670
2189
1000
825
481
-1646
-4219
-2111
3001
3312
-920
-3981
-2290
740
-564
-4102
-3649
-264
-636
-3827
-4252
-328
2100
-2302
-7227
-4733
1768
3782
455
-1942
123
1583
-1447
-2671
2469
7998
6578
-37
-2653
1857
5749
4000
1854
3943
6452
3998
-1067
-1028
4172
6348
2566
-1039
687
3629
1907
-2474
-3021
557
1733
-1317
-3347
-1476
26
-2872
-6802
-5666
-967
279
-3063
-5696
-4506
-2754
-3953
-5356
-3072
439
-121
-3742
-4921
-2013
1112
427
-1269
-19
2299
2045
59
44
2550
4083
2269
721
2330
4627
4192
1508
411
2284
3244
1923
911
1853
3109
1605
-1336
-1629
905
2237
733
-1078
-487
317
798
570
666
1684
-449
-2624
-1476
1220
2662
1945
198
-680
-1228
-3265
-3202
352
2340
315
-3279
-4362
-2253
-1156
-2884
-3740
-2192
-2099
-4254
-5139
-2351
1186
-240
-4827
-5615
-1996
1076
865
28
1425
2455
-151
-2418
575
5935
7281
3644
757
2428
4920
4036
2647
4226
6623
5755
1857
985
4037
5162
2440
-552
632
3846
3400
-190
-1753
-393
-540
-2924
-3926
-1184
1643
-977
-6066
-7238
-4148
-1939
-3291
-4662
-3278
-1888
-3992
-6832
-5726
-1876
-277
-2402
-3983
-2035
95
-895
-2810
-1993
1138
2610
1115
342
1986
3115
1817
131
1143
4153
5074
2982
1416
1896
2433
1720
849
1882
3847
3288
753
-498
465
1577
1045
310
443
2351
3798
2408
1097
-788
-1714
-239
1386
2535
3047
2494
388
-2285
-4508
-4208
-221
2119
367
-2363
-3759
-3434
-3687
-5185
-5121
-2725
-2404
-4831
-5835
-3609
-1017
-2369
-6286
-6297
-2162
583
33
-748
699
1918
-471
-2767
375
6015
7851
4746
1923
3436
5627
4390
2949
4759
7793
7351
3939
2702
4816
5632
2456
-57
1723
4736
4243
703
-1025
-140
-670
-3317
-4014
-973
1370
-884
-5383
-6419
-4086
-3260
-4670
-5155
-3109
-1766
-3788
-6146
-5181
-2563
-2283
-3865
-3723
-1129
475
-1193
-2938
-2134
-174
345
-170
726
2626
2729
619
-568
691
2543
2684
1638
1569
2686
2646
1294
202
696
2028
2252
1858
1682
1797
2108
976
1404
3546
4284
4164
1363
-13
1497
2526
2440
2291
2857
2786
898
-2291
-3124
-290
791
-899
-2493
-2449
-960
-1695
-4708
-6133
-5170
-5088
-5811
-5048
-2603
-703
-2911
-7132
-7808
-5096
-2307
-827
200
1296
1062
-1639
-3336
-854
3094
4768
3917
3409
4642
5441
4100
2924
3773
5260
5321
4636
5577
6922
5924
2710
342
1152
2879
2846
2348
2733
2397
-196
-3407
-3927
-1411
123
-1152
-2390
-1962
-1823
-3567
-5471
-4878
-2414
-1941
-3574
-3949
-2559
-1576
-2673
-4029
-3162
-1355
-1129
-2037
-1638
-147
231
-1088
-2254
-1221
649
956
440
443
1077
1023
-130
-913
-150
885
775
620
920
1696
1509
-77
-706
2
1701
2379
2549
4243
4680
4444
1771
-386
1317
3036
4024
4359
4748
4934
2688
-1496
-3308
-764
1988
1735
460
-443
-421
-1786
-4838
-5429
-3429
-3091
-5035
-5757
-3766
-980
-1850
-5772
-7042
-5266
-3870
-3666
-2368
612
2438
17
-3705
-3199
361
2631
2343
2089
3660
4669
3048
1696
3185
5477
4816
2014
1750
4852
7238
5888
3064
1914
1788
390
-822
1022
4535
5177
1768
-1846
-2508
-1575
-1917
-2640
-1424
433
122
-1943
-3381
-2919
-2586
-4119
-4720
-2960
-620
51
-1203
-2178
-2334
-2868
-3446
-2578
-291
1162
679
-665
-1321
-879
-945
-1066
-549
114
553
101
-506
-329
-2
-217
-578
-815
-698
-133
362
846
1516
1297
692
236
-38
1265
2791
3765
3872
2537
1574
1206
1198
1780
2792
3624
3537
2245
662
512
1166
978
238
-324
-16
820
566
-297
-853
-1973
-3629
-4548
-3738
-1282
280
-782
-2735
-3785
-3879
-3504
-2782
-1548
-140
-187
-1712
-2229
-1087
289
535
-302
-598
64
373
293
845
1810
1988
1109
265
776
1939
2008
1233
943
1513
2160
2247
2051
2003
1894
1271
861
1326
2222
2627
2000
987
240
17
105
307
697
691
91
-653
-1290
-1292
-1045
-1085
-1206
-1413
-1669
-2084
-2462
-2536
-2153
-1568
-1520
-1878
-2251
-2515
-2280
-1767
-1309
-869
-899
-1440
-1839
-1783
-1218
-354
13
-6
-156
-382
-293
63
574
1129
1374
1258
1090
1083
1345
1761
1978
1825
1695
1629
1756
2040
2010
2016
2036
1773
1682
1661
1830
2036
1496
766
688
1278
1934
1843
1006
264
-230
-725
-763
-98
732
819
-395
-1966
-2556
-2168
-1666
-1387
-1458
-1745
-2072
-2680
-2922
-2423
-2044
-2131
-2674
-3069
-2374
-1332
-731
-732
-1267
-1656
-1772
-1422
-455
585
1171
680
-209
-462
215
1618
2442
2327
1716
1148
1259
1629
2063
2401
2370
2136
1550
1303
1820
2313
2189
1126
116
474
1427
1838
1360
371
-283
-760
-1244
-1017
22
712
-10
-1522
-2256
-1494
-479
-600
-1155
-1355
-1388
-1612
-1948
-1493
-345
-53
-1054
-1923
-1590
-594
-118
-594
-862
-306
-65
-351
-503
-83
699
711
11
-162
395
842
668
320
428
1012
1251
926
861
994
935
646
332
705
1437
1525
1134
809
832
1047
825
319
220
462
669
629
311
-18
-344
-910
-1455
-1571
-1388
-1089
-927
-1135
-1335
-1498
-1789
-1904
-1935
-1798
-1384
-1061
-834
-588
-428
-431
-510
-566
-429
7
232
221
394
583
899
1118
956
987
1112
1125
1191
1093
1008
1081
1147
1239
1345
1359
1206
978
648
390
577
883
1009
856
313
-26
24
104
259
207
-143
-492
-843
-783
-233
206
276
-91
-597
-943
-1340
-1696
-1683
-1241
-598
-269
-389
-710
-1143
-1580
-1752
-1438
-597
335
747
619
216
-217
-507
-829
-1152
-1059
-532
35
312
248
222
305
47
-397
-321
432
1206
1269
864
832
1092
936
410
226
705
1268
1382
1389
1739
1968
1422
442
-60
235
659
475
3
-133
-29
15
-189
-431
-535
-1033
-1937
-2449
-2021
-841
26
-106
-704
-1185
-1533
-1762
-1630
-961
-193
-17
-321
-151
592
899
352
-502
-698
-5
677
1054
1419
1459
924
-48
-684
-202
748
1113
759
311
271
474
647
759
891
761
29
-623
-447
422
1221
1110
477
85
-66
-266
-629
-646
-200
109
18
-243
-245
-217
-700
-1388
-1730
-1503
-943
-400
246
721
488
-297
-1051
-1053
-313
335
632
616
412
492
674
566
180
-216
-202
-132
-375
-378
212
810
526
-389
-881
-788
-685
-986
-1043
-93
1210
2192
2541
2073
977
-582
-1512
-721
1169
2755
3092
2262
891
-526
-1461
-1619
-1239
-878
-647
-118
562
741
-117
-1870
-3554
-4468
-4295
-2877
-817
818
1028
-209
-1614
-2207
-1974
-1414
-788
196
1267
1889
2154
2338
2489
1966
521
-543
-138
1369
2810
3381
3337
2886
1720
155
-737
-328
811
1557
1486
1120
871
404
-337
-921
-1123
-1099
-1331
-1549
-998
-33
457
-50
-1231
-2011
-2221
-2145
-1682
-941
-36
432
0
-678
-1091
-1206
-1221
-1293
-1004
-213
515
755
593
226
-260
-806
-1118
-605
505
1307
1411
1098
880
622
99
-440
-439
290
883
1049
884
589
617
317
55
566
1626
2911
2888
1634
513
136
845
1522
1784
1778
1077
118
-856
-1078
-347
-82
-665
-1771
-2425
-2007
-1512
-1437
-1999
-3126
-4399
-5357
-4956
-3177
-1115
-197
-976
-2229
-2904
-2532
-1322
-101
840
1163
921
878
1504
2689
3581
3430
2437
1554
1501
2227
3317
4020
3898
3119
2055
1403
1367
1569
1689
1474
957
438
243
292
226
-366
-1345
-1909
-1717
-1015
-342
-139
-482
-1246
-2116
-2526
-2075
-1187
-576
-422
-507
-477
-558
-1025
-1331
-1181
-772
-428
-304
5
394
231
-418
-1052
-1212
-899
-520
-154
237
467
400
147
-58
-37
-182
-586
-767
-541
346
843
1112
1923
2883
3837
2914
1075
-164
-269
933
1793
2525
2932
2304
749
-1340
-2258
-1704
-1037
-882
-1206
-1240
-919
-1247
-1924
-2720
-3715
-4790
-5739
-5158
-3046
-836
150
-235
-841
-1199
-1396
-1261
-548
777
1680
1730
1853
2636
3759
4199
3616
3067
2928
2811
2597
2570
3034
3332
2909
2017
1532
1557
1331
823
235
-231
-782
-1690
-2256
-1990
-1458
-1287
-1662
-2151
-2247
-2086
-1826
-1367
-841
-643
-695
-685
-282
397
725
583
156
-401
-719
-494
191
907
1072
874
605
195
-508
-1308
-1532
-1302
-921
-690
-450
-167
-295
-868
-1296
-1248
-815
-373
-465
402
1906
3509
4372
3111
1545
238
82
993
2078
2809
2245
1218
-277
-1185
-1040
-1369
-1818
-2630
-3372
-2671
-1601
-1162
-1455
-2865
-4736
-6008
-6389
-5442
-3233
-1267
-338
-9
-282
-248
431
892
1469
2001
2117
2591
3350
4149
5106
5726
5767
5512
4766
3752
3114
2840
2709
2898
3037
3033
2909
2040
894
-195
-1415
-2533
-3450
-4069
-4038
-3777
-3540
-3146
-2851
-2773
-3016
-3350
-3355
-2766
-1867
-1086
-234
202
449
696
739
1071
1068
866
734
750
970
1012
965
892
860
615
244
-56
-281
-440
-874
-1059
-1033
-983
-1038
-1106
-742
-298
901
1723
3092
3885
3173
2354
1227
1168
1673
1952
1968
1910
1360
40
-958
-1676
-2118
-2326
-3311
-3710
-3022
-2626
-2375
-2625
-3719
-4857
-6265
-7236
-6364
-4321
-2495
-1416
-1030
-1064
-610
2
489
1591
2068
1826
2055
2740
4340
6166
6878
6908
6710
5970
5097
4427
3845
3728
3800
3574
3552
3573
3051
2356
1207
-318
-1664
-2865
-3567
-3631
-3509
-3325
-3028
-2688
-2499
-2362
-2199
-2066
-1972
-2147
-2225
-1761
-1063
-364
227
699
881
521
20
-295
-172
-227
-881
-1210
-1373
-1019
-541
-468
-311
-682
-1504
-2137
-2244
-1667
-1102
-583
-408
555
2289
3572
4889
4239
2981
1849
853
1056
1765
2538
3150
2783
1623
242
-977
-2010
-2987
-3217
-3110
-2411
-2035
-2474
-2812
-3289
-4191
-4997
-5817
-5810
-4882
-3940
-2700
-1157
169
967
1269
1160
1258
1421
1283
1631
2526
3530
4635
5392
5903
6307
6059
5329
4492
3564
2661
2185
2267
2597
2825
2394
1707
1176
229
-913
-2055
-2906
-3283
-3586
-3694
-3286
-2599
-2081
-1717
-1163
-329
364
328
-154
-470
-809
-1134
-1119
-388
1037
1805
1369
469
-153
-390
-801
-1477
-2035
-2189
-2444
-2833
-2501
-1735
-820
-742
-1429
-2025
-2082
-1965
-1219
940
2974
5072
4763
3573
3271
3065
3268
2632
1825
1780
1743
1198
403
-361
-926
-2169
-3352
-4025
-3485
-2465
-2620
-3193
-4067
-5112
-5912
-6491
-5993
-4492
-3387
-2843
-1953
-203
1461
2037
1379
792
1334
2064
2647
3360
4051
4629
4912
5138
5945
6634
6015
4465
3207
2629
2631
2434
2014
1923
1740
1334
999
985
677
-377
-2022
-3491
-3811
-3642
-3391
-2744
-1779
-536
582
1160
1493
1520
908
-110
-949
-1410
-1388
-962
-413
430
1070
966
417
-408
-1285
-2110
-2962
-3652
-3970
-3976
-3778
-3289
-2611
-1950
-1404
-1279
-1071
-1009
238
1742
3012
3901
3027
3326
3540
3919
3982
3275
3336
3278
2565
1052
-623
-1380
-2031
-2847
-3314
-3592
-2837
-2515
-2734
-2894
-3638
-4965
-6317
-6983
-6121
-4501
-3476
-2566
-1048
691
2142
2855
2969
3094
2523
1497
1214
2251
3822
4634
4636
4633
5186
5645
5161
4321
3409
2332
1171
131
-155
100
353
179
147
169
-179
-626
-1192
-1504
-1706
-2339
-2696
-2314
-1333
137
1573
2751
3494
3281
2398
1663
1124
559
-344
-1398
-1943
-1740
-1040
-264
433
328
-543
-1712
-2824
-3484
-4011
-4618
-5058
-4943
-4259
-3188
-1847
-618
-29
1874
3256
4779
5296
3369
3019
2493
2504
2424
1808
2459
3102
2520
816
-641
-765
-1545
-3165
-5015
-5898
-4789
-4574
-4850
-4472
-3857
-3674
-4473
-5621
-5436
-4212
-3854
-3430
-1785
201
2076
2927
3450
5045
5899
5097
3908
3368
3548
3701
3466
3758
4963
5536
4778
3933
3628
3145
2234
497
-652
-495
-868
-1214
-1529
-1497
-1005
-850
-633
-398
-339
-930
-1482
-1155
-395
489
1051
1454
2406
3078
3289
3290
2691
1775
209
-1363
-2203
-2593
-2652
-2753
-2494
-1998
-1992
-2122
-2582
-2972
-3364
-4429
-5015
-5100
-4535
-3929
-3294
-2277
-829
2312
4461
6748
7344
5949
5613
4101
3386
2515
1576
2036
2306
1840
716
77
342
-231
-1710
-3820
-4952
-4558
-4938
-5518
-5717
-5657
-5507
-5428
-5446
-4198
-2729
-2570
-2056
-1078
155
1571
1878
2347
3415
3691
3491
3257
3644
3914
3738
3300
3324
3936
3538
2391
1713
1652
1691
1233
297
-141
-126
-503
-1027
-1019
-905
-847
-964
-1081
-353
613
1128
1630
1950
2029
2183
2424
3054
3859
3973
3611
3332
2859
2055
722
-755
-1877
-2766
-3326
-3508
-3102
-2953
-3317
-3563
-3916
-4014
-4514
-5535
-5855
-5695
-5188
-4600
-3516
-2292
-146
2699
4408
6647
6396
5795
5832
4830
4541
3166
2311
2176
1483
158
-1370
-1179
-495
-826
-1804
-3352
-3225
-3023
-4315
-5519
-6169
-6023
-5825
-5770
-5227
-3269
-1407
-893
141
1370
2566
3619
3179
3386
4151
4128
3974
3662
3607
3485
2873
2323
2448
2927
2580
1571
790
36
-652
-1436
-2333
-2248
-2000
-2160
-2127
-2063
-1533
-1003
-816
-723
-471
37
714
1752
2848
3648
4250
4631
5041
5580
5530
4972
3972
2531
1433
339
-417
-1052
-1781
-2268
-2896
-3376
-3766
-3859
-3697
-3942
-4453
-5258
-5617
-5462
-5314
-5390
-4943
-4162
-2098
1230
3202
5747
5950
5923
6551
5500
4893
3132
1907
1428
394
-1035
-2199
-1937
-1319
-1394
-2084
-2768
-2383
-2264
-3270
-4370
-4887
-5232
-5724
-6160
-5732
-3833
-1911
-901
556
2467
4142
5579
5634
5603
5788
4868
3905
3358
3108
3252
2970
2490
2493
2513
2198
1656
1276
534
-698
-2133
-3571
-4243
-4385
-4727
-4364
-3573
-2905
-1871
-1264
-609
218
365
440
802
1428
2294
3063
3814
4866
6204
7015
6852
5929
4405
2997
1529
-185
-1657
-2750
-2976
-3050
-3013
-2923
-2728
-2209
-2577
-3330
-4390
-5177
-5231
-5560
-5608
-5033
-4066
-1097
1348
3713
5799
6205
7628
7231
6163
4569
2765
1842
395
-1398
-3239
-3690
-3384
-3405
-3636
-3833
-3133
-2436
-2922
-3868
-4556
-5136
-6255
-7465
-7754
-6142
-3798
-2099
-465
1659
4086
6033
6905
7400
7933
7855
6789
5448
4721
4296
4012
3347
2896
3169
3102
2767
2078
1152
333
-756
-1912
-2957
-4002
-5097
-5953
-6189
-5736
-4909
-3899
-2878
-1769
-675
68
901
1874
2795
3420
3422
3505
4248
5367
6212
6101
5322
4433
3586
2557
1371
35
-1195
-2447
-3748
-4558
-4541
-4079
-3661
-3620
-4170
-4380
-4478
-4499
-4792
-4866
-5180
-4065
-1692
65
3099
4323
6077
7824
7787
7675
6451
5250
3208
349
-2439
-3932
-3561
-3607
-3951
-3945
-3362
-2079
-1818
-2621
-3344
-3846
-5359
-7156
-8350
-8137
-6305
-5087
-4080
-1935
1038
4222
6377
7412
8214
8751
8283
7002
5856
5025
4573
4034
3389
3436
3805
4056
3772
3045
2175
1013
-163
-1703
-3081
-4049
-4994
-5411
-5491
-5498
-5125
-4831
-4343
-3161
-1993
-826
177
1089
2258
3276
3874
4250
4690
4852
4653
4166
3724
3670
3243
2393
1295
238
-635
-1811
-2714
-3140
-3202
-3014
-3248
-3596
-3839
-4198
-4528
-4919
-4801
-4536
-2927
-1391
-59
1581
2261
4426
5795
6270
6166
5354
4842
3313
906
-1391
-2607
-3152
-4150
-5264
-5169
-3582
-1795
-1044
-1276
-1707
-2318
-4147
-6150
-7454
-7456
-6572
-6187
-5260
-3164
-220
2894
5088
6668
7956
8533
8262
7364
6081
5005
4063
3161
2971
2908
3209
3540
3514
3493
3118
2557
1701
457
-1186
-2875
-4322
-5313
-5548
-5380
-5037
-4518
-4129
-3243
-1913
-615
742
1759
2567
3192
3460
3640
3974
4078
3795
3240
2775
2525
2365
1859
1121
609
-222
-1010
-1886
-2732
-3218
-3737
-4099
-4360
-4209
-3822
-3953
-3814
-4132
-3649
-1880
-1191
249
709
1541
3633
4191
4846
4737
4814
4805
3344
1402
-568
-1676
-2885
-4684
-5674
-5356
-3988
-2570
-2120
-1566
-890
-1216
-2404
-4101
-5175
-5464
-5876
-6173
-5676
-3927
-1562
946
3680
6058
8082
8818
8404
8026
7131
6096
4789
3275
2595
1921
1605
1718
2150
3141
3226
2885
1946
974
240
-1322
-2916
-4663
-5753
-6007
-6098
-5629
-4939
-3818
-2523
-1412
55
1639
3247
4403
4694
4817
4573
4031
3413
2573
2086
1504
842
374
299
657
735
454
-75
-867
-1645
-2543
-3640
-4253
-4544
-4818
-4680
-4622
-4375
-2762
-1309
70
1225
1443
2563
3550
3866
4113
4025
3994
3197
1608
-67
-1255
-2009
-3379
-4756
-5130
-4672
-3808
-2891
-2097
-1091
-649
-1837
-3148
-3922
-4416
-4743
-5867
-6378
-5437
-3875
-1918
306
3001
5535
7153
7677
7801
8275
8136
7073
5449
3721
2615
1967
1557
1563
2020
2527
2929
3034
2843
2715
2211
943
-1077
-3351
-5048
-5944
-6313
-6471
-6129
-5148
-3779
-1957
57
2031
3729
4394
4381
4319
4144
3905
3113
1964
900
56
-400
-656
-403
-76
171
317
57
-91
-348
-936
-1850
-2871
-4058
-4825
-5077
-5331
-4203
-2826
-1452
208
952
2259
3513
4072
4308
4078
3914
3011
1552
-3
-1226
-1837
-3035
-4517
-4981
-4550
-3581
-2754
-2286
-1221
-382
-536
-1414
-2257
-2482
-2916
-3988
-5347
-5727
-5087
-3953
-2273
-239
2256
4340
5716
6758
7666
8320
7937
6586
4963
3310
1980
1153
634
682
994
1256
1669
2156
2632
2885
2797
2096
869
-586
-2267
-3534
-4634
-5507
-5775
-5761
-4662
-2899
-878
1346
3072
4611
5697
6126
5943
5028
3692
1873
-188
-1647
-2472
-2528
-2121
-1995
-1401
-631
170
890
761
181
-854
-2208
-3634
-4660
-5262
-4998
-4013
-3202
-2027
-912
520
2276
3632
4409
4683
4804
4115
2985
1528
-57
-1263
-2758
-4425
-5338
-5292
-4853
-4034
-3114
-1908
-606
-294
-541
-777
-814
-1113
-2063
-3118
-3712
-3789
-3930
-3596
-2393
-590
1386
2843
4342
5984
7247
7643
7197
6555
5532
4101
2574
1312
528
-1
-389
-417
214
1007
1463
1757
1839
1626
1211
420
-567
-1507
-2778
-4042
-4912
-5201
-4411
-3123
-1540
255
1873
3571
4973
5899
6305
6045
5094
3328
1315
-611
-1972
-2579
-2884
-2849
-2473
-1865
-1072
-75
593
908
761
-355
-1517
-2783
-3642
-3692
-3920
-3716
-3380
-2581
-982
598
2153
3366
4248
4413
3702
2634
1251
-102
-1715
-3678
-4983
-5327
-5203
-4897
-4485
-3610
-2229
-1174
-652
-346
69
270
-216
-984
-1634
-2013
-2500
-2962
-2699
-1688
-250
1018
2402
4116
5682
6655
6733
6598
6208
5292
4078
2653
1727
940
93
-482
-695
-225
156
299
448
489
615
335
-207
-613
-1016
-1562
-2387
-3107
-3118
-2539
-1764
-1014
-222
1030
2320
3371
4226
4677
4827
4151
2823
1499
413
-368
-1286
-2128
-2597
-2616
-2282
-1751
-1023
-337
40
-100
-425
-723
-953
-1174
-1560
-1834
-2148
-2209
-1870
-1126
-17
936
1789
2383
2584
2411
1660
628
-650
-2181
-3606
-4507
-4837
-4800
-4523
-4074
-3320
-2565
-2010
-1404
-618
110
276
-18
-343
-521
-733
-1173
-1392
-1113
-491
123
840
2016
3434
4668
5368
5797
6212
6216
5589
4376
3058
1844
670
-354
-1043
-1121
-1044
-997
-862
-661
-206
43
-73
-265
-597
-1032
-1563
-1978
-1857
-1261
-571
-48
351
852
1442
1975
2395
2668
2743
2472
1979
1501
1205
929
328
-375
-946
-1212
-1225
-1287
-1316
-1305
-1316
-1403
-1396
-1159
-796
-495
-562
-759
-857
-753
-484
-252
11
326
740
991
971
831
482
-91
-1138
-2435
-3409
-3918
-4092
-4211
-4090
-3552
-2806
-2184
-1743
-1195
-509
-16
75
65
146
162
-99
-541
-708
-578
-365
-125
435
1510
2662
3594
4258
4854
5421
5556
5232
4623
3810
2742
1367
70
-852
-1344
-1609
-1875
-1915
-1725
-1343
-813
-309
175
464
454
292
143
113
119
26
-159
-312
-309
-68
349
879
1397
1758
1891
1738
1473
1231
995
639
59
-545
-918
-989
-931
-966
-1129
-1377
-1654
-1855
-1835
-1536
-1086
-705
-431
-177
136
408
547
624
625
602
503
354
277
133
-242
-910
-1712
-2409
-2884
-3157
-3349
-3400
-3259
-2939
-2448
-1866
-1245
-667
-217
37
176
288
299
165
-93
-368
-503
-464
-273
136
757
1442
2097
2669
3223
3711
3989
4022
3798
3437
2918
2230
1543
846
151
-478
-1036
-1320
-1328
-1213
-887
-430
142
712
1009
1146
1113
989
846
541
226
-98
-351
-381
-303
-90
131
333
583
702
722
661
569
572
437
183
-75
-307
-361
-479
-691
-917
-1286
-1607
-1921
-2057
-1821
-1489
-987
-464
26
546
826
1037
1201
1163
899
261
-486
-1115
-1707
-2286
-2923
-3413
-3558
-3447
-3217
-2982
-2670
-2224
-1755
-1341
-959
-460
150
630
920
1137
1352
1445
1198
713
335
187
135
127
311
797
1452
2017
2493
2973
3351
3469
3284
2979
2632
2108
1448
802
330
-11
-368
-614
-611
-427
-216
-68
142
450
710
866
948
1029
1033
833
508
185
-95
-411
-745
-941
-906
-703
-507
-338
-123
131
358
426
333
129
-170
-484
-783
-952
-964
-948
-965
-1077
-1155
-1087
-1000
-946
-986
-951
-705
-401
-134
-7
79
178
160
39
-150
-311
-480
-853
-1362
-1811
-2012
-1914
-1707
-1459
-1173
-897
-674
-610
-632
-666
-701
-698
-656
-494
-229
27
216
325
407
471
529
628
788
964
1056
1100
1229
1518
1845
2039
2101
2125
2189
2184
2035
1846
1690
1601
1481
1325
1261
1237
1191
1046
816
646
460
209
-79
-355
-447
-437
-413
-387
-448
-495
-576
-714
-797
-874
-863
-837
-875
-828
-675
-370
-28
171
291
327
311
220
-14
-293
-617
-988
-1322
-1539
-1534
-1409
-1328
-1288
-1225
-1089
-947
-902
-919
-938
-950
-925
-825
-616
-355
-202
-205
-272
-282
-170
-15
86
123
131
214
351
434
400
194
-93
-354
-514
-501
-382
-266
-208
-158
4
271
531
707
813
880
889
843
840
923
1018
1013
951
1004
1212
1430
1519
1523
1561
1591
1501
1328
1197
1129
987
693
400
272
267
203
18
-172
-277
-341
-442
-578
-694
-793
-894
-959
-924
-796
-667
-607
-580
-508
-355
-163
14
149
241
311
369
400
330
102
-266
-664
-939
-1029
-995
-970
-1042
-1147
-1155
-988
-732
-557
-554
-710
-933
-1124
-1189
-1067
-849
-684
-612
-513
-258
90
327
364
312
279
254
196
127
84
11
-136
-263
-213
10
194
202
134
160
315
486
625
783
948
1008
934
881
999
1198
1246
1043
752
577
562
632
741
915
1120
1259
1294
1271
1237
1119
803
307
-216
-619
-874
-1045
-1163
-1173
-1028
-755
-435
-155
30
92
45
-57
-157
-236
-323
-448
-585
-683
-670
-525
-282
-20
178
303
384
449
473
405
260
99
-39
-164
-309
-470
-625
-760
-859
-920
-943
-944
-939
-940
-926
-871
-772
-641
-520
-446
-401
-329
-195
-41
76
143
175
175
121
24
-70
-132
-201
-315
-405
-362
-172
83
307
506
713
874
923
876
824
776
659
477
378
480
698
824
806
792
888
1034
1113
1117
1114
1108
1054
950
866
788
584
193
-281
-692
-999
-1269
-1479
-1531
-1400
-1164
-891
-568
-206
80
193
173
116
20
-195
-503
-737
-799
-762
-714
-603
-293
190
642
923
1062
1146
1165
1023
718
363
51
-256
-618
-968
-1143
-1107
-992
-957
-987
-956
-826
-679
-596
-515
-364
-180
-53
-8
46
151
227
193
99
43
21
-47
-176
-247
-158
33
203
310
400
487
529
514
486
464
403
280
169
160
234
301
315
346
439
564
659
701
731
763
777
789
819
860
854
763
627
490
329
84
-251
-585
-835
-998
-1139
-1270
-1322
-1264
-1140
-1009
-873
-683
-448
-257
-183
-214
-271
-327
-415
-532
-608
-582
-489
-388
-209
164
693
1151
1372
1422
1459
1483
1358
1061
721
408
52
-384
-740
-834
-727
-650
-692
-704
-563
-357
-222
-149
-53
22
-31
-186
-302
-297
-245
-247
-271
-229
-112
-6
42
83
164
229
208
129
96
131
146
100
73
133
211
194
89
21
44
89
96
109
199
329
431
493
557
647
712
725
710
674
600
486
378
319
288
222
97
-81
-308
-580
-857
-1074
-1194
-1236
-1232
-1180
-1064
-884
-668
-442
-225
-54
2
-88
-261
-421
-492
-465
-390
-303
-213
-59
213
578
942
1202
1335
1364
1305
1157
938
708
484
203
-147
-478
-658
-678
-657
-678
-699
-637
-487
-329
-196
-52
98
194
202
183
216
270
256
149
43
27
78
126
149
180
233
266
267
275
300
292
192
6
-183
-310
-372
-390
-373
-318
-235
-128
11
181
357
483
508
444
349
274
239
226
205
176
166
196
242
240
159
33
-104
-256
-454
-687
-881
-988
-1042
-1091
-1133
-1113
-1006
-857
-681
-459
-197
26
133
145
162
230
292
279
224
219
315
481
667
858
1042
1172
1196
1102
929
711
459
174
-142
-443
-663
-760
-757
-720
-675
-601
-493
-386
-313
-251
-175
-111
-97
-93
7
217
415
493
486
498
550
550
461
341
258
205
121
44
41
109
160
129
56
-7
-64
-152
-266
-346
-359
-325
-263
-174
-51
90
220
321
378
375
306
186
56
-37
-55
-4
73
122
128
143
211
291
278
100
-211
-557
-856
-1068
-1200
-1267
-1282
-1248
-1132
-908
-594
-269
-36
85
146
219
322
406
435
424
422
458
523
587
645
701
752
773
750
682
590
482
330
112
-140
-354
-505
-625
-732
-790
-735
-578
-398
-259
-156
-50
43
90
118
170
241
277
254
236
299
421
515
527
474
386
265
119
-15
-86
-98
-99
-119
-131
-102
-30
50
104
117
85
6
-100
-184
-206
-163
-98
-47
-9
39
109
175
212
211
198
186
169
133
75
28
14
10
-12
-84
-185
-297
-431
-583
-735
-840
-885
-900
-882
-799
-614
-362
-117
90
275
446
555
553
467
379
333
309
279
252
266
319
370
393
400
397
355
234
51
-125
-235
-294
-356
-452
-547
-589
-569
-500
-414
-311
-201
-94
8
138
306
467
546
515
428
358
323
288
237
197
188
182
151
118
136
194
212
137
13
-68
-75
-44
-5
49
129
180
168
121
94
90
60
-39
-171
-265
-289
-261
-206
-124
-15
84
139
155
164
162
109
-19
-192
-349
-458
-530
-589
-630
-641
-627
-606
-577
-522
-436
-333
-230
-115
26
189
351
482
562
581
546
494
452
422
376
313
272
274
295
303
294
286
251
132
-62
-245
-338
-373
-432
-527
-593
-584
-534
-483
-414
-287
-142
-59
-26
41
186
343
418
406
377
370
363
322
251
183
113
39
-11
-1
60
116
121
97
97
132
165
165
138
121
122
125
125
139
177
203
163
64
-45
-127
-179
-219
-244
-226
-175
-117
-59
15
115
191
181
72
-109
-302
-462
-584
-659
-710
-753
-769
-733
-628
-481
-339
-210
-80
49
165
270
378
478
539
548
529
508
474
401
307
245
248
284
302
288
274
267
239
169
73
-23
-118
-238
-379
-492
-531
-513
-472
-425
-356
-254
-150
-73
-3
88
188
252
251
229
236
268
274
239
189
137
69
-12
-68
-61
-15
4
-16
-32
2
67
112
123
120
118
100
65
41
53
78
74
36
-1
-21
-45
-89
-140
-159
-142
-113
-78
-36
19
75
108
113
73
-19
-151
-290
-401
-488
-569
-641
-674
-630
-526
-394
-252
-110
29
150
260
374
476
526
503
449
427
436
428
365
276
211
190
193
196
200
200
174
114
54
29
19
-35
-163
-310
-403
-433
-443
-445
-421
-355
-281
-218
-143
-32
85
150
154
155
188
229
246
241
237
227
188
125
77
55
19
-50
-113
-123
-78
-21
24
65
110
140
131
89
46
4
-55
-121
-173
-186
-160
-118
-80
-32
31
97
139
146
129
111
93
67
25
-25
-79
-136
-201
-262
-314
-361
-411
-461
-488
-476
-425
-359
-278
-180
-67
56
176
290
376
412
395
354
321
293
256
202
157
143
161
199
247
293
310
282
226
159
102
35
-58
-162
-254
-314
-338
-332
-299
-249
-190
-133
-76
-15
45
86
96
84
66
57
61
67
81
107
132
138
119
93
76
57
29
-5
-24
-13
14
45
78
113
136
131
93
42
-15
-79
-153
-230
-285
-304
-289
-241
-174
-87
11
105
185
234
241
203
128
26
-93
-209
-302
-363
-402
-424
-422
-383
-311
-229
-160
-101
-48
0
33
55
84
126
161
169
157
158
185
214
223
215
209
212
210
200
197
210
219
192
136
84
59
44
3
-62
-125
-166
-183
-185
-162
-112
-51
-6
25
72
137
194
211
174
113
53
7
-22
-28
-14
3
18
35
67
105
118
87
20
-62
-127
-167
-173
-143
-96
-42
6
48
80
87
61
-3
-99
-205
-288
-325
-310
-261
-193
-111
-15
82
164
213
231
217
170
88
-6
-85
-145
-189
-230
-263
-276
-261
-224
-180
-129
-78
-32
1
20
39
66
91
104
93
78
85
116
160
193
208
213
214
210
199
190
178
155
113
63
27
12
-8
-52
-116
-173
-201
-199
-174
-127
-63
7
72
136
197
241
247
208
137
54
-17
-71
-106
-121
-117
-97
-61
-12
42
85
95
72
28
-23
-68
-102
-126
-137
-133
-113
-77
-34
12
43
45
22
-30
-97
-166
-219
-246
-241
-199
-123
-22
88
190
274
328
344
310
229
114
-7
-118
-209
-269
-295
-280
-225
-147
-57
34
110
157
160
125
77
29
-17
-59
-92
-107
-91
-52
-1
62
125
173
198
197
187
171
144
95
30
-36
-87
-130
-165
-185
-190
-178
-158
-137
-95
-31
41
109
159
203
240
258
246
202
139
68
-9
-87
-154
-190
-199
-184
-151
-105
-47
4
40
54
49
34
7
-26
-58
-75
-72
-56
-33
-3
29
58
74
74
62
33
-5
-40
-67
-76
-65
-36
6
53
95
130
154
157
137
92
30
-42
-109
-164
-200
-212
-204
-180
-139
-89
-32
27
78
113
130
137
130
110
85
51
20
-6
-29
-45
-47
-41
-25
-2
18
35
43
45
36
11
-21
-55
-88
-118
-140
-148
-131
-97
-54
-3
49
97
133
158
173
176
165
139
102
62
22
-13
-43
-67
-87
-96
-96
-88
-75
-61
-46
-34
-27
-24
-21
-15
-6
6
19
32
46
58
62
62
59
55
48
37
26
14
5
2
5
13
28
43
53
57
54
46
27
4
-28
-66
-108
-146
-172
-186
-181
-166
-145
-113
-79
-42
-2
37
69
93
101
99
93
85
75
60
41
21
-1
-20
-30
-31
-22
-11
0
8
14
18
18
9
-7
-28
-52
-71
-79
-73
-52
-26
7
42
77
108
132
144
140
120
89
54
17
-15
-45
-74
-94
-104
-99
-81
-57
-34
-17
-9
-5
2
10
18
19
16
11
10
15
26
38
42
38
29
22
18
21
23
28
31
35
44
56
69
76
72
56
32
4
-26
-56
-91
-123
-149
-166
-173
-160
-140
-111
-80
-50
-19
9
30
45
54
51
45
37
33
34
39
44
43
44
41
41
41
36
30
24
18
11
3
-4
-10
-16
-22
-27
-32
-35
-34
-34
-31
-26
-11
9
26
41
49
53
55
47
29
4
-21
-43
-56
-66
-68
-59
-44
-24
-5
11
26
35
38
39
35
28
21
15
9
7
3
5
10
15
18
22
22
23
21
12
6
3
5
10
14
20
28
33
35
27
9
-11
-35
-60
-80
-92
-99
-92
-80
-63
-41
-23
-5
10
20
25
25
24
22
18
14
13
8
5
5
3
4
4
