-2
-4
-4
-3
-2
-1
2
3
1
-2
-1
-2
-1
0
3
4
3
4
5
1
-5
-4
0
4
1
-3
-2
-2
-1
-3
-5
-5
-4
-4
-3
-1
0
-2
4
2
-1
3
4
1
5
5
3
6
4
6
9
10
12
13
13
12
9
8
5
2
1
2
0
-1
-2
0
-3
-1
1
3
4
3
4
5
4
4
5
4
4
5
6
5
1
-2
-6
-5
-4
-4
-5
-6
-7
-4
-4
-5
-8
-4
0
-1
-3
-7
-7
-5
-4
-7
-7
-9
-11
-10
-8
-7
-3
-3
-2
0
0
0
0
0
1
-2
-1
-2
-1
0
1
5
6
6
4
6
7
8
7
5
3
4
5
7
4
-1
-4
-3
0
0
-2
-1
2
4
3
2
6
7
5
4
3
5
3
2
0
0
-1
-2
-3
-2
-2
-2
-1
0
-1
1
4
6
7
5
5
5
7
7
8
7
6
5
2
1
0
-1
-2
0
1
-1
1
0
-1
2
-2
-4
1
1
-1
3
3
4
8
9
10
14
11
11
9
4
3
-4
-3
-7
-15
-12
-16
-17
-18
-13
-9
-13
-9
-6
-9
-12
-11
-13
-13
-10
-11
-8
-7
-9
-5
-2
-4
-4
-5
-4
0
1
0
0
-2
-1
2
1
0
-2
-4
-5
-5
-5
-5
-5
-4
0
4
8
11
13
18
16
16
16
16
14
14
12
11
11
13
14
10
8
10
10
10
11
10
8
4
4
4
7
7
7
3
0
-5
-4
-2
1
4
5
9
11
13
15
17
18
17
17
18
15
5
-1
-7
-10
-7
-9
-13
-12
-16
-18
-15
-18
-18
-12
-10
-5
1
0
0
-2
-4
-6
-8
-8
-9
-10
-10
-11
-12
-12
-13
-12
-11
-10
-10
-13
-15
-20
-24
-25
-24
-28
-27
-21
-19
-18
-14
-11
-8
-5
-2
2
4
8
11
11
10
9
8
8
9
9
7
2
-1
-2
2
6
8
11
14
21
22
21
21
20
19
18
16
16
17
18
19
21
21
21
21
21
19
18
18
15
12
10
8
6
5
7
7
6
4
3
2
0
-4
-5
-2
1
1
0
0
2
4
7
5
0
5
7
0
-5
-2
-3
-7
-7
-8
-9
-7
-9
-12
-18
-18
-17
-12
-13
-17
-18
-17
-18
-22
-24
-22
-20
-20
-21
-21
-19
-20
-20
-21
-21
-24
-25
-26
-28
-32
-37
-39
-40
-39
-33
-29
-25
-21
-15
-8
-5
-2
5
11
14
13
12
18
20
19
23
23
25
28
25
24
28
23
23
25
24
26
28
28
29
26
25
24
24
25
25
25
25
24
22
22
22
23
24
26
27
28
27
29
27
27
27
26
22
16
13
13
8
1
-1
0
-3
-8
-13
-14
-14
-16
-16
-16
-14
-15
-13
-12
-14
-16
-15
-17
-18
-17
-17
-18
-18
-18
-18
-19
-18
-18
-19
-18
-20
-24
-27
-27
-29
-29
-28
-30
-35
-36
-35
-34
-35
-36
-34
-36
-32
-25
-23
-22
-16
-10
-9
-9
-7
-3
-1
9
14
11
11
16
17
15
16
20
21
20
17
18
18
18
16
17
17
17
17
17
20
20
20
19
20
19
18
18
18
19
19
17
17
17
15
16
18
21
23
20
18
20
15
12
16
15
12
14
17
13
11
13
13
12
15
14
14
15
9
7
6
1
-1
-2
-4
-3
-5
-8
-7
-6
-6
-8
-9
-7
-6
-6
-7
-7
-7
-7
-6
-5
-4
-6
-6
-9
-9
-10
-11
-14
-13
-12
-13
-20
-22
-22
-24
-29
-31
-30
-31
-34
-36
-38
-40
-40
-41
-44
-42
-39
-34
-29
-24
-22
-18
-15
-10
-6
0
6
6
5
5
5
4
1
4
11
18
20
16
13
14
16
19
20
22
23
23
22
22
20
21
21
21
21
20
19
19
17
15
14
14
15
15
15
13
15
14
14
15
16
15
18
20
19
19
17
12
12
12
10
13
11
9
10
6
3
8
4
3
7
4
2
4
-1
-3
-1
-5
-4
3
1
1
-1
-3
1
0
-4
-2
1
5
7
5
3
4
1
4
5
5
4
2
1
0
-2
-4
-6
-6
-5
-7
-10
-17
-21
-19
-17
-19
-25
-25
-27
-30
-37
-41
-41
-41
-43
-45
-45
-44
-45
-46
-43
-39
-33
-27
-21
-18
-16
-15
-13
-10
-7
-4
-1
0
4
5
7
10
11
14
18
21
22
21
20
15
13
12
12
12
13
14
12
12
11
11
12
12
14
16
15
14
16
16
16
18
19
26
30
31
29
28
29
29
24
23
25
24
20
17
16
17
15
13
12
12
12
10
9
9
8
9
9
8
8
5
6
8
9
12
14
15
16
14
15
13
10
7
4
1
-1
-3
-4
-6
-8
-5
-1
-4
-7
-5
-3
-6
-12
-13
-15
-16
-16
-18
-22
-26
-31
-31
-32
-33
-37
-39
-40
-44
-51
-55
-55
-56
-60
-68
-73
-72
-67
-61
-55
-48
-42
-37
-29
-21
-14
-6
0
4
7
12
15
18
18
20
21
21
22
23
23
23
23
25
27
24
21
21
22
22
20
19
22
23
21
18
18
18
18
17
16
16
16
16
16
14
12
16
17
16
16
18
21
20
18
16
13
15
14
7
6
10
9
5
7
11
10
10
11
12
8
9
8
8
9
10
9
10
13
13
12
15
18
15
17
21
24
21
21
23
19
14
13
12
7
7
7
2
1
-1
-4
-1
-4
-11
-15
-21
-30
-34
-45
-52
-55
-63
-71
-79
-91
-99
-105
-116
-122
-129
-139
-145
-148
-154
-161
-171
-177
-178
-175
-173
-171
-165
-156
-152
-145
-134
-121
-104
-89
-83
-73
-56
-49
-39
-24
-9
3
14
23
30
35
42
53
61
66
73
77
81
85
94
105
115
124
135
146
153
159
171
177
177
173
177
185
189
191
192
195
199
200
195
188
188
190
189
195
205
211
216
224
230
234
240
246
247
245
244
242
238
232
226
215
204
196
186
169
150
133
117
104
101
103
97
82
65
57
53
55
58
65
70
70
67
60
46
27
9
-8
-30
-50
-74
-104
-138
-165
-190
-215
-244
-274
-308
-335
-360
-396
-435
-463
-488
-509
-524
-531
-540
-554
-576
-603
-625
-649
-674
-693
-707
-724
-742
-752
-762
-765
-751
-721
-671
-605
-545
-491
-431
-376
-337
-304
-263
-220
-170
-118
-73
-37
-5
24
52
86
122
153
180
198
215
226
235
253
273
297
327
348
369
392
403
419
433
435
442
445
433
430
423
418
431
460
487
503
533
544
540
539
538
547
558
575
589
591
590
587
574
563
564
557
549
541
508
475
446
406
373
346
318
296
274
249
226
202
173
148
139
145
150
155
162
162
151
129
111
100
77
48
11
-28
-75
-148
-216
-284
-344
-393
-441
-467
-495
-522
-550
-576
-594
-614
-637
-658
-674
-694
-726
-760
-792
-817
-845
-872
-892
-909
-929
-976
-1010
-1031
-1056
-1072
-1093
-1102
-1095
-1090
-1067
-1020
-954
-873
-790
-706
-622
-544
-469
-400
-332
-265
-202
-139
-73
-9
46
95
136
173
202
226
246
264
280
295
305
315
330
349
371
396
430
467
504
538
573
608
639
661
683
701
708
710
723
743
765
798
835
864
880
890
897
907
918
928
932
936
932
925
920
904
874
849
827
796
769
754
729
693
655
618
580
546
517
484
448
417
386
352
315
278
249
215
167
119
77
33
-10
-45
-72
-106
-137
-173
-230
-294
-352
-406
-465
-519
-556
-587
-624
-663
-693
-715
-738
-762
-781
-795
-813
-835
-862
-895
-932
-961
-988
-1012
-1042
-1080
-1122
-1163
-1203
-1243
-1278
-1299
-1305
-1306
-1303
-1289
-1257
-1200
-1124
-1034
-939
-838
-742
-654
-568
-484
-411
-334
-250
-187
-138
-95
-41
9
55
116
161
208
244
270
298
311
335
362
395
438
472
516
559
599
637
668
710
740
765
786
794
800
798
797
801
808
820
826
839
854
861
863
864
855
845
840
837
835
833
827
819
831
849
852
840
822
793
758
725
682
644
599
562
523
483
462
432
407
369
318
283
245
210
167
125
89
45
6
-30
-67
-107
-143
-177
-202
-225
-247
-268
-298
-330
-379
-438
-484
-514
-539
-565
-589
-612
-639
-669
-708
-743
-773
-803
-844
-885
-916
-949
-988
-1031
-1076
-1122
-1175
-1232
-1281
-1323
-1354
-1372
-1377
-1373
-1363
-1345
-1310
-1257
-1183
-1095
-1003
-901
-793
-693
-610
-538
-464
-387
-314
-250
-189
-128
-68
-10
46
107
171
232
281
326
377
422
455
487
527
576
628
681
732
776
810
838
864
886
903
915
926
931
928
918
914
919
930
945
967
993
1012
1019
1029
1044
1061
1079
1093
1102
1103
1092
1077
1063
1053
1035
1006
969
927
880
825
765
706
648
593
549
504
447
386
337
290
240
189
147
107
66
33
-1
-43
-86
-116
-134
-154
-181
-215
-256
-301
-347
-393
-433
-468
-508
-552
-589
-630
-684
-736
-768
-800
-832
-871
-908
-945
-981
-1004
-1036
-1057
-1068
-1077
-1104
-1142
-1143
-1163
-1202
-1232
-1269
-1280
-1304
-1333
-1329
-1329
-1329
-1316
-1276
-1184
-1104
-1036
-941
-825
-724
-635
-550
-463
-367
-297
-250
-185
-118
-42
15
78
165
238
303
344
397
460
487
504
530
562
594
609
622
656
678
678
685
714
742
743
738
745
763
785
809
837
867
905
943
992
1036
1075
1108
1136
1161
1175
1173
1160
1143
1113
1075
1037
1006
983
944
899
858
815
762
715
671
624
598
561
501
452
416
391
354
320
295
243
205
179
135
91
47
12
-29
-91
-139
-163
-199
-247
-299
-361
-409
-453
-516
-557
-581
-609
-631
-655
-661
-660
-694
-729
-739
-757
-787
-822
-847
-872
-903
-937
-985
-1029
-1054
-1089
-1138
-1187
-1249
-1309
-1357
-1404
-1447
-1483
-1496
-1491
-1471
-1450
-1392
-1305
-1215
-1112
-1017
-898
-767
-648
-542
-460
-367
-284
-225
-167
-92
-26
32
96
164
238
287
343
392
426
467
491
514
531
561
611
654
681
713
763
813
853
876
903
941
959
973
996
1016
1041
1064
1078
1105
1135
1164
1187
1185
1175
1157
1136
1127
1104
1072
1052
1025
1000
989
978
961
925
899
889
860
825
805
782
749
708
651
589
535
479
411
342
276
193
111
47
-4
-53
-100
-151
-194
-218
-236
-264
-287
-296
-314
-350
-381
-397
-418
-453
-473
-483
-507
-554
-599
-629
-665
-706
-737
-761
-795
-845
-894
-932
-972
-1023
-1079
-1125
-1151
-1171
-1202
-1240
-1297
-1351
-1390
-1435
-1471
-1491
-1506
-1487
-1458
-1433
-1375
-1289
-1189
-1087
-978
-828
-692
-604
-505
-398
-305
-230
-178
-92
15
88
138
182
257
348
388
420
479
526
549
555
563
586
608
627
657
704
760
803
835
878
922
954
976
989
986
975
969
954
940
959
984
987
989
994
994
975
942
922
897
858
849
855
843
846
862
865
873
903
925
920
910
910
881
821
766
716
651
582
511
425
325
248
190
113
31
-24
-70
-114
-140
-147
-148
-146
-138
-134
-148
-152
-135
-143
-176
-205
-246
-304
-347
-391
-468
-563
-634
-700
-793
-888
-943
-988
-1046
-1097
-1140
-1164
-1161
-1170
-1194
-1204
-1201
-1201
-1213
-1235
-1255
-1301
-1374
-1433
-1469
-1518
-1590
-1639
-1638
-1628
-1630
-1601
-1502
-1365
-1243
-1131
-990
-821
-663
-531
-408
-283
-159
-46
71
191
294
374
449
530
588
616
630
638
630
603
568
545
548
576
612
647
688
744
809
871
928
978
1017
1045
1049
1032
1023
1013
994
982
978
992
1026
1051
1072
1094
1094
1084
1083
1069
1050
1045
1036
1031
1035
1044
1065
1080
1085
1096
1097
1073
1025
956
876
795
696
569
449
368
302
210
106
34
-4
-34
-67
-99
-98
-79
-75
-86
-91
-81
-66
-76
-95
-103
-135
-197
-266
-334
-411
-494
-589
-672
-735
-816
-904
-964
-1005
-1030
-1056
-1079
-1069
-1047
-1053
-1066
-1045
-1006
-996
-1026
-1058
-1092
-1155
-1248
-1350
-1455
-1559
-1661
-1751
-1797
-1809
-1826
-1819
-1758
-1624
-1470
-1317
-1116
-916
-718
-525
-348
-175
-28
100
221
345
458
561
624
664
700
707
711
690
648
577
508
462
397
352
359
396
435
482
567
668
759
834
899
942
985
1027
1025
1002
993
972
937
914
914
936
951
953
953
953
960
966
966
982
1014
1028
1023
1036
1078
1119
1135
1133
1136
1145
1129
1070
1002
933
829
676
530
415
309
202
90
-8
-67
-93
-118
-142
-129
-85
-57
-61
-52
-10
19
0
-41
-65
-81
-130
-210
-286
-344
-409
-522
-646
-708
-760
-864
-968
-1026
-1059
-1104
-1152
-1172
-1173
-1172
-1162
-1156
-1145
-1126
-1134
-1167
-1207
-1279
-1386
-1505
-1635
-1783
-1931
-2057
-2140
-2193
-2217
-2202
-2129
-1983
-1775
-1563
-1339
-1084
-832
-605
-391
-183
27
202
313
397
496
593
665
701
703
696
687
647
575
488
400
308
230
186
187
227
296
381
484
625
793
945
1071
1195
1298
1350
1359
1369
1362
1311
1242
1184
1124
1063
1015
990
973
946
927
917
906
926
964
995
1044
1089
1108
1134
1187
1239
1268
1275
1253
1199
1132
1055
940
788
643
510
364
208
76
-27
-118
-193
-242
-270
-272
-243
-205
-168
-124
-77
-32
-1
26
63
79
63
29
-26
-77
-124
-212
-330
-432
-519
-614
-722
-820
-900
-985
-1066
-1109
-1153
-1213
-1235
-1246
-1276
-1287
-1296
-1311
-1325
-1361
-1432
-1529
-1650
-1790
-1941
-2071
-2145
-2194
-2246
-2262
-2192
-2048
-1883
-1712
-1501
-1259
-1024
-791
-556
-317
-76
122
267
413
578
716
812
890
952
981
962
916
858
774
663
534
404
306
233
162
137
168
212
270
362
494
638
759
867
967
1039
1089
1135
1183
1211
1194
1179
1186
1171
1150
1148
1150
1149
1146
1138
1142
1148
1130
1105
1103
1115
1117
1134
1172
1196
1185
1170
1151
1099
1034
963
857
738
619
485
347
222
108
13
-85
-148
-146
-146
-151
-117
-81
-59
-33
-13
2
21
42
50
24
-12
-33
-69
-130
-200
-290
-404
-514
-630
-763
-870
-953
-1068
-1190
-1260
-1304
-1364
-1428
-1469
-1477
-1478
-1506
-1541
-1562
-1610
-1714
-1845
-1968
-2088
-2221
-2341
-2404
-2425
-2433
-2417
-2336
-2172
-1960
-1745
-1519
-1258
-964
-689
-451
-209
34
228
376
511
654
845
1024
1084
1103
1154
1144
1054
955
859
724
533
316
146
40
-17
-43
-79
-76
24
135
219
355
518
639
744
838
916
1024
1148
1226
1270
1348
1458
1527
1567
1658
1717
1681
1646
1615
1518
1435
1376
1262
1122
1015
919
821
771
788
803
794
795
791
772
768
751
669
545
426
304
181
99
41
-28
-78
-85
-70
-13
96
191
203
175
170
163
125
87
61
17
-46
-98
-123
-121
-113
-149
-241
-341
-416
-500
-610
-733
-855
-979
-1101
-1215
-1303
-1334
-1330
-1363
-1452
-1528
-1582
-1660
-1780
-1922
-2100
-2306
-2494
-2640
-2751
-2786
-2722
-2641
-2579
-2441
-2186
-1871
-1545
-1228
-932
-652
-360
-86
140
381
631
761
814
936
1084
1196
1284
1307
1260
1193
1068
884
693
500
276
-12
-279
-393
-455
-541
-536
-438
-318
-178
14
285
552
752
936
1095
1225
1390
1566
1704
1834
1959
2069
2164
2265
2340
2350
2296
2167
1955
1707
1445
1165
889
678
549
451
366
334
384
479
561
621
674
664
609
558
484
410
344
254
191
196
250
332
397
433
463
461
431
403
363
293
195
100
24
-25
-24
21
59
68
64
44
-19
-85
-144
-262
-430
-575
-723
-873
-965
-1031
-1130
-1257
-1383
-1466
-1549
-1705
-1896
-2114
-2430
-2787
-3118
-3425
-3657
-3808
-3903
-3879
-3745
-3532
-3200
-2755
-2248
-1722
-1242
-792
-360
9
340
637
850
1045
1256
1379
1470
1599
1659
1631
1565
1397
1149
894
589
232
-95
-429
-793
-1081
-1239
-1270
-1230
-1166
-992
-731
-496
-173
248
584
860
1145
1368
1556
1799
2070
2289
2455
2610
2704
2721
2751
2739
2585
2339
2040
1658
1267
937
588
160
-246
-557
-781
-831
-638
-341
-88
150
405
658
968
1314
1512
1489
1376
1219
1041
957
955
868
688
544
458
404
422
476
426
257
65
-111
-224
-204
-135
-179
-252
-162
51
233
396
564
625
517
346
221
123
-28
-258
-522
-748
-922
-1076
-1258
-1475
-1740
-2097
-2576
-3105
-3591
-4021
-4433
-4817
-5063
-5058
-4793
-4351
-3824
-3208
-2440
-1567
-757
-74
571
1132
1474
1677
1865
1982
2016
2009
1869
1657
1573
1484
1213
921
642
252
-235
-770
-1237
-1594
-1957
-2207
-2267
-2239
-2025
-1632
-1228
-711
-84
439
877
1321
1741
2076
2278
2437
2630
2750
2833
2966
3012
2993
3007
2875
2552
2211
1851
1404
928
433
-123
-646
-1004
-1212
-1258
-1077
-691
-220
188
563
1060
1617
2113
2478
2537
2370
2240
2088
1820
1585
1344
1003
644
335
175
157
74
-110
-283
-446
-519
-459
-404
-333
-168
4
170
421
783
1193
1452
1441
1323
1232
1130
980
742
417
85
-221
-526
-819
-1053
-1272
-1652
-2229
-2803
-3296
-3819
-4433
-5074
-5622
-5940
-6018
-5882
-5401
-4622
-3829
-3043
-2130
-1093
2
949
1561
1904
2048
2108
2219
2183
1990
1899
1699
1226
870
701
407
11
-457
-1117
-1783
-2241
-2563
-2794
-2902
-2845
-2634
-2321
-1740
-874
-92
556
1193
1636
1985
2388
2599
2599
2591
2566
2449
2282
2230
2308
2255
2049
1862
1606
1238
858
413
-107
-508
-810
-1172
-1443
-1432
-1246
-950
-441
269
1071
1841
2365
2650
2987
3389
3530
3241
2697
2154
1617
1025
487
63
-268
-568
-917
-1176
-1123
-847
-669
-696
-634
-337
-48
232
672
1149
1556
1918
2177
2356
2566
2726
2580
2077
1532
1151
767
211
-353
-727
-1014
-1410
-1835
-2109
-2309
-2650
-3173
-3748
-4303
-4857
-5366
-5721
-5858
-5710
-5214
-4421
-3511
-2574
-1546
-411
665
1511
2115
2492
2594
2443
2204
2010
1819
1514
1086
624
215
-113
-432
-866
-1449
-2048
-2546
-2947
-3239
-3296
-3047
-2614
-2114
-1441
-479
616
1565
2257
2753
3047
3071
2877
2612
2343
2007
1617
1281
1008
764
579
450
261
-32
-305
-512
-740
-950
-1026
-945
-687
-281
231
850
1507
2121
2640
2957
3089
3099
2923
2599
2200
1722
1298
988
616
214
30
18
-58
-221
-321
-303
-320
-429
-416
-231
-26
242
633
1010
1396
1816
2091
2203
2344
2513
2540
2338
2025
1764
1536
1221
836
529
302
-1
-395
-708
-925
-1235
-1696
-2208
-2709
-3169
-3575
-4037
-4636
-5187
-5470
-5587
-5544
-5079
-4191
-3211
-2367
-1583
-631
520
1582
2292
2548
2438
2198
1861
1384
1000
760
331
-330
-887
-1173
-1273
-1415
-1789
-2287
-2653
-2819
-2862
-2740
-2331
-1694
-1054
-431
384
1415
2350
2909
3122
3107
2882
2507
2074
1610
1101
557
-6
-493
-758
-787
-732
-720
-749
-764
-733
-681
-632
-539
-395
-243
-37
279
618
906
1190
1482
1726
1976
2315
2630
2729
2609
2402
2181
1944
1603
1060
407
-158
-647
-1123
-1400
-1342
-1157
-973
-635
-124
415
962
1478
1792
1915
2088
2316
2412
2474
2682
2882
2809
2531
2381
2303
1900
1229
589
-11
-610
-1175
-1592
-1796
-1933
-2102
-2280
-2459
-2602
-2764
-3084
-3603
-4213
-4705
-5006
-5108
-4774
-3905
-2828
-1845
-1001
-116
1016
2111
2647
2613
2314
1846
1301
861
547
237
-155
-613
-1035
-1303
-1395
-1471
-1798
-2391
-2899
-3028
-2862
-2513
-1838
-859
82
869
1729
2714
3536
3897
3769
3340
2792
2181
1559
1008
462
-193
-860
-1387
-1758
-1973
-2058
-2186
-2436
-2555
-2310
-1810
-1228
-535
306
1164
1891
2462
2918
3272
3450
3315
2852
2242
1674
1217
872
556
217
-85
-240
-256
-271
-289
-228
-225
-339
-315
-56
307
736
1126
1346
1524
1771
1955
1954
1865
1816
1767
1607
1532
1784
2089
2128
2032
1903
1693
1429
1034
499
64
-227
-559
-921
-1136
-1193
-1286
-1525
-1835
-2180
-2602
-3211
-4096
-5003
-5503
-5519
-5160
-4365
-3177
-1899
-841
24
1005
2084
2807
2896
2428
1661
970
499
128
-143
-322
-616
-1054
-1415
-1613
-1728
-1935
-2393
-2944
-3225
-3078
-2540
-1712
-714
352
1325
2125
2872
3519
3764
3526
2938
2146
1434
966
576
169
-184
-514
-858
-1181
-1423
-1552
-1681
-1930
-2176
-2145
-1729
-1120
-499
157
794
1231
1454
1558
1522
1306
976
605
329
355
649
947
1137
1218
1179
1108
1067
895
491
44
-322
-654
-780
-534
-97
313
644
890
1043
1128
1279
1442
1332
1093
1098
1288
1506
1857
2334
2630
2535
2256
2060
1867
1506
988
432
-29
-314
-429
-431
-402
-466
-748
-1238
-1792
-2322
-2898
-3607
-4380
-4990
-5244
-5090
-4509
-3491
-2200
-987
-134
443
1066
1762
2226
2243
1879
1416
1034
730
590
539
298
-188
-849
-1588
-2109
-2308
-2470
-2819
-3146
-3105
-2684
-2003
-1031
99
1062
1756
2328
2851
3241
3392
3240
2810
2257
1779
1424
1112
722
155
-511
-1084
-1531
-1866
-2015
-1996
-1924
-1820
-1511
-951
-374
167
732
1077
1085
949
761
540
357
285
362
561
859
1226
1540
1655
1499
1158
807
508
152
-269
-586
-678
-607
-418
-102
263
552
702
696
581
539
655
754
726
792
1139
1561
1844
2105
2439
2599
2363
1897
1509
1249
959
562
197
9
-31
-81
-204
-355
-577
-1018
-1671
-2305
-2732
-3037
-3415
-3875
-4219
-4268
-3992
-3388
-2448
-1328
-369
190
528
1061
1840
2466
2584
2189
1580
1023
598
330
86
-388
-1085
-1812
-2430
-2704
-2619
-2574
-2728
-2833
-2697
-2219
-1420
-433
614
1487
2078
2595
3132
3568
3725
3440
2800
2083
1380
740
260
-208
-817
-1404
-1847
-2157
-2223
-2040
-1812
-1620
-1380
-960
-356
216
660
1025
1197
1149
1027
874
688
489
299
155
113
253
583
891
923
673
400
305
284
167
-3
-104
-132
-96
63
292
440
464
380
170
-25
46
332
508
569
823
1268
1619
1862
2145
2355
2252
1859
1402
1082
895
657
315
81
79
123
15
-232
-548
-970
-1552
-2205
-2748
-3143
-3542
-3985
-4278
-4225
-3814
-3152
-2255
-1166
-145
535
909
1264
1808
2364
2524
2184
1587
1056
740
503
176
-235
-756
-1493
-2289
-2733
-2741
-2627
-2604
-2573
-2350
-1837
-1077
-149
855
1709
2245
2623
3086
3565
3816
3656
3085
2324
1618
1048
579
72
-581
-1253
-1805
-2273
-2534
-2345
-1843
-1405
-1087
-623
101
779
1131
1305
1469
1432
1100
697
450
378
331
239
211
303
512
753
773
465
137
5
-61
-150
-191
-192
-212
-222
-140
10
127
179
141
-36
-206
-129
136
344
508
764
1095
1392
1593
1744
1887
1875
1599
1214
912
760
669
463
233
178
150
-63
-423
-834
-1300
-1881
-2505
-2971
-3259
-3541
-3849
-4041
-4000
-3615
-2806
-1659
-491
361
843
1208
1685
2270
2767
2905
2525
1827
1222
863
565
187
-300
-991
-1873
-2611
-2873
-2774
-2672
-2662
-2542
-2154
-1534
-724
252
1226
1934
2326
2647
3102
3538
3633
3302
2726
2051
1350
765
326
-227
-1038
-1832
-2338
-2625
-2759
-2617
-2253
-1930
-1621
-992
20
1058
1814
2286
2514
2500
2341
2222
2129
1832
1183
359
-281
-540
-538
-546
-740
-1054
-1244
-1106
-656
-119
310
576
724
831
955
1089
1151
1038
678
160
-259
-404
-347
-240
-174
-150
-57
233
631
974
1245
1404
1315
1063
980
1090
1086
878
663
483
169
-299
-793
-1331
-1998
-2707
-3281
-3709
-4167
-4719
-5138
-5107
-4468
-3311
-1844
-370
732
1370
1859
2495
3246
3773
3687
3031
2169
1430
1011
737
219
-569
-1424
-2248
-2893
-3090
-2865
-2596
-2467
-2283
-1766
-868
141
1038
1840
2450
2812
3150
3579
3949
4026
3631
2809
1864
1100
593
137
-484
-1214
-1824
-2196
-2376
-2372
-2103
-1658
-1285
-934
-317
607
1500
1996
2113
2090
1891
1486
1058
696
438
277
58
-198
-254
-19
251
238
-20
-249
-342
-332
-243
-112
-6
3
-88
-163
-44
245
397
217
-80
-219
-200
-94
162
522
742
748
765
931
1133
1236
1209
1034
772
584
479
305
62
-79
-119
-271
-601
-953
-1308
-1828
-2493
-3172
-3779
-4299
-4803
-5143
-4988
-4252
-3026
-1468
-16
919
1358
1664
2188
2796
3053
2913
2455
1664
977
783
686
271
-451
-1444
-2423
-2945
-2961
-2683
-2338
-2072
-1730
-1121
-321
616
1612
2374
2725
2828
3003
3375
3683
3615
3090
2218
1375
784
239
-242
-615
-1162
-1750
-2056
-2200
-2215
-1975
-1536
-1003
-400
358
1210
1828
2058
2045
2005
2137
2389
2478
2203
1475
616
270
398
465
278
-246
-1012
-1557
-1584
-1202
-842
-798
-775
-507
-64
546
1160
1400
1200
851
570
360
239
249
244
130
68
210
490
677
612
351
111
54
180
423
660
674
417
128
-53
-266
-611
-1098
-1767
-2459
-2897
-3216
-3781
-4571
-5297
-5705
-5437
-4254
-2503
-897
146
723
1206
1934
2876
3585
3627
3008
2151
1527
1292
1162
702
-223
-1391
-2476
-3115
-3087
-2637
-2248
-2014
-1664
-1066
-287
596
1456
2098
2447
2678
3098
3700
4031
3796
3212
2487
1580
658
60
-244
-611
-1187
-1746
-2037
-2117
-2189
-2218
-2032
-1610
-920
164
1503
2722
3589
3975
3825
3437
3175
2889
2190
1128
137
-477
-769
-960
-1136
-1304
-1566
-1880
-1846
-1220
-363
223
490
655
819
955
1007
919
725
541
411
276
177
232
339
242
-1
-39
160
278
257
334
503
501
299
164
261
419
351
80
-110
-211
-536
-1152
-1812
-2380
-2962
-3666
-4473
-5283
-5884
-6047
-5601
-4453
-2853
-1388
-516
-135
376
1347
2477
3328
3578
3299
2890
2419
1866
1316
540
-563
-1759
-2718
-3014
-2652
-2194
-2005
-1988
-1828
-1377
-742
9
853
1675
2352
2904
3478
3997
4131
3682
2773
1778
912
204
-213
-416
-651
-974
-1398
-1720
-1704
-1602
-1581
-1400
-913
-77
955
1785
2364
2877
3268
3517
3635
3589
3434
2970
2045
1093
375
-287
-896
-1372
-1719
-1929
-1978
-1743
-1198
-547
-8
306
494
734
983
1069
1019
1017
1114
1121
898
624
532
488
233
-74
-81
139
251
247
299
384
368
213
89
142
231
150
-117
-406
-566
-820
-1352
-1968
-2642
-3417
-4236
-5161
-5936
-6121
-5649
-4591
-3176
-1871
-1012
-604
-243
607
1930
3083
3461
3155
2751
2546
2316
1762
840
-279
-1375
-2221
-2578
-2395
-1978
-1810
-2032
-2228
-1968
-1291
-492
276
1002
1699
2416
3182
3845
4120
3852
3151
2321
1654
1227
885
423
-197
-828
-1289
-1550
-1737
-1844
-1697
-1293
-741
18
1011
1887
2232
2155
2105
2294
2749
3288
3549
3362
2736
1899
1182
525
-125
-636
-1092
-1428
-1394
-1030
-522
-138
-99
-215
-193
28
432
878
1155
1191
1029
840
662
423
277
253
137
110
377
676
806
741
524
379
301
100
-122
-249
-300
-378
-721
-1130
-1237
-1324
-1676
-2159
-2718
-3250
-3773
-4420
-4945
-5189
-5084
-4306
-3039
-1850
-947
-434
-166
381
1264
2022
2341
2137
1631
1259
1091
811
200
-670
-1556
-2241
-2609
-2546
-2219
-2053
-2133
-2122
-1783
-1171
-457
248
899
1534
2307
3171
3698
3685
3381
2933
2393
1974
1699
1341
775
35
-708
-1238
-1586
-1885
-2038
-1917
-1482
-724
183
1062
1773
2038
1945
1993
2369
2924
3393
3488
3096
2389
1828
1629
1370
779
109
-438
-773
-814
-648
-405
-250
-302
-333
-75
409
923
1200
1193
1213
1340
1382
1255
955
652
465
384
457
529
341
2
-299
-454
-317
41
271
111
-257
-482
-605
-820
-1023
-1147
-1359
-1682
-1987
-2289
-2770
-3591
-4622
-5398
-5482
-4686
-3256
-2006
-1547
-1562
-1385
-704
389
1438
1945
1863
1572
1474
1602
1577
1027
-18
-1118
-1781
-1911
-1809
-1781
-2032
-2498
-2784
-2625
-2087
-1339
-616
-22
580
1368
2418
3443
3854
3544
3026
2739
2666
2601
2453
2085
1340
415
-289
-697
-1032
-1409
-1682
-1630
-1269
-782
-266
199
492
621
844
1377
2034
2451
2580
2540
2405
2364
2474
2430
2080
1598
1155
828
533
182
-108
-364
-646
-732
-622
-543
-440
-232
26
352
752
1113
1246
1175
1220
1416
1498
1497
1486
1237
724
271
94
123
115
-15
-153
-267
-351
-461
-801
-1327
-1686
-1786
-1880
-2066
-2257
-2618
-3368
-4220
-4656
-4634
-4376
-3799
-2784
-1794
-1421
-1510
-1364
-652
363
1220
1577
1408
1115
1100
1190
942
287
-437
-963
-1274
-1397
-1478
-1828
-2437
-2906
-2968
-2655
-2210
-1797
-1301
-663
58
893
1733
2342
2653
2774
2937
3289
3558
3446
3019
2381
1609
872
255
-282
-805
-1237
-1359
-1245
-1213
-1200
-920
-457
-109
231
935
1892
2571
2787
2783
2793
2919
3137
3190
2810
2176
1727
1491
1132
532
-36
-314
-336
-230
-125
-178
-423
-652
-566
-124
357
631
688
634
623
699
841
975
903
662
496
455
541
627
528
296
-8
-257
-239
-165
-367
-734
-1022
-1227
-1500
-1841
-2164
-2644
-3392
-4093
-4404
-4213
-3541
-2656
-2093
-2202
-2579
-2362
-1344
-198
495
685
609
728
1263
1696
1466
683
-121
-485
-434
-364
-512
-988
-1705
-2233
-2359
-2289
-2270
-2371
-2315
-1842
-1121
-400
203
624
935
1263
1678
2177
2604
2805
2775
2571
2276
1950
1561
1095
515
-135
-558
-644
-643
-704
-766
-704
-438
-73
340
851
1349
1710
1949
2145
2419
2804
3124
3177
3023
2819
2530
2085
1560
998
426
27
-56
17
-27
-265
-537
-685
-674
-521
-268
-18
116
173
289
457
559
571
575
563
481
393
403
437
326
89
-92
-139
-176
-311
-502
-674
-823
-969
-1066
-1078
-1095
-1204
-1367
-1506
-1647
-1831
-1910
-1813
-1750
-1817
-1886
-1907
-1837
-1665
-1546
-1532
-1530
-1469
-1300
-1073
-919
-806
-669
-571
-519
-482
-532
-667
-801
-911
-940
-864
-788
-724
-697
-800
-900
-821
-629
-432
-266
-74
244
616
910
1114
1128
926
756
802
999
1164
1148
1036
985
925
810
725
641
565
614
810
1126
1435
1578
1620
1625
1555
1564
1732
1923
2094
2226
2295
2298
2138
1848
1526
1166
879
828
843
810
726
481
248
93
-50
-81
-17
56
106
118
72
78
159
189
190
153
51
-29
-64
-80
-83
-148
-243
-226
-208
-314
-406
-396
-431
-615
-865
-1074
-1234
-1384
-1511
-1630
-1749
-1859
-2002
-2212
-2423
-2537
-2534
-2483
-2374
-2153
-1979
-1979
-1958
-1739
-1397
-1107
-907
-713
-489
-340
-219
-54
-83
-235
-287
-311
-320
-311
-362
-521
-724
-817
-666
-381
-202
-115
-13
130
328
595
848
913
833
849
1017
1159
1207
1212
1195
1150
1120
1155
1230
1231
1123
1050
1141
1310
1429
1502
1553
1571
1605
1750
1993
2196
2272
2309
2397
2423
2267
2002
1716
1388
1070
894
834
711
509
288
78
-29
-44
-57
-58
-50
21
185
240
97
-49
-88
-73
-90
-135
-155
-195
-300
-432
-587
-766
-935
-1058
-1104
-1079
-1051
-1148
-1437
-1806
-2094
-2292
-2463
-2550
-2457
-2274
-2204
-2288
-2394
-2426
-2375
-2250
-2083
-1949
-1883
-1832
-1727
-1556
-1366
-1233
-1175
-1085
-835
-463
-149
-14
-48
-168
-233
-134
102
301
283
123
19
10
21
-43
-136
-116
-14
160
452
725
896
1003
1042
1076
1166
1274
1385
1502
1624
1722
1741
1676
1622
1644
1678
1645
1624
1725
1907
2043
2064
2021
1972
1896
1825
1859
2023
2166
2145
2079
2056
1978
1803
1531
1219
1026
951
959
955
731
367
62
-167
-286
-311
-297
-258
-281
-320
-279
-313
-462
-591
-663
-655
-582
-542
-531
-617
-910
-1204
-1302
-1327
-1391
-1516
-1728
-1960
-2128
-2238
-2380
-2590
-2738
-2806
-2925
-3058
-3026
-2799
-2546
-2396
-2294
-2172
-2070
-1970
-1761
-1465
-1258
-1188
-1111
-906
-594
-290
-125
-106
-83
38
163
188
158
137
111
81
119
243
327
267
131
78
179
361
506
583
664
834
1106
1368
1510
1549
1581
1631
1696
1798
1884
1859
1735
1625
1594
1614
1612
1539
1432
1375
1394
1445
1483
1473
1449
1515
1677
1797
1807
1813
1876
1916
1910
1906
1837
1642
1412
1261
1137
957
756
558
323
89
-46
-88
-164
-324
-476
-549
-613
-685
-670
-567
-495
-478
-456
-431
-444
-475
-523
-627
-762
-913
-1116
-1352
-1589
-1849
-2133
-2406
-2584
-2627
-2675
-2825
-2978
-3041
-3038
-2964
-2810
-2634
-2500
-2412
-2269
-1969
-1612
-1392
-1305
-1203
-1042
-826
-546
-313
-242
-226
-134
22
183
281
242
97
-35
-32
109
210
158
86
109
214
347
453
541
594
603
702
938
1135
1242
1331
1445
1611
1787
1901
1950
1912
1827
1824
1877
1867
1836
1826
1769
1644
1529
1450
1345
1215
1174
1213
1185
1093
1081
1151
1202
1254
1372
1457
1431
1397
1404
1377
1259
1101
957
810
669
542
405
232
19
-163
-282
-433
-597
-704
-799
-832
-790
-787
-805
-810
-864
-916
-936
-957
-967
-956
-915
-888
-1016
-1274
-1496
-1712
-1952
-2086
-2104
-2135
-2265
-2478
-2606
-2611
-2643
-2653
-2539
-2442
-2380
-2212
-1957
-1689
-1461
-1303
-1161
-1026
-833
-497
-195
-96
-47
99
294
452
577
661
636
534
498
545
546
427
276
219
269
357
435
489
469
356
279
372
565
716
840
1032
1274
1482
1667
1827
1886
1853
1866
1972
2063
2078
2059
1999
1844
1637
1483
1352
1193
1074
1052
1023
904
793
801
862
874
870
928
1026
1118
1234
1356
1364
1230
1086
1018
958
852
725
572
362
133
-82
-330
-606
-802
-878
-927
-987
-1026
-1088
-1219
-1326
-1299
-1207
-1174
-1179
-1157
-1144
-1201
-1305
-1433
-1603
-1766
-1823
-1783
-1790
-1929
-2142
-2345
-2488
-2538
-2512
-2502
-2542
-2512
-2341
-2124
-1943
-1776
-1616
-1489
-1325
-1049
-726
-470
-310
-207
-97
31
141
216
291
386
492
600
689
712
655
568
516
535
612
707
791
854
898
910
890
871
910
1024
1172
1312
1443
1569
1683
1788
1894
1970
1982
1988
2080
2212
2236
2129
2019
1962
1879
1744
1625
1517
1349
1158
1048
979
837
670
602
604
606
639
701
674
555
516
601
653
609
563
525
440
355
304
168
-94
-354
-537
-666
-756
-816
-905
-1042
-1212
-1378
-1495
-1556
-1588
-1590
-1595
-1668
-1766
-1798
-1787
-1774
-1748
-1761
-1876
-1992
-2003
-1964
-1946
-1939
-1989
-2131
-2246
-2184
-2017
-1919
-1898
-1870
-1809
-1696
-1505
-1293
-1177
-1124
-989
-735
-460
-269
-192
-191
-233
-202
20
287
410
443
503
620
734
781
809
820
829
927
1092
1229
1336
1386
1382
1439
1552
1598
1608
1677
1793
1887
1934
1936
1898
1857
1884
1952
1967
1936
1915
1882
1808
1724
1676
1600
1431
1266
1227
1228
1120
927
756
597
445
388
410
397
352
376
438
412
317
274
277
260
273
345
368
265
135
67
-29
-239
-449
-560
-678
-866
-967
-971
-1114
-1380
-1511
-1547
-1706
-1909
-1992
-2027
-2077
-2059
-1979
-1961
-2035
-2109
-2074
-1939
-1823
-1768
-1740
-1782
-1892
-1917
-1805
-1700
-1671
-1630
-1536
-1423
-1306
-1213
-1166
-1149
-1097
-920
-651
-433
-306
-227
-162
-131
-102
4
111
142
226
403
539
610
672
735
799
870
979
1124
1255
1389
1546
1671
1720
1739
1799
1898
1956
1984
2041
2038
1945
1916
1960
1923
1776
1657
1647
1636
1568
1538
1518
1383
1199
1123
1133
1115
1068
1034
958
809
661
552
431
296
222
228
224
169
115
94
54
-21
-49
-9
22
4
10
57
56
-12
-87
-188
-345
-500
-604
-697
-798
-900
-1046
-1260
-1501
-1727
-1910
-2038
-2125
-2193
-2244
-2292
-2341
-2338
-2267
-2180
-2094
-1987
-1877
-1783
-1680
-1538
-1406
-1331
-1290
-1261
-1222
-1120
-953
-812
-772
-813
-836
-770
-656
-552
-486
-441
-383
-303
-190
-74
-14
4
64
179
314
444
571
700
809
894
987
1086
1151
1246
1425
1590
1653
1688
1767
1859
1923
1968
1989
1953
1911
1931
1972
1927
1795
1663
1582
1527
1480
1440
1367
1217
1056
966
912
828
743
686
616
523
455
417
342
222
125
81
39
-8
-26
-19
-13
-39
-69
-78
-81
-68
-21
25
51
53
47
65
65
-14
-136
-261
-412
-559
-652
-738
-909
-1182
-1457
-1661
-1833
-1985
-2060
-2095
-2184
-2301
-2328
-2275
-2235
-2168
-1995
-1832
-1788
-1732
-1531
-1291
-1153
-1084
-1026
-992
-958
-858
-712
-641
-687
-732
-684
-599
-554
-527
-499
-500
-496
-405
-262
-185
-165
-92
42
157
262
428
607
716
805
949
1083
1143
1222
1375
1508
1571
1654
1771
1834
1835
1855
1911
1935
1915
1920
1942
1879
1722
1610
1589
1547
1440
1347
1286
1194
1089
1032
992
896
782
729
706
646
569
531
494
411
317
273
244
157
44
-6
-14
-66
-149
-185
-174
-181
-189
-149
-94
-92
-128
-120
-59
-41
-86
-136
-190
-292
-388
-430
-515
-740
-1009
-1238
-1458
-1684
-1833
-1900
-1997
-2152
-2271
-2315
-2308
-2234
-2070
-1910
-1846
-1812
-1696
-1498
-1278
-1094
-1007
-1026
-1021
-886
-689
-584
-617
-712
-774
-775
-733
-669
-639
-684
-717
-613
-431
-328
-306
-239
-117
-3
113
266
406
496
606
784
954
1046
1103
1185
1284
1378
1473
1560
1605
1608
1626
1681
1736
1764
1788
1823
1839
1810
1755
1700
1646
1573
1481
1395
1313
1207
1095
1021
968
881
772
683
611
546
498
460
401
315
246
221
209
169
111
61
18
-5
8
4
-55
-101
-77
-41
-52
-73
-64
-69
-84
-59
-11
-19
-95
-172
-223
-285
-356
-436
-566
-779
-1010
-1185
-1336
-1532
-1733
-1856
-1942
-2048
-2114
-2106
-2104
-2106
-2002
-1830
-1754
-1760
-1684
-1507
-1348
-1231
-1120
-1048
-1031
-973
-832
-709
-701
-747
-746
-683
-595
-524
-529
-610
-647
-529
-324
-191
-167
-126
5
167
314
452
563
623
710
903
1112
1201
1203
1239
1333
1432
1494
1523
1535
1554
1604
1666
1703
1698
1681
1699
1715
1660
1585
1552
1546
1553
1539
1483
1377
1235
1152
1152
1101
974
876
830
784
707
617
518
393
303
290
298
242
150
85
62
53
53
32
-23
-64
-52
-21
-13
-24
-61
-125
-178
-183
-165
-178
-258
-379
-476
-526
-574
-664
-821
-1032
-1238
-1394
-1528
-1674
-1805
-1906
-2007
-2105
-2160
-2176
-2177
-2134
-2037
-1941
-1886
-1822
-1700
-1544
-1386
-1239
-1152
-1145
-1126
-1001
-839
-778
-812
-814
-742
-641
-538
-454
-459
-538
-538
-379
-195
-120
-93
-4
146
308
469
600
653
668
767
959
1117
1156
1164
1233
1339
1427
1487
1514
1494
1476
1527
1628
1685
1673
1673
1718
1724
1659
1614
1610
1588
1558
1556
1505
1353
1204
1136
1094
1021
934
828
705
608
572
552
484
386
324
316
329
317
264
185
137
150
172
141
72
17
8
18
10
-46
-140
-212
-219
-194
-219
-309
-408
-473
-513
-528
-565
-710
-938
-1109
-1196
-1324
-1518
-1669
-1756
-1849
-1956
-2037
-2107
-2177
-2179
-2078
-1962
-1927
-1923
-1851
-1704
-1545
-1404
-1296
-1250
-1213
-1070
-835
-686
-700
-751
-711
-600
-472
-369
-357
-431
-444
-306
-110
8
43
83
185
339
493
613
689
740
814
955
1111
1187
1208
1263
1360
1448
1527
1603
1627
1593
1601
1663
1687
1661
1671
1719
1731
1706
1700
1685
1606
1512
1478
1454
1350
1206
1112
1049
948
837
756
670
559
485
472
436
344
282
285
302
294
279
240
167
124
156
180
123
25
-30
-57
-95
-138
-186
-270
-366
-386
-352
-374
-488
-594
-638
-656
-678
-723
-841
-1044
-1229
-1335
-1436
-1593
-1756
-1872
-1955
-2026
-2083
-2147
-2209
-2212
-2130
-2039
-2008
-2000
-1919
-1756
-1571
-1415
-1312
-1258
-1170
-977
-749
-627
-614
-607
-538
-405
-257
-171
-198
-280
-291
-177
-19
64
73
94
180
310
452
567
623
656
752
932
1103
1164
1154
1200
1350
1510
1614
1666
1669
1645
1672
1766
1823
1787
1733
1727
1739
1738
1721
1669
1575
1505
1502
1495
1398
1248
1141
1077
998
896
798
692
561
462
433
401
304
212
203
228
221
188
139
70
26
64
130
114
15
-67
-77
-78
-106
-148
-213
-311
-363
-336
-332
-448
-608
-697
-721
-753
-825
-947
-1129
-1318
-1436
-1510
-1638
-1825
-1956
-2001
-2031
-2085
-2135
-2177
-2191
-2128
-2005
-1917
-1890
-1848
-1716
-1508
-1309
-1188
-1130
-1060
-914
-701
-499
-392
-365
-319
-198
-65
-4
-24
-67
-60
20
120
165
161
171
238
351
470
553
578
612
744
955
1097
1113
1112
1195
1333
1469
1582
1631
1612
1622
1733
1859
1873
1794
1746
1766
1787
1773
1740
1670
1561
1496
1499
1453
1286
1106
1016
982
926
844
748
627
510
460
458
411
304
231
241
264
229
172
131
91
61
73
94
47
-36
-64
-66
-117
-190
-233
-269
-320
-354
-373
-444
-565
-654
-692
-750
-863
-973
-1070
-1204
-1359
-1483
-1615
-1797
-1955
-2019
-2048
-2110
-2194
-2263
-2291
-2249
-2140
-2029
-1977
-1963
-1889
-1719
-1498
-1310
-1182
-1108
-1036
-888
-672
-494
-426
-418
-377
-273
-151
-86
-117
-186
-192
-103
27
124
149
137
171
296
443
530
567
630
755
918
1059
1119
1121
1140
1232
1378
1496
1537
1534
1558
1620
1686
1723
1714
1680
1684
1739
1763
1707
1628
1577
1550
1529
1486
1379
1228
1115
1082
1072
996
864
741
657
610
594
589
526
419
367
389
387
305
212
171
157
148
160
158
79
-23
-47
-27
-84
-208
-295
-334
-367
-383
-402
-495
-644
-733
-745
-785
-895
-1022
-1133
-1245
-1342
-1436
-1579
-1780
-1937
-1987
-1976
-2005
-2087
-2168
-2192
-2139
-2027
-1922
-1882
-1875
-1801
-1625
-1422
-1269
-1174
-1094
-984
-815
-624
-494
-465
-469
-411
-282
-160
-120
-142
-163
-134
-48
67
154
188
219
309
453
576
644
699
782
895
1012
1103
1155
1186
1243
1349
1463
1506
1493
1480
1519
1591
1626
1626
1602
1580
1597
1635
1663
1622
1534
1482
1470
1461
1421
1324
1211
1136
1112
1091
1004
884
804
755
738
722
669
578
488
464
475
452
378
283
220
187
157
135
93
11
-62
-73
-88
-187
-317
-395
-425
-479
-547
-610
-697
-796
-865
-896
-960
-1087
-1198
-1268
-1326
-1412
-1531
-1660
-1821
-1955
-2006
-2011
-2053
-2167
-2235
-2225
-2164
-2082
-2007
-1952
-1935
-1868
-1722
-1542
-1416
-1341
-1257
-1157
-1007
-844
-698
-629
-608
-524
-380
-237
-169
-147
-125
-74
15
141
236
250
273
373
538
655
698
746
815
923
1047
1156
1200
1191
1223
1321
1417
1453
1453
1467
1505
1552
1591
1605
1578
1553
1588
1654
1671
1624
1570
1544
1537
1529
1498
1429
1332
1269
1243
1225
1167
1075
1009
958
925
875
808
737
652
607
585
540
446
338
284
226
155
110
51
-31
-102
-138
-169
-241
-334
-397
-438
-511
-589
-636
-702
-793
-858
-895
-953
-1048
-1146
-1207
-1275
-1381
-1497
-1628
-1788
-1913
-1960
-1985
-2031
-2101
-2161
-2181
-2154
-2087
-2002
-1940
-1917
-1844
-1706
-1556
-1407
-1292
-1183
-1068
-944
-798
-667
-567
-490
-398
-288
-179
-95
-36
17
65
141
225
313
379
415
476
546
617
680
726
800
884
977
1072
1146
1211
1264
1323
1393
1441
1477
1512
1551
1588
1599
1604
1606
1597
1614
1637
1618
1588
1563
1533
1506
1479
1441
1385
1311
1245
1199
1149
1088
1027
983
948
895
829
757
670
585
521
470
400
300
214
163
103
16
-71
-146
-216
-285
-330
-358
-416
-497
-534
-545
-589
-654
-710
-762
-812
-850
-881
-939
-1025
-1096
-1145
-1196
-1281
-1411
-1558
-1685
-1781
-1852
-1914
-1982
-2046
-2096
-2115
-2101
-2069
-2016
-1941
-1869
-1783
-1668
-1547
-1412
-1273
-1161
-1061
-953
-835
-716
-617
-530
-429
-341
-280
-206
-137
-93
-62
-28
20
79
140
207
267
318
383
452
519
593
662
743
843
945
1043
1123
1183
1238
1301
1357
1398
1443
1491
1523
1548
1575
1585
1570
1545
1525
1512
1505
1496
1478
1444
1403
1364
1321
1291
1263
1226
1180
1138
1110
1081
1069
1018
944
881
800
727
657
575
492
404
318
229
154
93
15
-59
-118
-159
-202
-272
-324
-348
-366
-387
-421
-456
-501
-538
-545
-567
-624
-715
-806
-857
-910
-988
-1078
-1177
-1280
-1374
-1464
-1570
-1690
-1787
-1816
-1808
-1793
-1795
-1825
-1832
-1801
-1718
-1625
-1561
-1500
-1431
-1302
-1160
-1054
-969
-922
-884
-801
-666
-561
-500
-453
-402
-324
-243
-194
-186
-171
-152
-99
-9
51
91
124
194
288
348
409
477
526
594
703
808
883
937
994
1062
1129
1182
1220
1263
1289
1313
1385
1455
1461
1448
1450
1444
1439
1453
1472
1470
1456
1455
1461
1434
1379
1341
1312
1281
1241
1192
1147
1067
1004
969
911
837
734
636
569
501
436
349
249
165
104
66
-3
-80
-147
-222
-266
-278
-310
-376
-460
-535
-578
-601
-624
-665
-729
-787
-829
-875
-933
-995
-1078
-1161
-1242
-1331
-1409
-1511
-1619
-1705
-1770
-1796
-1798
-1796
-1817
-1840
-1817
-1768
-1681
-1584
-1525
-1465
-1407
-1311
-1157
-1028
-962
-931
-901
-824
-696
-578
-505
-485
-489
-439
-325
-228
-196
-206
-208
-163
-73
30
120
159
180
256
371
460
527
579
630
718
829
913
949
963
992
1041
1097
1154
1205
1252
1301
1345
1398
1430
1448
1476
1493
1516
1533
1531
1528
1520
1514
1509
1485
1419
1352
1302
1259
1226
1179
1097
1000
919
849
795
750
696
608
504
434
376
330
262
167
94
10
-54
-81
-134
-187
-233
-292
-321
-354
-408
-461
-524
-560
-586
-622
-667
-733
-802
-863
-917
-975
-1045
-1127
-1214
-1287
-1359
-1439
-1504
-1560
-1607
-1627
-1631
-1622
-1602
-1586
-1533
-1465
-1426
-1373
-1314
-1275
-1199
-1091
-995
-917
-869
-823
-738
-652
-576
-503
-469
-437
-378
-313
-250
-193
-168
-148
-108
-68
16
103
159
226
288
345
407
477
563
636
707
787
864
950
1034
1098
1145
1186
1244
1331
1409
1465
1495
1504
1506
1511
1511
1504
1480
1441
1400
1382
1390
1388
1368
1321
1241
1173
1130
1093
1070
1030
934
826
728
635
584
523
402
281
185
109
60
-14
-102
-183
-287
-353
-366
-406
-471
-525
-549
-561
-603
-651
-682
-712
-739
-746
-755
-801
-867
-907
-935
-983
-1034
-1072
-1099
-1129
-1160
-1204
-1284
-1373
-1412
-1400
-1378
-1383
-1389
-1370
-1367
-1363
-1319
-1288
-1270
-1227
-1174
-1095
-1010
-950
-868
-792
-763
-724
-649
-573
-479
-390
-330
-273
-245
-232
-174
-135
-137
-127
-95
-34
48
105
155
209
254
321
428
516
570
650
768
880
967
1032
1085
1142
1209
1307
1414
1455
1468
1507
1529
1536
1551
1547
1522
1491
1464
1435
1389
1341
1333
1345
1331
1306
1272
1210
1140
1085
1030
949
841
740
669
601
512
412
313
225
143
70
8
-63
-140
-180
-204
-260
-336
-398
-451
-482
-489
-507
-539
-576
-613
-628
-632
-662
-717
-772
-804
-814
-832
-860
-898
-936
-967
-1012
-1047
-1066
-1114
-1166
-1190
-1204
-1227
-1245
-1247
-1241
-1245
-1243
-1231
-1215
-1185
-1143
-1089
-1029
-990
-945
-857
-775
-718
-658
-617
-594
-535
-448
-351
-304
-324
-318
-278
-250
-210
-173
-161
-151
-104
4
119
169
192
249
327
425
543
642
699
752
860
989
1083
1133
1155
1176
1231
1326
1424
1474
1476
1462
1463
1477
1478
1446
1383
1328
1308
1315
1318
1288
1221
1148
1099
1081
1056
999
908
806
730
685
647
573
449
329
268
260
248
190
93
-14
-82
-110
-137
-211
-329
-440
-509
-541
-560
-606
-673
-718
-727
-730
-747
-770
-782
-776
-771
-763
-754
-773
-803
-806
-799
-822
-872
-912
-938
-988
-1053
-1103
-1151
-1201
-1229
-1246
-1266
-1294
-1313
-1289
-1238
-1202
-1162
-1104
-1065
-1031
-961
-870
-790
-731
-679
-606
-543
-501
-443
-383
-356
-345
-327
-289
-238
-182
-118
-57
-14
44
132
215
287
352
413
488
580
669
753
821
868
927
1007
1087
1150
1193
1233
1273
1317
1361
1398
1416
1413
1400
1393
1394
1390
1381
1356
1312
1264
1233
1211
1179
1122
1046
967
892
834
790
723
625
544
493
441
387
316
233
177
138
93
58
9
-67
-137
-184
-237
-314
-400
-462
-477
-463
-469
-510
-547
-563
-561
-539
-509
-528
-602
-632
-609
-620
-662
-702
-743
-776
-814
-847
-887
-996
-1110
-1140
-1150
-1177
-1202
-1224
-1233
-1236
-1234
-1205
-1173
-1160
-1125
-1066
-1020
-975
-906
-840
-792
-763
-735
-675
-603
-540
-476
-418
-372
-328
-289
-234
-181
-174
-141
-56
22
95
163
213
259
296
364
470
537
588
685
805
894
945
1007
1085
1138
1189
1267
1322
1325
1317
1355
1392
1363
1327
1320
1283
1226
1192
1155
1096
1037
991
953
912
867
823
769
719
680
633
575
516
465
422
368
310
258
184
96
26
-36
-106
-167
-211
-256
-308
-360
-397
-441
-495
-526
-528
-526
-517
-503
-489
-489
-510
-515
-516
-547
-569
-585
-622
-651
-666
-685
-715
-765
-813
-841
-878
-905
-919
-957
-994
-998
-1007
-1024
-1026
-1032
-1035
-1020
-1011
-990
-957
-945
-916
-859
-816
-771
-718
-670
-604
-551
-514
-453
-400
-361
-311
-265
-205
-151
-117
-74
-35
1
59
125
198
264
321
403
487
548
623
708
785
858
946
1037
1087
1105
1132
1170
1195
1207
1213
1204
1177
1162
1153
1130
1085
1036
1007
987
941
891
867
845
821
799
758
699
648
609
586
551
477
401
351
308
268
215
134
55
1
-35
-59
-102
-181
-246
-271
-287
-311
-342
-395
-442
-457
-447
-448
-483
-520
-511
-480
-462
-456
-478
-518
-539
-535
-513
-515
-563
-596
-599
-609
-628
-672
-740
-799
-818
-808
-827
-876
-923
-942
-933
-912
-900
-899
-896
-877
-804
-727
-679
-644
-639
-585
-489
-424
-379
-343
-318
-282
-210
-135
-104
-103
-76
-12
35
78
120
142
187
260
354
426
451
492
553
606
673
747
774
781
811
858
908
930
926
941
955
957
965
967
947
931
942
930
899
862
823
789
760
729
687
643
583
555
532
460
420
387
341
311
262
222
179
128
92
54
1
-64
-122
-163
-192
-223
-267
-312
-351
-383
-414
-446
-463
-470
-495
-517
-489
-482
-499
-492
-478
-474
-488
-495
-502
-516
-539
-550
-540
-568
-632
-666
-693
-736
-748
-754
-767
-803
-851
-836
-806
-802
-796
-793
-779
-760
-718
-656
-623
-612
-596
-536
-475
-433
-385
-368
-344
-278
-218
-160
-120
-112
-76
2
75
126
162
206
264
315
372
437
463
465
526
620
671
686
717
764
791
816
864
879
862
866
903
941
913
867
851
853
845
818
801
755
713
693
673
662
617
574
569
529
486
477
460
403
324
273
240
190
144
111
45
-40
-87
-103
-117
-153
-201
-233
-252
-279
-288
-276
-291
-333
-334
-313
-333
-361
-364
-373
-384
-376
-355
-354
-390
-432
-435
-439
-462
-469
-485
-522
-563
-587
-599
-622
-654
-660
-660
-691
-693
-689
-694
-669
-673
-682
-652
-620
-585
-539
-519
-488
-430
-405
-369
-319
-282
-243
-202
-148
-120
-117
-87
-39
-12
26
78
88
108
169
227
273
309
346
392
435
483
542
591
611
629
650
701
721
699
712
728
731
732
734
730
711
702
697
705
716
707
691
663
631
619
611
590
578
563
515
481
472
439
398
367
315
253
214
201
175
107
32
-2
-17
-55
-90
-131
-169
-203
-231
-220
-228
-289
-329
-328
-329
-353
-375
-393
-416
-440
-433
-420
-440
-481
-521
-524
-519
-537
-565
-600
-628
-657
-675
-682
-723
-764
-765
-754
-739
-740
-757
-757
-730
-688
-661
-622
-592
-575
-532
-477
-426
-388
-354
-309
-277
-229
-178
-150
-111
-81
-43
13
49
89
124
154
199
243
282
328
371
401
442
478
515
560
586
612
644
667
701
739
766
786
788
804
837
842
849
874
867
847
850
858
847
826
813
789
761
751
722
681
648
606
566
540
501
460
436
412
361
307
275
240
180
113
64
35
-4
-70
-130
-184
-242
-286
-319
-362
-422
-481
-517
-539
-576
-616
-642
-670
-712
-747
-759
-774
-817
-851
-851
-853
-881
-918
-946
-970
-980
-963
-948
-965
-990
-983
-946
-914
-903
-891
-859
-823
-784
-729
-668
-627
-599
-550
-477
-412
-367
-324
-273
-218
-161
-86
-19
10
44
126
216
275
316
369
425
487
540
599
669
695
730
792
860
908
915
941
989
1030
1053
1075
1082
1082
1095
1120
1132
1082
1040
1042
1033
1017
980
953
933
881
848
833
802
747
691
664
627
574
521
467
415
349
290
241
169
94
34
-29
-87
-152
-243
-327
-392
-445
-494
-553
-620
-681
-729
-767
-803
-836
-880
-913
-933
-945
-960
-989
-1031
-1084
-1101
-1107
-1102
-1095
-1116
-1122
-1112
-1106
-1091
-1073
-1050
-1035
-1011
-960
-909
-881
-852
-792
-723
-666
-608
-527
-449
-388
-330
-271
-208
-143
-76
-12
49
108
162
224
293
351
404
470
531
577
635
703
756
789
826
884
933
968
993
1027
1077
1097
1105
1125
1158
1177
1166
1180
1189
1167
1148
1128
1097
1048
1002
986
974
954
919
869
817
750
673
623
584
521
455
402
352
284
202
140
90
13
-63
-105
-155
-231
-303
-373
-427
-497
-588
-658
-716
-777
-837
-877
-923
-996
-1053
-1080
-1099
-1152
-1206
-1226
-1244
-1265
-1273
-1289
-1308
-1311
-1301
-1277
-1252
-1240
-1217
-1170
-1127
-1101
-1049
-983
-928
-885
-815
-732
-677
-621
-560
-500
-437
-385
-312
-234
-166
-99
-35
41
108
155
230
328
410
464
530
620
690
746
809
872
933
1000
1063
1107
1135
1167
1201
1222
1222
1230
1267
1298
1298
1295
1303
1291
1256
1226
1205
1178
1145
1114
1083
1040
987
936
893
832
760
709
671
608
533
474
412
352
283
217
141
63
10
-62
-130
-200
-279
-361
-450
-515
-584
-655
-709
-768
-830
-889
-941
-996
-1052
-1089
-1111
-1143
-1172
-1198
-1217
-1234
-1271
-1290
-1291
-1281
-1263
-1242
-1216
-1215
-1208
-1168
-1130
-1101
-1057
-1005
-954
-893
-827
-760
-710
-694
-657
-576
-477
-392
-329
-275
-207
-135
-61
9
77
149
236
340
430
491
546
593
646
712
773
834
883
924
991
1048
1053
1053
1065
1091
1126
1151
1180
1197
1177
1160
1163
1151
1128
1120
1123
1116
1080
1042
1013
961
897
843
793
746
705
653
600
542
463
376
312
256
186
117
65
17
-47
-125
-206
-282
-361
-441
-501
-545
-605
-664
-703
-755
-815
-850
-891
-932
-942
-953
-982
-1012
-1037
-1059
-1073
-1087
-1109
-1131
-1130
-1121
-1111
-1101
-1101
-1103
-1102
-1089
-1039
-986
-956
-917
-852
-788
-735
-688
-638
-575
-507
-439
-376
-323
-278
-223
-165
-115
-61
2
52
91
159
246
302
343
402
482
557
614
668
723
771
815
856
894
926
940
950
981
1004
1003
1001
1009
1030
1054
1066
1078
1090
1076
1051
1039
1023
998
972
940
914
886
830
753
676
609
563
527
476
411
361
309
230
157
106
42
-18
-55
-93
-145
-207
-271
-334
-410
-488
-546
-600
-654
-696
-740
-798
-868
-942
-990
-1007
-1026
-1047
-1049
-1042
-1030
-1032
-1059
-1085
-1087
-1083
-1078
-1047
-1003
-991
-994
-975
-952
-948
-939
-902
-841
-767
-683
-605
-553
-518
-476
-429
-382
-319
-234
-156
-95
-29
39
69
72
103
172
252
333
415
490
540
577
619
655
694
751
806
871
946
996
1018
1021
1005
995
1003
1016
1031
1042
1055
1057
1023
970
930
917
914
902
899
906
882
831
778
736
676
602
559
535
500
453
389
324
242
141
63
10
-41
-64
-82
-123
-182
-264
-340
-396
-463
-522
-554
-588
-624
-661
-717
-778
-828
-871
-891
-890
-883
-880
-901
-918
-919
-934
-956
-952
-930
-901
-858
-834
-830
-825
-817
-795
-768
-758
-743
-696
-655
-626
-586
-553
-528
-482
-418
-349
-276
-207
-146
-102
-73
-35
-4
44
122
203
276
321
375
426
440
456
478
522
589
651
711
721
694
676
673
700
736
766
794
835
883
890
871
848
808
791
830
877
905
912
887
846
800
732
664
619
595
607
651
659
585
494
415
335
274
231
186
148
127
111
71
-18
-133
-221
-274
-301
-309
-317
-359
-425
-493
-558
-633
-709
-779
-815
-806
-785
-795
-829
-869
-920
-958
-973
-973
-969
-957
-921
-897
-906
-920
-942
-963
-956
-928
-863
-784
-746
-709
-661
-635
-609
-564
-516
-463
-402
-319
-239
-177
-118
-75
-56
-19
30
82
148
206
247
298
351
385
426
483
530
573
617
662
717
756
773
814
870
902
917
938
945
936
932
940
937
912
894
885
859
819
791
779
760
729
722
747
744
708
678
632
572
526
480
429
383
327
272
227
167
82
-14
-105
-175
-210
-218
-225
-241
-260
-283
-321
-370
-425
-496
-560
-594
-614
-625
-652
-712
-777
-833
-884
-914
-936
-949
-928
-901
-882
-859
-862
-879
-867
-849
-820
-774
-733
-700
-669
-633
-603
-602
-607
-594
-568
-528
-468
-400
-354
-324
-289
-235
-177
-122
-49
40
115
189
268
314
340
361
375
413
454
475
510
545
563
591
591
566
585
620
654
722
779
820
876
894
901
931
925
908
911
895
870
827
757
693
626
579
562
531
517
523
512
501
475
434
404
376
361
365
340
300
249
160
79
9
-86
-159
-205
-240
-243
-270
-328
-367
-427
-482
-493
-513
-524
-523
-540
-553
-577
-629
-671
-709
-752
-769
-761
-743
-733
-751
-781
-802
-818
-823
-809
-788
-766
-740
-705
-657
-608
-562
-526
-487
-423
-351
-293
-244
-227
-231
-230
-227
-212
-186
-162
-123
-66
-4
58
111
154
218
293
375
473
543
571
603
628
617
600
586
573
584
606
606
614
628
625
621
645
676
709
750
773
774
770
745
695
650
617
593
585
574
555
536
492
432
379
324
283
269
245
203
176
143
95
44
-17
-69
-99
-111
-94
-77
-93
-118
-151
-210
-282
-354
-417
-467
-507
-531
-547
-574
-608
-647
-679
-684
-669
-642
-594
-555
-522
-492
-492
-512
-538
-571
-583
-594
-617
-627
-640
-641
-623
-616
-592
-533
-471
-396
-307
-247
-208
-182
-180
-180
-178
-167
-125
-91
-59
4
63
101
129
129
139
159
167
195
239
276
324
358
376
395
410
427
470
529
582
622
657
673
649
622
609
579
540
514
495
473
444
403
360
347
343
372
441
484
523
555
542
512
463
386
302
226
176
132
98
78
20
-35
-61
-98
-120
-124
-129
-110
-79
-79
-82
-106
-173
-236
-298
-356
-368
-361
-382
-397
-414
-431
-429
-463
-479
-467
-462
-417
-385
-394
-412
-453
-478
-465
-456
-437
-415
-391
-336
-295
-279
-290
-330
-370
-376
-357
-349
-345
-344
-325
-282
-246
-210
-177
-144
-89
-18
53
106
129
152
178
173
168
173
146
118
110
111
132
156
185
252
331
398
472
534
558
561
561
555
529
500
481
461
435
414
387
352
326
296
285
305
328
355
395
420
430
435
417
396
371
319
281
245
189
129
62
5
-43
-84
-112
-126
-127
-128
-141
-159
-175
-207
-240
-248
-249
-223
-193
-185
-184
-202
-236
-295
-361
-428
-486
-517
-536
-535
-530
-522
-504
-492
-481
-463
-431
-389
-355
-316
-250
-195
-178
-179
-185
-196
-223
-260
-274
-277
-303
-312
-294
-278
-250
-214
-168
-89
-24
33
123
183
207
245
263
268
266
237
215
203
174
155
160
153
129
127
141
166
216
272
323
396
451
470
496
499
467
444
426
399
377
341
302
272
236
207
185
151
123
119
128
143
156
177
212
230
229
230
187
147
136
93
65
51
13
-28
-88
-142
-180
-223
-251
-261
-253
-230
-213
-206
-188
-181
-189
-178
-170
-181
-175
-157
-164
-182
-207
-262
-301
-340
-404
-424
-413
-398
-372
-323
-284
-267
-238
-230
-203
-159
-139
-106
-76
-64
-50
-68
-102
-138
-187
-189
-179
-203
-184
-160
-130
-73
-31
-1
40
81
107
133
159
158
155
163
165
175
172
156
150
133
127
132
135
154
175
199
239
269
274
260
244
249
269
283
307
328
317
317
312
271
210
146
111
110
109
126
153
157
147
126
98
57
11
-4
13
45
88
103
95
59
-18
-90
-138
-188
-210
-185
-153
-131
-118
-138
-188
-234
-268
-289
-269
-231
-207
-169
-138
-154
-170
-182
-232
-282
-282
-276
-264
-239
-227
-218
-205
-216
-230
-206
-188
-172
-125
-83
-60
-55
-44
-41
-51
-46
-36
-16
12
27
32
43
41
9
9
37
50
75
124
144
144
153
146
136
146
161
173
185
186
177
170
161
151
157
179
199
217
225
202
161
131
113
102
112
131
151
177
177
140
105
53
0
-5
-3
10
65
86
94
113
65
22
11
-41
-59
-22
-13
7
25
-8
-33
-69
-128
-149
-147
-145
-118
-99
-98
-89
-96
-105
-107
-116
-100
-71
-65
-61
-69
-97
-109
-119
-134
-131
-114
-107
-102
-89
-96
-115
-109
-102
-91
-57
-34
-28
-5
-1
-4
8
-2
-23
-16
-11
-18
-12
-11
-27
-43
-43
-26
-9
12
39
56
71
82
74
71
73
58
66
84
70
54
41
9
-13
-13
-16
-4
25
46
62
75
69
55
41
29
27
36
51
66
76
78
71
53
35
20
10
2
5
14
14
6
7
1
-16
-24
-20
-12
-3
9
23
30
27
24
25
23
6
-10
-11
-21
-51
-58
-63
-84
-89
-80
-73
-63
-57
-49
-33
-23
-9
12
29
33
33
29
8
-23
-48
-72
-86
-81
-69
-58
-50
-55
-60
-56
-48
-28
11
41
62
80
81
61
32
0
-23
-31
-21
-4
12
22
15
0
-11
-26
-29
-12
7
33
61
66
62
56
30
19
22
21
38
60
64
71
66
35
14
-10
-43
-43
-33
-30
-7
8
2
4
2
-10
-2
13
24
47
63
68
62
38
11
-6
-27
-37
-39
-44
-41
-36
-47
-51
-49
-53
-44
-23
-13
6
26
27
29
36
32
26
22
-1
-21
-30
-49
-59
-52
-49
-40
-21
-15
-8
-3
-15
-23
-13
-12
-3
16
18
24
37
29
27
21
0
2
12
12
14
7
-7
-16
-26
-35
-35
-27
-20
-8
14
24
26
41
38
36
45
38
35
38
20
13
11
-8
-29
-37
-44
-39
-28
-18
0
12
12
13
19
16
14
14
13
23
24
15
9
-6
-21
-25
-26
-22
-12
-8
-7
-3
-8
-8
-4
1
8
17
21
19
11
-1
-14
-23
-24
-19
-11
0
6
9
7
4
-2
-8
-13
-14
-10
-4
2
8
10
11
9
5
2
-1
-2
-1
3
8
9
5
-3
-12
-22
-24
-22
-16
-9
-2
3
6
11
15
20
21
20
18
14
8
1
-5
-10
-14
-17
-20
-22
-22
-20
-12
-1
10
18
23
26
27
27
24
18
14
8
3
-1
-8
-18
-28
-36
-38
-34
-24
-15
-2
11
24
31
35
32
24
15
9
7
7
7
6
5
4
-2
-9
-18
-24
-28
-25
-21
-16
-12
-5
3
8
12
12
10
11
15
18
18
15
10
5
-1
-7
-15
-24
-29
-27
-23
-14
-8
-4
-2
0
2
6
11
12
13
15
14
12
6
2
-5
-7
-12
-16
-21
-23
-19
-12
-2
2
6
6
5
5
6
8
11
15
18
19
18
11
1
-11
-23
-29
-29
-23
-12
1
12
22
25
23
17
8
1
-2
-3
2
6
8
7
6
2
-2
-9
-12
-8
0
8
13
12
7
0
-7
-9
-8
-2
7
16
24
27
23
14
1
-12
-23
-28
-26
-19
-10
-1
2
2
1
0
1
5
8
11
14
17
17
14
8
-3
-12
-23
-27
-30
-27
-21
-14
-7
-1
1
-1
-3
-5
-3
4
10
17
26
30
31
27
14
4
-9
-20
-20
-21
-22
-18
-16
-15
-10
-6
-4
3
14
22
32
37
29
19
8
-7
-15
-20
-21
-14
-5
4
9
6
-3
-11
-16
-15
-11
-3
5
11
16
16
9
5
-3
-5
0
3
7
9
3
-3
-8
-12
-14
-14
-10
-2
7
11
11
6
2
2
4
9
14
17
18
18
11
3
-3
-11
-9
-3
0
6
9
4
3
-1
-11
-13
-16
-16
-3
10
16
24
20
12
12
8
1
0
-5
-11
-9
-10
-13
-13
-14
-12
-2
4
6
10
10
9
6
0
-5
-9
-14
-15
-15
-18
-19
-17
-14
-8
-3
0
4
9
10
7
6
4
2
1
3
4
6
4
0
-6
-13
-17
-15
-7
-1
3
6
9
11
4
-5
-8
-2
5
10
19
26
26
18
8
0
-12
-18
-14
-1
10
17
20
22
15
5
1
-1
-5
-7
1
10
10
1
-2
2
2
-2
-4
0
2
0
-3
-3
-9
-17
-18
-12
-7
-8
-5
0
2
2
0
4
5
5
6
6
5
-3
-10
-11
-10
-9
-7
-3
2
4
4
0
-4
-9
-12
-10
-2
6
11
11
9
7
2
-4
-6
-4
3
10
16
20
15
6
0
-8
-13
-13
-10
-1
6
5
6
5
-2
-8
-9
-8
-5
-1
5
14
16
8
4
6
-5
-15
-13
-10
-8
-6
-8
-1
2
-7
-7
-1
2
3
9
12
13
6
-2
-2
-6
-13
-12
-6
-3
-2
2
6
11
9
7
10
8
3
1
-5
-8
-10
-12
-5
1
1
10
11
4
2
-3
-7
-1
0
3
12
15
7
4
-3
-10
-11
-13
-11
-1
5
8
13
11
6
4
1
-2
1
4
7
9
6
1
-5
-15
-26
-26
-23
-17
-7
3
14
22
20
14
11
3
-4
-8
-11
-11
-4
-4
-5
-5
-7
-7
-5
-3
2
7
11
15
16
15
10
1
-5
-10
-14
-16
-16
-11
-4
6
13
14
13
9
3
-2
-7
-8
-4
3
10
12
10
7
5
3
2
1
-2
1
5
8
9
6
1
-4
-7
-7
-5
0
6
9
10
9
3
-3
-8
-12
-16
-15
-7
2
13
16
12
3
-7
-15
-19
-19
-12
-3
5
7
4
1
-2
-1
1
-2
-4
-4
1
7
8
4
-3
-9
-13
-13
-12
-10
-3
7
17
22
21
14
4
-3
-8
-12
-10
-4
2
6
8
5
2
1
3
7
10
11
8
4
0
-2
-3
-6
-7
-5
-1
4
8
12
9
7
4
2
1
-2
-7
-10
-13
-16
-15
-9
-1
1
0
4
8
5
-2
-3
0
2
-1
-2
0
-1
-5
-7
-6
-8
-9
-5
6
15
17
16
13
10
4
-1
-2
0
0
3
3
3
3
4
4
0
-2
-3
2
5
8
9
8
3
0
4
5
6
4
3
5
4
-1
-6
-6
-3
-1
2
5
6
7
6
4
2
-3
-4
-4
-3
-2
-3
-8
-12
-14
-13
-9
-6
-2
1
2
0
-3
-4
-3
-5
-7
-3
0
-1
-4
-4
1
1
-1
0
2
5
4
3
10
8
-1
-6
-11
-12
-7
-10
-8
-2
-1
4
11
14
13
11
8
5
1
-3
-5
-5
-4
-2
2
7
13
13
9
8
7
2
0
0
3
6
4
5
4
-7
-9
-4
-8
-6
-1
-3
-5
-4
-5
-4
-4
-7
-11
-9
-3
2
5
6
2
-1
-4
-3
-2
-3
-3
-4
-4
-1
0
1
3
4
5
5
6
7
9
8
8
5
3
0
-1
0
2
4
5
8
10
12
13
10
6
-1
-5
-6
-5
-1
3
5
8
9
8
11
10
3
-4
-9
-10
-8
-9
-8
-4
-4
-6
-8
-6
-5
0
4
5
6
5
0
-7
-10
-16
-21
-12
-6
-11
-14
-10
-8
-11
-10
-2
3
4
-1
-2
-3
-2
-4
-5
-4
0
4
10
13
12
10
6
2
-2
-1
0
0
2
6
10
10
8
8
10
10
4
2
4
7
8
6
4
0
-2
2
5
10
12
12
16
13
5
0
-1
-4
-3
-4
1
8
9
7
2
2
-1
-4
-7
-10
-8
-9
-14
-13
-11
-11
-12
-6
-5
-8
-7
-4
-3
-1
4
8
8
6
0
-3
-4
-8
-10
-7
-2
-5
-2
6
8
4
4
7
6
1
1
4
2
-5
-4
0
-2
-7
-6
-4
-5
-5
3
6
6
7
6
0
-6
-7
-2
4
11
12
13
11
8
5
1
-1
-4
-4
-5
-5
-2
-1
1
1
0
-2
-5
-4
-1
1
3
4
1
1
-2
-2
-4
-7
-11
-13
-11
-6
1
6
6
4
0
-4
-7
-9
-8
-9
-6
-3
0
5
9
11
11
8
5
2
0
-1
0
0
0
-1
-1
2
5
7
9
10
10
12
11
9
4
-1
-2
2
6
7
