-7
-5
2
-4
7
3
3
5
-4
-8
-9
-4
-8
-3
7
0
5
10
-7
3
11
-9
8
15
-10
12
6
-16
12
-5
-11
18
-7
-7
21
-4
-4
16
-13
-5
20
-10
1
12
-20
-1
4
-19
11
3
-17
19
8
-12
17
-3
-15
26
1
-4
29
-9
-4
20
-23
-3
15
-23
5
16
-25
7
5
-31
17
0
-24
22
-9
-15
19
-17
-13
11
-18
-10
13
-19
-4
15
-21
3
18
-11
14
10
-19
13
8
-22
11
6
-14
27
1
-15
20
-19
-12
18
-16
6
25
-13
16
27
-18
11
14
-24
13
5
-27
12
-2
-20
20
3
-9
22
-6
-6
23
-12
-4
20
-14
4
13
-19
8
8
-14
18
6
-9
15
-7
-16
13
-10
-13
13
-8
-2
13
-13
-11
-2
-27
-8
7
-14
4
4
-24
-4
-5
-17
10
11
5
23
6
-8
10
-11
-15
2
-7
-1
8
-9
-1
3
-10
15
14
5
23
6
-6
3
-9
-9
5
-2
4
11
1
12
11
-1
4
3
-5
5
0
-8
5
-13
-10
10
-9
11
19
-1
15
10
-10
2
-2
-7
8
-1
-6
3
-10
-9
3
-11
-13
1
-12
-5
5
-15
-8
-1
-16
-2
3
-10
3
5
-10
3
2
-17
7
6
-7
22
4
1
19
-3
3
9
-8
1
5
-6
7
2
-5
4
6
4
7
10
2
6
4
-3
1
5
-9
-12
-4
-13
-3
3
-2
7
6
-8
4
-4
-14
4
-15
-10
14
-10
5
18
-6
7
4
-4
14
6
4
9
-8
-10
4
-12
2
17
-5
12
16
-5
8
-5
-19
-4
-15
-10
8
0
1
3
-6
-9
-5
-7
-10
0
-6
-7
0
-5
6
13
4
10
5
-11
4
0
-12
16
-6
-2
15
-8
2
3
-7
-3
5
12
21
19
0
-12
-12
-13
-14
-3
-2
2
8
3
3
6
-9
-9
-2
-11
0
2
1
7
-1
3
7
4
12
9
6
5
7
8
0
10
0
-3
9
-5
5
11
-7
6
0
-9
7
-8
-8
0
-17
-12
-8
-9
-1
3
5
6
4
-1
-8
-3
-7
-10
-2
-7
0
1
-10
-2
-2
-1
6
-3
1
-3
-4
2
-15
-8
-3
-12
-1
-2
2
22
15
14
7
-7
-3
-3
9
7
14
17
-1
2
-11
-19
6
-6
0
24
7
16
12
-13
0
-7
-17
2
5
6
11
5
-14
-10
-12
-22
6
7
4
24
8
1
-1
-11
-10
-7
0
5
12
6
-9
-2
-8
-8
4
-1
-3
9
2
-12
-1
-11
-16
4
-3
2
2
-18
-7
1
-6
11
9
1
12
6
5
11
3
1
8
8
9
12
8
6
11
5
-2
-2
-13
-11
-5
-11
-6
-6
-13
-7
-8
-11
-4
-4
-2
3
-4
-6
-7
-13
-10
-11
-12
-6
-9
-2
7
1
0
-9
-19
-9
-5
-4
20
32
38
35
26
26
19
24
30
36
45
40
38
40
31
47
59
61
81
87
84
88
66
41
15
-9
-8
3
16
13
-1
-18
-29
-15
-3
14
31
38
74
107
155
238
312
378
405
403
404
386
333
228
80
-63
-191
-341
-499
-628
-743
-830
-907
-946
-901
-838
-796
-805
-843
-828
-789
-778
-788
-852
-890
-875
-839
-735
-616
-483
-295
-107
123
418
698
948
1168
1333
1482
1574
1580
1543
1448
1302
1130
926
748
626
518
406
289
211
173
177
212
228
273
304
289
271
219
162
84
-49
-140
-194
-192
-117
-80
-58
-52
-75
-76
-77
-70
-46
-59
-102
-143
-218
-313
-414
-527
-551
-497
-448
-409
-408
-408
-378
-332
-174
131
509
823
1002
1136
1247
1243
1015
613
260
10
-243
-582
-981
-1311
-1572
-1845
-2037
-1966
-1648
-1336
-1243
-1314
-1332
-1224
-1201
-1356
-1538
-1625
-1632
-1683
-1747
-1628
-1312
-972
-702
-410
82
734
1262
1563
1788
2082
2429
2670
2729
2723
2698
2572
2331
2100
2039
2137
2202
2135
2077
2147
2232
2152
1842
1406
975
490
-99
-683
-1143
-1477
-1779
-2067
-2167
-1971
-1637
-1363
-1167
-925
-560
-203
-17
33
28
-37
-222
-513
-737
-781
-745
-736
-664
-415
-32
290
374
272
114
-104
-386
-636
-742
-713
-754
-960
-1190
-1293
-1273
-1251
-1235
-1091
-780
-419
-137
120
465
828
1052
1141
1296
1628
1914
1843
1415
922
594
324
-44
-424
-665
-836
-1110
-1442
-1537
-1265
-930
-852
-947
-910
-672
-547
-751
-1070
-1230
-1270
-1360
-1440
-1273
-825
-392
-200
-26
432
1117
1675
1926
2107
2470
2903
3151
3203
3213
3186
2951
2443
1947
1748
1716
1555
1226
984
1025
1149
1055
758
451
166
-240
-818
-1381
-1753
-2053
-2473
-2907
-3080
-2887
-2545
-2322
-2158
-1834
-1354
-930
-672
-484
-272
-120
-156
-300
-340
-219
-89
-68
-36
202
595
894
968
909
858
813
637
265
-149
-471
-726
-988
-1232
-1341
-1326
-1318
-1351
-1290
-895
-167
575
1094
1509
2022
2566
2866
2783
2413
1976
1558
1046
426
-139
-600
-1144
-1840
-2386
-2500
-2297
-2074
-2014
-2003
-1803
-1475
-1321
-1439
-1596
-1630
-1711
-1910
-1977
-1716
-1247
-829
-515
-79
689
1650
2419
2884
3329
3896
4356
4522
4545
4573
4445
4008
3378
2804
2424
2102
1584
941
600
723
879
744
519
353
66
-462
-1134
-1840
-2525
-3165
-3869
-4521
-4649
-4272
-3938
-3753
-3299
-2448
-1561
-849
-251
227
581
766
646
360
242
224
-38
-359
-300
46
344
577
872
1209
1451
1478
1241
904
656
288
-407
-1116
-1476
-1602
-1675
-1547
-1086
-446
123
581
1123
1844
2478
2603
2203
1757
1500
1109
374
-457
-1115
-1676
-2308
-2833
-2908
-2562
-2245
-2222
-2191
-1740
-1005
-535
-517
-596
-527
-506
-725
-938
-784
-399
-237
-301
-92
689
1679
2344
2702
3193
3936
4542
4749
4824
5018
5054
4550
3717
3146
2961
2688
2003
1217
785
623
290
-313
-859
-1221
-1725
-2554
-3362
-3770
-3940
-4314
-4882
-5166
-4913
-4413
-4018
-3647
-3011
-2152
-1414
-912
-403
212
651
672
481
501
779
965
878
767
937
1318
1591
1640
1631
1677
1636
1350
921
567
298
-53
-517
-816
-664
-154
343
637
910
1442
2144
2612
2617
2294
1902
1434
694
-258
-1132
-1835
-2606
-3545
-4239
-4280
-3842
-3488
-3430
-3260
-2643
-1886
-1471
-1380
-1216
-926
-862
-1089
-1158
-732
-131
126
150
549
1538
2617
3276
3686
4280
4982
5343
5275
5187
5275
5129
4412
3477
2954
2895
2700
2063
1394
1104
1008
620
-117
-805
-1369
-2171
-3334
-4438
-5009
-5223
-5617
-6159
-6311
-5733
-4765
-3967
-3306
-2478
-1434
-477
133
636
1145
1468
1434
1135
1058
1283
1454
1434
1340
1598
2127
2490
2625
2539
2484
2328
1820
1280
714
234
-209
-684
-586
-157
260
570
712
1372
2188
2516
2368
1743
1339
876
-169
-1335
-2544
-3503
-4531
-5817
-6428
-6284
-5748
-5382
-5313
-4604
-3316
-2183
-1596
-1418
-932
-352
-277
-472
-445
76
544
441
396
1005
2090
2979
3318
3828
4871
5862
6349
6362
6524
6831
6491
5561
4630
4183
3934
3049
1832
998
670
438
-300
-1151
-1643
-2091
-2775
-3664
-4164
-4138
-4281
-4787
-5225
-4996
-4161
-3512
-3231
-2902
-2231
-1361
-737
-276
327
911
1183
1095
1003
1218
1454
1361
1047
834
922
1094
1097
1063
1047
984
808
492
333
394
616
1057
1449
1774
2055
2317
2851
3285
3215
2645
1712
1030
458
-432
-1496
-2759
-3972
-5192
-6503
-7297
-7519
-7444
-7434
-7554
-7097
-5975
-4729
-3810
-3223
-2432
-1454
-646
-9
661
1524
2183
2365
2485
2989
3850
4511
4727
4990
5596
6335
6826
7075
7407
7623
7304
6513
5750
5345
4848
3734
2243
987
217
-448
-1326
-2199
-2843
-3379
-3979
-4430
-4445
-4221
-4168
-4313
-4191
-3558
-2803
-2348
-2120
-1752
-1157
-667
-371
-29
435
799
791
606
648
857
939
701
415
471
651
707
573
398
407
199
-280
-638
-545
237
946
1203
1432
1897
2857
3594
3497
2959
2162
1490
733
-409
-1385
-2319
-3429
-4841
-6338
-7002
-6978
-6988
-7353
-7742
-7310
-6229
-5301
-4749
-4224
-3348
-2510
-2090
-1681
-769
514
1379
1620
1960
2906
4138
4944
5294
5808
6626
7310
7640
7976
8620
9080
8724
7812
7131
6855
6318
4996
3316
1970
967
-124
-1382
-2395
-3045
-3737
-4608
-5190
-5066
-4567
-4357
-4458
-4281
-3542
-2642
-2082
-1796
-1417
-893
-445
-112
306
806
1078
996
857
963
1157
1012
495
-12
-240
-374
-665
-1017
-1179
-1241
-1456
-1712
-1490
-515
649
1338
1609
2092
3121
4136
4351
3751
2836
1977
1067
-153
-1418
-2512
-3649
-5081
-6592
-7437
-7369
-7066
-7202
-7564
-7345
-6302
-5137
-4484
-4117
-3517
-2734
-2189
-1849
-1160
22
1064
1501
1740
2525
3863
4986
5468
5737
6328
7137
7717
8044
8446
8850
8732
7980
7189
6837
6528
5525
3832
2226
1176
355
-696
-1921
-2947
-3714
-4411
-4916
-4899
-4424
-3962
-3822
-3699
-3099
-2089
-1173
-680
-476
-190
289
801
1214
1458
1511
1421
1298
1265
1245
1037
585
37
-417
-780
-1147
-1534
-1916
-2325
-2728
-2915
-2509
-1591
-736
-221
169
989
2281
3236
3396
2947
2330
1854
1053
-173
-1343
-2497
-3819
-5496
-7092
-7667
-7479
-7452
-7829
-8092
-7441
-6072
-5022
-4375
-3600
-2554
-1566
-1056
-586
537
1801
2395
2350
2434
3312
4426
4889
4915
5202
5960
6736
7130
7479
8139
8647
8446
7803
7347
7213
6721
5293
3513
2164
1211
231
-1069
-2307
-3023
-3496
-3904
-4061
-3841
-3334
-3055
-3142
-3013
-2417
-1674
-1230
-1243
-1252
-854
-275
237
628
897
1168
1378
1449
1610
1768
1630
1228
588
-33
-385
-818
-1392
-1922
-2406
-2294
-1642
-1036
-387
46
523
1478
2073
2164
1867
1081
526
-249
-1583
-2725
-3948
-5150
-6337
-7801
-8466
-8347
-8285
-8203
-8216
-7677
-6297
-5266
-4573
-3788
-2895
-1698
-881
-396
672
1891
2799
3290
3474
4282
5434
6036
6292
6430
6872
7608
7884
7993
8212
8190
7891
7158
6439
6151
5541
4305
2755
1383
643
-25
-997
-1897
-2594
-2950
-3002
-2843
-2274
-1619
-1324
-1204
-921
-287
389
524
202
-78
-110
-38
-77
-208
-277
-238
-283
-377
-189
107
254
108
-453
-812
-876
-1228
-1639
-2161
-2534
-1993
-1395
-929
-250
96
939
2001
2156
2244
1842
1016
646
-581
-2012
-2957
-4491
-5749
-7088
-8624
-8808
-8864
-9237
-9167
-9221
-8397
-6986
-6411
-5566
-4397
-3308
-1914
-1112
-272
1485
2852
3713
4343
4816
6001
7063
7234
7461
7780
8130
8472
8200
8085
8384
8104
7388
6502
5776
5562
4815
3336
2035
990
260
-508
-1625
-2284
-2526
-2810
-2883
-2701
-2063
-1176
-800
-608
-94
597
1245
1382
1166
1205
1292
1178
880
482
340
320
56
-275
-424
-413
-324
-479
-973
-1267
-1485
-1887
-2163
-2606
-2468
-1545
-1134
-697
-439
-144
1242
1767
1425
1000
-108
-301
-749
-2376
-3373
-4783
-6136
-7145
-8887
-9376
-9000
-9134
-9111
-9367
-8911
-7286
-6341
-5868
-5218
-4445
-3178
-2112
-1371
141
1896
3062
3909
4625
5984
7820
8689
8918
9229
9627
10224
10211
9672
9479
9022
8076
6919
5753
5205
4528
2963
1317
122
-426
-792
-1731
-2627
-3010
-3138
-3086
-2976
-2507
-1623
-992
-635
-98
841
1958
2503
2411
2335
2491
2718
2601
2090
1664
1304
827
270
-203
-387
-512
-925
-1534
-1847
-1777
-1857
-2150
-2666
-2741
-1779
-1142
-843
-608
-566
575
1268
717
384
-632
-1196
-1565
-3451
-4485
-5375
-6847
-7777
-9585
-10309
-9434
-9475
-9449
-9448
-9065
-7140
-6008
-5713
-4908
-4086
-2953
-2100
-1854
-593
1282
2338
2960
3600
4961
7160
8315
8485
9105
9820
10584
10799
10139
10256
10357
9310
8051
6694
6170
6007
4243
2198
815
-10
-226
-1319
-2569
-2810
-3131
-3430
-3599
-3380
-2138
-1350
-1436
-1109
-123
1414
2443
2260
2217
2783
3263
3376
2939
2558
2580
2103
1130
434
117
16
-478
-1634
-2363
-2343
-2462
-2814
-3370
-3548
-2334
-1144
-633
-48
311
1461
2713
2327
1764
917
-170
-738
-2596
-4511
-5620
-7455
-9067
-10844
-12259
-11686
-11219
-11308
-11069
-10587
-8859
-7059
-6495
-5780
-4653
-3537
-2538
-2117
-1293
587
1950
2492
3119
4233
6297
8034
8507
9186
10206
11067
11653
11331
11207
11512
10723
9355
8020
7071
6813
5530
3295
1707
620
88
-656
-2084
-2752
-3034
-3470
-3546
-3461
-2712
-1755
-1639
-1436
-653
527
1651
1796
1644
2037
2647
3115
3008
2675
2572
2305
1697
925
488
421
170
-566
-1487
-1831
-1974
-2284
-2727
-3141
-2278
-1193
-761
-171
73
1371
2829
2361
1927
947
91
-51
-2124
-3851
-5080
-7152
-8582
-10915
-12525
-12078
-12260
-12420
-12499
-12190
-10164
-8519
-7812
-6779
-5500
-3995
-2701
-2067
-911
1078
2260
2778
3403
4395
6400
7666
7752
8459
9286
10232
10851
10397
10659
11032
10290
9310
8078
7548
7462
5901
3905
2402
1349
855
-389
-1862
-2429
-2939
-3389
-3677
-3559
-2412
-1519
-1350
-926
34
1656
2906
3045
3145
3507
3922
4104
3615
3181
2953
2324
1484
650
131
54
-285
-1072
-1623
-1893
-2147
-2260
-2721
-2694
-1666
-1261
-824
-505
-441
1064
1668
1174
977
-349
-742
-1200
-3246
-4110
-5591
-7509
-8791
-11037
-11694
-11311
-11947
-12057
-12225
-11712
-9875
-8946
-8354
-7150
-6009
-4726
-3653
-2895
-1137
833
1672
2451
3451
5022
7198
8072
8430
9470
10250
11011
11197
10823
11284
11171
9869
8692
7634
7269
6844
4856
3078
2078
1201
674
-610
-1709
-1833
-2536
-3157
-3309
-2977
-1823
-1469
-1593
-929
260
1768
2572
2668
3106
3750
4265
4300
4080
3934
3609
3001
2075
1394
1037
533
-82
-839
-1219
-1366
-1606
-1807
-1827
-975
-337
-167
81
44
1049
1655
861
395
-891
-1620
-2142
-4318
-5390
-6640
-8453
-9712
-11905
-12583
-12097
-12613
-12805
-12978
-12285
-10472
-9581
-9084
-8011
-6546
-5139
-4188
-3447
-1883
213
1249
1899
2994
4649
6803
7844
8249
9372
10575
11544
11774
11574
11933
11986
10941
9392
8225
7642
6801
4891
2724
1557
1013
333
-744
-1709
-1807
-1803
-2159
-2303
-1904
-959
-476
-600
-284
653
1782
2285
2169
2404
3011
3433
3391
3107
3052
2976
2502
1807
1279
1180
844
173
-129
-427
-312
-282
-746
183
928
1090
1591
941
1758
2923
1819
1313
-207
-1483
-1317
-3698
-5422
-6445
-8646
-9558
-11633
-13316
-12531
-12888
-13399
-13510
-13518
-11568
-10017
-10018
-9318
-8133
-6870
-5494
-5034
-4086
-1844
-708
-84
1074
2435
4942
6612
6851
8199
9672
11023
12235
12063
12497
13015
12003
10968
9688
8664
8037
5784
3387
1992
883
368
-789
-2154
-2242
-2280
-2257
-1877
-1503
-373
466
472
1125
2156
3208
3886
3319
3000
3414
3537
3546
2999
2319
2205
1821
1298
1022
765
399
6
-418
-717
-250
-73
280
1561
1734
2254
2678
2231
3557
3397
2045
1574
-650
-1430
-2140
-4812
-5490
-7213
-9384
-10258
-12375
-12435
-11696
-12770
-12986
-13121
-12401
-10341
-9828
-9750
-8764
-7826
-6794
-5951
-5485
-3951
-2260
-2030
-1505
-270
1491
3755
4367
4724
6530
8122
9587
10317
10421
11621
12053
11053
10109
9201
8824
7929
5375
3283
2345
1694
993
-408
-1346
-1039
-894
-964
-744
-46
1090
1464
1268
1684
2761
3755
3650
3014
2813
3161
3630
3292
2919
2818
2495
2312
1730
1481
1563
964
457
-245
-322
192
496
1537
1995
2486
3084
2927
4017
4135
3188
2453
232
-736
-1826
-4216
-5257
-7350
-9309
-10572
-12610
-12658
-12368
-13013
-13157
-13407
-12463
-10688
-9999
-9639
-8913
-7989
-6987
-6104
-5331
-3830
-2367
-2043
-1467
-303
1353
3135
3491
3749
5008
6275
7588
8313
8705
9621
9761
9073
8541
8068
7693
6555
4309
2660
1855
1230
591
-441
-926
-653
-507
-111
631
1648
2587
2743
2943
3658
4533
4881
4183
3511
3282
3244
3169
2618
2317
2322
2027
1823
1882
2108
2377
2074
1200
1230
1786
2356
3442
3266
3215
3892
3523
4356
4408
2878
2330
78
-1582
-2117
-4432
-5387
-7011
-9628
-10415
-11755
-11989
-11230
-11980
-12102
-11830
-11458
-10019
-9024
-8585
-7765
-7328
-7246
-6357
-5373
-4274
-3075
-3231
-2820
-1296
-28
1677
2458
2777
4078
4754
5476
6439
6964
7672
7404
6361
5944
5844
5524
4401
2555
1153
629
154
-464
-847
-983
-674
-449
-163
1120
2640
3700
4105
4296
5332
6498
6793
6248
5383
4888
4494
3732
2918
2377
2083
1655
973
856
1312
1790
2189
1869
2051
2936
3594
5144
5683
5593
6118
5277
5483
5460
3618
2750
371
-1730
-2629
-5307
-6478
-7694
-9986
-10965
-12591
-12829
-11554
-11620
-11509
-11284
-10771
-9053
-7995
-7865
-7300
-6710
-6381
-5854
-5505
-4379
-2742
-2550
-2383
-1454
-91
2014
2909
2954
3915
4875
5878
6461
6197
6538
6466
5245
4249
3337
2760
2115
223
-1338
-1951
-2284
-2192
-2622
-2969
-2272
-1665
-866
366
1569
3061
3993
4502
5660
6762
7424
7414
6490
5822
5490
4942
4333
3293
2431
1922
1393
1503
1619
1943
2462
2244
2784
3540
4829
7049
7293
7358
7515
7157
8278
7440
5267
3678
749
-890
-2731
-5689
-6867
-8789
-11035
-12489
-13817
-13066
-11859
-11997
-12082
-11505
-10119
-8272
-7284
-7203
-6479
-5879
-6008
-5545
-4990
-3797
-2666
-3276
-3019
-1494
209
2092
2523
2913
4475
5583
6462
7005
7280
7685
6867
5093
3801
3050
2066
9
-2659
-4439
-4936
-5141
-5620
-5870
-5427
-4443
-3414
-2230
-234
2127
3781
4607
5354
6803
8333
8655
7915
6848
6129
5638
4611
3517
2724
1978
1330
757
723
1608
2526
2764
3160
3967
5594
8059
9084
9550
10040
9613
10132
9493
7373
5995
2993
279
-1957
-5431
-6943
-8709
-11442
-12945
-14579
-14281
-12688
-12487
-11923
-10921
-9519
-7495
-6404
-5890
-4958
-4348
-4606
-4793
-4590
-3877
-2985
-3510
-3934
-2858
-1515
170
1166
1699
3497
4953
5897
6908
7433
8185
7965
6285
4856
3738
2599
732
-2179
-4576
-5883
-6772
-7644
-8355
-8312
-7484
-6497
-5346
-3402
-784
1708
3429
4761
6541
8459
9657
9638
8876
8186
7398
6293
4799
3250
2036
840
-34
-569
-404
507
1062
2111
3357
5184
8339
10130
11576
12610
12406
13505
12857
10613
8833
5233
2615
-176
-4541
-6794
-9341
-12059
-13778
-16007
-15933
-14476
-14107
-13296
-12073
-10234
-7600
-6127
-5519
-4165
-3214
-3133
-3129
-3430
-2851
-2068
-2874
-3263
-2618
-1515
139
740
1158
2804
4296
5529
6477
7001
7829
7850
6600
5326
4326
3217
1234
-1718
-4321
-5747
-6686
-7941
-9132
-9609
-9240
-8438
-7627
-6086
-3612
-1251
612
2301
4483
7165
8975
9350
9196
9028
8827
8002
6242
4661
3322
1957
707
-616
-635
-122
154
1265
2278
5030
8352
9839
12007
12987
13994
15716
13948
12354
10331
6854
4956
677
-3387
-5559
-9386
-12015
-14563
-16546
-15534
-15317
-15433
-14437
-12945
-10266
-8087
-7120
-5713
-3842
-2821
-2595
-2297
-1720
-729
-828
-2074
-1949
-946
-17
661
483
1370
3105
3867
4630
5327
6167
6949
6032
4794
4211
3619
2510
0
-2555
-3891
-4797
-5934
-7500
-8450
-8286
-7953
-7783
-7313
-5750
-3508
-1904
-733
942
3343
5759
6743
6819
7465
8114
8165
7143
5418
4515
3604
1943
355
-551
-614
-445
-312
217
2837
6159
8009
10163
11544
13425
16201
15260
14065
12856
9873
8545
4781
356
-1480
-5461
-8943
-11789
-14915
-14403
-14226
-15650
-15221
-14174
-11914
-9113
-8652
-7775
-5396
-4287
-3491
-2889
-2559
-614
-23
-1244
-893
-1
1331
2439
1633
2072
3815
4586
5430
5560
5666
6633
5759
4263
3501
2304
1386
-752
-3840
-5085
-5896
-6706
-7354
-8659
-8636
-7790
-7495
-6498
-5355
-3920
-2098
-1139
310
2428
4217
5530
5685
5870
6632
7059
6811
5608
4461
3593
2536
1447
402
-194
-596
-768
-522
1245
4157
5979
7922
9344
10897
13977
14235
13462
12717
10114
9092
6584
2681
941
-2438
-5756
-8279
-11458
-11599
-11360
-12808
-12948
-12611
-11182
-8566
-7969
-7682
-6087
-5308
-4614
-3862
-3613
-2134
-1140
-1897
-1607
-317
1134
2732
2751
2691
4329
5396
6076
6641
6198
6423
5889
3945
3178
2173
709
-907
-3985
-5700
-5983
-6941
-7472
-8460
-9160
-8243
-7770
-7098
-5661
-4526
-3086
-1844
-726
1411
3508
4476
4895
5087
5503
6468
6246
5149
4488
3228
2311
1642
400
89
-104
-690
-44
2017
4064
6195
7945
8591
10951
12875
12570
12776
10912
9072
8281
4820
2635
580
-2979
-5073
-8139
-10086
-9553
-10363
-10912
-10726
-10605
-8662
-6972
-6753
-5651
-4847
-4627
-3897
-3807
-3121
-1890
-2000
-2170
-1515
-235
1472
2649
3042
3866
5190
6016
6789
7117
7014
6906
5479
3841
2797
1397
-104
-2605
-5372
-6689
-7455
-8028
-8593
-9325
-9215
-8506
-7946
-7018
-5573
-4130
-2830
-1794
-533
1528
3346
4168
4438
4631
5302
5803
5408
4668
3843
3131
2306
1387
635
186
184
-75
1192
3361
4518
6665
7586
8560
11218
10975
10667
10052
7618
7027
4770
1919
664
-2204
-4454
-6380
-8421
-8086
-7954
-8732
-8482
-8070
-7003
-5070
-4680
-4426
-3284
-3218
-2835
-2388
-2538
-1667
-1451
-1950
-1406
-501
798
2285
2893
3542
4817
5671
6494
7038
6667
6428
5456
3816
2771
1260
-386
-2168
-4669
-6290
-7126
-7758
-7982
-8532
-8853
-8355
-7722
-6937
-5858
-4977
-4104
-2971
-1889
-334
1266
2173
2986
3337
3876
4572
4388
4219
3469
2624
2205
1416
1087
645
300
363
1747
4082
5039
6873
8005
8842
11452
10809
9958
9468
6894
6099
3573
442
-439
-3020
-5334
-7120
-8768
-7868
-7311
-8205
-7788
-6806
-5657
-3728
-3677
-3697
-2059
-2117
-2298
-1934
-1883
-572
-334
-1368
-893
507
1989
3305
3643
4282
6041
6912
7267
7585
7285
7219
5900
3542
2240
990
-692
-2966
-5774
-7377
-7710
-8160
-8827
-9224
-9014
-8064
-7386
-6989
-5818
-4468
-3456
-2812
-2272
-841
827
1628
1944
2182
3013
3915
3652
3200
2844
2433
2187
1244
346
390
424
336
1679
3434
4760
6887
7526
8501
10980
10648
9953
8517
5789
5193
2827
-155
-1685
-4495
-6126
-7487
-9143
-8179
-7303
-7490
-6754
-6078
-4675
-2275
-1938
-2102
-1226
-1234
-998
-869
-1284
-532
-155
-623
-334
559
1992
3768
4425
4730
6137
7197
7919
8243
7385
7043
6373
4527
3008
1230
-612
-2353
-4976
-7096
-7860
-8208
-8581
-9268
-9599
-8729
-7547
-6820
-6198
-5326
-4012
-2730
-1846
-857
312
1439
1929
1964
2543
3064
3144
2594
1623
1338
1125
721
105
-338
-180
639
2858
4292
5682
7629
8199
10275
11476
10479
10019
7511
5391
3802
275
-1798
-4006
-7054
-8827
-10419
-10597
-9238
-8938
-8540
-6987
-5581
-3259
-1493
-1478
-399
272
117
418
176
589
1148
847
926
1757
2940
4165
5277
5698
6513
7696
7996
8199
7780
6962
6065
4458
2937
1445
-98
-1844
-3859
-5541
-6721
-7112
-7458
-8109
-8489
-8395
-7750
-7096
-6369
-5679
-5091
-4091
-3109
-1854
-535
364
1250
1712
2324
3051
3120
2946
2407
1760
1147
569
-44
-502
-670
-1078
580
2700
3646
5946
6655
7991
10838
10291
9935
8687
5918
5129
2165
-1189
-2754
-5724
-8151
-9821
-11294
-10441
-9372
-9636
-8613
-7037
-5261
-2518
-1871
-1617
-63
188
511
794
620
1496
1741
1486
2406
3675
4994
6539
7143
7571
8817
9269
9378
9127
7733
6699
5089
2878
1485
-357
-2259
-3739
-5625
-6720
-6770
-6828
-6766
-6915
-7115
-6491
-5954
-5695
-5202
-5032
-4635
-3862
-3145
-2072
-862
0
655
1351
2079
2896
3029
2570
2125
1224
786
114
-530
-441
-675
1241
2917
3751
6283
6887
8698
10915
9745
9504
7664
5239
4443
871
-2228
-4256
-7469
-9574
-11220
-12139
-11143
-10609
-10708
-9410
-7792
-5602
-3194
-3090
-2678
-1303
-708
224
629
753
1565
2054
2515
4092
5986
7221
8799
9590
10078
11725
12042
11655
10771
8750
7368
5328
2833
816
-1601
-3655
-5422
-6960
-7677
-7682
-7453
-7383
-7176
-6764
-5947
-5152
-4929
-4737
-4537
-4092
-3337
-2735
-1898
-849
-129
618
1450
2204
3039
3147
2673
2235
1710
1226
572
-86
-642
410
2094
2604
4561
5797
6755
9326
9102
8754
8294
5624
4620
2144
-1342
-2841
-5929
-8775
-10308
-12052
-11515
-10558
-11230
-10389
-9024
-7776
-5141
-4385
-4506
-3018
-2465
-1989
-988
-556
504
1387
1612
3052
5228
7135
9169
10151
10768
12371
13020
13034
12571
10675
9177
7324
4634
2741
492
-1858
-3466
-5342
-6349
-6450
-6645
-6299
-6424
-6527
-5761
-5487
-5094
-4870
-5212
-4936
-4431
-3742
-2797
-2008
-1166
-267
747
1706
2411
3042
2799
2301
2042
1018
1086
878
669
2842
3058
4174
6404
6296
9125
10269
8491
8443
5932
4343
3660
-346
-3190
-5635
-8718
-10112
-11496
-12295
-11278
-10956
-10835
-9548
-8537
-6611
-5093
-5891
-5758
-5044
-4493
-3225
-2905
-2654
-1281
188
1883
4332
6547
8522
10718
11594
12426
13797
13864
13446
11729
9212
7667
5782
3783
1681
-593
-1947
-2870
-3458
-3587
-3459
-3238
-3347
-3560
-3731
-3601
-3462
-4245
-5112
-5569
-5559
-4756
-4198
-3618
-2642
-1588
-282
935
1992
2476
2746
2406
1516
1108
192
-264
-995
-730
1575
2202
4097
5736
6393
9874
10427
9473
8846
5951
5100
3514
-329
-2724
-5364
-7945
-9532
-10940
-11038
-9965
-9873
-9717
-8822
-7983
-6111
-5797
-7227
-7302
-7330
-7023
-6264
-6099
-5108
-3514
-2185
78
3323
6178
9001
10816
11416
12882
13955
14105
13305
11176
9408
7580
5681
4078
2325
1037
-179
-1130
-1461
-1301
-730
-747
-1458
-2316
-2789
-3061
-3715
-4648
-5669
-6199
-6059
-5303
-4357
-3294
-2082
-1280
-3
1180
2086
2819
2147
1636
864
107
-178
-482
1404
2250
2963
5061
5392
8134
10439
9069
8252
5947
3823
3319
531
-2376
-4562
-7367
-8656
-9101
-9371
-7848
-7093
-7290
-6350
-5864
-4571
-3415
-5285
-7170
-7990
-8752
-8363
-7776
-7772
-6680
-4841
-3009
145
3558
6326
8719
9376
9809
10872
10854
10352
8755
6260
4993
3900
3098
3085
2406
2147
2394
2436
3255
3810
3489
2734
1304
-14
-1007
-2091
-3197
-4563
-5711
-5884
-5199
-3967
-2773
-1982
-1434
-564
515
1059
1561
970
-129
-482
-1813
-1618
-1330
-1389
1910
2854
4156
7431
7404
9922
11458
8749
7485
4280
1219
389
-2927
-5323
-6588
-8954
-8909
-7994
-7313
-4814
-3927
-3942
-2633
-2799
-2422
-2305
-5465
-7800
-8986
-10463
-9755
-8588
-8001
-6069
-3913
-1129
2818
5633
7637
8691
7803
7174
6802
5465
4051
2259
379
-121
256
1377
3185
4311
5291
6178
6543
7127
7139
5848
3875
1693
-73
-1270
-2439
-3109
-3449
-3748
-3282
-2393
-1398
-191
35
-590
-1072
-1648
-1647
-1814
-3218
-3842
-4355
-4451
-2703
-1280
2678
6195
7470
10635
11092
11803
13774
11077
7498
3257
-1807
-3231
-5160
-7499
-8091
-10140
-9950
-7321
-5694
-2674
-912
-1367
-764
-1901
-3058
-3153
-5813
-9243
-11353
-12722
-11587
-8398
-5930
-3266
-592
2115
6192
9052
9951
10120
7863
4836
3071
813
-696
-1047
-3095
-3691
-1968
-454
2766
4960
5315
5665
4922
4799
4745
3089
1612
99
-1383
-1059
1
1156
2465
2791
2947
3977
3936
3421
2586
-259
-2951
-4868
-6296
-6581
-7162
-7329
-6854
-6173
-3733
-599
4583
8068
9161
11336
11298
11818
12365
9580
6018
1998
-2326
-3694
-4617
-5593
-5066
-6745
-7588
-5983
-4625
-1780
-1180
-3090
-3140
-4440
-5015
-4974
-6937
-8184
-9045
-9880
-8374
-4847
-1725
978
2083
2580
4907
6152
6272
5769
2817
619
-653
-1710
-983
509
1215
650
1533
3458
5012
5570
4323
2424
461
-780
-1520
-1751
-1601
-1537
-1310
-380
2178
4924
6223
6507
5497
4827
4374
2846
1578
-940
-3978
-5481
-6452
-6007
-5186
-4925
-4162
-3768
-2366
-159
3881
6312
6658
7973
7341
8534
9426
7689
5860
3317
516
-1002
-2142
-2844
-2606
-4593
-6542
-6410
-6105
-4182
-3721
-5464
-4829
-5517
-5731
-4940
-6046
-5722
-5501
-6227
-4984
-2183
110
1793
2205
2491
4189
4272
3305
3172
1916
1150
128
-1013
383
1882
2136
1976
1808
2310
2950
1717
512
-351
-1951
-2502
-2711
-2504
-902
-64
708
2635
4046
5931
6974
6357
5964
4762
2984
2024
772
-998
-2579
-4101
-4742
-3912
-4022
-3855
-3822
-4447
-3720
-2811
1029
2799
3883
5925
6068
8149
9023
8376
7250
5234
2224
-96
-1877
-2899
-2916
-5347
-7450
-7374
-7254
-5537
-4781
-4703
-3156
-4395
-5161
-4727
-4602
-3180
-3097
-4587
-3910
-1037
1059
2663
3313
3813
4754
3502
2705
3124
2210
1370
-25
-946
427
1328
1667
2049
1589
1551
1131
-411
-674
-1356
-2906
-2896
-3039
-2452
-636
202
1659
3369
4033
5063
5216
4946
5477
4283
2894
2495
1641
965
555
-378
-1350
-2149
-3606
-3814
-4835
-5989
-7021
-5669
-2201
-957
2937
4695
6177
8626
8760
9107
7972
5598
2856
-177
-2786
-3068
-4194
-6194
-6518
-7019
-6619
-5151
-5449
-4222
-3584
-5187
-5059
-6516
-7154
-5820
-5246
-3606
-1645
-155
1903
3963
5996
7949
7492
5842
5231
3839
2509
2070
638
147
726
482
1522
2453
1875
1388
435
-138
-248
-1552
-2820
-3297
-3348
-1711
-418
-630
148
909
1488
2825
2902
3211
3715
2777
3371
4155
3710
3663
3228
2247
1352
-579
-2138
-4272
-6727
-6958
-7363
-5036
-3418
-705
3260
4378
7281
8098
7499
6138
3811
1581
-867
-3155
-4457
-5127
-6252
-5573
-3989
-3212
-2427
-2768
-3348
-2756
-4136
-5100
-6922
-9948
-9834
-8544
-6430
-3214
-748
1255
4033
6732
9149
10012
8044
6033
4819
3370
2676
1525
-254
110
1157
2237
3922
3449
2402
1865
917
609
-304
-1716
-2402
-2780
-2099
-736
-269
-12
723
1258
1455
1772
1621
1605
1361
1567
2934
3192
2949
3193
2992
2191
1827
298
-1836
-4410
-6076
-6856
-6270
-3852
-2569
1530
3463
5335
7765
6508
5618
3014
141
-1624
-3215
-4284
-4742
-5778
-5522
-3269
-1309
-360
-627
-2668
-3532
-3950
-5412
-6458
-9919
-12158
-11179
-8943
-5450
-1883
431
2361
5022
6760
7750
7087
4744
3710
2808
2048
2533
2298
2070
3427
4854
6280
7293
6141
4449
2222
172
-759
-1967
-2482
-2110
-1471
45
1584
2206
2623
2326
1632
1514
813
-76
-143
-704
-474
859
1495
2624
3303
2700
2305
1446
-220
-2310
-5367
-7029
-7816
-6052
-3169
-1143
2946
4809
7709
9289
7813
5937
1177
-2470
-4326
-5446
-5735
-5691
-5287
-3768
-1172
752
1337
245
-2447
-3920
-5526
-6638
-7752
-10654
-11856
-11589
-9146
-5608
-2451
108
2434
4808
5449
5297
3686
1164
-82
-816
-73
2400
4400
5954
7623
7976
8442
8656
6817
5055
2653
877
384
-548
-540
-354
-266
1220
2937
3807
4157
3098
1448
153
-1414
-2172
-2552
-2866
-1229
1132
2878
4656
4692
3487
2105
174
-2026
-4295
-6570
-7775
-7351
-6831
-4094
-1638
1249
5076
7088
9291
8935
6536
2795
-2044
-5742
-7567
-8090
-7065
-4397
-1214
2666
5563
5749
4039
881
-3242
-6577
-9195
-10360
-10531
-10530
-9254
-7135
-4743
-2162
-576
86
876
1213
1081
416
-1026
-2003
-2458
-2825
-1341
942
3239
5759
7364
8596
8973
8213
6637
4456
2579
1516
1104
1433
2591
3963
5461
6634
6924
6533
5029
3229
1537
-185
-1017
-1548
-1328
-174
1120
2279
2772
2574
1566
89
-1779
-4108
-6325
-8401
-9563
-9508
-8853
-7053
-4854
-2911
-703
1174
2257
2510
1713
358
-793
-1699
-1912
-1862
-1763
-635
1146
3102
4760
5569
5794
5381
4111
2530
633
-1426
-2934
-4175
-4768
-4502
-3645
-2438
-1598
-1036
-476
-272
-824
-1823
-2963
-3975
-4878
-5413
-5149
-4394
-3034
-1466
62
1254
2162
2927
3102
3128
2930
2892
2863
2752
3378
3931
4389
4639
4501
4555
4359
4336
4338
3891
3430
3129
3090
2921
2564
1848
1006
278
-542
-1015
-1889
-3110
-4006
-4925
-5406
-5642
-5797
-5616
-5510
-5005
-3807
-2593
-1522
-839
-582
-448
-384
-30
270
307
473
1053
2025
2866
3562
3831
3607
3080
2406
1815
1102
767
561
374
424
384
510
257
-176
-428
-822
-1164
-1396
-1369
-1249
-1208
-1483
-1939
-2432
-3044
-3325
-3570
-3553
-3131
-2585
-1658
-568
659
1772
2444
2687
2750
2761
2366
1793
1028
293
17
-65
458
1349
2074
2845
3275
3433
3421
2811
1723
299
-1193
-2199
-2844
-3435
-3683
-3701
-3472
-2798
-2150
-1565
-1266
-1495
-1690
-1873
-2019
-1790
-1495
-947
-57
888
2052
2904
3513
4081
4062
3689
3017
2256
1618
866
156
-185
32
583
1372
1777
1858
2143
1953
1427
465
-811
-1373
-1588
-1413
-550
378
1510
2544
2766
2415
1442
-320
-2201
-3843
-4962
-4857
-4275
-3352
-1484
443
2318
3440
2881
1755
307
-1305
-2493
-3536
-4020
-3613
-2890
-1985
-707
521
1609
2358
2240
1898
1437
495
-578
-1889
-3079
-3542
-3539
-3167
-2389
-1574
-739
266
862
863
192
-1350
-2666
-3309
-3421
-2710
-1758
-578
1126
2617
3758
4557
4505
4083
3419
2584
2373
2214
1940
1658
1223
1122
1124
945
651
503
397
402
405
142
308
444
1095
2359
3488
4888
5351
5537
5390
4179
2426
-491
-2742
-3632
-3586
-2217
-652
1188
2824
3392
2999
1512
-708
-3310
-5459
-6679
-6511
-5386
-4563
-3788
-3408
-3202
-2781
-2698
-2356
-1924
-1649
-1203
-758
-546
-1065
-2382
-3826
-4247
-3428
-2082
-513
718
1676
2608
2819
2440
1672
313
-796
-1476
-1765
-1293
-1157
-1471
-1488
-1413
-583
676
1454
2178
2406
2353
2369
1750
826
-91
-648
-373
675
1781
2586
2970
2689
2501
2215
1825
1604
1475
1770
2530
3575
3788
3846
3318
3060
4603
5235
6484
6680
5427
5648
4167
2519
256
-2719
-2675
-1645
44
1817
2010
1278
-417
-3260
-6338
-8502
-10488
-11084
-10081
-7974
-4213
-1979
-1488
-2193
-4048
-4864
-5287
-5286
-4725
-4187
-3391
-2315
-771
294
902
1201
1618
2919
3683
3652
2417
38
-1792
-3292
-3890
-3313
-2531
-1167
384
1786
2876
2616
1368
77
-750
-435
376
805
1263
1428
1540
1913
1836
2057
2348
2865
4006
4577
4743
4164
3004
2258
2020
2040
2253
2465
2519
3099
2784
2860
3784
4013
5405
5349
5300
6254
5278
4172
930
-2417
-3371
-3802
-2707
-1761
-1235
-640
-955
-2044
-3736
-5477
-7349
-8103
-7619
-5962
-3648
-2903
-3200
-4525
-5878
-5971
-5527
-4400
-3255
-2240
-1079
140
945
756
11
-875
-605
419
1111
1384
388
-770
-1789
-2692
-2544
-2081
-1033
597
2034
3236
3597
2648
1193
-250
-1109
-548
330
1220
1935
1832
1846
1598
1044
882
876
1593
3042
4024
4449
4093
2991
2076
1020
484
286
327
835
1663
3836
5633
7207
7507
6650
6856
5903
4775
2054
-1789
-3557
-4521
-3380
-1748
-771
330
404
195
-797
-2679
-5064
-7015
-7531
-6611
-4584
-3299
-2945
-3701
-4923
-5431
-5568
-4838
-3892
-2682
-1116
326
1429
1192
64
-1510
-2481
-2194
-1361
-75
684
922
996
657
321
-166
-465
34
1216
2650
3767
3958
3358
2428
1296
542
-22
-550
-724
-798
-404
160
464
818
1072
1512
2075
2253
2074
1344
162
-790
-1345
-1373
-968
-497
941
3230
5598
7196
6945
6090
5118
3958
2388
-213
-2303
-3132
-2468
-687
841
1877
1943
1129
-234
-1995
-3672
-5083
-5565
-4840
-3003
-739
670
671
-954
-3335
-5331
-6400
-6167
-5013
-3149
-767
1430
2738
2541
909
-1359
-3234
-4116
-3776
-2463
-804
971
2255
2868
2859
2112
1447
1006
1090
1854
2677
3618
3995
3658
2917
1844
1024
327
-175
-231
46
449
609
396
84
-62
-276
-519
-774
-919
-830
-934
-1096
-1296
-1494
-1432
-1317
-971
-392
231
815
1148
1362
1461
1535
1613
1642
1676
1442
1046
593
158
-71
-264
-327
-128
299
839
1192
1037
363
-642
-1768
-2575
-3125
-3376
-3148
-2622
-1703
-920
-682
-934
-1592
-2199
-2621
-2792
-2591
-2020
-1284
-527
86
433
777
849
781
748
680
1126
1806
2645
3583
4151
4637
4795
4488
3767
2565
1392
616
418
646
1137
1691
2074
2204
1629
505
-948
-2437
-3282
-3583
-3237
-2408
-1562
-745
-417
-658
-1357
-2318
-3100
-3535
-3466
-2965
-2044
-950
4
768
1180
1490
1604
1424
1170
844
799
923
934
858
643
541
478
244
-146
-581
-793
-821
-831
-1012
-1325
-1665
-2080
-2485
-2853
-2934
-2546
-1816
-862
42
760
1211
1267
1016
560
119
-111
8
573
1450
2376
3037
3353
3450
3511
3613
3605
3455
3200
2919
2627
2197
1629
1033
597
410
375
382
321
156
-183
-778
-1529
-2263
-2766
-3013
-3096
-3024
-2776
-2390
-2103
-2141
-2400
-2560
-2387
-1972
-1618
-1413
-1178
-814
-409
-101
136
466
924
1322
1532
1564
1504
1389
1129
775
463
266
142
-62
-314
-457
-468
-509
-830
-1447
-2115
-2609
-2898
-3106
-3211
-3044
-2481
-1576
-540
435
1216
1715
1867
1684
1298
872
541
462
779
1514
2527
3615
4538
5160
5467
5452
5132
4479
3551
2498
1557
939
661
602
599
614
667
697
551
90
-603
-1293
-1859
-2338
-2839
-3351
-3710
-3840
-3825
-3791
-3729
-3528
-3175
-2777
-2420
-2076
-1692
-1334
-1115
-1031
-902
-573
-54
487
857
1017
1034
943
778
602
478
473
562
713
866
913
779
423
-88
-622
-1063
-1389
-1611
-1746
-1793
-1727
-1535
-1231
-842
-372
191
792
1318
1620
1618
1352
921
456
110
66
475
1288
2283
3235
4008
4555
4765
4526
3872
3012
2224
1657
1295
1111
1138
1344
1566
1580
1282
775
211
-377
-1018
-1663
-2161
-2407
-2506
-2632
-2852
-3086
-3254
-3392
-3537
-3632
-3565
-3338
-3075
-2840
-2555
-2093
-1532
-1085
-853
-720
-475
-123
171
297
316
393
593
842
1053
1194
1261
1274
1210
1059
806
443
18
-361
-585
-622
-531
-399
-265
-127
37
241
471
702
927
1125
1260
1311
1239
1032
745
479
362
469
788
1273
1857
2436
2893
3109
3022
2672
2154
1561
981
524
269
230
330
459
559
595
503
215
-255
-784
-1227
-1558
-1811
-1999
-2064
-1948
-1766
-1706
-1879
-2220
-2546
-2725
-2749
-2654
-2451
-2112
-1638
-1143
-806
-756
-993
-1340
-1572
-1553
-1283
-861
-368
178
758
1268
1540
1478
1160
800
604
621
719
755
708
661
688
758
767
665
523
458
543
730
892
964
959
961
1026
1132
1205
1191
1120
1063
1051
1044
989
911
893
995
1179
1332
1377
1320
1178
946
612
213
-158
-395
-461
-395
-268
-161
-117
-172
-322
-520
-736
-960
-1198
-1417
-1512
-1441
-1263
-1135
-1173
-1300
-1358
-1302
-1263
-1422
-1772
-2092
-2185
-2071
-1930
-1896
-1907
-1790
-1470
-1047
-684
-466
-327
-161
82
374
630
794
876
939
1061
1258
1446
1513
1427
1246
1076
943
790
591
396
314
397
587
798
957
1072
1155
1202
1209
1185
1155
1131
1112
1098
1073
1028
953
874
837
864
935
964
882
670
365
34
-300
-611
-845
-910
-729
-348
59
289
277
122
-46
-201
-431
-769
-1106
-1260
-1148
-884
-673
-645
-754
-879
-978
-1119
-1392
-1780
-2153
-2336
-2277
-2055
-1835
-1746
-1771
-1819
-1780
-1610
-1350
-1035
-661
-181
414
1026
1477
1635
1534
1320
1164
1128
1146
1146
1097
1027
972
914
807
636
437
313
344
519
748
918
973
930
830
709
606
548
589
745
975
1213
1388
1450
1376
1177
917
669
477
336
221
103
-20
-159
-328
-507
-655
-712
-656
-528
-378
-227
-80
31
59
-35
-221
-407
-522
-565
-596
-654
-732
-795
-816
-798
-787
-826
-933
-1091
-1261
-1406
-1545
-1708
-1896
-2042
-2033
-1809
-1413
-953
-515
-121
241
563
776
834
762
649
613
696
864
1026
1083
999
791
505
197
-89
-320
-419
-303
38
513
935
1140
1107
914
658
382
117
-53
-11
300
809
1344
1738
1921
1900
1716
1397
985
550
190
-27
-94
-57
21
81
108
105
72
-1
-132
-295
-458
-585
-662
-727
-824
-951
-1049
-1059
-977
-859
-745
-644
-550
-485
-531
-753
-1117
-1484
-1693
-1657
-1393
-975
-480
35
499
808
883
711
402
120
-20
19
188
413
652
883
1080
1191
1162
971
661
292
-88
-449
-769
-999
-1073
-951
-644
-255
79
248
215
25
-254
-531
-734
-777
-608
-245
227
678
995
1140
1148
1090
1022
976
955
957
965
941
839
627
335
41
-157
-204
-122
14
120
148
73
-124
-436
-823
-1212
-1515
-1642
-1565
-1302
-925
-536
-219
-33
1
-103
-321
-593
-828
-926
-804
-446
74
618
1062
1331
1398
1268
995
664
385
274
382
676
1041
1335
1453
1361
1104
752
368
14
-262
-425
-470
-429
-357
-319
-336
-407
-511
-633
-783
-952
-1118
-1225
-1215
-1066
-793
-463
-141
114
260
291
223
108
5
-23
55
210
380
483
479
380
198
-29
-267
-483
-640
-727
-747
-710
-638
-539
-437
-343
-295
-338
-477
-694
-914
-1053
-1049
-870
-547
-137
266
571
719
698
559
382
263
275
439
726
1072
1408
1669
1809
1818
1714
1541
1352
1183
1059
991
976
1002
1044
1072
1046
949
766
498
178
-151
-441
-649
-756
-754
-662
-527
-413
-376
-440
-615
-867
-1145
-1383
-1511
-1478
-1285
-968
-610
-308
-130
-106
-214
-407
-620
-778
-830
-759
-588
-377
-210
-147
-208
-369
-584
-804
-984
-1093
-1108
-1027
-876
-704
-564
-484
-477
-506
-546
-577
-578
-540
-426
-225
37
304
505
618
660
664
676
715
796
944
1165
1447
1735
1959
2069
2068
1991
1886
1778
1670
1566
1481
1415
1352
1257
1096
874
634
435
305
231
187
143
91
24
-71
-208
-388
-573
-710
-775
-766
-719
-672
-636
-609
-583
-572
-591
-664
-776
-892
-988
-1053
-1090
-1094
-1055
-966
-845
-735
-685
-721
-828
-960
-1070
-1148
-1198
-1220
-1219
-1193
-1158
-1137
-1131
-1122
-1074
-958
-776
-563
-356
-194
-79
-4
38
69
106
177
296
473
682
881
1035
1117
1136
1117
1085
1061
1067
1121
1232
1397
1585
1757
1872
1902
1850
1734
1577
1395
1208
1040
915
846
831
848
863
849
791
682
524
319
101
-89
-208
-235
-186
-92
-8
16
-53
-234
-513
-841
-1152
-1374
-1463
-1414
-1257
-1048
-856
-735
-709
-787
-934
-1117
-1288
-1401
-1444
-1412
-1338
-1253
-1171
-1104
-1053
-1023
-1011
-1006
-999
-989
-972
-953
-928
-881
-800
-683
-525
-334
-126
84
266
408
504
560
587
599
618
659
734
838
959
1075
1168
1228
1253
1243
1213
1180
1160
1165
1205
1271
1345
1411
1452
1455
1407
1308
1168
1009
856
732
656
633
660
717
775
802
772
669
490
255
-11
-273
-502
-678
-798
-867
-907
-933
-964
-1003
-1045
-1071
-1070
-1031
-956
-861
-771
-720
-732
-815
-958
-1127
-1284
-1391
-1423
-1374
-1253
-1091
-927
-793
-712
-701
-747
-820
-891
-924
-892
-779
-584
-340
-73
174
367
486
514
465
364
252
167
130
156
244
380
535
682
803
888
940
966
985
1011
1049
1094
1138
1173
1187
1169
1113
1032
934
836
749
683
652
652
678
721
771
815
831
804
721
582
392
169
-65
-282
-451
-555
-586
-557
-491
-420
-375
-377
-431
-531
-661
-783
-872
-908
-884
-816
-723
-629
-562
-528
-529
-556
-594
-632
-669
-698
-722
-745
-771
-801
-825
-832
-807
-746
-657
-551
-439
-336
-261
-224
-217
-237
-263
-277
-263
-216
-129
-4
147
314
485
644
778
877
944
980
994
995
985
974
958
939
907
857
788
702
607
516
447
404
394
409
445
490
515
503
447
349
222
77
-67
-195
-287
-340
-356
-352
-337
-319
-310
-307
-315
-332
-349
-369
-385
-399
-407
-403
-385
-345
-282
-203
-116
-32
24
37
5
-74
-178
-285
-373
-426
-427
-373
-281
-174
-82
-26
-17
-65
-152
-257
-355
-419
-429
-385
-287
-157
-22
92
163
192
176
127
70
36
42
99
196
309
417
495
522
497
426
326
222
135
79
59
68
93
114
122
112
83
38
-15
-65
-107
-138
-158
-169
-176
-182
-183
-179
-166
-138
-100
-59
-20
14
30
30
16
1
-8
1
36
95
162
221
259
266
236
174
95
21
-32
-48
-29
16
73
128
162
165
143
110
78
62
73
105
152
194
214
205
163
98
21
-49
-103
-125
-115
-78
-27
18
45
48
26
-18
-79
-142
-191
-220
-223
-198
-156
-109
-76
-66
-93
-151
-234
-325
-404
-456
-466
-439
-381
-317
-273
-266
-305
-381
-479
-572
-627
-621
-540
-397
-219
-41
103
196
221
189
121
58
26
50
136
270
430
582
694
746
730
654
539
416
312
254
246
284
352
430
499
538
541
513
467
419
383
363
363
376
394
405
402
381
342
296
249
202
157
107
46
-37
-135
-248
-362
-462
-526
-542
-512
-446
-358
-274
-225
-230
-294
-412
-555
-690
-791
-834
-814
-740
-648
-563
-521
-537
-610
-728
-855
-950
-983
-941
-819
-637
-423
-212
-41
72
127
140
130
125
142
195
284
393
504
602
669
700
697
668
619
567
519
482
460
445
436
431
431
434
441
446
456
466
476
488
495
499
503
501
498
494
488
482
477
469
459
442
411
370
309
231
138
37
-59
-137
-191
-216
-219
-208
-200
-210
-251
-325
-425
-536
-645
-733
-794
-827
-835
-832
-835
-846
-878
-930
-990
-1047
-1082
-1078
-1032
-939
-812
-667
-517
-380
-268
-181
-119
-68
-20
33
95
166
235
292
330
344
338
318
295
285
297
332
386
452
517
566
592
586
558
521
490
476
488
531
593
661
717
750
751
721
667
600
542
506
498
518
558
599
626
627
583
498
377
236
98
-21
-106
-161
-192
-207
-216
-231
-262
-315
-383
-455
-533
-610
-682
-749
-805
-855
-900
-941
-978
-1009
-1038
-1056
-1061
-1052
-1025
-979
-910
-824
-723
-611
-488
-360
-231
-110
1
96
171
236
285
318
344
364
376
385
389
391
384
366
342
316
293
280
279
292
322
363
414
467
513
551
581
605
622
634
639
631
616
590
558
526
495
476
469
473
482
490
485
458
404
326
228
127
29
-55
-119
-164
-192
-212
-237
-272
-319
-377
-439
-499
-550
-590
-619
-636
-647
-661
-684
-717
-759
-799
-836
-855
-857
-844
-812
-766
-708
-642
-574
-492
-400
-297
-185
-66
50
151
229
278
306
309
299
288
278
283
298
319
344
364
379
385
379
369
355
347
347
357
377
404
431
454
473
475
470
452
426
401
378
366
364
372
387
404
414
414
394
352
294
221
143
66
-4
-63
-114
-155
-187
-214
-242
-270
-302
-338
-377
-416
-456
-492
-524
-546
-564
-576
-578
-576
-571
-566
-559
-550
-541
-532
-517
-496
-468
-430
-377
-309
-222
-128
-28
73
165
238
284
307
306
288
259
233
222
230
258
295
328
358
377
374
354
314
274
238
211
206
216
233
254
264
266
251
213
167
116
73
47
34
40
64
91
115
127
125
108
79
39
-7
-46
-76
-99
-112
-123
-129
-131
-136
-141
-147
-151
-158
-168
-178
-190
-204
-216
-232
-250
-264
-276
-278
-280
-283
-282
-282
-282
-282
-285
-280
-263
-234
-187
-126
-53
29
115
195
267
327
366
388
390
380
363
339
315
291
268
245
222
197
173
145
115
89
69
57
52
57
68
78
88
94
92
87
73
55
36
15
-5
-23
-37
-48
-58
-66
-77
-82
-87
-95
-104
-116
-132
-147
-162
-178
-195
-209
-219
-226
-229
-230
-230
-229
-225
-216
-204
-191
-180
-167
-152
-138
-126
-116
-109
-101
-93
-86
-80
-70
-58
-44
-25
0
32
69
111
157
203
248
290
327
359
380
395
404
405
396
379
359
336
309
283
256
230
202
176
148
123
101
76
54
36
18
3
-11
-30
-47
-66
-86
-108
-132
-157
-182
-204
-223
-242
-262
-282
-297
-306
-315
-319
-318
-312
-302
-282
-260
-238
-217
-201
-188
-179
-175
-172
-169
-166
-162
-151
-136
-112
-84
-54
-23
4
27
43
50
56
59
63
69
80
98
125
154
183
211
236
253
266
271
272
273
273
277
284
295
311
323
330
331
324
311
293
269
240
211
187
169
152
136
119
101
80
54
21
-17
-55
-91
-126
-155
-180
-199
-217
-234
-244
-255
-269
-288
-309
-325
-339
-348
-352
-350
-342
-331
-318
-304
-294
-290
-283
-277
-273
-266
-258
-244
-227
-209
-187
-161
-134
-105
-78
-51
-23
4
32
57
85
110
133
160
182
204
223
244
263
280
296
309
323
339
349
358
365
371
379
380
378
375
372
363
350
337
321
300
279
256
232
206
177
148
120
92
62
32
1
-30
-58
-88
-119
-148
-176
-203
-230
-259
-283
-306
-328
-344
-360
-372
-382
-394
-401
-404
-405
-405
-404
-396
-383
-371
-357
-341
-320
-301
-283
-263
-241
-214
-188
-159
-126
-93
-59
-27
8
40
70
99
124
145
166
187
210
231
254
276
295
313
328
340
347
349
351
351
349
347
348
350
351
352
347
340
328
316
299
275
254
231
208
188
165
141
118
90
59
25
-10
-45
-77
-108
-137
-163
-188
-212
-233
-252
-267
-282
-297
-311
-321
-325
-327
-328
-329
-324
-317
-308
-300
-289
-273
-256
-236
-220
-205
-185
-172
-156
-141
-127
-111
-98
-83
-66
-51
-32
-19
-7
7
21
34
45
59
72
85
97
112
127
142
156
169
183
195
206
215
228
241
250
260
269
276
282
284
286
283
277
272
262
251
238
220
202
180
158
135
106
80
52
24
-5
-34
-61
-87
-114
-138
-163
-184
-204
-221
-236
-246
-250
-251
-253
-253
-252
-244
-233
-225
-213
-203
-189
-173
-158
-146
-133
-121
-109
-99
-92
-84
-74
-64
-52
-42
-30
-19
-9
2
9
18
26
36
44
51
59
67
76
82
89
96
103
110
115
120
125
130
136
138
141
145
149
149
149
145
141
142
141
142
138
129
123
113
100
84
70
55
39
23
7
-8
-21
-34
-46
-61
-73
-86
-99
-111
-120
-131
-139
-143
-147
-149
-148
-148
-145
-142
-135
-126
-117
-103
-92
-83
-71
-60
-48
-40
-31
-21
-15
-10
-6
0
7
16
24
29
37
41
47
53
50
49
46
46
46
46
45
45
45
48
51
48
47
47
46
46
46
46
48
50
52
53
51
51
53
52
51
53
51
45
40
31
19
9
1
-7
-13
-21
-29
-34
-40
-46
-53
-57
-63
-66
-68
-71
-69
-67
-68
-64
-60
-54
-54
-51
-46
-42
-36
-31
-23
-15
-7
-2
-2
1
6
9
12
14
18
20
25
27
31
34
39
39
39
40
37
34
33
31
32
31
29
27
28
30
25
20
20
18
16
12
9
8
8
5
3
1
-5
-11
-12
-14
-14
-15
-14
-14
-15
-17
-19
-19
-18
-19
-20
-20
-18
-19
-17
-15
-16
-15
-17
-19
-18
-17
-16
-16
-15
-14
-15
-14
-13
-12
-15
-19
-15
-11
-8
-7
-6
-2
1
3
2
2
6
10
16
19
23
26
26
29
30
35
37
39
41
42
42
42
39
37
37
35
30
26
23
19
16
13
11
10
8
4
-1
-6
-11
-16
-20
-23
-24
-24
-26
-26
-26
-25
-26
-27
-30
-33
-32
-32
-34
-33
-34
-33
-33
-35
-33
-31
-31
-29
-26
-24
-22
-21
-20
-20
-19
