5
7
6
0
-4
-5
-7
-6
-2
1
-4
-6
-4
-5
-9
-4
3
4
4
5
5
3
4
7
6
6
4
3
3
3
3
1
0
0
0
0
-3
-3
-3
-1
-3
-4
-2
3
3
-1
1
-1
2
0
-6
-2
-3
-1
-1
-4
0
-4
-1
-2
-3
-1
0
4
1
0
0
4
5
4
4
6
8
6
3
4
2
3
1
3
1
-3
-3
-2
-4
-8
-8
-3
-1
-2
-5
-5
-2
0
0
1
2
3
4
4
5
5
3
4
4
4
3
2
0
-1
-1
-1
-2
-3
-5
-6
-5
-4
-3
-3
-3
-3
-4
-5
-4
-4
-3
-2
-2
-2
-1
-1
0
1
2
2
2
3
4
4
3
3
5
6
4
2
4
4
4
0
-2
5
2
-4
-1
1
0
0
-5
-1
2
-5
-4
0
-1
0
2
1
1
2
1
0
-1
0
0
3
4
0
2
4
1
0
2
0
-1
2
4
2
-1
-1
3
0
-4
-2
-2
-2
-1
-2
0
0
0
0
-5
-2
-5
-4
1
-2
3
0
-2
1
-5
-1
-1
-2
4
3
5
4
0
1
0
3
2
1
1
2
1
1
1
-2
-3
-5
-3
-3
-5
-3
-2
0
0
0
2
6
4
0
2
3
3
1
3
4
1
0
0
2
1
-1
-2
-3
-3
-2
-2
-1
-1
-1
-1
0
-3
-4
-2
0
1
0
-1
2
3
1
1
2
3
3
3
4
4
3
5
5
6
5
4
2
0
0
-2
-1
-2
-3
-2
1
2
2
2
4
5
4
1
0
1
0
1
2
2
1
0
0
1
0
-1
-1
-1
0
4
4
1
2
0
-2
0
2
-2
-6
0
0
-4
1
0
-7
-5
-5
-8
-4
-4
-2
3
0
-1
-1
0
-1
-4
1
6
3
1
4
6
3
2
4
2
-3
1
1
-1
1
-1
0
3
-2
-3
1
-1
-3
1
-1
-3
0
0
-3
-2
0
1
3
3
3
3
6
5
5
4
5
3
2
1
0
0
1
1
1
0
-4
-5
-6
-7
-8
-8
-6
-6
-5
-5
-5
-7
-7
-3
1
1
-1
2
4
4
3
3
5
6
4
2
2
4
4
3
2
1
2
0
-1
-1
-4
-4
-4
-3
-2
-2
-2
-2
-1
-2
-2
-2
0
1
1
1
1
2
5
6
5
4
3
4
4
4
1
1
2
0
0
1
1
4
2
-1
-1
-2
-3
-4
-4
-4
-3
-3
-4
-5
-5
-4
-5
-5
-3
-3
-2
0
1
2
3
3
5
5
6
6
5
4
5
5
5
4
1
-3
-5
-6
-6
-6
-7
-6
-5
-5
-5
-5
-4
-4
-3
-1
-1
0
2
3
3
3
3
5
6
5
4
5
6
5
3
2
1
3
3
0
0
-1
-1
-1
-2
-1
0
-3
-5
-4
0
-3
-5
-2
1
-2
-6
-4
-2
-1
-2
-4
-4
-2
1
1
2
2
3
3
4
4
4
5
3
3
0
0
0
1
0
-1
-2
-3
-2
-2
-1
-5
-6
-6
-5
-7
-8
-6
-4
-3
-4
-5
1
6
6
5
5
7
9
9
11
10
7
4
3
2
3
2
1
-1
-3
-5
-5
-6
-7
-7
-7
-6
-6
-3
-1
0
0
-1
-1
1
4
5
4
4
4
6
7
6
5
6
8
6
1
0
3
5
1
-1
-2
-4
-4
-3
-2
-2
-1
-2
-2
-3
-3
-2
-4
-2
-3
-2
-1
-3
-2
-1
0
0
0
3
3
3
2
4
2
2
0
1
4
3
-1
-1
3
4
1
-2
-2
-1
0
-2
-3
-3
-4
-5
-4
-2
-3
-1
0
2
3
4
5
4
4
6
7
5
3
1
4
1
-3
-3
0
1
-2
-5
-5
-5
-4
-6
-6
-5
-5
-6
-5
-3
-3
-2
-1
-2
-1
-1
-1
1
2
3
3
3
5
5
3
5
3
2
1
0
-1
-1
-1
-1
0
0
0
0
-2
-2
-3
-3
-3
-4
-1
-3
0
2
0
2
2
3
2
-3
-2
1
4
4
0
1
4
6
4
4
4
4
5
3
0
0
-2
-3
-3
-3
-3
-2
-1
0
-2
-2
-4
-2
-2
-1
-1
-1
2
3
3
6
3
2
6
5
4
10
4
1
4
2
1
5
0
-1
-1
-3
-2
-1
-3
-4
-5
-6
-7
-5
-3
-3
-3
-1
0
0
-1
-1
1
6
5
5
5
6
10
7
5
5
7
7
3
0
-1
1
0
-3
-5
-6
-7
-6
-5
-6
-7
-9
-9
-7
-6
-8
-9
-8
-11
-8
-3
-3
1
-1
-2
-1
1
4
5
3
1
2
6
5
3
2
4
3
1
-1
-2
0
-1
-5
-3
-4
-6
-3
-3
-5
0
-2
-4
-1
-4
-4
-1
-1
1
2
3
4
4
5
4
5
5
8
7
10
9
8
7
4
2
2
0
-2
-4
-6
-9
-8
-6
-7
-8
-7
-7
-7
-7
-7
-4
0
2
1
1
3
6
9
4
6
5
11
12
7
10
4
9
9
5
7
1
1
0
-1
1
-2
0
-3
-4
-3
-4
-5
-5
-4
-3
-4
-4
-3
-3
-2
-1
2
2
2
0
1
0
1
1
1
0
2
2
4
-1
-3
-1
1
0
0
-1
-4
-3
1
0
-7
-6
-1
-4
-9
-8
-3
-6
-10
-8
-5
-8
-7
-4
-1
0
1
5
5
3
4
6
6
6
6
7
6
6
4
4
2
3
6
5
1
-3
-6
-4
-3
-5
-6
-4
-5
-8
-10
-9
-5
-5
-1
-2
-2
-2
-2
0
3
4
4
4
4
4
6
3
2
2
5
1
1
-1
-6
0
-1
-2
-6
-3
4
-4
-2
0
0
1
0
2
1
2
6
3
6
11
6
9
12
7
11
7
4
9
5
4
7
3
0
-4
-6
-3
-9
-8
-3
-12
-10
-6
-11
-11
-12
-14
-14
-8
-6
-4
-2
-2
-4
1
5
5
7
9
6
5
7
8
5
4
2
-2
0
1
2
2
2
1
3
3
2
0
-1
-5
-7
-7
-6
-6
-5
-4
-3
-3
-2
-2
-5
-6
-1
3
7
7
8
4
0
0
4
6
7
7
8
7
2
1
4
5
4
2
1
-3
-7
-8
-5
-4
-7
-8
-5
-2
-3
-3
-1
-1
-6
-4
0
0
-2
1
2
1
4
11
13
11
13
16
9
3
2
-2
-3
2
5
1
-2
1
3
8
13
13
10
8
6
3
-2
-6
-6
-10
-15
-19
-23
-22
-12
2
9
6
6
7
1
4
6
-8
-9
-10
-26
-15
-7
-20
-6
9
-6
-8
4
-3
-14
-5
10
-2
-3
19
14
3
20
23
5
13
27
22
19
25
17
6
11
16
9
2
-4
-13
-21
-24
-17
-8
-9
-12
-1
18
13
-13
-41
-52
-59
-84
-128
-173
-212
-244
-276
-299
-280
-193
-37
140
259
303
337
386
450
496
487
429
323
241
203
137
24
-46
-91
-131
-130
-163
-197
-227
-218
-226
-259
-269
-312
-292
-298
-241
-234
-268
-156
-155
-125
-41
50
67
53
163
132
81
134
171
153
152
205
166
114
155
213
193
188
221
187
128
148
192
151
96
81
64
6
-23
-19
-59
-83
-92
-93
-99
-110
-84
-60
-27
-34
-118
-223
-314
-378
-421
-463
-536
-637
-695
-699
-667
-527
-234
143
501
749
885
960
977
949
853
703
565
420
285
201
87
-27
-93
-203
-302
-285
-254
-284
-308
-302
-305
-357
-406
-396
-379
-354
-281
-223
-174
-108
-84
-30
64
86
88
126
145
145
142
149
182
192
191
184
151
117
90
68
65
75
71
49
22
15
31
53
81
70
49
7
-30
-47
-69
-60
-75
-75
-95
-130
-143
-168
-151
-155
-146
-127
-115
-75
-56
-27
-18
-23
-15
2
28
27
8
-1
24
67
110
141
147
143
137
138
136
104
55
24
7
-8
-19
-37
-53
-69
-97
-96
-54
-26
-11
-6
-29
-43
-37
-27
5
25
17
27
30
12
-1
-18
-21
-8
-11
-10
9
29
43
40
30
35
23
-5
-8
-10
-45
-43
-16
-4
-6
-16
-18
25
59
32
53
27
-26
-11
-33
-2
4
-19
-15
-3
5
-25
-5
22
13
-7
29
27
-3
24
1
21
30
43
46
14
23
2
-14
-35
-34
-51
-37
8
51
74
49
81
61
91
57
12
16
-35
-27
-78
-34
-27
-78
-64
-41
-42
-113
-102
-227
-340
-478
-566
-614
-788
-506
-274
-118
322
471
478
620
853
944
844
792
587
303
238
218
65
-87
-69
-153
-319
-211
-105
-265
-354
-229
-241
-404
-385
-267
-287
-327
-203
-90
-103
-81
7
28
19
99
201
219
215
271
367
427
408
339
279
207
102
-4
-128
-299
-458
-585
-735
-830
-695
-319
98
359
403
318
284
392
541
574
476
337
221
159
112
7
-119
-178
-206
-261
-274
-238
-273
-366
-387
-342
-327
-337
-298
-204
-129
-103
-68
7
45
45
99
188
219
234
314
383
368
352
395
412
347
271
222
157
47
-50
-94
-124
-177
-227
-260
-300
-312
-300
-245
-187
-159
-117
-72
2
20
21
68
75
61
30
25
-5
14
141
144
50
-1
13
45
66
121
64
-56
-67
-12
31
-17
-78
-98
-71
0
48
89
103
129
167
172
186
129
48
17
-10
-4
-43
-136
-143
-110
-106
-102
-80
-90
-108
-68
-37
-2
23
37
67
62
72
45
21
21
-4
-8
-23
-2
-4
-8
25
25
-6
-38
-23
-13
-21
-25
-18
-41
-64
-50
-66
-91
-113
-95
-62
-50
-10
5
12
39
77
107
105
104
86
48
35
44
35
22
34
35
8
-20
-16
-13
-18
11
25
23
15
6
20
1
-14
-25
-37
-45
-58
-43
-38
-19
11
25
58
96
110
104
80
47
26
17
10
-20
-66
-83
-92
-77
-36
-7
7
25
32
21
25
15
-18
-15
12
-4
-6
4
-19
5
25
29
34
33
65
36
-4
12
-29
-65
-65
-61
-71
-82
-51
-47
-52
-54
-36
15
62
95
95
81
73
70
31
-11
-28
-49
-65
-70
-49
-49
-33
-5
10
21
-24
-44
-63
-79
-59
-11
30
27
48
57
71
77
56
65
50
25
1
-33
-50
-82
-81
-41
-27
1
31
39
69
62
64
75
38
5
-24
-40
-62
-82
-65
-53
-39
-5
17
29
32
27
22
6
3
1
-11
9
26
16
18
12
-10
-18
-14
-11
-23
-26
-23
-24
-9
14
24
25
26
15
10
4
-9
-2
12
8
-3
-7
-5
-6
-5
10
29
29
18
28
40
13
-15
-1
-1
-31
-37
-26
-17
1
19
29
34
29
23
17
1
-12
-24
-44
-48
-54
-63
-44
-10
7
15
21
24
23
20
19
16
17
29
29
9
-8
-12
-22
-30
-20
-4
-9
-15
-5
-6
-23
-25
-13
-4
2
7
16
33
25
14
13
-4
-20
-9
2
-5
-7
1
5
14
30
48
54
47
34
20
5
-7
-25
-35
-33
-48
-52
-33
-7
-3
0
20
23
26
20
19
23
-6
-2
9
-5
-21
-28
-24
-20
-2
26
32
17
16
20
8
-7
-7
-7
-23
-27
-12
-19
-33
-30
-11
-3
-5
22
38
31
16
8
4
-21
-31
-18
-12
-17
-18
1
13
12
20
28
21
8
11
12
-10
-40
-47
-44
-39
-19
1
3
7
17
29
36
22
12
26
26
15
21
13
-3
-9
-14
-3
4
6
22
16
11
18
18
10
-16
-18
-15
-36
-39
-28
-26
-20
-4
19
30
29
20
22
28
12
1
-1
-12
-28
-27
-11
2
-1
0
10
11
17
34
29
12
11
9
-4
-14
-15
-22
-32
-29
-21
-14
-6
1
4
2
0
-6
-5
-2
1
5
17
21
10
-1
0
2
-1
0
5
4
7
16
17
10
7
4
-9
-17
-16
-19
-29
-24
-14
-14
-14
-3
3
2
14
27
23
14
16
17
9
1
4
2
-8
-8
-4
-8
-14
-7
1
-5
-5
3
5
0
4
12
6
-2
-4
-9
-13
-7
-3
-5
-2
4
2
2
11
20
18
10
7
7
1
1
1
-4
-12
-14
-9
-5
-4
0
1
-6
-16
-18
-15
-12
-8
2
16
30
45
57
53
34
16
1
-17
-35
-46
-53
-56
-45
-24
-8
2
17
34
42
46
45
37
23
12
-1
-20
-38
-44
-39
-27
-9
5
18
31
36
26
12
2
-8
-26
-38
-35
-32
-31
-25
-11
-1
8
21
35
44
47
47
41
34
30
23
6
-10
-18
-15
-16
-23
-26
-23
-25
-28
-28
-26
-30
-37
-33
-23
-18
-15
0
20
30
31
39
48
46
42
46
41
24
7
-4
-19
-31
-32
-26
-20
-19
-17
-13
-9
-13
-22
-26
-24
-22
-21
-18
-15
-10
2
15
24
31
38
41
41
43
39
20
0
-12
-11
-12
-9
5
16
14
10
9
0
-23
-41
-48
-57
-63
-51
-35
-26
-6
26
47
55
67
75
60
39
32
25
8
-9
-11
-14
-27
-36
-26
-18
-24
-26
-20
-24
-37
-32
-17
-17
-16
-1
16
21
26
33
31
20
13
11
4
-3
-7
-8
-7
-7
-3
3
7
7
5
4
7
6
-2
-6
-9
-16
-21
-13
-8
-13
-10
4
10
6
12
17
10
8
19
21
10
6
8
1
-15
-16
-7
-9
-14
-5
3
-1
-2
2
1
-4
3
12
13
8
4
2
1
-1
-2
0
4
5
6
12
12
4
0
-2
-8
-16
-18
-18
-26
-33
-30
-26
-30
-31
-19
-4
4
17
39
51
47
47
51
43
27
21
16
-1
-11
-6
-5
-19
-27
-21
-20
-29
-26
-16
-21
-30
-26
-23
-31
-29
-14
-4
4
18
34
40
48
57
55
40
28
19
15
9
3
-4
-11
-22
-24
-17
-12
-11
-8
-3
-5
-14
-19
-16
-17
-23
-25
-16
-3
1
5
15
19
11
15
28
32
25
22
26
20
11
9
7
-4
-15
-14
-16
-19
-25
-25
-26
-27
-20
-10
-1
3
4
5
4
2
0
-2
-4
-5
-2
6
10
13
19
22
20
16
15
10
-1
-8
-11
-18
-25
-25
-18
-11
-7
-6
-6
-5
-9
-14
-15
-10
-8
-9
-5
3
9
14
18
26
30
29
24
20
17
11
-2
-12
-18
-19
-16
-15
-8
-4
-4
-11
-10
-4
-6
-11
-7
-7
-13
-13
-8
-6
-5
0
5
6
10
16
21
19
13
13
18
18
17
20
24
16
5
2
-1
-11
-19
-18
-20
-27
-29
-23
-19
-18
-14
-3
5
11
15
18
19
17
15
11
8
10
14
14
16
20
22
18
15
14
10
4
2
2
-2
-6
-7
-5
-3
-5
-5
1
8
7
3
4
3
-5
-8
-4
-2
-1
8
23
30
28
30
36
34
24
17
8
-4
-10
-9
-8
-9
-9
-3
-1
0
-2
-2
-9
-15
-21
-24
-26
-27
-25
-22
-20
-14
-1
12
11
9
12
13
1
-10
-10
-15
-26
-28
-23
-21
-19
-8
2
1
-3
-6
-7
-14
-21
-31
-36
-38
-39
-37
-31
-24
-20
-14
-3
9
13
11
10
7
-1
-6
-9
-16
-22
-21
-16
-14
-9
-3
3
7
13
20
17
11
10
10
5
0
2
3
0
-1
1
0
-1
2
7
10
11
11
12
13
18
17
12
11
15
13
10
8
5
0
-1
-1
0
5
10
15
18
26
33
40
47
51
54
53
51
51
49
40
30
18
13
11
11
13
11
7
3
-2
-4
-7
-11
-15
-18
-19
-18
-14
-6
-7
-12
-16
-18
-25
-30
-28
-34
-51
-67
-72
-81
-91
-91
-85
-92
-98
-83
-77
-89
-97
-119
-148
-167
-183
-201
-220
-237
-234
-225
-230
-230
-212
-212
-227
-232
-243
-265
-286
-310
-332
-344
-363
-366
-339
-316
-292
-253
-216
-169
-110
-62
-14
47
99
134
167
224
302
356
408
491
558
592
635
683
687
660
644
637
616
596
597
595
580
579
586
592
598
619
646
649
640
650
648
629
621
628
642
657
682
724
769
793
798
792
774
723
646
555
441
308
192
89
-24
-126
-192
-225
-252
-281
-280
-289
-359
-426
-454
-531
-657
-736
-791
-893
-983
-1001
-1014
-1081
-1152
-1202
-1312
-1509
-1730
-1998
-2361
-2762
-3117
-3410
-3615
-3687
-3621
-3433
-3094
-2610
-2042
-1410
-763
-175
345
805
1159
1402
1582
1698
1745
1773
1846
1949
2024
2113
2241
2296
2240
2169
2044
1769
1424
1084
682
224
-169
-466
-724
-915
-951
-876
-776
-590
-302
-29
195
423
614
711
766
828
863
861
863
868
856
851
893
971
1050
1118
1164
1171
1138
1093
1032
927
772
611
472
367
296
271
281
298
328
409
531
668
775
826
813
755
702
640
531
419
326
216
108
40
6
-44
-128
-205
-251
-294
-345
-392
-443
-513
-587
-644
-708
-826
-985
-1165
-1413
-1778
-2227
-2744
-3353
-3989
-4542
-4976
-5288
-5432
-5401
-5190
-4758
-4102
-3306
-2436
-1539
-698
52
730
1314
1764
2083
2298
2419
2521
2683
2868
3002
3107
3208
3236
3163
3029
2805
2391
1800
1153
479
-226
-877
-1393
-1806
-2136
-2281
-2170
-1887
-1531
-1110
-647
-221
150
524
861
1078
1197
1305
1413
1517
1669
1887
2094
2266
2438
2593
2669
2668
2587
2361
1971
1538
1121
684
227
-171
-456
-645
-747
-720
-559
-342
-132
82
297
455
566
676
734
697
651
659
665
653
674
715
699
650
639
632
533
359
183
-20
-284
-510
-625
-719
-829
-865
-826
-799
-753
-684
-714
-867
-1039
-1245
-1599
-2120
-2742
-3411
-4077
-4667
-5072
-5233
-5224
-5127
-4867
-4327
-3564
-2710
-1844
-1052
-401
154
694
1183
1546
1808
1995
2084
2162
2396
2753
3013
3090
3088
3056
2929
2680
2321
1815
1132
350
-385
-994
-1466
-1822
-2087
-2253
-2259
-2055
-1679
-1251
-859
-505
-188
83
342
622
866
1002
1083
1204
1411
1694
2011
2300
2506
2635
2707
2704
2609
2400
2050
1560
993
451
7
-334
-616
-838
-943
-901
-763
-546
-241
55
224
318
446
578
648
692
730
725
733
844
1000
1103
1162
1200
1153
1042
992
961
787
505
278
97
-120
-281
-286
-269
-327
-316
-153
2
43
35
-29
-254
-584
-885
-1225
-1777
-2521
-3299
-4055
-4745
-5238
-5465
-5551
-5587
-5479
-5109
-4478
-3664
-2764
-1914
-1196
-549
120
786
1368
1834
2156
2335
2482
2718
3042
3348
3485
3396
3234
3143
2996
2630
2112
1501
715
-130
-789
-1277
-1780
-2253
-2568
-2752
-2791
-2561
-2161
-1810
-1471
-1023
-561
-131
378
883
1191
1390
1666
1958
2175
2396
2618
2691
2630
2614
2649
2581
2382
2116
1748
1258
785
443
152
-184
-512
-740
-851
-840
-692
-471
-300
-185
-41
140
316
501
676
745
709
717
836
975
1079
1170
1218
1188
1175
1225
1229
1120
963
790
588
423
345
295
194
57
-30
-22
15
9
-1
-5
-100
-285
-487
-728
-1044
-1401
-1839
-2416
-3048
-3657
-4263
-4821
-5204
-5383
-5438
-5411
-5259
-4884
-4236
-3406
-2558
-1768
-1004
-231
528
1214
1791
2254
2587
2761
2843
2964
3166
3299
3222
3001
2798
2625
2367
1953
1430
865
242
-453
-1087
-1560
-1955
-2346
-2645
-2768
-2686
-2385
-1967
-1576
-1150
-611
-80
381
860
1318
1626
1827
2010
2159
2279
2407
2475
2420
2331
2285
2189
1979
1734
1502
1209
823
434
121
-128
-336
-498
-615
-669
-652
-576
-453
-298
-141
-26
57
140
244
392
541
582
569
665
845
957
1019
1089
1088
1001
968
982
906
772
674
531
311
217
294
274
80
-14
78
123
50
24
46
-54
-292
-529
-746
-1044
-1443
-1902
-2428
-3011
-3573
-4097
-4616
-5032
-5184
-5121
-5028
-4912
-4596
-3987
-3197
-2391
-1635
-885
-119
591
1192
1752
2294
2662
2774
2803
2925
3092
3160
3053
2791
2521
2328
2079
1666
1206
745
152
-528
-1055
-1407
-1726
-2014
-2200
-2296
-2254
-1969
-1553
-1200
-855
-400
44
391
775
1217
1531
1682
1835
2052
2271
2466
2629
2706
2687
2630
2540
2340
2029
1696
1343
894
399
-11
-347
-680
-937
-1021
-969
-861
-725
-544
-288
23
293
455
558
672
789
849
818
768
793
849
854
870
990
1112
1099
1025
1030
1042
975
868
702
448
235
140
40
-143
-249
-225
-263
-370
-333
-225
-261
-436
-660
-907
-1194
-1525
-1923
-2423
-2991
-3568
-4135
-4612
-4879
-4917
-4810
-4645
-4411
-4001
-3334
-2503
-1702
-1004
-368
216
745
1205
1600
1931
2098
2077
2040
2123
2302
2440
2402
2240
2098
1966
1770
1494
1132
668
98
-512
-1019
-1394
-1710
-2006
-2262
-2365
-2226
-1956
-1622
-1192
-774
-441
-52
422
832
1146
1435
1643
1745
1902
2165
2365
2447
2506
2563
2570
2548
2487
2295
1973
1624
1259
849
483
205
-77
-361
-522
-555
-548
-469
-288
-126
-52
40
164
209
199
239
261
177
123
207
316
374
470
635
736
763
842
973
982
858
754
688
569
438
384
313
143
1
-2
19
-47
-122
-159
-266
-475
-683
-876
-1149
-1528
-1944
-2364
-2801
-3262
-3741
-4206
-4561
-4740
-4726
-4584
-4428
-4198
-3750
-3102
-2351
-1622
-987
-382
214
731
1208
1687
2090
2295
2326
2362
2507
2674
2697
2519
2303
2184
2018
1695
1336
1010
560
-51
-598
-972
-1268
-1564
-1856
-2025
-2002
-1860
-1622
-1278
-896
-508
-130
263
723
1187
1530
1746
1918
2133
2396
2640
2825
2919
2921
2883
2831
2717
2491
2104
1594
1078
586
120
-272
-628
-1004
-1258
-1269
-1119
-919
-700
-470
-255
-68
119
304
398
399
400
369
325
440
649
751
809
981
1218
1375
1440
1518
1544
1402
1202
991
707
444
264
39
-241
-402
-361
-283
-327
-364
-263
-204
-314
-468
-647
-955
-1352
-1795
-2323
-2894
-3454
-4033
-4602
-4987
-5059
-4937
-4827
-4672
-4297
-3705
-2989
-2255
-1592
-969
-366
166
661
1177
1642
1935
2076
2166
2306
2555
2803
2830
2658
2533
2469
2245
1847
1441
997
365
-333
-877
-1286
-1674
-2007
-2232
-2352
-2273
-1940
-1536
-1210
-822
-307
143
461
840
1284
1560
1669
1854
2161
2415
2565
2699
2819
2862
2855
2829
2702
2390
1924
1376
764
141
-395
-832
-1225
-1550
-1724
-1708
-1531
-1268
-961
-629
-331
-82
195
476
615
628
667
680
591
601
799
947
980
1074
1259
1391
1429
1452
1455
1315
1067
872
684
428
221
82
-125
-303
-258
-106
-88
-149
-86
31
-34
-212
-313
-492
-934
-1473
-1921
-2357
-2915
-3567
-4158
-4634
-4976
-5082
-4974
-4836
-4710
-4405
-3815
-3073
-2331
-1610
-932
-353
176
741
1312
1775
2069
2218
2323
2516
2810
3000
2941
2785
2699
2601
2362
2015
1653
1209
582
-91
-619
-1008
-1354
-1753
-2106
-2181
-2011
-1786
-1511
-1118
-681
-310
17
430
932
1314
1498
1663
1891
2077
2224
2398
2539
2569
2508
2450
2427
2292
1979
1606
1194
678
153
-246
-558
-926
-1322
-1547
-1525
-1389
-1235
-1015
-694
-348
-50
251
589
858
991
1061
1136
1211
1250
1251
1216
1131
1078
1104
1110
1099
1132
1119
1001
876
815
760
621
436
280
117
-48
-94
-72
-167
-320
-308
-229
-316
-456
-512
-702
-1144
-1554
-1820
-2228
-2883
-3532
-4059
-4574
-5008
-5146
-5039
-4914
-4794
-4491
-3880
-3039
-2182
-1461
-848
-256
336
910
1443
1840
2040
2122
2213
2368
2569
2748
2797
2650
2438
2358
2325
2042
1524
1014
474
-206
-794
-1151
-1534
-1984
-2244
-2296
-2244
-1946
-1421
-1021
-782
-384
152
568
929
1324
1525
1534
1688
1969
2096
2188
2410
2492
2343
2347
2539
2474
2076
1699
1376
856
212
-249
-537
-888
-1289
-1515
-1489
-1302
-1027
-692
-348
-17
337
688
917
1010
1082
1109
950
698
614
664
611
477
460
595
776
966
1142
1221
1192
1145
1101
971
752
531
274
-72
-332
-342
-300
-418
-532
-468
-351
-332
-381
-512
-805
-1202
-1609
-2083
-2698
-3376
-4033
-4669
-5191
-5399
-5284
-5089
-4934
-4626
-3967
-3071
-2204
-1477
-834
-215
371
908
1371
1728
1966
2092
2149
2268
2540
2846
2948
2824
2707
2736
2738
2490
2049
1585
1039
335
-324
-779
-1191
-1670
-2066
-2260
-2247
-2002
-1596
-1236
-953
-582
-97
349
704
1028
1300
1441
1489
1583
1781
2006
2150
2184
2168
2232
2381
2408
2207
1927
1661
1272
719
200
-183
-562
-1017
-1383
-1460
-1306
-1136
-967
-640
-186
237
590
875
1053
1163
1235
1148
917
787
788
666
438
412
610
775
886
1086
1276
1318
1326
1352
1228
959
743
527
148
-225
-347
-376
-532
-666
-574
-405
-369
-408
-453
-608
-916
-1297
-1767
-2383
-3078
-3760
-4428
-5022
-5378
-5434
-5297
-5114
-4851
-4299
-3396
-2440
-1702
-1058
-328
372
892
1334
1768
2071
2160
2152
2227
2447
2715
2850
2776
2646
2629
2620
2412
1998
1505
948
249
-490
-1071
-1523
-1990
-2458
-2769
-2783
-2543
-2181
-1766
-1364
-971
-471
119
615
969
1260
1480
1604
1726
1908
2110
2286
2343
2274
2277
2413
2461
2256
1883
1509
1121
625
169
-103
-358
-737
-1037
-1048
-880
-706
-505
-256
-17
214
442
591
644
685
698
595
482
523
639
663
643
736
921
1079
1226
1368
1403
1368
1321
1164
925
743
547
235
-62
-202
-235
-278
-350
-384
-369
-344
-352
-488
-768
-1077
-1411
-1902
-2532
-3114
-3629
-4223
-4820
-5138
-5121
-4987
-4868
-4643
-4160
-3441
-2622
-1815
-1118
-515
115
729
1191
1554
1893
2151
2241
2204
2323
2703
2936
2775
2566
2565
2556
2281
1855
1458
957
256
-419
-933
-1379
-1788
-2182
-2540
-2618
-2331
-1987
-1717
-1322
-807
-382
20
563
1062
1315
1499
1745
1908
1998
2201
2420
2447
2392
2442
2526
2517
2403
2181
1855
1463
1015
530
99
-262
-634
-1010
-1240
-1248
-1154
-1011
-755
-452
-187
74
369
665
863
896
875
861
819
809
851
805
708
772
943
1006
1052
1223
1323
1252
1200
1205
1092
841
601
381
89
-135
-160
-212
-423
-555
-497
-425
-456
-585
-784
-1018
-1331
-1767
-2248
-2728
-3274
-3941
-4615
-5064
-5214
-5179
-5048
-4869
-4592
-3996
-3072
-2135
-1367
-673
44
720
1249
1666
2073
2384
2452
2346
2312
2517
2762
2729
2490
2359
2368
2260
1906
1468
1048
509
-170
-791
-1276
-1677
-2068
-2481
-2768
-2715
-2366
-1963
-1626
-1222
-665
-96
382
835
1288
1639
1828
1933
2079
2286
2458
2514
2478
2449
2475
2502
2438
2224
1882
1483
1026
512
59
-276
-590
-954
-1229
-1225
-1028
-835
-611
-317
-5
324
608
762
859
946
923
742
595
631
677
580
522
655
816
880
977
1153
1256
1239
1180
1052
842
659
470
141
-207
-346
-363
-458
-588
-585
-478
-407
-449
-599
-795
-1035
-1406
-1954
-2604
-3214
-3770
-4408
-5029
-5305
-5215
-5056
-4951
-4697
-4048
-3099
-2187
-1451
-764
-32
629
1079
1397
1740
2052
2183
2134
2095
2293
2631
2730
2542
2417
2485
2491
2210
1735
1255
723
46
-659
-1241
-1699
-2095
-2455
-2706
-2674
-2327
-1924
-1595
-1190
-670
-159
353
853
1195
1429
1713
1949
2054
2177
2398
2541
2509
2493
2635
2744
2634
2390
2138
1822
1349
778
261
-136
-478
-828
-1119
-1208
-1055
-799
-585
-398
-129
196
450
590
674
757
783
663
514
503
596
624
555
612
853
1054
1160
1283
1386
1408
1381
1286
1072
824
639
361
-51
-263
-212
-214
-340
-407
-352
-277
-286
-417
-653
-929
-1267
-1767
-2380
-2953
-3506
-4140
-4814
-5300
-5391
-5194
-5018
-4885
-4511
-3765
-2861
-2045
-1383
-762
-74
599
1072
1368
1674
2004
2154
2100
2138
2468
2816
2808
2542
2432
2516
2413
1949
1369
888
385
-294
-1047
-1646
-2045
-2428
-2861
-3072
-2824
-2357
-2044
-1772
-1273
-632
-49
470
913
1246
1539
1823
2001
2083
2263
2525
2616
2571
2648
2873
3022
2882
2548
2263
1980
1523
932
363
-94
-510
-1016
-1466
-1562
-1392
-1278
-1182
-905
-511
-143
165
399
596
768
856
821
711
712
819
777
644
696
881
1031
1142
1282
1419
1465
1453
1411
1257
1028
823
562
145
-248
-364
-331
-477
-738
-745
-515
-409
-539
-686
-789
-1008
-1415
-1920
-2455
-3025
-3662
-4342
-4966
-5356
-5383
-5185
-5045
-4938
-4502
-3610
-2610
-1811
-1138
-431
273
845
1284
1725
2165
2394
2338
2279
2488
2833
2991
2896
2754
2709
2659
2432
2034
1560
994
284
-491
-1157
-1624
-2005
-2464
-2916
-3032
-2719
-2291
-1972
-1613
-1048
-427
82
544
1020
1413
1639
1762
1911
2157
2432
2603
2664
2734
2853
2961
3022
2967
2721
2349
1957
1499
912
323
-161
-636
-1118
-1416
-1467
-1443
-1379
-1143
-780
-463
-186
146
481
693
753
744
736
747
771
772
723
715
861
1057
1146
1231
1446
1610
1537
1382
1295
1184
973
706
402
90
-113
-170
-203
-314
-429
-426
-351
-339
-432
-587
-840
-1259
-1766
-2228
-2697
-3305
-3981
-4576
-5077
-5417
-5428
-5156
-4903
-4728
-4342
-3589
-2656
-1814
-1152
-577
19
619
1144
1584
1963
2234
2345
2395
2544
2818
3058
3055
2788
2513
2420
2293
1846
1185
544
-94
-761
-1319
-1717
-2070
-2425
-2687
-2749
-2544
-2117
-1664
-1326
-1015
-585
-72
408
806
1128
1383
1636
1916
2171
2407
2688
2927
2949
2849
2878
2962
2751
2215
1709
1371
973
448
19
-241
-486
-726
-806
-681
-467
-292
-205
-134
33
222
256
164
126
159
145
116
197
368
522
666
835
1008
1197
1404
1502
1408
1275
1221
1102
836
585
412
228
66
12
23
53
79
38
-30
-42
-111
-398
-827
-1266
-1742
-2321
-2987
-3641
-4213
-4745
-5283
-5626
-5550
-5235
-5032
-4874
-4402
-3563
-2676
-1958
-1337
-685
-10
590
1057
1465
1920
2334
2515
2550
2764
3209
3505
3374
3048
2897
2845
2515
1860
1198
645
-18
-819
-1462
-1825
-2149
-2533
-2747
-2650
-2379
-2046
-1629
-1206
-858
-451
81
533
804
1077
1428
1701
1892
2159
2501
2796
3002
3149
3250
3344
3369
3168
2751
2294
1804
1168
500
1
-427
-942
-1369
-1484
-1392
-1253
-1026
-733
-503
-273
89
420
518
519
604
661
577
528
670
857
882
836
952
1228
1429
1442
1388
1368
1341
1230
1017
761
531
320
59
-210
-322
-248
-170
-230
-314
-280
-187
-240
-509
-854
-1139
-1479
-2058
-2775
-3367
-3849
-4444
-5101
-5497
-5495
-5281
-5072
-4887
-4547
-3862
-2911
-2048
-1430
-823
-84
570
996
1384
1896
2349
2486
2404
2500
2933
3330
3270
2936
2799
2847
2641
2046
1415
959
374
-516
-1330
-1763
-2024
-2386
-2792
-2967
-2746
-2309
-1916
-1593
-1203
-683
-123
306
624
1022
1481
1754
1837
2051
2506
2893
3013
3031
3073
3121
3115
2901
2408
1887
1495
1023
370
-149
-389
-667
-1096
-1328
-1185
-885
-644
-501
-336
-59
234
406
457
533
646
628
522
561
761
909
883
834
912
1054
1170
1192
1083
988
974
861
571
325
264
211
-3
-218
-219
-72
21
-49
-194
-244
-200
-304
-693
-1156
-1476
-1819
-2414
-3104
-3607
-4017
-4590
-5171
-5353
-5117
-4852
-4737
-4534
-4004
-3200
-2361
-1669
-1107
-501
194
778
1162
1575
2135
2542
2592
2626
3000
3475
3584
3323
3072
2969
2746
2200
1521
943
369
-396
-1209
-1748
-1983
-2176
-2460
-2672
-2595
-2226
-1779
-1438
-1171
-807
-338
66
363
717
1177
1582
1838
2096
2493
2969
3329
3432
3352
3289
3242
2971
2427
1861
1366
755
17
-561
-824
-933
-1044
-1103
-1007
-740
-402
-119
92
318
526
549
412
369
484
539
456
424
566
817
1081
1274
1372
1476
1608
1616
1469
1319
1177
892
509
231
95
6
-83
-198
-317
-309
-142
-35
-140
-288
-357
-531
-936
-1382
-1714
-2091
-2701
-3424
-3993
-4372
-4734
-5084
-5204
-5027
-4773
-4576
-4231
-3546
-2679
-1907
-1312
-769
-126
586
1162
1518
1848
2265
2561
2639
2738
3017
3316
3334
2993
2624
2451
2204
1608
807
113
-444
-1070
-1722
-2168
-2408
-2604
-2754
-2744
-2503
-2074
-1585
-1204
-938
-588
-63
466
858
1189
1580
1967
2270
2542
2850
3189
3397
3310
3109
2996
2815
2391
1786
1208
707
139
-442
-826
-986
-1007
-995
-961
-774
-463
-225
-71
152
422
558
543
540
643
798
875
850
871
995
1143
1276
1338
1271
1162
1088
989
798
580
433
295
64
-134
-167
-128
-133
-201
-316
-367
-302
-253
-312
-427
-574
-796
-1101
-1399
-1653
-1963
-2464
-3137
-3796
-4291
-4637
-4888
-4998
-4940
-4797
-4554
-4047
-3244
-2334
-1499
-826
-281
310
1004
1615
2018
2308
2547
2710
2843
3036
3271
3425
3350
3031
2664
2380
2009
1381
615
-117
-825
-1503
-2003
-2292
-2520
-2703
-2699
-2502
-2220
-1849
-1350
-884
-573
-258
200
706
1152
1530
1851
2150
2511
2881
3156
3344
3432
3297
2972
2674
2425
2022
1439
859
345
-149
-561
-824
-964
-1005
-991
-994
-950
-719
-387
-142
21
203
357
466
616
807
960
1092
1188
1148
1092
1238
1434
1354
1115
1027
1027
915
761
675
564
405
293
207
96
46
33
-112
-343
-407
-302
-270
-391
-547
-696
-888
-1140
-1427
-1758
-2212
-2820
-3493
-4137
-4709
-5073
-5112
-4978
-4878
-4731
-4311
-3578
-2665
-1733
-943
-377
84
610
1214
1770
2205
2517
2713
2846
3049
3378
3685
3715
3372
2832
2360
1964
1387
572
-255
-1006
-1749
-2328
-2528
-2522
-2619
-2751
-2689
-2439
-2086
-1641
-1224
-980
-778
-418
75
619
1220
1759
2146
2518
2931
3258
3509
3710
3629
3209
2778
2486
2132
1635
1095
547
-16
-511
-843
-1002
-1070
-1144
-1230
-1254
-1156
-900
-511
-143
55
159
356
647
883
1044
1204
1286
1195
1075
1124
1265
1289
1162
981
837
796
834
796
638
486
357
184
67
104
139
11
-183
-286
-288
-239
-194
-242
-369
-495
-635
-857
-1157
-1462
-1795
-2311
-2987
-3584
-4046
-4461
-4849
-5097
-5035
-4684
-4313
-4021
-3530
-2641
-1668
-1002
-507
120
780
1252
1616
2095
2649
3006
3057
3060
3312
3636
3596
3160
2628
2182
1730
1097
365
-245
-773
-1382
-1956
-2229
-2203
-2161
-2260
-2325
-2224
-1991
-1648
-1262
-938
-614
-167
370
892
1432
2026
2496
2728
2933
3183
3279
3225
3129
2912
2558
2228
1964
1633
1213
839
480
47
-344
-613
-875
-1140
-1283
-1292
-1247
-1092
-784
-438
-103
293
654
827
924
1116
1289
1271
1142
1085
1072
1018
980
987
987
970
912
812
726
664
596
446
207
35
-3
-25
-104
-206
-274
-274
-260
-313
-404
-441
-529
-841
-1240
-1496
-1673
-1982
-2492
-3035
-3499
-4026
-4621
-4979
-4927
-4654
-4437
-4296
-3993
-3339
-2410
-1514
-847
-296
289
835
1293
1767
2300
2743
2939
2920
2947
3210
3504
3415
2901
2333
1876
1320
618
23
-405
-912
-1578
-2062
-2145
-2055
-2040
-2129
-2200
-2108
-1881
-1617
-1287
-879
-445
-5
478
1039
1639
2172
2565
2772
2795
2790
2896
2972
2780
2408
2119
1911
1631
1325
1087
856
515
97
-261
-453
-506
-575
-723
-792
-671
-482
-328
-109
203
431
481
489
581
740
887
938
876
809
831
907
977
1025
1022
911
714
585
599
617
524
362
214
140
153
213
180
1
-115
-96
-202
-458
-633
-750
-1044
-1496
-1853
-2074
-2426
-3022
-3649
-4152
-4604
-4982
-5010
-4616
-4202
-4067
-3898
-3277
-2333
-1499
-906
-430
-12
413
943
1560
2171
2715
3078
3165
3174
3386
3629
3499
2973
2337
1677
978
379
-43
-438
-910
-1378
-1734
-1913
-1891
-1804
-1846
-1979
-2047
-1974
-1712
-1228
-642
-180
192
738
1399
1923
2371
2805
2982
2849
2707
2727
2740
2558
2280
2055
1823
1524
1222
938
674
370
-107
-671
-1037
-1176
-1258
-1306
-1258
-1149
-931
-442
181
583
771
956
1107
1159
1266
1471
1493
1269
1097
1074
1081
1093
1066
917
690
495
351
212
105
78
43
-62
-159
-122
51
215
231
150
79
23
-24
-46
-101
-256
-483
-749
-1047
-1316
-1539
-1862
-2425
-3148
-3840
-4424
-4884
-5105
-4968
-4636
-4414
-4300
-3932
-3142
-2228
-1528
-1021
-504
58
580
1120
1821
2585
3119
3332
3390
3477
3617
3637
3304
2679
2071
1569
1041
528
162
-143
-529
-972
-1399
-1741
-1939
-2077
-2302
-2510
-2461
-2181
-1851
-1425
-795
-104
472
975
1467
1885
2214
2440
2494
2427
2435
2524
2500
2355
2266
2207
1975
1557
1155
873
616
267
-132
-410
-515
-574
-618
-499
-220
-35
-35
-11
179
409
507
481
449
497
625
767
854
898
955
967
848
725
762
804
638
391
279
240
177
159
191
157
73
47
32
-46
-93
-39
-41
-228
-481
-675
-873
-1138
-1424
-1746
-2225
-2858
-3464
-3976
-4440
-4735
-4657
-4307
-4031
-3909
-3701
-3238
-2577
-1890
-1341
-960
-563
-5
681
1408
2124
2729
3111
3274
3323
3351
3340
3133
2628
1995
1482
1083
649
224
-57
-286
-647
-1071
-1380
-1607
-1850
-2028
-2040
-1951
-1813
-1520
-999
-369
209
703
1160
1580
1898
2091
2216
2302
2324
2305
2344
2403
2315
2087
1885
1708
1408
1008
673
384
38
-272
-396
-415
-462
-456
-314
-171
-130
-75
85
275
398
464
554
703
832
929
1106
1302
1280
1101
1050
1095
1005
805
628
450
265
163
112
14
-94
-136
-168
-253
-301
-236
-188
-241
-254
-168
-171
-343
-523
-673
-945
-1333
-1681
-2033
-2528
-3105
-3670
-4256
-4749
-4803
-4376
-3901
-3702
-3658
-3496
-3077
-2433
-1748
-1210
-827
-422
157
919
1736
2467
3020
3326
3384
3326
3252
3075
2712
2240
1796
1389
960
518
169
-87
-398
-807
-1162
-1429
-1724
-1979
-2015
-1887
-1737
-1505
-1107
-653
-242
190
671
1091
1393
1627
1824
1956
2059
2194
2330
2356
2230
2004
1771
1582
1391
1131
866
682
480
151
-156
-262
-250
-272
-302
-284
-274
-290
-211
44
360
568
662
719
783
891
1088
1304
1371
1257
1116
1058
1050
1026
931
726
488
325
193
-7
-183
-216
-218
-292
-339
-312
-303
-284
-153
-25
-89
-296
-493
-701
-1006
-1358
-1701
-2156
-2824
-3564
-4204
-4714
-4997
-4833
-4279
-3783
-3637
-3626
-3405
-2901
-2258
-1648
-1210
-925
-532
212
1206
2126
2767
3158
3412
3615
3745
3663
3312
2832
2404
2055
1730
1385
971
494
21
-422
-863
-1292
-1680
-2021
-2251
-2271
-2129
-1919
-1608
-1133
-635
-299
-50
305
750
1163
1511
1817
2047
2211
2381
2554
2644
2619
2507
2319
2064
1789
1520
1221
879
538
251
-10
-310
-613
-797
-840
-844
-861
-831
-709
-512
-273
-28
188
362
501
653
859
1077
1184
1150
1116
1211
1362
1376
1177
907
758
749
726
579
373
209
107
58
30
-62
-219
-331
-320
-234
-156
-130
-181
-298
-454
-695
-1016
-1349
-1697
-2086
-2547
-3119
-3703
-4123
-4240
-3995
-3536
-3101
-2810
-2711
-2720
-2627
-2343
-1965
-1599
-1222
-765
-234
376
1081
1759
2176
2278
2252
2265
2264
2168
1999
1794
1526
1227
1017
934
850
648
384
153
-77
-341
-542
-599
-589
-546
-378
-90
121
163
167
245
371
509
627
661
617
594
650
745
854
930
911
801
711
708
749
760
689
558
464
451
470
498
570
639
598
476
408
407
385
355
384
421
363
224
118
89
94
61
-41
-173
-260
-263
-225
-232
-288
-347
-377
-362
-274
-137
-48
-48
-81
-86
-53
29
146
232
260
299
412
542
588
512
326
73
-145
-256
-331
-502
-755
-949
-1001
-930
-812
-745
-802
-953
-1082
-1140
-1186
-1249
-1280
-1245
-1194
-1193
-1141
-967
-812
-751
-725
-742
-784
-792
-749
-675
-633
-669
-707
-658
-578
-547
-485
-366
-314
-322
-265
-139
-13
77
184
333
447
538
693
869
985
1063
1118
1143
1156
1192
1238
1261
1273
1274
1237
1168
1095
1042
1011
986
943
884
825
776
738
695
621
516
414
354
317
259
175
97
67
97
148
182
218
272
290
232
148
96
74
67
87
126
160
214
311
405
448
453
436
382
295
215
125
-15
-158
-273
-312
-263
-187
-121
-97
-151
-219
-279
-387
-526
-640
-732
-797
-824
-834
-833
-783
-722
-712
-707
-683
-686
-710
-745
-807
-849
-827
-814
-858
-893
-897
-938
-1018
-1069
-1078
-1088
-1139
-1152
-1023
-872
-824
-778
-664
-562
-508
-445
-341
-222
-108
38
219
373
481
556
620
713
795
838
911
1005
1073
1138
1176
1167
1119
1042
971
914
843
758
665
607
567
498
461
478
504
534
555
557
564
540
462
404
379
310
214
178
194
217
236
253
311
363
299
196
144
103
65
20
-28
-29
-8
34
112
171
209
259
295
280
210
120
57
20
-22
-105
-225
-321
-362
-368
-343
-300
-305
-363
-396
-382
-393
-462
-559
-656
-706
-697
-656
-615
-561
-498
-441
-397
-370
-373
-391
-404
-406
-399
-385
-361
-330
-309
-311
-344
-409
-499
-570
-596
-573
-521
-446
-339
-251
-184
-129
-96
-65
-82
-109
-82
-10
51
24
-23
-109
-218
-227
-146
164
664
1080
1308
1281
1082
939
985
1227
1561
1754
1653
1332
943
654
390
136
-10
-86
-80
0
130
160
-23
-225
-352
-448
-549
-654
-702
-730
-714
-605
-499
-349
-107
155
300
266
259
371
536
731
865
826
640
535
632
803
856
729
457
89
-164
-148
115
319
131
-231
-420
-377
-203
-92
-180
-484
-710
-588
-335
-253
-378
-588
-700
-654
-568
-504
-490
-597
-667
-584
-493
-420
-315
-256
-320
-471
-561
-523
-479
-519
-610
-661
-588
-441
-306
-252
-361
-591
-767
-795
-749
-691
-584
-437
-323
-240
-159
-64
10
40
93
192
316
473
615
701
703
624
603
640
638
654
659
585
535
527
524
567
641
696
706
647
533
431
412
466
517
526
513
525
594
692
743
697
567
431
358
357
367
333
276
236
213
190
168
109
0
-86
-76
2
94
195
279
302
292
329
421
526
632
745
820
815
765
721
666
543
352
175
64
-8
-68
-117
-192
-352
-510
-614
-811
-1097
-1347
-1642
-2033
-2424
-2817
-3185
-3451
-3590
-3589
-3500
-3413
-3236
-2872
-2466
-2156
-1851
-1461
-999
-476
58
545
1005
1418
1767
2075
2306
2421
2422
2349
2271
2184
2081
1968
1779
1489
1135
770
476
206
-114
-421
-663
-827
-900
-939
-990
-1014
-975
-897
-796
-618
-343
-53
253
645
1060
1367
1602
1896
2179
2274
2220
2184
2172
2096
1978
1865
1694
1406
1079
783
489
157
-196
-532
-785
-869
-785
-626
-477
-375
-309
-246
-153
-54
60
210
361
476
610
795
939
948
828
644
470
384
391
421
426
401
326
206
81
-35
-168
-291
-324
-268
-227
-265
-379
-556
-760
-968
-1189
-1463
-1797
-2195
-2771
-3550
-4289
-4748
-4875
-4735
-4460
-4139
-3821
-3545
-3265
-2927
-2519
-2024
-1452
-815
-156
504
1199
1866
2363
2661
2805
2871
2932
2974
2964
2898
2703
2378
2097
1869
1513
1009
494
30
-412
-777
-939
-942
-941
-969
-958
-912
-858
-753
-531
-205
143
510
943
1388
1746
2029
2293
2498
2595
2630
2623
2522
2329
2105
1872
1610
1323
1080
885
638
282
-86
-355
-498
-578
-612
-572
-516
-467
-351
-175
-7
100
153
218
295
362
512
721
821
819
851
851
686
422
174
-70
-280
-354
-293
-199
-157
-191
-281
-377
-442
-440
-375
-309
-299
-335
-399
-501
-646
-880
-1231
-1659
-2169
-2760
-3283
-3641
-3882
-4028
-4047
-3927
-3684
-3402
-3144
-2897
-2693
-2477
-2071
-1459
-824
-255
263
724
1101
1410
1698
1940
2073
2165
2254
2290
2281
2204
2021
1783
1495
1167
847
515
224
5
-189
-289
-272
-253
-209
-75
64
121
156
270
433
629
917
1260
1522
1659
1735
1780
1751
1664
1567
1459
1364
1359
1431
1443
1313
1112
902
661
386
137
-55
-181
-197
-100
-9
-4
-6
55
120
132
173
294
437
555
679
796
827
740
606
458
271
38
-191
-383
-513
-551
-535
-524
-539
-566
-595
-577
-510
-478
-467
-367
-173
-16
66
113
82
-84
-339
-634
-963
-1303
-1584
-1801
-2005
-2215
-2419
-2624
-2849
-3083
-3260
-3277
-3099
-2829
-2591
-2371
-2077
-1707
-1313
-915
-523
-166
177
548
904
1158
1328
1480
1587
1599
1560
1533
1483
1340
1136
964
818
639
462
350
248
113
31
34
23
-24
-7
113
274
421
560
727
920
1112
1299
1470
1571
1614
1677
1744
1731
1671
1624
1534
1326
1054
795
572
386
246
163
126
103
61
-10
-100
-167
-143
-14
147
261
320
360
393
418
452
509
578
642
683
676
584
414
211
26
-117
-209
-251
-275
-350
-475
-557
-544
-495
-462
-441
-429
-401
-325
-240
-222
-284
-359
-409
-452
-540
-719
-996
-1308
-1581
-1791
-1969
-2132
-2275
-2405
-2537
-2633
-2646
-2580
-2451
-2262
-2052
-1848
-1606
-1278
-924
-601
-306
-21
255
515
745
951
1136
1285
1379
1393
1352
1293
1220
1154
1064
908
722
568
450
353
244
121
19
-29
10
109
232
357
476
635
842
1039
1225
1422
1579
1662
1688
1666
1603
1517
1440
1403
1379
1315
1202
1061
900
730
536
327
202
205
259
301
290
232
164
89
42
64
86
91
139
219
267
236
165
122
89
45
32
47
49
12
-37
-100
-227
-371
-473
-558
-628
-665
-675
-675
-693
-720
-743
-797
-884
-973
-1056
-1135
-1213
-1299
-1384
-1422
-1398
-1380
-1421
-1496
-1569
-1616
-1632
-1618
-1603
-1591
-1564
-1498
-1379
-1230
-1107
-1020
-907
-751
-563
-353
-144
53
220
370
545
708
791
824
849
852
827
796
778
743
662
575
521
454
342
253
235
250
277
353
467
568
662
771
878
955
1034
1146
1278
1393
1470
1524
1549
1493
1406
1370
1346
1287
1206
1116
1029
944
847
751
631
494
391
345
335
316
293
290
287
274
266
271
261
191
75
-60
-197
-266
-232
-158
-103
-110
-173
-242
-318
-409
-508
-608
-694
-773
-829
-855
-888
-926
-964
-1008
-1033
-1048
-1060
-1041
-1029
-1021
-993
-973
-961
-959
-990
-1029
-1055
-1067
-1085
-1099
-1073
-1043
-1041
-1052
-1071
-1070
-1039
-991
-908
-823
-758
-660
-519
-349
-181
-39
98
215
306
421
552
644
677
678
687
698
718
737
688
587
498
441
428
413
370
358
365
352
370
443
544
637
693
727
789
884
992
1088
1135
1142
1152
1162
1150
1120
1081
1020
946
895
854
788
716
670
615
527
461
452
467
464
467
505
560
581
568
565
559
511
434
349
242
126
58
43
-1
-122
-281
-423
-522
-591
-655
-746
-879
-1013
-1079
-1093
-1110
-1128
-1146
-1158
-1147
-1103
-1021
-925
-850
-808
-777
-737
-685
-638
-605
-579
-569
-574
-571
-548
-524
-544
-604
-657
-677
-679
-672
-642
-615
-629
-669
-682
-660
-615
-539
-433
-313
-198
-88
18
98
161
225
284
341
409
471
508
505
470
444
407
342
297
284
268
236
230
233
221
187
156
150
153
205
293
393
499
583
636
623
595
595
594
601
618
637
644
612
558
534
527
488
471
487
509
569
623
660
684
694
730
760
786
815
812
804
781
721
632
517
394
275
180
106
29
-54
-146
-252
-370
-496
-622
-716
-763
-800
-819
-794
-759
-745
-743
-745
-742
-722
-675
-604
-528
-469
-432
-404
-362
-314
-281
-278
-305
-342
-380
-404
-411
-416
-445
-466
-477
-510
-523
-520
-513
-496
-469
-414
-344
-282
-242
-188
-132
-120
-136
-143
-147
-152
-133
-89
-55
-64
-63
-60
-99
-136
-177
-197
-204
-197
-145
-77
-8
49
78
92
103
113
151
235
327
422
515
584
624
631
605
567
538
532
540
541
547
567
568
532
486
461
432
400
408
474
560
624
673
710
723
725
735
743
754
775
802
823
806
750
661
529
385
250
122
9
-87
-194
-297
-374
-448
-520
-581
-646
-711
-744
-728
-685
-644
-606
-567
-520
-465
-423
-399
-366
-347
-365
-362
-322
-315
-335
-351
-381
-408
-412
-400
-385
-392
-421
-442
-454
-459
-438
-390
-328
-269
-237
-216
-184
-148
-115
-88
-60
-36
-12
6
4
-26
-75
-125
-156
-167
-168
-161
-160
-190
-242
-286
-311
-318
-290
-227
-164
-86
13
106
174
209
211
209
224
271
353
446
523
585
611
578
527
486
422
340
285
253
235
234
223
200
204
216
208
211
243
278
316
350
388
445
487
498
510
531
533
500
441
385
329
265
202
149
97
24
-59
-133
-203
-280
-347
-384
-392
-393
-385
-366
-353
-347
-361
-376
-367
-353
-330
-281
-234
-191
-165
-172
-185
-217
-247
-232
-203
-176
-149
-130
-95
-70
-79
-93
-107
-114
-106
-88
-28
58
131
198
248
259
251
253
276
284
262
231
187
148
119
76
27
-29
-118
-217
-296
-358
-395
-418
-456
-504
-534
-532
-491
-435
-403
-400
-391
-348
-266
-172
-99
-39
17
77
150
216
263
277
259
254
272
302
355
378
352
337
323
300
279
237
190
181
200
237
289
333
365
380
392
403
416
422
404
390
369
330
271
202
147
74
-19
-92
-132
-141
-139
-146
-168
-196
-239
-266
-261
-248
-208
-175
-171
-160
-145
-131
-153
-183
-178
-161
-130
-95
-77
-72
-85
-134
-189
-243
-293
-309
-305
-273
-231
-205
-171
-150
-155
-139
-110
-71
-14
29
82
137
175
199
181
141
98
69
59
73
94
89
79
62
28
-21
-78
-140
-208
-258
-265
-244
-200
-142
-115
-94
-85
-104
-105
-107
-86
-36
17
70
122
178
221
249
243
209
186
177
194
223
252
277
293
289
276
261
241
208
164
135
118
111
144
188
185
159
122
72
30
-7
-54
-102
-136
-151
-150
-142
-142
-161
-197
-238
-266
-267
-243
-213
-184
-153
-115
-73
-42
-34
-48
-69
-77
-65
-32
16
59
80
87
74
36
-17
-71
-109
-142
-156
-139
-109
-88
-68
-70
-108
-143
-150
-152
-136
-90
-19
64
120
139
164
185
182
173
161
134
123
136
154
163
147
109
69
32
-13
-54
-86
-109
-123
-141
-147
-128
-107
-103
-112
-122
-109
-84
-69
-44
-22
-22
-13
14
38
68
91
105
126
149
164
184
211
227
215
197
191
193
199
200
199
202
210
232
253
248
220
187
166
120
60
28
-3
-42
-89
-121
-123
-128
-134
-158
-172
-165
-171
-169
-149
-121
-95
-90
-89
-78
-72
-80
-81
-68
-47
-38
-41
-47
-63
-74
-84
-97
-111
-123
-141
-154
-175
-206
-200
-195
-202
-212
-219
-200
-176
-158
-134
-104
-81
-64
-37
-25
-9
24
41
42
54
50
63
95
108
124
120
106
106
96
102
108
117
130
125
122
126
135
137
107
86
71
69
91
107
112
108
106
107
100
103
98
100
93
83
84
79
80
51
26
26
34
51
54
73
98
101
91
82
62
34
19
5
2
-12
-37
-45
-47
-67
-98
-124
-140
-159
-189
-206
-206
-212
-225
-230
-213
-194
-180
-164
-145
-121
-99
-82
-49
-16
7
36
66
89
98
88
76
75
79
79
71
73
77
63
47
27
8
-8
-31
-48
-40
-26
-14
-2
3
-1
-6
-6
1
11
23
27
32
32
15
-2
-16
-37
-50
-58
-65
-53
-42
-44
-45
-47
-57
-69
-78
-71
-59
-42
-20
-1
5
2
6
25
43
36
21
27
46
67
78
80
87
90
84
79
71
86
105
93
95
117
131
147
159
173
175
178
184
183
179
168
162
152
137
114
77
34
-8
-45
-78
-110
-129
-135
-135
-143
-160
-181
-185
-191
-208
-208
-193
-182
-165
-147
-121
-94
-76
-64
-61
-52
-37
-24
-14
-5
3
6
4
2
-7
-22
-30
-25
-24
-22
-11
-2
-4
-10
-10
-14
-15
-9
-7
-2
16
33
48
57
48
40
30
22
13
6
13
27
27
26
17
7
4
-6
-21
-23
-16
-10
2
12
15
8
0
-13
-18
-14
-20
-21
-5
8
18
27
27
19
13
13
11
6
9
20
31
40
41
50
60
58
61
69
79
94
101
108
120
119
105
100
92
83
76
67
55
43
28
16
6
-12
-38
-65
-83
-96
-107
-110
-104
-97
-89
-78
-74
-78
-77
-77
-81
-79
-61
-37
-17
1
20
33
37
35
28
18
12
10
10
12
17
20
21
20
10
-6
-18
-20
-17
-13
-1
6
6
5
9
8
-2
-11
-12
-9
-3
4
5
6
9
6
-5
-14
-20
-28
-40
-45
-45
-39
-33
-37
-43
-43
-46
-51
-51
-47
-48
-47
-40
-36
-37
-32
-25
-26
-33
-37
-33
-21
-8
1
5
13
18
17
15
21
30
35
44
63
84
100
118
134
135
128
126
129
122
108
102
102
98
88
80
75
65
46
24
6
-9
-22
-25
-27
-33
-41
-41
-36
-41
-53
-53
-52
-62
-67
-63
-55
-44
-47
-50
-39
-36
-38
-34
-37
-47
-54
-54
-47
-34
-22
-14
-13
-12
-12
-11
-10
-17
-26
-27
-17
-6
-3
4
22
30
24
13
6
9
13
9
10
24
32
30
31
37
35
28
23
23
21
22
25
26
22
14
9
3
-6
-16
-22
-23
-22
-21
-20
-16
-17
-21
-22
-22
-24
-24
-22
-19
-18
-16
-13
-13
-14
-14
-10
-12
-12
-8
-7
-1
4
7
11
16
15
12
13
20
28
26
25
34
38
35
32
24
18
12
6
1
3
7
11
15
17
13
8
9
4
5
11
6
8
17
16
20
24
20
17
10
6
5
-7
-9
-8
-17
-16
-15
-20
-19
-22
-25
-23
-30
-29
-26
-26
-21
-15
-12
-9
-10
-7
-3
-5
-9
-10
-9
-2
1
-2
0
-1
-5
-4
-4
-3
1
-2
-1
1
0
4
8
7
8
7
7
8
7
7
7
4
2
-1
-1
0
1
3
4
5
4
1
-2
-4
-5
-4
-2
1
5
9
13
13
9
6
4
1
-1
-1
-3
-7
-6
1
5
1
-3
-5
-4
-4
-4
-7
-8
-4
-5
-5
-3
2
5
9
9
7
8
6
4
3
5
8
12
13
13
14
14
12
9
8
7
5
1
-3
-3
-4
-6
-8
-6
-4
-6
-5
-4
-4
-7
-7
-6
-7
-9
-9
-6
-4
-8
-13
-12
-10
-14
-18
-13
-3
3
5
11
19
23
19
17
17
15
10
6
6
5
2
0
0
-3
-10
-14
-13
-11
-14
-14
-7
1
3
5
5
6
5
1
-2
-5
-6
-8
-11
-14
-17
-15
-12
-14
-15
-10
-2
2
1
0
5
7
5
0
1
0
-4
-3
1
-3
-8
-4
1
-6
-12
-7
-2
-4
-3
4
10
11
12
15
19
20
18
16
17
18
16
14
17
18
18
18
17
12
8
5
1
-2
-2
-1
0
2
3
3
5
4
3
0
-5
-10
-13
-14
-14
-14
-13
-14
-16
-17
-17
-17
-15
-15
-13
-9
-5
-1
3
4
6
9
8
8
5
0
-4
-6
-5
-3
1
5
10
13
14
14
11
9
10
10
9
8
9
9
11
11
10
7
5
4
2
0
-3
-7
-6
-7
-4
-4
-4
-4
-2
0
1
2
2
-2
-6
-9
-11
-11
-9
-9
-6
-4
-3
-3
-5
-7
-9
-10
-10
-9
-11
-9
-7
-3
1
4
2
-3
-5
-5
-4
-3
-2
0
4
7
7
5
-1
-4
-2
2
4
4
5
9
12
14
16
15
11
9
10
10
5
3
2
3
2
1
1
-2
-8
-10
-9
-6
-10
-11
-9
-7
-7
-1
6
6
3
1
4
7
2
0
0
2
3
7
6
3
5
6
8
11
10
6
2
-3
1
1
1
4
5
7
10
6
5
2
-9
-9
-6
-12
-11
-7
-11
-15
-10
-9
-14
-14
-8
-2
2
5
9
9
8
5
1
4
8
6
1
3
5
0
-6
-8
-8
-13
-14
-8
-8
-7
-3
-3
0
6
3
-1
3
1
0
5
7
8
9
3
-1
-2
-5
-11
-12
-9
-6
-3
0
4
7
8
8
8
9
8
9
11
11
10
9
8
8
4
-2
-10
-16
-19
-18
-17
-14
-12
-11
-8
-7
-7
-6
-6
-4
-2
1
2
4
3
4
3
0
-2
-4
-5
-5
-3
0
3
6
9
10
10
9
9
9
11
15
17
16
15
12
13
11
7
2
-3
-5
-3
-2
-1
-2
-3
-2
-1
-2
-4
-4
-3
1
2
4
4
6
8
8
6
3
-1
-3
-3
-3
-4
-5
-5
-4
-3
-3
-4
-6
-7
-7
-7
-6
-6
-5
-4
-3
-3
-3
-5
-7
-9
-8
-7
-5
-6
-6
-4
-1
-1
1
4
4
4
8
11
9
11
16
16
13
12
13
15
11
7
8
11
6
-2
-4
-1
-3
-12
-11
-8
-13
-11
-11
-7
-1
-5
-4
-1
2
1
-1
0
0
-1
-3
-3
-4
-5
-5
-3
-3
-4
5
4
3
2
-3
6
6
5
12
6
14
13
6
7
5
5
-3
-6
-3
-10
-8
-7
-6
-4
-1
3
1
-1
-1
2
3
3
2
3
7
6
-1
-2
3
5
2
1
2
3
5
9
9
8
10
10
6
2
-1
-2
-5
-5
-7
-7
-11
-14
-11
-8
-8
-9
-4
3
5
1
0
4
4
-1
-6
-5
-5
-4
-2
0
0
1
3
2
2
4
6
11
12
13
11
12
11
8
5
1
-3
-4
-5
-9
-11
-4
-4
-7
-5
-2
-3
-5
-3
-1
-2
-1
1
1
0
-3
-2
-3
-5
-6
-5
-2
1
1
2
3
5
3
2
2
1
-1
-1
0
-4
-5
-4
-3
-5
-4
-2
-1
-1
1
4
4
5
6
5
1
-2
-1
-1
-7
-9
-6
-5
-8
-9
-4
0
-1
1
5
9
12
13
14
13
15
9
4
3
-1
-9
-10
-4
-7
-14
-10
-5
-7
-8
-5
-3
2
7
7
7
12
13
9
5
5
4
2
1
1
3
4
2
1
1
3
2
4
7
8
4
1
2
5
4
3
1
0
-2
-5
-5
1
2
-1
-4
-4
-1
-3
-6
-7
-7
-10
-11
-10
-7
-6
-4
0
-2
-2
-2
2
7
10
11
10
11
8
2
-1
-3
-3
-7
-8
-8
-6
-4
-2
-2
-1
1
4
5
4
5
8
8
4
0
-1
0
1
-2
-7
-8
-7
-4
-2
0
1
2
3
4
7
8
9
7
3
1
-1
-5
-6
-9
-10
-10
-11
-9
-7
-4
-1
0
2
4
9
8
5
2
3
5
1
-3
-4
-2
0
-2
-5
-2
4
6
6
11
17
16
12
14
13
8
-1
2
4
-2
-5
-1
1
-2
-3
-1
1
2
2
5
9
10
5
2
7
5
-5
-8
-2
-6
-13
-14
-7
-8
-9
-5
-2
2
4
1
1
7
7
-1
0
5
5
-1
-1
1
3
2
0
1
3
2
2
6
4
-4
-5
1
-5
-13
-9
-3
-6
-12
-5
1
-1
-6
-1
6
7
5
5
11
10
3
-1
1
-3
-10
-11
-12
-15
-15
-13
-10
-5
0
0
4
10
5
2
9
9
4
4
5
3
0
-4
-9
-7
-6
-9
-10
-3
0
0
4
10
11
9
11
10
7
3
2
2
1
-2
-3
-3
-6
-6
-5
-3
-2
1
5
10
13
9
5
5
5
3
2
-2
-3
-5
-7
-6
-6
-7
-8
-8
-7
-6
-3
-1
1
1
4
3
1
0
-1
-4
-5
-5
-2
0
1
0
-2
-2
0
2
3
2
0
3
5
7
7
5
3
1
0
0
-1
-1
1
3
3
2
2
2
3
3
5
4
5
5
3
2
-1
-4
-3
-4
-5
-5
-3
-3
-1
0
1
1
3
3
4
6
4
3
3
7
9
7
0
-5
-6
-4
-6
-5
-1
2
-1
-5
-2
5
4
-1
-3
3
7
4
-3
-2
5
5
1
2
0
-1
4
7
3
1
3
4
4
-1
-5
-8
-7
-4
-5
-4
-4
-6
-7
-6
-5
-7
-8
-3
0
-2
-3
-4
-1
1
2
0
2
1
-2
-1
1
1
-1
3
4
4
2
-2
-3
2
5
0
-4
0
2
1
-1
0
0
-1
-2
-4
-5
-2
2
1
-1
2
3
5
-1
-4
0
7
3
-3
-3
0
-2
-2
3
5
4
5
5
4
5
5
4
3
5
7
6
4
1
-1
-2
3
2
-5
-7
-4
-2
-3
-5
-4
0
2
-1
1
4
8
6
7
7
4
3
3
2
1
2
2
1
0
0
-1
-1
-1
1
4
3
2
4
5
4
2
1
2
-1
-4
-7
-7
-4
-5
-7
-6
-3
-1
-2
-2
1
4
5
3
2
4
4
0
-6
-5
-5
-7
-10
-11
-10
-8
-8
-6
-6
-3
0
2
4
2
3
2
5
7
5
3
-2
-4
-4
-6
-6
-5
-5
-5
-2
1
2
2
8
9
7
3
3
6
4
-2
-2
3
4
-2
-5
0
3
0
-1
3
6
6
6
6
7
8
7
5
2
1
1
0
0
0
0
2
3
5
7
6
5
5
6
4
0
-3
-2
1
0
-2
-1
3
2
-2
-3
0
1
1
2
5
3
0
-1
-2
-4
-8
-7
-3
-3
-4
-1
3
2
-3
-1
3
3
-2
-1
4
4
-3
-5
-2
0
-4
-6
-3
1
0
2
6
6
2
1
5
6
2
-1
-2
-1
-5
-9
-9
-8
-7
-5
-1
-2
-3
-1
3
6
5
3
3
5
6
2
0
-3
-4
-6
-6
-4
-5
-8
-9
-7
-3
-1
-2
0
5
5
3
4
7
7
5
3
3
0
-3
-5
-4
-8
-9
-5
0
1
-2
-1
6
9
9
10
12
10
5
4
8
6
0
-3
-2
1
0
-3
0
-1
-2
-3
-1
0
1
5
8
8
9
10
10
6
0
-1
-1
-6
-12
-8
-1
-1
-6
-10
-5
-1
-2
-1
4
8
10
8
9
9
7
4
1
-1
-4
-9
-11
-11
-8
-8
-11
-12
-10
-8
-4
1
5
5
6
10
15
14
6
2
1
-1
-10
-16
-15
-12
-12
-10
-6
-2
-1
1
4
7
9
11
13
12
10
8
6
3
-1
0
-2
-6
-9
-10
-7
-6
-8
-2
7
8
6
9
14
14
7
2
0
-2
-7
-7
-5
-7
-10
-4
4
3
-5
-3
4
5
6
7
13
13
7
0
0
0
-9
-20
-14
-6
-8
-12
-7
1
2
-2
2
7
6
3
7
12
5
-2
1
3
-3
-10
-9
-5
-5
-5
-5
-2
2
3
1
4
11
9
4
4
