2
3
3
1
0
0
0
0
0
1
1
1
1
1
-1
1
0
2
0
0
1
-1
0
-4
-3
0
1
-2
-2
0
-5
2
1
0
6
-2
-2
0
-4
-2
-1
0
-2
-3
-2
-2
-2
-1
-1
1
1
-1
-3
-4
-3
-4
-2
-3
-2
0
-2
0
0
0
1
0
2
0
0
-1
-2
0
0
1
0
2
3
2
0
0
-1
0
1
0
0
-1
0
1
4
6
3
1
1
4
3
1
1
3
5
3
-1
0
0
-1
-1
0
0
1
2
4
4
3
0
1
1
1
-2
-2
1
-1
-1
-1
2
-2
1
-1
0
-4
0
1
2
-3
-4
-4
0
0
-2
-1
0
0
1
-2
1
2
-4
-4
2
1
0
-1
0
4
1
2
6
3
3
-1
0
1
1
0
6
0
1
2
2
1
1
0
2
3
0
3
1
-2
1
3
1
1
-1
-2
0
0
1
2
1
1
-1
-1
0
-4
0
-2
-2
-1
-4
2
-1
1
2
0
3
-2
0
1
0
1
0
3
3
3
1
2
1
1
1
0
0
-1
0
-1
-1
0
-2
0
-2
-3
-3
-1
-2
-3
-3
1
1
-1
-3
0
-1
0
-1
0
1
-1
-3
-2
-1
0
0
1
2
1
2
2
2
2
1
1
0
-2
-2
-3
0
-1
1
3
2
7
3
2
1
-2
3
1
2
2
-1
5
4
4
6
-1
2
-2
-4
2
-3
1
1
-3
1
-4
-2
0
-2
-1
0
4
5
3
3
1
1
0
-1
-2
-1
-2
-1
1
2
-1
-1
3
3
0
-1
0
-4
-2
-1
-1
0
1
1
-1
-1
-1
-1
1
3
3
2
1
0
1
2
2
2
0
-3
-1
-1
0
0
1
1
2
2
3
1
1
2
2
2
3
-1
0
2
-1
1
0
-3
0
0
-2
-2
-2
-2
-1
1
2
1
-2
-1
-3
-1
-2
-2
-2
-2
-3
-3
1
-1
-4
-3
-3
-6
-7
-3
-3
-5
0
0
-3
-3
1
1
-1
0
2
1
-2
-2
-1
1
0
0
2
2
-1
1
4
4
2
0
1
4
3
2
1
1
1
1
3
3
0
0
0
4
5
4
2
2
3
4
3
1
-2
1
3
3
0
1
1
1
0
1
0
1
0
-1
-1
0
1
1
2
3
2
2
1
1
2
2
1
1
1
-1
-1
-1
-1
0
-2
-2
-2
-3
-1
-1
-1
2
-2
2
7
1
3
0
1
-1
-2
4
-4
-4
0
-1
-1
-2
1
1
0
-3
-1
0
0
-1
0
0
-2
-2
-1
0
1
2
3
3
2
-1
-1
-1
0
1
2
2
1
1
0
0
2
1
1
1
1
0
2
2
2
4
3
2
2
2
2
4
4
5
4
2
0
-2
-4
-4
-4
0
-1
0
-2
-2
-2
-2
-2
2
2
1
0
1
0
-1
-1
-1
1
0
-4
-4
-2
0
-2
-3
-2
0
0
-1
-3
-3
-4
-2
-1
0
-2
-1
2
0
0
-1
0
1
-1
-2
-3
-3
-4
-3
2
1
0
1
1
1
1
2
4
2
1
0
0
1
0
1
0
1
1
2
0
-1
-2
0
1
1
-2
0
1
1
1
0
1
1
-1
-2
-2
-2
-2
-2
1
0
-2
0
0
1
0
-1
1
2
-1
0
1
4
4
3
4
4
3
2
3
1
0
0
2
3
4
1
0
-2
-2
-1
0
0
1
0
-1
-1
0
0
1
1
2
2
2
1
-1
1
-1
0
1
2
3
4
4
3
3
2
1
1
-1
-1
-2
-2
0
1
1
1
0
0
1
1
1
1
0
-2
-4
-5
-5
-3
-2
1
1
-1
0
0
1
3
3
2
1
-1
0
0
-3
-1
1
0
2
1
0
3
4
-1
3
1
-4
2
-3
-2
3
0
3
2
0
-3
0
-1
-2
-1
-2
-2
-4
-1
0
-2
1
2
2
2
4
4
3
4
3
2
3
4
4
6
5
3
0
1
4
2
0
-1
1
2
1
1
1
2
1
0
0
1
0
1
2
1
-1
-2
-1
-2
-3
-3
0
0
0
2
2
-1
-3
-3
-1
0
2
1
-1
0
2
1
-1
-1
0
2
1
-2
-1
0
1
-1
-1
0
2
1
-2
-3
2
-1
-4
0
1
1
4
0
0
6
3
1
1
-1
1
3
2
3
3
2
2
0
2
2
3
4
3
4
3
1
0
0
0
2
1
-1
-3
-3
-1
-1
-2
-3
-2
0
0
-1
1
1
1
1
1
1
0
1
1
1
1
1
1
2
2
2
2
3
3
1
-1
0
-1
-1
-1
-2
0
0
1
0
0
-1
-3
-2
-1
-3
-2
-1
2
0
1
0
1
1
0
-1
-1
-2
-2
-3
-2
-2
-3
-2
-1
-1
-3
-3
-2
-2
-3
-4
-3
-1
0
1
2
1
2
2
2
2
3
3
3
2
1
1
1
1
2
3
3
2
1
1
0
1
0
3
4
6
6
4
4
1
0
1
1
2
0
-1
1
1
1
4
2
1
5
3
-1
0
1
0
-1
-2
-1
-2
-3
-4
-4
-2
0
0
0
-2
-2
-2
-2
-1
1
0
0
0
0
0
1
1
0
0
1
1
0
2
0
-1
3
0
-4
1
0
-1
0
-2
1
5
1
1
4
1
0
1
3
4
2
1
1
1
1
0
2
1
-2
1
1
0
-2
0
1
0
0
1
1
-1
2
1
1
1
0
0
1
1
-2
-3
2
0
-4
-1
0
-3
1
-2
-1
2
-3
-4
-1
0
-2
1
-1
1
0
-5
-1
-4
0
1
-1
4
-1
1
0
-3
-1
-2
0
-1
0
1
2
2
1
2
3
4
1
-1
-2
0
0
1
1
1
2
2
2
2
1
2
3
1
0
0
0
-2
-5
-3
-1
0
-2
-3
-1
0
-1
-3
-2
1
0
0
-1
1
-1
-1
-1
2
2
1
0
1
2
3
4
5
4
3
0
0
2
3
2
1
1
1
0
0
0
2
4
2
1
3
2
-1
-2
0
-1
-1
2
2
-1
0
0
-1
0
1
2
1
-2
-2
-1
0
-2
0
1
-3
-4
1
0
-2
0
2
-1
-1
1
1
0
1
5
3
1
3
1
2
0
-2
3
1
1
-1
0
1
-3
-2
0
1
0
-2
-2
0
0
1
1
0
-1
0
-1
0
0
1
2
1
1
0
-2
0
-1
0
2
1
-1
2
-1
-2
1
-3
-3
2
-1
0
0
-3
-2
0
-1
1
1
1
1
2
3
4
3
2
0
-2
-1
-1
0
1
2
1
-1
-1
-2
-1
0
2
3
1
-1
-1
0
0
-2
-1
1
1
0
-2
-2
-1
0
-1
1
0
-1
-2
-3
-4
-2
-2
-1
1
1
-1
-1
1
1
-2
1
1
0
0
1
0
1
2
1
1
0
0
0
0
2
4
3
1
2
0
-1
-1
-1
1
3
3
1
2
-3
0
-3
-2
1
-2
0
0
2
1
-2
-1
-1
-1
-2
-3
-1
0
-3
-4
-1
0
1
-1
0
1
0
0
2
1
0
-2
-1
0
0
1
1
2
2
2
1
-1
-1
3
6
5
4
3
3
3
2
4
4
3
-1
-2
-1
1
-1
0
1
4
3
2
0
-1
1
2
2
3
5
-1
-4
0
-1
-4
-3
1
-2
-3
1
1
-1
1
0
0
1
-2
-4
-2
-3
-1
-1
-3
-1
0
-1
0
0
0
1
1
2
1
0
0
0
1
3
2
1
1
1
-2
-2
0
0
-2
-1
0
0
0
-5
1
0
2
1
-5
0
-3
0
2
-2
3
-1
0
1
-1
-1
-4
-2
-1
-1
1
1
-1
-2
1
1
2
0
0
1
1
0
-1
1
2
1
1
2
3
4
2
2
2
2
2
1
-1
-2
0
1
0
-1
-2
-1
0
-1
1
2
3
0
-1
-1
-1
-2
-4
-3
-2
-1
-1
-1
-2
-1
0
0
1
1
0
-1
-1
0
0
1
0
1
0
2
1
0
1
2
2
2
3
2
4
3
4
3
3
3
5
3
2
2
0
0
-1
-3
-2
-2
-2
-2
0
1
0
0
1
1
1
1
1
-1
1
1
1
0
-2
-2
-1
0
0
-1
-1
-2
-1
0
1
1
1
0
0
0
0
-1
-1
-1
0
0
1
1
2
3
4
4
1
0
2
-1
1
0
0
2
-1
-1
-1
0
-2
-3
-3
0
1
0
-1
-5
-1
-3
-5
1
-2
-2
0
-3
-6
0
-1
1
3
0
-3
0
-2
0
2
2
2
2
0
1
-1
0
0
1
0
-1
1
2
2
0
0
2
1
1
1
0
1
2
1
-2
0
1
-2
-3
0
0
-1
1
3
-1
-1
2
2
0
0
1
2
-1
-1
-1
0
1
1
0
1
1
0
0
1
0
-1
0
2
4
4
2
-2
-2
-3
0
0
-1
-1
-4
0
0
2
2
0
4
3
4
3
1
1
0
-1
0
-1
0
0
3
-1
-3
-1
0
-4
-5
-1
-2
-5
-4
-2
-4
-5
-2
0
-1
1
3
1
0
0
-2
-1
0
1
2
2
1
0
1
2
2
3
5
4
4
3
2
0
1
1
3
0
0
0
3
3
0
-2
2
4
3
2
1
4
4
2
1
1
0
-2
-1
2
2
2
3
1
3
1
-2
-3
0
0
-5
-3
1
-3
-4
-1
0
-4
-2
0
-3
-5
-2
-1
-1
0
2
2
0
-2
-2
-1
-2
-1
1
1
1
0
-1
-1
-1
1
1
0
-1
-1
-1
-1
-1
-1
1
0
-1
0
0
-2
-1
-2
0
0
-3
-3
-3
-3
-2
-1
1
1
3
4
5
3
3
6
4
2
2
1
1
3
2
2
1
3
5
3
0
-1
1
2
1
2
0
1
1
1
2
0
-2
-3
-2
-1
-2
-1
0
1
0
1
3
3
3
1
2
2
0
-2
1
2
2
2
2
3
3
2
2
1
2
3
4
4
5
4
4
1
1
2
2
3
2
1
1
0
-3
-3
-1
-3
-4
-2
0
-1
-1
1
2
-1
1
0
-2
-2
-3
-2
1
0
1
4
1
1
0
-1
-1
-4
-3
0
-2
-1
1
1
1
1
1
-1
-2
0
-2
0
3
1
1
1
-3
-4
-4
-5
-3
-2
-1
-2
-3
-3
-5
-6
-4
-3
-3
-1
0
0
-4
-1
0
-4
-4
-1
-3
-6
-4
-4
-2
-3
-4
1
0
-4
-1
-1
0
1
1
6
7
5
7
8
7
6
5
5
7
3
3
7
3
1
-6
-6
-7
-15
-14
-7
-4
-1
5
11
11
9
13
16
14
14
21
11
17
13
-1
13
-3
-2
6
-11
2
0
-15
-14
-6
-8
-22
-5
13
-1
-11
14
16
-28
-7
10
-17
-11
1
21
-8
-14
31
-11
-21
11
1
2
-5
26
18
-19
10
5
-8
5
13
13
4
6
11
-2
-36
-55
-54
-58
-69
-44
-15
-49
-92
-89
-74
-102
-47
87
180
213
205
176
80
41
68
91
124
116
151
93
-38
-23
-61
-121
-46
-36
-89
-75
-86
-144
-173
-154
-115
-99
-107
-42
17
-105
-75
42
-91
-30
95
8
110
115
50
158
8
42
197
-15
57
171
-8
18
117
64
-18
36
118
15
-100
-3
52
-87
-138
-97
-108
-248
-297
-140
-153
-250
-138
-58
-81
-62
39
322
403
322
588
502
164
332
348
212
277
239
341
240
-176
-139
-128
-418
-270
3
10
-84
-358
-689
-931
-906
-442
95
228
203
98
-230
-213
-194
-133
298
349
580
607
203
270
-154
-178
183
79
602
386
120
339
-518
-505
103
-173
-140
212
190
-202
-376
-220
-340
-598
-453
-44
1
-104
-87
-159
-316
-462
-30
387
221
449
712
431
361
489
569
537
315
565
600
111
69
-34
-473
-462
-137
-194
-117
-345
-731
-569
-827
-649
-223
-357
-571
-790
-785
-948
-900
-379
286
726
495
122
37
109
203
526
875
933
964
934
592
227
153
172
271
310
195
217
201
-222
-472
-205
-88
-109
-150
-69
99
-164
-319
-251
-272
-375
-474
-83
173
36
33
-13
92
73
44
493
623
549
836
871
385
116
245
345
421
391
358
375
76
-299
-350
-360
-412
-245
-116
-285
-510
-605
-636
-621
-539
-410
-280
-340
-514
-402
-176
-243
-249
58
199
77
-47
-157
-84
74
-27
9
322
228
-101
-57
-24
-248
-194
145
313
254
56
1
161
48
-123
231
496
240
184
226
-36
-281
-361
-361
-103
184
62
-35
-222
-476
-480
-387
-57
2
-29
103
93
-20
-297
-241
-54
-93
90
427
536
239
6
141
204
139
256
587
633
273
205
224
-54
-98
36
226
464
323
157
158
-53
-198
-168
-7
107
1
18
14
-115
-224
-304
-189
-101
-80
-11
12
95
16
-90
31
85
92
117
152
183
62
-66
-89
-126
-41
36
93
166
19
-62
-142
-93
62
-8
95
53
-120
-52
-2
20
-83
-270
-282
-39
75
-159
-180
-167
-308
-143
-80
-90
64
-69
-102
88
46
-37
-18
-6
-11
142
286
153
37
-92
-157
-17
13
76
55
-78
51
96
-53
-116
-169
-251
-174
-46
0
-17
-206
-300
-131
27
66
-20
-110
-116
-137
-15
205
140
1
16
97
149
124
168
165
2
-78
126
254
173
58
-100
25
128
105
214
-7
-271
-269
-168
1
-49
-152
-101
-1
59
-33
2
25
-60
97
196
233
246
86
99
107
-62
-13
276
265
-73
-122
3
-23
-10
162
307
171
-21
-5
7
-151
-228
-8
209
269
210
21
-180
-316
-205
111
367
414
187
-119
-314
-320
-207
-23
152
172
62
-29
-83
-301
-413
-249
-97
170
382
230
-13
-246
-369
-205
-45
74
225
153
31
-89
-322
-279
-49
103
284
349
229
43
-37
-70
-111
110
297
272
250
-25
-322
-334
-297
-132
91
115
74
14
-141
-210
-179
-121
62
251
212
18
-105
-312
-407
-233
-43
188
264
186
89
-119
-241
-113
103
172
201
296
146
-182
-276
-259
-195
82
267
203
111
41
-83
-208
-192
-74
60
165
189
117
-113
-385
-370
-272
-207
81
253
205
137
36
-33
-49
127
351
462
544
427
189
-42
-193
-120
-10
149
279
146
-43
-235
-349
-280
-160
-12
67
143
162
33
-46
-181
-224
-31
133
190
138
40
-54
-176
-154
53
192
202
150
50
-113
-235
-191
-211
-223
-76
-26
-30
-22
-148
-279
-247
-167
43
320
338
202
65
-82
-112
23
121
191
301
341
238
-51
-258
-297
-229
36
260
357
305
-48
-325
-259
-254
-158
248
320
74
-95
-308
-432
-410
-307
4
244
219
155
-1
-218
-295
-199
19
249
355
258
77
-85
-214
-270
-99
180
271
290
175
6
-33
-134
-134
81
219
191
139
-46
-326
-324
-179
-98
23
75
31
-30
-123
-206
-108
38
75
219
298
163
40
-103
-120
20
92
227
358
230
27
-114
-142
-26
80
138
173
216
136
-73
-116
-103
-91
68
198
148
-13
-131
-238
-307
-184
-75
-38
16
39
-44
-207
-224
-198
-138
24
97
187
149
-71
-80
-71
-68
132
209
145
80
-36
-135
-142
-87
-61
-12
10
-39
-72
-112
-115
-130
-87
117
186
83
94
109
21
38
148
227
162
76
96
35
-33
-50
-34
2
-27
8
46
-42
-120
-105
-38
-7
38
103
48
-9
-69
-116
1
47
10
41
72
13
-90
-62
-64
-92
-27
6
52
41
-66
-136
-123
-132
-130
18
104
50
47
41
-41
-33
37
104
197
181
114
109
26
-46
42
71
32
102
116
-16
-91
-44
-57
-31
34
-16
10
9
-107
-108
-87
-65
-22
3
38
13
-35
-57
-33
-22
-10
95
98
29
11
-61
-72
-18
-24
32
70
4
2
-49
-115
-88
-61
32
67
45
27
-53
-73
-101
-108
-26
-2
9
26
9
-49
-91
-39
-22
-7
82
90
15
33
54
-25
10
111
137
156
122
37
-1
-57
-71
26
64
48
71
3
-108
-96
-64
-54
40
103
53
20
-4
-78
-103
-30
64
100
63
28
-15
-111
-146
-70
23
59
41
5
-53
-131
-170
-125
-4
77
60
70
55
-65
-97
-25
27
93
131
88
50
-20
-77
-21
-15
-22
26
43
-10
-51
-101
-171
-70
-11
0
78
26
-47
-78
-87
-48
6
52
84
83
27
-23
-65
-81
-67
-43
46
80
8
-23
-67
-146
-112
-41
4
58
64
58
56
34
57
93
106
101
94
97
41
-25
-15
-16
-32
-11
-28
-77
-87
-129
-172
-195
-214
-168
-163
-180
-138
-208
-278
-227
-186
-173
-143
-110
-95
-119
-163
-142
-128
-121
-57
-42
-50
-55
-92
-130
-160
-142
-84
-49
-88
-111
-114
-197
-235
-224
-223
-161
-138
-174
-186
-220
-282
-306
-228
-157
-184
-204
-214
-232
-239
-245
-191
-134
-137
-67
5
-22
-36
-38
-19
41
97
204
262
265
306
311
320
371
378
394
488
540
532
505
450
437
403
388
505
565
530
529
462
371
379
399
441
499
514
510
498
482
437
416
434
516
626
635
624
566
452
451
480
512
587
551
467
405
300
221
207
205
141
107
62
-56
-136
-313
-399
-326
-379
-439
-418
-480
-631
-718
-718
-709
-727
-776
-762
-775
-889
-941
-951
-996
-1014
-1001
-1007
-997
-1057
-1195
-1230
-1258
-1300
-1322
-1330
-1340
-1474
-1538
-1536
-1596
-1585
-1517
-1421
-1352
-1296
-1210
-1111
-995
-872
-605
-349
-212
50
260
380
570
782
1031
1283
1504
1677
1804
1886
1947
2004
2075
2202
2255
2226
2213
2124
1965
1875
1804
1711
1662
1605
1517
1394
1218
1094
1041
1021
1073
1106
1072
1066
1029
957
957
995
1041
1080
1085
1090
1046
940
902
877
782
756
755
626
477
340
118
-71
-164
-275
-394
-517
-728
-957
-1158
-1401
-1636
-1802
-1976
-2177
-2372
-2608
-2912
-3239
-3560
-3857
-4090
-4242
-4342
-4408
-4455
-4496
-4502
-4413
-4249
-4046
-3750
-3323
-2842
-2365
-1856
-1321
-842
-331
300
899
1402
1912
2364
2688
2966
3194
3373
3488
3559
3625
3594
3410
3130
2866
2540
2150
1843
1554
1227
881
521
168
-159
-421
-567
-600
-569
-504
-499
-489
-376
-269
-61
331
688
1020
1364
1629
1901
2125
2320
2621
2852
3013
3193
3225
3177
3124
3004
2927
2845
2678
2517
2321
1976
1595
1204
825
545
283
76
-138
-435
-771
-1093
-1366
-1607
-1708
-1734
-1768
-1844
-1989
-2156
-2342
-2427
-2415
-2381
-2328
-2355
-2438
-2622
-2873
-3066
-3279
-3395
-3361
-3353
-3395
-3489
-3639
-3762
-3751
-3597
-3351
-3123
-2896
-2607
-2351
-2086
-1732
-1346
-946
-463
26
462
844
1137
1394
1628
1914
2226
2476
2659
2707
2666
2592
2506
2418
2310
2171
1992
1763
1499
1231
940
640
413
264
167
63
-94
-211
-237
-234
-135
103
312
470
672
875
1100
1411
1741
2043
2300
2501
2679
2814
2910
2985
3045
3074
3064
3022
2925
2730
2468
2252
2039
1823
1652
1368
995
638
294
54
-147
-381
-560
-808
-1131
-1354
-1527
-1644
-1736
-1847
-1915
-2023
-2227
-2411
-2521
-2656
-2766
-2804
-2884
-3062
-3323
-3574
-3755
-3841
-3884
-3898
-3851
-3877
-3928
-3839
-3700
-3540
-3283
-2951
-2548
-2139
-1738
-1305
-918
-513
-49
450
987
1467
1861
2155
2352
2549
2765
2908
2998
3076
3036
2899
2726
2495
2245
1993
1763
1591
1383
1078
758
443
139
-65
-147
-162
-196
-281
-381
-423
-360
-203
11
296
601
839
1040
1222
1421
1669
1948
2237
2515
2694
2695
2654
2606
2552
2615
2697
2704
2575
2279
1954
1647
1379
1190
1053
880
633
333
-78
-466
-721
-896
-931
-936
-1028
-1205
-1479
-1724
-1864
-1862
-1760
-1683
-1673
-1789
-1982
-2164
-2307
-2380
-2436
-2511
-2634
-2832
-3083
-3344
-3554
-3673
-3706
-3671
-3574
-3500
-3498
-3506
-3475
-3284
-2903
-2450
-1958
-1493
-1146
-807
-457
-78
422
954
1439
1901
2256
2471
2636
2722
2817
3019
3152
3245
3283
3090
2782
2459
2176
1976
1806
1660
1448
1110
733
375
73
-126
-201
-204
-218
-268
-373
-462
-496
-420
-167
150
430
614
698
789
917
1133
1429
1735
1997
2111
2134
2081
1978
1937
1939
2004
2036
1958
1762
1479
1196
923
767
691
640
570
302
-40
-345
-599
-732
-759
-689
-665
-798
-1011
-1197
-1302
-1345
-1272
-1152
-1098
-1082
-1202
-1383
-1557
-1723
-1774
-1815
-1882
-2005
-2247
-2520
-2784
-2996
-3151
-3199
-3205
-3242
-3244
-3229
-3183
-3148
-3057
-2776
-2386
-1982
-1561
-1174
-870
-589
-265
189
694
1153
1532
1820
2035
2169
2304
2422
2539
2645
2655
2658
2604
2432
2188
1944
1759
1618
1487
1347
1166
901
610
394
280
228
171
120
81
14
-63
-88
-66
2
117
235
368
512
616
695
798
961
1168
1343
1459
1542
1589
1598
1604
1620
1641
1619
1529
1434
1349
1207
1033
885
740
615
516
382
200
-10
-222
-371
-461
-514
-513
-552
-682
-816
-917
-964
-940
-908
-876
-856
-906
-997
-1077
-1157
-1226
-1282
-1335
-1393
-1503
-1664
-1809
-1959
-2114
-2194
-2212
-2248
-2306
-2356
-2370
-2332
-2261
-2180
-2085
-1954
-1819
-1678
-1474
-1250
-1054
-875
-702
-488
-243
-22
197
391
537
686
849
1015
1179
1292
1368
1433
1472
1513
1567
1599
1601
1584
1559
1543
1508
1433
1371
1327
1251
1167
1114
1043
932
809
691
618
588
569
570
550
463
370
340
366
403
409
412
444
464
452
449
475
509
519
531
593
665
687
687
693
705
718
724
748
789
790
758
725
670
601
536
437
338
284
222
142
60
-65
-230
-388
-504
-560
-585
-619
-681
-770
-867
-939
-975
-990
-992
-964
-929
-922
-906
-884
-931
-1018
-1047
-1038
-1048
-1057
-1073
-1140
-1284
-1431
-1517
-1580
-1644
-1693
-1737
-1775
-1811
-1867
-1900
-1881
-1847
-1803
-1706
-1539
-1353
-1209
-1069
-887
-704
-521
-293
-20
257
519
762
994
1208
1372
1499
1617
1721
1816
1896
1923
1900
1839
1714
1569
1434
1288
1153
1050
931
790
643
480
329
226
191
211
235
244
258
266
263
300
398
522
651
764
868
972
1064
1127
1187
1270
1359
1436
1460
1458
1424
1338
1253
1163
1123
1072
959
811
626
472
323
186
97
17
-55
-187
-352
-489
-591
-632
-656
-653
-642
-681
-741
-821
-861
-863
-865
-838
-827
-821
-849
-940
-1040
-1161
-1245
-1278
-1306
-1319
-1411
-1564
-1725
-1879
-1944
-1988
-1988
-1977
-2007
-2021
-2046
-2000
-1923
-1870
-1771
-1631
-1418
-1224
-1080
-897
-714
-513
-270
-18
290
590
783
924
1065
1202
1342
1509
1614
1669
1704
1654
1627
1620
1607
1584
1514
1461
1378
1249
1133
1035
947
859
808
785
721
604
486
391
310
258
261
303
308
265
217
186
167
161
212
314
369
368
367
353
336
327
346
411
476
520
546
542
514
476
465
480
521
569
587
575
504
407
351
316
293
277
264
243
175
89
21
-46
-99
-125
-157
-204
-252
-303
-367
-423
-444
-455
-491
-546
-593
-630
-674
-726
-762
-801
-888
-1004
-1101
-1171
-1240
-1314
-1389
-1460
-1535
-1625
-1719
-1795
-1840
-1862
-1861
-1828
-1769
-1707
-1655
-1600
-1526
-1418
-1262
-1086
-899
-707
-544
-390
-210
-27
144
311
496
683
821
931
1062
1167
1214
1248
1300
1353
1370
1358
1334
1289
1220
1136
1064
1019
977
917
832
737
676
638
607
577
529
485
438
380
358
377
382
355
333
341
365
371
375
396
411
435
479
517
563
599
612
627
652
716
779
776
765
791
825
846
843
844
838
795
725
682
656
606
554
472
390
325
224
125
14
-101
-170
-239
-335
-434
-524
-623
-726
-820
-903
-948
-979
-1022
-1070
-1120
-1173
-1221
-1253
-1277
-1278
-1261
-1277
-1302
-1335
-1360
-1351
-1370
-1345
-1298
-1290
-1260
-1241
-1213
-1162
-1129
-1067
-992
-931
-858
-770
-694
-632
-563
-495
-411
-328
-280
-206
-126
-110
-74
9
73
122
185
252
302
350
402
465
536
555
591
653
687
733
776
831
882
902
942
982
1011
1022
1027
1046
1070
1116
1153
1179
1179
1169
1176
1152
1146
1179
1191
1165
1119
1112
1108
1056
999
985
985
926
874
870
832
748
680
654
633
580
517
477
414
305
211
159
106
20
-74
-166
-252
-364
-461
-551
-663
-756
-854
-941
-1020
-1098
-1140
-1215
-1280
-1308
-1320
-1322
-1345
-1345
-1321
-1308
-1284
-1260
-1222
-1176
-1144
-1108
-1071
-1009
-943
-888
-827
-770
-694
-638
-602
-574
-564
-524
-494
-468
-426
-433
-437
-441
-447
-437
-437
-406
-396
-416
-414
-411
-404
-401
-378
-329
-292
-249
-200
-135
-73
-15
82
183
264
352
442
546
643
721
833
959
1039
1098
1164
1248
1321
1362
1403
1449
1482
1479
1464
1469
1462
1436
1405
1381
1354
1312
1256
1193
1129
1054
980
912
825
767
713
624
519
424
346
252
160
82
12
-60
-146
-219
-298
-372
-457
-532
-573
-636
-680
-710
-761
-815
-852
-854
-863
-876
-867
-847
-812
-798
-774
-739
-722
-700
-676
-638
-603
-566
-511
-477
-473
-460
-434
-416
-401
-390
-365
-331
-325
-325
-311
-309
-306
-288
-270
-251
-240
-242
-238
-240
-241
-239
-247
-250
-250
-245
-239
-254
-262
-261
-274
-269
-276
-291
-275
-284
-295
-276
-249
-213
-201
-177
-123
-92
-60
-19
50
122
165
218
280
334
395
440
498
573
627
677
736
780
830
881
905
949
993
998
990
968
961
960
930
897
866
819
747
686
642
588
525
431
359
284
194
137
70
10
-46
-96
-121
-169
-211
-244
-267
-285
-295
-259
-227
-221
-236
-235
-212
-197
-173
-159
-134
-116
-125
-146
-181
-168
-185
-213
-220
-246
-254
-292
-331
-375
-407
-418
-446
-443
-453
-491
-518
-535
-531
-521
-495
-486
-473
-453
-446
-423
-424
-395
-362
-377
-350
-342
-336
-346
-379
-374
-412
-440
-423
-431
-455
-484
-492
-494
-503
-513
-513
-473
-470
-460
-391
-355
-287
-245
-205
-109
-61
32
100
163
264
294
392
480
529
613
649
687
730
779
808
824
885
886
875
871
880
909
840
837
864
831
800
729
756
746
642
629
609
611
557
468
478
416
374
340
262
253
196
158
111
32
17
-24
-44
-115
-181
-168
-207
-260
-315
-324
-334
-399
-434
-456
-426
-460
-506
-423
-457
-473
-403
-446
-417
-429
-417
-337
-394
-314
-265
-314
-280
-299
-261
-259
-271
-198
-248
-289
-223
-245
-341
-368
-284
-271
-404
-407
-350
-394
-434
-461
-433
-415
-428
-418
-396
-359
-371
-345
-260
-260
-248
-134
-116
-120
-50
22
91
52
112
261
221
215
294
369
364
254
346
462
365
367
416
448
464
416
478
478
458
514
511
516
477
534
614
533
481
576
668
563
488
553
615
539
385
469
516
332
288
322
249
103
113
202
-62
-253
-52
-102
-367
-389
-326
-325
-472
-510
-428
-528
-463
-484
-543
-476
-509
-363
-430
-495
-336
-334
-275
-364
-342
-178
-230
-203
-254
-177
-77
-179
-151
-168
-100
-85
-163
-90
-126
-104
-94
-126
-87
-107
-80
-67
-83
-175
-102
-8
-171
-103
-56
13
-31
-238
18
35
-106
-58
-69
38
-18
-10
56
-51
1
124
102
-97
17
244
104
-43
-2
286
156
-75
173
222
142
98
219
252
57
234
369
165
176
389
353
146
229
389
329
263
263
382
355
175
254
296
196
79
119
243
12
-112
41
44
-168
-200
-39
-191
-303
-207
-141
-225
-384
-182
-129
-355
-255
-91
-138
-247
-133
-30
-174
-78
31
-41
-33
1
84
-39
-45
132
3
22
76
4
33
-11
49
49
-22
49
75
49
-2
38
63
78
131
21
75
138
55
24
1
67
-27
-28
96
-79
-100
-37
-120
-180
-200
-155
-199
-197
-227
-318
-289
-305
-293
-321
-279
-195
-196
-133
-180
-216
-164
-46
92
59
22
190
306
124
40
262
432
381
336
390
337
253
389
395
155
306
529
290
30
74
265
61
-165
150
166
-156
-179
-76
-159
-365
-271
-137
-247
-271
-166
-174
-347
-302
-199
-247
-225
-188
-16
-28
-207
-91
-71
-55
47
63
195
160
18
66
178
167
34
142
320
226
108
95
94
112
158
142
26
11
150
142
-34
-87
-11
36
30
-49
-12
105
-13
-139
-127
-74
-61
-113
-42
-32
-175
-222
-142
-201
-331
-212
-135
-265
-339
-214
-186
-425
-389
-138
-147
-309
-297
-132
-221
-226
14
-54
-192
-62
162
58
-140
85
287
184
84
102
138
264
306
166
163
255
265
122
108
300
228
35
98
208
147
-6
-64
39
131
88
-65
-100
72
69
-119
-170
-62
45
7
-89
-119
-52
51
19
-51
12
124
65
-57
102
218
108
95
185
174
120
226
264
171
234
331
221
169
312
315
265
272
246
289
296
253
185
162
252
202
153
184
124
72
65
130
59
-63
28
46
-66
-135
-88
-7
-88
-171
-175
-168
-131
-169
-253
-197
-117
-252
-362
-207
-103
-258
-388
-279
-207
-293
-300
-251
-297
-339
-348
-343
-306
-303
-280
-311
-378
-370
-401
-421
-412
-389
-402
-413
-391
-456
-462
-408
-430
-444
-394
-322
-305
-363
-393
-297
-215
-272
-276
-159
-75
-89
-97
-51
5
25
-8
71
178
172
195
208
258
297
280
315
419
525
480
453
534
558
563
612
668
701
751
774
770
755
717
773
820
796
833
774
696
764
741
688
651
675
759
636
530
521
499
480
425
406
342
297
291
228
181
101
89
130
66
-29
-81
-82
-126
-195
-177
-210
-278
-298
-308
-346
-455
-478
-440
-465
-539
-651
-668
-659
-741
-876
-965
-959
-1049
-1225
-1346
-1418
-1518
-1663
-1763
-1841
-1966
-2062
-2095
-2190
-2267
-2222
-2168
-2122
-2029
-1945
-1845
-1629
-1445
-1252
-978
-682
-397
-223
32
371
700
986
1188
1432
1688
1891
1988
2118
2274
2363
2442
2402
2406
2412
2283
2209
2082
1972
1872
1682
1525
1324
1147
959
809
713
556
450
276
164
142
23
10
36
46
51
-7
85
251
286
324
492
648
691
795
974
1087
1135
1232
1342
1363
1390
1416
1369
1307
1309
1310
1258
1160
1048
901
733
604
450
348
171
-56
-252
-544
-798
-1105
-1329
-1495
-1795
-2066
-2386
-2665
-2979
-3410
-3710
-3934
-3984
-4014
-4181
-4380
-4670
-4829
-4793
-4496
-4074
-3819
-3630
-3585
-3416
-2943
-2410
-1745
-1104
-686
-401
-70
407
999
1570
1944
2350
2717
2924
3105
3222
3480
3671
3722
3761
3670
3580
3393
3208
3120
2995
2813
2516
2168
1804
1476
1275
1142
963
671
201
-233
-409
-507
-588
-655
-818
-998
-1207
-1424
-1380
-1108
-870
-703
-630
-671
-734
-689
-334
264
709
885
937
954
1020
1212
1642
2187
2367
2218
2097
1913
1759
1879
2066
2087
1919
1645
1327
917
645
585
507
417
267
-87
-489
-750
-968
-1031
-889
-833
-987
-1286
-1414
-1417
-1477
-1392
-1263
-1309
-1485
-1664
-1804
-1911
-1975
-2053
-2182
-2432
-2663
-2717
-2811
-2998
-3147
-3160
-3154
-3215
-3193
-3167
-3054
-2792
-2579
-2399
-2165
-1862
-1597
-1325
-943
-480
-52
225
467
770
1100
1463
1803
2029
2257
2488
2540
2563
2744
2923
2929
2885
2905
2898
2763
2596
2473
2371
2294
2151
1968
1738
1455
1221
938
726
637
494
228
-119
-320
-422
-588
-645
-580
-604
-758
-854
-707
-555
-518
-331
-74
125
212
298
597
775
847
1139
1359
1385
1393
1483
1567
1566
1583
1577
1566
1473
1355
1227
987
854
742
584
424
241
140
-81
-327
-419
-468
-471
-557
-707
-868
-981
-1057
-1192
-1192
-1223
-1388
-1579
-1767
-1882
-2107
-2420
-2579
-2619
-2752
-2928
-3032
-3254
-3539
-3616
-3493
-3381
-3276
-3061
-2917
-2933
-2768
-2279
-1809
-1486
-1117
-695
-356
-87
298
805
1214
1523
1833
2115
2285
2442
2604
2734
2906
2945
2875
2788
2693
2613
2476
2403
2352
2178
1886
1551
1337
1206
1066
926
701
348
3
-247
-371
-428
-556
-664
-751
-970
-1222
-1270
-1119
-896
-681
-566
-639
-751
-612
-195
252
560
755
866
880
940
1258
1723
2005
2050
2051
2049
1998
1975
2028
2112
2154
2059
1774
1447
1199
976
818
782
755
519
85
-306
-544
-582
-484
-459
-652
-981
-1195
-1299
-1309
-1210
-1277
-1474
-1664
-1845
-2017
-2272
-2466
-2576
-2694
-2791
-2892
-3009
-3228
-3482
-3520
-3330
-3147
-3013
-2856
-2831
-2865
-2638
-2135
-1603
-1253
-988
-703
-535
-291
238
803
1170
1354
1563
1745
1860
2089
2320
2466
2544
2550
2464
2328
2302
2308
2271
2230
2117
1888
1597
1425
1363
1251
1142
988
696
354
89
25
61
-44
-251
-456
-715
-929
-895
-661
-475
-448
-516
-623
-690
-513
-69
321
443
455
544
692
877
1205
1584
1715
1681
1734
1816
1914
2060
2091
1995
1909
1862
1745
1537
1410
1350
1144
856
628
447
256
61
-44
-149
-367
-574
-732
-870
-894
-898
-1001
-1113
-1252
-1447
-1614
-1640
-1632
-1807
-2068
-2319
-2561
-2786
-2897
-2873
-2906
-3062
-3293
-3494
-3555
-3472
-3306
-3129
-2982
-2917
-2878
-2664
-2262
-1852
-1465
-1087
-772
-474
-143
204
571
943
1347
1693
1856
1986
2200
2359
2465
2640
2725
2700
2659
2560
2497
2496
2486
2369
2190
2010
1777
1553
1385
1336
1239
939
648
432
270
112
-30
-41
-121
-350
-492
-521
-569
-607
-508
-327
-239
-299
-262
-94
-6
142
463
761
777
708
852
1061
1233
1417
1568
1567
1459
1456
1512
1508
1511
1533
1414
1159
1033
932
711
525
408
310
160
-64
-358
-648
-751
-691
-687
-804
-971
-1215
-1384
-1402
-1338
-1295
-1422
-1598
-1785
-2054
-2221
-2237
-2322
-2470
-2551
-2692
-2928
-3089
-3131
-3110
-3081
-3045
-2968
-2866
-2791
-2715
-2543
-2241
-1834
-1472
-1196
-939
-723
-393
60
519
953
1227
1410
1641
1884
2147
2466
2685
2737
2755
2803
2883
2891
2835
2850
2767
2587
2430
2274
2130
1952
1744
1537
1326
1047
700
452
315
185
-3
-231
-463
-720
-925
-958
-821
-697
-747
-941
-1099
-1073
-798
-367
-52
-25
-144
-98
190
525
876
1189
1249
1177
1254
1431
1616
1809
1941
1947
1842
1731
1654
1542
1463
1474
1426
1204
887
601
427
352
232
76
-120
-381
-638
-855
-876
-803
-922
-1178
-1381
-1501
-1605
-1655
-1739
-1887
-2038
-2268
-2531
-2726
-2837
-2859
-2906
-3111
-3299
-3354
-3423
-3525
-3486
-3247
-3003
-2924
-2912
-2751
-2449
-2071
-1631
-1245
-902
-589
-263
93
449
884
1344
1730
2025
2237
2462
2657
2805
2955
3127
3275
3230
3056
2944
2922
2869
2661
2418
2231
2026
1723
1394
1198
1059
773
361
63
-53
-181
-400
-546
-635
-828
-1026
-1054
-931
-833
-845
-876
-808
-717
-607
-359
-130
12
142
268
480
717
885
1050
1257
1417
1523
1621
1708
1806
1862
1867
1887
1885
1821
1735
1652
1566
1445
1263
1029
811
669
549
366
139
-80
-304
-532
-690
-762
-874
-1089
-1331
-1496
-1570
-1670
-1812
-1968
-2123
-2301
-2524
-2744
-2870
-2868
-2942
-3084
-3224
-3400
-3440
-3369
-3333
-3287
-3168
-3012
-2892
-2750
-2493
-2171
-1873
-1511
-1092
-799
-544
-173
186
520
957
1347
1581
1758
1945
2189
2480
2681
2776
2832
2842
2837
2789
2729
2747
2670
2410
2165
2094
1988
1696
1395
1221
1101
805
467
342
207
-41
-230
-322
-426
-668
-860
-795
-651
-649
-744
-756
-712
-630
-388
-131
8
69
157
333
549
844
1085
1184
1335
1449
1478
1674
1954
2038
1991
2000
2045
2035
1922
1892
1932
1744
1526
1416
1217
978
800
667
496
246
-15
-231
-448
-624
-736
-924
-1134
-1333
-1604
-1789
-1888
-2038
-2275
-2510
-2672
-2883
-3166
-3373
-3385
-3482
-3748
-3811
-3789
-3891
-4003
-3934
-3732
-3561
-3354
-3158
-3024
-2802
-2431
-1993
-1593
-1184
-718
-362
-108
277
793
1254
1588
1926
2259
2479
2658
2891
3095
3143
3236
3369
3276
3138
3118
3080
2889
2625
2503
2368
2032
1643
1385
1212
945
660
465
238
-72
-354
-484
-594
-791
-912
-908
-887
-959
-1056
-1018
-858
-661
-572
-500
-312
-127
-29
103
501
917
942
921
1216
1462
1483
1652
1951
2071
2024
2008
2052
2027
2007
2070
1987
1785
1693
1526
1207
999
929
796
501
186
-66
-335
-558
-614
-722
-979
-1191
-1458
-1692
-1704
-1683
-1835
-2097
-2263
-2396
-2694
-2944
-2879
-2826
-3035
-3216
-3325
-3498
-3597
-3503
-3338
-3326
-3392
-3294
-3131
-3012
-2758
-2421
-2148
-1825
-1440
-1146
-879
-484
17
451
774
1146
1552
1777
1928
2247
2659
2934
2987
2969
3047
3174
3207
3163
3142
3077
2830
2527
2379
2323
2139
1786
1424
1163
935
682
445
252
48
-199
-410
-574
-746
-825
-782
-747
-774
-876
-990
-982
-808
-503
-251
-236
-282
-167
28
254
588
911
1034
1031
1116
1278
1407
1600
1846
1885
1779
1761
1736
1677
1726
1781
1680
1461
1292
1150
901
728
757
658
297
-39
-224
-395
-548
-611
-737
-998
-1257
-1478
-1569
-1485
-1533
-1845
-2128
-2217
-2296
-2540
-2746
-2749
-2823
-3094
-3284
-3291
-3329
-3368
-3306
-3249
-3259
-3189
-2920
-2739
-2689
-2472
-2118
-1797
-1533
-1193
-818
-497
-124
266
652
1048
1358
1605
1895
2251
2500
2586
2734
2917
3008
3032
3020
2986
2892
2787
2671
2484
2278
2150
1992
1635
1327
1162
929
640
342
153
10
-285
-527
-598
-722
-925
-1012
-974
-964
-1028
-1026
-980
-995
-910
-631
-415
-340
-206
2
204
377
640
1002
1176
1256
1422
1531
1681
1923
2084
2078
2021
2094
2140
2042
1965
1989
1891
1604
1427
1287
1067
883
683
468
241
-8
-251
-505
-654
-700
-882
-1210
-1434
-1527
-1684
-1829
-1891
-2080
-2319
-2480
-2629
-2778
-2890
-2880
-2962
-3253
-3412
-3336
-3283
-3301
-3197
-3097
-3155
-3067
-2752
-2486
-2363
-2122
-1694
-1412
-1240
-913
-481
-86
257
599
895
1179
1510
1781
2002
2286
2542
2570
2535
2700
2886
2825
2651
2652
2680
2450
2151
2017
1940
1708
1345
1115
980
752
464
226
91
-73
-312
-498
-624
-694
-743
-755
-687
-702
-852
-964
-782
-370
-179
-221
-204
-26
190
362
666
1024
1134
1110
1276
1559
1706
1834
2016
2104
2123
2133
2116
2068
2094
2216
2145
1887
1730
1619
1435
1193
1055
971
730
373
-39
-329
-401
-488
-715
-1033
-1260
-1489
-1796
-1899
-1831
-1953
-2303
-2563
-2625
-2800
-3071
-3137
-3085
-3180
-3355
-3512
-3658
-3657
-3499
-3359
-3328
-3353
-3298
-3107
-2863
-2596
-2306
-2023
-1722
-1452
-1170
-800
-361
91
438
757
1095
1428
1725
1989
2311
2600
2748
2807
2891
3016
3068
3025
2979
2948
2812
2539
2281
2134
2012
1803
1516
1201
916
701
521
314
109
-73
-253
-390
-462
-524
-635
-711
-627
-553
-619
-620
-483
-317
-198
-112
52
222
286
433
680
846
979
1128
1260
1374
1449
1545
1723
1853
1864
1818
1777
1808
1838
1761
1660
1539
1378
1269
1111
878
746
626
397
108
-180
-369
-513
-735
-951
-1141
-1363
-1603
-1797
-1900
-1986
-2172
-2409
-2585
-2704
-2847
-3016
-3088
-3079
-3169
-3373
-3485
-3437
-3357
-3265
-3188
-3179
-3166
-2980
-2656
-2407
-2182
-1904
-1587
-1301
-1017
-624
-238
157
551
822
1133
1476
1735
1974
2267
2604
2808
2836
2871
3021
3154
3131
3065
3023
2928
2751
2529
2320
2134
1976
1782
1467
1130
870
630
386
152
-49
-218
-451
-686
-785
-878
-1018
-1037
-940
-876
-909
-956
-922
-810
-601
-285
-61
-43
-20
178
421
641
949
1244
1300
1254
1362
1594
1812
2001
2082
2004
1935
1985
1998
1916
1878
1860
1671
1346
1118
1017
882
662
410
140
-130
-377
-643
-911
-1056
-1146
-1392
-1751
-1997
-2160
-2378
-2537
-2589
-2771
-3109
-3309
-3314
-3356
-3466
-3508
-3545
-3630
-3596
-3435
-3361
-3337
-3138
-2833
-2617
-2413
-2090
-1737
-1433
-1118
-751
-352
56
418
717
1037
1412
1738
1988
2269
2567
2757
2859
2986
3107
3140
3108
3058
2990
2897
2761
2572
2359
2134
1882
1634
1392
1111
819
564
324
73
-186
-445
-635
-704
-782
-970
-1113
-1110
-1119
-1182
-1083
-832
-725
-780
-697
-430
-201
-46
174
423
587
710
883
1076
1282
1502
1651
1704
1775
1888
1946
1938
1982
2061
2039
1932
1821
1712
1632
1524
1335
1157
1010
823
575
275
64
-24
-191
-472
-730
-954
-1188
-1413
-1569
-1681
-1860
-2123
-2382
-2588
-2746
-2889
-3004
-3062
-3152
-3373
-3608
-3634
-3465
-3310
-3283
-3336
-3346
-3210
-2956
-2687
-2425
-2128
-1862
-1653
-1389
-1016
-618
-234
146
478
742
1026
1354
1660
1941
2239
2475
2581
2655
2776
2889
2956
2992
2966
2863
2738
2608
2450
2298
2167
1975
1686
1393
1151
927
695
477
260
5
-243
-425
-567
-724
-874
-945
-927
-920
-963
-981
-941
-880
-747
-498
-270
-179
-114
50
283
533
791
1003
1141
1262
1382
1466
1596
1821
1963
1914
1858
1929
1968
1901
1882
1902
1782
1555
1406
1345
1221
1028
811
548
313
158
-33
-281
-497
-727
-1018
-1308
-1522
-1714
-1975
-2227
-2435
-2705
-2985
-3124
-3219
-3416
-3614
-3722
-3830
-3914
-3850
-3743
-3747
-3754
-3615
-3376
-3126
-2860
-2582
-2316
-1990
-1618
-1295
-924
-441
-26
281
636
1030
1334
1579
1908
2281
2532
2677
2804
2884
2949
3061
3143
3116
3040
2959
2834
2663
2535
2439
2239
1958
1709
1422
1088
869
725
459
106
-148
-279
-454
-711
-846
-835
-853
-908
-965
-1037
-999
-808
-567
-412
-391
-335
-133
81
332
636
768
799
969
1171
1288
1409
1572
1710
1713
1658
1727
1776
1712
1720
1727
1587
1435
1337
1203
1037
941
884
677
372
156
8
-158
-311
-480
-720
-996
-1228
-1425
-1597
-1733
-1934
-2267
-2574
-2735
-2870
-3042
-3166
-3304
-3553
-3762
-3735
-3609
-3607
-3654
-3600
-3472
-3284
-3024
-2735
-2480
-2250
-1936
-1564
-1251
-878
-411
-51
237
591
965
1283
1544
1831
2163
2396
2483
2558
2689
2844
2953
2983
2978
2920
2788
2673
2590
2491
2371
2162
1875
1630
1396
1163
955
720
466
230
0
-202
-372
-537
-663
-728
-762
-815
-890
-921
-866
-741
-591
-461
-365
-290
-185
5
261
488
622
705
809
955
1133
1308
1420
1461
1504
1576
1602
1582
1604
1639
1583
1480
1409
1310
1153
1062
1068
972
698
441
323
220
72
-82
-267
-507
-784
-992
-1155
-1315
-1469
-1752
-2098
-2393
-2598
-2714
-2857
-3012
-3222
-3520
-3702
-3656
-3558
-3531
-3529
-3567
-3538
-3321
-3029
-2754
-2511
-2242
-1894
-1631
-1354
-893
-469
-148
168
527
855
1068
1313
1658
1984
2196
2305
2415
2557
2655
2700
2779
2869
2816
2593
2417
2402
2376
2207
1993
1800
1568
1299
1091
955
772
512
272
79
-88
-229
-379
-478
-498
-545
-631
-702
-690
-563
-425
-397
-353
-201
-89
23
159
345
554
678
785
894
1026
1198
1315
1365
1423
1488
1510
1519
1548
1556
1504
1406
1330
1293
1217
1102
1021
925
752
532
346
250
163
-37
-309
-561
-778
-987
-1233
-1504
-1729
-1977
-2293
-2549
-2714
-2903
-3143
-3393
-3580
-3648
-3677
-3730
-3781
-3813
-3770
-3613
-3363
-3066
-2828
-2652
-2391
-2018
-1604
-1187
-805
-458
-121
213
592
1008
1343
1577
1783
1994
2207
2390
2518
2615
2657
2637
2637
2646
2597
2516
2405
2248
2122
2024
1867
1646
1424
1256
1138
995
786
539
287
115
42
-54
-192
-294
-384
-460
-486
-472
-413
-337
-283
-222
-189
-133
18
171
322
490
583
645
770
940
1081
1146
1212
1283
1275
1303
1408
1427
1372
1345
1309
1209
1090
1045
1028
915
737
595
452
298
187
88
-36
-202
-407
-599
-776
-998
-1226
-1418
-1627
-1902
-2171
-2353
-2508
-2729
-3016
-3272
-3378
-3352
-3359
-3469
-3597
-3597
-3452
-3268
-3049
-2805
-2634
-2473
-2191
-1826
-1467
-1112
-748
-399
-72
253
577
884
1186
1479
1724
1892
2007
2118
2229
2323
2403
2436
2382
2275
2174
2102
2077
2077
1987
1742
1466
1304
1237
1172
1060
877
659
495
391
276
156
93
49
-56
-167
-193
-191
-200
-149
-44
5
-25
8
155
291
406
537
593
608
684
809
939
1016
1076
1143
1122
1072
1096
1144
1172
1120
993
905
834
747
662
555
441
316
147
13
-79
-238
-420
-526
-627
-802
-1001
-1175
-1367
-1580
-1740
-1834
-1984
-2239
-2487
-2670
-2820
-2903
-2904
-2959
-3132
-3271
-3255
-3132
-2957
-2743
-2561
-2447
-2293
-2018
-1664
-1301
-952
-625
-330
-45
257
586
934
1275
1560
1763
1901
2011
2135
2293
2438
2476
2399
2308
2253
2192
2094
1987
1872
1722
1538
1343
1168
1047
973
886
762
632
505
385
309
291
288
261
198
110
54
76
152
217
249
257
245
244
293
390
485
522
519
542
629
735
789
787
804
849
863
831
793
769
719
632
540
464
396
314
208
107
18
-103
-265
-392
-469
-580
-739
-871
-965
-1088
-1259
-1449
-1622
-1745
-1824
-1920
-2065
-2227
-2412
-2583
-2618
-2532
-2488
-2565
-2670
-2686
-2634
-2514
-2251
-1975
-1885
-1848
-1667
-1360
-1004
-673
-420
-217
-9
247
535
795
1039
1261
1390
1507
1658
1750
1802
1866
1901
1884
1826
1759
1681
1563
1481
1438
1322
1170
1043
873
707
669
687
634
499
348
278
304
342
365
375
352
311
302
385
531
610
612
630
651
694
793
870
898
907
897
902
937
980
993
935
883
887
848
772
734
691
595
476
373
268
164
83
4
-121
-270
-417
-561
-684
-778
-880
-1024
-1185
-1326
-1443
-1553
-1675
-1811
-1922
-1990
-2069
-2190
-2308
-2394
-2435
-2403
-2313
-2249
-2274
-2297
-2180
-1968
-1731
-1492
-1301
-1149
-1000
-816
-536
-204
76
289
432
562
761
994
1198
1374
1510
1558
1551
1579
1649
1667
1633
1611
1580
1476
1328
1205
1114
1050
992
886
727
569
440
348
328
342
285
151
40
-4
15
99
195
216
171
169
241
348
491
647
736
734
750
869
999
1081
1170
1205
1153
1146
1204
1218
1172
1133
1106
1034
922
837
756
645
542
450
322
157
-2
-133
-259
-392
-535
-704
-898
-1100
-1263
-1366
-1476
-1658
-1878
-2070
-2235
-2373
-2438
-2461
-2558
-2734
-2906
-2984
-2904
-2747
-2639
-2590
-2551
-2465
-2286
-2014
-1667
-1325
-1090
-880
-587
-273
40
386
719
1008
1232
1396
1568
1730
1890
2085
2214
2216
2135
2023
1973
1977
1930
1821
1627
1365
1136
994
909
813
652
450
236
35
-97
-123
-106
-161
-290
-389
-429
-445
-396
-254
-116
-80
-85
-17
120
269
463
677
808
860
934
1067
1229
1365
1484
1587
1602
1569
1574
1588
1587
1589
1549
1420
1238
1097
1014
910
769
628
467
241
-15
-210
-336
-473
-671
-908
-1154
-1395
-1597
-1716
-1790
-1938
-2202
-2490
-2675
-2731
-2743
-2802
-2932
-3081
-3179
-3160
-3038
-2897
-2779
-2676
-2571
-2432
-2186
-1830
-1474
-1193
-913
-577
-231
86
424
798
1160
1457
1689
1880
2055
2235
2419
2561
2623
2593
2485
2371
2307
2263
2157
1949
1684
1419
1200
1062
928
710
461
234
36
-102
-188
-249
-332
-461
-548
-566
-560
-503
-393
-317
-293
-249
-147
9
212
392
494
574
705
849
987
1137
1260
1299
1319
1393
1472
1490
1459
1454
1448
1366
1243
1142
1051
963
853
698
483
236
5
-174
-320
-492
-752
-1069
-1360
-1585
-1782
-1999
-2262
-2543
-2775
-2949
-3107
-3275
-3431
-3561
-3635
-3613
-3529
-3468
-3433
-3352
-3174
-2889
-2545
-2225
-1950
-1671
-1316
-888
-451
-30
368
701
1009
1369
1760
2074
2294
2515
2740
2876
2938
2993
3042
3044
2999
2926
2799
2576
2337
2173
2033
1836
1566
1261
981
739
521
343
183
-15
-226
-373
-450
-497
-547
-573
-548
-506
-479
-432
-336
-195
-36
111
250
374
508
681
865
1015
1122
1197
1278
1379
1464
1516
1531
1497
1439
1368
1273
1178
1087
989
852
635
363
121
-49
-181
-366
-655
-999
-1306
-1539
-1737
-1967
-2236
-2513
-2754
-2936
-3086
-3266
-3486
-3649
-3685
-3646
-3618
-3627
-3628
-3560
-3394
-3143
-2841
-2557
-2300
-2012
-1658
-1236
-776
-357
9
378
770
1172
1549
1860
2140
2386
2591
2792
2960
3037
3053
3054
3058
3022
2920
2793
2636
2456
2296
2103
1867
1645
1441
1214
973
762
598
430
260
133
19
-104
-181
-208
-233
-262
-261
-216
-158
-93
-31
24
114
248
366
435
495
582
673
756
847
924
946
945
966
972
916
842
811
788
699
542
360
178
15
-112
-245
-455
-750
-1055
-1300
-1497
-1698
-1939
-2218
-2501
-2740
-2902
-3031
-3196
-3384
-3517
-3557
-3532
-3511
-3507
-3469
-3362
-3192
-2968
-2714
-2448
-2194
-1931
-1586
-1162
-755
-409
-68
308
694
1060
1412
1745
2039
2294
2518
2712
2879
2999
3082
3138
3161
3135
3059
2939
2820
2726
2613
2436
2197
1954
1778
1626
1430
1208
1008
835
675
525
402
289
174
97
93
119
106
51
40
117
223
305
370
427
482
547
631
731
807
830
837
868
885
855
793
712
620
536
451
326
134
-91
-293
-441
-582
-806
-1092
-1354
-1566
-1747
-1930
-2146
-2403
-2658
-2844
-2954
-3029
-3144
-3317
-3467
-3495
-3423
-3343
-3295
-3249
-3175
-3048
-2848
-2576
-2300
-2075
-1848
-1560
-1224
-874
-522
-198
83
370
718
1047
1299
1524
1754
1973
2149
2312
2440
2484
2510
2577
2655
2648
2534
2413
2327
2265
2166
2007
1836
1659
1499
1359
1265
1178
1017
848
766
739
670
570
545
563
560
553
574
626
682
716
772
867
947
994
1024
1066
1126
1177
1206
1225
1216
1171
1107
1037
955
843
708
563
393
182
-62
-304
-537
-763
-996
-1264
-1574
-1863
-2085
-2297
-2568
-2839
-3020
-3155
-3319
-3482
-3607
-3721
-3793
-3737
-3595
-3500
-3475
-3403
-3215
-2952
-2649
-2348
-2089
-1846
-1539
-1174
-803
-419
-84
195
491
822
1143
1380
1584
1820
2028
2160
2265
2360
2397
2417
2456
2468
2399
2275
2159
2052
1960
1859
1699
1510
1352
1223
1082
960
858
743
621
520
495
470
408
388
434
502
532
586
678
743
816
940
1079
1185
1250
1296
1362
1449
1514
1551
1581
1586
1534
1430
1333
1263
1156
988
803
614
371
87
-167
-395
-668
-969
-1255
-1543
-1846
-2150
-2431
-2671
-2883
-3073
-3259
-3457
-3630
-3735
-3773
-3766
-3741
-3705
-3645
-3541
-3373
-3157
-2924
-2679
-2425
-2131
-1787
-1445
-1124
-777
-407
-67
238
551
875
1154
1389
1626
1842
1986
2076
2167
2275
2351
2352
2319
2276
2183
2058
1954
1864
1755
1594
1394
1213
1069
936
798
664
546
444
336
262
235
195
155
192
292
359
385
446
561
689
825
954
1056
1158
1278
1403
1537
1649
1700
1708
1748
1825
1828
1724
1602
1508
1398
1258
1095
886
613
327
105
-133
-436
-768
-1109
-1438
-1718
-1940
-2212
-2534
-2814
-3028
-3184
-3334
-3465
-3582
-3694
-3732
-3696
-3622
-3532
-3427
-3276
-3075
-2820
-2513
-2227
-1968
-1651
-1285
-917
-541
-197
106
395
720
1071
1358
1563
1747
1921
2039
2143
2257
2323
2314
2255
2204
2140
2041
1920
1774
1635
1471
1291
1126
980
857
703
531
416
342
255
185
147
114
89
93
130
170
217
302
409
506
591
692
810
919
1031
1153
1242
1286
1330
1400
1452
1446
1434
1423
1354
1259
1182
1077
919
735
565
394
182
-64
-312
-571
-837
-1089
-1338
-1613
-1902
-2175
-2419
-2628
-2813
-3003
-3189
-3320
-3391
-3433
-3434
-3376
-3304
-3240
-3137
-2954
-2716
-2458
-2171
-1861
-1561
-1267
-945
-579
-203
153
486
776
1031
1293
1536
1725
1886
2020
2093
2118
2126
2118
2071
1992
1901
1780
1629
1483
1352
1221
1077
924
785
664
553
473
437
424
398
364
350
380
451
541
627
696
758
834
945
1071
1178
1255
1324
1383
1414
1442
1484
1510
1490
1452
1415
1336
1208
1099
1025
923
762
555
340
170
22
-159
-383
-620
-857
-1091
-1313
-1502
-1671
-1865
-2078
-2290
-2499
-2680
-2792
-2835
-2875
-2958
-3038
-3051
-2991
-2880
-2739
-2589
-2454
-2313
-2139
-1917
-1655
-1387
-1150
-931
-714
-483
-221
37
258
445
602
739
876
1009
1110
1183
1227
1262
1290
1309
1329
1310
1268
1228
1178
1128
1081
1056
1026
954
874
830
836
860
886
915
938
937
936
982
1067
1149
1201
1230
1263
1291
1320
1383
1465
1508
1492
1450
1441
1436
1399
1371
1324
1209
1064
926
831
758
646
510
357
180
16
-122
-219
-326
-510
-712
-883
-1028
-1146
-1272
-1400
-1529
-1683
-1818
-1912
-2001
-2091
-2177
-2246
-2291
-2343
-2372
-2366
-2336
-2302
-2255
-2165
-2089
-2012
-1917
-1801
-1676
-1545
-1378
-1231
-1117
-1008
-847
-650
-490
-330
-191
-81
37
194
363
518
638
720
807
897
994
1080
1189
1283
1313
1348
1396
1473
1546
1579
1611
1611
1604
1628
1668
1685
1660
1649
1647
1650
1661
1672
1687
1676
1653
1615
1572
1551
1522
1496
1453
1386
1286
1165
1088
1012
908
795
655
533
397
251
133
24
-102
-260
-405
-522
-652
-775
-888
-985
-1122
-1266
-1356
-1423
-1494
-1599
-1685
-1747
-1827
-1874
-1903
-1954
-2009
-2034
-2041
-2052
-2042
-2036
-2022
-1995
-1958
-1881
-1821
-1791
-1752
-1662
-1527
-1429
-1356
-1273
-1159
-1040
-925
-776
-632
-516
-412
-265
-82
45
141
258
428
593
708
822
955
1083
1197
1329
1468
1561
1640
1713
1803
1888
1928
1984
2046
2066
2070
2080
2109
2107
2072
2040
2001
1946
1890
1864
1822
1739
1649
1561
1494
1402
1289
1182
1064
950
792
631
507
377
232
77
-42
-161
-321
-465
-597
-725
-858
-972
-1081
-1218
-1336
-1429
-1507
-1575
-1631
-1683
-1772
-1837
-1853
-1872
-1892
-1912
-1917
-1916
-1915
-1874
-1831
-1796
-1759
-1729
-1654
-1567
-1481
-1410
-1353
-1267
-1180
-1098
-1015
-917
-822
-749
-650
-541
-442
-365
-263
-103
10
78
166
301
457
568
656
741
837
938
1026
1136
1220
1257
1280
1354
1458
1488
1496
1539
1595
1619
1623
1656
1673
1679
1704
1713
1712
1691
1670
1649
1611
1595
1557
1499
1433
1351
1276
1191
1110
1028
917
796
663
556
462
317
154
7
-113
-260
-415
-535
-693
-851
-984
-1107
-1240
-1374
-1481
-1596
-1669
-1743
-1840
-1898
-1923
-1897
-1889
-1903
-1889
-1862
-1795
-1709
-1614
-1545
-1521
-1471
-1374
-1232
-1120
-1059
-1001
-945
-838
-724
-620
-540
-504
-439
-332
-198
-100
-57
10
105
191
267
348
426
467
525
615
699
773
806
830
898
958
996
1050
1087
1098
1124
1174
1218
1218
1197
1201
1197
1195
1192
1154
1083
1035
1035
1005
958
905
848
802
756
716
669
637
589
518
466
415
366
302
257
231
170
69
-2
-35
-85
-139
-211
-293
-368
-429
-480
-549
-601
-658
-741
-782
-812
-857
-921
-978
-967
-949
-966
-992
-1015
-1007
-977
-945
-919
-923
-923
-906
-865
-798
-753
-721
-688
-654
-611
-564
-486
-399
-337
-299
-272
-206
-107
-18
45
91
144
197
257
339
401
422
462
517
552
561
572
623
668
678
647
618
624
648
679
661
614
560
504
512
550
535
472
414
400
393
374
369
360
334
281
231
204
182
184
180
156
114
73
93
121
124
77
13
-3
-2
3
-2
-39
-97
-139
-144
-139
-154
-200
-231
-243
-267
-290
-313
-323
-338
-365
-369
-400
-426
-423
-419
-415
-424
-438
-450
-463
-465
-452
-446
-464
-471
-465
-450
-415
-364
-325
-321
-313
-275
-228
-182
-145
-128
-113
-70
-20
43
103
122
145
193
257
308
327
343
372
406
432
464
485
476
474
488
501
493
468
437
425
425
409
369
331
310
297
293
271
237
206
188
168
134
126
116
91
55
18
6
3
-1
-25
-65
-89
-104
-105
-84
-72
-99
-131
-132
-118
-138
-143
-130
-156
-188
-200
-183
-200
-233
-234
-234
-242
-272
-287
-255
-228
-253
-298
-290
-248
-227
-238
-244
-229
-226
-229
-200
-172
-189
-191
-148
-115
-114
-131
-134
-98
-50
-26
-25
-29
-15
23
66
97
121
131
146
169
210
249
273
281
282
288
297
327
349
350
347
308
276
285
297
276
209
160
154
139
106
98
95
61
16
5
16
-8
-51
-56
-33
-25
-54
-83
-79
-58
-54
-66
-64
-65
-79
-75
-36
-22
-60
-93
-78
-62
-83
-108
-108
-106
-117
-122
-112
-112
-131
-141
-129
-125
-144
-163
-162
-155
-165
-173
-163
-158
-184
-206
-185
-149
-150
-179
-188
-168
-142
-113
-75
-56
-64
-64
-26
35
70
66
58
80
125
161
180
191
204
221
242
268
277
270
271
286
294
277
256
248
240
220
200
181
152
115
89
81
74
53
17
-11
-34
-60
-76
-76
-83
-118
-155
-148
-109
-99
-123
-130
-115
-115
-115
-79
-37
-49
-72
-52
-16
-10
-15
-6
15
2
-22
-8
8
0
-15
-26
-28
-42
-56
-41
-30
-51
-60
-45
-33
-41
-51
-43
-31
-28
-28
-28
-30
-23
-6
11
20
24
33
48
59
68
88
101
101
91
88
91
88
104
116
100
75
58
71
77
60
40
8
-15
-24
-25
-24
-52
-92
-113
-110
-111
-141
-170
-180
-194
-216
-223
-218
-217
-222
-221
-204
-188
-185
-183
-164
-135
-116
-100
-78
-61
-47
-18
22
44
50
76
107
121
141
177
195
182
171
182
194
187
174
155
144
146
141
138
139
107
62
56
75
69
36
14
15
25
18
9
8
4
0
5
30
47
23
5
23
45
59
72
70
66
66
79
110
124
104
78
76
97
107
94
78
60
40
36
47
46
20
-15
-32
-39
-63
-92
-117
-138
-159
-185
-205
-218
-246
-282
-294
-296
-303
-316
-343
-355
-333
-307
-300
-307
-320
-310
-273
-245
-223
-193
-172
-155
-127
-79
-33
-11
12
61
110
136
159
201
246
267
281
300
315
315
312
323
321
300
290
284
271
254
233
223
209
166
130
114
103
94
74
45
28
9
-13
-16
-12
-33
-57
-55
-40
-38
-36
-20
-16
-21
-12
5
7
14
38
48
43
36
45
72
80
63
65
68
44
28
28
20
-5
-34
-49
-55
-87
-133
-151
-145
-174
-239
-275
-274
-279
-303
-321
-334
-359
-382
-365
-327
-315
-331
-326
-290
-262
-240
-196
-161
-150
-130
-93
-43
1
15
34
70
100
129
177
213
218
208
229
263
271
265
274
283
279
272
278
285
271
245
230
217
190
166
162
162
139
102
87
88
79
65
51
49
37
4
6
12
12
15
10
25
27
23
48
66
75
64
71
89
87
94
98
85
71
63
63
57
45
27
5
-22
-48
-72
-92
-115
-145
-175
-208
-244
-264
-267
-277
-306
-337
-350
-340
-338
-350
-347
-339
-339
-335
-322
-289
-255
-246
-231
-196
-171
-146
-105
-73
-57
-42
-25
11
46
67
91
105
111
135
167
194
209
211
214
218
219
220
223
219
212
199
185
192
195
182
185
197
189
164
149
155
163
151
143
144
137
124
128
147
159
147
130
134
146
144
140
139
127
113
106
107
109
98
72
49
34
17
2
-11
-34
-61
-87
-112
-135
-156
-178
-204
-229
-251
-267
-283
-299
-311
-323
-345
-355
-352
-357
-363
-353
-339
-328
-323
-317
-297
-273
-253
-230
-202
-173
-145
-117
-80
-49
-35
-10
29
59
76
97
126
152
162
177
212
233
241
250
268
274
257
265
288
291
272
250
260
267
249
243
235
225
209
194
201
196
173
149
131
125
121
111
101
101
88
67
58
53
54
46
25
20
22
1
-17
-8
-6
-22
-42
-67
-74
-76
-88
-107
-108
-123
-143
-155
-175
-181
-200
-230
-233
-231
-246
-274
-278
-271
-271
-280
-288
-286
-284
-278
-265
-249
-242
-246
-242
-218
-187
-170
-169
-160
-131
-106
-91
-67
-34
-9
15
42
65
92
114
148
172
178
201
214
239
264
272
276
277
285
290
295
299
286
287
284
281
275
259
256
250
242
225
204
194
181
171
157
140
122
103
90
82
73
60
38
23
14
3
-9
-18
-28
-39
-54
-64
-66
-73
-91
-106
-112
-118
-132
-147
-159
-168
-186
-207
-214
-209
-223
-241
-247
-263
-280
-291
-303
-302
-292
-304
-316
-307
-300
-300
-290
-276
-268
-266
-260
-241
-216
-192
-170
-146
-125
-117
-91
-43
-13
-4
14
50
93
122
135
161
189
199
220
256
283
294
300
316
337
344
344
353
355
347
347
347
344
325
310
318
309
279
261
259
248
231
201
172
163
146
121
108
90
72
63
51
42
25
-6
-14
-18
-39
-57
-76
-100
-117
-130
-142
-159
-183
-198
-201
-203
-221
-247
-258
-261
-275
-286
-289
-295
-302
-312
-322
-326
-329
-333
-329
-318
-318
-319
-301
-284
-277
-267
-248
-230
-215
-187
-143
-116
-99
-78
-55
-18
21
45
69
96
113
139
170
199
227
249
262
276
293
308
321
329
342
339
336
338
348
357
347
340
329
321
315
296
285
270
248
223
203
192
173
155
136
108
73
49
38
26
10
-21
-45
-51
-63
-76
-97
-104
-108
-124
-137
-152
-162
-166
-169
-183
-198
-209
-221
-225
-233
-231
-249
-267
-265
-264
-262
-269
-269
-268
-268
-267
-258
-254
-252
-245
-237
-221
-216
-210
-186
-168
-146
-138
-124
-99
-81
-58
-42
-25
-4
19
44
58
86
99
112
151
168
193
220
235
253
276
289
293
304
314
318
320
319
317
315
314
316
310
298
279
273
271
259
240
222
212
206
186
167
161
143
120
113
102
85
59
34
27
12
-18
-37
-46
-57
-76
-103
-121
-130
-148
-165
-176
-189
-209
-224
-227
-232
-250
-265
-272
-283
-299
-305
-304
-305
-309
-314
-314
-319
-313
-315
-315
-310
-305
-289
-274
-256
-242
-231
-208
-184
-160
-146
-126
-101
-75
-46
-17
6
29
53
80
115
141
158
186
210
227
247
268
284
296
315
330
340
348
348
346
349
362
343
327
328
321
312
293
282
270
246
218
199
187
173
147
122
107
80
55
43
22
-3
-22
-36
-52
-64
-70
-83
-99
-109
-118
-131
-145
-158
-167
-168
-171
-178
-187
-194
-198
-196
-191
-197
-206
-208
-209
-212
-214
-218
-215
-216
-212
-204
-204
-199
-207
-200
-186
-184
-174
-170
-154
-147
-139
-119
-108
-98
-79
-50
-32
-23
-8
11
30
46
72
92
104
118
132
153
163
164
178
198
218
226
234
244
248
249
252
259
258
248
233
228
227
219
205
198
196
182
162
154
154
141
117
99
91
74
50
32
17
-1
-26
-45
-50
-61
-80
-98
-109
-111
-125
-139
-136
-146
-163
-171
-184
-178
-163
-179
-194
-187
-182
-188
-195
-191
-182
-184
-183
-170
-171
-172
-163
-158
-148
-138
-135
-125
-111
-105
-97
-87
-75
-56
-48
-44
-29
-12
1
11
19
33
50
64
72
81
94
104
114
134
146
152
160
177
187
187
191
200
199
199
198
196
196
193
189
190
185
171
160
160
156
138
121
109
94
83
76
65
53
42
33
15
-6
-13
-24
-44
-54
-67
-80
-85
-93
-106
-116
-129
-141
-147
-153
-159
-161
-165
-168
-173
-181
-185
-182
-183
-187
-184
-175
-172
-173
-173
-164
-152
-146
-142
-127
-113
-114
-108
-93
-83
-72
-57
-42
-29
-18
-6
7
15
21
37
55
67
78
89
104
115
116
121
138
150
157
166
174
179
181
179
174
172
171
166
164
161
156
149
142
129
118
110
104
92
83
80
70
53
44
37
25
14
7
-2
-7
-20
-35
-38
-39
-48
-55
-59
-54
-57
-72
-71
-67
-75
-77
-74
-77
-74
-75
-76
-78
-81
-82
-81
-79
-76
-77
-75
-70
-73
-79
-79
-78
-78
-78
-77
-74
-74
-71
-64
-64
-61
-52
-49
-50
-47
-46
-43
-38
-35
-31
-23
-18
-11
-5
-1
7
16
22
31
37
37
43
51
55
56
59
65
72
71
70
74
78
82
83
81
83
83
78
75
73
74
69
61
57
57
55
47
38
34
35
33
26
19
15
12
7
1
-2
-5
-9
-13
-13
-15
-22
-29
-28
-24
-24
-32
-33
-31
-29
-34
-35
-32
-30
-33
-33
-30
-24
-26
-29
-29
-29
-32
-37
-37
-35
-31
-30
-28
-27
-25
-25
-28
-26
-25
-22
-20
-18
-14
-11
-12
-11
-9
-5
-3
0
1
0
-1
3
7
10
11
12
16
17
17
18
22
25
24
26
28
26
24
24
27
28
27
26
27
27
24
23
21
20
14
10
8
8
8
7
3
3
0
-2
-3
-3
-7
-11
-12
-8
-8
-13
-16
-13
-10
-15
-17
-15
-11
-12
-14
-12
-9
-11
-13
-10
-5
-4
-5
-4
-6
-5
-6
-7
-6
-2
-1
-5
-5
1
0
-2
1
2
0
-2
1
1
0
-2
-2
1
2
2
1
1
1
2
2
3
4
4
3
2
1
2
6
6
3
4
4
5
5
5
7
5
5
13
10
5
10
10
12
13
9
10
14
11
8
9
11
10
6
4
7
8
3
0
1
2
0
-3
-5
-4
-3
-5
-6
-5
-6
-5
-8
-6
-6
-5
-8
-6
-5
-9
-11
-7
-6
-11
-7
-3
-3
-3
0
-1
0
-1
-3
-3
0
-4
-4
2
-1
-1
-2
1
-1
-7
-1
-5
-4
-3
-5
-1
-5
-3
-5
-5
-2
-5
-4
-3
-4
-5
-5
-5
-2
-2
-2
0
2
1
0
1
4
3
3
4
5
7
5
6
8
10
10
10
10
10
9
8
9
9
8
8
7
7
8
6
6
6
5
5
4
3
2
4
0
1
0
0
-3
-2
-1
-5
-4
-1
-3
-4
-2
-2
0
0
0
4
5
2
1
3
5
6
4
6
11
10
6
5
9
11
7
8
11
12
10
5
5
6
5
3
4
3
2
1
-1
-3
-4
-6
-8
-10
-13
-14
-15
-16
-18
-19
-20
-19
-20
-21
-23
-25
-26
-23
-19
-18
-19
-21
-21
-19
-18
-12
-11
-12
-7
-5
-5
-1
1
3
6
6
7
9
10
10
12
16
18
15
14
16
20
21
17
16
18
21
19
18
15
12
11
14
16
14
11
9
10
9
5
4
6
7
4
1
2
1
0
-1
-2
-1
-3
-4
-3
-1
-2
-2
-2
-1
-1
-2
-1
-1
0
2
3
3
4
2
0
1
3
0
-2
1
4
-1
-2
1
3
-1
-1
-1
-3
-4
-3
-4
-7
-8
-10
-9
-5
-11
-15
-15
-16
-19
-16
-13
-16
-19
-17
-16
-15
-14
-12
-13
-12
-11
-9
-8
-8
-7
-7
-3
-3
-4
-4
-1
0
0
1
4
7
9
9
11
13
14
14
12
14
15
15
16
15
16
14
14
14
13
12
12
15
13
13
12
10
9
7
7
9
8
5
3
2
2
0
-2
-4
-3
-3
-3
-4
-5
-6
-6
-8
-10
-9
-10
-10
-9
-9
-11
-9
-8
-11
-12
-10
-9
-13
-12
-10
-8
-8
-8
-6
-2
-1
0
2
4
4
4
4
5
5
4
3
4
5
5
4
5
7
4
0
0
5
7
5
4
1
1
2
4
5
3
-1
-1
2
2
-1
-2
1
4
2
1
0
1
1
2
3
5
5
4
5
5
6
5
6
8
8
9
8
7
8
9
7
5
5
6
5
4
1
0
-1
-2
-3
-2
-4
-8
-10
-9
-9
-11
-10
-11
-13
-14
-14
-14
-14
-14
-13
-13
-14
-16
-16
-14
-13
-12
-12
-11
-11
-10
-7
-4
0
1
2
2
3
4
7
10
11
12
11
11
10
9
11
15
16
13
10
9
12
11
9
11
13
15
13
10
9
10
11
9
10
9
7
6
5
5
5
5
6
7
7
6
6
6
7
7
5
6
5
4
4
3
2
2
2
1
0
0
1
-1
-3
-4
-6
-6
-5
-6
-9
-13
-14
-15
-14
-16
-19
-23
-25
-25
-24
-23
-23
-24
-23
-24
-23
-22
-22
-21
-19
-20
-21
-21
-21
-20
-17
-14
-12
-11
-10
-8
-6
-5
-3
-1
3
4
6
8
10
13
17
18
20
21
21
20
22
21
21
23
25
28
30
32
31
29
29
29
30
31
30
28
26
24
25
28
25
22
19
19
20
16
11
9
11
10
7
3
1
-1
-3
-4
-5
-8
-11
-10
-9
-11
-17
-20
-18
-18
-21
-24
-23
-23
-22
-25
-25
-26
-26
-24
-25
-24
-26
-28
-28
-25
-26
-25
-27
-28
-29
-27
-24
-23
-23
-24
-23
-21
-18
-16
-13
-13
-12
-8
-8
-5
-3
-2
0
5
10
11
10
11
14
18
21
22
24
25
25
27
29
33
34
33
34
33
34
35
38
38
37
36
37
36
34
34
32
28
31
28
24
26
21
18
21
16
13
14
9
6
5
-1
-4
-6
-11
-13
-15
-19
-19
-21
-21
-23
-24
-25
-27
-29
-30
-30
-33
-34
-34
-33
-33
-34
-34
-33
-33
-34
-33
-32
-31
-31
-31
-30
-28
-28
-27
-24
-19
-16
-14
-14
-13
-9
-5
-3
-1
1
2
3
8
12
12
14
14
15
18
23
21
20
27
33
30
29
34
39
39
38
38
37
37
40
41
40
39
38
37
34
30
31
36
35
32
29
29
25
19
15
14
15
13
10
6
3
0
-3
-6
-8
-10
-12
-14
-18
-22
-27
-29
-29
-28
-29
-31
-30
-30
-34
-38
-38
-36
-37
-39
-39
-36
-37
-39
-40
-35
-32
-34
-31
-27
-26
-28
-23
-20
-25
-21
-16
-16
-15
-13
-10
-7
-3
-1
-1
1
4
8
11
15
19
21
22
22
22
27
28
30
33
33
35
37
39
41
42
40
42
43
41
43
43
42
42
41
42
40
36
36
35
30
28
28
24
18
18
18
13
9
9
6
1
1
-2
-10
-14
-10
-14
-20
-22
-23
-23
-29
-33
-35
-36
-37
-36
-36
-38
-42
-41
-41
-40
-40
-41
-41
-35
-34
-39
-39
-31
-31
-35
-33
-28
-29
-29
-25
-23
-20
-19
-17
-14
-9
-7
-8
-6
-3
1
5
9
11
10
10
12
16
20
21
21
24
25
28
27
30
32
34
33
32
32
34
34
35
34
33
32
32
31
29
27
24
26
26
24
23
24
27
26
21
17
15
14
10
5
2
4
1
0
-2
-4
-7
-9
-10
-12
-13
-17
-20
-22
-24
-23
-24
-24
-26
-27
-27
-30
-30
-30
-31
-30
-29
-28
-27
-26
-26
-24
-25
-24
-22
-21
-19
-19
-19
-18
-16
-16
-12
-10
-8
-6
-5
-3
-1
1
3
5
7
10
11
12
13
18
19
21
21
22
23
22
22
23
22
23
24
26
27
28
27
26
27
28
24
22
22
24
22
19
18
17
14
13
14
11
8
8
4
1
7
9
0
-6
-3
-3
-9
-11
-11
-10
-12
-15
-14
-14
-13
-17
-21
-18
-16
-21
-23
-18
-17
-20
-20
-18
-19
-21
-20
-21
-20
-19
-19
-20
-19
-18
-15
-14
-13
-13
-10
-8
-6
-5
-5
-6
-6
-3
1
3
3
2
3
4
8
10
10
11
12
12
13
15
17
18
19
20
20
19
21
20
20
21
20
20
19
19
18
19
19
17
16
15
14
12
10
11
10
11
10
9
6
3
2
0
-1
0
-2
-2
-3
-4
-7
-8
-7
-9
-10
-12
-14
-15
-16
-17
-19
-19
-19
-19
-18
-18
-18
-16
-16
-14
-15
-14
-15
-14
-13
-15
-15
-14
-14
-13
-12
-10
-9
-9
-9
-7
-2
-4
-5
-2
1
2
0
0
5
5
5
4
5
8
7
9
9
10
10
11
12
13
13
14
14
15
13
15
15
15
16
16
16
16
15
15
14
12
11
11
13
10
7
8
10
9
4
4
4
6
4
-1
1
3
1
0
-2
-3
-4
-5
-5
-5
-6
-8
-7
-8
-8
-9
-9
-10
-10
-10
-12
-13
-13
-15
-16
-16
-16
-15
-15
-15
-15
-15
-14
-14
-15
-13
-13
-11
-10
-9
-9
-9
-8
-6
-4
-3
-4
-3
-3
0
2
4
5
5
4
5
5
5
7
8
8
9
9
8
8
9
10
11
11
13
13
12
13
14
15
16
16
16
15
14
12
10
9
8
8
7
8
8
7
7
6
6
5
5
4
4
2
0
-1
-2
-1
-2
-2
-4
-4
-4
-5
-7
-8
-8
-9
-10
-13
-14
-12
-14
-16
-17
-17
-15
-14
-14
-14
-12
-13
-13
-14
-14
-14
-12
-12
-7
-5
-7
-5
-5
-6
-4
-4
-3
0
1
1
4
4
2
3
6
7
6
7
8
9
10
12
12
12
11
10
9
9
9
10
11
11
10
10
10
10
9
9
11
12
12
10
10
10
6
3
2
6
7
4
1
2
0
0
0
-1
-2
-3
-3
-2
-4
-7
-7
-8
-8
-8
-8
-9
-11
-13
-12
-9
-10
-11
-10
-7
-9
-11
-11
-8
-6
-9
-10
-9
-8
-8
-9
-9
-7
-6
-5
-6
-5
-5
-4
-2
-2
-3
-4
-4
-2
1
1
2
2
2
2
3
5
4
5
6
7
8
9
7
6
8
8
8
9
11
8
7
10
11
8
12
15
13
10
10
9
6
8
9
8
7
5
4
3
5
4
3
3
2
1
0
0
0
0
-3
-3
-4
-7
-7
-5
-8
-7
-7
-8
-6
-7
-11
-11
-10
-9
-6
-8
-8
-8
-9
-10
-10
-9
-9
-8
-7
-6
-6
-7
-7
-5
-4
-3
-3
-3
-2
-1
-2
0
0
2
3
4
3
3
3
4
6
7
5
5
5
5
6
6
5
6
7
6
7
6
5
6
7
6
5
4
6
4
3
6
5
1
0
2
2
-1
-1
1
1
-3
-4
-2
1
0
-2
-1
2
3
0
-1
0
2
-1
-4
-4
0
3
-2
-4
-1
0
-3
-3
2
2
-3
-2
2
1
-3
-2
1
1
-2
-2
