4
2
0
1
1
-1
-3
-10
-11
-9
-8
-6
-5
-2
1
0
-3
-3
-3
-4
-3
0
1
0
-1
-2
0
1
2
4
6
5
3
-1
-2
0
1
0
-2
0
1
2
1
1
3
4
2
0
0
-1
1
4
7
7
6
5
3
4
2
4
6
4
2
-1
-6
-8
-7
-6
-6
-5
-3
-3
-4
-3
-3
-4
-5
-6
-5
-8
-9
-12
-14
-9
-3
4
8
12
14
13
7
1
-3
-3
-2
1
3
5
3
-2
-5
-8
-10
-8
-4
3
8
8
8
5
0
0
-2
-2
-3
1
2
5
5
7
11
11
12
10
8
3
-2
-4
-3
1
1
1
1
0
-1
-3
-4
-3
-4
-1
6
7
6
3
-3
-5
-6
-7
-9
-7
-3
2
6
3
1
-2
-4
-7
-10
-11
-13
-14
-12
-8
-2
-1
2
7
7
6
1
-2
-6
-7
-4
-2
2
5
5
9
10
10
7
4
-2
-5
-5
-2
-4
-7
-9
-11
-12
-11
-4
-2
2
5
6
7
7
9
12
13
14
13
9
7
6
4
3
1
2
2
3
2
3
3
1
-1
-3
-5
-10
-15
-12
-9
-8
-6
-5
-4
-4
-2
1
4
4
6
8
8
7
9
12
10
11
13
12
12
8
2
-1
-6
-12
-15
-16
-18
-19
-19
-18
-13
-11
-12
-12
-12
-13
-14
-9
-1
4
7
9
10
11
15
16
17
16
17
14
6
1
1
4
2
-3
-7
-10
-11
-10
-8
-6
-6
-9
-10
-7
-6
-3
-1
4
5
6
5
6
8
8
10
14
17
18
19
18
10
6
3
-2
-6
-5
-5
-5
-6
-8
-13
-17
-18
-19
-17
-14
-12
-9
-6
-5
-6
-7
-2
1
6
11
13
13
11
10
11
12
14
11
8
6
2
2
0
-1
-2
-6
-8
-11
-14
-14
-12
-12
-9
-3
1
2
0
-2
-1
2
5
5
8
9
6
4
3
1
0
1
2
3
5
5
6
2
-5
-8
-10
-13
-12
-11
-7
-2
3
5
5
6
5
4
5
4
4
7
9
10
10
9
7
4
0
-2
-1
0
1
-1
-5
-12
-18
-20
-21
-20
-16
-13
-10
-7
-4
-3
-2
2
9
9
9
7
6
9
15
19
21
19
15
11
5
4
5
7
6
3
-1
-6
-10
-14
-16
-14
-12
-9
-5
-4
-3
-2
-3
-4
-1
-1
-3
-2
1
7
10
11
11
10
10
11
13
11
10
4
-6
-9
-12
-14
-15
-14
-12
-13
-17
-17
-14
-14
-13
-8
-8
-7
-7
-8
-7
-7
-3
0
8
14
16
17
16
14
14
16
15
14
14
13
14
12
13
12
15
15
14
14
9
4
0
-5
-10
-17
-19
-21
-21
-19
-19
-15
-13
-11
-11
-11
-9
-13
-14
-20
-27
-25
-22
-16
-8
-5
1
6
5
3
2
0
-7
-14
-19
-21
-24
-18
-2
21
54
88
121
150
158
163
157
134
103
55
3
-35
-82
-113
-131
-153
-139
-138
-145
-136
-156
-168
-189
-238
-268
-307
-339
-348
-379
-379
-350
-316
-237
-171
-86
14
73
150
196
223
261
254
261
276
276
319
346
384
452
486
553
600
603
631
606
581
567
483
425
360
268
222
139
67
26
-48
-82
-127
-191
-216
-282
-349
-401
-490
-549
-609
-687
-728
-761
-771
-742
-721
-664
-586
-500
-387
-299
-208
-115
-56
14
61
95
139
158
192
225
247
298
332
357
393
398
404
386
335
286
215
141
72
-4
-61
-111
-151
-167
-176
-167
-142
-127
-99
-79
-78
-62
-67
-65
-41
-26
27
97
176
301
405
505
602
642
683
679
612
549
430
315
216
84
6
-65
-134
-144
-180
-195
-191
-237
-262
-329
-431
-505
-625
-728
-802
-886
-894
-874
-836
-726
-624
-492
-333
-221
-88
4
43
95
78
62
60
20
48
81
130
260
367
511
674
780
922
998
1023
1056
995
940
872
745
674
574
492
469
404
395
380
316
303
212
94
-19
-219
-382
-564
-772
-892
-1035
-1124
-1131
-1151
-1071
-975
-895
-754
-671
-588
-500
-493
-450
-437
-449
-392
-369
-306
-203
-130
10
133
239
386
466
545
601
583
573
509
424
359
262
203
157
109
113
115
133
173
183
197
188
151
108
30
-47
-119
-196
-232
-255
-249
-204
-158
-84
-9
51
119
154
182
198
187
181
161
148
156
164
199
238
283
349
405
481
552
593
646
669
686
707
691
672
637
573
513
423
314
201
52
-94
-243
-407
-546
-700
-851
-975
-1104
-1193
-1270
-1350
-1389
-1429
-1439
-1425
-1416
-1369
-1317
-1261
-1176
-1097
-988
-854
-723
-566
-415
-253
-70
95
271
438
585
738
864
975
1081
1155
1223
1281
1323
1377
1418
1460
1501
1508
1517
1508
1477
1432
1344
1240
1131
1004
884
752
616
502
369
243
118
-33
-171
-329
-496
-650
-821
-974
-1113
-1253
-1350
-1431
-1483
-1483
-1483
-1440
-1371
-1300
-1192
-1098
-1005
-893
-805
-697
-597
-504
-386
-285
-165
-32
79
213
321
411
495
530
560
565
535
518
474
437
410
357
333
297
252
229
174
127
79
6
-39
-103
-159
-191
-234
-234
-227
-202
-137
-81
6
94
166
260
314
365
412
416
444
452
462
523
566
662
786
884
1025
1111
1159
1203
1130
1033
883
644
436
169
-82
-260
-464
-561
-617
-677
-639
-649
-668
-675
-803
-923
-1097
-1347
-1538
-1779
-1964
-2038
-2099
-1993
-1809
-1587
-1242
-940
-623
-308
-119
71
168
185
234
206
228
317
395
608
844
1100
1445
1705
1968
2194
2275
2350
2291
2136
1992
1715
1468
1237
955
800
627
477
424
281
196
88
-126
-290
-571
-882
-1147
-1501
-1745
-1946
-2122
-2118
-2100
-1973
-1725
-1508
-1190
-890
-650
-378
-230
-115
-35
-55
-38
-59
-74
-9
47
172
328
466
642
754
827
865
790
700
549
338
177
-14
-153
-206
-257
-202
-110
-26
127
222
289
359
320
275
188
41
-55
-168
-253
-268
-289
-253
-196
-150
-78
-42
-36
-45
-85
-131
-173
-191
-175
-100
43
244
516
805
1107
1400
1625
1808
1893
1860
1751
1519
1240
951
606
303
13
-266
-447
-620
-745
-810
-915
-990
-1098
-1260
-1388
-1577
-1774
-1946
-2139
-2239
-2273
-2258
-2119
-1941
-1696
-1381
-1087
-754
-441
-204
22
156
248
346
390
471
567
646
789
921
1084
1299
1479
1663
1804
1877
1937
1934
1895
1839
1711
1567
1404
1231
1105
987
883
792
684
602
531
435
321
147
-78
-317
-574
-819
-1045
-1268
-1445
-1565
-1605
-1540
-1436
-1295
-1131
-991
-826
-675
-580
-507
-519
-565
-593
-643
-634
-616
-612
-521
-433
-301
-106
16
157
247
244
269
208
104
23
-139
-237
-287
-333
-264
-197
-95
73
176
309
407
417
443
407
338
288
196
120
71
39
69
107
151
195
218
258
308
357
393
424
470
535
687
856
1014
1193
1313
1438
1555
1576
1559
1432
1236
1045
783
564
340
69
-125
-338
-498
-570
-695
-785
-926
-1135
-1292
-1529
-1764
-1978
-2269
-2445
-2568
-2629
-2502
-2348
-2089
-1731
-1393
-953
-540
-183
178
374
518
638
642
694
715
695
764
824
955
1176
1359
1586
1760
1842
1934
1910
1824
1719
1488
1264
1031
790
639
480
368
296
207
191
151
78
-12
-192
-383
-606
-843
-1048
-1277
-1441
-1550
-1601
-1521
-1387
-1187
-948
-739
-511
-341
-206
-89
-69
-53
-76
-132
-135
-141
-97
-35
7
113
202
302
427
472
504
503
448
396
300
204
135
41
-20
-48
-51
-15
21
26
16
8
-17
-61
-141
-239
-289
-332
-349
-351
-381
-361
-332
-302
-240
-192
-114
-34
41
164
324
570
817
1008
1175
1314
1524
1691
1693
1593
1354
1141
937
615
325
20
-224
-345
-535
-620
-602
-601
-578
-728
-943
-1088
-1299
-1520
-1842
-2223
-2426
-2526
-2471
-2264
-2009
-1610
-1142
-658
-118
347
737
1016
1102
1121
1087
1018
985
920
865
880
959
1178
1469
1737
1982
2108
2156
2162
2049
1856
1529
1080
645
228
-72
-266
-450
-539
-571
-520
-369
-285
-252
-307
-499
-708
-991
-1292
-1565
-1881
-2109
-2217
-2171
-1917
-1599
-1249
-868
-490
-90
265
489
572
540
443
339
234
124
37
-37
-50
56
235
477
684
795
855
862
825
711
476
176
-129
-379
-539
-637
-671
-641
-546
-386
-198
-24
109
176
174
154
94
-8
-117
-280
-400
-438
-444
-315
-184
-50
196
413
795
1251
1519
1760
1803
1821
1985
1915
1751
1433
963
756
477
181
4
-335
-464
-557
-761
-707
-712
-709
-720
-1058
-1258
-1409
-1670
-1862
-2325
-2711
-2783
-2835
-2635
-2374
-2087
-1510
-993
-442
153
547
978
1232
1243
1326
1306
1307
1382
1278
1258
1323
1430
1746
1966
2111
2295
2327
2395
2401
2170
1922
1527
1027
620
174
-149
-379
-686
-848
-951
-996
-893
-941
-1042
-1130
-1344
-1479
-1651
-1927
-2117
-2334
-2425
-2311
-2136
-1813
-1482
-1125
-619
-173
269
643
774
872
887
833
809
666
536
440
356
421
455
524
716
786
850
896
822
820
672
371
105
-223
-367
-468
-660
-734
-788
-725
-484
-357
-237
-91
-70
32
50
-25
-92
-219
-284
-305
-334
-266
58
566
1206
1687
1957
2300
2695
2978
2863
2340
1669
1200
734
234
-316
-853
-1064
-1233
-1338
-1299
-1212
-1045
-1054
-1333
-1560
-1800
-2121
-2539
-3218
-3704
-3909
-3874
-3485
-3053
-2488
-1684
-831
188
1045
1576
2032
2283
2460
2453
2183
2007
1889
1757
1664
1577
1778
2239
2572
2838
3016
3116
3177
2965
2588
2068
1345
614
-97
-617
-881
-1218
-1501
-1548
-1507
-1313
-1169
-1153
-1129
-1317
-1491
-1694
-1965
-2084
-2431
-2724
-2652
-2472
-2152
-1804
-1417
-829
-337
107
483
698
993
966
741
681
617
496
236
52
145
277
484
644
744
974
1013
936
867
741
572
183
-142
-216
-376
-469
-470
-440
-210
-126
-92
82
187
305
143
-119
-117
-150
-353
-177
359
1110
1676
1779
2058
2671
3339
3285
2474
1585
1181
664
-50
-844
-1706
-2055
-2333
-2528
-2422
-2096
-1767
-1733
-1988
-2071
-2205
-2511
-2759
-3477
-4106
-4369
-4164
-3366
-2605
-1880
-1030
85
1659
2917
3534
4130
4399
4385
4121
3515
3196
2913
2446
1964
1575
1852
2380
2569
2685
2717
2641
2548
2047
1371
584
-533
-1342
-2161
-2702
-2782
-3053
-2939
-2347
-1725
-1063
-567
-215
152
33
-97
-390
-858
-1068
-1734
-2219
-2064
-1694
-1207
-928
-702
-155
314
728
819
440
223
-257
-770
-1018
-1256
-1248
-1302
-1388
-1044
-689
-171
390
447
657
745
609
550
218
-49
-200
-416
-238
-79
94
571
687
934
1297
1405
1590
1529
1231
1464
2060
2672
2962
2606
2599
2966
3396
3309
2199
1128
648
87
-555
-1456
-2473
-2849
-3270
-3642
-3769
-3568
-2919
-2757
-3024
-3041
-3029
-2903
-2881
-3512
-3941
-3929
-3379
-2310
-1311
-195
920
2103
3671
4807
5244
5407
5069
4575
3883
2922
2271
1737
1220
615
8
150
704
961
884
430
97
7
-336
-784
-1516
-2259
-2682
-2989
-2789
-2241
-1674
-917
-157
693
1567
2099
2502
2397
1832
1289
707
430
208
-305
-727
-768
-342
139
126
69
68
127
104
-424
-862
-1174
-1526
-1852
-2152
-1998
-1595
-1415
-1360
-1162
-626
56
356
326
265
362
564
480
307
173
-98
-372
-389
-361
-347
-372
-578
-571
-572
293
1886
2971
3515
3208
3013
3621
3867
2888
706
-1489
-2287
-2789
-3173
-3542
-4083
-3775
-3463
-3134
-2231
-1204
-319
-236
-852
-955
-943
-1036
-1241
-1978
-2071
-1475
-17
2247
4057
5326
6135
6633
7424
7550
6523
5017
3117
1369
-344
-1850
-2376
-2409
-2520
-2713
-2700
-1838
-715
-363
-882
-1873
-2550
-2858
-3190
-3446
-3651
-3515
-2814
-1780
-326
1199
2350
3193
3752
4058
4006
3497
2609
1352
-48
-1039
-1473
-1301
-1160
-1397
-1368
-899
-120
184
-423
-1085
-1471
-1704
-1891
-2246
-2292
-1934
-1440
-868
-255
863
1946
2245
2076
1693
1451
1269
609
-260
-861
-1098
-933
-497
-76
331
629
876
1078
1176
1285
810
1070
2657
3857
4110
3511
3064
3531
3740
2492
-144
-2546
-3328
-4043
-4871
-5516
-6241
-6186
-5971
-5667
-5005
-4065
-2982
-2690
-3053
-2966
-2648
-1976
-1217
-1125
-918
140
2502
5310
7251
8242
8598
8948
9260
8371
6349
4190
2247
529
-1182
-2362
-2361
-1775
-1490
-1833
-2080
-1424
-642
-554
-1379
-2348
-2713
-2688
-2269
-1541
-643
373
1293
2198
3406
4345
4607
4112
3124
2153
1172
222
-1000
-2378
-3349
-3878
-3880
-3546
-3324
-3285
-3319
-3212
-2936
-2846
-3025
-3184
-3080
-2540
-1639
-622
458
1417
2207
2852
3434
3899
3507
2294
1104
157
-484
-1047
-1563
-1698
-1559
-1098
-770
-277
626
982
918
427
235
260
838
3330
5927
7339
7308
6642
7156
8108
7084
3279
-1641
-4434
-5489
-6363
-7106
-8398
-8778
-8045
-7275
-6269
-4994
-3675
-3000
-3855
-4705
-4443
-3433
-1828
-1343
-1320
-171
2640
6751
9721
10735
10607
9925
9427
8104
5282
2232
-514
-2612
-4218
-5246
-4593
-2824
-1442
-1269
-1811
-1418
-97
759
280
-1070
-1753
-1026
512
2057
3210
3940
4465
4852
5257
5404
4646
3145
991
-1165
-2342
-2886
-3501
-4484
-5357
-5519
-4934
-3880
-3289
-3415
-3736
-3800
-3169
-2169
-1333
-942
-689
69
1471
2747
3434
3535
3110
2614
2089
1614
892
-312
-1515
-2657
-3133
-3031
-3248
-3330
-3367
-3261
-2565
-1772
-856
-325
-58
184
1189
5139
9683
11773
11257
9590
9043
9376
7706
2793
-3136
-6618
-7745
-8382
-8156
-7710
-7026
-6084
-5736
-5307
-4173
-2372
-1424
-2579
-3899
-3540
-1715
835
2138
2368
3326
5751
8997
10705
10410
8930
6618
4153
1420
-1431
-3501
-5162
-6760
-8246
-8682
-6877
-4118
-2164
-1819
-2412
-1910
-94
1736
2640
2748
3231
4501
6120
7765
8693
8488
7174
4960
2838
1192
-304
-1884
-3803
-5291
-5489
-4572
-3591
-3456
-3831
-3972
-3606
-2720
-1927
-1612
-1383
-1090
-220
1195
2428
3181
3287
2949
2659
2604
2490
1892
673
-641
-1705
-2251
-2602
-3152
-3880
-4908
-5592
-5784
-5757
-5094
-4431
-3938
-3061
-1639
237
2176
3540
5436
10128
15181
16841
14560
11169
8988
7558
4224
-2897
-10232
-13196
-12628
-11079
-9755
-9057
-7957
-6821
-6236
-6105
-5236
-2793
-888
-959
-1149
641
4225
7738
8639
7572
7130
8929
11075
10775
8632
5649
2671
-97
-2859
-5047
-6402
-7618
-9070
-10237
-9716
-7085
-3866
-1875
-1281
-552
1532
4830
8139
9983
10048
9266
8279
7712
7253
5750
2974
-395
-3511
-5152
-5030
-4639
-4989
-5923
-6279
-5379
-3728
-2654
-2914
-3522
-3276
-1966
-63
1656
2686
3239
3394
3411
3510
3528
2933
1545
-159
-1319
-1578
-1434
-1270
-1382
-1698
-1599
-1131
-1097
-1849
-3097
-4216
-4875
-5207
-4984
-4265
-3139
-1779
-531
1136
3300
7594
13530
16723
15648
11405
7218
5381
3756
-1000
-8629
-13903
-14037
-11554
-8729
-7319
-7421
-7345
-7360
-7720
-7273
-4813
-1315
556
1223
3088
6617
10777
12726
11163
8167
6580
7445
7967
6782
4485
1667
-436
-2013
-3299
-4169
-5036
-6357
-8566
-10222
-9471
-6596
-3061
-834
284
2135
5538
10123
13590
14119
12551
9860
7198
5210
2709
-771
-4774
-8067
-9801
-9764
-8176
-6756
-5905
-5411
-5278
-4134
-2166
-746
-465
-773
-84
1827
3820
4775
4246
3345
3055
2979
2548
1508
227
-1120
-1983
-1898
-1660
-1690
-2084
-2923
-3694
-3603
-3002
-2636
-2884
-3448
-3349
-2158
-318
1255
2384
2888
3317
3855
6328
12270
16853
16132
10762
5022
2617
2174
-1106
-9572
-16617
-16692
-12897
-8628
-5921
-5089
-4768
-5370
-7251
-8888
-6946
-2262
253
-47
498
4002
9308
12341
10582
6490
3991
5069
6312
5544
3971
1763
-140
-1802
-3165
-3342
-3005
-3415
-5702
-8015
-7302
-3832
221
2531
2865
3368
5403
8494
11177
11653
10045
7141
4587
3838
3216
1314
-2077
-5903
-8410
-8752
-7940
-7845
-8138
-7819
-6695
-3998
-202
2607
3666
3720
3330
3094
3634
3985
2556
-148
-1890
-1868
-651
331
-117
-1268
-1399
-154
384
-286
-1653
-3504
-4879
-5393
-5012
-4291
-3501
-2853
-2322
-1266
854
3394
4804
4712
3676
2780
2123
4695
10739
14068
12976
8374
3204
1342
1590
-1736
-10448
-16693
-16642
-13058
-7927
-4545
-4020
-3947
-3986
-4976
-4939
-1501
2953
3897
2212
1408
3077
6840
8054
4658
280
-1281
956
3529
4835
4810
3016
679
-1590
-2608
-2348
-2262
-3255
-5272
-5645
-2607
2206
6664
9106
9002
7950
7637
8713
9363
7835
4016
-1187
-4086
-3736
-2461
-2185
-3968
-6505
-7877
-7085
-5774
-5852
-6264
-5892
-4262
-1073
2767
5871
7406
7407
6177
4404
3202
1973
-741
-4025
-5756
-4940
-2593
-920
-911
-1742
-1626
-439
-128
-1175
-2895
-4320
-4351
-3073
-1679
-1128
-1220
-1474
-1783
-1424
-211
1291
2570
3055
3060
2913
6879
14200
17179
13378
4880
-1967
-3223
-1666
-4771
-12762
-16146
-12827
-6622
-1239
506
-651
-1881
-3974
-7677
-8340
-2930
3855
6124
5239
4713
7115
10727
9226
2334
-4314
-6297
-4324
-1934
78
1565
1929
885
-1214
-2388
-2152
-2300
-4533
-7512
-7215
-2245
4562
10135
12545
12450
12386
12626
12405
10165
6186
1354
-3615
-5689
-5100
-3913
-3712
-5389
-7424
-8205
-7161
-6392
-7245
-7330
-5234
-1146
3867
7422
8574
8234
7070
4787
1547
-1187
-3222
-5017
-5506
-3914
-1161
1001
978
-1001
-2943
-2975
-2058
-2518
-3462
-3144
-1628
257
1428
1164
-316
-1934
-3578
-4742
-4317
-2019
921
3566
10501
20322
25087
21161
10013
-1609
-7507
-8573
-14319
-23749
-25164
-17677
-6335
3162
6110
4143
2366
-326
-6055
-8959
-5305
368
3953
6384
8946
13385
16618
11884
1177
-7794
-10215
-7590
-4295
-1985
-118
2542
4891
5568
4668
1804
-2607
-7643
-10843
-8884
-2263
4778
9145
10551
10296
10351
10856
9310
5142
911
-2155
-2979
-794
1509
1699
-16
-3304
-6692
-7986
-7409
-7705
-8564
-7494
-3916
1994
7464
8932
6409
2910
375
-1711
-3392
-4504
-4637
-2899
363
3748
5934
5884
3145
-1495
-5665
-7205
-6815
-5850
-4905
-3267
-249
3391
5160
2993
-1182
-4777
-6254
-5548
-4424
-2893
743
5192
12510
22556
27505
23998
13403
282
-8379
-9385
-11272
-18738
-22395
-18814
-10055
343
4608
866
-4062
-7592
-11402
-12019
-6926
348
6702
11057
12125
12493
12675
7960
-1275
-9938
-13539
-10261
-3008
3093
5895
6549
6077
4874
2662
-1810
-7045
-9619
-8083
-2350
4935
10844
14923
16559
14128
8380
2802
-291
-1209
-1454
-634
1604
5460
8835
7469
1588
-4360
-8270
-11728
-13251
-12383
-9774
-3323
4599
9017
9406
6999
2024
-2927
-5438
-6558
-6766
-5087
-2038
1811
6314
8752
6798
1278
-5143
-9594
-10379
-7955
-4732
-1959
577
3447
5738
5559
1582
-5110
-10984
-12734
-9827
-4901
-422
2714
5305
6724
10750
19107
23201
18565
7318
-4843
-9530
-4292
-1530
-8319
-14036
-13341
-6991
1581
3753
-2974
-9713
-12538
-13546
-9988
-1781
5808
10402
12981
12878
12114
10165
2446
-8404
-14836
-13454
-5530
4078
9429
9626
6832
2611
-1314
-3892
-6970
-10819
-12071
-8373
652
10543
15525
14838
10864
5833
1655
73
-45
905
3544
6756
9458
11542
10974
5218
-2785
-9691
-13859
-13740
-9883
-5235
-1074
3495
6273
5875
3239
-1655
-7441
-10752
-10014
-6410
-1007
4510
7949
9156
8659
6028
1119
-4436
-8466
-9515
-7237
-3135
600
2859
4121
3931
1425
-2834
-7441
-10581
-11246
-8946
-5340
-1836
2222
4525
8848
18630
25852
23447
12529
-583
-7819
-4484
-1767
-8458
-15461
-15515
-8271
1460
4368
-2866
-11226
-14782
-15647
-12935
-5980
1376
6560
9409
9701
10031
10043
4953
-4002
-9698
-7655
1574
11140
13281
9042
3723
-463
-3809
-6792
-10400
-11759
-7593
-1006
5505
10499
11710
8764
3280
-2619
-5882
-3804
1393
6357
10063
12975
15121
15056
10969
2750
-6360
-11927
-11710
-8289
-4346
-878
1596
3830
4844
2943
-1867
-7253
-10753
-11106
-7722
-2278
2477
5100
5427
3665
947
-1242
-2383
-3170
-3491
-2044
1378
5277
7349
6151
1814
-2800
-5274
-6391
-7147
-7459
-7534
-6499
-3966
-2643
-2905
-3511
1404
13404
22560
22318
13583
2866
-2534
-66
1054
-4829
-9920
-11081
-7208
805
4940
-703
-10516
-18178
-21412
-16323
-6266
803
3934
5902
6226
5377
3053
-3021
-8535
-8100
-2267
7531
17725
22280
19060
10381
160
-7119
-9940
-11438
-11721
-8075
-990
7210
12398
11171
5067
-1667
-6815
-8858
-6115
422
8285
15188
19074
17991
13726
7841
743
-5913
-10457
-10803
-6531
233
4301
3432
341
-2627
-4661
-7032
-10180
-12035
-10026
-3937
2617
6129
6015
3592
42
-3721
-6446
-6467
-3502
114
2629
3858
4395
4404
2968
-839
-4975
-6423
-5278
-2602
36
-637
-2970
-4399
-4999
2152
14178
20356
17892
10136
1044
-2438
625
-789
-6575
-9809
-9633
-3456
6001
7759
-815
-11579
-18815
-18237
-8939
21
3283
4670
5885
4911
1624
-5759
-15036
-17732
-12410
-2616
9253
18174
20304
16587
8429
-2157
-9682
-11265
-8785
-3082
3356
7881
11179
12068
8234
801
-7303
-12815
-12072
-5188
3305
9913
14665
16322
12912
6674
356
-3507
-3192
-88
2724
5460
9186
9707
5855
-362
-7314
-11548
-10950
-7688
-4505
-1370
649
692
-713
-3937
-7818
-9788
-9109
-5937
-1192
2530
4292
5060
4020
1152
-1493
-2760
-2789
-865
1500
2057
1848
1052
-2134
-5023
-6418
-7218
157
12597
20589
20390
12385
-198
-8612
-8879
-8751
-9535
-8398
-5071
2415
11118
11642
1546
-11829
-21419
-22501
-13787
-1677
7495
12612
12887
7351
-472
-7956
-14002
-15725
-12660
-4556
7678
18098
20746
14745
3628
-7591
-13494
-12778
-7226
1520
9582
13565
13404
10237
5061
-1006
-7026
-10557
-7846
1051
10805
15462
14532
9511
2076
-4912
-8977
-9027
-5370
521
5576
8451
9913
8470
3954
-1951
-6885
-7816
-4114
1560
5283
5410
2543
-1251
-4709
-7817
-10033
-10554
-8268
-3210
1810
3022
781
-2544
-5815
-7067
-5780
-3861
-807
3085
5495
5135
3416
-149
-4207
364
9692
15741
16420
10402
1498
-1776
703
-523
-6336
-12447
-15070
-8957
1634
5375
19
-8927
-16326
-17098
-10596
-2683
3845
8165
7845
3444
-948
-4310
-6589
-5777
-3518
1023
9045
15355
15645
9910
230
-9563
-13932
-11536
-5068
3757
10347
10669
6172
195
-4580
-6397
-6249
-5801
-2737
4964
14712
20633
19810
12397
1870
-6138
-9008
-6740
-1876
3171
6606
6661
4100
379
-3288
-6462
-8211
-7592
-4248
1916
7546
8750
5504
499
-3795
-5336
-4196
-2693
-1137
565
1868
1641
-407
-3405
-5750
-5651
-4603
-3862
-2958
-2142
-1109
-464
-2399
-4713
-5922
-1886
9531
19407
21420
14222
2374
-6853
-7641
-3883
-2725
-1952
-460
1295
3863
3132
-3523
-12087
-18909
-22310
-18303
-7150
4160
11647
13247
7680
-1935
-10690
-17643
-19084
-11778
-548
10753
18671
20042
15493
8091
-753
-9608
-12696
-8818
-565
9196
14579
12839
6345
-1795
-9059
-11431
-8381
-2391
4852
11336
14038
12488
9217
3832
-1589
-3908
-2832
1668
8097
13261
13372
8150
-450
-9355
-13290
-11190
-5571
395
4457
5933
5191
2283
-3836
-10371
-13375
-11251
-5203
1534
6020
7910
7347
2696
-4976
-11326
-12382
-7518
-75
5887
7093
5686
2919
-575
-4890
-8467
-3382
6015
13500
14213
7070
-1131
-3602
-1096
-1298
-3546
-3538
-708
3683
4382
-1151
-7983
-11646
-13480
-14127
-11289
-5142
2775
8140
7030
281
-7604
-13775
-16621
-12324
-2703
8376
15975
15619
9913
2967
-2540
-6985
-9024
-6511
-128
8472
13907
12817
7306
341
-5954
-9401
-8484
-4345
2226
9323
13680
13537
10462
5313
-1237
-4912
-4877
-1650
4386
10256
13006
11394
6396
-855
-6439
-7321
-4462
-201
2965
3882
3075
1709
-748
-5012
-8963
-9966
-6730
-1084
3559
4727
3115
376
-3061
-6188
-7793
-6335
-2273
1613
3150
1740
-487
-3044
-5123
-7456
-7828
40
10610
17471
15562
6144
-2524
-4961
-2977
-3543
-5212
-3772
963
5338
3873
-2815
-8918
-11247
-11914
-11580
-8387
-2620
3493
5310
2003
-3154
-7146
-10674
-13536
-11048
-2923
8062
15681
15142
9133
1812
-3783
-7130
-7099
-2625
3794
9235
10474
6906
1852
-1881
-3940
-4367
-2667
775
5590
10293
12152
9442
3894
-2010
-5795
-4978
-568
4719
8923
11043
10895
8127
3374
-2106
-5950
-5964
-2328
2772
6314
6792
4256
57
-4309
-8069
-9578
-7660
-2838
1949
3988
2815
243
-2133
-4688
-7230
-8072
-5759
-687
3812
5578
3967
707
-2416
-6061
-4956
1401
8964
12372
7739
-567
-5999
-4859
-2619
-4203
-5820
-3774
1586
5116
1702
-5824
-10774
-11108
-9190
-6294
-2623
1200
3136
900
-4320
-8625
-10325
-11392
-10095
-5153
2912
11435
13429
8832
2674
-1779
-3958
-4673
-2712
2549
10277
15457
12838
5220
-2349
-6337
-5782
-3119
-630
2750
6912
9101
8704
6026
2260
-896
-1906
-1102
1165
4298
5778
6008
5960
5274
3387
212
-2733
-2740
1635
6082
6443
3139
-1014
-3356
-4289
-5465
-7246
-6562
-2650
1141
2679
1513
-696
-2159
-2888
-4167
-5284
-3997
-1336
964
1602
127
-1452
-2774
-1102
4609
10647
13373
9227
1161
-4848
-5004
-2206
-2154
-4340
-5045
-1980
2051
1340
-4618
-10919
-13475
-11981
-8529
-4951
-1712
729
1028
-1259
-5615
-10083
-13008
-12149
-6335
2003
9468
11516
7654
1830
-2827
-4867
-4833
-2722
1807
8153
14147
15320
10300
1864
-5562
-7954
-4450
1466
6490
10012
11891
11427
7594
2061
-3274
-5514
-3558
-463
2525
4862
6256
6336
4989
2643
-58
-873
328
2986
5979
7197
5509
1858
-1286
-3241
-4262
-4762
-4814
-3881
-2239
-1106
-1466
-2402
-2977
-3061
-2850
-2604
-2056
-966
155
18
-1399
-3127
-3830
-3662
-183
6425
11406
12218
6633
-1262
-4849
-2994
-76
-1111
-3658
-3778
-492
3426
1426
-5496
-11163
-12440
-10117
-6787
-3939
-2403
-1306
-1344
-3654
-7181
-10430
-13093
-13008
-7798
252
8063
11023
7736
2193
-2005
-2957
-2607
-1227
2050
6840
12151
13663
9649
2337
-3913
-5345
-2786
1084
3971
6181
8687
10379
9389
5414
495
-2738
-2652
8
3408
5923
6555
5184
2571
522
-214
63
1250
2728
4082
4789
4255
2456
95
-2248
-4680
-6372
-6213
-4026
-757
1614
1264
-1146
-3208
-3740
-3014
-1696
-636
318
1445
1944
740
-1247
-3345
-4093
-267
5367
9221
8395
2450
-3944
-6460
-4645
-3036
-3385
-3623
-2266
1044
2148
-1853
-7640
-11086
-10378
-6388
-1692
1099
2007
1149
-1568
-5128
-8312
-10929
-12937
-11534
-6513
898
7386
7687
2786
-2716
-5230
-4806
-3350
-1266
1878
7408
12868
13455
8948
2363
-2306
-2507
611
4022
6859
9466
10493
9267
6444
2815
-269
-1333
-841
369
2543
4354
4590
3648
1844
-560
-2113
-1758
612
4382
7143
6840
4346
1945
246
-1154
-2671
-4098
-3772
-1467
841
1238
-608
-3171
-5227
-6008
-5747
-5112
-3606
-755
1868
2641
1061
-1558
-3518
-3213
855
5675
8936
8441
3853
-1009
-3242
-2845
-2991
-4668
-5609
-3804
336
2235
-1304
-7357
-11171
-10784
-7159
-3193
-816
373
-81
-1865
-4049
-5910
-7479
-9019
-8505
-5278
436
5806
6219
2565
-1851
-4286
-4287
-3232
-1668
736
4732
8372
8857
5965
1492
-1788
-1905
607
3591
6651
9433
11077
10980
8745
5084
1161
-957
-528
1719
4595
6099
5960
5222
4466
3191
555
-2373
-3299
-1061
2803
5293
4808
2460
232
-1587
-3282
-4588
-4420
-2565
-146
970
277
-949
-1994
-2986
-4054
-4601
-3813
-1918
83
940
-7
-1820
-3597
-3187
-214
3477
5305
3324
-494
-3004
-2569
-1113
-1657
-3474
-4216
-2583
136
786
-1407
-4256
-5749
-5583
-4338
-2849
-1415
-516
-572
-1746
-3646
-5078
-6331
-6766
-5292
-2448
1132
2806
1152
-2197
-4762
-4726
-3293
-1787
-668
919
3883
6228
6292
3941
1032
-87
954
2690
3939
5116
6070
6827
7055
6018
4083
2271
1388
1776
3636
5322
5269
4404
3679
3554
3832
3534
2529
2397
3738
4771
4528
3258
1956
1126
72
-2024
-4159
-4536
-3212
-1270
-219
-674
-2064
-3642
-4867
-5305
-4547
-2770
-1058
-81
46
-439
-1453
-2360
-1687
444
2869
3143
464
-2567
-3326
-1738
-702
-2207
-4896
-5774
-3689
-1337
-1438
-3689
-5530
-5381
-3804
-2054
-1055
-352
112
5
-723
-1936
-3436
-5034
-5492
-4136
-1290
1656
2283
431
-2109
-3515
-3518
-3065
-2629
-2078
-371
2160
3841
3850
2421
1064
963
1917
2841
3512
4451
5542
6722
7363
6556
4737
2976
2045
2360
3627
4473
3978
3115
2887
3401
4326
4702
4212
3964
4426
4859
4712
4001
2933
1774
570
-694
-1582
-1680
-1438
-1583
-2168
-2832
-3387
-4023
-4614
-4821
-4437
-3451
-2491
-1957
-2037
-2305
-2632
-2958
-2071
57
2474
3287
1559
-1478
-3495
-2911
-1447
-1244
-2544
-3841
-3549
-2214
-1783
-3199
-5017
-5680
-4793
-2730
-756
62
-572
-1790
-2518
-2351
-1762
-1899
-2333
-2071
-704
922
958
-832
-3188
-4293
-3813
-2806
-2017
-1518
-409
1206
2088
1545
-223
-1722
-1711
225
3084
5258
6273
6280
6229
6482
6474
5646
4345
3896
4671
5990
6547
5786
4541
3682
3544
3384
2925
2735
3177
4022
4528
4235
3375
2716
2551
2180
1345
410
-307
-666
-800
-1239
-2327
-3506
-4332
-4539
-3965
-3202
-3090
-3532
-3953
-4171
-4019
-3751
-3729
-2995
-814
1719
2645
1236
-1673
-3855
-3676
-2393
-1639
-1707
-1856
-1467
-1001
-1771
-4023
-5963
-6461
-5454
-3175
-926
-185
-945
-2026
-2643
-2605
-2781
-4064
-5064
-3821
-427
2755
3349
946
-2455
-4028
-3510
-2428
-1594
-1073
-307
1115
2396
2365
894
-779
-1483
-349
2461
5101
6242
6102
5683
5746
6064
5844
5103
5002
5937
7030
7304
6444
5172
4465
4347
3950
3098
2482
2843
4059
4830
4089
2218
575
-200
-280
-204
-360
-500
-451
-319
-588
-1498
-2902
-4163
-4583
-4153
-3343
-2691
-2338
-2534
-3284
-4457
-5387
-5551
-4996
-3468
-1219
840
1371
64
-2067
-3104
-1937
-330
31
-749
-1383
-923
-335
-1004
-3276
-5245
-5495
-4366
-2349
-740
-268
-740
-1507
-2032
-2398
-2904
-4296
-5328
-4186
-1214
1728
2250
143
-2543
-3482
-2731
-1925
-1606
-1471
-641
1153
2558
2524
1313
-5
-316
786
2703
4199
4930
5472
6216
6985
7084
6004
4522
3971
4602
5618
6025
5546
4863
4635
4741
4402
3603
2927
2932
3650
4041
3558
2551
1500
715
358
228
-151
-577
-1021
-1615
-2226
-3026
-3808
-3981
-3352
-2718
-2591
-2959
-3604
-3800
-3767
-4112
-4572
-4604
-3740
-1809
423
1283
165
-1974
-3566
-3061
-925
506
117
-1129
-1785
-1290
-667
-1372
-3125
-4369
-4429
-3366
-1827
-1060
-1544
-2506
-3041
-2817
-2175
-2336
-3640
-4480
-3702
-1827
-187
179
-753
-1738
-1719
-1180
-550
-1
146
123
395
762
605
183
85
820
2448
3794
4060
3948
4666
6277
7743
8010
6993
5774
5201
5366
5842
6160
6165
5695
4903
4015
3235
2547
1906
1686
1929
2335
2447
2006
1298
793
514
3
-764
-1382
-1680
-1728
-1709
-1861
-2131
-2264
-2563
-3170
-3634
-3658
-3453
-3439
-3988
-4866
-5179
-4522
-3051
-1304
-76
-143
-1424
-2772
-2836
-1095
945
1427
363
-1018
-1425
-1024
-1025
-1990
-3033
-3101
-2523
-1684
-1225
-1703
-2544
-3107
-3068
-2762
-2694
-3436
-4513
-4427
-3253
-1780
-1046
-1510
-2520
-2947
-2272
-1292
-314
328
656
1190
1787
1971
1434
905
804
1213
1847
2072
2261
3205
5090
6932
7689
7104
5628
4491
4395
5083
5943
6464
6524
6366
6270
5898
4950
3737
2885
2746
2966
2830
2133
1391
1034
724
76
-1017
-2204
-2957
-3046
-2508
-1781
-1191
-1105
-1579
-2271
-2909
-3158
-3105
-2976
-3092
-3581
-3935
-3824
-2900
-1491
-569
-1090
-2882
-4302
-4139
-2196
115
876
-135
-1632
-2138
-1860
-1784
-2421
-3307
-3357
-2788
-1968
-1327
-1370
-2179
-3206
-3443
-2992
-2469
-2628
-3525
-3956
-3364
-2128
-1288
-1336
-1814
-1999
-1550
-1070
-652
-232
91
495
952
1238
1213
1376
1918
2437
2667
2526
2557
3405
5056
6671
7315
6857
5770
4952
4896
5225
5450
5390
5313
5429
5693
5667
4899
3701
2818
2732
3052
3153
2787
2100
1540
1231
872
8
-1219
-2386
-3198
-3337
-2891
-2158
-1617
-1525
-1950
-2754
-3535
-4014
-3888
-3560
-3561
-3759
-3721
-2914
-1498
-206
-178
-1507
-3020
-3411
-2007
6
826
-91
-1621
-2276
-2052
-1806
-2408
-3383
-3545
-2910
-2027
-1632
-1914
-2708
-3421
-3538
-3187
-2768
-2983
-3739
-4050
-3380
-2148
-1226
-1234
-1988
-2370
-1901
-1191
-614
-165
397
1263
2124
2262
1692
1287
1471
1990
2432
2475
2628
3604
5287
6763
7284
6690
5307
4263
4297
5190
6122
6378
6019
5612
5591
5415
4527
3184
2185
2183
2760
3072
2761
2181
1724
1175
263
-977
-2040
-2639
-2819
-2617
-2235
-1919
-1803
-1950
-2425
-3125
-3686
-3820
-3409
-2932
-2967
-3325
-3484
-2894
-1624
-515
-554
-1731
-2891
-2934
-1498
325
866
-166
-1669
-2226
-1670
-1115
-1609
-2814
-3347
-2848
-1752
-1020
-1406
-2561
-3405
-3204
-2569
-2390
-3232
-4599
-4948
-3971
-2531
-1773
-2004
-2503
-2497
-1790
-1205
-836
-394
54
796
1635
2037
1740
1378
1576
2176
2942
3264
3233
3647
4858
6297
6976
6455
5100
4107
4216
5082
5946
6177
5702
5114
5009
4947
4396
3475
2787
2792
3147
3188
2605
1856
1356
1063
692
-144
-1246
-2131
-2628
-2709
-2470
-2177
-2059
-2142
-2391
-2788
-3166
-3383
-3423
-3297
-3375
-3707
-3765
-3472
-2747
-1636
-687
-725
-1641
-2400
-2358
-1248
117
361
-565
-1707
-1951
-1319
-787
-1136
-2012
-2245
-1918
-1393
-1131
-1500
-2195
-2626
-2447
-2171
-2275
-3066
-4300
-4670
-3833
-2550
-1875
-1966
-2197
-2230
-1886
-1639
-1445
-962
-232
665
1465
2018
2020
1743
1718
1916
2416
3002
3509
4161
5172
6188
6453
5864
4814
4070
4274
5080
5803
6002
5703
5284
5024
4716
3985
3033
2491
2644
3063
3079
2460
1649
1065
627
-9
-871
-1566
-1920
-2096
-2180
-2231
-2161
-2060
-2207
-2630
-3004
-3078
-2976
-2844
-2849
-3194
-3490
-3417
-3258
-2873
-1970
-936
-664
-1327
-2216
-2438
-1438
-132
191
-537
-1580
-1946
-1516
-965
-1009
-1502
-1880
-2182
-2020
-1459
-1195
-1481
-1998
-2216
-2223
-2325
-3182
-4466
-4791
-3981
-2730
-1790
-1320
-1334
-1624
-1851
-1934
-1409
-563
23
468
1055
1774
2077
2022
1820
1851
2383
2924
3379
3957
4875
5751
6066
5670
4763
4176
4383
5071
5679
5886
5596
4950
4445
4125
3847
3537
3278
3178
3154
3046
2557
1939
1294
445
-456
-1161
-1513
-1772
-2083
-2358
-2397
-2132
-2161
-2612
-3136
-3330
-3010
-2573
-2463
-2790
-3152
-3225
-3134
-3069
-2740
-1818
-694
-414
-1142
-2000
-2112
-1142
-89
-80
-1045
-2064
-2261
-1780
-1299
-1530
-2180
-2576
-2683
-2282
-1681
-1440
-1757
-2199
-2272
-2147
-2122
-2831
-3958
-4372
-3918
-2883
-1862
-1327
-1504
-1982
-2038
-1632
-782
13
491
1093
1950
2720
2923
2840
2651
2565
2788
3078
3572
4375
5347
5927
5915
5564
4967
4482
4317
4457
4788
5043
4921
4496
4183
3882
3499
3046
2740
2672
2612
2383
1859
1443
1125
541
-357
-1338
-1940
-2114
-2104
-2147
-2229
-2362
-2618
-2926
-3276
-3373
-3207
-3024
-3085
-3306
-3258
-2920
-2611
-2554
-2208
-1136
11
213
-644
-1702
-1899
-955
-47
-124
-1040
-1916
-1890
-1278
-804
-1115
-1852
-2524
-2930
-2612
-2062
-1815
-2026
-2348
-2352
-2086
-1965
-2847
-4211
-4720
-4007
-2501
-1205
-733
-1084
-1495
-1568
-1421
-926
-368
78
726
1700
2534
2874
2956
2709
2424
2561
3083
3823
4634
5340
5720
5961
5888
5273
4570
4170
4151
4477
4850
4878
4631
4306
3854
3374
2884
2479
2324
2335
2219
1967
1716
1159
280
-638
-1372
-1725
-1933
-2179
-2407
-2452
-2437
-2634
-2982
-3367
-3463
-3233
-3099
-3223
-3457
-3432
-3055
-2755
-2639
-2192
-1219
-416
-489
-1278
-1965
-1636
-501
141
-277
-1288
-1955
-1838
-1317
-1018
-1307
-1902
-2522
-2655
-2038
-1349
-1300
-1871
-2312
-2174
-1672
-1695
-2926
-4196
-4243
-3044
-1387
-283
-230
-887
-1279
-1274
-914
-323
-38
252
979
2059
2942
3163
2807
2095
1817
2260
3074
3848
4411
4906
5378
5765
5567
4697
3814
3403
3643
4301
4770
4787
4510
4033
3421
2749
2060
1671
1675
1859
1933
1774
1352
601
-323
-1173
-1754
-2022
-2085
-1999
-1889
-1790
-1821
-2100
-2500
-2878
-3012
-2920
-2909
-3045
-3024
-2692
-2311
-2211
-2104
-1598
-753
-273
-611
-1290
-1511
-853
-10
-38
-1027
-2065
-2218
-1703
-1150
-1030
-1533
-2274
-2817
-2667
-2048
-1679
-1980
-2526
-2501
-1964
-1587
-2214
-3650
-4456
-3859
-2318
-991
-500
-767
-1239
-1317
-1022
-497
-56
190
622
1544
2649
3212
3106
2542
2051
2280
3014
3694
4114
4591
5208
5834
6011
5331
4244
3483
3478
3975
4473
4589
4366
4097
3519
2755
2072
1682
1637
1744
1880
1722
1339
657
-263
-1112
-1794
-2148
-2303
-2336
-2254
-2027
-1755
-1805
-2177
-2663
-2948
-2886
-2669
-2522
-2469
-2335
-2052
-1788
-1526
-1042
-393
-70
-437
-1162
-1490
-1019
-175
69
-567
-1505
-1899
-1565
-1173
-1203
-1727
-2316
-2709
-2679
-2218
-1936
-2096
-2496
-2612
-2431
-2464
-3023
-4016
-4452
-3908
-2727
-1568
-1012
-970
-1242
-1377
-1321
-1028
-502
97
934
1921
2721
2969
2852
2679
2530
2650
3022
3468
4009
4830
5721
6246
6144
5372
4384
3710
3581
3798
4090
4214
4178
4091
3618
2727
1813
1346
1391
1694
1848
1546
1025
489
-111
-821
-1565
-2201
-2593
-2640
-2412
-1996
-1623
-1577
-1853
-2241
-2586
-2696
-2455
-2112
-1998
-1993
-1830
-1466
-820
-119
201
-152
-902
-1354
-962
107
752
336
-797
-1755
-1833
-1412
-1323
-1886
-2434
-2514
-2325
-2060
-2090
-2431
-2874
-3070
-2967
-2952
-3310
-4146
-4768
-4566
-3652
-2625
-2141
-2113
-2106
-1751
-1307
-1142
-1038
-671
282
1641
2718
2979
2574
2288
2450
2907
3288
3416
3650
4268
5277
6146
6350
5773
4829
4130
3901
4051
4248
4322
4282
4249
4151
3675
2746
1736
1329
1580
2013
2143
1848
1342
690
-30
-854
-1660
-2324
-2758
-2809
-2510
-1952
-1504
-1423
-1734
-2265
-2694
-2924
-2841
-2579
-2217
-1871
-1505
-732
213
684
58
-1247
-2142
-1755
-248
778
441
-743
-1570
-1459
-1019
-1115
-2111
-3066
-3173
-2420
-1380
-1178
-2044
-3215
-3605
-3160
-2722
-3078
-4346
-5211
-4737
-3406
-2295
-2145
-2677
-3077
-2560
-1546
-891
-823
-959
-380
1160
2818
3369
2690
1795
1652
2549
3678
4228
4200
4326
5102
6094
6498
5785
4574
3805
3893
4426
4651
4385
3885
3667
3683
3472
2825
1955
1476
1581
2038
2299
2078
1609
988
300
-551
-1495
-2291
-2718
-2636
-2326
-2007
-1871
-1844
-1813
-1925
-2232
-2573
-2694
-2557
-2182
-1680
-994
-49
764
817
-23
-1151
-1718
-1197
-113
491
242
-531
-1163
-1348
-1277
-1537
-2298
-3120
-3637
-3302
-2297
-1524
-1667
-2535
-3307
-3622
-3601
-3978
-4786
-5137
-4609
-3382
-2251
-1908
-2469
-3131
-3043
-2184
-1033
-380
-298
-50
901
2176
2937
2811
2088
1719
2229
3320
4394
5029
5362
5645
6051
6195
5727
4846
4075
4018
4466
4774
4444
3684
3109
2852
2721
2372
1885
1548
1443
1557
1663
1610
1309
797
138
-635
-1419
-2116
-2486
-2353
-1906
-1587
-1619
-1926
-2208
-2193
-1968
-1833
-1984
-2146
-1995
-1227
47
1051
1183
378
-593
-953
-465
271
372
-35
-472
-503
-364
-634
-1437
-2454
-3012
-3099
-2866
-2568
-2500
-2528
-2607
-2691
-3061
-3841
-4841
-5573
-5450
-4710
-3838
-3256
-3009
-2920
-2896
-2889
-2885
-2496
-1724
-729
284
1067
1580
1759
1830
1864
2058
2415
2718
3188
3934
4990
5958
6383
6112
5391
4881
4695
4732
4780
4724
4671
4552
4243
3578
2874
2452
2333
2346
2144
1744
1346
1142
1036
856
514
-118
-881
-1589
-2071
-2243
-2126
-1858
-1583
-1423
-1608
-2097
-2518
-2503
-2104
-1672
-1533
-1498
-908
211
1108
994
7
-831
-630
466
1212
935
-6
-732
-681
-276
-316
-1216
-2369
-3054
-2952
-2328
-2077
-2524
-3263
-3562
-3337
-3184
-3756
-5083
-6051
-5852
-4656
-3392
-2944
-3330
-3860
-3726
-3035
-2304
-1936
-1813
-1289
-118
1215
1870
1708
1201
1036
1583
2454
3251
3807
4333
5011
5784
6304
6099
5393
4701
4504
4783
5059
5036
4762
4518
4180
3613
2946
2437
2303
2326
2202
1848
1494
1287
1074
730
189
-440
-991
-1414
-1717
-1877
-1878
-1755
-1525
-1323
-1355
-1717
-2239
-2572
-2450
-1943
-1375
-801
-175
394
589
176
-465
-704
-182
592
922
604
-74
-498
-557
-493
-735
-1422
-2249
-2815
-2707
-2242
-1981
-2249
-2874
-3357
-3599
-3847
-4460
-5180
-5491
-5180
-4384
-3674
-3447
-3700
-3971
-3867
-3296
-2491
-1889
-1401
-731
186
1018
1416
1354
1169
1324
1827
2534
3347
4144
4807
5248
5399
5261
5050
4830
4644
4609
4729
4906
5015
4885
4417
3851
3397
3094
2916
2741
2487
2258
2121
1921
1561
1017
322
-340
-799
-1048
-1135
-1121
-1184
-1355
-1496
-1537
-1523
-1561
-1741
-2015
-2155
-2007
-1563
-820
22
550
439
-181
-766
-805
-279
220
229
-134
-465
-519
-472
-661
-1220
-1868
-2260
-2313
-2129
-2041
-2224
-2571
-2788
-2826
-3013
-3680
-4764
-5558
-5473
-4656
-3788
-3458
-3647
-3933
-3923
-3625
-3221
-2799
-2309
-1563
-543
477
1094
1146
885
793
1180
1902
2615
3173
3680
4296
4913
5187
4954
4450
4131
4247
4648
4945
4908
4686
4457
4253
3978
3549
3094
2838
2792
2713
2442
2015
1570
1270
1032
648
115
-383
-688
-749
-687
-743
-946
-1156
-1308
-1375
-1403
-1477
-1588
-1583
-1414
-1062
-500
49
287
107
-310
-592
-423
38
256
5
-520
-907
-885
-655
-674
-1123
-1760
-2299
-2515
-2421
-2327
-2427
-2699
-3002
-3225
-3418
-3832
-4529
-5156
-5338
-4900
-4102
-3511
-3438
-3679
-3822
-3634
-3173
-2734
-2344
-1718
-770
257
986
1205
1063
995
1248
1787
2490
3178
3784
4362
4832
4953
4689
4266
4001
4100
4423
4683
4790
4795
4658
4341
3901
3483
3261
3203
3099
2828
2468
2114
1806
1538
1222
797
265
-279
-679
-828
-830
-894
-1050
-1178
-1211
-1232
-1376
-1655
-1880
-1794
-1352
-678
15
403
265
-268
-771
-873
-538
-143
-81
-302
-526
-620
-680
-884
-1275
-1663
-1882
-1971
-2039
-2197
-2453
-2663
-2730
-2745
-2921
-3419
-4137
-4708
-4840
-4567
-4132
-3788
-3644
-3608
-3546
-3396
-3150
-2839
-2496
-2068
-1477
-763
-54
514
851
968
1002
1147
1550
2202
2929
3552
4012
4325
4479
4425
4189
3946
3913
4145
4493
4738
4718
4428
4014
3662
3483
3443
3356
3092
2726
2420
2267
2210
2087
1757
1220
601
84
-222
-353
-406
-441
-491
-601
-806
-1085
-1351
-1533
-1616
-1545
-1206
-596
14
219
-151
-806
-1251
-1258
-1021
-861
-843
-840
-771
-741
-951
-1442
-2040
-2466
-2559
-2378
-2209
-2318
-2653
-2977
-3130
-3243
-3557
-4092
-4534
-4566
-4216
-3725
-3329
-3094
-2955
-2879
-2868
-2830
-2596
-2104
-1418
-718
-181
144
331
482
657
883
1150
1523
2067
2684
3168
3377
3395
3437
3640
3882
3949
3819
3671
3734
4026
4303
4278
3888
3356
2990
2961
3139
3247
3120
2770
2364
2038
1830
1712
1625
1467
1151
715
294
28
-73
-138
-274
-474
-661
-803
-916
-1034
-1172
-1311
-1388
-1296
-1003
-659
-530
-731
-1084
-1301
-1288
-1223
-1315
-1524
-1632
-1524
-1342
-1332
-1602
-2036
-2407
-2601
-2646
-2625
-2611
-2594
-2554
-2517
-2597
-2906
-3407
-3871
-4010
-3729
-3220
-2769
-2513
-2381
-2251
-2084
-1915
-1724
-1426
-974
-462
-52
193
359
563
816
1031
1200
1424
1790
2252
2689
3009
3223
3394
3548
3646
3635
3534
3446
3462
3564
3650
3615
3447
3245
3143
3165
3201
3139
2952
2692
2431
2203
2031
1896
1745
1502
1133
706
333
84
-68
-187
-304
-409
-497
-580
-691
-865
-1063
-1158
-1062
-858
-751
-895
-1218
-1504
-1580
-1485
-1447
-1635
-1950
-2120
-2019
-1813
-1766
-1977
-2316
-2576
-2678
-2715
-2783
-2846
-2802
-2676
-2636
-2822
-3210
-3607
-3783
-3637
-3257
-2847
-2551
-2354
-2175
-1942
-1658
-1392
-1184
-989
-714
-355
23
363
632
816
950
1104
1323
1595
1905
2245
2593
2930
3221
3416
3466
3399
3304
3273
3343
3473
3567
3548
3425
3272
3174
3171
3220
3207
3059
2820
2585
2407
2293
2226
2157
1979
1636
1202
813
541
377
260
102
-132
-357
-474
-531
-677
-959
-1287
-1562
-1734
-1790
-1759
-1674
-1551
-1426
-1406
-1569
-1862
-2135
-2259
-2212
-2115
-2127
-2257
-2347
-2328
-2311
-2400
-2589
-2790
-2897
-2806
-2540
-2288
-2203
-2248
-2324
-2440
-2621
-2781
-2780
-2573
-2219
-1812
-1479
-1305
-1235
-1133
-951
-773
-652
-511
-229
232
766
1185
1334
1233
1099
1171
1495
1946
2389
2787
3147
3409
3462
3304
3082
2987
3129
3425
3647
3620
3366
3093
2984
3042
3114
3064
2896
2730
2663
2651
2571
2344
2017
1692
1417
1163
884
596
351
160
-26
-240
-458
-652
-804
-933
-1074
-1242
-1429
-1618
-1792
-1937
-2030
-2058
-2018
-1912
-1767
-1672
-1731
-1943
-2163
-2246
-2168
-2053
-2053
-2197
-2376
-2472
-2457
-2422
-2453
-2514
-2523
-2466
-2401
-2389
-2408
-2377
-2248
-2065
-1946
-1969
-2070
-2092
-1938
-1636
-1287
-983
-763
-623
-530
-426
-258
-18
277
594
882
1127
1334
1496
1626
1757
1972
2328
2766
3147
3340
3332
3236
3182
3233
3343
3435
3467
3472
3503
3568
3602
3531
3351
3120
2939
2873
2892
2872
2703
2392
2032
1692
1359
993
623
345
216
172
62
-223
-661
-1117
-1458
-1635
-1691
-1710
-1779
-1951
-2177
-2364
-2458
-2506
-2584
-2692
-2750
-2670
-2464
-2266
-2212
-2337
-2521
-2609
-2579
-2531
-2556
-2605
-2568
-2402
-2195
-2105
-2172
-2289
-2292
-2134
-1907
-1737
-1677
-1642
-1572
-1468
-1377
-1327
-1253
-1102
-858
-611
-421
-252
-45
245
536
726
801
857
1057
1412
1808
2085
2193
2241
2332
2518
2725
2882
2974
3035
3157
3318
3468
3530
3483
3407
3334
3293
3235
3137
3048
2989
2973
2923
2763
2474
2107
1783
1571
1461
1341
1098
723
311
5
-150
-236
-394
-697
-1076
-1401
-1597
-1724
-1865
-2039
-2179
-2237
-2263
-2339
-2511
-2719
-2850
-2843
-2733
-2634
-2617
-2646
-2641
-2584
-2552
-2588
-2650
-2616
-2433
-2169
-1942
-1865
-1928
-2015
-1993
-1820
-1612
-1466
-1386
-1311
-1213
-1122
-1038
-952
-833
-677
-511
-359
-260
-188
-79
95
296
432
503
594
806
1136
1465
1697
1794
1805
1817
1920
2156
2451
2711
2879
2973
3022
3018
2980
2961
2999
3082
3161
3194
3130
2973
2794
2679
2640
2586
2440
2209
1969
1778
1628
1459
1216
920
630
412
268
112
-143
-491
-818
-1025
-1128
-1236
-1425
-1666
-1886
-2017
-2065
-2110
-2227
-2415
-2580
-2643
-2616
-2585
-2600
-2633
-2625
-2575
-2541
-2581
-2675
-2730
-2658
-2466
-2251
-2127
-2120
-2143
-2090
-1947
-1783
-1661
-1584
-1498
-1353
-1150
-945
-794
-693
-601
-479
-327
-161
16
213
417
607
756
857
936
1037
1186
1373
1576
1756
1890
1979
2046
2121
2222
2340
2447
2525
2582
2636
2692
2740
2758
2731
2670
2600
2538
2493
2470
2453
2413
2314
2137
1913
1711
1568
1469
1353
1169
928
688
505
381
237
5
-301
-600
-807
-920
-1014
-1167
-1376
-1569
-1690
-1779
-1914
-2103
-2266
-2331
-2311
-2289
-2333
-2414
-2450
-2392
-2305
-2294
-2395
-2524
-2556
-2434
-2223
-2048
-1987
-1995
-1982
-1921
-1848
-1800
-1736
-1610
-1409
-1191
-1042
-984
-947
-823
-598
-367
-233
-197
-135
66
383
667
799
821
873
1021
1212
1377
1520
1664
1812
1941
2035
2111
2195
2286
2360
2409
2453
2479
2468
2437
2428
2440
2422
2332
2204
2095
2011
1911
1793
1685
1602
1498
1314
1092
925
849
794
657
435
228
108
49
-42
-201
-383
-534
-651
-756
-862
-979
-1111
-1227
-1287
-1314
-1380
-1512
-1658
-1748
-1761
-1749
-1784
-1870
-1925
-1893
-1845
-1880
-1981
-2053
-2024
-1928
-1847
-1837
-1887
-1917
-1863
-1746
-1654
-1639
-1660
-1642
-1530
-1349
-1183
-1109
-1095
-1018
-828
-608
-456
-368
-268
-105
123
377
582
709
823
981
1177
1375
1555
1693
1790
1903
2082
2262
2356
2357
2345
2389
2471
2528
2508
2428
2365
2344
2326
2247
2112
1964
1823
1699
1589
1472
1333
1170
1014
868
718
553
373
203
63
-45
-148
-272
-419
-560
-684
-784
-880
-984
-1091
-1184
-1238
-1258
-1281
-1336
-1414
-1475
-1486
-1461
-1447
-1468
-1497
-1488
-1439
-1394
-1399
-1452
-1502
-1492
-1430
-1373
-1366
-1403
-1431
-1415
-1366
-1330
-1338
-1370
-1369
-1306
-1209
-1126
-1081
-1048
-990
-896
-785
-680
-574
-447
-283
-99
70
205
326
466
637
816
975
1115
1264
1441
1620
1765
1856
1915
1990
2091
2187
2244
2260
2271
2295
2314
2300
2239
2156
2077
2003
1922
1818
1699
1576
1441
1280
1096
918
758
608
443
257
75
-77
-197
-322
-482
-672
-840
-955
-1025
-1097
-1207
-1330
-1415
-1435
-1423
-1445
-1523
-1602
-1618
-1551
-1466
-1431
-1451
-1463
-1411
-1313
-1237
-1223
-1237
-1209
-1115
-1012
-953
-953
-962
-927
-846
-767
-742
-762
-764
-712
-628
-570
-569
-587
-562
-476
-388
-351
-347
-317
-214
-68
48
97
123
196
333
493
613
676
739
856
1026
1184
1272
1300
1327
1402
1514
1613
1665
1680
1695
1725
1753
1756
1728
1687
1650
1616
1576
1526
1461
1387
1301
1198
1080
951
823
699
577
458
337
208
62
-100
-264
-412
-539
-643
-750
-879
-1021
-1148
-1230
-1272
-1304
-1356
-1443
-1532
-1582
-1577
-1532
-1493
-1486
-1495
-1486
-1448
-1390
-1331
-1273
-1207
-1131
-1067
-1021
-981
-911
-800
-693
-631
-616
-598
-525
-401
-284
-211
-183
-165
-113
-35
47
115
160
195
230
271
321
383
451
511
553
576
585
607
652
724
808
875
915
928
935
957
1005
1064
1108
1121
1116
1115
1118
1132
1150
1165
1158
1124
1072
1025
1005
1000
984
932
852
767
700
647
589
511
420
324
221
105
-17
-123
-207
-282
-381
-515
-655
-767
-835
-883
-951
-1049
-1151
-1221
-1255
-1276
-1310
-1354
-1375
-1359
-1332
-1329
-1355
-1367
-1320
-1219
-1118
-1062
-1052
-1029
-954
-839
-737
-676
-636
-562
-442
-314
-228
-191
-158
-86
19
114
165
181
210
273
355
420
449
468
503
561
611
635
642
664
721
796
858
883
882
883
908
955
998
1014
1012
1012
1017
1024
1012
987
955
927
907
880
834
773
710
656
609
558
490
410
328
249
175
107
37
-35
-106
-186
-270
-346
-408
-463
-527
-600
-667
-714
-744
-779
-827
-879
-908
-908
-905
-921
-953
-979
-969
-928
-892
-878
-878
-863
-818
-762
-725
-707
-689
-644
-570
-503
-467
-444
-416
-371
-318
-271
-231
-197
-160
-123
-78
-29
22
61
90
122
172
229
279
322
368
417
465
512
557
594
631
672
715
755
785
802
816
838
862
878
880
877
882
883
873
849
824
807
786
753
711
666
626
582
523
453
382
320
257
184
106
34
-35
-112
-190
-264
-332
-403
-477
-543
-600
-655
-712
-766
-807
-836
-864
-893
-910
-909
-897
-887
-874
-857
-828
-789
-751
-717
-678
-629
-581
-531
-478
-421
-367
-323
-276
-219
-162
-121
-89
-52
-9
29
52
72
100
128
150
163
169
176
192
207
217
218
224
240
261
274
278
283
295
319
346
362
366
373
396
430
454
460
463
477
507
539
559
562
560
566
585
607
610
594
573
562
556
541
508
465
419
378
335
284
212
141
78
20
-38
-104
-176
-248
-311
-371
-421
-475
-531
-576
-615
-646
-673
-703
-711
-709
-710
-702
-695
-672
-637
-605
-572
-542
-510
-463
-413
-368
-330
-301
-259
-206
-156
-122
-102
-84
-55
-19
6
14
9
11
30
56
73
72
62
63
80
106
122
119
112
122
152
182
194
186
191
215
250
282
288
287
294
312
341
359
354
348
348
367
386
383
367
348
347
362
366
350
320
292
285
284
272
242
202
176
164
142
106
59
13
-14
-35
-66
-112
-160
-196
-221
-244
-280
-319
-351
-370
-374
-385
-399
-406
-411
-403
-396
-397
-390
-376
-351
-328
-312
-292
-272
-243
-210
-185
-166
-148
-120
-85
-56
-37
-24
-12
7
26
42
51
54
56
67
82
87
84
82
86
97
106
104
98
94
105
122
130
131
128
130
139
150
154
153
150
151
153
148
146
145
143
144
140
140
140
136
134
134
132
130
124
119
116
108
103
98
89
81
70
58
46
31
20
4
-14
-33
-54
-75
-92
-106
-121
-137
-155
-171
-174
-173
-172
-175
-186
-190
-185
-173
-162
-160
-160
-150
-137
-122
-111
-106
-94
-80
-63
-50
-44
-38
-29
-17
-1
8
10
8
9
15
26
37
40
36
34
36
42
47
45
42
38
39
45
47
41
35
36
42
48
51
49
41
35
34
37
41
39
35
37
39
41
45
44
42
40
40
46
52
51
45
40
40
42
47
53
51
48
47
48
46
39
30
23
19
15
7
-5
-12
-20
-26
-31
-36
-45
-53
-59
-55
-50
-53
-60
-67
-73
-72
-65
-64
-62
-63
-68
-63
-57
-48
-45
-50
-52
-48
-35
-25
-24
-30
-28
-19
-10
-3
0
-1
4
11
19
24
21
18
24
32
37
36
27
24
24
29
34
32
25
23
25
32
35
26
18
11
8
14
17
16
13
10
8
13
12
11
16
12
7
8
6
12
19
17
16
12
5
3
2
-1
0
0
-2
-4
-11
-16
-13
-11
-6
-1
-5
-9
-10
-12
-9
-5
-10
-14
-16
-14
-8
-8
-7
-9
-14
-19
-16
-18
-21
-22
-26
-24
-18
-18
-18
-20
-19
-14
-9
-6
-5
-2
4
10
15
16
15
13
14
18
20
22
23
23
23
24
23
23
23
22
20
20
17
15
11
6
1
-2
-7
-9
-10
-13
-14
-19
-21
-21
-18
-16
-15
-19
-20
-17
-14
-16
-18
-16
-11
-8
-6
-6
-8
-11
-12
-13
-12
-9
-2
2
3
3
3
5
9
14
16
17
20
23
24
26
30
29
27
26
27
29
27
23
18
15
13
12
11
9
5
-1
-7
-12
-15
-19
-19
-21
-23
-21
-21
-21
-19
-20
-17
-17
-16
-16
-15
-13
-11
-6
-5
-7
-11
-8
-4
0
3
4
5
4
3
6
8
5
1
-1
1
4
3
3
1
3
4
3
2
2
2
3
2
4
7
5
1
-1
-1
0
0
0
1
0
-1
-1
1
1
-2
-1
0
0
-3
-3
0
5
