86
60
65
65
80
78
57
49
32
13
-17
-24
-12
-12
-7
-28
-41
-54
-71
-83
-96
-88
-94
-96
-95
-109
-102
-105
-110
-121
-127
-115
-126
-119
-119
-124
-126
-144
-144
-151
-146
-133
-117
-82
-81
-71
-65
-74
-69
-81
-73
-72
-70
-58
-63
-46
-28
-6
16
15
27
40
53
55
56
70
69
75
71
71
82
95
116
120
136
160
165
164
136
131
131
119
112
103
124
137
142
148
139
147
133
113
94
81
97
94
88
76
75
90
73
65
66
78
88
62
41
22
5
-18
-52
-59
-48
-31
-26
-28
-21
-13
-19
-46
-70
-85
-99
-110
-127
-122
-123
-131
-137
-158
-159
-163
-150
-138
-135
-113
-114
-115
-124
-137
-131
-144
-133
-129
-123
-103
-110
-87
-79
-81
-77
-88
-65
-74
-59
-28
-18
21
14
22
31
24
41
16
15
10
-9
-9
-44
-34
-20
-13
10
20
71
101
125
138
125
130
101
70
51
31
41
37
46
51
55
79
72
74
90
101
118
113
113
107
92
89
64
60
57
55
66
67
67
67
57
32
1
-18
-37
-44
-38
-24
-10
2
14
15
17
9
-1
-4
-26
-50
-66
-75
-97
-111
-104
-97
-73
-56
-38
-9
9
17
-4
-12
-29
-56
-62
-75
-72
-62
-60
-63
-66
-56
-57
-58
-52
-52
-44
-35
-28
-24
-11
-6
-9
-2
-2
7
16
17
17
10
0
-25
-47
-49
-60
-61
-52
-36
-6
12
30
52
73
79
58
52
42
27
18
3
4
-3
-4
-7
-9
20
31
54
72
76
94
77
65
52
40
54
44
52
54
57
65
42
27
16
3
-7
-13
-7
11
30
33
28
29
29
22
17
23
19
14
-3
-31
-56
-81
-99
-108
-102
-88
-65
-35
-16
-10
-7
-8
-12
-23
-26
-27
-28
-26
-38
-48
-52
-65
-63
-66
-65
-55
-54
-42
-45
-47
-45
-53
-38
-30
-15
6
18
34
28
30
26
3
-9
-29
-31
-34
-38
-31
-22
3
19
34
58
72
89
90
78
68
54
42
22
3
-2
-6
-6
1
5
23
41
53
66
71
79
81
72
65
56
53
47
40
40
39
40
33
21
15
17
20
22
32
43
46
53
55
59
74
78
84
77
63
44
16
-2
-29
-51
-54
-56
-40
-22
-8
9
15
27
24
27
33
30
35
31
24
10
-8
-25
-48
-49
-45
-32
-10
-2
7
11
6
-7
-16
-9
-6
1
8
10
13
8
-7
-24
-29
-35
-42
-39
-37
-37
-36
-39
-46
-48
-43
-32
-23
-11
-4
-4
-8
-24
-30
-37
-42
-43
-47
-42
-41
-40
-40
-35
-21
-20
-22
-20
-18
-16
-25
-36
-43
-47
-50
-60
-56
-58
-64
-66
-73
-74
-73
-70
-63
-56
-39
-30
-25
-12
-17
-14
-9
-8
-5
-4
-6
-17
-26
-27
-34
-33
-29
-29
-15
-7
-5
-9
-13
-19
-30
-24
-19
-15
-6
-8
-8
-10
-11
-14
-16
-8
-7
-3
3
3
7
11
14
27
43
61
77
81
82
72
60
49
34
26
24
26
29
30
36
36
34
34
39
49
58
62
59
50
40
26
15
11
15
24
34
41
42
40
38
29
21
21
23
33
42
43
46
46
46
41
41
46
41
35
28
8
-6
-22
-36
-36
-27
-14
-4
14
31
37
46
44
31
30
21
11
0
-7
-11
-22
-25
-30
-28
-15
-10
0
3
10
9
-3
-1
-13
-17
-11
-16
-9
-13
-24
-34
-46
-45
-51
-53
-58
-67
-62
-69
-70
-63
-56
-38
-31
-20
-9
-9
-6
-14
-29
-35
-41
-48
-55
-51
-47
-45
-33
-22
-8
0
2
9
6
10
4
-17
-28
-40
-45
-43
-38
-26
-17
-4
4
8
17
17
19
27
31
43
44
43
43
42
45
43
44
46
44
38
29
20
11
5
3
-1
11
23
31
43
49
57
60
57
52
41
33
19
10
5
-1
3
1
7
16
26
39
45
53
52
48
42
34
33
32
34
40
38
39
36
28
25
23
26
26
19
14
3
0
-1
-2
2
5
13
13
16
20
14
10
4
-6
-10
-17
-23
-31
-30
-23
-24
-17
-14
-15
-8
-10
-9
-14
-13
-17
-32
-36
-39
-46
-44
-42
-44
-41
-31
-36
-44
-39
-38
-44
-44
-41
-44
-47
-44
-41
-43
-37
-34
-34
-36
-39
-42
-40
-32
-28
-19
-15
-12
-6
1
7
12
16
21
30
18
15
16
12
15
13
8
3
-4
-7
-3
-5
-1
4
4
-8
-8
-8
-10
9
4
6
5
-9
-10
-11
-10
-12
-18
-18
-16
-22
-20
-13
-27
-28
-26
-33
-20
2
-2
-19
-15
-24
-35
-13
-6
-25
-17
-13
-27
-18
0
-8
-8
-3
-5
2
9
15
-2
-18
-17
-19
-6
21
32
14
-12
-5
-8
-6
17
-4
-29
-39
-25
-5
9
29
28
6
-16
-4
4
5
29
13
-18
-16
-8
2
14
38
25
21
23
23
40
33
29
38
41
30
21
37
34
35
35
71
77
33
73
85
25
50
108
105
72
95
84
45
54
106
97
93
112
51
35
54
19
39
65
48
11
-34
8
-21
-38
38
83
5
-9
79
-8
-83
-18
-19
-65
-59
20
-14
-92
-54
-22
-60
-31
72
36
-47
6
-66
-101
-3
20
16
22
17
-18
-12
14
9
39
-2
-22
25
-21
-55
-34
-8
-43
-24
44
-5
-47
-49
-65
-19
-29
25
48
-47
-104
-90
-56
-64
-6
12
-56
-76
-69
-20
-7
-3
-11
-31
-26
-59
-23
36
-97
-48
14
-72
29
67
57
-15
34
76
41
113
176
18
24
133
65
167
263
157
81
94
128
112
199
317
84
52
157
-21
76
273
134
104
184
59
62
167
126
81
80
62
34
73
70
-8
4
-18
8
25
57
56
-80
-23
-45
-50
71
108
8
-14
37
-74
-57
147
18
-20
64
-46
-94
32
13
-69
18
-44
-93
-53
-5
-22
-36
35
64
-50
29
154
-35
-32
79
-31
-119
17
-9
-66
-61
-12
-108
-160
-26
-128
-106
-62
-143
-211
-190
-222
-222
-158
-121
-180
-173
-206
-255
-194
-195
-226
-175
-128
-213
-248
-195
-224
-327
-117
-128
-283
-172
-118
-306
-243
-82
-122
-137
-145
-111
-266
-192
-89
-132
-40
-50
-123
-149
-115
-22
-117
-28
128
-86
-91
19
-170
-215
-101
-58
-142
-48
-3
-223
-135
-127
-317
-180
-4
-240
-257
-33
-300
-365
35
-126
-320
-23
-208
-400
-217
-126
-286
-215
-105
-296
-354
-231
-169
-250
-190
-123
-180
-208
-137
-39
-149
-98
85
-112
-57
49
-105
-39
47
77
14
77
167
-21
-72
150
65
-51
131
73
-69
23
139
-22
72
156
101
167
237
95
19
128
35
73
131
178
131
82
77
21
82
103
150
122
118
92
153
131
171
213
138
156
191
277
139
222
327
191
127
348
243
114
311
321
83
136
289
120
167
334
233
41
231
272
48
318
308
88
381
225
160
285
258
348
302
349
289
236
385
191
260
244
73
307
155
68
314
126
58
210
112
24
179
272
77
122
239
106
215
298
272
268
101
219
208
154
327
317
198
164
223
177
173
268
169
151
187
187
155
153
228
163
-3
183
142
25
215
117
-61
6
18
-114
44
43
-99
48
5
-198
-87
-117
-232
-226
-64
-122
-319
-90
-61
-270
-180
-84
-121
-251
-17
42
-224
-197
124
-171
-343
50
-90
-303
-37
3
-303
-245
-120
-236
-435
-115
-253
-469
-138
-299
-322
-255
-256
-132
-288
-154
-105
-324
-181
-55
-242
-138
-94
-174
-109
-119
-249
-168
-173
-203
-200
-296
-194
-269
-304
-175
-292
-258
-201
-198
-182
-140
-145
-146
-65
-124
-46
-123
8
99
4
118
71
17
-42
-38
-66
-86
11
49
-76
100
-34
-219
-20
-68
-199
-41
18
-185
-14
-67
-76
69
11
3
85
-71
47
235
20
58
137
57
-64
-13
169
-11
-19
203
41
-245
8
-9
-162
-71
80
-121
-122
151
-96
52
138
79
18
30
115
-3
44
138
185
128
25
71
129
39
62
142
22
-220
-28
-20
-195
99
-39
-40
-43
-169
-85
-74
109
37
-1
91
-48
-100
78
8
-52
81
58
-17
-27
-54
-131
-194
-187
-174
-102
-217
-146
-289
-302
-246
-376
-285
-294
-288
-332
-224
-189
-291
-156
-86
-273
-128
-40
-225
-53
41
-95
29
118
-118
-44
0
-220
-118
23
-59
-22
-119
-111
-136
-232
-76
18
-145
-128
68
-106
25
57
141
126
-3
196
65
-118
134
95
-56
81
159
-64
53
264
105
-84
173
64
-197
38
121
-47
-83
154
-37
-152
51
91
61
100
190
48
-46
167
130
182
347
393
219
242
331
252
252
481
261
316
491
215
321
493
365
362
440
334
262
389
386
379
541
515
322
475
449
232
518
428
333
412
330
339
190
150
363
216
185
232
71
76
104
137
226
161
187
341
213
11
334
99
-1
352
177
6
290
201
57
198
106
-6
82
71
-183
49
-75
-183
-45
-48
-251
-177
-137
-312
-269
-226
-375
-427
-258
-327
-461
-280
-319
-471
-327
-360
-508
-405
-334
-487
-465
-262
-542
-414
-304
-667
-411
-544
-613
-445
-590
-615
-506
-585
-680
-539
-505
-645
-556
-456
-541
-399
-367
-332
-365
-361
-310
-346
-327
-303
-247
-341
-388
-279
-293
-362
-289
-255
-270
-422
-215
-377
-543
-160
-101
-326
-118
-55
-217
-160
-82
-159
-221
-3
-13
-38
9
46
-7
39
183
127
100
188
58
107
183
235
272
252
374
322
358
342
417
459
312
492
592
284
518
579
445
659
574
521
568
563
565
572
536
488
547
610
449
536
678
525
408
651
631
460
533
667
530
469
632
455
482
557
509
479
549
437
363
535
386
262
362
278
178
255
269
211
154
195
130
69
57
-47
25
-52
-157
-68
-106
-184
-92
-184
-70
-202
-255
-56
-431
-297
-195
-401
-301
-333
-321
-319
-433
-325
-499
-540
-436
-561
-586
-605
-561
-610
-451
-536
-760
-504
-643
-717
-447
-583
-501
-442
-547
-551
-563
-508
-407
-427
-443
-545
-427
-425
-341
-325
-426
-433
-380
-370
-249
-244
-400
-118
-229
-345
-33
-84
-186
11
66
-136
-238
-17
-119
-166
19
-117
-288
-174
-108
-192
-181
-73
-303
-179
124
-260
-32
259
-13
97
350
115
163
485
262
318
579
504
390
614
660
459
567
776
698
510
840
706
430
926
847
524
1023
1035
662
820
736
544
555
828
501
433
619
247
153
476
279
191
380
391
181
131
336
168
96
143
187
-174
-70
65
-173
-112
-204
-407
-317
-248
-208
-193
-198
-157
-256
-268
-220
-239
-290
-225
-33
-193
-382
-273
-216
-339
-305
-149
-450
-427
-121
-433
-462
-265
-465
-614
-244
-331
-588
-74
-144
-578
-125
-118
-420
-101
125
-119
-191
291
-12
-293
157
-9
-207
87
72
-148
-29
78
-72
-56
18
-182
-61
77
-159
-24
-171
-348
-155
-242
-239
-67
-262
-198
-125
-96
-132
-58
118
82
194
295
163
184
277
352
144
101
310
-13
67
237
154
-139
76
315
-115
97
189
67
86
75
229
-94
-246
137
-277
-298
-43
-328
-465
-199
-339
-702
-360
-280
-556
-291
-89
-552
-515
-173
-467
-486
8
-140
-484
-63
-101
-525
-129
-57
-398
-219
-208
-397
-279
-324
-486
-513
-156
-282
-439
85
-93
-494
161
371
-283
294
435
-213
315
423
-143
288
396
-33
159
236
-155
118
428
369
616
532
473
533
585
648
570
383
767
474
402
854
191
157
869
144
292
972
203
206
742
288
-34
727
427
86
602
247
23
217
164
247
198
111
227
-125
51
376
-199
98
460
-166
-141
526
-59
-122
459
-17
-187
371
171
198
268
283
277
-36
289
417
166
252
462
231
-7
207
271
8
172
134
-33
-119
65
-3
-314
89
-274
-342
-140
-456
-503
-514
-355
-588
-733
-438
-793
-413
-462
-605
-271
-712
-657
-330
-614
-633
-39
-429
-688
-327
-638
-708
-207
-161
-158
25
-246
-378
-174
54
-56
184
131
10
272
-152
-250
-87
-377
-136
-27
-125
-202
-189
-66
-172
-14
174
189
476
518
256
444
230
115
330
584
459
207
507
182
22
225
173
46
79
79
209
73
-165
98
13
-174
-130
64
-35
-60
199
252
-72
-19
163
17
198
410
318
435
575
203
252
647
195
243
780
527
234
481
541
189
364
501
417
404
286
264
112
144
149
-154
-84
-182
-316
-87
-108
-257
-263
-319
-285
-391
-219
-172
-139
-237
-408
-326
-568
-536
-385
-579
-728
-316
-391
-545
-426
-703
-810
-798
-803
-614
-474
-620
-559
-394
-658
-782
-495
-447
-388
-183
-229
-337
-270
-297
-68
83
61
176
242
194
97
89
157
235
242
346
373
202
163
236
83
81
172
204
314
216
134
134
-198
-315
-43
-40
-81
64
8
-233
-260
-141
-244
-183
-31
23
122
66
126
107
148
193
297
432
345
309
337
234
143
266
252
361
453
470
479
464
386
456
630
670
716
765
689
549
542
566
304
373
598
468
501
563
260
70
186
113
0
14
-63
-218
-220
-211
-327
-248
-146
-185
-220
-270
-330
-357
-382
-349
-481
-555
-537
-587
-625
-608
-492
-502
-552
-462
-521
-551
-350
-236
-225
-282
-282
-278
-308
-207
-124
-93
-106
42
-133
-225
22
-20
18
239
103
27
128
-34
-132
75
93
-36
84
22
-69
62
165
124
194
192
133
233
218
54
45
63
31
53
50
41
106
113
153
248
231
192
279
266
292
283
245
269
160
215
209
18
19
39
-10
5
-9
-44
-73
-31
-79
-22
25
-22
69
164
92
126
200
185
247
322
408
310
291
356
356
446
496
408
319
218
85
129
172
83
119
117
-101
-198
-140
-184
-135
5
-50
-122
-148
-308
-329
-287
-271
-269
-259
-279
-319
-439
-388
-400
-508
-369
-345
-438
-271
-215
-329
-270
-367
-358
-188
-142
-80
-98
-213
-256
-315
-310
-301
-352
-254
-150
-201
-171
-35
-189
-151
34
13
53
163
127
65
150
114
149
274
231
293
453
447
528
665
782
907
1000
1113
1138
1150
1254
1288
1337
1282
1172
1133
1051
887
746
601
327
173
82
-118
-348
-575
-768
-979
-1167
-1187
-1248
-1406
-1403
-1437
-1534
-1479
-1487
-1383
-1289
-1240
-1129
-1068
-1095
-1184
-1082
-1130
-1213
-1071
-1164
-1178
-1252
-1447
-1477
-1473
-1546
-1596
-1443
-1461
-1503
-1351
-1297
-1323
-1223
-1091
-1122
-1121
-837
-610
-215
409
796
1214
1629
1819
2081
2580
2942
3378
3864
3905
3764
3603
3257
2937
2664
2379
2111
1771
1335
792
129
-525
-1054
-1500
-1767
-1918
-2210
-2455
-2557
-2774
-2738
-2523
-2329
-1886
-1367
-954
-462
24
300
689
1086
1436
1911
2303
2604
2804
3030
3300
3410
3425
3401
3176
3019
3058
2897
2487
2095
1669
1141
850
656
300
101
26
-188
-312
-413
-561
-693
-685
-606
-682
-797
-988
-1169
-1409
-1489
-1534
-1749
-1863
-2128
-2418
-2589
-2849
-3169
-3354
-3436
-3692
-3893
-4163
-4486
-4553
-4504
-4178
-3805
-3659
-3446
-3436
-3429
-3106
-2298
-765
703
1868
2503
2524
2652
3175
4015
4992
6023
6686
6701
6481
5754
4751
4063
3561
3248
2922
2347
1354
-7
-1418
-2719
-3623
-4084
-4376
-4467
-4404
-4489
-4645
-4590
-4346
-3894
-2988
-1817
-654
313
959
1314
1625
1925
2308
2899
3329
3585
3739
3622
3373
3057
2535
2194
2138
1885
1812
1722
1191
740
408
0
-190
39
259
468
873
1070
1130
1222
1397
1589
1796
2116
2254
2141
1914
1610
1068
644
321
8
-240
-591
-1138
-1829
-2392
-2827
-3203
-3519
-3743
-4128
-4581
-4893
-5095
-5214
-5105
-4619
-4326
-4046
-3715
-3522
-3156
-2565
-1265
730
2799
4253
4680
4493
4488
5151
6222
7371
8245
8334
7845
6970
5677
4414
3374
2819
2502
1970
1071
-321
-1918
-3489
-4585
-5098
-5199
-5074
-4926
-4783
-4731
-4663
-4315
-3666
-2714
-1487
-172
984
1728
1839
1793
1853
2015
2317
2512
2553
2430
2135
1677
1120
427
-240
-600
-637
-563
-608
-738
-1056
-1568
-1814
-1772
-1525
-960
-234
411
816
1059
1171
1182
1389
1771
2130
2280
2185
1795
1131
470
-292
-991
-1433
-1914
-2477
-3118
-3955
-4815
-5361
-5572
-5586
-5555
-5544
-5641
-5925
-5985
-5763
-5420
-4745
-3982
-3464
-2962
-2568
-2339
-2009
-1188
487
2961
4993
5821
5691
4993
4864
5630
6703
7652
7936
7363
6247
4863
3430
2227
1586
1407
1186
714
-175
-1580
-3126
-4252
-4732
-4618
-4127
-3643
-3242
-2876
-2614
-2374
-1782
-898
172
1516
2839
3759
3961
3552
2955
2496
2222
2069
1887
1392
792
70
-876
-1532
-2113
-2593
-2502
-2211
-1921
-1399
-1142
-1309
-1243
-966
-540
399
1446
2260
3014
3493
3693
3678
3662
3782
3927
3999
3788
3256
2472
1539
512
-439
-1255
-2067
-2820
-3567
-4373
-5152
-5728
-5907
-5911
-5707
-5285
-5085
-5039
-4874
-4785
-4481
-3810
-3111
-2554
-1994
-1508
-1334
-945
-510
-22
1532
3915
5626
6415
6310
5413
5135
5959
6997
7794
8142
7351
5833
4445
3136
2042
1574
1487
1190
623
-305
-1561
-2832
-3734
-3976
-3787
-3356
-2854
-2395
-2010
-1785
-1537
-992
-95
952
2045
3029
3494
3328
2714
2013
1465
1074
850
589
9
-865
-1754
-2633
-3442
-3863
-4108
-3987
-3324
-2783
-2200
-1538
-1235
-877
-179
648
1635
2900
3905
4417
4686
4604
4299
4223
4387
4389
4215
3845
2995
2013
1140
140
-913
-1740
-2536
-3423
-4188
-4939
-5657
-6136
-6311
-6181
-5863
-5393
-4824
-4506
-4335
-4156
-3807
-3318
-2675
-2025
-1699
-1372
-1147
-1015
-855
-595
-305
480
2554
4780
5899
6110
5426
4576
4866
5900
6832
7618
7687
6629
5255
3904
2546
1846
1897
1870
1463
733
-427
-1738
-2815
-3470
-3665
-3451
-2918
-2427
-1992
-1693
-1748
-1667
-1036
-69
958
2085
2874
2843
2300
1581
846
392
200
20
-443
-1146
-2081
-3193
-4074
-4670
-4880
-4681
-4164
-3660
-2994
-2384
-2169
-1782
-1163
-295
1020
2479
3532
4138
4373
4205
3973
3926
3922
3964
3983
3627
2846
1934
805
-525
-1523
-2261
-3073
-3874
-4618
-5285
-5772
-5979
-5957
-5772
-5261
-4511
-3762
-3213
-2692
-2242
-1967
-1326
-641
-146
436
745
607
512
517
286
362
634
977
2477
4613
5724
5746
5007
3987
3938
5093
6553
7603
7727
6533
4726
3168
2096
1586
1633
1725
1118
66
-1059
-2420
-3797
-4643
-5039
-4998
-4515
-4072
-3766
-3657
-3877
-3981
-3474
-2413
-1129
91
850
996
694
158
-294
-662
-943
-1194
-1533
-1940
-2649
-3476
-4081
-4502
-4654
-4182
-3366
-2566
-1695
-1193
-912
-241
703
1833
3276
4582
5332
5620
5609
5344
5116
5141
5127
5039
4759
4149
3101
1858
744
-313
-1271
-2112
-2927
-3861
-4670
-5102
-5409
-5499
-5252
-4940
-4448
-3732
-3273
-2885
-2323
-2005
-1493
-768
-306
-24
-20
-275
-533
-540
-442
-251
63
253
942
2803
4631
5375
5322
4704
4300
5079
6622
7940
8511
7869
6212
4518
3347
2703
2580
2712
2334
1246
-89
-1473
-2873
-3961
-4572
-4784
-4529
-4089
-3780
-3646
-3863
-4175
-3947
-2953
-1515
-172
805
1188
920
424
-46
-461
-746
-941
-1249
-1693
-2338
-3268
-4199
-4895
-5218
-5122
-4731
-4115
-3329
-2591
-1807
-735
497
1744
3099
4360
5215
5855
6272
6394
6358
6132
5621
4920
4226
3386
2360
1380
451
-639
-1729
-2680
-3639
-4429
-5015
-5448
-5621
-5512
-5224
-4803
-4366
-3945
-3239
-2376
-1373
-236
591
1130
1468
1327
951
702
221
-99
33
-53
-29
-199
-955
-1575
-1669
-288
2559
4880
5780
5575
4731
4597
5899
7532
8877
9416
8370
6861
5683
4651
4143
3960
3399
2376
1131
-85
-1299
-2774
-4336
-5580
-6198
-6112
-5603
-5153
-4981
-5244
-5486
-4855
-3617
-2183
-766
270
806
935
669
187
-213
-583
-806
-913
-1149
-1721
-2629
-3533
-4096
-4085
-3594
-2838
-2074
-1439
-912
-435
233
1217
2301
3504
4689
5456
5805
5745
5320
4902
4640
4397
4039
3500
2568
1282
64
-1019
-2086
-2911
-3477
-3987
-4406
-4770
-5089
-5172
-4894
-4428
-3707
-2819
-2087
-1385
-710
-178
194
409
456
547
671
278
-192
-444
-813
-735
-539
-792
-1207
-1634
-1070
1169
3623
4855
4859
3950
3269
4060
5665
7191
8006
7341
5819
4396
3332
2761
2600
2244
1319
122
-1073
-2230
-3534
-5019
-6225
-6770
-6526
-5746
-5137
-4897
-5062
-5325
-4827
-3517
-2062
-713
298
705
778
496
-20
-439
-713
-883
-958
-1114
-1591
-2382
-3209
-3474
-3298
-2865
-1916
-953
-58
965
1626
2079
2867
3710
4562
5677
6353
6356
6188
5721
5010
4496
3999
3323
2597
1779
916
42
-814
-1712
-2570
-3285
-3834
-4229
-4415
-4371
-4231
-4003
-3623
-3183
-2718
-2045
-1290
-624
93
390
103
-183
-670
-1164
-1240
-1407
-1795
-2061
-2270
-2597
-2853
-3127
-3319
-2345
297
3155
4661
4855
3985
3149
4016
6000
7671
8640
8154
6153
4219
2993
2221
2100
2092
1336
15
-1270
-2461
-3671
-4876
-5985
-6593
-6355
-5450
-4646
-4162
-4024
-4249
-3919
-2546
-753
805
1870
2201
1921
1491
1070
800
667
337
-177
-727
-1336
-2002
-2665
-3081
-3172
-3022
-2275
-1117
-58
989
2028
2708
3512
4825
5721
6545
7459
7441
7023
6818
6221
5343
4749
3910
2763
1851
1039
105
-655
-1232
-2135
-3045
-3470
-3846
-4162
-4046
-3823
-3607
-3009
-2267
-1680
-1048
-531
-159
362
800
818
617
237
-423
-904
-1367
-2136
-2737
-3231
-3629
-3745
-3890
-4201
-4158
-3032
-496
2249
3698
3706
2781
2251
3285
5352
7292
8353
7714
5663
3666
2261
1522
1437
1268
581
-580
-1836
-2999
-4373
-5968
-7346
-7921
-7396
-6163
-4990
-4274
-4180
-4500
-4234
-2918
-1101
738
2219
2931
2990
2539
1669
1011
595
268
109
-32
-402
-1086
-1761
-2209
-2456
-2329
-1754
-958
79
1386
2469
3080
3666
4084
4355
5115
6039
6463
6643
6534
5665
4602
3839
3014
2206
1744
1254
480
-271
-1097
-2191
-3111
-3603
-3931
-3993
-3668
-3486
-3410
-3174
-2892
-2489
-1793
-992
-270
374
592
417
19
-398
-701
-1023
-1316
-1635
-2057
-2343
-2586
-2970
-3192
-3378
-2856
-501
2318
3859
4162
3346
2375
2989
4932
6916
8256
8042
6127
3850
2288
1507
1411
1612
1137
-109
-1260
-2220
-3346
-4626
-5928
-6922
-6841
-5745
-4494
-3520
-3279
-3807
-4136
-3360
-1722
36
1432
2044
1780
1121
440
-119
-520
-922
-1438
-1753
-1871
-2107
-2483
-2929
-3393
-3615
-2994
-1763
-230
1258
2188
2870
3386
3929
4722
5531
6262
6794
6969
6626
5862
4887
3751
2711
1851
1111
549
75
-515
-1401
-2416
-3340
-4021
-4173
-3935
-3674
-3482
-3338
-3112
-2765
-2280
-1732
-1108
-416
188
781
1015
785
303
-403
-1166
-1765
-2285
-2887
-3175
-3265
-3507
-3710
-3920
-4273
-4098
-2331
570
3074
4484
4475
3773
3863
4908
6389
7945
8563
7452
5670
4247
3184
2677
2548
2103
1145
40
-950
-2030
-3340
-4826
-6083
-6338
-5668
-4753
-3835
-3305
-3548
-3866
-3389
-2123
-537
835
1723
2093
1886
1357
855
446
43
-370
-593
-721
-1003
-1480
-1934
-2263
-2410
-2132
-1629
-845
371
1221
1790
2657
3014
3083
3817
4416
4642
5187
5188
4475
3846
2959
1798
1055
723
370
211
237
-255
-1245
-2018
-2655
-3179
-3104
-2804
-2731
-2373
-1903
-1838
-1681
-1406
-1240
-846
-222
121
109
-39
-586
-1286
-1734
-2350
-3034
-3465
-3659
-3541
-3242
-3068
-3118
-3263
-3029
-1325
1478
3801
5157
5384
5051
5411
6491
7784
8872
9041
7945
6312
5036
4210
3710
3194
2285
819
-727
-1797
-2694
-3658
-4752
-5876
-6448
-6254
-5754
-4999
-4178
-3817
-3594
-2921
-1824
-659
262
848
1266
1470
1460
1390
1161
635
-130
-900
-1337
-1476
-1566
-1608
-1784
-2286
-2730
-2668
-2173
-1407
-324
593
1189
1917
2331
2538
3180
3732
3920
4296
4440
3924
3388
2766
1787
1111
928
788
620
405
-232
-1145
-1717
-2189
-2636
-2684
-2561
-2504
-2281
-1995
-2031
-2190
-2170
-1920
-1488
-1070
-898
-1019
-1372
-1871
-2218
-2445
-2718
-2922
-3020
-2880
-2507
-2272
-2336
-2301
-2140
-1717
-123
2359
4402
5501
5687
5293
5219
5986
6902
7596
7871
7031
5594
4658
4092
3486
2907
2041
698
-674
-1716
-2422
-2994
-3725
-4693
-5599
-5981
-5850
-5342
-4469
-3674
-3237
-2763
-2007
-1281
-677
8
647
1074
1258
1190
1032
868
488
-115
-583
-746
-747
-618
-444
-522
-958
-1487
-1719
-1442
-745
151
1015
1617
1964
2152
2276
2572
3042
3433
3628
3668
3548
3248
2907
2568
2111
1660
1189
782
613
415
-47
-769
-1469
-1984
-2233
-2178
-2083
-2136
-2291
-2418
-2583
-2717
-2839
-3036
-3074
-3017
-2977
-2865
-2699
-2748
-2973
-3214
-3401
-3175
-2554
-1869
-1346
-1038
-927
-923
-308
1240
3023
4504
5467
5624
5373
5293
5260
5343
5604
5601
5253
4861
4355
3621
2801
1920
719
-727
-1746
-2239
-2449
-2550
-3092
-4199
-5272
-5884
-5871
-5056
-3904
-3149
-2845
-2656
-2389
-1988
-1327
-629
-212
108
470
862
1377
1768
1625
1171
794
559
678
1065
1357
1467
1219
706
270
-70
-271
-155
133
536
1189
1711
1973
2127
1932
1541
1484
1864
2441
3037
3452
3382
2804
2099
1474
1003
824
724
534
517
383
-233
-965
-1769
-2702
-3295
-3369
-3168
-2960
-2952
-3218
-3643
-3966
-4012
-3676
-3046
-2328
-1850
-1621
-1426
-1371
-1307
-1072
-714
-427
-277
-122
-106
8
714
1989
3374
4330
4357
3620
2998
2930
3464
4504
5467
5618
4983
4153
3428
2924
2521
2012
1289
529
-30
-425
-784
-1410
-2539
-3804
-4672
-5050
-4950
-4594
-4395
-4547
-4694
-4505
-3942
-3151
-2393
-1827
-1466
-1129
-675
41
901
1512
1641
1480
1306
1252
1514
1893
2002
1625
820
-19
-551
-761
-660
-488
-481
-410
-348
-368
-292
-166
-46
234
768
1404
1995
2418
2424
2118
1892
1739
1644
1758
1860
1693
1296
642
-240
-1040
-1628
-2016
-2248
-2384
-2481
-2642
-2799
-2936
-3058
-3083
-2928
-2702
-2349
-1884
-1589
-1335
-1057
-845
-531
-132
81
175
72
-259
-403
-268
263
1287
2376
2981
2965
2510
2023
1954
2416
3231
4162
4736
4794
4518
4143
3825
3444
3004
2399
1656
1046
597
124
-531
-1564
-3009
-4388
-5346
-5802
-5728
-5353
-5071
-5056
-5085
-4927
-4404
-3511
-2481
-1551
-814
-193
523
1454
2347
2943
3146
3143
3217
3332
3406
3306
2898
2191
1415
837
411
-25
-568
-1051
-1265
-1145
-773
-313
121
453
696
996
1465
1950
2324
2565
2657
2777
3022
3241
3265
2947
2281
1579
1140
922
768
522
51
-627
-1356
-1905
-2209
-2330
-2343
-2326
-2282
-2167
-1948
-1764
-1625
-1520
-1510
-1368
-1023
-672
-402
-427
-784
-1162
-1419
-1629
-1739
-1797
-1810
-1430
-574
376
1105
1388
1189
1031
1408
2295
3432
4486
5007
4827
4360
3971
3728
3577
3245
2535
1534
459
-618
-1720
-2872
-4139
-5385
-6286
-6729
-6853
-6911
-7034
-7251
-7315
-6896
-6022
-4830
-3559
-2535
-1931
-1505
-1016
-385
457
1355
2054
2447
2498
2269
1997
1812
1608
1363
1089
741
317
35
-46
-1
110
119
99
190
453
836
1268
1641
1883
2066
2372
2874
3375
3722
3767
3458
3083
2905
2963
3150
3178
2831
2192
1495
891
550
364
150
-100
-331
-411
-380
-374
-505
-742
-994
-1134
-984
-601
-235
-164
-415
-821
-1345
-1781
-1933
-1883
-1760
-1711
-1787
-1872
-1832
-1572
-956
-159
636
1328
1904
2598
3367
4082
4677
5006
4947
4703
4524
4533
4648
4498
3898
2883
1603
278
-868
-1745
-2487
-3296
-4143
-4883
-5478
-5840
-5929
-5859
-5775
-5654
-5372
-4824
-3990
-3115
-2390
-1780
-1280
-854
-479
-211
-84
-167
-331
-395
-256
50
349
404
78
-489
-1030
-1218
-838
-150
490
916
992
899
894
990
1174
1499
1859
2160
2431
2633
2659
2442
2163
1941
1886
2032
2180
2144
1978
1641
1174
843
662
477
251
79
-114
-316
-446
-612
-823
-1088
-1427
-1774
-1954
-1888
-1761
-1665
-1743
-2167
-2770
-3225
-3423
-3356
-3056
-2715
-2631
-2776
-2979
-3170
-3218
-3084
-2794
-2250
-1355
-240
822
1679
2213
2310
2196
2150
2284
2545
2827
2952
2914
2831
2670
2414
1959
1215
298
-482
-824
-723
-464
-322
-476
-910
-1375
-1668
-1670
-1399
-1061
-744
-509
-348
-194
-29
70
30
-11
-25
-12
-6
-105
-340
-607
-816
-897
-807
-582
-314
-124
18
113
228
463
824
1320
1882
2501
3084
3546
3869
3981
3926
3854
3814
3797
3864
3910
3866
3734
3553
3311
3072
2836
2589
2336
2093
1995
2020
2156
2311
2353
2231
1874
1275
590
37
-354
-530
-579
-658
-829
-1162
-1636
-2145
-2638
-3033
-3245
-3318
-3235
-3076
-2980
-2990
-3073
-3225
-3393
-3482
-3401
-3106
-2651
-2160
-1749
-1503
-1407
-1267
-1143
-1058
-939
-826
-698
-499
-230
22
165
108
-150
-417
-513
-423
-207
59
219
142
10
-87
-257
-362
-382
-447
-574
-737
-885
-970
-1014
-1115
-1272
-1442
-1578
-1634
-1567
-1415
-1373
-1511
-1722
-1965
-2166
-2253
-2320
-2344
-2298
-2223
-1978
-1558
-1071
-669
-394
-128
132
465
1007
1653
2302
2928
3368
3651
3875
4006
4093
4235
4345
4382
4413
4446
4407
4275
4099
3821
3558
3486
3554
3691
3861
3876
3584
3137
2639
2102
1623
1213
760
290
-106
-497
-880
-1279
-1755
-2312
-2841
-3213
-3451
-3532
-3439
-3360
-3362
-3400
-3434
-3390
-3212
-2935
-2670
-2348
-2004
-1695
-1408
-1201
-1229
-1470
-1738
-1876
-1646
-1060
-392
171
414
270
16
-40
213
639
1069
1324
1333
1221
1220
1414
1627
1747
1679
1494
1390
1365
1336
1247
1020
613
214
36
43
89
-58
-424
-962
-1507
-1825
-1927
-1895
-1843
-1859
-1911
-1949
-2015
-2078
-2187
-2297
-2348
-2300
-2095
-1756
-1378
-1005
-646
-345
-139
30
248
472
767
1118
1443
1672
1849
2062
2259
2421
2523
2509
2452
2387
2300
2218
2191
2137
2028
1944
1862
1760
1610
1401
1085
709
380
35
-348
-733
-1208
-1730
-2233
-2682
-3136
-3611
-4085
-4457
-4665
-4714
-4636
-4519
-4365
-4133
-3794
-3394
-2958
-2597
-2330
-2086
-1863
-1612
-1202
-683
-151
268
399
274
54
-124
-65
320
792
1229
1565
1767
1929
2034
2072
2091
2111
2177
2362
2651
3015
3423
3715
3839
3797
3533
3234
2979
2684
2446
2240
1964
1629
1247
799
350
-64
-471
-818
-1043
-1102
-1036
-890
-720
-670
-692
-688
-634
-511
-300
-86
14
107
194
243
383
572
755
960
1213
1361
1419
1493
1519
1573
1771
2097
2395
2663
2857
2912
2881
2839
2783
2730
2756
2793
2800
2873
2866
2647
2304
1920
1488
1041
656
272
-139
-612
-1159
-1736
-2253
-2692
-3060
-3396
-3672
-3869
-3961
-3813
-3555
-3281
-3019
-2841
-2763
-2701
-2586
-2476
-2331
-2153
-1959
-1676
-1391
-1138
-987
-1020
-1176
-1396
-1577
-1620
-1554
-1487
-1399
-1243
-1039
-814
-546
-338
-119
210
532
814
1056
1238
1310
1359
1500
1716
1894
1851
1494
877
232
-258
-640
-840
-950
-1141
-1365
-1636
-1914
-2123
-2207
-2206
-2088
-1889
-1623
-1263
-889
-507
-207
-20
100
207
351
558
741
777
744
685
674
779
937
1076
1142
1093
999
932
952
1101
1351
1679
2067
2466
2822
3107
3275
3328
3352
3403
3477
3562
3465
3205
2857
2448
2046
1658
1290
937
631
253
-141
-524
-962
-1381
-1731
-1979
-2090
-2130
-2188
-2272
-2400
-2593
-2760
-2806
-2699
-2469
-2182
-1904
-1686
-1605
-1650
-1698
-1764
-1760
-1690
-1581
-1456
-1380
-1341
-1399
-1531
-1750
-1975
-2030
-1862
-1474
-881
-200
404
831
1089
1240
1397
1617
1826
1994
2128
2138
2027
1928
1880
1795
1521
1007
293
-399
-881
-1102
-1124
-1154
-1348
-1659
-1932
-2084
-2095
-2009
-1923
-1851
-1676
-1387
-940
-420
29
336
443
506
613
731
849
911
848
732
632
568
540
559
550
534
574
576
608
699
827
920
1043
1254
1476
1685
1807
1802
1745
1661
1542
1516
1567
1538
1399
1270
1130
947
767
620
517
479
466
414
271
-9
-403
-861
-1207
-1472
-1672
-1784
-1892
-2047
-2226
-2363
-2492
-2636
-2738
-2793
-2775
-2629
-2412
-2193
-2072
-2087
-2228
-2325
-2273
-2113
-1847
-1550
-1291
-1160
-1071
-902
-603
-115
632
1477
2162
2631
2871
2919
3038
3262
3463
3642
3708
3553
3319
3128
2854
2447
1886
1149
383
-167
-472
-718
-1002
-1354
-1822
-2238
-2430
-2500
-2383
-2138
-1893
-1642
-1291
-832
-380
106
576
989
1318
1626
1922
2166
2381
2517
2519
2423
2292
2169
2117
2084
1949
1774
1625
1485
1407
1361
1222
927
602
451
576
868
1194
1390
1370
1273
1156
1103
1151
1264
1320
1354
1481
1625
1693
1696
1580
1281
973
715
425
117
-241
-803
-1460
-2082
-2669
-3172
-3554
-3921
-4369
-4738
-5006
-5174
-5144
-5024
-4959
-4970
-4975
-4940
-4768
-4387
-3987
-3667
-3356
-3053
-2757
-2401
-1962
-1552
-1073
-318
755
2035
3148
3759
3861
3770
3858
4165
4600
4988
4972
4513
3881
3279
2790
2306
1590
547
-621
-1601
-2211
-2459
-2587
-2949
-3618
-4343
-4854
-4962
-4681
-4093
-3439
-2813
-2101
-1294
-367
590
1385
1905
2237
2529
2949
3499
4014
4243
4045
3567
3063
2733
2566
2438
2092
1505
846
281
9
-81
-195
-412
-549
-552
-334
250
799
1186
1514
1734
2066
2629
3163
3499
3690
3634
3428
3321
3272
3098
2735
2224
1568
944
478
-37
-748
-1536
-2466
-3405
-4048
-4439
-4717
-4938
-5136
-5368
-5476
-5358
-5106
-4866
-4729
-4637
-4501
-4198
-3677
-3046
-2528
-2171
-1899
-1648
-1330
-1071
-898
-679
-233
569
1849
3345
4347
4574
4177
3609
3464
3975
4737
5261
5294
4694
3737
2928
2373
1838
1130
186
-907
-1837
-2361
-2607
-2913
-3522
-4390
-5193
-5574
-5372
-4811
-4141
-3547
-3027
-2364
-1399
-221
853
1666
2113
2308
2555
3027
3574
3922
3885
3377
2687
2175
1867
1681
1463
1015
363
-290
-743
-938
-988
-1050
-1046
-910
-553
108
811
1478
2000
2245
2542
3082
3678
4300
4779
4872
4669
4234
3639
3026
2425
1741
1020
382
-117
-610
-1209
-1912
-2796
-3717
-4409
-4733
-4764
-4622
-4458
-4406
-4450
-4481
-4391
-4115
-3612
-3145
-2777
-2396
-2057
-1839
-1705
-1645
-1683
-1693
-1596
-1465
-1489
-1542
-1559
-1374
-643
581
1936
2934
3323
3129
2820
3004
3718
4616
5379
5619
5227
4563
3919
3355
2760
1960
869
-276
-1177
-1720
-2084
-2565
-3344
-4427
-5332
-5666
-5446
-4827
-4138
-3605
-3218
-2690
-1883
-842
285
1200
1824
2250
2687
3153
3532
3677
3406
2861
2345
2054
1895
1718
1294
513
-328
-953
-1299
-1341
-1257
-1214
-1069
-690
-157
531
1232
1684
1953
2307
2846
3501
4205
4629
4613
4410
4102
3672
3292
2893
2279
1546
967
482
91
-201
-716
-1454
-2215
-2907
-3397
-3531
-3470
-3456
-3466
-3442
-3371
-3153
-2752
-2355
-2101
-1896
-1682
-1487
-1238
-941
-819
-833
-858
-1040
-1253
-1354
-1591
-1801
-1676
-1034
249
1963
3332
3821
3601
3087
2926
3454
4463
5404
5797
5479
4608
3637
2911
2237
1428
475
-555
-1398
-1837
-2081
-2584
-3531
-4746
-5773
-6158
-5828
-5084
-4298
-3770
-3551
-3254
-2641
-1783
-797
106
808
1390
1998
2587
2893
2704
2020
1062
274
-7
101
193
-11
-749
-1891
-2903
-3442
-3520
-3289
-2821
-2320
-1780
-1027
-102
784
1456
1906
2246
2714
3574
4601
5411
5810
5603
4971
4250
3611
3002
2362
1660
858
61
-589
-1113
-1617
-2145
-2806
-3484
-3997
-4253
-4264
-4085
-3821
-3578
-3275
-2889
-2485
-2047
-1649
-1362
-1129
-968
-720
-414
-227
-119
-255
-686
-1133
-1534
-1915
-2157
-2226
-2092
-1649
-756
476
1793
2701
2907
2650
2497
3061
4273
5611
6594
6738
5908
4664
3582
2856
2458
2152
1619
795
-124
-1074
-2045
-3067
-4183
-5166
-5592
-5276
-4464
-3519
-2841
-2648
-2757
-2580
-1852
-615
897
2215
3168
3705
3841
3636
3196
2630
1982
1430
1184
1115
989
531
-393
-1606
-2764
-3480
-3563
-3204
-2621
-2046
-1411
-586
-12
641
1342
1929
2924
4122
5196
6164
6664
6513
6095
5589
5014
4447
3857
3146
2237
1284
475
-292
-1149
-2044
-3009
-3811
-4284
-4610
-4789
-4922
-5040
-5004
-4737
-4274
-3733
-3319
-3010
-2625
-2182
-1702
-1216
-761
-537
-605
-803
-1233
-1764
-2243
-2744
-3050
-3160
-3316
-3490
-3572
-3543
-3102
-2121
-702
815
1768
2121
2311
2708
3666
5013
6076
6542
6317
5436
4495
3835
3301
2756
2001
956
-200
-1215
-2112
-3012
-3954
-4913
-5612
-5731
-5252
-4546
-3948
-3504
-3219
-2714
-1579
-42
1522
2777
3461
3642
3599
3512
3378
3242
3006
2631
2226
1748
1102
176
-951
-1958
-2652
-2878
-2553
-1990
-1471
-1177
-839
-402
-33
687
1650
2977
5025
6897
8015
8559
8199
7338
6901
6746
6546
6268
5583
4360
2917
1632
398
-736
-1630
-2572
-3378
-3629
-3675
-3856
-4002
-4269
-4496
-4271
-3643
-2896
-2305
-1853
-1508
-1189
-612
218
800
1143
1345
999
603
226
-565
-1323
-2048
-2835
-3380
-3713
-4065
-4400
-4710
-4875
-4508
-3495
-2062
-374
995
1707
2096
2427
3139
4303
5391
6015
5927
5093
3940
2823
1801
924
82
-860
-1770
-2706
-3602
-4398
-5264
-6063
-6550
-6601
-6037
-5086
-4164
-3275
-2557
-1918
-1017
42
1127
2112
2724
2954
2874
2502
2001
1423
772
74
-733
-1593
-2421
-3204
-3845
-4215
-4299
-4052
-3414
-2649
-1810
-986
-128
1058
2203
3421
4847
5999
7089
8066
8342
8227
7826
7026
6196
5399
4412
3313
2235
1113
6
-960
-1741
-2364
-2910
-3330
-3655
-3767
-3583
-3373
-3125
-2815
-2559
-2353
-2093
-1811
-1488
-1107
-695
-256
29
209
231
6
-326
-890
-1577
-2245
-2905
-3507
-3961
-4193
-4362
-4429
-4370
-4372
-4283
-3897
-3277
-2007
-197
1828
3642
4589
4800
4786
5083
5974
7083
7665
7490
6359
4593
2923
1640
749
33
-784
-1823
-2904
-3862
-4536
-4969
-5237
-5145
-4581
-3461
-1993
-641
352
1039
1553
2224
3304
4443
5286
5589
5248
4485
3527
2490
1553
645
-358
-1301
-2115
-2738
-3201
-3512
-3585
-3306
-2688
-1787
-682
313
1204
1929
2581
3465
4445
5756
7075
7804
8117
7821
6904
6027
5208
4235
3359
2401
1107
-176
-1243
-2287
-3213
-3838
-4337
-4719
-4723
-4487
-4275
-3925
-3503
-3271
-2965
-2517
-2291
-2226
-2235
-2286
-2118
-1669
-1145
-887
-967
-1382
-2080
-2704
-3032
-3280
-3449
-3673
-4114
-4539
-4898
-5157
-5195
-4982
-4664
-4113
-3510
-2894
-2091
-1078
266
1836
3331
4255
4681
4904
5115
5607
6198
6330
5789
4613
3059
1608
574
-153
-897
-1744
-2728
-3676
-4298
-4560
-4589
-4442
-4032
-3358
-2286
-960
237
1158
1767
2225
2824
3651
4469
5039
5148
4699
3863
2845
1843
930
50
-749
-1493
-2155
-2649
-2986
-3109
-3011
-2604
-1869
-889
269
1573
2775
3564
4230
4902
5604
6559
7500
7853
7744
7384
6487
5486
4689
3612
2557
1822
899
-70
-898
-1861
-2781
-3249
-3411
-3293
-2821
-2341
-2155
-2153
-2144
-2126
-1841
-1266
-780
-418
-83
179
350
454
342
52
-235
-493
-715
-1111
-1616
-2234
-3139
-3916
-4373
-4819
-5143
-5163
-5192
-5007
-4421
-3974
-3660
-2905
-2095
-981
876
2700
4336
5415
5589
5393
5255
5292
5501
5434
4760
3480
1635
-184
-1635
-3037
-4178
-5081
-5929
-6354
-6434
-6411
-6231
-6012
-5614
-4728
-3347
-1718
-172
1032
1858
2385
2892
3573
4157
4384
4196
3511
2488
1410
243
-882
-1852
-2749
-3499
-4026
-4443
-4748
-4832
-4612
-3990
-2956
-1667
-236
1035
2148
3211
3900
4484
5256
5868
6442
7162
7367
6998
6367
5229
3774
2672
1767
906
369
-233
-1216
-2226
-2995
-3638
-3961
-3736
-3313
-2863
-2329
-1915
-1620
-1189
-603
35
748
1366
1629
1652
1632
1494
1244
1056
743
228
-242
-865
-1612
-2298
-3006
-3607
-4015
-4258
-4319
-4257
-4141
-3756
-3214
-2628
-1796
-1026
-385
659
1815
3068
4540
5729
6403
6473
6092
5635
5419
5401
5229
4461
3139
1402
-594
-2235
-3275
-3983
-4262
-4283
-4372
-4379
-4382
-4344
-3880
-2883
-1478
276
2005
3352
4217
4599
4722
4751
4786
4880
4755
4251
3422
2229
708
-852
-2301
-3499
-4278
-4823
-5185
-5349
-5436
-5271
-4654
-3616
-2227
-792
490
1583
2569
3606
4580
5407
6136
6602
6910
7056
6741
6021
4936
3734
2733
1886
1239
563
-466
-1523
-2534
-3518
-4035
-4101
-4010
-3674
-3234
-2918
-2553
-2132
-1644
-1012
-266
519
1140
1458
1450
1158
813
586
361
67
-357
-1062
-1851
-2682
-3549
-4227
-4822
-5304
-5495
-5558
-5593
-5373
-5094
-4795
-4070
-3159
-2323
-1401
-808
-263
653
1740
2988
4125
4855
4892
4377
3757
3223
2902
2672
2167
1221
-60
-1530
-2924
-3847
-4392
-4580
-4336
-3927
-3465
-2934
-2381
-1763
-899
260
1667
3144
4311
4993
5209
4935
4479
4101
3837
3652
3289
2575
1473
31
-1576
-2955
-3913
-4411
-4532
-4428
-4146
-3807
-3345
-2656
-1832
-799
440
1787
3224
4595
5799
6663
7043
7128
7155
7107
7054
6836
6136
5171
4092
2921
1799
714
-407
-1541
-2504
-3126
-3492
-3560
-3379
-3207
-2999
-2592
-2118
-1474
-531
340
1093
1721
2063
2161
2077
1827
1496
1167
831
465
-50
-788
-1688
-2737
-3668
-4307
-4670
-4776
-4753
-4677
-4811
-4990
-5037
-4974
-4542
-3766
-2801
-1649
-667
-65
58
-44
116
721
1793
2988
3861
3807
3004
1999
1094
773
797
648
306
-428
-1496
-2448
-3067
-3427
-3377
-2841
-2103
-1161
-285
309
738
928
1149
1701
2468
3166
3514
3369
2772
1913
1062
486
180
-170
-685
-1412
-2251
-3041
-3676
-3865
-3632
-3206
-2694
-2151
-1600
-1081
-473
284
1196
2203
3145
4044
4698
4984
5064
5002
4934
5048
5125
4937
4548
3695
2598
1720
813
32
-456
-933
-1264
-1409
-1637
-1898
-2070
-2128
-1895
-1316
-535
281
854
1092
1071
911
819
772
760
792
622
265
-153
-663
-1158
-1632
-2094
-2475
-2778
-3050
-3186
-3249
-3306
-3380
-3408
-3327
-3348
-3299
-3039
-2816
-2411
-1720
-1185
-784
-489
-780
-972
-590
-26
885
1982
2581
2420
1928
1390
989
1230
1715
1983
2195
1897
1143
443
-99
-507
-405
83
522
885
922
578
153
-206
-257
126
722
1117
1147
899
351
-198
-503
-464
-172
78
134
-58
-445
-888
-1162
-1182
-1019
-775
-530
-408
-350
-261
-117
202
724
1283
1793
2220
2519
2674
2724
2722
2679
2687
2726
2819
2842
2679
2434
1941
1366
1005
671
405
292
85
-263
-543
-798
-993
-916
-758
-583
-393
-325
-370
-434
-455
-468
-448
-415
-351
-275
-290
-411
-576
-710
-838
-915
-948
-1101
-1330
-1541
-1798
-1987
-2084
-2297
-2505
-2626
-2842
-2955
-2877
-2719
-2466
-2164
-1901
-1751
-1651
-1685
-1655
-1179
-501
249
1147
1886
2089
2013
1998
1950
2284
2876
3117
3130
2698
1763
961
489
164
90
179
26
-296
-736
-1266
-1584
-1729
-1660
-1366
-1027
-772
-709
-738
-752
-702
-462
43
630
1075
1376
1461
1330
1072
802
567
333
165
69
-10
-132
-333
-591
-817
-922
-893
-672
-341
-18
232
422
536
586
761
1096
1432
1887
2303
2449
2465
2215
1797
1547
1330
1179
1161
937
526
66
-530
-1063
-1325
-1469
-1451
-1268
-1163
-1104
-1087
-1115
-1007
-777
-438
29
407
647
749
744
700
586
420
174
-139
-502
-863
-1187
-1450
-1684
-2061
-2420
-2755
-3041
-3056
-2947
-2661
-2271
-2033
-1801
-1597
-1480
-1375
-1144
-703
-135
438
1016
1520
1688
1728
1754
1776
1997
2184
2211
2162
1762
1121
643
200
-198
-347
-412
-485
-550
-717
-913
-1042
-1222
-1309
-1163
-994
-840
-617
-413
-238
-99
-56
-60
-36
28
204
463
599
605
551
346
61
-172
-325
-321
-225
-142
-19
26
-77
-166
-131
18
287
665
1026
1262
1424
1619
1732
1835
1967
1964
1992
2055
1975
1933
1847
1544
1167
709
271
-9
-154
-198
-194
-252
-408
-602
-825
-921
-788
-535
-142
281
593
814
890
851
766
691
676
723
756
663
450
162
-252
-645
-875
-1000
-1070
-1132
-1232
-1314
-1455
-1557
-1456
-1309
-1149
-945
-803
-703
-646
-659
-630
-658
-761
-792
-765
-627
-372
-156
-64
-77
-150
-171
42
361
715
1004
1029
977
986
992
1024
1106
1123
1100
1076
1037
973
778
480
201
-35
-187
-261
-281
-330
-471
-660
-817
-891
-882
-784
-561
-300
-138
-57
-50
-140
-279
-414
-466
-433
-332
-190
-69
-29
-144
-270
-308
-194
80
429
733
879
878
742
577
458
424
479
523
535
464
238
-38
-284
-414
-363
-186
-9
139
214
185
197
313
478
685
919
1131
1331
1417
1423
1379
1293
1138
948
743
473
143
-177
-372
-460
-551
-666
-764
-902
-1048
-1154
-1159
-1091
-1032
-1003
-988
-1040
-1173
-1268
-1270
-1233
-1211
-1249
-1372
-1516
-1719
-1888
-1984
-2043
-2001
-1774
-1432
-1134
-890
-760
-579
-256
191
707
1069
1203
1227
1247
1306
1420
1504
1463
1341
1238
1191
1162
1103
980
794
670
568
468
426
329
173
89
67
24
14
61
132
157
122
15
-159
-319
-423
-408
-367
-414
-535
-646
-715
-709
-599
-399
-186
-30
111
225
274
272
318
482
697
930
1091
1077
949
744
571
529
565
694
885
1011
993
875
732
654
694
856
1116
1361
1504
1569
1581
1504
1358
1167
977
778
573
381
187
-20
-244
-422
-586
-733
-867
-997
-1101
-1185
-1221
-1265
-1342
-1495
-1738
-2003
-2219
-2333
-2312
-2227
-2146
-2116
-2141
-2182
-2239
-2239
-2177
-2080
-1951
-1733
-1452
-1117
-753
-475
-328
-305
-297
-160
122
475
772
889
903
875
902
981
1052
1122
1144
1197
1302
1395
1441
1403
1305
1184
1052
911
799
786
822
895
954
887
686
431
248
118
15
-51
-120
-187
-270
-373
-504
-714
-912
-989
-906
-670
-390
-174
-90
-73
-52
41
185
341
518
685
839
924
922
868
799
756
812
861
864
847
833
913
1043
1246
1470
1607
1644
1652
1650
1652
1724
1829
1925
1912
1776
1560
1274
1018
825
719
684
606
479
328
121
-147
-384
-541
-669
-794
-920
-1040
-1205
-1380
-1506
-1598
-1689
-1774
-1857
-1899
-1886
-1835
-1730
-1668
-1664
-1656
-1650
-1634
-1590
-1582
-1612
-1578
-1491
-1290
-945
-699
-589
-618
-756
-745
-536
-179
164
291
242
175
128
144
244
315
395
535
775
1077
1290
1350
1284
1165
1049
1031
1125
1203
1165
985
666
264
-138
-432
-549
-615
-725
-824
-957
-1083
-1140
-1133
-1052
-981
-905
-728
-474
-269
-107
53
189
303
451
625
720
722
676
656
703
753
805
857
851
847
877
965
1064
1193
1362
1507
1603
1611
1579
1552
1538
1509
1476
1412
1301
1204
1161
1159
1141
1059
915
705
452
232
67
-59
-179
-306
-472
-728
-1013
-1296
-1540
-1720
-1840
-1868
-1816
-1743
-1720
-1770
-1859
-1963
-1990
-1874
-1709
-1552
-1483
-1530
-1647
-1774
-1858
-1878
-1853
-1813
-1782
-1779
-1779
-1746
-1658
-1484
-1339
-1244
-1150
-1050
-809
-483
-187
-48
-94
-142
-41
287
737
1146
1408
1502
1517
1609
1752
1877
1939
1927
1873
1715
1470
1209
928
593
327
141
-61
-228
-343
-365
-340
-364
-367
-306
-193
8
273
470
546
589
643
744
826
800
737
652
591
613
670
644
506
336
224
184
172
181
198
192
230
339
455
572
687
798
924
1065
1175
1253
1296
1307
1323
1326
1318
1282
1188
1023
795
530
297
143
9
-103
-244
-441
-687
-941
-1134
-1273
-1367
-1419
-1389
-1360
-1365
-1386
-1459
-1569
-1672
-1723
-1692
-1587
-1482
-1398
-1404
-1547
-1734
-1892
-1995
-2008
-1932
-1832
-1785
-1811
-1881
-1966
-2031
-2075
-2091
-2025
-1853
-1539
-1155
-860
-697
-622
-512
-245
171
663
1056
1237
1321
1391
1475
1637
1759
1775
1747
1692
1649
1598
1483
1347
1228
1105
1037
1015
995
962
918
898
892
912
977
1090
1224
1318
1369
1350
1294
1256
1250
1289
1312
1293
1269
1212
1094
952
814
742
753
832
961
1053
1063
974
877
837
862
997
1177
1331
1429
1457
1429
1389
1371
1411
1472
1460
1389
1273
1124
959
758
550
355
155
9
-55
-124
-213
-311
-430
-549
-643
-642
-597
-591
-625
-719
-847
-1004
-1169
-1325
-1508
-1703
-1859
-1969
-2034
-2107
-2245
-2404
-2581
-2709
-2728
-2657
-2534
-2416
-2326
-2324
-2395
-2491
-2527
-2500
-2432
-2351
-2275
-2192
-2127
-2081
-2058
-2067
-2003
-1790
-1439
-1013
-698
-542
-488
-440
-312
-116
119
263
335
449
592
746
879
950
1007
1132
1348
1602
1769
1829
1857
1877
1882
1885
1861
1789
1678
1565
1489
1389
1259
1147
1029
875
686
500
377
277
210
199
170
63
-49
-96
-123
-88
20
178
341
463
564
613
618
614
669
785
903
991
1034
1013
969
966
982
1016
1063
1137
1214
1244
1211
1174
1153
1152
1189
1216
1210
1164
1135
1114
1065
1018
900
741
595
448
329
175
-58
-304
-545
-785
-1000
-1160
-1304
-1452
-1576
-1669
-1731
-1817
-1908
-1971
-2031
-2072
-2069
-2023
-2002
-2021
-2029
-2039
-2057
-2043
-2014
-1977
-1935
-1878
-1790
-1677
-1565
-1486
-1403
-1323
-1245
-1134
-1032
-990
-986
-942
-830
-672
-487
-323
-215
-63
175
480
799
1036
1235
1430
1624
1847
2026
2057
1990
1925
1879
1837
1759
1634
1468
1244
988
738
509
323
209
169
106
-28
-153
-207
-175
-96
-15
61
122
196
309
427
459
432
401
428
511
584
645
650
619
587
581
611
666
750
874
1013
1127
1228
1343
1471
1589
1705
1783
1843
1920
1993
2055
2050
1957
1789
1598
1434
1308
1199
1065
907
736
572
402
230
86
-46
-165
-240
-309
-396
-502
-602
-715
-880
-1033
-1159
-1257
-1338
-1393
-1474
-1621
-1766
-1888
-1964
-1997
-2024
-2032
-2029
-2058
-2082
-2087
-2060
-2016
-1971
-1910
-1889
-1876
-1828
-1757
-1687
-1636
-1607
-1593
-1534
-1427
-1298
-1190
-1144
-1092
-910
-622
-312
-68
33
0
-27
66
258
447
520
518
468
400
380
366
327
275
258
305
371
395
406
409
413
444
506
588
658
708
741
739
645
554
539
579
631
655
620
475
354
320
331
343
328
329
395
497
633
786
904
1009
1138
1310
1486
1643
1779
1893
1977
2018
2031
2047
2051
2023
1956
1829
1674
1533
1456
1430
1372
1260
1118
948
793
708
636
558
486
405
315
197
38
-160
-359
-533
-668
-756
-812
-880
-993
-1142
-1316
-1484
-1605
-1640
-1620
-1592
-1587
-1600
-1630
-1651
-1663
-1675
-1687
-1706
-1682
-1601
-1501
-1434
-1407
-1407
-1399
-1358
-1279
-1169
-1089
-1008
-895
-776
-716
-721
-758
-790
-752
-665
-593
-572
-605
-646
-629
-589
-572
-577
-622
-661
-570
-402
-227
-107
-68
-22
61
185
337
452
470
464
498
571
643
672
684
669
623
581
562
577
599
626
674
686
657
649
701
758
790
829
873
903
986
1113
1169
1156
1135
1166
1252
1364
1471
1534
1493
1392
1317
1273
1246
1216
1182
1151
1120
1084
1022
946
856
762
705
668
622
558
476
387
299
209
108
5
-97
-180
-248
-343
-461
-579
-683
-744
-782
-848
-952
-1057
-1142
-1172
-1168
-1156
-1178
-1222
-1241
-1239
-1208
-1190
-1175
-1142
-1073
-970
-877
-811
-806
-833
-867
-868
-839
-809
-753
-716
-709
-728
-784
-818
-835
-822
-787
-763
-755
-766
-773
-781
-769
-746
-710
-671
-646
-627
-636
-671
-702
-682
-602
-501
-407
-328
-267
-234
-212
-174
-122
-41
41
125
229
331
397
426
459
497
573
689
775
828
856
878
889
937
988
1014
1074
1124
1192
1244
1256
1236
1205
1184
1209
1263
1302
1308
1270
1233
1205
1200
1212
1208
1186
1166
1163
1153
1105
1047
980
935
927
917
894
826
718
598
508
428
366
299
190
74
-32
-123
-198
-258
-335
-402
-471
-554
-579
-583
-614
-675
-758
-832
-900
-916
-886
-845
-833
-847
-862
-886
-897
-894
-880
-887
-886
-843
-775
-728
-713
-752
-812
-844
-820
-747
-695
-663
-636
-621
-600
-564
-532
-526
-513
-452
-385
-326
-289
-277
-305
-350
-395
-417
-417
-420
-386
-343
-325
-342
-350
-316
-256
-190
-99
1
75
157
238
305
343
374
405
449
495
551
636
703
741
756
753
750
763
800
849
847
812
776
744
693
648
616
581
553
548
600
648
656
646
619
618
636
674
720
755
767
759
746
696
653
601
542
478
407
348
286
226
154
98
50
-13
-75
-121
-161
-169
-161
-142
-108
-98
-115
-146
-192
-226
-248
-251
-276
-318
-355
-399
-464
-557
-647
-723
-775
-794
-779
-778
-827
-910
-989
-1050
-1098
-1102
-1068
-1014
-949
-881
-819
-770
-735
-695
-644
-584
-504
-426
-364
-323
-303
-285
-285
-310
-324
-312
-285
-255
-220
-185
-174
-176
-167
-145
-127
-100
-61
-16
38
87
145
182
186
193
209
236
267
312
349
366
355
331
306
276
250
236
243
234
233
246
251
244
225
199
171
158
175
225
264
298
317
329
353
370
395
415
435
475
529
567
599
619
616
623
633
655
691
714
719
723
719
716
699
670
631
596
585
605
632
645
644
620
589
560
511
452
400
352
308
261
197
123
40
-53
-132
-203
-283
-365
-427
-479
-532
-593
-649
-697
-731
-742
-742
-734
-726
-706
-688
-679
-668
-650
-627
-603
-553
-503
-477
-471
-480
-493
-517
-533
-535
-523
-500
-461
-411
-396
-407
-408
-402
-387
-362
-338
-325
-302
-283
-258
-228
-223
-216
-201
-173
-155
-139
-118
-96
-90
-97
-101
-113
-128
-144
-149
-158
-162
-176
-192
-206
-228
-232
-232
-222
-190
-156
-129
-101
-75
-46
0
53
98
140
168
177
186
197
229
255
275
304
346
388
429
466
490
507
531
574
633
690
742
770
773
767
764
765
756
747
738
728
711
699
677
649
604
561
544
522
490
446
391
318
234
160
90
26
-23
-67
-109
-147
-171
-195
-229
-271
-311
-332
-336
-331
-312
-278
-249
-230
-220
-215
-207
-183
-153
-116
-82
-56
-38
-29
-28
-34
-45
-65
-71
-67
-51
-38
-41
-54
-83
-116
-149
-165
-166
-152
-143
-141
-144
-174
-217
-251
-288
-315
-324
-319
-304
-296
-298
-305
-318
-336
-351
-359
-347
-323
-300
-273
-265
-273
-291
-314
-333
-344
-333
-313
-285
-264
-250
-237
-236
-234
-227
-207
-177
-142
-105
-66
-44
-35
-27
-19
-6
16
40
62
79
87
93
93
92
96
102
105
109
119
133
145
152
156
164
183
213
251
289
326
347
362
378
385
392
395
388
381
374
370
362
347
315
281
246
223
218
225
228
226
224
220
222
223
230
236
242
255
273
292
300
295
287
286
286
288
291
284
266
246
224
194
160
131
110
85
58
35
11
-19
-43
-59
-69
-75
-78
-75
-69
-73
-80
-88
-100
-107
-108
-110
-117
-133
-152
-178
-205
-228
-246
-266
-289
-307
-330
-350
-374
-399
-419
-437
-446
-449
-443
-429
-409
-388
-367
-347
-333
-314
-289
-260
-235
-217
-210
-212
-221
-237
-256
-271
-286
-296
-302
-304
-307
-315
-322
-328
-327
-313
-290
-267
-237
-203
-169
-145
-128
-105
-81
-60
-37
-3
28
57
86
111
127
136
141
148
155
167
187
204
214
227
240
249
258
274
301
328
358
389
417
439
457
476
493
500
511
525
539
547
552
551
537
513
490
471
456
443
432
417
393
367
340
315
283
250
227
210
201
198
199
196
185
173
161
154
151
145
139
127
110
87
56
15
-29
-72
-113
-148
-173
-190
-205
-226
-252
-279
-303
-317
-320
-309
-294
-284
-282
-284
-287
-290
-291
-296
-299
-299
-299
-302
-310
-323
-341
-362
-383
-403
-416
-425
-434
-440
-448
-458
-461
-456
-443
-425
-407
-387
-368
-349
-335
-324
-311
-300
-291
-277
-259
-238
-217
-201
-193
-188
-185
-172
-156
-138
-115
-90
-74
-57
-36
-10
19
42
67
92
121
149
179
203
222
235
252
272
294
315
331
344
352
362
369
376
379
379
379
377
370
363
357
348
339
337
336
331
326
325
324
320
317
318
321
325
331
338
337
328
311
298
282
268
256
241
225
205
184
161
138
112
92
75
60
49
42
38
31
23
13
4
-2
-3
0
3
-1
-12
-30
-49
-71
-90
-109
-133
-156
-179
-203
-226
-247
-267
-285
-299
-309
-313
-315
-317
-324
-335
-347
-358
-363
-362
-355
-352
-348
-348
-348
-345
-341
-339
-334
-328
-323
-315
-305
-296
-292
-294
-293
-289
-281
-268
-250
-237
-223
-212
-200
-185
-165
-140
-115
-90
-65
-39
-15
10
36
60
83
103
124
148
172
194
212
221
229
241
256
273
288
301
309
316
321
327
338
349
355
361
372
384
393
400
405
403
402
400
399
405
408
408
401
386
367
354
346
337
327
315
303
290
276
264
254
243
232
219
206
194
180
163
142
121
100
78
58
42
23
-1
-23
-49
-77
-99
-121
-143
-163
-187
-211
-234
-253
-271
-289
-306
-324
-340
-353
-364
-374
-390
-405
-421
-434
-445
-452
-459
-465
-469
-470
-470
-468
-464
-458
-451
-445
-439
-431
-421
-410
-400
-393
-385
-378
-372
-361
-351
-336
-321
-304
-286
-266
-246
-226
-205
-183
-160
-135
-108
-77
-48
-18
8
32
56
81
106
129
151
173
195
216
237
256
272
288
303
314
326
334
344
350
356
364
368
375
381
386
395
400
407
411
415
417
420
420
419
419
416
414
411
406
400
390
377
362
346
330
312
294
274
257
237
217
200
181
165
149
132
123
115
107
98
86
75
61
47
32
17
-2
-18
-36
-55
-73
-91
-109
-129
-153
-173
-195
-215
-233
-247
-262
-275
-290
-305
-315
-321
-322
-321
-321
-321
-322
-325
-326
-326
-326
-329
-325
-323
-321
-320
-320
-318
-322
-323
-325
-326
-324
-321
-317
-309
-302
-293
-283
-273
-260
-251
-238
-221
-204
-182
-159
-138
-114
-93
-74
-57
-43
-28
-17
-8
5
19
31
44
59
68
80
88
98
111
120
131
145
159
172
187
203
219
236
252
268
285
297
309
318
325
326
327
328
331
332
332
330
325
319
312
306
302
299
295
296
296
299
302
302
302
301
298
296
294
290
294
294
291
287
274
259
238
219
201
179
156
133
109
85
63
42
24
7
-10
-25
-40
-58
-79
-97
-117
-133
-147
-162
-173
-184
-200
-216
-232
-250
-265
-278
-292
-305
-317
-326
-338
-348
-356
-364
-373
-379
-383
-388
-388
-388
-385
-381
-372
-365
-360
-353
-345
-338
-331
-322
-312
-302
-290
-279
-267
-254
-240
-225
-210
-196
-182
-170
-158
-151
-142
-130
-118
-104
-93
-78
-63
-45
-27
-9
9
30
52
74
97
118
141
163
182
203
220
239
254
269
282
294
303
310
318
324
330
333
332
333
335
336
336
337
338
340
340
341
341
339
338
334
331
324
317
311
300
289
276
263
246
230
211
193
170
148
126
104
82
59
36
14
-3
-18
-33
-47
-62
-78
-96
-113
-130
-145
-156
-165
-174
-187
-200
-215
-232
-245
-259
-275
-291
-305
-316
-322
-327
-332
-338
-343
-349
-351
-352
-352
-349
-346
-340
-334
-328
-321
-313
-304
-296
-283
-274
-265
-256
-248
-238
-226
-213
-200
-185
-168
-151
-129
-109
-90
-71
-49
-27
-5
17
39
61
84
109
135
161
186
210
232
253
272
291
308
321
334
346
357
366
373
378
381
380
382
383
383
383
380
381
382
381
380
377
371
364
357
349
342
335
324
313
299
282
265
249
234
217
198
180
162
142
120
96
74
53
34
12
-8
-28
-44
-59
-76
-92
-109
-124
-141
-156
-170
-181
-195
-212
-229
-244
-255
-268
-282
-292
-303
-313
-322
-333
-338
-342
-346
-349
-351
-351
-349
-349
-345
-340
-337
-335
-332
-325
-314
-303
-290
-275
-261
-245
-228
-212
-197
-181
-166
-152
-136
-120
-106
-92
-79
-65
-50
-33
-20
-5
9
25
40
50
64
78
92
102
113
123
135
150
162
172
184
194
203
211
218
225
228
229
230
232
234
231
227
221
216
210
204
202
201
201
202
202
198
194
189
181
174
170
166
164
160
154
151
143
135
127
121
115
111
106
98
89
78
66
53
39
27
18
7
-3
-10
-19
-29
-35
-42
-48
-56
-63
-70
-78
-87
-95
-103
-110
-114
-115
-120
-124
-126
-129
-132
-138
-142
-144
-147
-151
-155
-158
-160
-161
-161
-161
-159
-158
-154
-152
-149
-143
-140
-140
-139
-134
-130
-125
-122
-119
-116
-115
-114
-111
-106
-101
-96
-90
-88
-90
-90
-94
-94
-95
-90
-83
-78
-72
-65
-58
-51
-45
-38
-31
-24
-15
-9
-5
-3
0
1
1
4
8
12
15
20
31
41
49
57
63
69
73
76
82
88
93
99
104
110
114
120
129
134
143
149
155
160
161
162
160
156
153
151
150
151
155
159
163
167
169
170
172
174
174
173
169
164
158
152
149
144
142
139
135
132
129
125
119
110
106
99
91
82
76
71
62
53
43
32
23
15
8
0
-7
-11
-17
-23
-30
-37
-45
-54
-63
-71
-80
-87
-95
-101
-109
-116
-122
-126
-132
-137
-140
-145
-151
-157
-158
-162
-166
-169
-171
-173
-175
-177
-181
-184
-190
-194
-196
-194
-189
-184
-178
-174
-167
-165
-162
-160
-157
-151
-148
-140
-131
-123
-113
-104
-93
-84
-75
-68
-63
-55
-44
-35
-26
-14
-1
12
26
40
50
56
57
58
63
66
70
74
77
79
82
87
92
98
101
105
111
116
117
119
118
116
116
115
116
119
122
125
125
126
129
132
129
126
124
121
119
117
115
110
103
98
92
88
84
82
79
75
71
64
59
53
47
40
36
36
35
34
30
28
29
27
22
17
11
5
0
-2
-10
-17
-23
-27
-31
-33
-36
-40
-46
-52
-57
-61
-64
-66
-66
-66
-70
-70
-69
-68
-66
-66
-66
-66
-65
-65
-67
-69
-69
-67
-65
-61
-57
-54
-53
-51
-51
-53
-54
-54
-55
-56
-53
-50
-47
-43
-40
-37
-33
-28
-24
-21
-20
-19
-19
-19
-17
-17
-14
-10
-8
-3
3
8
12
14
14
14
15
15
14
12
15
15
14
16
14
14
18
23
27
29
29
31
30
27
22
20
20
21
25
25
27
28
30
30
30
31
33
35
36
35
34
32
31
29
32
34
36
38
34
32
28
24
20
15
14
17
18
16
17
14
11
6
2
3
0
-2
0
2
3
4
5
5
5
5
5
4
2
-3
-8
-11
-14
-18
-20
-22
-25
-27
-31
-34
-35
-36
-33
-32
-31
-32
-30
-28
-25
-25
-25
-27
-30
-30
-30
-30
-30
-29
-28
-27
-25
-24
-25
-25
-23
-18
-16
-12
-9
-8
-3
-1
1
2
0
-3
-5
-8
-10
-11
-12
-11
-8
-5
1
6
10
14
14
15
16
15
15
17
18
23
26
27
27
26
24
24
22
21
16
10
8
6
8
7
8
7
9
9
7
6
3
1
3
7
7
7
7
7
8
7
1
-3
-7
-9
-8
-5
-1
0
4
5
9
12
10
9
9
8
5
3
-1
-5
-7
-6
-6
-7
-8
-10
-11
-9
-6
-2
-1
-2
-3
-2
0
4
4
2
-1
-3
-4
-7
-13
-17
-19
-19
-16
-13
-11
-9
-6
-4
-2
-2
-3
-5
-4
-2
1
0
0
1
2
3
5
9
12
14
18
21
23
26
29
31
36
41
42
43
44
45
44
43
41
38
36
32
29
28
28
26
25
22
16
13
11
9
7
5
3
3
0
-4
-9
-14
-19
-22
-27
-30
-32
-34
-32
-29
-26
-26
-27
-29
-29
-27
-24
-18
-14
-15
-17
-19
-17
-14
-12
-10
-10
-8
-6
-6
-6
-2
0
2
2
1
3
5
5
6
9
14
21
31
34
36
36
35
34
31
29
24
19
17
16
15
12
8
3
-2
-9
-11
-9
-6
0
-2
-2
-4
-8
-11
-15
-18
-22
-23
-24
-25
-24
-20
-20
-20
-21
-21
-19
-17
-17
-17
-16
-14
-11
-8
-9
-11
-12
-13
-13
-13
-14
-16
-19
-19
-14
-8
-4
-3
-4
-9
-12
-13
-10
-7
-6
-5
-8
-8
-8
-6
-5
-8
-12
-13
-14
-14
-15
-18
-22
-26
-30
-31
-32
-32
-34
-37
-41
-41
-35
-28
-24
-24
-24
-25
-25
-25
-25
-27
-28
-27
-23
-17
-8
-4
-2
-1
0
4
10
16
20
23
25
30
35
39
40
37
32
31
33
37
39
41
40
42
41
42
46
47
46
43
40
40
41
41
43
42
40
38
38
38
34
30
29
29
31
36
38
38
34
29
25
23
23
26
25
22
22
19
19
19
18
17
10
5
1
-3
-9
-14
-20
-21
-21
-21
-18
-19
-22
-26
-30
-33
-31
-29
-31
-34
-39
-40
-43
-41
-40
-42
-45
-46
-46
-44
-41
-42
-41
-42
-45
-48
-52
-53
-54
-53
-50
-48
-41
-34
-27
-20
-19
-15
-7
2
8
14
16
19
21
24
25
26
25
26
27
32
37
39
40
38
36
34
30
28
28
27
27
27
26
26
27
27
27
25
24
23
20
20
19
18
14
9
9
5
2
-4
-11
-16
-19
-23
-24
-24
-24
-25
-29
-32
-34
-36
-40
-46
-52
-56
-59
-56
-55
-51
-49
-42
-32
-25
-22
-20
-19
-17
-13
-8
-5
-1
1
3
5
6
8
9
10
13
14
17
21
21
18
12
5
2
0
-2
-5
-9
-14
-20
-27
-34
-39
-43
