11
7
-4
-5
1
4
11
10
-1
-8
-12
-6
8
6
2
8
11
14
5
-19
-22
-12
-1
11
11
0
-2
1
1
-3
-5
0
4
3
-2
-9
-9
1
8
6
4
9
4
-8
-9
-3
5
17
16
3
-4
-8
-9
2
13
9
0
0
10
10
-6
-11
-6
4
15
12
-2
-6
-2
1
-2
-1
2
2
1
-4
-11
-10
-6
-3
4
6
3
2
-5
-1
3
-4
-2
-1
-2
7
9
0
-5
-3
1
-2
1
5
2
-4
4
13
7
-7
-10
-5
-2
-8
-10
-4
9
13
7
-4
-12
-9
-4
-4
-5
-1
1
2
1
-4
-7
2
10
4
-3
-4
-4
-3
-1
-1
2
9
12
6
-2
-9
-15
-7
10
18
8
-3
-9
-9
-5
2
1
0
3
7
5
-5
-14
-12
-3
7
4
-3
-3
7
12
5
0
3
2
-7
-9
-3
5
8
10
14
14
5
-7
-11
-5
1
1
3
10
15
8
0
-1
2
1
0
-4
-8
-8
3
11
6
-4
-3
2
1
-5
-10
-6
2
5
2
2
1
-2
-5
-2
0
0
3
4
5
0
0
6
9
3
-9
-12
-3
6
9
4
2
4
9
4
-7
-10
-1
3
-1
-3
4
7
4
3
3
1
-5
-12
-13
-3
7
4
-4
-2
3
0
-7
-8
-6
-2
4
6
1
-4
-2
-3
-8
-8
0
6
11
13
12
5
-4
-7
-5
-1
-1
-1
1
0
3
5
3
-4
-4
7
9
1
-4
-4
1
6
4
-3
-3
7
13
6
-2
0
1
-2
-1
3
1
1
0
-2
1
6
6
0
-4
-3
-1
-1
-3
-1
4
6
1
-2
5
7
-3
-10
-7
-4
-1
4
6
3
3
8
9
3
-7
-16
-13
-1
4
3
11
15
9
-1
-4
-8
-7
-2
2
4
6
7
6
2
-5
-9
-3
3
-3
-9
-6
2
8
9
5
-1
-3
-2
-3
-5
-4
2
4
5
3
2
5
13
12
4
-3
-5
-4
-2
-1
0
5
13
12
2
-7
-10
-6
0
1
-1
1
1
-3
-5
-2
1
1
5
11
7
-3
-7
0
4
0
-3
0
5
2
-4
-5
-3
-4
-4
-2
-3
-6
-2
10
10
0
-7
-5
-4
-8
-9
-4
4
9
10
8
5
-4
-7
-7
-5
-3
-9
-12
-2
12
12
1
-3
-1
-3
-9
-4
6
11
6
-1
-4
-5
-7
-4
4
7
3
-3
-3
1
2
4
9
12
10
0
-12
-16
-11
4
15
17
11
3
-1
-5
-6
-6
0
5
4
-1
-3
0
0
0
-2
-1
4
6
2
-4
-6
1
11
10
-1
-9
-10
-6
-2
2
8
14
14
2
-11
-17
-15
-10
-3
5
13
15
9
-4
-14
-12
-3
7
11
9
7
6
6
1
-8
-14
-10
-1
4
2
0
2
8
7
0
-2
-1
-2
-5
-2
1
2
-3
-1
6
4
-3
-6
5
12
8
-2
-8
-7
-1
2
0
-2
-3
0
4
5
1
-1
0
6
7
3
-2
-3
1
1
0
-2
1
2
4
3
2
-5
-8
-3
3
-3
-11
-9
1
6
2
-2
3
6
3
-2
-1
-1
0
0
3
0
-5
-5
1
4
3
2
4
9
9
3
-3
-4
-2
1
3
5
5
5
4
2
3
4
3
1
-3
-8
-6
-1
5
5
2
0
3
4
0
0
3
7
8
2
-2
-5
-4
-4
-5
-2
2
2
-1
-5
-5
-3
-1
-1
-1
1
3
5
6
3
-1
-3
-5
-6
-3
2
3
-2
-7
-8
-5
-1
1
3
3
3
1
3
6
6
3
5
6
-2
-11
-9
1
6
7
4
1
-2
-5
-9
-10
-2
9
13
13
7
-3
-6
-2
6
4
3
4
4
2
-2
-3
0
2
5
4
-2
-7
-6
3
12
14
10
2
-1
0
1
-1
-5
-8
-5
-1
0
-3
-6
-1
0
0
-1
0
-1
-2
-2
-3
-5
-2
7
15
11
1
-5
-4
-5
-6
-6
-5
-5
-4
-1
-4
-4
1
2
2
4
5
0
0
5
2
-6
-4
-1
-6
-9
-2
5
5
0
1
4
5
-2
-5
-1
0
-4
-4
4
10
10
4
2
5
7
1
-8
-10
-6
-1
1
-1
-1
1
5
6
5
-1
0
2
5
5
5
4
3
1
-2
-2
1
5
11
9
4
-3
-6
-7
-5
0
4
5
6
5
5
4
3
2
0
3
2
2
-4
-6
-5
-1
1
0
0
1
-4
-6
0
8
5
-3
-9
-9
-9
-11
-8
1
7
5
3
2
-4
-9
-10
-3
0
-5
-8
-5
-1
-2
-5
-2
4
8
7
2
-2
-4
-4
-1
-1
-5
-8
-6
-1
6
5
0
-2
1
2
2
-2
-4
-7
-6
-4
1
7
12
12
10
6
3
4
2
-4
-8
-8
1
7
9
6
3
2
5
2
0
-2
-2
0
1
1
1
-1
1
2
2
-4
-8
-4
6
8
4
-4
-5
-5
-5
-9
-5
4
12
13
7
3
0
-3
-4
-2
-1
-3
-5
-3
-1
0
-1
1
6
5
-1
-2
3
6
3
-2
-6
-4
-4
-2
3
4
4
2
1
2
3
-2
-6
-6
-4
-1
2
7
10
8
4
3
2
2
1
4
4
-2
-10
-9
-1
2
2
0
4
6
4
0
-2
-2
-4
-2
2
3
0
-1
-1
-3
-6
-7
-2
3
5
2
-3
-7
-9
-4
1
3
4
4
1
-4
-9
-6
-1
2
0
-1
0
-3
-5
-4
2
6
2
-3
-5
-3
-1
4
7
7
5
2
1
1
0
3
6
6
4
2
3
6
2
0
-2
0
1
1
-1
1
2
6
6
4
0
-1
2
3
4
3
3
0
-4
-4
-2
1
-1
-4
-3
1
3
0
-7
-10
-7
-2
-1
0
1
0
0
0
-1
1
0
-3
-5
-5
-7
-8
-6
1
7
5
-2
-6
-5
-1
2
1
1
5
6
5
2
2
3
4
4
3
1
-3
-3
0
3
-1
-4
0
7
6
0
-6
-3
1
3
0
-2
-1
-1
-2
-2
-1
-1
-4
-5
-5
-4
-3
-2
1
3
3
1
5
8
5
-1
-4
-2
0
0
2
6
6
-3
-8
-6
-2
1
1
2
-1
-2
-3
1
3
4
4
2
1
-1
-3
-2
-1
2
3
2
-1
-2
1
2
-1
-6
-5
-1
3
0
-3
-2
-2
-1
0
2
0
-3
-1
0
-1
-4
-3
1
2
0
0
3
7
5
2
0
-2
-4
-2
0
1
-1
-1
0
4
5
5
2
2
-2
0
0
1
1
0
-2
-2
-1
4
5
7
6
2
-3
-8
-8
-2
3
1
-2
0
3
5
3
1
0
-2
-3
-2
0
0
-1
1
4
0
-5
-4
4
7
3
-2
-1
1
0
0
2
1
-1
-2
0
5
6
4
3
1
1
4
5
4
2
2
5
5
2
0
-2
-1
-1
0
3
3
1
-3
-4
-1
-1
-3
-3
-1
0
-3
-6
-4
0
5
2
-2
-5
-6
-6
-3
-1
1
0
-2
-2
-2
-3
-4
-3
0
-3
-3
-3
0
2
-1
-4
-3
0
4
3
2
-1
-3
-5
-1
3
5
2
-2
-3
-4
-4
-4
-1
2
5
3
1
1
3
3
0
-1
-1
0
3
4
7
4
0
0
1
3
1
-1
0
1
1
0
-1
0
2
-1
-1
3
1
1
2
4
4
4
2
-2
-4
-2
2
3
5
4
5
4
1
2
2
2
3
5
3
-2
-5
-3
0
0
-1
-1
-2
-5
-1
3
3
1
2
1
-4
-5
-3
-1
3
3
4
0
1
3
8
6
5
4
4
2
4
5
1
2
3
-1
-5
-5
-5
-2
4
4
-2
-2
-1
-4
-4
-2
-5
-6
1
2
-2
-4
-4
-7
-6
-1
0
-3
-3
-2
-4
-4
-1
0
-2
-2
-4
-7
-6
-1
-1
0
2
-1
-4
-1
1
1
1
2
0
-1
2
4
6
7
5
5
6
4
1
2
4
3
3
3
4
3
2
1
1
2
0
-2
-2
0
2
-2
-8
-9
-8
-8
-7
-1
5
4
-2
-4
-3
-2
-5
-6
-5
-4
-7
-3
4
12
10
4
-1
-1
-1
3
8
8
3
2
1
4
6
8
8
6
0
-3
-1
4
8
6
2
-4
-5
-1
3
2
-1
-5
-5
-6
-6
-4
-2
-3
-4
-1
2
2
0
3
5
1
-4
-4
2
3
-3
-4
0
3
5
3
1
-2
-4
1
11
15
13
8
5
2
1
0
2
-1
-3
-4
0
3
3
3
3
3
1
-5
-7
-5
-6
-4
-4
-3
0
0
-4
-8
-9
-7
-5
-2
1
-2
3
2
-1
6
7
1
5
-1
-4
6
5
2
5
0
-5
-8
-9
-5
-1
-3
-4
-3
-5
-4
-1
1
0
-5
-13
-6
5
14
15
11
3
-4
-5
2
1
1
12
5
-1
8
-2
-6
-3
-10
-12
-16
-11
-8
-3
2
-1
5
5
4
0
-3
-4
-10
3
1
-5
3
-9
-7
-1
2
11
11
11
18
17
12
20
19
8
12
8
7
7
0
1
-11
-6
10
-2
1
5
-2
-9
-17
-2
-7
-13
3
-10
-11
-28
-12
14
-25
11
-8
-17
17
-46
-11
-7
-11
-16
-21
53
-11
-17
63
48
4
26
74
23
-11
43
46
-18
4
58
-4
-56
3
49
13
20
71
29
-15
-1
-39
-100
-98
-52
-13
15
38
59
37
-21
-113
-193
-239
-362
-317
-270
-412
-446
-660
-993
-1143
-1030
-438
231
865
1249
819
251
72
32
261
830
1184
1032
880
820
679
643
778
829
625
457
419
218
-122
-340
-496
-745
-902
-878
-892
-998
-1019
-963
-881
-773
-615
-514
-525
-408
-242
-198
-186
-70
68
129
258
427
585
521
332
383
161
-98
118
134
-51
-164
-321
-522
-647
-375
63
415
896
1213
1000
766
876
835
603
573
481
98
-190
-218
-303
-421
-273
-29
7
29
117
-45
-351
-473
-524
-667
-765
-729
-677
-666
-521
-221
-37
24
105
88
14
43
110
135
81
-61
-268
-557
-788
-773
-530
-81
491
905
1034
1048
1084
1074
953
833
761
623
487
466
391
194
37
-58
-164
-264
-300
-288
-364
-490
-530
-614
-830
-950
-885
-814
-805
-722
-554
-433
-311
-108
109
278
388
404
353
321
332
301
255
335
418
357
367
496
460
307
307
324
157
-10
-47
-103
-192
-198
-232
-349
-378
-338
-316
-190
6
80
56
-13
-80
-103
-109
-93
-41
-39
-111
-67
2
14
49
63
53
-31
-25
68
72
80
91
39
-66
-80
-24
-54
-63
25
90
92
173
264
263
243
225
207
158
47
-22
-26
-72
-120
-158
-172
-146
-135
-88
3
46
-16
-88
-173
-239
-234
-222
-105
-30
-44
-66
-138
-137
-89
12
105
92
104
139
74
14
50
38
24
109
166
161
131
75
34
22
36
112
139
88
82
98
81
68
51
-39
-115
-81
-33
-35
-30
-83
-154
-99
-61
-53
-22
0
51
46
80
140
72
22
-41
-95
-96
-83
18
18
-26
-22
1
22
13
91
30
-55
28
17
-10
25
-28
-160
-178
-121
-102
-87
-17
71
4
-87
-25
45
47
119
182
92
-6
-15
-3
-9
109
238
158
106
96
-52
-116
-98
-117
-69
25
66
29
-31
-88
-133
-128
-100
-42
1
-33
-80
-127
-122
-58
-47
-34
-7
-8
-19
-61
-67
7
97
188
227
213
191
90
-10
-9
-1
46
101
76
100
157
116
46
79
129
72
30
16
-66
-176
-241
-235
-272
-288
-171
-122
-113
-41
26
82
134
161
136
108
47
-58
-102
-99
-71
-30
9
92
163
179
154
97
97
97
55
27
-24
-80
-161
-174
-119
-123
-84
-38
-35
-43
-25
55
77
88
111
45
-25
-63
-75
-58
-53
-24
21
68
137
164
104
27
-13
-41
-8
61
75
102
84
5
-53
-88
-68
-37
-20
-11
-11
-44
-95
-79
-71
-69
-46
-70
-56
-26
-18
19
44
54
43
53
46
2
24
10
-41
2
42
36
52
73
54
20
2
-26
-85
-107
-84
-83
-68
-24
-14
-34
-41
-34
-43
-53
-27
-28
-45
8
74
117
149
131
81
25
-17
-21
-3
19
37
42
39
60
76
69
91
67
30
44
32
-6
-47
-70
-84
-87
-58
-43
-44
-65
-72
-51
-55
-58
-60
-53
-41
-33
-4
16
29
54
104
146
141
128
85
27
-20
-37
-7
-18
-46
-45
-71
-67
-33
-44
-54
-57
-57
-19
4
6
24
43
46
56
79
79
62
56
46
33
39
36
16
3
-5
-29
-77
-98
-118
-154
-162
-129
-57
-1
35
88
109
74
53
42
15
5
6
7
6
15
16
14
34
29
45
70
59
58
24
-9
-25
-69
-106
-124
-96
-67
-76
-42
-25
-33
11
49
56
49
27
-1
-25
-61
-78
-43
-33
-31
7
0
-24
-6
24
46
63
95
129
136
131
108
78
63
21
-21
-16
-12
-36
-45
-31
-27
-35
-38
-15
4
-8
-7
-11
-13
-12
-37
-41
-14
1
7
26
38
36
21
-4
-4
10
14
22
35
29
8
-3
-2
-4
-27
-17
7
7
-7
-17
6
0
-14
-2
-4
-9
-14
-17
-12
-4
-17
-41
-49
-52
-51
-42
-14
25
39
60
89
86
74
41
18
26
33
42
24
-4
-40
-85
-98
-93
-83
-60
-42
-29
-10
15
15
-1
0
7
1
-3
-6
-5
-5
-23
-23
1
-4
-9
28
71
77
60
54
40
-4
-37
-36
-37
-53
-61
-68
-84
-91
-74
-45
-12
27
59
71
87
107
104
89
85
80
63
37
20
10
-11
-21
-4
-5
-21
-36
-58
-70
-65
-56
-40
-33
-47
-57
-53
-56
-56
-43
-25
4
33
42
47
58
60
56
59
60
54
45
37
35
30
19
10
1
-10
-2
8
6
8
4
-10
-8
-2
12
32
37
35
18
-19
-38
-41
-50
-53
-39
-21
-22
-24
-16
-18
-17
-2
3
6
9
-8
-27
-20
-11
-21
-25
-21
-23
-26
-17
-3
9
21
32
40
40
29
10
-1
-7
-8
0
13
11
-9
-27
-35
-34
-33
-29
-11
8
15
22
35
33
18
9
13
9
-12
-31
-39
-38
-35
-23
-1
13
13
12
20
43
64
64
54
45
28
-7
-30
-38
-47
-61
-57
-33
-21
-19
1
24
33
36
36
26
10
-2
-11
-11
0
10
14
13
8
-1
-4
3
7
16
32
31
15
-4
-24
-42
-47
-41
-36
-43
-41
-22
-12
2
16
16
22
29
30
42
53
46
46
61
71
63
46
36
9
-18
-23
-29
-34
-36
-50
-53
-48
-50
-58
-68
-78
-84
-86
-66
-37
-13
6
23
30
33
38
47
58
69
86
100
100
75
43
22
1
-20
-23
-17
-29
-38
-29
-23
-29
-30
-23
-22
-22
-12
-4
-14
-32
-46
-49
-49
-50
-44
-31
-18
-11
1
26
47
50
46
53
61
52
33
19
10
-2
-12
-5
3
-5
-13
-12
-6
8
22
30
28
12
4
-10
-36
-44
-33
-32
-22
-1
8
15
29
44
52
56
51
30
12
-1
-13
-18
-27
-41
-47
-46
-50
-52
-57
-52
-46
-37
-16
2
27
27
19
23
24
22
20
37
51
45
33
28
29
13
4
16
22
19
20
9
-15
-35
-54
-67
-63
-60
-50
-25
-2
16
37
50
51
39
29
21
10
-9
-17
-20
-16
-17
-24
-27
-22
-22
-15
-3
2
6
8
6
-2
-7
-10
-16
-21
-16
-1
13
25
37
48
57
57
47
40
33
19
-5
-21
-21
-26
-35
-40
-36
-21
-12
-16
-14
-11
-18
-27
-36
-48
-53
-52
-49
-43
-22
8
32
53
77
93
102
100
85
57
34
15
-4
-17
-18
-15
-15
-20
-23
-19
-18
-27
-38
-39
-32
-36
-53
-60
-52
-46
-49
-40
-11
19
43
67
95
110
109
93
80
73
62
40
7
-25
-42
-50
-59
-67
-61
-51
-54
-68
-79
-78
-85
-100
-118
-114
-97
-78
-59
-33
8
63
115
160
201
235
242
231
215
184
137
79
17
-44
-93
-121
-146
-166
-164
-143
-120
-94
-59
-31
-25
-32
-43
-53
-57
-48
-35
-22
3
30
45
59
82
105
119
124
112
88
64
39
11
-11
-22
-25
-29
-33
-36
-33
-26
-26
-18
-6
-2
1
-8
-24
-39
-50
-60
-59
-43
-8
25
45
59
82
92
74
38
8
-8
-29
-57
-79
-84
-73
-54
-31
-4
29
55
62
56
45
17
-20
-50
-73
-89
-90
-89
-77
-37
13
52
93
119
124
128
120
89
55
22
-13
-45
-72
-74
-73
-68
-44
-21
2
37
54
58
58
41
9
-29
-62
-84
-97
-101
-92
-61
-17
13
40
67
81
86
84
71
52
28
6
-19
-40
-39
-31
-42
-44
-23
-9
-7
-1
5
10
13
1
-15
-23
-27
-39
-48
-44
-34
-17
5
16
23
35
37
34
36
28
24
25
18
20
32
36
35
32
35
39
37
30
18
0
-16
-28
-36
-38
-37
-33
-33
-32
-27
-19
-11
-20
-31
-32
-33
-45
-53
-48
-37
-30
-22
-3
22
45
62
73
83
85
77
60
36
10
-14
-31
-44
-46
-34
-11
15
44
69
81
76
56
29
0
-27
-52
-71
-86
-101
-109
-109
-97
-70
-33
3
35
63
80
79
73
66
57
46
26
2
-13
-21
-31
-35
-24
-9
7
26
37
38
39
33
18
4
-10
-24
-34
-40
-47
-50
-44
-35
-26
-10
6
15
21
23
16
12
6
-2
-2
3
0
-7
-7
-1
6
13
17
20
27
30
24
15
7
-2
-14
-21
-25
-26
-23
-16
-10
-10
-8
-3
3
7
11
17
17
4
-10
-19
-21
-26
-28
-20
-12
-12
-12
-5
5
15
29
44
50
55
60
55
39
29
28
21
6
-6
-12
-20
-30
-36
-34
-28
-25
-25
-23
-18
-13
-11
-8
-2
5
13
15
10
5
1
-3
-5
-5
0
12
23
23
25
28
22
6
1
2
-2
-8
-13
-19
-23
-25
-24
-20
-15
-12
-8
-1
-6
-7
2
7
1
2
12
12
5
4
12
11
11
19
30
33
29
26
21
8
-11
-27
-37
-50
-54
-47
-37
-32
-29
-21
-10
-3
4
19
37
46
48
55
60
53
40
31
21
6
-10
-20
-30
-42
-48
-48
-50
-49
-43
-34
-24
-16
-8
0
6
10
14
17
19
23
28
29
23
16
12
6
0
-2
2
5
5
6
9
4
-1
-2
-2
-2
-7
-13
-19
-19
-19
-19
-19
-12
-3
5
9
11
18
26
26
25
27
27
21
14
9
2
-3
-8
-15
-22
-24
-28
-36
-41
-38
-38
-39
-33
-24
-14
-4
13
27
38
52
66
70
66
61
53
36
10
-9
-20
-34
-47
-50
-41
-34
-30
-21
-8
1
4
5
1
-1
-5
-9
-19
-24
-17
-4
6
14
33
58
75
77
72
64
47
22
-4
-27
-47
-70
-87
-94
-92
-81
-65
-47
-32
-14
6
22
25
20
18
19
15
7
5
13
24
34
44
56
65
68
65
64
57
40
15
-8
-28
-41
-50
-55
-54
-48
-38
-30
-20
-11
-7
-4
-2
1
1
-1
-5
-7
-8
-13
-13
-13
-9
-5
-1
-1
-1
-2
-5
-8
-13
-16
-18
-22
-25
-27
-22
-14
-7
2
16
29
37
39
39
37
33
29
27
25
18
6
-4
-10
-12
-13
-15
-16
-15
-14
-9
-2
4
7
11
17
21
26
34
39
42
38
33
28
23
15
5
-4
-9
-15
-24
-32
-40
-46
-47
-47
-44
-38
-32
-27
-24
-25
-23
-17
-10
-2
4
7
10
15
20
24
27
28
30
31
32
28
22
13
6
-1
-8
-15
-21
-26
-28
-28
-26
-23
-19
-15
-10
-4
4
14
25
30
32
31
31
31
32
31
28
26
26
24
24
18
11
3
-3
-11
-16
-22
-27
-32
-34
-36
-35
-34
-32
-30
-30
-26
-23
-18
-13
-6
-3
-3
-2
-3
-1
2
7
12
18
24
30
33
34
30
26
22
17
13
5
-4
-13
-19
-21
-19
-16
-12
-9
-4
3
9
10
16
18
18
21
18
14
18
12
10
10
9
10
11
8
7
5
-3
-8
-13
-19
-24
-26
-22
-18
-17
-12
-5
-4
0
11
12
12
14
15
9
8
8
7
6
10
13
12
17
24
24
20
14
9
6
2
-6
-21
-30
-31
-38
-39
-29
-20
-15
-11
3
17
27
34
35
38
40
32
28
26
15
4
3
4
1
2
4
2
3
8
8
3
1
-9
-18
-14
-15
-21
-18
-17
-20
-14
-9
-4
-1
-1
5
8
3
9
7
0
1
-1
-2
-1
-2
-1
2
0
-1
-4
-12
-16
-21
-25
-26
-32
-38
-34
-32
-33
-29
-22
-17
-16
-16
-13
-10
-11
-15
-22
-25
-25
-23
-21
-16
-13
-8
-2
3
9
16
20
22
22
22
20
15
14
16
17
15
15
16
17
16
15
14
15
13
10
7
4
2
0
3
6
7
15
24
26
33
42
45
44
49
50
44
42
40
34
29
30
26
24
24
25
25
27
27
24
21
18
14
9
3
-3
-6
-11
-16
-15
-12
-11
-7
3
9
9
12
13
9
5
4
1
-6
-12
-16
-20
-23
-25
-27
-26
-25
-26
-28
-26
-24
-28
-32
-30
-28
-34
-36
-32
-30
-33
-30
-23
-19
-17
-12
-8
-8
-15
-14
-16
-27
-37
-37
-35
-38
-41
-38
-35
-34
-34
-36
-34
-34
-39
-47
-46
-43
-49
-50
-45
-35
-25
-14
0
15
28
39
52
63
67
71
76
80
80
78
83
92
102
111
118
129
142
153
159
164
171
174
175
180
184
183
181
182
186
191
196
198
197
195
197
203
209
214
214
216
231
246
249
253
259
252
233
216
186
141
108
81
34
-14
-43
-70
-101
-112
-121
-134
-136
-137
-153
-167
-176
-195
-221
-248
-284
-321
-352
-384
-415
-438
-468
-487
-481
-470
-480
-486
-483
-499
-525
-544
-566
-593
-625
-662
-706
-749
-799
-862
-931
-1006
-1093
-1177
-1249
-1316
-1371
-1415
-1456
-1459
-1421
-1357
-1252
-1100
-907
-677
-420
-137
151
424
690
938
1156
1341
1496
1611
1689
1746
1781
1785
1771
1734
1667
1587
1506
1414
1311
1207
1096
977
872
787
703
630
572
531
513
530
568
612
659
719
793
871
950
1032
1109
1166
1195
1210
1219
1203
1166
1105
1016
910
786
655
512
351
196
58
-83
-216
-320
-428
-548
-654
-750
-821
-892
-954
-1000
-1080
-1144
-1197
-1253
-1301
-1348
-1384
-1466
-1570
-1688
-1851
-2062
-2343
-2666
-3013
-3349
-3635
-3851
-3978
-4018
-3953
-3747
-3378
-2876
-2278
-1622
-961
-306
341
927
1436
1848
2134
2317
2435
2497
2534
2537
2493
2440
2400
2367
2335
2266
2125
1923
1670
1371
1038
677
282
-140
-535
-836
-1038
-1149
-1177
-1108
-949
-728
-439
-109
206
503
776
1000
1194
1348
1444
1505
1528
1534
1562
1582
1595
1598
1555
1466
1341
1165
955
721
454
167
-109
-347
-526
-641
-692
-681
-609
-486
-335
-172
3
180
324
419
476
511
521
510
489
459
430
413
423
462
506
536
565
580
559
519
460
345
183
12
-153
-289
-410
-536
-647
-736
-802
-851
-909
-990
-1104
-1271
-1497
-1784
-2139
-2561
-3042
-3533
-3994
-4389
-4656
-4787
-4800
-4654
-4329
-3838
-3194
-2449
-1671
-880
-116
594
1237
1775
2178
2453
2615
2704
2760
2780
2751
2685
2618
2571
2525
2459
2355
2191
1963
1670
1314
912
474
2
-469
-896
-1244
-1490
-1615
-1626
-1546
-1363
-1086
-751
-360
50
422
749
1033
1262
1443
1576
1663
1704
1731
1762
1791
1813
1835
1842
1809
1728
1599
1435
1247
1016
745
455
141
-150
-385
-587
-740
-823
-850
-828
-756
-639
-495
-357
-231
-108
2
103
188
245
275
299
340
404
474
552
637
712
757
793
827
831
794
733
651
541
406
252
81
-99
-276
-456
-644
-844
-1078
-1370
-1721
-2135
-2601
-3108
-3625
-4103
-4504
-4807
-5001
-5074
-4976
-4667
-4173
-3518
-2745
-1914
-1051
-189
615
1333
1937
2389
2693
2880
2995
3051
3020
2913
2778
2658
2555
2449
2328
2165
1917
1606
1266
890
453
-33
-532
-1026
-1466
-1790
-2006
-2147
-2196
-2104
-1884
-1563
-1171
-747
-334
60
443
806
1134
1417
1642
1799
1913
2023
2138
2216
2239
2219
2166
2084
1984
1863
1696
1483
1238
980
717
461
215
-27
-239
-398
-498
-548
-552
-521
-466
-392
-299
-188
-71
41
134
217
302
383
458
524
586
657
731
798
861
923
970
994
980
931
854
761
641
493
337
180
18
-152
-319
-498
-708
-951
-1225
-1543
-1918
-2373
-2909
-3497
-4081
-4603
-5030
-5350
-5542
-5597
-5482
-5148
-4583
-3859
-3067
-2235
-1365
-489
347
1100
1726
2185
2476
2641
2756
2834
2852
2787
2647
2530
2461
2420
2352
2208
1992
1695
1358
1000
599
124
-404
-941
-1421
-1786
-2023
-2133
-2148
-2036
-1782
-1417
-956
-448
40
450
787
1101
1384
1601
1736
1805
1839
1866
1905
1943
1991
2033
2064
2077
2054
2008
1909
1733
1484
1192
889
570
263
-18
-259
-446
-567
-628
-629
-567
-459
-346
-240
-131
-17
84
156
192
199
200
216
246
306
389
478
568
662
787
896
957
978
952
903
826
729
623
480
318
149
-35
-212
-387
-573
-790
-1039
-1306
-1608
-1966
-2408
-2949
-3532
-4088
-4555
-4898
-5126
-5261
-5293
-5146
-4722
-4067
-3282
-2467
-1658
-804
57
891
1636
2197
2561
2752
2870
2973
3023
2998
2879
2731
2641
2612
2588
2496
2311
2049
1731
1381
1001
563
39
-558
-1143
-1616
-1944
-2163
-2304
-2344
-2243
-1996
-1634
-1194
-714
-245
176
545
897
1246
1548
1749
1848
1915
2013
2134
2230
2265
2241
2177
2089
1991
1873
1711
1469
1148
805
497
238
-8
-268
-514
-691
-773
-781
-745
-681
-598
-512
-418
-295
-127
38
149
213
283
392
518
619
691
766
873
988
1084
1165
1227
1228
1163
1081
1004
893
736
556
355
147
-37
-213
-413
-607
-774
-961
-1186
-1408
-1643
-1954
-2363
-2853
-3382
-3903
-4377
-4763
-5022
-5164
-5215
-5126
-4802
-4224
-3485
-2718
-1973
-1196
-357
459
1160
1724
2141
2382
2487
2565
2654
2701
2640
2485
2344
2309
2349
2335
2198
1980
1723
1416
1058
669
220
-325
-908
-1397
-1715
-1898
-2010
-2060
-2004
-1808
-1468
-1031
-561
-122
282
648
968
1251
1506
1680
1725
1707
1747
1855
1939
1941
1908
1878
1857
1828
1774
1679
1528
1303
1016
740
523
303
11
-298
-509
-600
-645
-682
-681
-596
-474
-375
-288
-167
-26
68
90
113
193
300
367
389
437
560
717
851
970
1100
1222
1299
1333
1335
1301
1212
1049
829
611
438
278
75
-155
-377
-607
-863
-1133
-1416
-1760
-2216
-2770
-3371
-3959
-4474
-4881
-5179
-5382
-5495
-5453
-5153
-4572
-3810
-3012
-2220
-1392
-505
371
1143
1746
2155
2375
2478
2565
2672
2732
2666
2508
2378
2355
2395
2389
2271
2054
1792
1494
1150
744
257
-310
-892
-1399
-1750
-1934
-2022
-2075
-2011
-1728
-1281
-782
-280
201
621
999
1349
1641
1849
1956
1970
1911
1909
1967
2021
2007
1915
1855
1819
1807
1720
1540
1307
995
683
355
68
-198
-499
-782
-990
-1021
-965
-890
-778
-621
-424
-238
-84
50
181
240
189
146
215
313
307
271
345
514
691
844
986
1118
1243
1313
1292
1228
1162
1049
789
502
310
174
19
-193
-330
-361
-377
-450
-606
-708
-815
-1069
-1489
-2028
-2578
-3216
-3921
-4550
-4992
-5231
-5426
-5538
-5442
-5016
-4295
-3494
-2680
-1894
-1044
-171
608
1259
1745
2088
2221
2210
2246
2400
2530
2456
2279
2240
2397
2553
2552
2436
2275
2026
1642
1197
754
265
-350
-1033
-1576
-1859
-1982
-2084
-2111
-1932
-1558
-1084
-583
-71
433
859
1140
1318
1504
1677
1713
1592
1436
1357
1357
1341
1270
1238
1304
1381
1377
1348
1352
1312
1122
814
514
280
43
-264
-573
-773
-844
-877
-902
-839
-644
-429
-308
-210
-24
179
279
293
332
421
509
559
602
704
879
1041
1126
1211
1363
1501
1510
1433
1360
1279
1112
854
590
366
158
-65
-288
-465
-582
-699
-879
-1084
-1248
-1418
-1729
-2218
-2778
-3328
-3887
-4429
-4841
-5083
-5238
-5350
-5278
-4862
-4131
-3305
-2534
-1772
-908
20
862
1546
2089
2449
2579
2565
2587
2690
2745
2625
2388
2262
2356
2494
2470
2307
2112
1856
1511
1134
741
256
-354
-988
-1499
-1811
-1977
-2091
-2150
-2038
-1713
-1253
-748
-247
201
577
897
1163
1374
1536
1599
1511
1373
1345
1437
1512
1524
1532
1579
1637
1665
1667
1644
1535
1262
864
475
160
-133
-458
-770
-1001
-1118
-1126
-1046
-889
-663
-436
-285
-148
77
320
433
414
392
430
498
563
652
779
906
1030
1188
1379
1552
1669
1675
1553
1387
1274
1137
843
456
152
-41
-218
-402
-517
-550
-592
-713
-833
-868
-893
-1083
-1479
-1983
-2514
-3115
-3812
-4482
-4971
-5286
-5545
-5741
-5685
-5253
-4547
-3754
-2939
-2059
-1134
-268
483
1145
1711
2084
2215
2215
2277
2444
2571
2536
2444
2503
2730
2911
2897
2772
2644
2432
2009
1464
952
434
-253
-1057
-1685
-1995
-2149
-2314
-2409
-2256
-1872
-1426
-982
-520
-42
372
624
787
976
1141
1208
1147
1065
1173
1417
1602
1705
1818
2040
2279
2329
2248
2165
2018
1707
1240
782
439
79
-376
-766
-920
-882
-843
-865
-802
-553
-269
-139
-107
-1
130
134
51
35
119
211
261
346
571
904
1187
1349
1495
1693
1813
1743
1555
1364
1141
813
425
87
-151
-327
-504
-650
-712
-690
-690
-831
-1024
-1145
-1303
-1683
-2290
-2951
-3543
-4179
-4850
-5283
-5419
-5478
-5535
-5390
-4836
-3949
-3023
-2202
-1389
-505
370
1116
1721
2181
2452
2516
2455
2465
2648
2823
2771
2600
2613
2838
2987
2884
2660
2427
2088
1560
948
399
-131
-788
-1517
-2036
-2194
-2170
-2176
-2149
-1907
-1457
-957
-499
-64
356
687
876
975
1083
1210
1277
1234
1185
1281
1503
1680
1746
1822
1977
2109
2094
1936
1734
1531
1230
778
319
1
-255
-598
-928
-1002
-868
-758
-746
-658
-391
-126
-44
-46
5
121
177
98
63
189
315
371
480
744
1093
1333
1444
1563
1701
1784
1759
1578
1337
1123
856
516
212
31
-61
-205
-388
-452
-464
-577
-774
-1018
-1287
-1649
-2250
-3012
-3756
-4420
-4975
-5400
-5679
-5794
-5764
-5531
-4962
-4095
-3139
-2277
-1508
-680
219
990
1556
1953
2156
2204
2234
2335
2483
2553
2464
2342
2379
2575
2722
2658
2402
2040
1614
1152
661
117
-539
-1270
-1907
-2304
-2460
-2470
-2401
-2252
-1986
-1552
-972
-379
115
445
653
859
1059
1204
1296
1308
1283
1341
1527
1781
2016
2187
2314
2402
2464
2506
2450
2210
1799
1304
797
312
-122
-502
-837
-1105
-1223
-1168
-1012
-830
-615
-347
-99
52
158
288
372
331
236
203
225
257
324
462
678
951
1192
1381
1570
1725
1787
1721
1544
1333
1094
761
392
74
-189
-387
-511
-579
-553
-481
-520
-678
-800
-858
-1039
-1512
-2217
-2944
-3633
-4341
-4991
-5402
-5603
-5763
-5854
-5601
-4873
-3881
-2967
-2214
-1427
-480
454
1154
1631
2001
2231
2257
2205
2283
2487
2607
2546
2455
2558
2859
3072
2975
2687
2376
2003
1498
887
245
-424
-1179
-1910
-2329
-2403
-2386
-2382
-2274
-1926
-1351
-738
-221
240
645
918
1064
1163
1268
1334
1308
1245
1283
1504
1833
2069
2169
2310
2549
2695
2595
2368
2118
1732
1146
539
70
-317
-735
-1132
-1343
-1286
-1076
-866
-682
-430
-79
185
263
290
353
348
207
24
-46
27
76
62
187
519
848
1091
1351
1605
1740
1744
1655
1507
1293
1024
734
390
37
-154
-196
-287
-435
-481
-455
-557
-780
-997
-1272
-1766
-2516
-3362
-4103
-4725
-5242
-5587
-5785
-5883
-5780
-5336
-4528
-3542
-2622
-1796
-976
-131
666
1316
1779
2047
2119
2111
2172
2303
2409
2413
2322
2304
2457
2636
2672
2521
2215
1806
1316
770
245
-323
-1046
-1769
-2207
-2355
-2392
-2363
-2207
-1886
-1462
-986
-409
198
605
779
881
1042
1277
1442
1428
1349
1370
1541
1800
2035
2208
2335
2390
2370
2313
2205
1984
1592
1074
551
85
-309
-651
-986
-1262
-1326
-1197
-1028
-841
-585
-296
-46
103
213
389
506
429
292
279
384
446
415
443
626
885
1118
1287
1470
1640
1682
1621
1515
1352
1139
871
584
336
109
-88
-206
-270
-326
-376
-443
-585
-769
-924
-1125
-1542
-2159
-2811
-3464
-4161
-4799
-5179
-5293
-5373
-5483
-5362
-4813
-3960
-3078
-2338
-1641
-881
-142
508
1073
1526
1813
1921
1926
2015
2242
2436
2459
2398
2452
2645
2789
2756
2545
2194
1776
1295
762
271
-234
-892
-1544
-1895
-1912
-1852
-1852
-1765
-1457
-1028
-605
-196
222
579
780
867
1005
1230
1410
1440
1387
1437
1652
1911
2089
2170
2219
2245
2143
1938
1744
1519
1161
690
231
-76
-256
-462
-694
-792
-710
-568
-470
-354
-141
63
95
26
50
168
179
31
-83
-26
129
257
342
509
783
997
1120
1242
1383
1458
1387
1218
1091
1000
861
693
517
365
292
279
251
161
32
-141
-427
-811
-1156
-1488
-2009
-2765
-3573
-4254
-4795
-5245
-5521
-5531
-5450
-5411
-5155
-4459
-3513
-2672
-2053
-1462
-710
67
653
1106
1557
1903
1979
1973
2217
2633
2833
2733
2624
2696
2789
2678
2366
1978
1542
985
358
-155
-533
-977
-1553
-2005
-2087
-1933
-1784
-1651
-1425
-1063
-658
-303
80
494
764
875
1005
1216
1461
1693
1830
1859
1912
2105
2329
2413
2336
2187
2020
1774
1444
1162
934
599
137
-267
-473
-546
-670
-909
-1069
-983
-821
-810
-817
-659
-451
-355
-304
-106
238
466
497
566
781
1000
1095
1108
1124
1135
1111
1081
1061
1039
992
902
828
843
895
875
785
671
525
377
300
239
78
-118
-235
-392
-714
-1028
-1166
-1339
-1807
-2432
-2932
-3371
-3969
-4614
-4972
-5012
-5087
-5295
-5274
-4760
-3970
-3261
-2639
-1911
-1103
-354
301
863
1357
1748
1931
1984
2116
2399
2677
2741
2633
2647
2863
3001
2855
2584
2322
1908
1245
602
170
-269
-931
-1589
-1882
-1853
-1802
-1783
-1598
-1196
-762
-422
-61
376
714
857
936
1063
1235
1369
1400
1427
1555
1744
1953
2150
2223
2172
2091
1967
1751
1465
1159
806
353
-87
-358
-492
-616
-733
-734
-579
-415
-345
-281
-154
-5
43
-39
-63
47
99
23
22
226
475
595
705
987
1319
1434
1375
1411
1527
1469
1236
1060
983
861
669
520
451
402
338
284
229
98
-137
-446
-817
-1237
-1651
-2100
-2707
-3373
-3964
-4510
-4996
-5279
-5280
-5083
-4932
-4869
-4508
-3781
-2968
-2301
-1835
-1309
-632
24
492
938
1449
1773
1886
1998
2336
2736
2901
2732
2508
2537
2497
2195
1771
1343
877
276
-317
-681
-821
-1093
-1546
-1787
-1706
-1434
-1234
-1131
-894
-563
-287
-82
247
665
938
1073
1202
1508
1898
2167
2252
2291
2411
2498
2534
2467
2261
2010
1665
1232
879
650
413
119
-215
-509
-630
-680
-808
-907
-845
-747
-758
-803
-699
-379
-161
-188
-145
74
367
581
708
863
1050
1162
1113
1093
1192
1232
1142
1005
942
992
1027
934
864
889
831
707
624
517
362
219
72
-81
-209
-344
-553
-851
-1138
-1361
-1634
-2114
-2758
-3374
-3914
-4458
-4909
-5073
-5024
-5029
-5076
-4823
-4098
-3194
-2465
-1872
-1200
-476
131
633
1137
1571
1768
1767
1821
2090
2446
2637
2604
2533
2577
2657
2585
2322
1986
1565
927
170
-362
-622
-988
-1552
-1909
-1836
-1553
-1346
-1218
-908
-439
-145
8
333
765
996
959
909
1140
1546
1762
1793
1916
2179
2417
2471
2377
2309
2229
1909
1369
909
673
442
36
-377
-530
-455
-408
-469
-455
-258
-63
-78
-201
-168
12
49
-148
-286
-127
131
220
256
500
859
1048
1074
1190
1401
1451
1276
1070
987
947
821
653
570
587
643
652
645
717
725
536
291
56
-276
-733
-1277
-1818
-2294
-2840
-3488
-4111
-4649
-5102
-5281
-5134
-4970
-4864
-4692
-4288
-3648
-2981
-2288
-1582
-986
-502
42
705
1336
1816
2097
2237
2408
2725
3037
3097
2910
2685
2477
2184
1798
1393
956
385
-328
-918
-1198
-1352
-1604
-1918
-2056
-1930
-1655
-1442
-1244
-923
-661
-484
-252
192
724
1083
1294
1500
1874
2317
2695
2925
2969
2983
2990
2920
2734
2484
2152
1629
1012
533
252
-32
-448
-859
-1048
-993
-974
-1024
-965
-818
-694
-685
-643
-422
-187
-108
-130
-39
188
426
564
671
882
1080
1123
1146
1302
1439
1372
1176
1076
1111
1078
903
763
707
616
547
524
504
470
383
275
114
-67
-238
-468
-791
-1212
-1639
-2069
-2602
-3243
-3893
-4465
-4906
-5150
-5178
-5037
-4871
-4700
-4276
-3487
-2593
-1837
-1200
-587
0
518
1006
1536
2010
2190
2111
2173
2562
2978
3070
2848
2635
2563
2356
1910
1490
1105
475
-366
-1031
-1289
-1360
-1621
-2017
-2093
-1783
-1483
-1298
-966
-489
-169
-97
32
460
966
1202
1218
1336
1705
2172
2523
2727
2887
3008
2973
2813
2696
2568
2209
1609
957
480
203
-108
-519
-814
-942
-1044
-1105
-1005
-792
-633
-597
-620
-578
-389
-144
-41
-105
-110
108
403
559
675
932
1157
1121
1017
1144
1373
1367
1139
998
1020
1007
892
818
854
822
651
558
631
659
504
257
32
-188
-477
-804
-1158
-1636
-2200
-2732
-3258
-3847
-4462
-4973
-5248
-5275
-5167
-5037
-4814
-4331
-3585
-2748
-1941
-1180
-485
124
686
1233
1738
2143
2370
2421
2474
2712
3022
3101
2876
2576
2344
2041
1551
1007
517
-73
-868
-1604
-1964
-2057
-2233
-2538
-2632
-2330
-1918
-1663
-1374
-846
-344
-140
23
477
1038
1354
1499
1774
2212
2605
2884
3114
3281
3329
3281
3198
3034
2741
2351
1875
1297
732
366
116
-288
-794
-1138
-1282
-1399
-1516
-1505
-1396
-1334
-1276
-1130
-886
-548
-227
-31
147
407
682
921
1128
1302
1371
1292
1223
1316
1424
1370
1264
1232
1203
1114
1015
947
847
616
345
236
227
118
-64
-186
-254
-338
-474
-627
-799
-1106
-1564
-2023
-2455
-3000
-3688
-4375
-4895
-5144
-5157
-5026
-4801
-4513
-4062
-3315
-2406
-1576
-857
-217
316
743
1151
1612
2061
2321
2362
2419
2729
3147
3303
3125
2911
2749
2393
1800
1253
795
96
-872
-1640
-1931
-2006
-2186
-2400
-2388
-2106
-1774
-1508
-1198
-764
-375
-244
-162
239
825
1198
1336
1567
2059
2597
2961
3227
3442
3470
3281
3039
2837
2591
2167
1522
828
359
161
2
-269
-549
-718
-794
-816
-774
-676
-604
-656
-796
-834
-624
-299
-138
-150
-87
173
514
796
1026
1190
1194
1097
1079
1159
1247
1195
968
760
717
772
830
827
756
610
431
362
405
355
94
-264
-549
-813
-1166
-1496
-1768
-2204
-2855
-3492
-3975
-4378
-4805
-5168
-5241
-5068
-4883
-4639
-4086
-3243
-2411
-1749
-1090
-285
499
1069
1513
1991
2418
2640
2738
2902
3154
3344
3331
3141
2905
2650
2240
1583
845
216
-441
-1234
-1894
-2237
-2479
-2756
-2941
-2879
-2567
-2233
-2009
-1715
-1235
-735
-369
-39
436
954
1317
1665
2141
2620
2979
3201
3361
3540
3618
3487
3253
3002
2675
2232
1739
1291
875
428
30
-225
-451
-755
-993
-1074
-1122
-1172
-1129
-987
-862
-805
-700
-411
-51
159
286
484
706
870
1011
1174
1326
1347
1222
1200
1389
1480
1332
1166
1075
961
790
650
589
505
310
116
65
33
-149
-370
-582
-944
-1384
-1717
-2075
-2659
-3382
-4072
-4707
-5240
-5473
-5358
-5157
-5028
-4815
-4296
-3465
-2548
-1733
-1019
-370
190
699
1284
1957
2508
2761
2852
3063
3447
3808
3912
3719
3383
2979
2496
1946
1301
563
-264
-1125
-1798
-2129
-2267
-2447
-2678
-2749
-2585
-2350
-2169
-1959
-1647
-1339
-1114
-778
-193
480
1024
1423
1887
2519
3117
3515
3759
3893
3877
3691
3434
3219
2965
2548
1992
1462
1075
743
368
-11
-371
-694
-946
-1151
-1297
-1370
-1371
-1310
-1236
-1148
-923
-559
-248
-82
106
413
668
772
869
1055
1204
1224
1234
1351
1488
1482
1309
1121
1023
934
734
508
370
241
49
-61
16
106
4
-183
-282
-408
-691
-1042
-1407
-1890
-2588
-3366
-4018
-4609
-5204
-5552
-5511
-5288
-5076
-4803
-4267
-3465
-2652
-1956
-1267
-586
-41
414
963
1672
2337
2740
2987
3331
3773
4133
4261
4111
3785
3371
2836
2195
1500
771
12
-810
-1578
-2048
-2233
-2394
-2664
-2868
-2805
-2605
-2496
-2410
-2169
-1800
-1511
-1277
-774
23
749
1259
1746
2316
2886
3322
3566
3673
3672
3545
3352
3195
3047
2791
2393
1934
1529
1208
933
632
200
-328
-776
-1063
-1241
-1366
-1435
-1408
-1369
-1356
-1166
-739
-338
-165
-121
28
329
596
740
875
1049
1170
1192
1274
1522
1735
1667
1422
1274
1255
1165
942
706
478
221
44
27
40
-54
-264
-561
-916
-1267
-1539
-1831
-2422
-3300
-4110
-4728
-5292
-5728
-5808
-5562
-5283
-5093
-4673
-3766
-2697
-1897
-1305
-677
-21
538
1049
1700
2430
2947
3192
3408
3845
4391
4579
4305
3912
3516
2993
2303
1534
811
61
-822
-1610
-2010
-2115
-2238
-2521
-2760
-2741
-2554
-2405
-2299
-2106
-1842
-1616
-1319
-742
3
649
1145
1626
2203
2776
3135
3328
3458
3405
3197
3044
2978
2878
2629
2251
1944
1712
1372
990
715
410
-47
-526
-858
-1018
-1108
-1190
-1227
-1175
-1021
-810
-586
-333
-93
26
53
174
434
670
791
894
1050
1209
1336
1462
1580
1596
1471
1282
1104
965
819
611
364
165
104
97
39
-28
-124
-355
-694
-1083
-1460
-1852
-2477
-3353
-4208
-4888
-5385
-5697
-5789
-5596
-5275
-5041
-4668
-3873
-2889
-2107
-1575
-1051
-351
374
961
1603
2388
3020
3337
3550
3920
4410
4626
4347
3860
3425
2948
2276
1501
822
186
-598
-1352
-1735
-1806
-1935
-2294
-2641
-2712
-2612
-2590
-2594
-2405
-2056
-1775
-1484
-894
-39
715
1187
1590
2096
2610
2991
3186
3212
3133
2974
2808
2742
2748
2667
2373
1926
1571
1373
1117
706
239
-246
-711
-1021
-1104
-1070
-1069
-1092
-1022
-837
-570
-202
159
309
310
339
448
660
870
935
941
1001
1081
1208
1406
1536
1449
1183
968
942
933
793
602
395
167
60
116
132
-45
-300
-504
-745
-1069
-1358
-1640
-2154
-2979
-3860
-4537
-5074
-5527
-5758
-5701
-5478
-5271
-4992
-4318
-3301
-2390
-1768
-1221
-568
129
779
1458
2182
2797
3193
3471
3861
4378
4691
4556
4132
3698
3275
2741
2076
1342
594
-145
-859
-1382
-1617
-1780
-2060
-2379
-2538
-2482
-2402
-2409
-2323
-2048
-1729
-1446
-1028
-341
405
931
1311
1760
2240
2578
2760
2882
2909
2771
2575
2481
2464
2379
2166
1896
1638
1393
1134
850
561
261
-74
-385
-564
-635
-720
-801
-785
-707
-647
-521
-244
35
143
184
347
591
768
888
1022
1089
1033
988
1057
1141
1092
925
786
708
652
625
590
519
420
280
166
80
-90
-374
-754
-1198
-1602
-1976
-2443
-3063
-3851
-4686
-5298
-5576
-5614
-5492
-5280
-5052
-4745
-4178
-3268
-2267
-1537
-1068
-536
178
917
1589
2265
2891
3274
3434
3680
4161
4519
4344
3779
3240
2763
2147
1469
900
283
-549
-1339
-1743
-1813
-1887
-2134
-2417
-2532
-2443
-2238
-1990
-1650
-1265
-993
-730
-208
521
1170
1581
1858
2140
2382
2597
2834
2929
2848
2754
2612
2378
2163
1991
1732
1281
737
351
141
-100
-395
-594
-643
-626
-633
-569
-336
-138
-130
-150
-23
206
391
468
519
640
844
1068
1207
1261
1284
1218
1048
908
876
833
648
387
248
240
237
249
276
223
116
6
-105
-187
-253
-413
-716
-1057
-1258
-1383
-1721
-2341
-3068
-3834
-4594
-5148
-5357
-5298
-5194
-5161
-5008
-4464
-3580
-2666
-1920
-1305
-725
-214
288
1004
1865
2496
2786
2976
3316
3834
4267
4297
3959
3504
3017
2497
2010
1560
1019
283
-521
-1065
-1274
-1444
-1755
-2085
-2287
-2327
-2288
-2187
-1904
-1484
-1160
-938
-518
188
932
1433
1718
1987
2242
2412
2501
2646
2727
2664
2510
2313
2209
2064
1849
1423
890
481
189
53
-129
-288
-431
-501
-457
-415
-287
-131
-19
-150
-250
-100
197
431
425
511
709
947
1120
1243
1453
1479
1210
787
540
575
638
538
346
286
298
321
380
416
371
99
-279
-650
-961
-1199
-1539
-1931
-2460
-3023
-3581
-4194
-4724
-5091
-5110
-5025
-4960
-4896
-4680
-4124
-3401
-2621
-1935
-1252
-647
-125
532
1304
2141
2720
3004
3223
3491
3794
3972
3890
3521
3000
2456
1914
1359
850
380
-186
-850
-1393
-1647
-1747
-1939
-2229
-2408
-2362
-2189
-1973
-1649
-1179
-694
-307
113
729
1432
1974
2305
2547
2746
2853
2878
2875
2860
2802
2645
2383
2096
1855
1592
1204
716
241
-130
-384
-575
-753
-887
-909
-846
-774
-658
-422
-164
-80
-116
7
359
691
837
919
1073
1237
1347
1436
1520
1510
1317
1009
764
653
562
373
172
103
124
137
169
232
224
77
-131
-360
-652
-968
-1286
-1711
-2264
-2896
-3549
-4180
-4824
-5312
-5367
-5084
-4758
-4535
-4345
-3951
-3300
-2600
-1965
-1377
-860
-425
71
821
1746
2543
3057
3364
3626
3952
4240
4219
3792
3175
2567
1946
1325
816
364
-229
-941
-1515
-1810
-1956
-2117
-2307
-2448
-2481
-2387
-2151
-1735
-1170
-603
-144
280
802
1406
1959
2373
2657
2857
3029
3227
3427
3509
3464
3381
3217
2835
2334
1917
1509
919
208
-401
-821
-1111
-1346
-1497
-1466
-1294
-1170
-1101
-891
-535
-279
-218
-154
94
428
665
819
1028
1267
1384
1371
1378
1424
1349
1102
848
689
574
440
293
172
112
85
-9
-171
-263
-255
-295
-471
-674
-811
-946
-1176
-1480
-1823
-2291
-2991
-3867
-4697
-5239
-5375
-5196
-4930
-4724
-4532
-4204
-3647
-2876
-2055
-1423
-1053
-721
-149
705
1676
2570
3217
3559
3737
3935
4169
4284
4136
3681
3026
2357
1808
1417
1066
576
-108
-825
-1411
-1844
-2169
-2418
-2623
-2847
-2938
-2789
-2334
-1690
-1105
-542
-36
428
860
1367
2006
2469
2658
2711
2849
3068
3230
3262
3268
3215
2906
2525
2154
1822
1460
986
560
194
-71
-240
-307
-353
-506
-680
-756
-716
-613
-475
-356
-314
-262
-58
234
420
473
518
607
715
790
797
735
643
520
375
324
421
524
463
328
259
219
116
-60
-201
-394
-691
-1042
-1348
-1612
-2043
-2634
-3415
-4158
-4773
-5180
-5099
-4779
-4442
-4293
-4262
-4058
-3551
-2762
-1977
-1369
-1028
-733
-136
803
1855
2670
3154
3469
3749
3983
4178
4307
4185
3735
3126
2565
2061
1565
1114
675
112
-577
-1261
-1846
-2284
-2571
-2766
-2959
-3145
-3159
-2897
-2446
-1900
-1355
-878
-426
35
534
1137
1773
2280
2649
2940
3193
3385
3494
3514
3434
3231
2900
2513
2126
1798
1457
1050
681
351
85
-176
-340
-411
-504
-596
-670
-637
-583
-513
-396
-202
53
273
487
629
722
766
826
899
861
744
583
504
456
396
349
285
237
178
150
140
91
-6
-147
-344
-629
-954
-1245
-1492
-1793
-2226
-2718
-3328
-3973
-4460
-4663
-4463
-4054
-3666
-3410
-3329
-3331
-3172
-2693
-2090
-1525
-1158
-944
-605
-45
727
1546
2266
2789
3053
3153
3183
3214
3214
3115
2907
2614
2255
1827
1420
1020
613
275
-41
-393
-860
-1337
-1722
-1960
-1981
-1932
-1870
-1802
-1662
-1419
-1117
-775
-477
-170
173
514
859
1219
1555
1793
1970
2143
2289
2349
2327
2278
2183
1968
1669
1447
1348
1248
1087
937
805
664
525
413
394
459
448
286
69
-108
-203
-247
-292
-290
-278
-369
-508
-620
-718
-791
-914
-1081
-1122
-1001
-837
-717
-605
-429
-256
-148
-30
92
157
170
161
228
409
572
638
688
732
772
761
594
383
179
-35
-184
-288
-361
-476
-673
-899
-1143
-1330
-1533
-1768
-1981
-2158
-2234
-2258
-2183
-2046
-1901
-1688
-1469
-1288
-1183
-1063
-865
-642
-439
-255
-65
132
346
540
693
818
856
752
571
392
249
164
73
-50
-138
-186
-196
-120
-12
60
112
175
268
427
632
793
873
953
1114
1268
1370
1434
1525
1597
1541
1450
1377
1394
1385
1262
1125
1010
912
783
705
626
519
432
316
272
316
395
456
454
421
333
232
166
84
-28
-97
-119
-186
-212
-162
-116
-103
-122
-98
-101
-125
-169
-279
-373
-469
-518
-517
-438
-324
-293
-291
-287
-271
-298
-353
-411
-478
-504
-477
-432
-378
-317
-288
-269
-301
-379
-494
-628
-780
-1000
-1149
-1204
-1220
-1190
-1141
-1055
-970
-891
-826
-783
-719
-650
-600
-572
-534
-477
-406
-304
-214
-138
-135
-230
-342
-458
-531
-594
-641
-629
-621
-616
-626
-572
-403
-217
-83
5
110
267
474
684
875
1058
1227
1350
1417
1494
1598
1629
1557
1490
1456
1388
1310
1248
1187
1131
1046
913
802
711
614
532
472
425
414
459
552
632
696
768
778
736
690
616
546
513
459
387
366
339
258
170
95
-10
-176
-370
-537
-686
-820
-914
-966
-961
-922
-882
-829
-788
-782
-789
-812
-819
-762
-683
-611
-553
-515
-468
-397
-330
-301
-325
-374
-425
-482
-557
-620
-635
-621
-625
-640
-617
-546
-470
-420
-390
-361
-325
-254
-147
-53
-25
-34
-43
-66
-153
-291
-401
-488
-593
-689
-713
-669
-642
-683
-718
-692
-657
-571
-498
-413
-314
-281
-130
87
324
576
748
910
1043
1134
1200
1270
1294
1273
1273
1237
1178
1156
1177
1169
1099
1038
1002
943
861
750
620
555
529
546
590
656
722
751
782
728
671
610
470
386
287
172
49
-92
-219
-432
-550
-503
-319
12
260
283
-20
-443
-772
-917
-728
-427
-196
-167
-331
-569
-833
-875
-804
-713
-573
-548
-582
-713
-826
-826
-793
-682
-688
-809
-944
-1086
-1175
-1192
-1048
-908
-819
-742
-736
-686
-653
-597
-502
-420
-245
-82
95
264
430
575
570
536
477
414
299
180
101
-48
-98
-131
-177
-171
-228
-275
-327
-360
-328
-275
-183
-126
-65
-17
6
133
321
556
742
795
775
756
809
942
1115
1260
1318
1261
1133
1015
972
1008
1042
971
782
560
403
400
553
845
1188
1376
1311
1016
733
663
800
1035
1131
987
631
221
-11
-46
29
19
-193
-536
-918
-1160
-1189
-1018
-760
-660
-766
-993
-1143
-1105
-942
-695
-486
-387
-428
-559
-560
-362
-69
97
16
-222
-515
-713
-735
-680
-718
-960
-1323
-1692
-1952
-2006
-1890
-1749
-1709
-1741
-1817
-1829
-1681
-1414
-1073
-814
-675
-633
-507
-187
201
635
1001
1220
1257
1200
1195
1246
1345
1351
1221
1043
867
744
706
719
662
506
292
58
-141
-232
-221
-183
-150
-131
-112
-64
21
124
240
374
505
612
701
807
961
1166
1364
1482
1495
1448
1413
1443
1509
1546
1506
1406
1303
1250
1273
1347
1390
1321
1120
858
651
568
584
605
548
416
250
79
-60
-133
-173
-253
-396
-562
-716
-843
-909
-901
-866
-860
-881
-894
-880
-859
-848
-873
-973
-1152
-1406
-1705
-1998
-2292
-2578
-2783
-2948
-3115
-3236
-3309
-3348
-3289
-3097
-2813
-2544
-2340
-2140
-1842
-1375
-770
-166
342
748
1104
1470
1881
2288
2574
2687
2694
2670
2671
2714
2742
2670
2408
1967
1482
1038
653
313
-32
-353
-610
-830
-988
-1050
-1066
-1053
-1002
-930
-839
-719
-580
-420
-215
41
304
569
850
1129
1369
1541
1650
1742
1846
1948
2034
2079
2038
1916
1784
1663
1529
1369
1179
957
741
596
535
507
454
377
313
301
331
363
375
339
255
159
99
67
26
-62
-195
-298
-376
-449
-539
-642
-700
-740
-728
-684
-668
-663
-681
-672
-650
-636
-612
-709
-898
-1133
-1469
-1824
-2171
-2479
-2710
-2911
-3078
-3227
-3366
-3451
-3396
-3190
-2935
-2698
-2523
-2392
-2204
-1822
-1246
-628
-58
346
657
1002
1373
1784
2099
2240
2249
2208
2232
2298
2340
2283
2055
1725
1416
1154
941
711
408
103
-154
-341
-451
-477
-503
-546
-607
-630
-548
-409
-180
64
332
617
869
1134
1361
1607
1830
2002
2175
2221
2179
2122
2093
2123
2097
1969
1782
1546
1280
1032
839
667
511
385
287
223
167
82
-16
-64
-65
-57
-32
5
30
3
-101
-219
-334
-461
-523
-512
-490
-467
-519
-660
-787
-820
-761
-647
-581
-648
-806
-933
-948
-922
-908
-1013
-1254
-1575
-1909
-2119
-2214
-2230
-2301
-2451
-2600
-2730
-2743
-2680
-2540
-2374
-2236
-2095
-1940
-1675
-1323
-921
-509
-153
147
405
657
927
1219
1467
1603
1665
1730
1815
1890
1940
1901
1738
1500
1269
1080
932
795
610
370
117
-90
-213
-233
-187
-141
-143
-201
-274
-296
-203
21
344
674
910
1027
1075
1151
1305
1501
1654
1708
1663
1580
1534
1552
1602
1556
1403
1198
1029
983
977
986
944
852
776
712
708
719
688
594
444
307
205
131
49
-50
-167
-302
-437
-598
-740
-882
-1031
-1137
-1225
-1265
-1284
-1299
-1272
-1248
-1179
-1136
-1166
-1246
-1359
-1459
-1561
-1627
-1651
-1693
-1715
-1743
-1751
-1738
-1734
-1724
-1728
-1697
-1643
-1602
-1511
-1355
-1170
-986
-801
-643
-496
-335
-170
36
259
458
611
721
867
1029
1190
1307
1337
1346
1315
1296
1312
1313
1275
1181
1087
985
890
832
733
614
464
309
206
117
79
69
92
167
259
363
407
438
492
538
645
771
880
955
981
1012
1057
1105
1102
1046
972
908
898
914
912
887
832
760
722
714
702
659
581
486
381
277
204
155
105
45
-22
-89
-161
-241
-331
-436
-549
-674
-804
-916
-1011
-1091
-1165
-1237
-1310
-1400
-1483
-1520
-1527
-1557
-1622
-1701
-1755
-1765
-1755
-1722
-1679
-1657
-1640
-1580
-1468
-1319
-1155
-1003
-874
-761
-642
-519
-416
-318
-211
-116
-26
68
140
218
299
366
425
464
466
456
491
595
713
794
833
807
756
748
771
794
818
823
808
800
833
902
956
954
932
941
976
1013
1023
1002
952
891
835
817
844
857
823
771
719
662
608
566
560
582
591
612
615
541
461
425
395
400
421
369
266
165
77
42
65
127
190
206
146
37
-86
-178
-219
-243
-298
-400
-544
-698
-821
-913
-1002
-1114
-1257
-1415
-1545
-1621
-1676
-1736
-1785
-1811
-1819
-1808
-1772
-1720
-1656
-1563
-1434
-1282
-1124
-967
-796
-597
-408
-254
-140
-78
-32
31
129
277
417
474
465
441
423
421
427
409
341
252
216
251
315
367
396
402
410
443
505
575
635
682
732
811
925
1056
1179
1269
1313
1314
1295
1276
1257
1243
1229
1190
1108
985
841
716
627
554
465
358
275
217
163
149
183
230
276
294
281
275
270
256
256
256
236
216
222
251
301
339
303
174
17
-117
-218
-282
-330
-400
-494
-596
-697
-802
-910
-1035
-1157
-1242
-1300
-1362
-1420
-1462
-1495
-1526
-1552
-1586
-1639
-1685
-1683
-1610
-1469
-1297
-1145
-1030
-928
-809
-677
-557
-471
-414
-368
-309
-214
-105
-29
-7
-32
-79
-109
-115
-109
-95
-74
-48
18
109
197
294
373
405
423
457
514
629
782
948
1089
1203
1303
1390
1476
1540
1569
1560
1529
1517
1534
1582
1608
1577
1500
1396
1271
1147
1028
894
778
674
594
535
465
382
267
146
66
26
-3
-24
-50
-106
-157
-175
-152
-86
-13
43
47
9
-51
-148
-241
-324
-403
-464
-518
-568
-626
-696
-792
-903
-991
-1072
-1122
-1150
-1185
-1229
-1266
-1265
-1254
-1208
-1150
-1139
-1131
-1137
-1138
-1129
-1072
-977
-884
-770
-672
-613
-570
-520
-480
-437
-378
-320
-259
-200
-156
-147
-176
-226
-277
-298
-269
-207
-155
-124
-89
-23
83
207
314
384
428
472
558
698
841
962
1056
1104
1144
1202
1253
1294
1317
1309
1297
1287
1289
1296
1273
1230
1170
1072
969
879
798
747
741
750
750
744
717
648
564
476
392
348
341
334
320
268
172
80
21
-10
-29
-59
-125
-225
-326
-397
-436
-460
-511
-571
-609
-650
-698
-750
-832
-931
-1025
-1104
-1143
-1145
-1130
-1104
-1069
-1036
-1024
-1025
-1011
-982
-946
-904
-864
-837
-807
-732
-616
-503
-414
-371
-364
-338
-269
-187
-130
-113
-97
-76
-41
25
46
-29
-143
-266
-353
-357
-323
-285
-252
-239
-227
-189
-147
-135
-125
-73
9
122
271
397
489
574
650
736
834
900
934
958
982
1038
1112
1152
1173
1170
1112
1045
1009
959
889
827
772
725
694
659
609
567
524
463
430
432
440
468
503
487
422
330
232
148
99
83
83
83
77
45
10
-31
-109
-187
-276
-365
-430
-452
-456
-481
-519
-600
-695
-782
-868
-904
-871
-803
-734
-678
-642
-633
-648
-655
-646
-630
-598
-564
-532
-498
-454
-415
-403
-402
-389
-374
-325
-243
-181
-154
-162
-201
-232
-234
-211
-174
-166
-192
-236
-279
-306
-322
-330
-333
-333
-326
-316
-300
-273
-243
-212
-161
-91
-12
32
54
77
91
138
221
308
382
445
521
580
626
677
696
699
736
785
801
818
817
779
757
762
767
772
774
755
725
703
675
627
587
543
494
465
429
383
316
242
170
96
51
23
7
13
12
-24
-69
-99
-147
-205
-247
-285
-323
-364
-401
-438
-479
-518
-525
-514
-499
-464
-449
-456
-473
-491
-477
-449
-396
-343
-322
-312
-311
-280
-245
-222
-207
-212
-227
-235
-199
-149
-125
-113
-142
-202
-243
-275
-273
-256
-246
-225
-214
-206
-210
-220
-223
-219
-195
-180
-156
-133
-138
-136
-145
-157
-162
-148
-92
-39
22
75
71
77
89
95
121
151
167
183
215
256
297
331
353
372
402
448
508
552
554
553
558
548
548
550
518
475
456
461
465
453
421
372
319
289
289
289
262
206
141
86
50
27
-10
-53
-91
-142
-174
-160
-143
-135
-95
-69
-83
-116
-164
-220
-255
-257
-231
-209
-209
-225
-250
-246
-229
-234
-228
-217
-220
-203
-161
-102
-47
-23
-24
-42
-74
-88
-70
-49
-35
-34
-37
-58
-87
-87
-80
-96
-120
-143
-179
-209
-230
-257
-278
-274
-258
-238
-220
-233
-272
-313
-341
-341
-306
-269
-234
-197
-155
-108
-65
-34
-17
-6
10
30
59
93
120
133
144
167
209
264
308
332
337
315
296
283
254
253
264
243
229
217
165
103
54
26
19
29
60
84
96
108
94
77
63
35
23
17
14
29
17
1
5
-12
-12
-1
-3
14
16
11
21
38
60
80
103
109
93
85
84
89
103
103
108
115
110
106
101
99
88
76
74
70
91
133
142
138
135
109
78
76
88
92
72
28
6
-21
-53
-62
-97
-146
-194
-231
-235
-220
-207
-217
-247
-283
-291
-277
-274
-280
-306
-341
-365
-355
-328
-327
-348
-355
-346
-328
-270
-186
-140
-117
-82
-44
-8
30
52
55
56
63
103
165
191
191
182
138
105
113
125
145
151
108
75
71
61
55
37
-4
-39
-56
-49
-23
-6
-14
-24
-16
17
47
68
98
101
95
120
144
159
167
159
140
131
142
133
130
139
121
132
170
200
247
278
264
263
279
263
270
282
257
235
214
194
170
142
116
76
44
31
40
50
46
47
20
-14
-29
-44
-60
-68
-78
-92
-113
-164
-201
-235
-274
-278
-287
-296
-292
-305
-317
-320
-324
-334
-343
-367
-388
-390
-395
-384
-365
-362
-370
-374
-359
-325
-265
-213
-181
-136
-105
-76
-50
-38
-7
22
50
83
98
101
101
104
90
98
112
106
137
174
206
241
253
261
248
227
234
226
214
238
251
259
280
280
273
268
238
200
174
160
162
174
159
129
120
87
31
-11
-31
-51
-51
-29
-36
-28
-21
-34
-21
-3
9
5
8
10
4
23
35
35
37
20
-7
-8
5
23
35
30
24
8
-15
-25
-24
-25
-17
-17
-30
-32
-32
-35
-32
-20
-18
-24
-36
-35
-26
-41
-58
-75
-89
-109
-120
-105
-100
-101
-111
-124
-146
-173
-165
-159
-161
-152
-147
-125
-114
-116
-117
-123
-121
-103
-74
-52
-25
-7
-10
-21
-33
-32
-66
-80
-75
-87
-68
-55
-34
-12
-16
-14
9
37
53
81
109
123
145
176
189
194
211
209
196
195
186
173
156
143
134
123
114
103
81
64
53
46
47
39
27
26
16
5
-1
-15
-28
-33
-40
-37
-22
-15
-8
6
15
24
44
38
14
11
8
-6
-16
-27
-31
-23
-23
-7
14
9
8
22
22
25
48
47
45
44
11
-19
-49
-70
-79
-93
-98
-112
-125
-131
-131
-116
-123
-128
-126
-155
-165
-165
-172
-176
-184
-185
-166
-133
-94
-65
-51
-44
-41
-35
-15
4
19
23
12
-4
-21
-33
-44
-55
-72
-89
-76
-60
-37
-5
14
30
31
48
71
81
102
119
119
136
169
178
194
221
209
178
161
144
131
134
135
137
136
119
106
90
58
30
12
-7
-8
8
7
9
22
16
4
6
0
1
18
18
15
14
-5
-30
-32
-35
-57
-66
-62
-63
-55
-36
-32
-29
-18
-14
-17
-7
5
15
18
12
12
14
3
8
21
11
-5
2
13
7
2
-2
-14
-24
-26
-35
-49
-62
-83
-94
-95
-102
-96
-82
-80
-75
-61
-48
-33
-19
-23
-30
-25
-27
-34
-36
-40
-46
-51
-56
-63
-61
-67
-82
-83
-73
-78
-75
-50
-45
-48
-41
-35
-35
-36
-33
-12
19
33
46
76
87
82
87
89
87
96
93
92
108
108
90
80
75
62
51
50
62
74
79
79
87
94
83
79
84
75
66
64
60
59
55
44
42
38
26
19
19
17
16
11
3
-5
-4
-8
-18
-23
-31
-47
-55
-55
-51
-46
-35
-21
-13
-18
-21
-12
-16
-28
-35
-40
-39
-35
-43
-44
-40
-54
-66
-64
-73
-78
-77
-78
-72
-69
-74
-59
-48
-57
-53
-49
-50
-38
-30
-28
-12
1
-11
-13
-2
-15
-30
-30
-33
-40
-39
-37
-33
-28
-32
-38
-41
-38
-35
-32
-23
-13
-1
7
6
18
26
14
18
38
44
56
66
66
69
69
65
65
62
64
65
67
77
93
99
97
93
84
78
77
84
104
110
98
103
109
88
83
82
64
61
64
52
53
48
25
7
-5
-15
-35
-55
-58
-62
-63
-64
-68
-58
-57
-74
-68
-53
-55
-47
-37
-44
-43
-41
-46
-38
-28
-30
-39
-48
-52
-42
-37
-41
-33
-29
-44
-45
-41
-52
-58
-58
-57
-49
-40
-31
-25
-20
-13
-10
-4
12
10
6
16
21
9
2
7
3
-2
2
-1
-6
0
-3
-8
8
12
4
6
15
19
15
10
8
1
-3
-1
10
21
25
22
22
20
14
15
17
22
27
32
33
35
37
31
22
26
33
31
31
40
44
44
37
35
45
43
37
40
39
31
27
22
16
18
10
-4
-2
-8
-22
-24
-26
-24
-25
-34
-32
-25
-29
-27
-24
-33
-43
-45
-41
-33
-31
-30
-26
-25
-23
-23
-18
-11
-10
-15
-20
-19
-14
-14
-15
-18
-20
-22
-25
-22
-16
-11
-6
-3
4
8
7
6
3
2
-1
1
5
7
2
-1
3
8
8
7
5
9
9
11
14
17
18
15
10
6
3
1
0
0
4
5
8
12
12
11
4
1
2
2
0
0
1
0
-4
-8
-6
-4
-4
-1
4
8
10
9
10
7
6
5
7
6
6
9
13
15
13
11
11
11
12
14
17
16
10
6
6
4
-2
-2
-4
-7
-11
-10
-11
-8
-10
-12
-5
-4
-10
-9
-17
-15
-11
-18
-14
-8
-13
-7
-3
-8
-7
-8
-6
-1
-2
-3
-1
-1
-4
-8
-8
-4
-8
-10
-6
-5
-1
4
6
5
4
2
-1
1
7
8
9
6
8
14
14
16
16
11
11
11
5
7
10
10
7
2
6
2
-5
0
6
1
-3
-1
1
-2
-5
-4
-4
-2
-1
-1
5
5
-3
-3
-3
-3
-3
-4
-3
-1
-3
-1
1
0
-3
1
8
6
-3
-1
9
14
11
10
15
17
12
9
12
14
10
9
10
9
4
2
5
5
0
-3
-3
-3
-5
-7
-7
-7
-10
-11
-8
-7
-9
-11
-11
-9
-6
-10
-16
-14
-14
-19
-24
-23
-23
-27
-28
-26
-27
-26
-20
-19
-21
-19
-17
-12
-5
-1
1
0
0
2
2
8
15
14
14
14
15
17
18
16
17
16
15
16
18
19
16
14
16
19
21
19
18
22
23
20
18
18
18
20
16
14
21
20
15
15
12
7
9
4
0
0
-3
-5
-5
-8
-11
-9
-15
-18
-13
-9
-8
-7
-7
-6
-4
-9
-12
-9
-7
-7
-8
-8
-6
-6
-9
-14
-12
-7
-9
-11
-4
1
0
-3
-3
-4
-8
-13
-10
-9
-8
0
2
4
10
6
4
6
0
-3
-2
-2
-1
-1
-4
-2
-2
-5
-8
-6
-1
0
-2
-2
1
-1
-5
-5
-1
-2
-6
-7
-4
-2
-2
-1
3
3
1
2
8
11
8
4
5
9
9
9
6
5
4
2
3
4
4
7
9
11
11
10
10
12
12
13
11
8
7
5
5
6
6
1
-3
-5
-4
-5
-8
-8
-6
-5
-8
-12
-10
-9
-9
-9
-8
-6
-2
-1
0
-1
-2
-4
-7
-6
-3
-1
-2
-2
-3
-1
1
1
-1
-4
-5
-4
-3
0
1
0
0
1
2
3
3
5
7
4
3
4
6
4
3
3
5
4
0
3
6
6
3
2
2
1
-3
-5
1
2
-1
-2
0
0
-2
-6
-6
-1
2
3
6
6
5
1
-1
-4
-1
-1
-3
1
5
0
-3
3
2
1
-2
2
3
-1
5
2
6
10
9
12
9
13
11
9
10
5
2
-1
-1
-1
-1
-2
-4
-9
-7
-8
-10
-4
-10
-11
-9
-11
-8
-4
-2
-5
-3
-5
-4
1
-3
-8
-8
-10
-8
-1
-3
-8
-5
0
-2
-6
-4
-3
-3
0
4
7
5
3
2
6
8
8
6
5
6
3
3
5
5
4
4
1
2
1
-2
2
4
-6
-7
0
-6
-8
-7
-10
-11
-8
-5
-2
-1
-3
-6
-5
-3
-4
-3
-2
1
2
1
0
2
3
0
1
5
2
3
7
5
6
7
4
5
12
8
6
10
9
8
10
10
13
13
8
7
9
8
10
10
5
-1
-3
-5
-6
-1
-5
-8
-7
-11
-9
-6
-11
-7
-8
-15
-10
-10
-15
-10
-6
-6
-4
-7
-5
-3
-6
-6
-6
-5
-2
0
-3
-7
3
1
-3
3
4
2
5
6
6
8
7
8
12
8
9
10
8
8
9
6
6
6
5
4
4
3
2
1
-1
-4
-6
-5
-7
-6
-6
-6
-6
-8
-9
-9
-8
-9
-6
-4
-7
-6
-7
-7
-5
-8
-7
-1
-1
-2
0
1
2
3
0
1
4
2
0
1
4
7
6
9
13
14
14
13
12
18
15
11
12
15
12
9
5
6
9
2
-1
2
2
-1
-3
-2
1
-2
-7
-7
-6
-7
-8
-10
-7
-5
-5
-8
-8
-8
-7
-10
-11
-7
-8
-10
-8
-7
-5
-4
-4
-1
2
1
1
3
4
2
2
4
4
4
2
2
5
6
5
6
10
9
8
12
10
11
10
6
7
9
4
1
2
1
2
2
-4
-3
0
-6
-8
-6
-2
-4
-4
-8
-11
-1
-4
-8
-4
-9
-4
-8
-10
-5
-11
-7
-7
-8
-5
-6
-4
-4
-5
-2
-3
-4
-1
-1
0
3
4
4
10
13
10
9
9
10
14
7
3
9
9
6
7
3
0
5
6
4
2
-3
0
2
0
2
0
-1
3
3
0
-1
1
0
-4
-3
-2
-7
-8
-3
-1
-8
-9
-2
-4
-10
-9
-9
-12
-8
-8
-9
-4
-3
-3
0
-1
-3
-1
4
1
0
7
6
6
7
3
3
8
5
2
5
6
6
5
2
3
7
4
-2
0
2
-3
-1
5
3
-1
-2
6
5
2
4
3
2
-3
-3
0
1
1
-1
0
1
-1
-4
-2
-1
-3
-4
0
4
2
2
6
8
7
6
3
3
4
4
0
2
8
6
-1
0
-1
-3
-6
-4
-3
-2
-2
-2
-4
-5
-4
-6
-5
-4
-4
-5
-2
-1
-4
-7
-4
0
-3
-10
-7
-1
1
-5
-4
2
6
3
-1
-1
2
1
1
0
1
1
2
2
0
0
0
2
4
4
4
3
6
5
1
0
4
4
1
3
6
4
-1
-2
-1
0
-2
-2
-3
-2
2
4
0
-3
-4
-6
-7
-4
0
0
-2
-2
-3
-4
-2
0
2
6
1
-3
5
2
-4
-3
-2
0
1
-4
-1
4
0
0
-1
4
4
3
5
6
7
2
1
9
6
4
3
1
0
5
0
-4
0
-3
-4
-4
-6
-7
-8
1
3
-2
-7
-5
1
-1
-4
-4
-4
0
0
-3
-3
0
5
4
7
7
3
2
6
6
3
2
3
-1
1
4
4
2
6
10
6
1
3
5
1
-2
0
6
5
0
-1
2
2
-4
-10
-7
-2
-2
-4
-4
-3
-7
-8
-7
-5
-4
-5
-7
-7
-5
-5
-6
-1
0
-6
-8
-4
1
-4
-1
1
-3
-1
1
3
1
0
2
0
5
5
4
4
2
4
5
8
8
6
4
5
8
9
8
6
8
10
7
7
8
4
5
4
6
5
-3
-1
3
-7
-3
-3
-9
-2
-3
-4
-3
-6
-3
-1
-2
-3
-2
0
-2
-5
-4
-1
-1
4
-1
-5
-2
-5
-3
2
0
-1
2
4
3
0
0
6
5
2
4
5
4
2
8
2
1
10
6
3
5
0
1
3
4
3
4
1
-4
-2
1
-2
-3
0
-8
-10
-9
-11
-4
-2
-9
-6
-4
-6
-2
-3
-1
1
-4
-2
2
-3
-1
-1
-2
1
1
-2
2
7
2
-2
2
5
5
1
4
7
6
4
4
4
5
2
2
4
2
0
-2
1
6
7
4
0
1
3
-1
1
2
1
0
-3
-4
0
1
-2
-3
-4
-6
-3
-1
1
1
1
0
-1
-2
-5
-5
-4
-2
-4
-3
-2
0
1
1
-2
-1
0
3
5
5
5
3
2
7
4
0
7
7
1
0
-4
4
6
0
3
-1
0
5
0
-2
1
2
1
4
0
-2
0
3
6
4
1
-1
0
5
5
1
1
4
2
-2
0
1
-3
-2
1
2
1
1
1
-1
0
2
-4
-5
1
-1
-3
-2
-5
-5
-3
-3
2
1
-6
-5
0
2
-3
-6
-5
-3
-2
-3
-4
2
5
0
1
-2
-1
2
-1
0
3
-1
-1
3
0
-2
-3
-3
2
5
4
1
3
3
-2
2
8
1
0
-1
2
6
-2
-3
6
2
-3
-1
4
5
2
0
4
3
1
1
2
5
5
6
5
5
4
-1
-1
-1
-2
2
9
1
-7
2
-3
-1
2
-4
-1
-5
-4
-2
0
1
1
6
0
0
6
1
-3
0
5
-2
0
-1
-2
7
0
-3
2
3
0
-5
2
-2
-4
2
0
3
6
0
0
4
2
0
-2
3
4
1
4
2
2
6
1
1
4
2
6
8
-1
-2
4
5
5
2
-3
0
3
1
-1
0
0
3
0
-4
1
6
3
2
-4
-7
1
-1
-5
-1
-1
2
2
-3
-4
2
0
-2
-2
-5
-4
3
2
-5
-2
-2
-5
-4
2
0
-5
-4
0
-3
-8
-2
-2
-4
-3
-1
0
-1
2
2
-2
1
-1
1
-1
-3
1
4
1
-2
-5
0
3
2
1
5
5
6
2
4
2
-1
4
-1
-3
1
0
4
-1
2
3
-2
5
3
-1
0
6
5
-1
0
0
-1
-2
-5
-6
-2
-1
0
-4
-1
4
0
0
2
-1
0
2
4
4
-1
-2
2
-4
-2
3
-3
-1
4
-2
-5
2
6
1
-3
-1
1
1
2
-2
-3
1
3
0
-2
1
1
-2
-1
-1
-4
-3
-1
0
-1
0
-2
-3
0
1
1
1
1
1
2
1
-1
-4
-4
-2
-1
2
-2
0
2
-2
0
-4
0
1
-3
1
-1
2
0
0
-2
3
1
-1
-1
-3
2
0
1
-1
-6
1
0
1
-2
1
3
0
-1
0
-2
-8
-6
1
0
-2
4
2
-6
-1
4
0
-3
-8
0
6
-3
-6
-3
-1
2
1
-1
-2
-3
-3
-1
1
0
-4
-2
5
4
-3
-6
3
5
0
-3
3
6
3
-2
0
6
4
-1
-1
3
0
-3
2
4
0
1
3
3
0
-1
0
-1
1
3
2
2
3
5
4
0
-2
1
3
-1
-4
1
6
2
0
4
8
3
0
0
4
3
2
-1
-3
-1
-1
-6
-8
-1
3
-1
-4
-2
0
-3
-4
-5
-1
5
2
-6
-6
1
2
-4
-4
2
3
-1
-6
-3
-2
0
-1
-3
0
2
1
-1
-2
0
5
6
1
-2
1
4
0
-2
2
5
4
2
-1
-1
1
3
0
2
6
3
1
3
4
1
1
7
5
-3
-3
3
4
0
-2
2
3
1
0
-3
-5
0
3
1
-4
-2
2
5
0
-5
-4
3
2
-4
-6
-1
2
-1
-5
-5
0
0
-4
-5
0
4
0
-3
-2
-1
-3
-3
-4
-1
2
5
3
2
3
2
-2
0
1
-1
-1
2
2
1
2
6
2
-1
1
3
1
2
3
2
5
9
3
-6
-2
4
-3
-6
1
5
4
3
4
1
2
3
2
2
4
3
2
3
6
4
0
-1
3
5
0
-2
1
-1
-3
-1
-4
-6
-2
0
0
-1
-1
-3
1
7
4
-4
-2
0
0
1
1
-2
-1
2
-1
-5
-5
1
1
1
0
-2
-1
-1
-4
-4
0
3
-3
-6
1
6
3
5
-1
-7
0
3
1
1
-1
2
7
2
-3
-3
0
0
-4
-5
2
1
-5
-2
6
5
-3
-2
5
6
3
-2
-2
3
8
8
4
2
-1
-2
-2
-2
-1
2
3
4
4
1
1
4
6
-1
-1
4
3
-4
-1
-1
-2
-3
-2
-3
0
7
2
-5
-4
2
4
0
-4
-4
1
3
0
-2
-3
-1
-1
-4
-4
0
4
4
1
0
2
2
0
-2
2
2
1
0
0
4
8
3
1
6
7
-1
-6
-3
-1
-3
-1
2
2
-1
0
5
6
1
-2
2
3
-1
-5
-3
-1
2
0
-2
0
2
-3
-4
-2
-5
-5
0
7
4
-5
-2
-4
0
2
-1
2
-2
1
1
0
2
0
0
-1
-3
2
0
-2
-4
-1
-3
-6
-4
-4
-1
1
-1
-1
3
4
6
7
4
-2
-4
0
0
-1
-1
-5
1
0
-3
-6
-3
7
0
-1
3
3
0
-1
7
8
3
1
2
7
7
2
-3
-1
5
2
-4
-6
-1
3
3
-1
-1
3
0
-4
-3
2
0
-1
0
2
0
0
0
0
7
4
-2
5
-1
-2
0
-1
-2
4
3
1
-2
-2
2
3
-3
-2
3
7
1
-6
-7
2
4
0
-4
-5
5
-1
-5
-3
1
6
-3
-3
0
4
4
-4
-5
1
6
1
-2
1
5
3
1
3
2
-1
4
6
0
-5
0
7
4
-7
-7
0
4
1
-5
-4
6
6
-4
-5
0
4
3
-3
-1
5
3
-2
-1
5
3
0
0
0
0
-2
-4
1
5
1
-2
-1
2
4
-3
-5
-4
0
1
0
-1
1
1
-1
-2
-2
-2
-4
-3
-1
1
1
-4
0
4
1
-3
-5
-1
6
6
3
2
2
-2
-2
0
1
1
-1
-1
1
1
1
0
1
5
2
3
4
2
0
-3
3
2
-2
-1
-1
3
0
-2
-1
-1
-2
0
-2
-1
0
2
5
3
-1
2
3
2
1
0
1
1
1
0
3
6
4
0
-2
-1
0
-1
-1
2
1
0
0
4
8
5
0
-1
1
1
2
1
-2
-1
1
-1
-4
-2
1
2
