-34
-35
-36
-34
-34
-31
-25
-23
-21
-18
-16
-16
-16
-12
-8
-4
1
4
8
6
4
5
11
16
17
21
27
30
30
33
30
29
27
28
33
37
37
36
38
36
33
31
30
32
29
26
24
21
14
10
4
-1
-3
-5
-7
-11
-14
-19
-26
-25
-31
-32
-26
-26
-30
-33
-39
-39
-43
-41
-38
-40
-31
-32
-33
-28
-26
-26
-24
-24
-21
-15
-13
-15
-8
-5
-5
-1
6
10
9
15
18
18
24
25
24
25
29
33
29
30
30
28
30
26
23
26
22
22
21
19
20
17
14
11
12
11
10
12
6
3
3
0
1
2
7
10
7
2
0
2
-3
-8
-9
-9
-11
-13
-16
-21
-27
-33
-41
-39
-31
-27
-25
-25
-26
-32
-37
-37
-31
-22
-20
-16
-10
-9
-10
-12
-10
-6
4
8
12
20
20
18
17
11
14
22
23
27
30
25
22
22
18
20
24
24
28
29
27
27
26
22
24
19
14
16
18
14
17
14
3
6
1
-1
2
-5
-9
-10
-17
-19
-20
-20
-25
-27
-27
-31
-26
-31
-25
-26
-35
-28
-34
-29
-27
-29
-28
-29
-22
-25
-19
-11
-18
-11
-15
-17
-6
-5
-6
1
6
4
9
9
2
8
16
9
18
30
21
23
30
27
23
32
28
20
30
24
16
25
20
12
14
18
16
14
19
14
20
28
23
17
11
8
4
9
13
11
18
20
2
-5
0
3
-1
-3
-8
-7
-2
-19
-31
-32
-37
-49
-53
-37
-25
-26
-39
-56
-53
-53
-57
-47
-25
-10
-18
-26
-24
-18
-17
-19
-9
16
27
21
21
25
18
6
-2
11
38
46
42
39
41
31
14
25
38
51
52
42
46
47
29
12
12
24
24
16
23
28
19
-4
-19
-12
-5
-6
-11
-5
-8
-33
-49
-51
-37
-31
-32
-34
-21
-21
-39
-48
-34
-33
-42
-23
-25
-11
-6
-35
-36
-21
-12
-27
-15
15
-9
4
-24
-28
15
-6
-14
19
91
44
12
37
14
49
55
35
156
181
140
130
132
169
111
119
155
192
176
99
97
140
135
78
-2
104
227
137
132
126
199
266
255
34
-41
109
79
156
271
299
315
182
-106
-231
-58
96
2
-3
-63
-187
-358
-572
-699
-777
-863
-1073
-1066
-737
-593
-758
-952
-1212
-1242
-1168
-1042
-705
-344
-200
-458
-607
-504
-353
-81
89
321
625
796
805
690
749
707
623
712
1005
1386
1516
1449
1223
985
882
822
1062
1373
1470
1356
1007
851
688
614
510
382
554
457
249
129
-52
-255
-576
-711
-754
-623
-389
-622
-813
-949
-1155
-1345
-1318
-1060
-1031
-1116
-1230
-1289
-1217
-1080
-997
-977
-663
-512
-534
-427
-296
-233
-352
-219
-34
121
363
385
-33
197
255
100
348
484
620
393
326
153
442
585
398
385
508
567
556
634
499
486
517
461
140
561
772
438
177
201
235
71
228
244
251
407
249
116
655
920
743
-128
-354
251
654
629
352
551
556
-24
-748
-641
115
365
-73
-465
-449
-21
-384
-1333
-1522
-1202
-1244
-1595
-1367
-751
-597
-1266
-2165
-2199
-1439
-928
-762
-504
-116
-298
-856
-1000
-480
343
643
535
667
999
1043
786
674
911
1213
1335
1358
1688
1927
1582
998
698
833
1177
1427
1449
1438
1196
731
387
447
893
1060
843
618
240
-115
-351
-548
-487
-314
-337
-640
-966
-1153
-1357
-1485
-1506
-1402
-1186
-1162
-1273
-1487
-1662
-1760
-1771
-1539
-1184
-860
-672
-689
-869
-810
-694
-505
-64
82
425
744
495
233
267
587
645
869
1225
1012
894
894
534
351
662
727
622
587
643
600
230
175
263
316
258
277
468
439
289
120
-139
-60
396
414
286
167
91
-34
-227
77
337
861
1133
1042
331
-774
-547
271
1090
1071
804
663
235
-405
-1220
-921
207
730
318
-431
-401
-254
-1054
-2021
-2168
-1365
-962
-1168
-1350
-1175
-1077
-1942
-2781
-2333
-948
27
-216
-689
-644
-758
-994
-966
-70
1151
1484
901
385
637
906
943
922
1259
1960
2166
1768
1438
1402
1436
1152
971
1467
2000
1938
1222
533
397
664
847
1076
1364
1140
611
-188
-626
-401
-222
-173
-349
-411
-524
-1065
-1688
-1889
-1591
-1384
-1317
-1385
-1473
-1492
-1763
-2031
-1996
-1609
-1290
-1220
-1183
-1190
-1055
-983
-958
-653
-229
147
242
143
375
580
558
545
567
985
1188
1301
1061
691
952
844
877
879
1044
1106
691
498
406
498
617
541
395
403
229
311
197
65
230
47
-68
53
96
192
-93
-305
-421
-146
1175
1645
1487
-449
-1767
-975
574
1988
1509
936
482
-143
-1225
-1824
-196
1659
1555
-297
-1691
-930
-135
-665
-1860
-2039
-1117
-991
-1554
-1726
-997
-848
-2341
-3553
-2550
-166
850
-349
-1626
-1551
-821
-725
-600
529
1661
1517
47
-547
722
1975
1866
943
866
1935
2353
1741
1245
1625
2015
1586
1147
1552
2436
2152
810
52
475
1532
1774
1183
1000
867
494
-298
-582
135
483
-77
-949
-1009
-848
-1135
-1841
-2120
-1500
-1211
-1629
-2131
-2093
-1622
-1788
-2393
-2432
-1732
-1158
-1498
-1815
-1513
-859
-660
-1046
-888
-253
216
291
202
593
1167
1059
529
415
1018
1636
1560
1102
1036
1214
988
744
625
961
1172
833
489
344
588
645
359
143
297
323
284
93
44
44
-82
-287
-285
149
291
1226
1439
1082
-165
-1555
-721
1031
2282
1428
228
-85
-1
-429
-1400
-625
1109
1623
242
-1657
-1484
-325
-452
-1885
-2533
-1395
-444
-966
-2229
-2331
-1464
-1558
-2340
-2251
-762
450
-351
-1844
-1871
-539
368
252
209
957
1606
852
-113
446
1993
2784
2001
1025
1327
1973
1842
1397
1517
2305
2494
1580
702
971
1646
1535
785
503
1118
1480
640
-245
-330
219
519
-73
-429
-524
-591
-1125
-1675
-1483
-984
-924
-1634
-2051
-1836
-1706
-2088
-2411
-2026
-1334
-1243
-1735
-2082
-1870
-1485
-1319
-1087
-563
51
-74
-696
-748
-177
494
718
708
1020
1344
1189
831
727
1161
1574
1444
1179
1312
1626
1401
797
289
476
944
977
818
585
503
123
-478
-587
-85
638
734
221
-558
-821
-887
-435
-82
485
1723
1814
881
-1591
-2443
-535
2210
3064
1193
-152
-154
241
-881
-1895
-177
2294
2504
-503
-2782
-1707
218
-56
-2338
-2705
-888
89
-1406
-3326
-2698
-977
-1118
-2660
-2624
-396
906
-673
-2900
-2396
144
1268
379
-171
942
1953
813
-517
551
2978
3750
2017
494
1264
2748
2506
1229
1254
2689
3300
1968
505
953
2091
1846
629
333
1581
2103
588
-1234
-1176
211
706
-274
-1241
-1043
-907
-1753
-2635
-2268
-1236
-1253
-2397
-3032
-2371
-1726
-2111
-2689
-2444
-1648
-1481
-1978
-1919
-1188
-656
-902
-1082
-377
556
648
117
130
868
1476
1444
1212
1595
2044
1745
1165
1085
1803
2307
1833
1104
1129
1462
1399
732
207
474
787
602
101
-60
-71
-222
-684
-940
-514
50
-59
-630
-1156
-1099
607
1634
1479
-616
-2560
-1582
821
2509
1464
258
-100
-129
-1140
-2375
-524
2327
2586
-649
-3677
-2608
321
810
-1711
-3109
-1782
-335
-1217
-2934
-2198
-70
-403
-3028
-3759
-872
2232
1356
-1971
-2831
-351
1777
1299
321
1166
2565
1821
-19
543
3189
4431
2605
358
1113
3543
4035
2157
898
1726
2788
2295
1193
1611
2500
1647
-424
-1276
428
2120
1339
-808
-1763
-1015
-781
-1742
-2534
-1944
-1009
-1454
-2586
-2953
-2393
-2367
-3145
-3299
-2226
-1062
-1417
-2585
-2960
-2292
-1506
-1304
-1051
-195
383
-63
-758
-648
423
1417
1517
1346
1403
1407
1206
938
1064
1738
2028
1818
1551
1541
1426
896
463
632
1374
1533
770
0
-229
148
249
-124
-55
225
392
-151
-778
-920
-455
1456
2336
2018
-253
-2609
-1463
1334
3277
1952
114
-189
425
-331
-2392
-1319
1852
2939
61
-3718
-3303
-163
623
-2277
-4299
-2685
-638
-1472
-4041
-3934
-1395
-1042
-3486
-4564
-1718
1730
729
-3155
-3854
-394
2406
1521
-296
641
2979
2427
-117
278
3845
6181
4149
806
1184
4225
5026
2968
1778
3394
5115
3673
912
840
2747
3135
1287
-56
1170
2398
601
-2240
-2557
-491
546
-1201
-3450
-3480
-2431
-2823
-3837
-3753
-2564
-2376
-3990
-5060
-3900
-2143
-2175
-3238
-3365
-2027
-1077
-1635
-1998
-1064
171
326
-296
85
1552
2319
1483
534
984
2480
3417
2987
2273
2141
1973
1678
1494
1995
2792
2346
1044
67
414
1182
1047
225
-372
-194
-206
-363
-667
-201
-33
-106
851
1211
1255
-1101
-2533
-1045
1830
3149
1382
203
-89
39
-1532
-2626
100
3230
2952
-1104
-4102
-2774
-87
-315
-2582
-2616
-1017
-1111
-3588
-4924
-2378
424
-1110
-4512
-4639
-1173
1232
-727
-3342
-2269
398
704
-966
-715
2145
3488
768
-1801
190
4275
5446
2668
445
2001
4192
3692
2186
2577
4467
4490
2034
905
2954
4780
3190
160
-357
2158
3443
1558
-524
-527
324
-589
-2461
-2393
-612
-255
-2387
-4348
-3964
-2696
-2908
-4187
-3939
-2345
-1912
-3312
-4537
-3659
-2247
-2245
-3002
-2324
-456
233
-1040
-2242
-1187
834
1515
1095
1063
2019
2231
965
250
1648
3631
3580
1790
561
1470
2639
2085
951
1045
2059
2024
777
-193
465
1305
653
-431
-223
878
1555
1813
1124
827
-492
-1808
-618
1833
3345
2085
185
-768
-589
-1320
-2255
-211
2477
2387
-1063
-4318
-3423
-634
-390
-2483
-3203
-2104
-1926
-3624
-4558
-2224
143
-1458
-4689
-4699
-1075
1498
-264
-2784
-1859
654
921
-691
-374
2502
3847
1251
-1358
343
3882
4699
2270
549
2268
4001
2935
1393
2037
3786
3411
957
373
2715
4018
1835
-965
-837
1493
2226
511
-397
418
435
-1481
-2984
-1765
449
170
-2203
-3326
-2323
-1753
-2836
-3436
-2033
-219
-1016
-3201
-3402
-1570
-506
-1562
-2559
-1405
335
-89
-1565
-1395
320
1238
-88
-1311
-75
1760
1807
337
-300
958
1993
1308
446
1047
1948
1528
84
-318
1181
2357
1365
-82
-331
733
1270
652
135
784
2855
2944
1798
-138
-900
880
2478
2642
1737
1580
1732
1086
-1080
-2475
-407
2488
2251
-589
-2860
-2202
-658
-1777
-3915
-3641
-1687
-1510
-3834
-5486
-3753
-1263
-2192
-4764
-4615
-1579
475
-1204
-3422
-2322
241
638
-654
-245
2407
3698
1415
-751
1139
4600
5158
2704
1222
3248
4931
3370
1540
2693
5147
4547
1070
-558
2076
4195
2170
-926
-1207
962
1262
-1389
-2526
-596
694
-1197
-3995
-3745
-1304
-669
-2664
-3629
-2124
-1197
-2436
-4056
-3034
-427
-25
-1582
-2213
-795
356
-345
-1385
-475
1291
1249
52
-262
874
1645
552
-389
432
1596
1503
337
-34
676
636
-414
-714
518
1554
816
-860
-1281
-34
450
-88
-174
470
1279
296
-973
741
3138
3941
1496
-1136
-271
2073
3066
1888
2000
3062
2571
-256
-2767
-753
2778
2658
-386
-2269
-604
1067
-978
-3961
-4007
-1713
-1459
-3265
-3417
-1091
115
-3147
-6766
-5573
-1047
1711
333
-1586
-1269
-1014
-2406
-3151
-146
4226
4870
1298
-1708
-548
2079
2532
1718
2386
4386
4450
1654
-4
1424
3679
3403
1337
1219
2964
3424
954
-1380
-768
1117
1302
-281
-857
-4
-165
-2169
-3571
-2429
-644
-835
-2468
-2977
-1905
-1632
-2744
-3180
-1772
-235
-781
-2247
-2000
-122
848
-69
-1052
-307
1072
1271
564
627
1500
1565
500
-295
472
1674
1494
280
-235
332
870
342
-706
-784
-313
-112
-246
-476
-287
-321
-856
-1367
-999
-186
1114
2347
2343
1500
-397
-1232
98
2070
3243
3206
2777
2335
1059
-987
-1739
395
2890
2994
746
-1467
-1101
-514
-1579
-2908
-2514
-912
-784
-2651
-3665
-2105
-657
-1754
-3735
-3571
-1170
444
-454
-1280
-300
601
-137
-1421
-557
2436
3714
2021
133
625
2554
2928
1365
527
1854
2967
2525
1559
1761
2764
1883
-421
-1311
322
2469
2533
776
-676
-1044
-1434
-1927
-1460
-150
693
-304
-2209
-2914
-2606
-2218
-2055
-1748
-1107
-1088
-1868
-2335
-1721
-962
-991
-1263
-814
452
982
331
-123
129
678
801
719
1211
2035
2129
1285
358
220
920
1279
796
230
293
370
289
-192
-685
-522
-530
-456
-335
-407
-367
-450
-565
-675
-824
-818
-608
115
926
1730
1837
453
-1267
-1949
-508
1718
2680
2290
1425
595
-670
-1839
-1345
741
2581
2221
398
-654
-495
-350
-1106
-1729
-1306
-345
1
-352
-389
-112
-477
-1577
-2308
-1569
127
1234
1253
707
23
-579
-747
-141
996
1686
1361
638
446
771
1048
892
479
147
-199
-360
138
1288
1957
1309
-253
-1516
-1634
-1051
-232
675
1279
925
-316
-1525
-1806
-1159
-489
-157
159
247
-124
-752
-1064
-645
-203
-465
-974
-814
-65
513
295
-264
-275
-21
-25
25
386
815
696
-82
-417
191
772
594
64
-166
133
100
-511
-574
173
796
434
-764
-1389
-772
-118
-44
-76
149
449
-58
-1304
-1695
-787
340
671
88
-379
-197
-86
-354
-405
-51
317
282
-11
266
978
1010
255
-444
-263
691
1334
1220
1015
1024
934
679
517
901
1577
1500
669
88
325
1176
1644
1105
179
-532
-822
-504
187
774
855
67
-1066
-1553
-1338
-766
-255
-286
-670
-1188
-1667
-1461
-703
-212
-389
-1130
-1749
-1591
-1023
-550
-239
-386
-942
-1426
-1534
-1002
-291
-187
-431
-574
-612
-572
-472
-136
415
507
6
-230
288
1088
1373
877
356
511
946
1193
1303
1428
1605
1560
1239
1249
1711
1934
1604
1094
994
1421
1682
1461
1257
1125
769
210
-159
211
899
810
-107
-995
-1242
-948
-793
-923
-845
-716
-1141
-1986
-2490
-2058
-1198
-1115
-1807
-2270
-2094
-1638
-1466
-1549
-1378
-1157
-1350
-1661
-1509
-857
-294
-376
-667
-465
-5
196
106
143
578
977
982
1045
1518
2066
2100
1526
1029
1123
1529
1904
2223
2437
2268
1445
401
25
511
1227
1509
1227
736
310
-36
-238
-202
-29
80
-17
-304
-491
-426
-321
-391
-667
-943
-970
-871
-910
-1025
-1091
-1032
-894
-985
-1303
-1485
-1352
-1021
-886
-1131
-1271
-1016
-738
-787
-1044
-1003
-456
-20
-183
-533
-400
233
636
437
251
611
1079
1060
814
1025
1610
1755
1334
1093
1447
1908
1853
1516
1492
1673
1524
1022
829
1309
1672
1057
68
-90
539
770
39
-738
-582
-116
-458
-1312
-1513
-824
-451
-1232
-2157
-2045
-1386
-1278
-1791
-2037
-1593
-1272
-1735
-2268
-2048
-1361
-1085
-1506
-1756
-1232
-696
-781
-1034
-789
3
584
482
321
571
846
809
684
1067
2038
2649
2331
1738
1589
1952
2397
2446
2219
2062
1908
1695
1566
1575
1631
1414
771
93
-320
-441
-208
109
125
-155
-602
-1072
-1455
-1798
-1866
-1462
-930
-575
-568
-1059
-1677
-1998
-1950
-1566
-1149
-906
-630
-514
-754
-913
-960
-1133
-1274
-1241
-726
190
624
415
8
-532
-813
-497
224
1055
1330
856
490
632
939
1198
1334
1374
1235
806
559
980
1716
2039
1597
795
316
302
493
722
1017
1259
1092
470
-188
-450
-105
469
468
-34
-286
-300
-548
-1029
-1311
-1078
-728
-828
-1041
-1007
-999
-1150
-1523
-1955
-1938
-1470
-1086
-1067
-1251
-1396
-1389
-1256
-1013
-665
-426
-429
-548
-532
26
1139
2084
2170
1409
401
-68
385
1488
2659
3350
3252
2368
1008
41
280
1305
1906
1586
980
877
1101
808
-109
-920
-1312
-1612
-1981
-1882
-743
668
875
-328
-1872
-2700
-2577
-1943
-1048
79
937
883
-7
-935
-1126
-721
-503
-586
-394
300
1107
1389
918
70
-816
-1522
-1588
-705
803
1974
1814
414
-1057
-1607
-1073
-38
755
985
643
48
-115
351
884
885
209
-636
-948
-519
458
1485
1858
1315
298
-512
-646
-102
672
1298
1511
1184
684
331
123
-51
-253
-330
-189
86
340
432
300
-238
-993
-1452
-1470
-1088
-581
-366
-584
-1147
-1739
-1806
-1384
-1175
-1247
-1320
-1326
-1111
-768
-174
855
1777
2123
1683
603
-363
-455
604
2325
3731
3868
2554
646
-798
-987
-200
575
905
734
329
-125
-665
-1057
-1341
-1933
-2995
-3859
-3490
-1882
-139
548
166
-676
-1774
-2675
-2576
-1017
1299
2704
2647
1981
1497
1295
1087
1067
1484
2009
2203
2231
2708
3402
3362
2027
10
-1181
-1014
-62
912
1582
1776
1021
-764
-2567
-2962
-2038
-1168
-1176
-1591
-1399
-861
-965
-1764
-2457
-2560
-2566
-2632
-2101
-556
1071
1439
572
-481
-927
-836
-552
102
1091
1809
1895
1402
1016
845
462
-8
-213
261
1094
1542
1492
901
155
-565
-1098
-1223
-941
-226
267
357
-22
-640
-802
-1051
-906
271
1934
3715
3695
2064
264
-720
-236
709
1773
2287
1818
665
-772
-1169
-1042
-1146
-1469
-2020
-1815
-1402
-1287
-1353
-2103
-3230
-4785
-5839
-5225
-3295
-872
451
404
-462
-1604
-1940
-1388
70
1889
2904
3099
2695
2635
3411
4217
4441
3763
2855
2519
2849
3721
4447
4564
3534
1526
-269
-959
-173
1032
1496
1010
-311
-1628
-2503
-2768
-2510
-2349
-2335
-2389
-2202
-1770
-1429
-1265
-1656
-2376
-2945
-2841
-1682
-293
735
1071
586
-183
-960
-1097
-476
257
642
433
136
-17
-141
-179
-368
-527
-753
-1019
-857
-384
173
367
53
-559
-1080
-1219
-892
74
885
1722
2780
3697
4407
3612
2133
1129
1072
2230
3329
4150
4068
2758
816
-1158
-1842
-1746
-1468
-1314
-1562
-1557
-1890
-2597
-3446
-4637
-5626
-6606
-6935
-6102
-4429
-2398
-1433
-1615
-2247
-2458
-1511
-147
1206
2152
2319
2232
2312
3366
5115
6287
6136
4940
4144
4211
4655
4821
4330
3599
2449
1228
830
1376
2410
2383
825
-1259
-2969
-3553
-3369
-2808
-2183
-2011
-2145
-2421
-2385
-1998
-1744
-1704
-1962
-2004
-1598
-868
202
1113
1671
1421
496
-218
-302
236
442
52
-401
-645
-442
-264
-66
81
-472
-1691
-3114
-3665
-2968
-1951
-1397
-1257
-1172
-1152
-1174
-1282
-191
2115
4012
4704
3270
1727
1361
1935
3350
4161
4564
4150
2771
1324
177
11
-166
-750
-1305
-1610
-1290
-1263
-1537
-1824
-2676
-4113
-6211
-7429
-6631
-4594
-2517
-1690
-1547
-1253
-756
122
813
1185
1038
353
495
1846
4214
6180
6645
6119
5030
4091
3276
2675
2699
2705
2394
1517
718
780
1155
1222
438
-966
-2471
-3848
-4548
-4305
-3377
-2637
-2592
-2679
-2312
-1386
-739
-872
-1283
-1528
-1182
-339
750
2147
3173
3482
2998
2183
1853
1868
1780
1078
72
-496
-563
-191
215
523
426
-593
-2057
-3170
-3364
-2956
-2771
-2532
-2004
-1385
-983
-1352
-591
1126
2939
3610
1918
835
790
1824
3158
2976
2812
2116
1256
635
-296
-734
-1921
-3368
-4220
-4045
-2488
-1346
-1092
-1769
-3412
-5040
-6523
-6612
-5242
-3441
-2015
-1480
-570
767
2089
2921
2741
2563
2363
2350
3302
4718
6484
7432
7229
6875
6486
6098
5167
3804
2760
1849
1105
577
568
1146
1067
42
-1469
-2881
-3463
-3889
-4304
-4599
-4920
-4735
-4147
-3089
-2076
-1818
-2275
-3008
-2932
-2088
-1060
-211
188
794
1452
1657
1474
1154
1172
1257
703
-375
-1144
-1104
-458
19
-66
-529
-1074
-1371
-1196
-600
-231
-395
-799
-1150
-520
309
1514
3486
4566
5386
4648
3589
3937
3860
3847
2808
1763
1918
1687
1206
-216
-1343
-1909
-2756
-3311
-4335
-4822
-4901
-5299
-5178
-5513
-6015
-6428
-6721
-6145
-5370
-4499
-3771
-2615
-870
551
1639
1803
1781
2379
2766
3531
4364
5141
6010
5988
5754
5766
6242
6643
6058
4848
3345
2467
2037
1613
1295
678
119
-345
-612
-680
-751
-1059
-1952
-2944
-3812
-3906
-3080
-2114
-1044
-378
-22
280
435
873
1268
1232
737
-4
-289
-274
-230
-235
-369
-638
-1266
-2049
-2555
-2619
-2684
-3087
-3582
-3996
-3872
-3411
-3128
-2711
-2162
-1535
-590
-49
434
2135
3347
4537
4671
3887
4844
5349
5574
5099
3832
3811
3150
1895
261
-1095
-1401
-2337
-3132
-3803
-3582
-2512
-2633
-3231
-4454
-5887
-6727
-7289
-6794
-5674
-4260
-3081
-1746
136
1461
2598
2815
2535
2757
2385
2348
3019
3948
5265
5698
5460
5480
5805
5963
5188
3798
2185
994
195
-659
-768
-405
-35
193
-454
-1293
-1722
-2029
-2311
-2962
-3796
-3991
-3201
-1851
-521
534
1094
1467
1675
1628
1593
1397
1082
879
834
844
642
306
-203
-533
-648
-919
-1003
-1492
-2231
-2859
-3461
-3337
-3057
-2902
-2827
-2639
-2277
-1482
-584
325
2429
3623
4361
4250
3157
3963
4137
3936
3660
2719
3141
2673
1486
249
-828
-1408
-3090
-4606
-5502
-5174
-4119
-4152
-4235
-4621
-5164
-5504
-5898
-5581
-5190
-4747
-4228
-2961
-756
885
2183
3058
3919
5098
5006
4240
3625
3382
3780
3956
4262
5011
5827
5999
5230
4458
3492
2641
1546
211
-65
-440
-795
-1086
-1374
-620
-211
-402
-1015
-1683
-1659
-1654
-1615
-1656
-1268
-437
281
1225
1841
2318
2267
1474
793
112
-254
-685
-1369
-1720
-2132
-2234
-2250
-2379
-1997
-2153
-2560
-2853
-3380
-3428
-3879
-4303
-4049
-3189
-1821
-634
1648
3713
5497
6204
4877
4812
4455
3996
3677
2272
2175
1925
1497
1260
922
885
-533
-2089
-3500
-3921
-3233
-3605
-4051
-4795
-5652
-5836
-5811
-5143
-4335
-3734
-3502
-2911
-1426
53
1752
2730
2818
2810
2186
2077
2713
3263
3727
3473
3003
2972
3250
3571
3643
3368
2625
1859
939
232
1
-287
-155
-277
-503
-254
55
736
802
140
-462
-788
-507
-255
23
600
1462
2305
2512
2652
2716
2732
2476
1357
142
-1365
-2834
-3484
-3595
-2987
-2522
-2490
-2301
-2078
-1774
-1889
-2479
-3100
-3578
-4109
-4275
-3891
-2359
620
2783
4397
5082
5375
6570
6133
4786
2811
1105
667
-309
-979
-1491
-1163
-683
-1321
-1479
-1574
-1309
-1724
-3217
-4300
-5192
-5752
-6415
-6233
-5154
-4057
-2770
-2065
-456
1557
2510
3193
2978
2842
2860
2169
1894
1820
2050
2237
2247
2826
3288
3587
3135
2307
1805
757
-321
-1250
-1517
-1170
-1060
-984
-766
95
809
1091
1084
648
630
575
764
1329
1615
2070
2303
2504
2914
3193
3573
3582
3038
2127
981
-81
-1136
-2174
-3046
-3609
-4002
-4142
-3980
-3763
-3347
-3184
-3431
-3494
-3514
-3573
-3373
-3377
-2633
-526
1113
2523
3286
3708
5223
5772
5450
4789
4025
3780
2522
717
-1062
-2145
-2675
-3697
-3872
-3250
-2031
-1102
-1246
-1486
-2087
-3087
-4572
-5618
-5699
-5384
-4561
-3524
-1600
608
2221
3677
4913
6035
6091
5051
3889
2725
1857
772
-25
288
887
1385
1480
1503
1595
1098
153
-1080
-1875
-2741
-4131
-4618
-4479
-3420
-2060
-1433
-128
1151
1930
2422
2494
2832
2941
2697
2457
2908
3851
4451
4949
4932
5001
5061
4264
3180
1485
-342
-1819
-3371
-4322
-4746
-4870
-4611
-4275
-3818
-3414
-3085
-2962
-3011
-3220
-3636
-2955
-1794
-735
438
1115
2575
4044
4599
4894
4715
4915
4205
2177
153
-1785
-2785
-3922
-4863
-4256
-3181
-2144
-1931
-2018
-1788
-2098
-3209
-4678
-5125
-5017
-4866
-4252
-3109
-561
1775
3135
4689
6011
7088
6946
5908
5396
4903
4177
2916
2177
2379
2401
2218
1644
1512
1308
62
-1186
-2311
-2916
-3838
-5202
-5608
-5347
-4471
-4043
-3699
-2704
-1924
-1037
-619
197
1499
2113
2783
3156
3775
4505
4660
4987
5256
5520
5279
4624
3956
2934
1982
504
-818
-1661
-2891
-3713
-4438
-4709
-4489
-4599
-4556
-4306
-3527
-2870
-1884
-509
85
675
492
783
1993
2391
2768
2823
3488
4074
3445
2735
1620
1008
-413
-2687
-3784
-4362
-4090
-4203
-4506
-3895
-3571
-3545
-4281
-4583
-4239
-4462
-4622
-4810
-3863
-2287
-1162
572
2642
4836
6129
6412
6965
7483
7557
6520
5246
4778
4167
3392
2572
2541
3221
2838
1898
1052
646
151
-1586
-3270
-4400
-5060
-5690
-6590
-6435
-5437
-4101
-3147
-2420
-976
176
1055
1451
1605
2245
2224
2019
2213
2838
3795
4150
4054
3904
3954
3555
2576
1629
544
-205
-1276
-2667
-3334
-3631
-3625
-3606
-3618
-3245
-2106
-647
109
455
493
727
1168
848
318
234
774
1117
801
591
582
835
308
-938
-1274
-1212
-1232
-1728
-2571
-2708
-2838
-3409
-4028
-4058
-3590
-3655
-3908
-3786
-2877
-1708
-1249
-539
771
2005
2565
2523
2890
3642
4160
4053
4031
4685
5033
4862
4290
3919
3951
3354
2506
1960
1929
1772
834
-93
-827
-1150
-1565
-2415
-2941
-3507
-4016
-4167
-3854
-2811
-1695
-999
-584
57
807
1339
1574
1438
1489
1425
957
619
497
666
888
794
616
732
940
936
708
251
-383
-1157
-1966
-2556
-2267
-1285
-509
145
685
1390
2311
2460
1972
1456
859
-94
-1390
-2336
-2720
-2782
-3100
-3473
-2734
-1672
-996
-670
-543
52
-68
-1318
-2617
-3252
-3205
-3616
-4017
-3437
-1960
-334
345
1014
2215
3069
3024
2164
1678
1702
1512
929
538
1055
1625
1860
2137
2657
3387
3299
2672
2377
2328
2170
1352
610
420
308
167
-226
-388
-372
-686
-825
-634
-227
41
-35
17
334
693
755
751
911
891
639
37
-545
-835
-1219
-1533
-1715
-1622
-1218
-865
-541
-449
-386
-343
-511
-546
-756
-631
28
365
643
906
1358
2173
2548
2383
2082
1864
1285
241
-702
-1579
-2382
-3637
-5136
-5470
-4838
-3976
-3277
-2575
-1515
-775
-813
-1429
-1671
-1573
-2069
-2685
-3002
-2646
-1869
-1267
-81
1765
3436
4167
4252
4586
4814
4314
2917
1561
1044
566
-168
-584
-175
766
1381
1546
1837
2440
2532
1983
1319
755
471
-119
-872
-1164
-1313
-1299
-1095
-594
392
1254
1695
2009
2335
2505
2314
1862
1466
1225
722
-78
-726
-1100
-1295
-1542
-1834
-1899
-1741
-1462
-1245
-1131
-1092
-1314
-1498
-1431
-1145
-477
163
567
968
1330
1696
1918
1860
1711
1711
1759
1322
640
87
-501
-1172
-2394
-3726
-4297
-4484
-4544
-4488
-4036
-3121
-2337
-1857
-1563
-1028
-763
-1282
-1757
-2016
-1928
-1725
-1730
-976
377
1480
2286
3088
4217
5157
5107
4267
3528
2969
1990
691
-262
-451
-312
-411
-443
94
917
1373
1362
1276
1327
1109
467
-89
-405
-621
-1054
-1499
-1165
-316
513
1064
1469
2361
3321
3746
3695
3322
2911
2216
1078
18
-710
-1267
-1920
-2631
-2924
-2604
-2070
-1701
-1499
-1308
-1087
-967
-968
-763
-162
320
314
158
137
403
700
677
925
1531
1746
1382
679
178
-123
-910
-2204
-3306
-3754
-3903
-4032
-3828
-3154
-2389
-2009
-1915
-1535
-877
-692
-1070
-1406
-1438
-1319
-1333
-1104
-248
680
1138
1257
1735
2603
3210
3323
3207
3254
3089
2470
1805
1370
1141
573
-260
-673
-579
-263
-112
-64
207
539
605
484
414
348
83
-473
-948
-905
-482
15
505
1079
1731
2296
2628
2822
3008
3010
2682
2047
1360
741
59
-673
-1417
-1927
-2123
-2270
-2284
-2079
-1654
-1049
-566
-180
451
1217
1584
1392
983
736
783
587
26
-223
-191
-263
-583
-982
-1121
-1301
-1915
-2779
-3206
-3156
-3346
-3637
-3636
-3287
-2809
-2692
-2583
-1989
-1305
-1013
-884
-412
289
752
721
609
853
997
921
1058
1679
2518
2845
2708
2613
2695
2639
2214
1869
1598
1133
426
-297
-467
-353
-387
-474
-349
38
241
228
188
244
293
1
-315
-316
-93
107
269
646
1226
1802
2075
2200
2459
2582
2340
1730
1017
422
-137
-736
-1316
-1684
-1863
-1911
-1808
-1614
-1373
-1231
-1222
-1206
-1018
-542
56
526
842
1195
1681
2157
2446
2503
2410
1997
1080
-39
-896
-1433
-1992
-2740
-3368
-3505
-3336
-3224
-3017
-2530
-2061
-2091
-2587
-2899
-2685
-2363
-2330
-2248
-1746
-1033
-509
-122
514
1259
1609
1537
1627
2182
2734
2949
3013
3195
3265
2852
2261
1922
1773
1290
406
-284
-486
-470
-672
-956
-947
-700
-533
-538
-386
8
345
381
266
367
621
757
811
1033
1476
1860
1952
1976
2188
2355
2170
1650
1139
780
331
-338
-1010
-1453
-1772
-2117
-2437
-2537
-2380
-2237
-2134
-1872
-1268
-414
187
417
582
960
1437
1642
1585
1575
1720
1600
1038
444
150
15
-451
-1265
-1934
-2241
-2432
-2648
-2646
-2345
-2015
-1950
-1965
-1714
-1358
-1337
-1723
-2149
-2383
-2488
-2544
-2320
-1636
-769
-53
485
1198
2126
2885
3241
3275
3268
3160
2781
2235
1832
1702
1540
1170
658
275
109
-9
-112
-240
-327
-392
-383
-192
134
494
734
948
1168
1307
1296
1160
1115
1161
1255
1342
1473
1681
1770
1705
1516
1352
1167
751
112
-645
-1271
-1770
-2216
-2565
-2773
-2766
-2700
-2592
-2339
-1848
-1188
-701
-356
-19
403
700
623
423
339
423
364
111
-55
-142
-340
-868
-1381
-1513
-1400
-1337
-1401
-1248
-872
-570
-477
-428
-179
13
-148
-615
-1069
-1324
-1555
-1757
-1760
-1426
-897
-407
121
799
1543
2081
2322
2470
2602
2585
2269
1804
1439
1125
691
188
-123
-151
-145
-282
-429
-323
21
338
540
712
929
1082
1032
908
893
1038
1202
1247
1212
1152
1114
1087
1104
1180
1226
1195
1105
1080
1093
985
642
109
-473
-1110
-1795
-2448
-2899
-3120
-3285
-3399
-3276
-2707
-1867
-1159
-690
-308
147
480
516
409
369
404
267
3
-137
-74
-5
-152
-371
-491
-526
-578
-596
-415
-152
-43
-167
-341
-421
-540
-816
-1186
-1452
-1597
-1746
-1876
-1818
-1484
-1061
-717
-386
86
663
1146
1479
1772
2074
2259
2230
2087
1958
1812
1562
1254
1034
938
857
701
538
471
489
554
660
787
880
861
746
658
668
724
784
866
984
1084
1076
975
890
852
780
613
430
377
451
492
366
107
-174
-445
-767
-1177
-1602
-1973
-2298
-2553
-2625
-2407
-1981
-1571
-1325
-1212
-1123
-1034
-935
-806
-686
-692
-891
-1102
-1118
-936
-768
-759
-781
-694
-514
-351
-179
129
487
680
588
373
269
240
148
-75
-295
-434
-556
-645
-662
-569
-486
-504
-446
-136
447
1044
1459
1699
1814
1832
1699
1489
1226
889
481
94
-43
81
326
500
566
644
755
908
1049
1177
1258
1210
1064
925
954
1109
1263
1309
1260
1209
1149
1093
1027
949
789
491
142
-110
-208
-284
-436
-614
-706
-724
-820
-1001
-1212
-1430
-1718
-2046
-2195
-2073
-1812
-1660
-1621
-1497
-1219
-850
-536
-285
-149
-237
-510
-809
-953
-1017
-1116
-1225
-1208
-1005
-737
-463
-169
121
284
274
218
213
202
42
-228
-432
-506
-533
-557
-525
-421
-349
-365
-345
-155
158
418
595
804
1103
1399
1593
1708
1785
1799
1662
1375
1023
670
367
174
125
187
310
503
796
1135
1378
1466
1475
1490
1452
1266
967
703
567
502
457
465
570
727
816
788
693
568
411
188
-101
-435
-767
-1007
-1078
-966
-788
-704
-791
-1029
-1326
-1580
-1741
-1811
-1844
-1879
-1889
-1813
-1573
-1192
-755
-390
-200
-180
-279
-405
-550
-712
-867
-983
-1020
-1007
-918
-696
-342
55
343
464
488
463
404
301
135
-71
-306
-546
-746
-894
-987
-1027
-988
-808
-506
-125
288
702
1104
1423
1639
1759
1790
1749
1636
1491
1336
1144
912
677
544
558
657
787
940
1147
1390
1580
1682
1701
1652
1506
1228
875
519
226
6
-123
-131
-58
17
65
136
272
383
353
153
-120
-361
-576
-790
-1000
-1168
-1303
-1443
-1555
-1573
-1487
-1374
-1313
-1282
-1224
-1144
-1098
-1095
-1064
-968
-848
-742
-636
-492
-334
-240
-228
-222
-181
-150
-185
-248
-247
-172
-86
-25
60
182
251
183
9
-171
-317
-488
-705
-895
-1013
-1096
-1164
-1138
-924
-572
-226
37
278
563
839
1053
1231
1425
1581
1584
1446
1299
1234
1176
1022
824
716
743
820
893
1023
1251
1506
1675
1745
1769
1725
1536
1195
801
450
144
-127
-298
-312
-218
-117
1
205
474
656
643
494
303
57
-303
-717
-1062
-1309
-1543
-1792
-1959
-1973
-1896
-1814
-1700
-1491
-1237
-1063
-992
-918
-783
-674
-696
-794
-843
-813
-786
-799
-749
-546
-236
63
319
572
828
1011
1062
1017
940
827
629
346
44
-230
-485
-739
-970
-1131
-1222
-1263
-1239
-1127
-928
-667
-361
-19
310
545
660
719
781
821
783
690
632
654
707
755
817
931
1061
1155
1219
1305
1413
1460
1412
1325
1254
1185
1075
931
789
635
439
232
104
89
105
74
31
54
150
220
208
146
76
-13
-131
-234
-302
-385
-548
-755
-896
-934
-938
-969
-1015
-1057
-1109
-1170
-1184
-1113
-1023
-1022
-1091
-1111
-1018
-882
-802
-777
-735
-656
-572
-473
-324
-128
45
154
248
381
537
637
648
580
441
239
4
-203
-357
-487
-618
-723
-748
-674
-537
-375
-197
-7
168
302
404
486
550
575
566
557
565
572
548
493
445
431
453
505
582
690
808
913
1004
1099
1200
1266
1241
1112
921
721
540
386
277
219
195
161
109
64
54
76
82
32
-82
-216
-299
-293
-240
-221
-278
-365
-430
-496
-588
-695
-764
-799
-855
-936
-973
-906
-778
-694
-672
-650
-584
-506
-456
-417
-350
-275
-241
-242
-222
-165
-110
-85
-58
13
111
181
194
156
76
-51
-192
-290
-326
-362
-452
-555
-582
-500
-371
-275
-217
-166
-104
-29
99
308
545
705
737
706
693
699
644
503
322
167
87
95
189
340
488
614
739
888
1020
1057
978
845
722
606
473
339
238
162
62
-56
-113
-64
34
89
87
72
57
4
-84
-156
-191
-239
-365
-516
-587
-560
-499
-456
-412
-370
-384
-478
-577
-596
-563
-574
-644
-679
-608
-479
-367
-263
-111
58
150
131
74
56
56
31
11
45
130
208
247
282
318
293
157
-37
-186
-267
-350
-483
-603
-607
-482
-314
-174
-59
57
165
232
252
249
226
163
70
-6
-32
-35
-43
-46
-15
48
105
156
229
315
375
409
467
593
745
848
869
845
802
730
606
430
221
-6
-214
-350
-369
-293
-174
-43
102
257
373
398
307
120
-126
-388
-601
-705
-697
-635
-567
-487
-352
-168
1
79
52
-52
-193
-326
-410
-431
-408
-389
-384
-355
-268
-121
43
165
208
173
99
40
19
16
-2
-46
-99
-139
-164
-166
-149
-121
-92
-66
-41
-24
-11
21
88
168
214
210
187
184
192
172
120
43
-43
-148
-265
-349
-363
-312
-235
-156
-64
64
219
374
499
577
623
651
677
691
680
644
596
551
509
458
383
278
156
33
-80
-173
-248
-302
-324
-312
-264
-193
-129
-107
-145
-223
-309
-384
-469
-578
-679
-725
-692
-607
-502
-374
-212
-43
85
151
170
160
120
52
-16
-65
-97
-104
-62
50
199
312
364
384
388
324
166
-36
-200
-303
-377
-432
-431
-362
-263
-157
-35
111
225
254
226
211
222
217
185
165
187
200
168
117
79
35
-59
-190
-299
-369
-431
-480
-448
-300
-105
60
187
332
477
553
543
509
499
484
426
375
391
464
507
483
441
391
295
130
-51
-179
-255
-314
-350
-317
-214
-112
-75
-96
-130
-179
-285
-434
-570
-651
-680
-674
-625
-518
-382
-257
-147
-43
67
146
160
120
82
70
73
74
70
76
105
141
165
175
169
132
59
-38
-135
-221
-298
-355
-363
-313
-231
-145
-46
80
217
315
356
362
365
354
312
239
160
88
18
-42
-77
-86
-96
-110
-107
-75
-37
-30
-48
-51
-21
18
49
91
159
241
309
354
379
385
364
328
306
310
315
304
282
267
262
245
199
133
57
-26
-111
-178
-214
-225
-234
-251
-268
-284
-316
-375
-447
-518
-581
-639
-688
-709
-691
-623
-513
-377
-223
-68
76
193
264
287
272
244
208
159
107
68
69
117
195
273
321
320
277
198
103
-11
-137
-256
-339
-362
-325
-236
-107
47
192
295
352
369
348
281
170
50
-43
-92
-96
-65
-11
50
96
122
131
117
73
-1
-81
-142
-165
-150
-98
-5
114
226
306
349
369
367
339
280
202
122
55
9
-17
-25
-23
-26
-30
-28
-22
-20
-31
-52
-81
-117
-156
-179
-183
-169
-154
-152
-157
-170
-198
-243
-304
-376
-444
-481
-466
-389
-261
-115
26
152
253
313
329
299
233
149
70
14
-9
-2
25
58
86
105
110
99
74
31
-26
-85
-135
-170
-188
-184
-158
-116
-64
-9
38
65
66
37
-16
-83
-148
-197
-215
-191
-128
-38
70
179
278
343
364
347
306
252
202
168
161
181
226
278
330
373
398
395
357
288
194
79
-46
-169
-275
-354
-395
-390
-344
-268
-183
-105
-51
-27
-37
-76
-137
-201
-259
-295
-299
-266
-201
-123
-49
1
19
14
-10
-44
-77
-100
-104
-81
-33
41
127
207
262
277
256
203
131
51
-28
-93
-142
-169
-170
-139
-83
-21
30
61
69
56
20
-26
-68
-101
-121
-129
-116
-82
-37
1
18
16
-9
-57
-119
-175
-207
-210
-185
-133
-51
62
185
299
387
437
447
414
353
282
224
195
189
210
254
310
358
384
369
308
204
58
-109
-275
-422
-529
-586
-592
-546
-457
-344
-223
-121
-48
-8
-3
-25
-66
-113
-151
-166
-153
-117
-69
-6
61
117
151
161
151
128
100
73
52
45
58
75
95
113
128
135
116
75
19
-39
-91
-139
-173
-179
-156
-115
-67
-18
32
78
106
108
92
69
47
19
-19
-60
-93
-117
-132
-139
-141
-136
-126
-117
-103
-84
-58
-33
-14
-5
8
37
81
144
217
291
353
396
413
412
393
361
310
249
183
120
67
23
-12
-48
-97
-167
-251
-337
-417
-486
-537
-556
-537
-482
-392
-277
-150
-32
68
131
155
148
111
55
-6
-60
-83
-70
-16
65
156
237
296
334
353
354
331
281
205
116
30
-29
-57
-60
-55
-55
-65
-77
-89
-99
-109
-125
-143
-157
-157
-129
-76
-8
58
109
132
127
94
45
-8
-62
-116
-155
-176
-172
-141
-95
-43
-2
17
11
-12
-39
-55
-58
-45
-15
29
84
145
208
268
312
331
322
292
253
215
179
148
112
68
15
-46
-107
-162
-216
-269
-317
-356
-376
-372
-340
-289
-232
-174
-121
-74
-32
3
28
41
41
31
19
9
5
7
19
39
70
106
149
198
244
277
288
273
245
197
135
64
-9
-83
-152
-210
-247
-251
-232
-200
-159
-119
-80
-37
10
61
106
136
141
132
120
107
92
69
43
13
-15
-36
-38
-25
-12
-4
-10
-23
-36
-48
-53
-48
-38
-23
-2
19
49
83
116
143
163
172
171
163
145
126
105
73
35
-8
-54
-97
-137
-174
-203
-225
-244
-251
-248
-232
-202
-175
-148
-119
-90
-57
-29
-5
16
31
39
42
44
46
48
50
55
69
89
112
135
154
170
173
164
143
114
78
36
-8
-46
-78
-100
-119
-133
-140
-144
-140
-134
-114
-85
-48
-4
40
84
127
162
183
188
178
154
117
74
33
-5
-34
-58
-71
-76
-75
-72
-66
-60
-55
-51
-49
-45
-38
-26
-10
8
29
52
74
98
121
139
148
148
135
112
80
43
4
-34
-71
-97
-115
-124
-123
-119
-113
-115
-116
-118
-122
-127
-128
-122
-108
-87
-59
-30
-2
23
41
53
63
67
68
69
70
74
81
89
96
101
103
98
89
72
50
25
-3
-31
-56
-77
-92
-101
-105
-103
-97
-88
-80
-69
-56
-41
-25
-8
15
40
67
89
107
119
124
120
106
82
51
19
-10
-36
-53
-64
-66
-57
-41
-22
-3
15
27
38
45
45
42
34
27
25
27
31
32
35
35
34
29
21
4
-17
-39
-58
-73
-83
-84
-79
-69
-54
-44
-37
-35
-37
-42
-49
-56
-62
-62
-55
-43
-21
2
31
57
77
92
96
91
82
65
51
37
27
23
25
31
39
46
48
44
29
6
-20
-50
-77
-102
-119
-127
-129
-122
-106
-83
-57
-33
-9
12
30
46
57
63
64
61
55
49
38
26
14
-1
-16
-31
-41
-47
-46
-41
-29
-9
17
46
71
92
108
117
116
104
91
71
51
37
25
19
15
15
17
16
14
7
-2
-19
-38
-58
-82
-104
-122
-133
-131
-118
-99
-71
-42
-16
4
16
20
16
6
-6
-14
-17
-11
6
27
49
71
88
97
98
86
66
43
16
-6
-19
-28
-32
-32
-33
-34
-36
-43
-53
-64
-71
-72
-70
-61
-48
-31
-9
11
31
46
57
61
61
58
51
40
24
8
-8
-20
-32
-42
-47
-48
-47
-38
-25
-10
4
16
27
34
39
43
42
42
39
36
37
38
41
44
43
41
41
39
34
24
13
2
-8
-15
-21
-27
-37
-47
-57
-63
-66
-69
-70
-69
-64
-55
-44
-31
-17
-6
3
10
18
26
34
41
47
53
54
54
55
53
51
44
34
23
13
1
-6
-13
-22
-33
-44
-55
-62
-66
-70
-72
-72
-68
-58
-45
-28
-8
9
22
35
45
52
57
55
49
39
29
18
7
-3
-12
-21
-25
-26
-25
-20
-13
-6
1
8
13
20
23
25
27
25
24
23
23
26
27
25
21
19
15
12
10
11
12
12
10
7
7
1
-4
-14
-22
-29
-36
-40
-41
-40
-39
-42
-42
-42
-39
-35
