5
-13
-17
-5
-8
-13
-12
-12
-11
-8
5
13
7
1
2
-6
-18
-24
-18
-9
-13
-14
-8
-2
-2
-4
-8
-8
0
5
1
0
6
14
18
23
19
12
11
6
2
2
-8
-10
-4
-3
4
7
2
5
10
12
14
9
7
8
1
-1
-3
-9
-13
-19
-23
-27
-25
-19
-14
-15
-12
-6
2
-1
-10
-3
1
-3
3
12
8
-1
-8
-1
14
17
14
13
18
10
-5
-10
-3
5
1
-10
-2
18
32
38
30
22
20
14
10
1
-3
4
-1
-5
2
-5
-7
2
-7
-6
5
5
0
-2
1
7
11
12
13
6
-5
-17
-25
-25
-19
-20
-17
-3
3
-2
-7
-14
-21
-15
-1
9
16
18
14
6
9
20
22
20
19
10
1
-8
-14
-14
-12
-10
-6
-4
-3
-1
-2
-6
-6
-4
4
10
13
13
4
-9
-17
-21
-22
-18
-17
-16
-12
-8
-3
-1
-3
-9
-10
0
4
-1
4
9
0
1
10
14
16
17
16
13
5
2
4
-2
-9
-9
-10
-6
10
14
1
5
11
5
8
10
8
17
6
-3
5
-4
-15
-15
-18
-17
-15
-21
-13
0
5
6
1
-5
1
5
2
4
6
10
14
16
11
-1
-7
-1
6
11
13
7
7
0
-11
-14
-20
-20
-10
-12
-17
-12
-5
3
6
-4
-3
7
5
-1
0
-8
-9
-1
-2
-2
-1
-2
1
5
4
8
16
17
21
26
15
3
9
15
7
-10
-14
-6
-1
-6
-3
4
0
-5
-1
5
8
10
14
18
18
18
13
8
2
-4
-5
-6
-11
-11
-11
-15
-4
7
2
-3
-2
-10
-7
2
3
5
7
4
3
5
-2
-9
-9
-7
-6
-7
-6
-6
-3
0
4
12
20
15
1
2
3
-2
-5
-1
8
3
-10
-6
-12
-19
-21
-27
-21
-10
-15
-15
-3
5
6
6
5
-4
-14
-17
-20
-14
3
0
-3
1
-4
-4
-1
-5
-1
12
13
10
7
-4
-4
2
-6
-15
-7
-8
-10
-3
-11
-19
-6
2
8
18
23
24
24
22
17
6
8
14
13
15
19
20
19
19
18
14
6
8
13
14
14
11
7
17
20
10
6
2
-4
0
-5
-12
-14
-20
-26
-26
-18
-2
6
3
-1
-8
-14
-13
-15
-14
-9
-11
-4
2
-4
-9
-12
-14
-3
0
0
11
11
8
3
-14
-17
-13
-26
-29
-24
-19
-8
-10
-15
-13
-13
-8
2
10
14
14
16
18
14
15
11
9
2
-2
5
4
-6
-5
-6
-5
5
14
21
25
15
15
16
8
5
3
-10
-13
-3
4
3
8
14
18
26
19
4
6
4
5
8
-3
-12
-11
-11
-5
-3
-10
-9
-6
-14
-14
-15
-18
-11
-4
0
7
13
14
12
9
8
6
6
9
9
6
-1
-15
-12
-9
-13
-13
-14
-11
-4
-10
-15
-15
-12
-7
-8
-10
-4
-7
-9
-11
-20
-18
-6
-9
-8
0
0
2
14
13
7
2
-4
-4
-4
-2
10
20
25
22
14
12
18
19
20
17
10
14
15
13
16
17
10
3
-9
-22
-15
-2
0
5
9
9
4
-5
-14
-9
-5
-9
-9
-10
-13
-9
-3
2
3
8
18
19
15
8
0
0
-2
-5
-7
-9
-10
-2
3
2
4
8
12
15
6
3
0
-6
-7
-11
-18
-15
-8
-2
3
-1
-6
-7
-10
-10
-1
2
4
7
9
3
-11
-21
-26
-21
-8
-11
-9
8
18
17
26
29
12
7
-2
3
9
4
17
19
9
14
6
-5
-4
-7
-7
-1
3
4
4
-6
-14
-9
-16
-23
-23
-22
-8
-7
-6
-14
-29
-26
-29
-16
0
11
21
30
36
23
5
5
17
26
26
22
15
7
11
4
-4
-3
-8
1
5
-1
7
1
1
1
-9
-7
-6
-2
5
-2
-4
-2
-5
-8
-11
-10
-9
-5
-3
-10
-12
-20
-24
-5
9
11
13
10
-2
-4
8
12
6
3
1
6
9
12
15
14
13
9
15
12
3
9
0
-2
3
-3
1
-3
-14
-18
-24
-23
-14
-11
-14
-14
-13
-6
-1
-4
2
7
6
10
15
19
20
20
17
16
11
11
14
-2
-14
-21
-18
-2
0
1
8
11
10
0
2
3
7
19
16
23
29
16
4
-12
-23
-22
-24
-20
-16
-15
-10
-9
-19
-19
-16
-19
-7
-1
-4
-3
-8
-3
5
-6
-2
17
19
25
34
27
16
6
-3
-1
5
3
-4
-13
-13
-9
-10
-14
-13
-6
-4
1
5
4
5
4
5
-1
-9
-11
-20
-22
-20
-17
-11
-13
-9
-7
-1
9
-2
-8
-8
-8
-2
-11
-8
0
4
16
3
-2
10
4
6
4
-2
11
15
20
21
17
19
16
24
22
15
20
12
8
10
-2
-1
6
4
3
-2
-7
-6
-1
4
10
16
10
1
2
3
2
-10
-7
6
9
16
2
5
10
-5
2
-2
-5
-1
-19
-16
-9
-8
-7
-18
-9
4
10
10
-3
2
-1
-13
-5
-10
-8
-1
-14
-4
2
-6
4
-3
-6
-3
-14
-6
-6
-12
-4
-13
-11
2
-5
4
4
4
17
8
-3
-15
-31
-17
-4
-2
6
-4
-7
-1
3
5
7
4
-2
-4
-8
-14
-9
0
-1
0
8
5
2
3
1
9
15
6
3
6
-5
-9
-14
-14
-9
-8
6
21
31
31
21
19
23
19
16
8
4
10
13
15
16
7
0
-4
-3
7
12
9
9
4
-1
-1
-4
0
5
-9
-18
-17
-18
-4
3
-8
-13
-9
-8
-13
-20
-11
-4
-11
-9
-2
1
1
-5
-1
5
-5
-15
-14
-7
-2
-3
-4
4
11
13
7
0
-4
1
6
0
0
14
13
7
8
3
1
-2
-9
-4
1
-5
-7
-10
-13
-9
-10
-16
-15
-11
-3
6
0
-2
3
4
6
8
9
6
-1
-5
2
2
-3
-2
0
4
10
17
27
23
9
-3
-4
1
7
11
14
4
-3
4
1
-11
-9
-4
-11
-11
-5
-4
-6
-10
-9
-8
-13
-14
-11
-11
-14
-16
-11
-5
1
11
15
12
10
14
20
18
14
20
20
12
5
-1
-3
2
9
13
12
7
4
5
10
6
-3
3
15
11
-2
-1
7
5
-2
-9
-17
-14
-9
-19
-28
-29
-20
-16
-20
-17
-15
-25
-24
-9
-9
-1
2
-7
-7
0
-3
-2
0
-5
0
8
8
14
19
12
12
19
14
8
1
-4
-1
3
-3
-4
-5
-6
1
7
2
-6
-11
-9
-5
1
13
20
22
23
23
22
10
1
3
-6
-9
-7
-14
-8
6
5
5
13
12
18
25
24
30
24
2
-3
-4
-7
-5
-12
-13
-7
-13
-13
-10
-17
-14
-8
-6
5
16
15
14
6
-8
-12
-16
-9
-3
-14
-12
-2
0
8
0
-15
-16
-20
-20
-14
-22
-27
-20
-20
-12
1
-4
-11
-3
12
19
24
18
19
31
30
24
22
18
16
8
-10
-25
-27
-24
-15
-1
10
14
8
-7
-12
-9
-10
-6
5
15
16
9
6
7
-1
0
9
10
6
3
2
-6
-15
-14
-11
-10
-2
9
15
16
16
19
18
10
10
19
22
19
17
12
1
-9
-18
-21
-16
-10
-10
-3
3
9
21
23
15
12
4
1
-10
-21
-18
-14
-11
-13
-14
-1
5
4
8
5
10
7
-5
-9
-11
-4
-7
-13
-5
-5
2
7
4
2
2
-3
-4
1
-4
-13
-7
-8
-11
-12
-19
-22
-19
-13
-7
0
14
15
13
14
2
-5
2
6
1
1
-5
-11
-2
1
3
10
6
4
6
9
6
-3
-9
-14
-10
-10
-14
-15
-12
-3
0
4
8
8
14
11
11
12
13
15
8
2
-7
-7
-6
-10
-3
-2
7
20
25
27
27
21
13
15
11
13
10
-3
-6
-8
-7
-4
-4
-2
5
5
0
2
3
9
8
-12
-15
-20
-22
-4
-9
-12
-6
-9
-2
-5
-11
1
5
11
23
14
-4
-3
-3
-2
4
3
4
3
4
4
2
3
-3
-9
1
5
4
19
21
14
10
-8
-7
4
0
-2
-2
-2
2
0
-7
-6
-11
-14
-10
-8
-4
-2
-3
1
4
-2
3
8
7
0
-11
-11
-5
-7
-7
-3
-2
-1
-2
-8
-6
-3
-3
-6
-14
-17
-17
-9
-3
-4
-3
-6
-5
-12
-27
-28
-26
-20
-10
-7
-7
-2
6
3
4
9
12
20
29
36
33
34
37
27
28
9
-6
-3
-12
-1
5
12
17
16
17
10
12
3
-13
-21
-21
-10
-9
-12
-11
-9
-6
3
14
9
7
7
0
-7
-6
0
6
10
9
10
13
15
16
17
17
8
5
10
10
6
0
-5
-7
-16
-14
-12
-18
-17
-11
-12
-14
-11
-7
-4
0
8
9
0
0
9
11
10
1
-6
0
7
9
12
14
6
-3
-11
-19
-29
-34
-39
-35
-24
-16
-12
-10
-4
4
10
20
21
11
6
7
13
17
13
9
15
17
17
16
19
24
20
19
26
19
2
-11
-11
-8
-14
-22
-24
-34
-33
-24
-29
-32
-15
-6
-4
3
4
3
6
2
8
16
13
19
26
27
34
35
39
38
38
38
24
19
4
-9
-7
-18
-24
-28
-41
-55
-58
-59
-60
-58
-64
-57
-41
-28
-18
-5
16
25
23
30
41
56
69
69
60
73
76
61
57
28
12
1
-20
-37
-53
-56
-67
-83
-95
-99
-85
-77
-69
-50
-25
-3
3
3
10
17
37
74
94
97
94
90
108
111
90
85
79
59
48
26
8
-3
-33
-66
-84
-96
-117
-139
-136
-122
-122
-129
-117
-86
-73
-63
-27
-13
-28
4
66
92
104
148
198
206
224
250
227
224
238
202
170
160
103
8
-53
-80
-116
-196
-243
-285
-360
-373
-367
-350
-272
-208
-157
-149
-156
-71
92
238
326
392
412
457
486
501
584
616
618
556
483
468
399
306
175
88
75
-9
-143
-248
-315
-415
-471
-424
-406
-419
-420
-367
-298
-219
-147
-156
-78
22
109
185
168
223
294
330
385
382
282
139
23
-24
-4
-116
-373
-556
-606
-617
-615
-632
-692
-758
-813
-782
-714
-608
-495
-430
-335
-221
-61
-16
10
180
361
537
603
587
600
602
546
524
642
653
434
246
166
38
-80
-155
-300
-405
-397
-444
-576
-592
-481
-501
-641
-530
-275
-289
-309
-114
-35
38
282
395
382
485
597
599
620
758
769
584
600
756
659
467
362
124
-133
-165
-139
-235
-326
-352
-512
-644
-610
-605
-599
-408
-77
-72
-232
-110
82
292
611
829
766
667
759
832
896
1079
1173
999
886
982
870
621
458
311
262
294
220
-117
-404
-451
-510
-549
-505
-480
-628
-834
-805
-593
-396
-348
-405
-339
-112
-17
-133
-158
-43
8
-45
-53
10
-25
-212
-389
-422
-447
-601
-760
-765
-680
-831
-1147
-1277
-1146
-982
-987
-971
-884
-748
-634
-574
-385
-206
-48
144
315
535
675
610
525
648
881
950
846
758
617
434
424
420
277
145
45
-120
-273
-272
-284
-519
-638
-406
-261
-336
-288
-199
-220
-124
60
109
218
483
569
511
697
947
849
671
789
871
664
544
538
299
65
106
70
-91
-91
-213
-580
-660
-451
-445
-462
-96
220
-34
-266
76
424
583
916
1091
958
1007
1165
1175
1313
1563
1431
1084
1150
1293
946
586
557
457
303
317
126
-392
-675
-607
-666
-774
-635
-624
-894
-961
-708
-529
-508
-490
-554
-611
-380
-158
-249
-228
-23
-161
-503
-509
-377
-574
-897
-953
-875
-925
-1069
-1267
-1460
-1439
-1307
-1340
-1356
-1200
-1199
-1343
-1151
-645
-309
-227
-169
-80
37
192
299
425
677
921
1041
1043
934
801
696
591
531
539
467
194
-85
-183
-247
-257
-201
-343
-570
-616
-581
-649
-683
-308
59
-148
-195
167
116
-48
245
528
595
716
811
730
782
1047
940
633
893
1146
681
319
544
542
141
65
195
-42
-322
-303
-389
-566
-431
-283
-367
-135
384
386
19
66
377
649
1181
1660
1408
956
1110
1410
1324
1320
1517
1351
969
975
1091
832
502
422
414
405
257
-378
-1114
-1110
-652
-604
-682
-398
-458
-1115
-1196
-473
-248
-748
-946
-713
-542
-395
-314
-448
-462
-330
-512
-730
-551
-613
-1250
-1518
-1108
-1025
-1512
-1682
-1426
-1409
-1621
-1644
-1554
-1472
-1352
-1291
-1144
-717
-527
-870
-878
-128
423
336
416
907
1122
926
864
1099
1300
1172
775
576
850
924
288
-138
229
307
-423
-874
-560
-361
-715
-1023
-916
-626
-426
-534
-685
-249
299
35
-271
311
790
505
518
1142
1382
1105
1048
1250
1364
1443
1362
1007
925
1157
913
420
543
762
240
-379
-388
-422
-873
-1042
-718
-358
-9
205
-33
-276
-38
242
547
1391
1973
1383
834
1389
1966
1826
1812
2131
1942
1420
1414
1480
1022
558
333
257
508
514
-338
-1110
-904
-572
-873
-982
-606
-812
-1463
-1295
-531
-286
-546
-659
-484
-220
-79
-225
-402
-295
-318
-779
-991
-688
-759
-1458
-1852
-1660
-1528
-1556
-1527
-1746
-2253
-2526
-2349
-1968
-1592
-1397
-1597
-1793
-1405
-966
-866
-440
124
156
163
613
967
796
635
1001
1401
1439
1199
676
411
692
695
328
363
413
-403
-1334
-1081
-376
-578
-1138
-1089
-775
-687
-760
-819
-640
-132
159
-102
20
939
1278
733
887
1733
1719
1155
1277
1726
1740
1427
994
672
820
990
512
80
275
16
-899
-1049
-466
-392
-507
7
439
64
-331
-101
462
1300
1979
1605
889
1121
1669
1711
1995
2628
2482
1683
1477
1792
1637
1062
780
842
896
745
157
-678
-963
-732
-721
-715
-480
-742
-1448
-1546
-908
-372
-359
-592
-644
-351
30
47
-208
-137
50
-358
-877
-812
-725
-1070
-1533
-2009
-2380
-2335
-2081
-2116
-2428
-2734
-3032
-3116
-2504
-1689
-1684
-2118
-1967
-1433
-1147
-832
-187
358
559
682
889
1154
1312
1184
1123
1641
2223
1869
978
704
771
382
62
304
242
-689
-1480
-1221
-676
-699
-997
-1248
-1263
-1026
-1059
-1223
-713
-30
-165
-522
-16
747
734
828
1408
1535
1411
1485
1634
1648
1681
1702
1268
1102
1414
1081
334
68
92
-241
-770
-946
-914
-597
5
220
-25
-247
-83
402
1230
2287
2462
1840
1719
2138
2552
2825
3100
3101
2549
2175
2193
2041
1529
838
616
883
933
421
-403
-680
-544
-606
-585
-319
-201
-758
-1193
-669
-24
-16
-366
-347
41
339
317
-17
-150
11
-190
-829
-1125
-989
-1217
-2020
-2705
-2932
-3083
-3229
-3207
-3211
-3487
-4062
-4494
-4028
-2943
-2467
-2614
-2399
-1840
-1520
-1274
-619
283
883
1145
1395
1743
1953
1572
1067
1611
2620
2456
1395
809
769
478
3
12
175
-362
-1417
-1991
-1533
-795
-1010
-1888
-1914
-999
-663
-1201
-1063
96
695
221
49
857
1635
1518
1079
1326
2068
2125
1291
837
1254
1343
510
-82
267
477
-195
-629
-54
198
-847
-1710
-1015
165
395
-5
-88
401
1006
1102
1164
2130
3065
2604
1936
2653
3547
3027
2320
2872
3526
3115
2249
1553
1159
1064
886
592
617
559
-422
-1583
-1336
-263
-267
-1049
-1025
-419
-246
-299
-73
296
567
699
731
773
789
446
-204
-412
-255
-663
-1370
-1612
-1876
-2713
-3673
-4159
-4283
-4270
-3905
-3606
-4176
-5128
-5350
-4585
-3416
-2556
-2234
-2203
-1938
-1249
-653
-79
968
1778
1830
2059
2797
2960
2147
1560
2122
3157
3406
2339
819
195
268
-49
-445
-47
129
-1465
-3366
-2925
-1101
-687
-1665
-2033
-1057
-103
-593
-1357
-188
1811
1666
109
537
2653
2921
1310
1223
2861
3208
1688
501
780
1391
977
77
109
573
-352
-2272
-2486
-745
-160
-1443
-1601
-63
194
-1296
-1442
692
2456
2305
1568
1675
2439
2924
2902
3190
4056
4175
3020
2545
3592
3647
1607
448
1663
2439
1137
-152
-220
-330
-911
-977
-426
-135
-559
-1251
-1202
-138
505
-182
-556
565
1436
989
793
1150
544
-381
-72
368
-280
-1012
-1444
-2411
-3547
-3994
-4131
-4252
-3910
-3884
-5188
-6430
-6006
-4747
-3868
-3416
-3174
-2949
-2457
-1836
-1341
-404
1238
2114
1589
1667
3109
3598
2290
1688
3027
4115
3312
1824
1093
928
614
92
-155
19
-289
-1820
-3121
-2279
-718
-1266
-2927
-2583
-884
-766
-1788
-1375
301
1023
310
-160
851
2194
1927
800
1322
2974
2750
864
423
1492
1287
-118
-81
1140
726
-1419
-2416
-1193
113
-300
-1399
-1313
-374
-303
-862
-95
1722
2075
921
1010
2770
3537
2488
1963
3140
4311
4033
2961
2409
2644
2627
1924
1725
2343
2091
313
-888
-35
815
-250
-1393
-870
-202
-645
-1020
-542
-192
-480
-563
8
677
901
717
612
797
636
-145
-517
-97
-187
-1147
-1765
-2158
-3417
-4711
-4717
-4272
-4362
-4386
-4398
-5340
-6445
-6023
-4355
-3089
-2668
-2532
-2382
-1952
-1256
-555
568
2107
2880
2572
2534
3478
3842
2865
2585
3564
4045
3549
2371
935
288
398
156
-591
-782
-632
-2068
-3973
-3161
-1226
-1662
-3059
-2447
-771
-488
-1239
-1010
520
1823
1622
806
1532
3188
2862
1178
1615
3335
2600
533
764
2018
1254
-344
-535
-55
-366
-1430
-2307
-1930
-506
-7
-1090
-1694
-936
-517
-541
880
2879
2710
1179
1267
2818
3619
3421
3383
3770
3942
3419
2647
2484
2575
1955
1252
1695
2207
893
-1187
-1461
-297
-157
-1027
-920
-241
-777
-1490
-523
823
485
-439
221
1744
1909
755
80
545
968
256
-575
-356
-490
-2113
-3508
-3562
-3818
-4933
-5103
-3916
-3758
-5566
-7065
-6557
-5059
-3975
-3369
-2944
-2771
-2707
-2244
-991
694
1765
1792
1682
2401
3509
3683
2814
2425
3344
4341
3942
2420
1171
799
782
572
277
119
-544
-2292
-3393
-1992
-388
-1575
-3361
-2485
-611
-668
-1659
-1155
391
865
161
108
1639
3100
2288
595
1156
2797
2227
677
1263
2570
1407
-997
-1415
-248
35
-820
-1406
-1151
-828
-1365
-2037
-1147
505
404
-649
158
1966
2072
1140
1445
2649
3058
2884
3083
3089
2500
2164
2308
2485
2489
1748
395
49
887
963
-55
-584
-508
-819
-1011
-389
75
-230
-429
-204
-34
69
165
325
994
1829
1720
844
452
596
429
168
374
302
-826
-2256
-3028
-3414
-3987
-4560
-4591
-4039
-3761
-4729
-6401
-6957
-5669
-3703
-2444
-2176
-2346
-2335
-1921
-1141
-6
1310
2344
2821
3007
3300
3468
2899
2008
2336
4108
4983
3126
394
-308
363
-31
-830
-160
477
-1192
-3532
-3587
-1768
-847
-1807
-2430
-726
1021
-313
-2349
-870
2265
2601
1195
1622
2971
2279
406
410
2369
3400
2024
176
34
471
-642
-1842
-484
1429
222
-2354
-2242
-498
-504
-1440
-718
855
1009
85
63
1210
1908
1667
2080
3665
4323
2832
1372
2035
3287
3034
2245
2361
2305
857
-471
146
1349
827
-868
-1578
-916
-634
-1434
-1512
-365
-45
-965
-1116
208
1171
546
94
1306
2262
1214
-128
114
834
355
-614
-799
-1051
-2458
-3991
-4330
-3764
-3224
-3257
-3850
-4809
-5816
-5813
-4122
-2222
-1941
-2666
-2666
-1917
-1389
-776
614
1927
2090
1803
2213
2916
2690
1632
1418
2895
4451
3956
1677
32
77
227
-271
-91
725
121
-2360
-4125
-3033
-879
-909
-2594
-2543
-458
141
-1581
-1820
830
2588
1568
944
2565
3616
2020
324
1418
3570
3259
885
-154
754
504
-1701
-2260
-111
673
-1632
-3339
-2098
-543
-1038
-1705
-457
1136
889
-265
64
1852
2665
1824
1740
3457
4378
2941
1686
2669
3773
3013
2179
2743
2879
1278
-341
-220
677
380
-851
-1285
-985
-1324
-2184
-2035
-808
-419
-1205
-1078
216
540
-202
-1
989
814
-198
-159
601
430
-483
-952
-1215
-2214
-3595
-4007
-3038
-2043
-2617
-4369
-5492
-5388
-4734
-3737
-2655
-2451
-2939
-2702
-1826
-1500
-1163
358
1997
2315
2329
3234
3698
2550
1555
2743
4937
5235
3067
929
695
1034
283
-297
547
610
-1857
-4097
-3131
-1016
-1452
-3456
-3331
-1209
-522
-1936
-2319
-168
1644
938
215
1837
3489
2519
825
1620
3916
4080
1942
818
1661
2052
843
-176
299
540
-957
-2194
-1438
-349
-855
-2290
-2381
-677
344
-604
-1420
-253
1506
1723
1439
2534
3531
2724
1885
2989
4687
4522
2878
2190
2923
3187
2062
990
1143
1201
-46
-1075
-610
-316
-1493
-2336
-1485
-787
-1653
-2397
-1675
-785
-759
-621
251
795
137
-778
-394
869
976
-182
-587
-248
-1280
-3260
-3715
-2926
-2831
-2993
-2370
-2475
-4738
-6829
-5782
-2803
-1239
-1978
-3008
-2586
-1710
-1629
-1033
932
2329
1923
1620
2965
3929
2676
1238
1891
3914
5222
4382
1954
114
-137
73
-137
-160
-37
-1178
-3346
-4039
-2424
-968
-1836
-3684
-3503
-1189
-17
-1377
-2109
42
2108
1214
91
1903
4075
3149
1141
1721
3847
3888
1882
1056
2106
2442
861
-336
602
1200
-728
-2304
-952
507
-766
-2421
-1512
159
-181
-1273
-666
1160
1951
1153
901
2439
3499
2475
1827
3261
4087
2626
1830
3218
3499
1292
-1
1003
1450
44
-1185
-817
-125
-850
-2187
-2015
-784
-916
-2160
-1726
208
305
-1518
-1830
-408
-189
-1154
-903
220
-12
-1504
-2453
-2560
-2834
-3411
-3364
-2313
-1506
-2627
-5059
-6122
-4851
-2922
-1802
-1707
-2318
-2810
-2456
-1341
-151
677
1396
1908
1899
2207
3000
2672
1236
1148
3274
5042
3990
1356
35
357
469
-140
-72
684
-138
-2746
-3853
-2084
-626
-1908
-3494
-2378
-201
-365
-2041
-1627
853
1794
373
33
2303
3945
2712
1201
2204
4066
3657
1827
1741
3078
2861
840
18
1419
1793
-246
-1198
282
1024
-281
-1299
-637
168
-125
-387
469
1682
1793
829
914
2626
3349
2338
2272
3631
3624
1985
1743
3157
3052
1082
285
1122
1102
-234
-1060
-754
-452
-1120
-2122
-1974
-954
-1061
-2150
-1839
-497
-780
-1944
-1386
-154
-620
-1640
-1124
-197
-851
-2366
-3078
-3123
-3545
-4320
-4112
-2477
-1682
-3741
-6512
-6401
-3900
-2355
-2514
-2635
-2405
-2555
-2405
-1200
84
593
1070
2115
3155
3608
3254
2089
1084
1778
4014
5425
4260
1585
-211
-267
133
-2
188
768
-306
-2968
-3794
-1799
-659
-2470
-3904
-1965
450
-484
-2637
-1852
845
1666
658
1116
3423
4013
1778
616
2967
5532
4708
2542
2635
3566
2334
405
741
2347
2070
-12
-887
56
364
-771
-1299
-114
950
256
-657
228
1651
1441
799
1926
3388
2796
1536
1965
3155
3126
2222
1792
1922
1775
980
257
369
593
-126
-1019
-976
-893
-1810
-2524
-1825
-1047
-1496
-1994
-1619
-1410
-1865
-1994
-1339
-903
-1508
-2336
-2219
-1499
-1512
-2861
-4452
-4763
-4123
-3611
-2877
-2366
-3979
-6630
-6631
-3751
-1548
-1850
-2956
-3036
-2257
-1458
-922
-351
536
1365
1978
2886
3635
2805
797
370
2686
5181
5276
3342
1139
-87
-145
409
1004
1216
650
-865
-2368
-2023
-391
-542
-2475
-2500
-27
1155
-444
-1790
-751
989
1345
981
1708
3055
2736
924
709
2864
4216
3079
1844
2184
2363
1240
533
1263
1882
1117
-159
-436
229
307
-507
-485
932
1654
544
-95
1408
2771
2170
1567
2690
3948
3274
1730
1907
3529
3879
2373
1414
2049
2009
360
-319
706
720
-947
-1737
-856
-632
-1990
-2727
-1786
-1057
-1596
-2084
-1692
-1451
-2246
-2905
-1916
-555
-1045
-2437
-2590
-2298
-3450
-5099
-4975
-3392
-2338
-2349
-3182
-5036
-6887
-6502
-3603
-893
-693
-2152
-2957
-2446
-1592
-767
548
1960
2226
1720
2225
3427
2962
921
571
3123
5278
4154
1363
-210
-281
-79
27
600
1168
50
-2425
-3389
-1797
-349
-1334
-2852
-1927
373
717
-1042
-1783
-142
1525
1399
1236
2692
3875
2765
1187
1874
3745
3782
2124
1561
2543
2574
898
-156
530
1036
130
-759
-527
-333
-1209
-1935
-990
594
697
-275
-141
1165
1731
1480
2155
3601
3901
2950
2563
3378
3915
3328
2953
3424
3287
1975
1040
1456
1800
665
-489
25
624
-606
-2225
-2123
-1212
-1419
-2129
-1681
-773
-1374
-3031
-3300
-1873
-1123
-1952
-2620
-2438
-2979
-4728
-5882
-5311
-3880
-2635
-2248
-3550
-6099
-7444
-5926
-2881
-844
-803
-1812
-2490
-2453
-1961
-803
997
2253
2368
2498
3238
3222
1717
502
1544
4048
5240
3755
1188
-240
-433
-498
-296
685
992
-983
-3505
-3468
-1542
-1197
-2725
-2773
-413
990
-515
-2149
-989
1379
1809
972
1849
3911
3719
1439
1080
3435
4733
3269
1728
2008
2429
1321
-14
308
1357
885
-730
-1188
-442
-515
-1499
-1399
101
1031
428
-313
177
1403
2165
2475
3201
4060
3750
2589
2584
3892
4342
3474
3137
3525
2898
1424
1094
1874
1802
641
29
279
-40
-1285
-1933
-1131
-278
-792
-1744
-1763
-1702
-2520
-2826
-1770
-1187
-2046
-2736
-2725
-3485
-5043
-5622
-4661
-3280
-2502
-2847
-4468
-6369
-6668
-4715
-2181
-1215
-1947
-2640
-2232
-1523
-1228
-580
852
1925
2071
2388
3016
2339
403
-38
2300
4845
4641
2040
-362
-1008
-512
-59
218
500
-100
-2054
-3544
-2805
-1371
-1797
-3234
-2748
-447
426
-1211
-2404
-926
1333
1832
1475
2321
3483
2820
1263
1618
3624
4145
2451
1330
2155
2680
1291
-87
381
1151
319
-869
-613
-54
-913
-1948
-1097
646
833
-284
-351
1055
1987
1676
1713
3014
4012
3384
2533
3029
3621
2875
2285
3238
3842
2366
658
891
1916
1556
274
52
672
33
-1699
-1894
-342
86
-1222
-1641
-504
-263
-1705
-2514
-1548
-730
-1399
-2091
-1840
-2382
-4549
-5943
-4811
-2860
-2250
-3053
-4598
-6298
-6864
-5240
-2552
-1297
-2181
-3185
-2659
-1574
-1178
-674
691
1809
2089
2686
3651
3118
978
134
2217
4853
5014
2892
704
-469
-886
-599
409
1144
290
-1877
-3357
-2945
-1995
-2356
-3297
-2699
-781
-24
-1224
-2202
-1135
759
1333
993
1680
2986
2695
1168
1121
2775
3481
2458
1819
2400
2321
684
-478
387
1598
1074
-290
-571
-197
-625
-1223
-478
869
803
-416
-559
945
2204
2046
1754
2643
3628
3152
2203
2621
3593
3251
2411
2901
3673
2602
703
575
1874
2049
772
84
407
-26
-1407
-1552
2
700
-566
-1380
-403
60
-1274
-2017
-852
-170
-1387
-2405
-2008
-2209
-4162
-5647
-4616
-2404
-1699
-3151
-5243
-6368
-5954
-4232
-2140
-1218
-2141
-3423
-3152
-1685
-694
-282
546
1517
1868
2179
2825
2481
755
18
1949
4469
4504
2081
-230
-934
-760
-522
103
794
-103
-2663
-4151
-3015
-1607
-2211
-3193
-2289
-826
-1152
-2313
-1800
139
1016
247
126
1834
3136
2253
1161
1917
3006
2617
1929
2281
2553
1602
495
639
1491
1501
534
-131
-40
-113
-632
-499
594
1205
531
-154
408
1632
2236
1992
1819
2465
3233
2967
2270
2520
3101
2668
2139
2814
3252
1809
195
684
2069
1889
472
-239
-32
-196
-953
-983
127
628
-541
-1549
-981
-524
-1343
-1675
-771
-691
-2177
-3316
-3447
-4001
-5124
-5203
-3792
-2445
-2764
-4707
-6480
-6262
-4380
-2590
-1713
-1708
-2414
-2867
-2149
-1080
-568
83
1176
1739
1793
2196
2345
1250
204
1282
3769
4733
3096
869
-143
-468
-792
-214
1431
1821
-544
-3149
-2863
-967
-914
-2396
-2158
-77
568
-1054
-1905
-401
1135
846
444
1752
3206
2562
925
1010
2658
3279
2234
1514
1919
1844
550
-262
560
1534
1063
41
-5
369
-57
-585
158
1586
1944
1084
602
1337
2288
2508
2598
3181
3428
2723
2129
2470
2837
2462
2149
2520
2650
1686
402
44
577
938
579
-79
-544
-873
-1088
-797
-64
229
-277
-797
-882
-1135
-1740
-1893
-1406
-1230
-1851
-2686
-3463
-4650
-6008
-6236
-4871
-3337
-3339
-5010
-6947
-7477
-6119
-3995
-2539
-2298
-3026
-3782
-3340
-1757
-347
450
1172
1824
2292
2909
3206
2363
1356
2016
4082
5427
4786
2768
793
-115
117
964
1837
1872
211
-2293
-3172
-1781
-481
-847
-1468
-966
-289
-582
-1054
-378
1092
1847
1629
1819
2881
3235
2117
1381
2368
3412
2900
1933
1720
1458
580
39
340
683
346
-399
-789
-644
-633
-879
-410
877
1428
605
-31
629
1665
2215
2626
3002
2989
2761
2597
2463
2497
2616
2388
2049
1941
1404
333
-30
534
707
85
-553
-959
-1350
-1602
-1569
-1231
-576
-78
-404
-1189
-1549
-1561
-1560
-1130
-479
-762
-1908
-2794
-3456
-4394
-4901
-4410
-3635
-3345
-3846
-5293
-6890
-7037
-5389
-3368
-2320
-2499
-3379
-3849
-3056
-1540
-256
875
1941
2318
2256
2659
2965
2221
1574
2642
4613
5290
3948
1848
465
39
117
719
1641
1456
-727
-3172
-3393
-1727
-839
-1600
-2042
-1061
-314
-909
-1254
-52
1416
1756
1685
2332
3179
3032
2151
2025
2989
3542
2799
1874
1689
1442
568
34
405
713
284
-297
-583
-844
-1026
-656
239
1059
1244
762
393
1024
2351
3231
3391
3442
3468
3193
3048
3495
3942
3677
3067
2712
2378
1678
946
690
797
754
279
-442
-1043
-1415
-1612
-1397
-689
-220
-612
-1305
-1614
-1672
-1543
-984
-485
-843
-1850
-2724
-3319
-4055
-4953
-5279
-4434
-3242
-3365
-5080
-6782
-6984
-5651
-3701
-2321
-2334
-3290
-3805
-3255
-2153
-886
461
1373
1547
1650
2131
2258
1553
1045
1970
3841
4790
3742
1602
-54
-745
-753
-22
1091
987
-1200
-3608
-3909
-2641
-1978
-2158
-1730
-654
-488
-1511
-1948
-608
1264
1875
1611
2100
3133
3021
1965
1974
3184
3614
2815
2309
2388
1812
656
332
977
1272
625
-287
-769
-858
-892
-798
-100
983
1289
508
38
891
2233
2971
3193
3337
3395
3335
3288
3302
3455
3808
3998
3578
2753
2015
1340
716
709
1301
1324
293
-805
-1336
-1522
-1224
-394
101
-249
-930
-1467
-1608
-1184
-646
-647
-1127
-1875
-2902
-3854
-4428
-4781
-4562
-3289
-2243
-3388
-6063
-7451
-6361
-4197
-2600
-2160
-2756
-3604
-3705
-2835
-1477
-164
630
900
1324
2144
2561
2034
1273
1440
2852
4406
4421
2553
330
-797
-848
-315
554
920
-217
-2211
-3290
-3038
-2576
-2502
-2266
-1516
-888
-1152
-1855
-1634
-235
1034
1469
1840
2546
2766
2164
1776
2426
3474
3834
3365
2605
1861
1186
795
880
1128
886
3
-849
-1078
-1002
-1131
-1175
-595
228
467
272
508
1271
1995
2625
3298
3586
3339
3157
3285
3402
3595
4037
4123
3421
2549
2070
1698
1296
1139
1010
454
-317
-902
-1261
-1240
-715
-192
-150
-447
-957
-1635
-1888
-1303
-607
-682
-1411
-2364
-3489
-4527
-4876
-4303
-3136
-2239
-2817
-4915
-6536
-5975
-4017
-2467
-2027
-2364
-2784
-2753
-2339
-1665
-503
792
1400
1576
2104
2472
1770
785
1166
2887
4191
3793
2113
448
-402
-510
-186
315
302
-888
-2534
-3167
-2732
-2466
-2792
-2988
-2535
-1764
-1404
-1610
-1639
-1012
-195
539
1492
2421
2633
2202
1810
1878
2489
3370
3779
3208
2102
1299
1045
1037
1039
912
436
-317
-856
-972
-902
-665
-211
70
72
369
1032
1403
1466
1898
2779
3515
3757
3567
3286
3363
3691
3682
3416
3449
3399
2494
1354
1105
1391
1240
757
305
-323
-938
-916
-503
-486
-837
-1065
-1212
-1448
-1579
-1565
-1630
-1862
-2386
-3348
-4380
-4889
-4666
-3747
-2734
-2998
-4789
-6155
-5561
-3992
-2987
-2599
-2353
-2359
-2666
-2661
-1787
-447
487
943
1552
2306
2426
1689
949
1104
2193
3475
3961
3055
1201
-360
-751
-188
442
386
-468
-1638
-2560
-2919
-2705
-2394
-2460
-2546
-2115
-1660
-1826
-1928
-1139
-144
127
317
1413
2728
2847
1863
1319
2107
3316
3503
2798
2497
2593
1946
884
798
1434
1427
650
-56
-350
-441
-527
-484
-53
459
529
519
1029
1618
1766
2033
2886
3664
3757
3556
3555
3608
3493
3462
3740
3907
3384
2342
1550
1333
1295
1154
1049
844
159
-657
-773
-433
-722
-1543
-1760
-1385
-1420
-1885
-2162
-2410
-3036
-3888
-4613
-4857
-4412
-3740
-3558
-4078
-5178
-6279
-6206
-4652
-3019
-2551
-2894
-3187
-3156
-2779
-2006
-899
373
1418
1741
1509
1462
1602
1318
1070
1999
3660
4246
3081
1193
-152
-493
-210
98
253
75
-935
-2451
-3091
-2514
-2101
-2464
-2395
-1413
-922
-1692
-2413
-1828
-516
308
503
853
1728
2393
2079
1438
1772
2942
3545
3150
2666
2495
2038
1263
1028
1485
1682
1164
504
115
-162
-277
58
647
918
728
547
781
1246
1587
1968
2717
3432
3453
3045
3009
3381
3578
3520
3573
3562
2954
2000
1572
1790
1927
1660
1205
587
-135
-478
-328
-288
-734
-1357
-1826
-2092
-2102
-1892
-1864
-2468
-3637
-4788
-5322
-5048
-4181
-3242
-3038
-4217
-6167
-7022
-5798
-3770
-2720
-2848
-3258
-3289
-2804
-2082
-1499
-895
141
1306
1916
1996
1902
1553
1135
1561
3034
4285
4027
2342
486
-201
374
967
808
369
-184
-1242
-2215
-2170
-1734
-2016
-2521
-2208
-1502
-1447
-1845
-1760
-1068
-464
-287
56
1169
2378
2381
1402
1109
2105
3224
3552
3343
2972
2391
1711
1413
1681
1931
1518
753
356
201
-210
-504
-79
534
442
-13
112
678
876
800
1235
2215
2924
2891
2558
2506
2723
2945
3242
3653
3706
3082
2317
2015
1955
1729
1553
1568
1240
307
-478
-468
-191
-454
-1122
-1581
-1768
-2042
-2473
-2792
-2928
-3340
-4418
-5604
-5808
-4850
-3719
-3444
-4281
-5611
-6314
-5726
-4246
-2826
-2264
-2696
-3260
-2908
-1882
-1203
-851
-32
1099
1673
1656
1620
1559
1298
1431
2500
3786
3950
2667
992
141
318
930
1502
1742
1195
-179
-1417
-1588
-1083
-905
-1183
-1344
-1312
-1530
-1926
-1851
-1148
-505
-432
-473
74
1000
1420
1096
811
1322
2352
2925
2662
2234
2246
2304
1965
1711
2009
2251
1709
770
299
361
432
419
564
662
318
-157
-93
445
881
1120
1432
1792
1952
1926
1961
2204
2548
2807
2926
2910
2675
2235
1853
1746
1833
1882
1704
1241
652
211
5
-204
-668
-1253
-1602
-1707
-1925
-2406
-3004
-3657
-4415
-5158
-5645
-5581
-4799
-3776
-3588
-4719
-6186
-6378
-4758
-2537
-1426
-1817
-2597
-2707
-2109
-1239
-295
653
1365
1615
1553
1570
1679
1523
1243
1633
2880
3811
3259
1684
517
222
194
310
984
1691
1278
-143
-1235
-1308
-905
-728
-767
-581
-278
-558
-1398
-1778
-1324
-826
-679
-354
449
1176
1077
191
-380
349
1912
2966
2917
2214
1483
1097
1259
1892
2573
2812
2432
1686
1039
733
670
766
1053
1314
1146
614
257
318
598
972
1457
1825
1748
1378
1287
1733
2304
2542
2500
2404
2217
1860
1551
1509
1612
1601
1391
985
403
-125
-273
-170
-396
-1187
-2041
-2383
-2318
-2344
-2670
-3225
-4016
-4944
-5568
-5486
-4705
-3609
-2917
-3362
-4800
-5928
-5419
-3317
-1110
-403
-1379
-2696
-2945
-1966
-616
315
657
686
790
1108
1381
1265
825
667
1412
2823
3625
2876
1282
232
113
459
1010
1601
1746
1121
31
-855
-1084
-818
-502
-255
-17
-17
-473
-1105
-1469
-1530
-1484
-1217
-419
688
1131
271
-1138
-1540
-329
1506
2587
2479
1696
877
397
487
1248
2339
2999
2707
1772
949
640
760
1137
1568
1729
1428
879
504
547
891
1191
1229
1171
1302
1541
1550
1301
1155
1372
1811
2099
1949
1407
826
581
740
1028
1056
685
157
-212
-347
-397
-471
-555
-686
-1014
-1500
-1797
-1724
-1611
-1786
-2025
-1930
-1632
-1718
-2451
-3317
-3491
-2699
-1442
-570
-772
-2102
-3631
-4013
-2854
-1217
-448
-815
-1557
-1982
-2055
-1982
-1739
-1216
-478
299
864
817
-93
-1348
-1754
-622
1315
2567
2346
1075
-286
-944
-574
519
1550
1901
1567
918
251
-300
-599
-485
15
563
730
417
-114
-634
-1092
-1298
-951
-75
863
1323
1043
244
-408
-324
510
1617
2427
2602
2183
1525
1048
1020
1414
1874
2058
1941
1668
1344
962
512
172
226
694
1177
1238
902
504
214
99
247
590
972
1207
1222
1085
790
432
324
517
729
797
821
890
827
487
68
-143
-62
175
327
224
-136
-611
-1026
-1218
-1055
-642
-307
-250
-387
-580
-847
-1096
-1017
-548
-49
127
-102
-566
-1057
-1464
-1593
-1338
-965
-878
-1205
-1733
-2227
-2560
-2530
-2130
-1741
-1693
-1921
-2143
-2216
-2154
-1880
-1457
-1157
-1025
-883
-722
-694
-739
-582
-218
1
-59
-129
67
346
275
-140
-459
-452
-243
-65
-53
-174
-315
-365
-258
-68
86
203
335
463
563
726
1056
1415
1554
1451
1320
1423
1769
2061
2111
1892
1429
1029
974
1181
1454
1601
1500
1171
718
391
413
621
734
748
801
866
762
520
444
633
877
1008
955
717
436
326
522
916
1115
921
603
394
353
512
676
581
291
19
-89
4
162
230
155
-55
-224
-157
62
189
145
61
46
38
-18
-85
-142
-256
-421
-505
-473
-538
-818
-1115
-1221
-1212
-1256
-1387
-1530
-1625
-1695
-1805
-1925
-1913
-1745
-1581
-1525
-1505
-1501
-1587
-1681
-1596
-1336
-1084
-972
-1025
-1208
-1444
-1587
-1497
-1168
-827
-745
-898
-1047
-1058
-910
-575
-158
53
-66
-257
-171
190
527
673
729
795
825
822
909
1142
1422
1623
1706
1684
1575
1450
1444
1590
1743
1766
1659
1432
1087
803
806
1027
1161
1039
755
472
291
272
395
562
693
749
661
358
-37
-183
139
716
1029
808
327
28
72
294
519
682
718
583
350
159
157
350
582
711
650
487
425
481
566
639
630
632
731
772
640
375
125
88
209
219
28
-263
-576
-843
-959
-918
-893
-990
-1144
-1332
-1559
-1694
-1617
-1368
-1160
-1207
-1417
-1573
-1618
-1504
-1305
-1221
-1250
-1315
-1349
-1294
-1279
-1365
-1402
-1282
-1032
-835
-874
-1084
-1180
-969
-563
-172
37
-87
-371
-459
-258
183
644
811
665
395
202
288
646
1006
1097
884
639
564
615
707
792
790
649
461
312
253
234
217
225
178
146
176
210
113
-144
-226
23
391
588
516
244
-74
-190
79
555
736
495
205
135
210
367
520
548
505
386
346
487
662
716
670
679
724
880
1023
969
895
815
806
982
1123
1054
812
555
396
382
499
554
328
-116
-422
-440
-319
-236
-289
-467
-738
-884
-825
-711
-606
-581
-610
-708
-854
-869
-789
-671
-572
-490
-411
-490
-656
-739
-663
-533
-468
-377
-277
-265
-418
-571
-505
-344
-236
-151
-30
-19
-252
-402
-224
55
189
162
116
18
-152
-153
28
191
202
138
156
133
6
-101
-67
101
136
35
-86
-295
-445
-422
-312
-255
-351
-504
-570
-526
-442
-316
-179
-89
-23
43
100
94
66
108
184
251
330
383
330
244
250
308
296
255
292
394
463
465
464
472
429
397
509
711
786
677
545
520
565
667
753
715
532
342
322
342
259
122
31
4
-51
-71
-80
-226
-421
-501
-387
-271
-272
-317
-383
-403
-409
-343
-234
-239
-333
-401
-284
-101
22
44
-55
-108
7
283
519
537
355
161
152
299
452
517
466
242
8
-23
58
131
175
103
-47
-136
-152
-54
37
-14
-130
-219
-170
-39
21
-58
-205
-278
-276
-244
-275
-354
-450
-572
-651
-694
-718
-689
-689
-749
-757
-684
-552
-423
-440
-538
-533
-391
-171
-5
10
-109
-266
-286
-90
151
221
106
-54
-101
-18
141
340
431
304
118
180
353
452
509
391
273
248
269
390
410
282
132
81
162
244
238
143
95
71
90
216
257
218
75
-101
-87
-40
4
17
-125
-263
-342
-314
-195
-88
-77
-170
-144
-61
38
149
186
261
304
324
408
471
461
402
398
466
497
424
334
289
240
173
155
258
379
363
226
95
44
69
176
290
295
156
-9
-43
-40
-42
-81
-134
-117
-156
-215
-294
-333
-293
-306
-307
-355
-436
-484
-504
-457
-432
-423
-388
-354
-344
-402
-469
-428
-326
-217
-189
-238
-247
-221
-170
-120
-77
-22
-9
19
99
166
185
200
259
322
344
312
224
132
127
236
292
274
254
168
51
-42
-6
96
99
49
-16
-92
-107
-31
85
189
167
21
-27
33
35
1
5
-9
-61
-140
-218
-238
-227
-140
-28
-1
-17
-69
-68
4
86
197
268
304
318
260
217
244
325
350
261
182
154
133
82
53
98
146
170
160
110
52
54
113
165
192
114
59
81
22
-41
-89
-117
-109
-116
-127
-139
-176
-210
-201
-161
-128
-105
-64
-43
-121
-239
-305
-277
-220
-205
-229
-278
-347
-365
-280
-160
-138
-221
-246
-183
-99
-38
-29
10
61
74
57
20
37
50
21
33
64
111
116
62
19
3
56
156
222
197
107
55
118
222
263
214
83
-14
-15
40
104
115
54
-6
7
17
40
44
-32
-37
-16
-10
32
-22
-118
-139
-152
-100
-21
-8
-22
-106
-152
-101
21
205
241
166
112
66
122
236
247
185
127
109
132
126
135
167
147
103
70
89
101
57
4
-5
49
91
125
97
-50
-146
-167
-150
-112
-150
-185
-206
-292
-368
-361
-296
-238
-211
-216
-243
-254
-213
-157
-129
-130
-150
-148
-124
-102
-102
-128
-125
-87
-34
23
32
29
43
78
163
300
372
319
224
130
142
208
238
253
193
100
32
29
77
146
187
149
46
-16
38
79
88
55
-31
-45
-9
13
-14
-87
-148
-152
-123
-114
-134
-207
-278
-226
-96
-5
15
-7
-46
-63
-17
70
158
210
200
151
125
130
167
224
224
173
107
71
94
160
248
237
161
136
109
91
95
112
85
-31
-120
-125
-106
-96
-138
-155
-136
-139
-120
-98
-88
-135
-223
-250
-221
-149
-133
-191
-278
-346
-309
-250
-171
-121
-188
-254
-300
-271
-123
-38
-48
-99
-152
-124
-67
12
82
76
42
17
89
179
188
174
162
148
143
230
331
351
318
202
167
206
182
172
140
72
21
11
76
116
68
-3
-34
-9
72
136
112
53
-29
-64
-49
-29
0
-55
-146
-203
-223
-157
-107
-102
-95
-101
-73
-21
30
53
32
28
61
116
165
184
139
74
66
84
127
139
97
69
24
47
134
179
231
188
96
100
131
200
255
165
9
-121
-165
-114
-73
-136
-251
-344
-375
-273
-151
-127
-139
-197
-210
-146
-81
-50
-117
-201
-227
-195
-132
-122
-211
-337
-384
-315
-199
-107
-74
-107
-178
-193
-114
21
109
66
-9
-29
21
107
182
175
72
14
4
60
150
142
97
44
45
121
172
184
163
132
117
140
187
202
131
55
36
39
51
54
30
-17
-54
-49
-6
49
78
54
11
-11
-20
10
73
87
53
20
-19
-13
33
34
14
19
36
87
130
129
140
150
138
163
188
156
118
90
73
98
111
106
96
51
26
46
72
73
62
22
-5
-6
-30
-45
-108
-152
-140
-175
-171
-156
-168
-181
-201
-203
-164
-115
-127
-174
-191
-168
-138
-109
-112
-145
-161
-179
-189
-167
-136
-132
-145
-142
-107
-69
-58
-39
-21
-27
-7
36
50
64
80
36
-9
-18
-3
27
38
14
-14
-10
-8
9
25
-8
-38
-72
-69
-12
25
60
65
26
24
53
67
62
39
3
-25
-23
-19
-18
15
26
34
63
85
107
97
94
135
154
162
157
142
131
102
88
100
131
135
109
98
94
123
148
150
175
154
126
141
153
148
104
61
20
-2
7
6
6
4
-8
-9
5
6
1
-10
-30
-48
-76
-77
-66
-68
-82
-100
-86
-61
-71
-90
-103
-121
-136
-112
-95
-90
-85
-104
-105
-96
-85
-73
-92
-105
-107
-106
-94
-76
-56
-35
-36
-59
-69
-63
-55
-44
-67
-82
-82
-73
-18
12
-2
-22
-39
-43
-22
23
19
-20
-35
-25
9
38
43
29
5
-18
-35
-16
8
3
-12
-27
-13
38
66
68
64
45
38
67
79
94
102
85
97
109
128
146
129
113
94
69
79
98
98
102
104
100
108
121
120
110
103
104
95
111
128
113
106
66
22
49
59
39
16
1
22
37
30
24
17
16
-2
-16
-10
-15
-50
-73
-71
-99
-106
-105
-112
-80
-73
-81
-67
-74
-86
-97
-89
-63
-64
-90
-102
-93
-106
-126
-121
-119
-107
-89
-94
-99
-80
-68
-72
-69
-70
-76
-70
-50
-49
-56
-48
-30
-33
-45
-55
-60
-54
-49
-68
-50
-8
-8
-21
-41
-51
-56
-47
-8
17
27
18
5
5
19
38
41
43
59
86
89
65
64
88
99
107
112
91
73
84
87
93
87
81
92
97
115
113
91
84
73
70
66
41
36
52
49
47
48
41
48
37
22
18
25
47
62
47
27
4
-25
-6
3
2
29
24
12
7
-21
-43
-30
-6
9
15
6
-11
-20
-13
-9
-22
-29
-25
-28
-21
-16
-36
-39
-33
-17
-11
-25
-31
-50
-60
-58
-75
-78
-80
-84
-81
-82
-77
-74
-81
-65
-47
-50
-71
-75
-44
-46
-55
-61
-84
-67
-43
-36
-32
-43
-47
-31
-25
-21
-9
-16
-29
-22
-22
-39
-38
-22
-11
11
28
19
20
34
39
41
56
69
73
68
54
46
45
48
65
63
51
49
56
70
69
66
55
42
50
32
29
39
41
69
72
66
68
44
40
27
-7
-2
22
33
36
22
20
20
3
5
1
-7
4
3
-1
6
4
1
7
13
9
-14
-24
-12
2
4
-8
-27
-47
-62
-63
-56
-42
-29
-34
-41
-32
-32
-25
-7
5
14
10
-7
-16
-15
-25
-25
-23
-36
-26
-19
-21
-27
-30
-7
-4
-14
-13
-20
-11
-8
-26
-30
-29
-23
-10
-18
-21
-21
-25
-8
2
4
2
-19
-19
-5
0
8
-2
-8
5
12
24
27
15
17
18
28
38
29
38
36
21
18
13
18
15
7
0
-8
-4
0
-5
-6
0
5
16
27
25
21
17
4
-1
-6
-10
4
2
-1
5
-1
-2
-10
-5
4
-8
0
5
6
18
20
24
16
6
4
3
11
3
4
17
7
1
-3
-14
-14
1
8
-7
-17
-17
-3
-11
-26
-15
-11
-17
-33
-41
-38
-49
-44
-35
-24
-13
-15
2
6
3
7
-7
-3
3
-1
10
11
2
6
13
8
-1
-11
-6
1
-11
-10
4
3
0
-1
-2
5
11
13
19
23
23
25
27
30
31
24
17
11
9
15
14
10
8
3
-10
-9
1
6
9
11
11
9
7
16
22
21
27
26
12
10
12
5
2
1
0
0
-1
1
-1
-2
-4
-4
3
-2
-8
0
-4
-15
-17
-25
-24
-12
-11
-14
-18
-22
-24
-29
-28
-28
-28
-21
-13
-9
-1
-2
-7
-1
-2
-18
-27
-30
-33
-28
-19
-17
-23
-25
-15
-9
-10
-4
-2
-4
-8
-14
-8
3
6
10
14
10
5
3
4
6
8
18
30
34
36
32
26
13
9
20
29
27
15
-1
-5
-1
-2
5
9
24
41
32
22
5
-2
-1
7
12
-3
3
0
-4
2
-6
-5
0
-4
-5
-1
3
18
26
21
16
14
14
8
3
6
9
6
7
5
-10
-22
-17
-9
-9
-2
-5
2
11
-6
-8
-1
-15
-6
4
-14
-15
-13
-17
-20
-33
-31
-16
-15
-16
-18
-34
-43
-39
-24
-17
-19
-15
-15
-15
-11
-11
-15
-12
-5
-3
-8
3
11
9
15
11
6
10
6
11
27
24
27
37
30
26
23
10
9
17
7
-5
-8
-12
-8
-21
-26
-19
-10
5
9
16
15
3
14
17
15
32
25
19
22
-1
-12
-18
-14
-8
-21
-12
1
2
15
22
16
6
3
2
2
6
7
11
9
10
7
-3
-12
-17
-12
-12
19
10
2
22
-5
11
6
1
21
3
23
20
6
-3
-13
11
-6
23
29
0
37
13
9
6
-19
-2
-1
12
-7
-33
-25
-21
-34
-54
-44
-28
-2
26
20
-7
-13
6
0
-48
-90
-76
-46
-45
-67
-84
-83
-59
-9
11
-8
20
125
193
153
65
10
6
42
63
16
-45
-41
3
14
-42
-103
-79
19
94
81
11
-28
-25
-30
-40
-22
7
33
40
-13
-78
-76
-34
-22
-24
1
42
50
6
-43
-67
-59
-15
17
-6
-23
18
45
-1
-50
-38
9
52
66
30
-14
11
68
56
-8
-24
18
37
32
11
-24
-23
28
33
-19
-20
46
118
110
34
-3
14
40
21
-33
-47
-10
21
-5
-68
-94
-50
6
26
19
14
34
54
30
-19
-42
-31
-8
8
-17
-42
-32
-29
-27
-28
-39
-25
10
21
25
17
-9
11
12
4
17
3
18
36
12
-15
-5
21
23
25
8
-4
-8
-18
-26
-35
-37
-21
-2
3
-4
-14
-16
-1
6
-6
-7
19
47
41
22
10
-7
-25
-28
-24
-34
-36
-25
-25
-41
-41
-36
-43
-21
32
67
49
17
13
24
29
8
-10
4
10
16
-4
-39
-23
9
17
17
11
25
54
58
31
7
0
12
25
18
13
13
7
-6
-23
-29
-6
14
8
1
10
22
15
0
-6
1
20
28
13
-13
-8
13
15
0
-40
-48
-16
8
11
-11
-33
-19
4
1
-17
-31
-22
3
2
-14
-28
-45
-35
-13
-13
-13
-16
-11
11
4
-10
4
16
7
4
7
16
19
5
3
-20
-32
-6
-13
-18
-16
-16
-9
1
10
10
7
14
34
31
3
-5
-13
-12
-11
-24
-24
-9
9
6
-1
5
12
37
30
12
19
19
14
-2
-15
-9
-7
-14
-16
-11
1
3
0
6
9
27
55
50
32
32
23
5
-6
-8
-2
1
6
11
-2
-15
-4
10
17
19
21
21
14
3
-2
-16
-35
-23
-20
-21
-16
-19
-15
-17
-4
-2
4
18
14
13
1
5
-6
-21
-10
-8
-4
2
7
8
7
0
4
22
27
23
9
5
17
17
1
-24
-39
-36
-30
-25
-19
-27
-8
18
12
4
-12
-13
-5
-8
-19
-37
-29
-13
-13
-17
-47
-59
-27
8
24
19
21
40
41
19
-1
1
2
7
7
-11
-3
-11
-24
-20
-26
-9
5
6
13
13
9
12
16
15
14
10
3
10
15
7
-3
-6
-7
-4
5
11
22
10
-1
4
-8
-5
9
6
-7
-8
8
11
3
-9
-2
23
29
19
7
-3
11
24
1
-20
-12
13
25
7
-17
-16
1
13
4
-27
-32
7
26
13
-9
-7
22
36
10
-21
-23
-14
7
-3
-32
-22
-12
4
1
-30
-20
6
30
44
20
1
1
27
26
0
-18
-29
-16
-14
-33
-44
-28
1
16
26
16
4
24
18
7
3
1
17
11
-4
-10
-11
-14
-11
6
4
-1
8
13
22
15
11
4
-13
-13
-9
-5
-1
-2
5
7
2
-3
0
-1
-3
-6
-13
-8
-4
-17
-19
-19
-10
4
-11
-10
-2
-9
-1
12
21
18
16
15
8
0
-6
-6
-10
-13
1
4
-6
-7
-7
-3
5
6
7
5
7
17
10
-6
-16
-10
-6
-8
-4
-3
7
20
15
1
-3
5
6
9
0
-14
-3
9
3
-9
-20
-20
-4
-9
-24
-11
-7
-1
7
1
6
3
3
4
-1
7
11
16
16
10
14
2
-1
-1
-12
-4
-3
0
12
4
0
9
5
10
22
13
3
-6
-12
-1
12
10
10
17
6
-6
-7
-5
1
9
10
3
3
2
-2
1
-6
-6
-2
-8
-2
3
3
12
12
8
-1
-15
-20
-15
-3
3
-3
0
2
1
-8
-28
-15
4
8
18
8
-4
7
17
16
8
-8
-19
-13
-3
12
24
17
8
10
15
6
-9
-15
-10
-14
-4
-6
-14
0
-6
-20
-27
-17
-8
0
1
-8
10
9
-1
-8
-28
-19
-14
-11
-2
-7
1
-3
-11
6
9
1
2
3
-3
-4
-4
-8
-10
-16
-10
-7
-14
-2
-3
-6
-7
-5
21
25
25
29
15
9
4
0
-2
1
-2
-8
-7
-12
-10
-14
-24
-18
-15
-11
-7
-5
17
24
23
29
42
49
36
30
30
30
37
38
17
5
11
14
8
-3
-1
15
13
7
7
-13
-12
-5
-12
-11
-19
-20
-14
-13
-7
-8
-10
-13
-21
-31
-33
-21
-12
-18
-27
-16
-12
-17
-14
-11
-7
5
2
0
2
-1
8
13
3
12
21
23
24
6
-5
4
5
3
4
0
0
-2
-6
-7
-10
-9
1
10
13
4
-4
-5
-2
-4
-3
5
4
12
19
15
12
11
4
-24
-29
-21
-17
-6
-20
-16
2
5
16
13
11
20
15
21
13
-4
1
7
16
15
1
-5
-4
1
-2
-1
8
6
15
17
7
9
1
-7
-12
-21
-15
-4
-5
-3
6
16
12
-3
-9
7
17
10
3
-10
-7
-1
-4
-9
-21
-21
-18
-13
-5
-16
-16
-10
-4
5
-3
-7
5
9
3
-9
-13
-12
-13
-16
-20
-10
1
-1
-5
1
6
8
15
15
7
7
14
9
0
-4
-9
-9
-4
-3
0
-2
-9
-10
-5
-13
-18
-11
-6
13
15
1
0
-11
-18
-20
-24
-11
1
5
5
1
8
10
5
7
4
-5
-10
-7
-3
9
15
18
28
21
14
11
14
19
8
17
22
20
18
6
5
15
14
13
15
7
7
16
5
-4
-6
-9
-2
4
-1
-10
-10
-2
-5
2
5
-3
0
-1
-5
-4
-7
-12
-20
-21
-9
-5
-3
1
-3
-3
-3
4
-1
-5
-4
-6
3
-3
0
-1
-11
0
-6
-11
-16
-26
-26
-22
-14
-9
2
9
4
9
-5
-20
-22
-28
-21
-14
-11
3
10
10
15
4
-8
-7
-5
-1
7
12
22
31
31
18
7
6
-5
-12
-9
-3
4
4
11
20
9
10
1
-27
-26
-18
-15
-8
-12
0
3
-2
-2
-9
-11
-4
-10
-15
-6
-5
1
21
12
8
15
15
18
12
4
9
9
23
30
22
25
19
13
10
-8
-17
-19
-13
4
9
1
5
15
7
3
9
19
22
15
5
-1
3
-4
-3
-4
-11
-9
-24
-20
0
-6
-9
6
15
20
24
19
15
9
-8
-14
-14
-23
-22
-14
-15
-14
-10
-7
-5
-3
-5
-12
-22
-23
-16
-9
-1
-1
-4
0
4
-1
-3
-12
-14
-14
-25
-17
-14
-10
-1
-10
-5
-14
-24
-21
-19
-7
8
16
34
42
44
45
28
21
10
-14
-10
0
9
14
9
20
18
-3
-14
-26
-30
-21
-5
9
16
21
16
16
10
-8
-15
-14
-14
-15
-3
2
7
17
2
5
14
12
16
5
-13
-29
-23
-2
7
15
12
21
31
5
-2
-1
-3
9
14
13
17
14
-1
-12
-19
-12
1
0
5
12
5
13
26
32
25
11
-1
-10
-16
-36
-36
-24
-20
-13
-14
-8
5
2
-3
-8
-14
-13
0
14
19
18
15
12
6
2
-4
-9
-4
-1
-1
7
4
1
14
14
7
0
-15
-20
-17
-17
-5
5
4
9
10
7
0
-9
-14
-24
-22
-22
-16
-6
-5
-4
-6
-8
-11
-6
-8
-4
-3
-7
-9
-18
-2
-12
-22
-15
-20
-17
-18
-9
1
8
30
30
30
38
33
20
0
-4
-11
-15
-15
-22
-9
-12
-13
4
0
9
10
-5
1
0
9
17
20
34
36
39
22
-1
10
8
16
23
17
32
27
19
25
22
19
7
15
10
-7
9
4
17
30
14
15
14
16
12
5
2
-8
10
-3
-7
10
-15
-8
-27
-60
-50
-61
-52
-38
-37
-14
-5
0
-9
-18
-12
-18
-11
-17
-22
-14
-19
-18
-25
-26
-30
-41
-36
-33
-31
-20
-30
-17
-2
-18
-4
-7
-6
11
-3
-5
1
14
14
11
16
20
23
6
8
21
16
20
19
10
8
10
11
11
28
29
13
23
13
9
19
1
9
17
16
30
38
36
31
41
43
43
53
48
50
40
35
37
24
17
0
-13
-17
-23
-19
-15
3
0
-10
11
-11
-22
-11
-38
-26
-29
-41
-14
-23
-36
-20
-30
-39
-26
-26
-38
-32
-38
-33
-23
-35
-29
-33
-33
-23
-37
-20
-15
-16
3
-12
0
6
-2
11
-8
6
9
3
24
10
23
25
21
36
22
21
27
32
42
34
38
34
22
26
22
23
22
19
21
8
22
35
27
33
8
3
16
0
11
12
4
7
2
4
-16
-22
-26
-49
-28
-50
-43
-36
-68
-26
-53
-44
-41
-97
-74
-107
-97
-74
-81
-50
-55
-36
-48
-53
-53
-87
-56
-61
-63
-54
-67
-38
-54
-51
-46
-56
-35
-54
-35
-22
-12
23
16
43
39
34
59
52
76
59
54
79
80
108
99
98
105
109
130
138
137
140
152
158
162
153
146
151
145
138
124
100
90
93
78
75
70
37
18
26
33
20
33
7
4
16
2
7
-46
-51
-66
-116
-116
-151
-171
-184
-205
-241
-268
-240
-247
-257
-253
-255
-248
-228
-218
-238
-205
-193
-214
-174
-185
-189
-178
-211
-164
-145
-148
-115
-117
-97
-101
-67
3
25
70
92
110
146
174
188
207
205
203
249
244
301
373
383
472
461
435
499
476
463
458
469
493
515
518
449
479
484
435
462
409
377
378
331
290
236
213
192
145
93
9
-32
-100
-196
-190
-224
-254
-244
-275
-270
-274
-322
-411
-497
-545
-602
-621
-666
-722
-713
-771
-803
-793
-904
-931
-905
-932
-833
-790
-796
-739
-748
-721
-682
-673
-645
-612
-512
-464
-418
-343
-361
-319
-284
-267
-190
-142
-84
-12
56
124
213
272
334
434
526
616
689
766
848
915
929
946
978
980
1003
1022
1040
1035
1071
1125
1074
1105
1119
1036
1058
1009
960
990
935
929
903
797
756
689
569
540
515
416
380
320
216
194
118
-19
-87
-176
-278
-290
-323
-375
-364
-435
-522
-523
-596
-657
-690
-760
-774
-862
-916
-920
-997
-1019
-1075
-1087
-1083
-1116
-1044
-1016
-1017
-989
-977
-956
-960
-981
-961
-892
-897
-883
-800
-799
-743
-672
-648
-583
-546
-517
-452
-350
-309
-262
-191
-233
-190
-123
-123
-67
-5
82
122
179
259
298
404
385
382
469
453
531
565
548
642
694
716
760
787
806
880
903
873
903
861
862
888
818
824
781
752
763
689
710
686
653
682
590
604
621
554
628
574
535
577
425
387
323
209
272
229
188
202
156
157
120
29
0
19
-34
-96
-65
-83
-113
-120
-172
-193
-172
-198
-270
-311
-373
-385
-342
-386
-370
-350
-393
-343
-361
-404
-413
-487
-510
-498
-471
-439
-451
-435
-412
-394
-368
-414
-480
-466
-477
-494
-461
-437
-435
-401
-361
-411
-443
-424
-419
-426
-411
-427
-445
-363
-330
-261
-222
-300
-234
-202
-232
-237
-260
-224
-244
-234
-202
-233
-214
-263
-300
-280
-311
-270
-213
-146
-74
-68
30
106
88
122
111
75
103
95
80
145
143
79
121
141
119
205
266
277
377
468
525
650
718
709
753
777
737
758
744
683
753
801
778
824
807
764
843
840
822
902
849
877
944
932
976
929
855
772
720
647
542
498
397
383
371
271
211
125
96
103
57
26
0
0
-5
-63
-101
-154
-239
-335
-451
-550
-662
-760
-853
-946
-974
-1026
-1071
-1037
-1089
-1149
-1161
-1237
-1220
-1202
-1264
-1221
-1212
-1241
-1232
-1325
-1385
-1396
-1436
-1453
-1501
-1484
-1431
-1396
-1353
-1255
-1148
-1116
-946
-845
-745
-617
-657
-539
-471
-401
-274
-284
-209
-184
-110
7
21
126
169
258
453
519
660
776
817
980
1042
1115
1218
1222
1264
1303
1365
1433
1451
1437
1454
1547
1548
1520
1554
1519
1531
1558
1537
1556
1552
1564
1578
1559
1557
1493
1438
1406
1322
1289
1251
1161
1111
1057
993
852
747
711
586
523
412
272
207
103
74
12
-74
-87
-165
-243
-302
-456
-558
-652
-792
-843
-975
-1065
-1068
-1137
-1173
-1276
-1364
-1416
-1486
-1495
-1521
-1491
-1445
-1423
-1372
-1375
-1373
-1429
-1452
-1365
-1327
-1343
-1421
-1408
-1358
-1366
-1358
-1351
-1316
-1285
-1209
-1105
-1037
-960
-857
-727
-590
-482
-411
-353
-342
-317
-254
-201
-201
-252
-204
-132
-52
28
23
122
248
300
427
496
541
661
743
844
951
970
976
1002
961
887
882
843
819
862
868
903
906
897
1004
1018
1022
1097
1085
1139
1158
1050
1047
1078
1026
1007
988
859
753
718
653
647
660
585
573
588
539
570
536
507
488
405
415
331
320
305
187
207
116
62
40
-69
-104
-196
-241
-262
-300
-253
-268
-246
-234
-300
-290
-320
-345
-371
-406
-344
-350
-370
-428
-515
-519
-566
-593
-618
-638
-644
-666
-627
-610
-608
-606
-605
-601
-587
-590
-590
-548
-516
-479
-479
-514
-517
-463
-465
-515
-518
-537
-517
-511
-501
-496
-520
-480
-455
-397
-340
-339
-302
-302
-288
-200
-188
-238
-195
-205
-235
-152
-211
-245
-177
-221
-159
-129
-126
-60
-89
-31
38
76
126
119
174
199
199
236
229
223
200
212
253
257
273
263
247
263
293
339
370
391
433
524
572
573
599
597
618
628
589
577
577
547
474
485
492
466
494
468
471
485
471
515
553
554
585
599
585
598
548
499
449
373
333
329
283
189
168
105
114
176
104
108
110
85
122
96
40
22
-14
-47
-24
-55
-157
-198
-207
-273
-277
-245
-298
-290
-279
-353
-346
-351
-416
-400
-437
-499
-458
-463
-492
-454
-458
-448
-390
-399
-441
-479
-504
-504
-495
-517
-521
-471
-453
-429
-423
-411
-411
-425
-413
-442
-410
-398
-344
-264
-239
-173
-191
-146
-105
-152
-136
-134
-149
-139
-75
-14
-38
-29
5
-9
28
48
45
104
100
139
247
280
292
255
216
212
225
241
197
205
221
223
280
251
217
219
221
246
268
316
286
272
309
272
274
263
237
234
171
133
116
115
102
57
60
48
89
161
148
133
130
161
168
136
94
30
83
114
79
50
-34
-65
-86
-141
-150
-129
-87
-27
-1
-17
-9
-29
-12
47
26
26
55
17
26
45
-21
-35
-31
-49
-19
-27
-61
-59
-65
-47
-6
-32
-47
-22
-10
35
66
53
25
0
-10
0
-9
-50
-40
-39
-46
-27
-59
-12
-11
-76
-38
-98
-66
-29
-116
-42
-50
-97
-32
-51
-108
-106
-100
-125
-77
-81
-138
-87
-135
-173
-83
-141
-164
-123
-160
-94
-90
-125
-107
-135
-116
-119
-106
-97
-113
-71
-61
-94
-109
-109
-117
-117
-157
-162
-109
-115
-58
-11
-56
-38
-4
13
26
38
29
31
87
78
67
89
47
70
94
71
64
40
27
47
83
98
110
136
129
143
147
159
179
203
232
191
232
266
219
212
149
143
161
121
144
129
108
140
162
205
218
219
239
220
185
153
134
137
137
106
69
39
28
1
-39
-33
-31
-43
-41
-19
-2
-6
-8
-38
-41
-13
-37
-19
-17
-68
-44
-28
-71
-89
-115
-155
-122
-124
-180
-178
-199
-211
-178
-171
-161
-127
-126
-161
-156
-137
-164
-175
-140
-125
-116
-143
-205
-196
-193
-161
-130
-168
-144
-117
-106
-57
-49
-61
-35
-16
-27
-32
-50
-58
-32
7
36
33
28
9
-6
30
3
-7
49
46
77
107
105
137
102
82
99
83
90
88
93
124
149
152
147
148
121
101
93
74
52
8
22
74
91
80
72
83
68
47
29
22
41
26
13
24
20
9
15
-20
-58
-51
-73
-56
-25
-37
-24
-9
0
-19
-57
-53
-30
-18
-9
-11
-20
-40
-52
-51
-46
-32
-57
-64
-50
-47
-40
-41
-15
-30
-40
-17
-22
-13
-19
-25
-18
1
2
-2
21
-1
-3
1
-14
-9
-12
-11
5
5
8
25
24
24
48
32
16
29
26
35
25
8
17
10
11
13
3
5
7
6
1
-2
0
9
30
35
28
31
30
27
22
14
6
2
-4
-17
-29
-36
-30
-19
-11
-7
-12
-13
-20
-16
-8
0
8
-8
-12
-12
-20
-18
-25
-27
-36
-33
-22
-21
-11
-11
-12
-4
-11
-16
-10
-15
-10
-1
-9
-13
-7
-4
0
11
12
13
6
4
26
37
49
41
25
28
11
4
6
9
13
12
17
17
14
5
-8
3
9
10
16
7
14
22
5
6
1
4
12
11
2
2
5
-6
0
-7
-17
-4
-19
-24
-14
-13
-8
1
6
4
6
2
1
3
6
6
2
-1
0
0
-3
0
4
5
5
4
-1
-6
-7
-8
-11
-15
-20
-23
-21
-12
-2
-2
-9
-10
-4
-2
0
3
5
10
6
-6
-4
-7
-6
13
18
7
5
0
3
14
12
4
-3
-7
-6
-3
1
10
15
15
14
15
8
-2
-4
-7
-6
4
-3
-9
1
4
9
16
17
21
19
15
10
-4
-6
-2
1
11
2
-3
11
8
3
11
12
16
23
24
28
27
14
8
2
-7
-16
-11
-9
-17
-16
-11
-17
-26
-34
-31
-29
-27
-16
-14
-22
-16
-7
-11
-12
-8
1
2
-6
-9
-7
-1
1
-3
-3
-9
-15
-11
-6
1
6
6
7
6
4
2
3
7
4
3
3
0
-4
-2
-2
-5
8
12
16
23
12
13
23
25
20
25
26
15
3
-7
-5
-5
-5
-2
-4
3
-5
-9
8
11
6
6
-2
-2
3
4
8
9
5
8
11
8
8
0
-11
-12
-13
-5
-3
-9
-9
-19
-19
-23
-33
-31
-19
-8
2
11
8
16
20
5
-1
-8
-9
-4
-4
5
9
14
10
-3
-4
1
14
13
17
24
8
4
6
1
3
10
-4
-11
-10
-10
-13
-16
-4
1
6
9
8
2
-2
9
10
8
6
8
5
2
5
2
-5
-9
-4
4
-7
-11
1
9
6
-4
-10
-3
-4
-9
-9
-10
-4
1
0
11
14
11
11
2
-2
1
2
1
-1
-4
-2
1
1
-8
-26
-34
-36
-26
-16
-11
-5
-5
-9
-6
-5
-13
-10
-4
3
13
14
9
4
-3
-8
-4
4
11
9
5
-2
-6
0
11
14
14
16
16
19
19
11
7
3
-2
-2
3
1
-6
-10
-3
3
3
4
4
2
0
5
16
25
26
19
14
20
18
10
15
19
20
21
14
7
3
-3
-8
-9
-5
-3
-7
-5
3
10
13
12
11
11
4
-5
-9
-17
-32
-38
-24
-17
-20
-15
-3
-3
1
8
5
2
0
-7
-3
0
-11
-21
-19
-14
-8
-9
-17
-18
-15
-14
-10
-13
-19
-15
-15
-20
-16
-10
-3
9
20
25
23
17
13
10
9
7
-4
-8
-5
0
4
-6
-18
-19
-17
-11
-6
-6
-4
0
3
5
6
5
8
10
19
26
33
36
37
36
28
21
20
16
7
2
5
7
1
-11
-19
-11
3
3
2
14
15
7
7
3
9
15
4
0
1
-5
-5
-6
-8
-2
-3
-8
-3
-1
0
-1
0
0
-4
-9
-14
-18
-13
-13
-19
-19
-19
-19
-23
-28
-23
-11
0
6
10
11
14
18
10
15
14
6
8
0
3
10
6
6
-5
-11
-9
-17
-12
-10
0
11
1
8
11
14
16
0
-4
1
0
-3
-6
8
13
9
3
-5
-3
4
3
5
16
14
4
3
-6
-4
5
-6
3
13
6
13
1
-5
-13
-27
-30
-31
-29
-27
-25
-13
-4
-3
4
7
7
18
25
27
19
4
-1
0
-6
-12
-11
-8
-9
-19
-17
-8
-4
-1
-9
6
12
9
9
-3
0
2
6
15
18
22
26
29
25
16
9
5
9
5
-2
-3
2
6
5
-1
-2
2
-2
-6
1
11
14
14
10
6
2
-13
-26
-20
-15
-13
-8
2
0
-13
-24
-25
-20
-18
-7
-7
-8
1
-3
-6
-12
-18
-8
-7
-3
4
-2
-6
-8
-9
-12
-12
-13
-7
8
17
21
26
20
15
23
27
14
-3
-12
-15
-12
-10
-9
-8
-11
-10
-1
-13
-16
7
10
6
18
23
23
16
6
6
11
9
-1
-4
-5
-7
-7
-10
-8
-6
-9
-7
2
3
3
6
7
13
19
23
19
18
20
4
3
2
-1
7
0
3
8
7
12
5
2
1
-1
1
4
2
0
2
3
0
-7
-13
-10
-14
-20
-9
-6
-4
5
9
13
5
-10
-8
-11
-13
-2
0
-4
-16
-34
-34
-32
-33
-24
-18
-12
-2
-3
-10
-16
-23
-16
-13
-7
1
-8
-7
-7
-15
-2
3
5
20
19
23
28
14
16
25
24
35
32
20
21
9
-3
-3
-5
10
15
2
6
8
16
16
1
8
14
7
13
10
3
4
-4
-6
-7
-16
-17
-15
-4
5
8
14
18
16
13
14
11
10
2
-7
-7
-7
-4
-4
-11
-12
-21
-25
-20
-19
-14
-14
-10
-1
-4
-7
0
3
2
6
3
5
2
-8
-9
-19
-20
-6
-12
-19
-10
-6
-8
-11
-6
11
14
5
7
9
3
-2
-7
-1
2
-5
2
9
4
-3
-12
-8
5
14
22
20
12
11
12
11
9
2
2
10
8
4
14
21
17
6
0
0
-5
-10
-2
4
4
9
13
11
7
5
7
9
8
11
5
-4
-4
3
2
-2
-7
-12
-12
-11
-10
-11
-12
-16
-15
-18
-18
-7
-10
-12
-9
-15
-18
-15
-28
-24
-10
-10
-7
-6
-12
-8
-2
-6
-3
-2
-8
-11
-11
-10
3
15
18
24
23
21
22
20
18
19
19
16
7
-1
-2
-2
-4
-3
-1
3
8
12
11
10
11
14
12
12
15
17
15
4
-3
2
6
6
5
-1
-3
-4
-10
-10
-7
-8
-6
-1
7
15
7
-5
-13
-17
-20
-29
-30
-21
-16
-8
-6
-9
-5
-10
-13
-2
5
12
18
13
9
8
10
13
9
5
1
1
2
-6
-11
-5
-5
-2
0
-3
3
7
0
-3
-5
-3
9
16
23
27
19
6
-1
-1
0
-2
-4
-6
-6
-10
-12
-5
2
3
5
2
6
14
17
16
12
8
13
14
1
-7
-10
-9
-6
-10
-12
-2
1
-4
-1
-3
-6
-5
-7
-3
5
2
-1
-1
0
7
7
1
-7
-13
-17
-19
-14
-6
-1
-2
-5
-7
-3
4
1
-7
-10
-2
-1
-2
-6
3
11
10
6
-10
-7
-6
-6
-2
-11
-12
-12
-11
-12
-15
-15
-15
-14
-9
-4
0
1
4
9
18
26
29
29
25
21
18
15
23
20
14
11
1
3
1
7
14
11
20
19
14
9
7
11
5
6
8
-4
-6
1
4
-2
-8
-1
-1
-1
3
-1
-4
-2
-1
5
6
-1
0
-5
-11
-15
-18
-13
-14
-10
-1
-2
-2
4
-4
-8
-15
-25
-22
-25
-15
-3
-1
1
-12
-7
-3
-14
-21
-25
-24
-18
-11
-6
-12
-15
-5
0
2
4
8
14
15
12
5
0
3
9
13
12
5
-2
-3
-5
-3
4
5
2
3
2
9
16
17
22
28
28
30
26
22
20
14
7
4
-1
-1
5
3
2
1
-6
-12
-18
-21
-4
17
22
18
8
1
4
-1
-1
3
0
-2
-4
-13
-12
-11
-7
6
5
-2
-7
-17
-16
-11
-7
-2
-1
6
12
16
9
-10
-19
-14
-11
-3
-4
-8
0
-7
-17
-20
-29
-31
-28
-32
-21
-9
-3
8
9
13
13
4
4
2
2
7
6
7
10
1
1
4
6
9
7
2
7
12
13
14
14
11
10
4
-2
-9
-11
-11
2
13
17
19
25
19
13
16
11
-1
3
16
15
16
15
-1
0
11
6
4
13
5
-9
-14
-10
-4
-7
-14
-10
-8
-11
-7
-3
2
10
6
-4
-5
-7
-12
-14
-13
-6
2
-6
-19
-21
-15
-13
-11
-10
-14
-10
-6
-8
-3
-3
-2
6
7
6
8
0
2
6
2
7
12
10
11
8
7
7
10
11
9
4
5
7
5
4
4
4
6
9
10
6
6
2
-5
-11
-16
-13
-13
-19
