2
2
2
-2
-1
2
4
4
6
5
2
3
5
4
2
2
2
2
0
0
2
2
2
3
3
4
2
0
1
1
1
1
0
-1
-3
-2
-1
-2
-3
-3
-4
-3
-4
-4
0
0
-1
-1
-1
-1
-1
-1
-1
-1
0
-1
-1
-1
-1
-1
-1
2
2
2
0
1
3
1
0
-1
0
2
2
1
2
1
0
0
2
3
1
-1
0
0
1
0
0
0
0
1
2
2
3
2
2
2
2
1
1
1
2
1
0
1
1
1
1
1
3
4
5
3
-1
0
0
1
0
0
2
3
2
0
-2
-1
-2
0
2
2
3
1
0
1
1
1
2
1
1
2
1
0
0
0
0
1
1
1
0
0
0
1
0
0
-1
0
1
-1
-1
-3
-3
-3
-2
-1
-2
-1
-2
-3
1
1
0
0
-1
-4
-3
0
2
-1
0
1
0
-1
-2
0
3
3
1
2
4
5
2
1
2
2
1
0
0
1
2
1
2
2
2
3
2
3
3
2
1
-1
-2
-4
-5
-5
-5
-1
1
0
-1
-1
0
0
-4
-3
-1
1
0
-1
-3
1
0
-2
1
1
1
4
3
1
4
0
1
3
-1
1
5
2
1
0
0
-1
-2
0
0
0
0
3
3
2
-1
0
2
3
-3
-3
2
1
-2
-2
-1
0
1
3
3
1
2
2
-1
-1
1
0
1
2
1
3
1
3
2
2
4
0
2
-1
0
-1
-1
-2
-2
-2
-2
-2
0
0
-1
-2
-2
-3
-3
-4
-3
-3
-1
0
2
2
1
1
1
0
-1
-1
-1
-1
-2
-1
-1
-1
1
2
1
2
2
1
1
4
2
0
3
3
0
-2
0
-2
-1
-1
0
0
0
1
-1
-1
0
-1
-2
0
3
0
-1
0
1
0
3
3
0
-2
-1
2
3
2
2
2
4
3
2
0
1
0
2
1
1
3
1
1
3
5
0
4
0
-1
-3
-1
-3
-2
-2
1
0
0
1
2
0
1
-1
1
-2
1
0
0
0
1
0
3
4
4
2
2
0
-2
0
2
2
1
1
0
-1
2
2
1
-2
-1
1
1
-1
-1
0
0
-2
-3
-2
-3
-2
-1
1
0
0
-1
1
-1
-3
-3
0
2
1
0
-1
0
1
0
0
-1
-2
0
1
1
0
0
1
0
0
-2
-3
-1
0
0
1
1
1
1
1
1
1
0
1
1
1
0
-2
-3
-3
0
-1
0
0
-4
-4
-2
-3
-1
0
-2
-1
0
-1
0
0
0
0
1
1
1
1
2
2
1
5
6
4
6
-1
-2
4
4
4
6
4
3
4
-1
0
3
3
2
1
0
-2
-3
0
2
1
1
-1
-1
0
-2
0
0
2
2
0
0
1
-1
0
0
2
2
-3
-4
-2
-2
-2
-1
0
1
-2
-1
1
3
1
-2
0
3
2
0
1
0
1
1
1
3
1
0
0
1
2
3
4
2
2
1
-1
-1
2
2
2
1
0
-2
-1
-1
-2
-1
1
-1
1
0
1
-2
-3
-3
1
1
0
-2
0
0
-1
-2
0
1
0
1
1
0
0
-3
-4
0
2
-4
-6
1
2
-2
-1
1
1
0
2
2
2
4
5
3
1
0
1
2
4
3
2
0
0
-1
-1
-2
-1
-1
0
0
0
0
-4
-5
-4
-2
-5
-2
0
-3
-4
-2
0
-4
-2
1
-1
-2
-1
-1
-2
-1
1
0
-1
-4
-2
0
1
1
3
1
-2
1
2
-1
0
1
2
4
3
3
3
3
3
4
-1
2
4
0
0
-2
-4
-2
-3
2
-1
-1
3
2
2
1
0
2
-1
0
-1
1
2
0
1
3
0
-1
0
-1
-4
-2
3
3
0
-1
0
1
0
-1
0
2
2
0
2
0
1
0
3
5
2
4
1
-1
3
1
2
4
0
0
1
-1
1
1
0
1
2
2
2
-1
1
2
2
1
0
-4
-3
-1
-1
-1
1
3
0
-3
0
-2
-1
0
1
4
-1
-2
-2
-3
-1
1
1
1
0
-2
0
-2
-4
-3
0
3
2
-1
-1
-1
0
0
2
2
1
0
0
0
1
3
4
3
2
2
3
2
0
1
1
2
-2
-1
0
1
0
-1
0
1
-1
0
-1
2
2
2
4
3
1
-1
1
-1
-1
-2
0
1
0
-1
-1
1
1
2
5
4
5
4
4
3
2
3
1
0
-1
-2
-1
-1
-1
0
1
0
0
0
0
-1
-1
2
1
1
0
-1
0
0
-2
-1
1
2
2
1
1
2
0
-2
-3
-2
-1
-1
0
-1
-1
-1
-1
0
0
-1
-3
-3
-2
-1
0
1
2
-1
1
1
3
1
0
1
2
2
1
1
3
4
3
3
4
5
3
1
0
-1
-2
-3
-2
-2
0
1
0
1
2
0
-2
-1
-2
-2
-1
0
-1
0
0
-1
-2
1
-2
-2
0
-1
-3
2
-1
-3
1
-2
0
3
-3
-2
3
2
-1
-1
0
1
-2
-2
0
1
1
1
0
2
3
5
1
-2
0
3
4
6
5
1
2
5
2
-4
0
3
-2
-4
-3
1
1
1
3
2
1
0
-1
1
-1
3
2
3
1
0
-1
-1
0
-2
0
-1
-1
-1
-1
1
1
2
3
2
1
0
0
-2
-3
-1
-1
-2
-4
-3
-1
-1
-2
-1
1
2
1
0
-1
0
0
1
1
2
1
3
3
2
2
2
3
3
2
1
1
0
1
0
2
1
-1
0
1
1
-1
-3
2
0
-4
-2
-2
-3
1
-4
-3
3
1
1
4
0
0
0
0
1
1
0
-2
0
-2
-1
-1
2
2
0
-2
-5
-3
-2
-2
-2
-2
-2
-2
-2
-2
-1
-3
-3
-4
-3
-2
-1
1
2
2
1
1
0
-1
-1
-1
1
2
3
4
3
4
3
3
3
5
2
1
2
1
0
-1
-3
-2
-1
-1
-1
0
0
-1
0
0
1
-1
0
0
-1
-4
-5
-3
-1
-2
-3
-3
0
1
2
4
3
2
3
3
1
-1
0
-1
0
2
3
2
-1
0
0
1
2
4
1
0
1
-1
1
-4
-3
-1
-2
2
-4
-2
1
-2
2
-2
0
-1
-3
-1
-1
0
-2
-3
-1
2
0
-2
-2
0
2
-1
-1
2
2
-1
0
3
2
-1
-2
0
-1
-2
0
2
3
2
2
2
2
0
0
4
4
1
-2
0
1
0
1
2
2
0
-1
0
2
0
-1
0
1
1
-2
-1
1
4
3
1
1
1
-2
-4
-3
-1
0
2
1
2
3
3
1
1
1
-1
1
0
-1
-2
0
0
1
1
1
1
1
1
1
1
0
1
1
3
2
1
0
0
0
0
1
2
-1
-1
-3
-1
-2
0
-2
-4
-1
-1
-2
0
-3
-3
-1
-1
-3
-6
0
-1
-6
-3
-1
-1
-3
-1
-1
-3
0
2
3
2
1
-1
0
0
0
1
2
2
3
3
5
4
4
3
2
2
1
0
1
1
1
1
1
1
1
1
0
-1
-2
-2
-1
0
1
2
1
2
3
3
3
1
1
-1
0
2
2
3
2
1
2
1
2
1
1
2
1
2
1
0
-2
-4
-3
-1
0
1
1
0
-1
-1
0
1
3
2
2
1
0
0
1
2
1
0
1
-1
0
1
3
3
4
3
3
4
2
-1
-2
2
2
1
-1
-3
-4
-3
-2
-1
-1
-4
-3
-1
-1
-1
-2
-2
-1
-1
-2
-1
-1
-1
-1
-2
-1
0
-3
-1
0
-1
0
-1
-1
1
1
0
0
1
1
2
2
0
-1
-1
-1
0
3
4
3
1
2
2
1
0
-1
2
3
2
2
2
1
1
1
1
1
1
3
4
1
-2
-4
-4
0
1
1
0
-1
-1
-1
0
0
-1
-3
-2
-2
0
3
2
1
-1
0
0
1
0
-1
3
4
3
2
2
3
3
3
2
2
3
1
1
1
0
0
1
1
1
0
-1
-3
-3
-3
-1
1
0
1
2
1
1
2
3
2
1
1
0
0
-2
-4
-3
-2
-2
-3
-1
0
0
1
1
2
4
5
3
2
1
1
2
4
4
4
4
3
1
2
0
1
1
1
1
0
0
1
1
-1
-2
-2
-1
-1
-3
-3
0
-1
-4
-2
0
0
-1
1
1
1
1
0
-2
-3
-2
-5
-4
-3
-1
-1
-1
-2
-4
-3
-2
-2
-5
-5
-5
-4
-3
-3
-1
-2
-1
-2
-1
-1
0
0
2
2
2
3
1
2
2
3
3
2
1
1
0
0
-1
0
1
0
1
3
4
3
-1
-1
0
1
2
-1
-3
-3
-3
-2
2
0
-1
1
2
-1
-4
-4
-2
-1
0
0
-2
-1
1
1
1
2
1
0
0
1
2
3
3
3
2
0
0
-2
-1
1
2
4
4
2
1
0
-3
-2
1
1
4
4
2
2
0
0
5
3
1
6
5
2
5
1
3
7
3
1
2
-1
-1
1
1
0
-2
-3
-2
-1
-1
-1
1
3
0
-1
0
0
1
1
2
1
-2
-2
-1
1
0
0
2
2
-1
-3
-4
-4
-2
-3
-3
0
2
1
-1
-3
-2
-2
-2
-2
2
5
2
-2
-5
-3
-2
-2
-3
-3
-2
0
2
4
5
3
3
5
6
4
2
4
8
12
10
6
3
-1
-5
-6
-4
-3
-3
-6
-5
-5
-3
-2
-1
-1
-1
-1
-3
-2
-2
-6
-6
-5
-3
-3
-3
-1
2
2
3
3
4
3
3
-1
-3
-5
-6
-4
-1
0
1
-2
-5
-5
-3
0
1
4
4
3
2
4
8
10
10
9
10
11
10
9
7
6
7
6
6
3
1
2
3
1
-5
-4
3
0
-4
-6
-13
-9
-7
-21
-14
-8
-17
-9
-7
-13
-7
4
4
-2
-1
2
2
-6
-6
1
-7
1
3
4
6
4
7
5
2
0
-4
-3
-1
1
5
6
3
4
2
-6
6
8
7
20
9
2
2
-2
0
3
-4
-5
-6
-10
-1
-11
9
-3
-2
30
-24
6
32
-28
23
32
-45
4
18
-53
-2
-7
-21
-3
-28
28
5
-21
40
9
-29
3
13
-12
-6
26
19
-2
12
20
11
8
17
23
7
3
-3
-12
-1
-11
-23
-6
-6
6
51
34
-21
-13
-34
-84
-43
-37
-93
-50
-61
-169
-139
-121
-132
60
198
170
145
109
85
60
61
65
29
60
61
-21
19
5
54
264
21
-17
183
-44
6
54
-57
-3
-48
-49
-104
-143
-47
-78
-69
-56
-156
-92
-149
-160
2
-107
-58
89
44
34
10
12
-22
44
104
79
273
206
37
38
-196
-239
-138
-111
14
122
89
-110
-141
-30
-84
-50
92
88
230
221
16
99
-27
-28
-2
-211
109
175
86
227
-7
86
52
-244
63
49
42
263
8
-24
-165
-364
-305
-336
4
184
83
189
-12
-276
-136
-295
-434
-22
-93
-380
-354
-248
-200
-440
-130
250
215
483
321
275
640
406
390
701
617
456
660
455
-215
186
343
-99
287
-69
-373
95
-411
-746
-429
-438
-653
-587
-311
-701
-772
-215
-421
-573
-471
-663
-423
-192
-395
-337
-162
-234
-326
-120
72
-139
393
1233
1128
1245
1406
1228
1181
1104
1469
1662
1425
1228
834
524
-50
-447
-307
-384
-548
-709
-703
-1152
-1830
-1894
-2016
-1732
-1655
-2022
-1542
-1315
-1099
-469
-461
-308
-11
305
920
1193
1332
1547
1525
1294
1100
1077
1190
1329
1116
913
1171
856
278
99
-184
-200
-175
55
109
-576
-684
-948
-1421
-1166
-1229
-1107
-540
-449
-505
-366
-469
-812
-416
99
-60
198
744
577
262
440
148
-32
536
683
466
469
654
273
2
312
11
-136
186
25
42
319
-119
-296
-58
-524
-397
152
63
222
131
-125
-143
-451
-501
-348
-179
-195
-330
-55
-84
-513
-492
-163
-228
-143
422
452
176
35
-93
119
241
252
364
325
438
201
13
513
282
-146
196
97
-206
-61
-53
-202
-271
-323
-125
249
-34
-285
-123
-236
29
261
236
234
-22
-60
40
88
88
12
-113
-86
3
54
271
81
-204
-164
-15
162
-33
-17
133
-40
16
-195
-561
-489
-131
164
152
173
54
-5
107
-129
-265
235
467
117
300
303
-87
-220
-316
-135
-138
-66
234
178
223
-1
-338
-244
-309
-238
15
134
172
-47
-49
158
33
-174
-125
189
440
488
577
324
-79
-210
-274
42
85
-149
64
97
-177
-516
-459
-206
-413
-202
204
31
-25
-134
-387
-237
-99
142
463
347
461
383
-19
267
145
-54
385
458
375
212
91
-32
-268
-193
-132
-52
179
124
-143
-265
-518
-570
-169
-190
-158
72
-166
-252
-191
-168
-220
-255
46
196
302
347
195
10
-188
-20
208
357
320
67
170
130
-16
93
17
39
128
37
12
77
85
-190
-338
-310
-395
-49
234
19
21
-15
-188
-137
-66
57
84
100
280
79
61
179
-234
-125
179
236
358
130
88
25
-210
-8
90
33
74
-30
11
81
-193
-277
-165
-205
-183
-143
-84
12
-41
-101
-66
-50
1
10
-54
55
125
-20
64
256
101
-138
-202
-143
1
70
23
23
-29
-140
-57
80
36
-101
-88
-37
-108
-158
-80
-126
-213
-61
-117
-86
18
-4
141
-39
-29
159
74
157
202
108
98
251
318
309
302
201
223
210
248
322
234
261
119
-38
-51
-3
99
-90
-23
96
-69
-272
-396
-220
-236
-281
-72
20
-95
-276
-344
-326
-251
-81
108
214
328
170
-70
108
142
104
261
386
422
158
139
29
-273
-82
-136
4
162
-139
-199
-360
-429
-393
-392
-271
-188
-104
-205
-214
-64
-121
-133
32
131
213
443
439
241
233
86
49
193
152
275
215
2
-77
-292
-250
-190
-258
-165
-112
78
81
-124
-111
-280
-290
16
150
210
236
114
-25
-57
-177
-70
74
73
291
171
118
94
-191
-223
-195
-71
-28
24
37
-71
-130
-331
-134
11
-108
170
131
15
125
-55
-55
-29
-173
53
344
180
141
279
107
-123
-57
305
345
196
120
117
7
-83
184
-114
-119
196
-102
61
188
-46
-194
-292
-20
207
263
379
194
-27
-111
-71
241
316
398
472
222
113
-27
-7
73
0
191
136
67
213
-87
-321
-213
-139
-165
-144
72
9
-196
-247
-310
-102
-113
-309
-150
0
-15
-36
70
-229
-410
-42
-130
-108
142
32
-14
-45
-174
-260
-210
-63
27
43
84
134
-89
-239
-202
-309
-228
-125
-76
-89
-276
-255
-375
-488
-351
-337
-201
-259
-319
-89
-292
-340
-188
-305
-130
-16
15
1
-2
218
37
-35
140
108
159
227
216
144
146
98
-18
36
162
295
256
221
247
202
264
179
235
242
94
310
318
211
185
273
328
147
196
292
330
378
378
231
253
330
184
305
280
196
259
227
312
197
85
71
63
221
70
34
191
40
21
-11
-78
52
65
-55
-100
-13
66
20
-102
-129
-118
-150
-87
-11
-2
-2
-85
-202
-151
-145
-280
-173
-19
-158
-218
-157
-251
-344
-343
-337
-232
-147
-215
-286
-353
-407
-450
-392
-322
-317
-222
-219
-245
-301
-265
-201
-194
-202
-212
41
-104
-205
13
-237
-259
-101
-156
-93
6
-104
-204
-81
-118
-202
-54
18
-47
9
43
-79
-46
50
0
46
129
144
154
104
89
216
110
-2
250
99
79
393
156
-45
86
178
81
202
324
167
309
313
236
385
376
394
413
493
555
513
579
632
507
335
653
533
317
760
398
313
571
240
335
490
253
238
455
122
81
398
48
-39
250
86
-76
139
-123
-302
138
-170
-424
141
-192
-407
279
-292
-501
195
-185
-236
149
-176
-140
226
-458
-349
121
-583
-116
-159
-590
69
-410
-491
-182
-592
-169
-241
-619
-63
-309
-437
-159
-661
-344
-109
-614
-380
-241
-351
-258
-142
-314
-726
-291
-241
-598
-111
-373
-432
-173
-584
-313
-493
-532
-132
-616
-251
-295
-627
-27
-699
-618
-80
-671
-311
-183
-528
-463
-225
-286
-516
-294
-333
-104
3
-288
-46
73
-151
117
524
62
108
735
311
197
855
736
615
983
1139
1213
844
742
1133
1233
1339
777
792
1606
930
655
677
522
1233
768
435
885
847
707
583
402
129
579
668
288
537
600
333
119
38
93
131
-40
90
164
169
216
-297
-123
83
-255
-46
-41
-118
-42
-36
-21
-295
-329
-316
-352
-91
-152
-280
-326
-393
-238
-197
-437
-647
-418
-288
-481
-427
-288
-212
-554
-786
-584
-529
-279
-445
-738
-469
-493
-599
-709
-790
-573
-530
-567
-674
-657
-428
-797
-917
-429
-558
-533
-565
-1161
-749
-422
-783
-635
-819
-951
-837
-1120
-1128
-884
-574
-773
-1131
-702
-627
-914
-721
-239
-139
-568
-169
349
145
266
427
601
680
616
1224
1371
890
1354
1807
1529
1251
1346
1987
1780
1232
1822
1902
1298
1197
1205
1510
1656
1183
1638
1934
1451
1247
1237
1653
1532
1541
1647
1376
1253
898
961
282
109
945
613
326
-108
153
506
-747
-757
51
448
49
-732
-114
25
-214
-457
-698
-52
-124
-359
-382
-152
176
-605
-676
-99
-420
-710
-820
-451
-257
-1011
-1190
-980
-521
-654
-1125
-818
-1113
-715
-710
-1482
-1290
-1239
-915
-1297
-1826
-1693
-2119
-2368
-2600
-2451
-1965
-2016
-2257
-2873
-3276
-2959
-2742
-2574
-2139
-1667
-1497
-1766
-1893
-1375
-667
-815
-924
54
1047
1126
550
959
1883
1593
1074
1804
3249
3053
2040
2240
2666
2637
1931
1631
2148
2323
2267
1451
1163
1837
1225
203
151
865
894
93
-148
28
160
-432
-720
9
204
-103
-2
240
91
-171
-107
521
1056
896
872
1365
1558
990
605
1340
2156
1563
992
1727
1923
1108
854
1303
1549
1377
1022
1151
1431
967
366
471
1023
603
257
742
470
-130
-826
-804
-172
-464
-779
-516
-92
-560
-1397
-1015
-530
-727
-1165
-851
-141
-263
-458
-922
-957
-571
-1081
-1159
-705
-448
-792
-1634
-1924
-2030
-2720
-3451
-3305
-2584
-2228
-2726
-3613
-4362
-4697
-4585
-4385
-3695
-2637
-2262
-2850
-3311
-2955
-2382
-2095
-1509
-657
-195
584
845
772
981
752
1327
2077
2729
3559
3457
2933
2707
2833
2829
2819
3054
3394
3213
2484
2459
2408
1740
1399
1245
1085
1317
1301
701
407
140
-587
-809
-215
60
-353
-628
-485
-450
-601
-425
-43
-49
-196
182
773
793
710
1234
1575
1163
1009
1722
2419
2216
1563
1491
2099
2396
1871
1577
1974
1802
1008
831
1360
1755
1195
357
631
1058
463
-215
-246
-12
-197
-503
-31
300
-314
-882
-1022
-862
-576
-602
-442
1
-191
-642
-508
-215
-269
-393
-197
-4
-360
-706
-601
-793
-1229
-1421
-1743
-2086
-2474
-3337
-4041
-4154
-3974
-3763
-3998
-4689
-5490
-6026
-5794
-5223
-4852
-4506
-4253
-4056
-4073
-4322
-3674
-2321
-1819
-1761
-980
65
575
651
842
1404
2035
2591
3328
4015
4119
3730
3435
3585
3904
4059
4112
4014
3770
3464
3133
2978
2760
2374
2126
1749
1338
1124
756
453
28
-685
-749
-595
-988
-1266
-1187
-909
-836
-1152
-913
-428
-733
-1016
-550
167
613
706
969
1466
1589
1550
1914
2465
2736
2626
2601
3055
3352
2987
2602
2524
2468
2386
2221
2093
2096
1720
1013
755
807
439
-105
-190
-85
-239
-453
-571
-689
-862
-1088
-1069
-682
-458
-579
-527
-320
-453
-587
-211
76
-66
-91
16
18
-158
-618
-825
-623
-853
-1476
-1781
-2144
-3223
-4317
-4391
-3970
-3854
-4016
-4520
-5332
-6372
-7187
-6616
-5335
-4992
-4931
-4552
-4620
-4904
-4841
-4124
-2638
-1720
-1735
-1009
143
335
85
272
1356
2704
3175
3682
4502
4330
3717
3597
4092
5060
5404
5170
5128
4730
4050
3707
3555
3458
3159
2670
2424
2251
1707
793
-20
-393
-579
-741
-828
-959
-1146
-1349
-1634
-1944
-1995
-1631
-1252
-1133
-923
-515
-239
-183
-6
543
1189
1726
2184
2468
2750
2904
2730
2895
3414
3718
3814
3437
2994
3092
2889
2334
2323
2540
2463
1963
1192
806
609
129
-267
-185
33
-291
-944
-1350
-1418
-1449
-1490
-1426
-986
-560
-793
-989
-1118
-976
-832
-714
-187
-127
72
-116
-719
-895
-1011
-921
-1226
-1611
-2047
-2903
-3768
-4383
-4378
-3964
-4098
-4965
-5830
-6721
-7079
-6798
-5900
-5095
-5448
-5513
-5458
-5451
-5101
-4602
-3191
-2076
-1912
-1658
-1037
-252
191
517
1339
2512
3458
3707
3704
3967
4145
4167
4533
5373
5861
5377
4601
4378
4471
4322
4095
4025
3742
2911
2025
1755
1774
1326
451
-63
10
-67
-613
-1104
-1274
-1496
-1831
-1860
-1459
-1221
-1393
-1469
-1320
-907
-535
-233
422
779
887
1155
1519
2083
2255
2517
3127
3402
3618
3560
3412
3216
3216
3460
3279
3349
3094
2430
2154
1736
1322
1196
1080
673
282
-102
-466
-482
-741
-1162
-1234
-1096
-1054
-1214
-1216
-1094
-967
-1038
-1118
-636
-286
-283
-458
-657
-478
-527
-697
-722
-786
-1060
-1938
-2591
-2866
-3346
-3904
-4248
-3918
-3895
-4838
-6059
-6789
-6559
-6105
-5721
-5347
-5252
-5532
-5962
-5800
-4885
-3740
-2854
-2409
-2120
-1640
-1203
-587
386
1139
1762
2474
3081
3484
3672
3640
4050
4919
5277
5597
5833
5405
4888
4443
4564
4978
4860
4552
3833
2927
2220
1846
1971
1792
1135
529
226
-276
-1050
-1599
-1633
-1387
-1581
-1763
-1788
-1840
-2124
-2445
-1890
-1261
-806
-233
54
290
253
327
1165
2130
2782
2906
2833
3022
3100
3287
3565
3728
3762
3447
3233
3013
2799
2778
2561
2391
2019
1447
1113
654
185
58
77
14
-294
-743
-1059
-1291
-1285
-960
-610
-430
-707
-1053
-928
-698
-420
-164
-356
-667
-851
-1042
-1055
-1097
-1315
-1711
-2532
-3356
-3726
-3942
-4162
-4230
-4478
-5272
-6499
-7255
-6845
-6078
-5814
-6016
-6064
-6217
-6344
-5797
-4974
-3740
-2951
-2902
-2585
-2090
-1431
-581
326
1187
1994
2386
2601
3177
3597
3829
4367
4993
5309
5512
5274
4879
4801
4830
5221
5196
4661
4104
3474
2880
2432
2433
2305
1666
746
-41
-203
-386
-968
-1318
-1446
-1845
-2301
-2470
-2308
-2110
-2139
-2013
-1756
-1667
-1519
-971
-126
360
403
782
1468
1924
2225
2518
2902
3311
3551
3850
4074
3821
3528
3670
3863
3697
3369
3167
2901
2367
1818
1600
1562
1193
507
144
150
-128
-709
-992
-923
-1008
-1235
-1179
-972
-1028
-1294
-1323
-958
-541
-454
-578
-756
-930
-927
-908
-892
-1125
-1706
-2195
-2811
-3362
-3621
-3727
-3530
-3833
-4628
-5705
-6595
-6174
-5506
-5151
-5377
-5754
-5726
-6053
-5826
-4973
-3777
-2994
-3195
-3048
-2497
-1648
-943
-323
755
1533
1987
2221
2578
3155
3541
4185
4834
5320
5379
5051
4922
4840
5107
5360
5317
4905
4111
3638
3343
3165
3114
2967
2357
1289
655
518
267
-285
-645
-784
-1228
-1731
-2109
-2135
-1980
-2082
-1980
-1753
-1553
-1531
-1498
-888
-291
70
471
903
1262
1444
1674
2231
2993
3307
3334
3393
3182
3182
3447
3693
3753
3304
2786
2447
2198
1894
1742
1776
1234
545
129
-43
2
-465
-890
-874
-926
-1129
-1307
-1167
-1115
-1132
-1221
-1167
-728
-874
-1081
-990
-951
-795
-1046
-1287
-1462
-1869
-2439
-3120
-3157
-3200
-3339
-3452
-3934
-4634
-5852
-6180
-5317
-4436
-4452
-5343
-5524
-5548
-5543
-4884
-4014
-2990
-2807
-3192
-3037
-2294
-1335
-822
-211
582
1231
1522
1563
2140
2708
3226
3762
4228
4593
4435
4426
4547
4749
5085
5162
5052
4482
3904
3628
3377
3348
3186
2808
2067
1061
665
650
588
124
-686
-1145
-1570
-2026
-2259
-2080
-1856
-2220
-2522
-2616
-2357
-1904
-1760
-1248
-659
-443
-198
151
558
1101
1660
2183
2815
3084
3015
3079
3223
3526
3829
3883
3923
3725
3084
2666
2517
2331
2265
2039
1434
777
311
169
125
-257
-626
-783
-1026
-1137
-1212
-1324
-1140
-1128
-1357
-1068
-776
-996
-1353
-1516
-1058
-775
-1131
-1337
-1540
-1988
-2707
-3137
-2844
-2723
-2884
-3294
-3791
-4342
-5263
-5400
-4718
-4005
-4055
-4825
-4952
-4888
-4819
-4429
-3546
-2450
-2469
-2966
-2802
-2053
-1271
-792
-247
424
1012
1069
1189
2006
2626
3155
3552
3717
4052
4105
4201
4550
4854
5064
4924
4610
4413
4339
4277
4091
3763
3397
2921
2259
1744
1657
1698
1202
234
-493
-803
-936
-1276
-1573
-1467
-1576
-2184
-2721
-2626
-2262
-1834
-1510
-1374
-1108
-1249
-1137
-350
410
950
1058
1275
1786
2205
2431
2599
2919
3279
3370
3139
3160
3343
3139
2820
2628
2463
2348
2059
1525
1195
1023
647
223
-146
-401
-443
-489
-656
-958
-1217
-1202
-1194
-1294
-1102
-937
-1094
-1250
-1614
-1615
-1409
-1622
-1612
-1672
-2121
-2808
-3297
-3236
-3131
-3181
-3415
-3590
-4165
-5163
-5220
-4569
-3921
-3938
-4627
-4598
-4376
-4475
-4166
-3388
-2625
-2585
-2924
-2664
-1760
-1202
-967
-381
195
482
644
1075
1802
2249
2399
2720
3188
3511
3665
3777
4018
4286
4422
4535
4420
4130
4158
4254
4079
3868
3646
3285
2830
2249
2023
2153
1730
976
474
302
-65
-751
-1113
-1082
-990
-1566
-2141
-2006
-2003
-2001
-1984
-1807
-1331
-1352
-1426
-1033
-401
-196
-217
343
953
1484
1458
1353
1808
2081
2398
2647
2892
2922
2605
2308
2212
2576
2564
2254
2025
1578
1183
888
712
605
429
157
-81
-274
-636
-689
-646
-834
-910
-926
-665
-704
-1129
-1338
-1358
-1153
-1223
-1425
-1447
-1741
-2384
-2886
-2898
-2867
-3025
-3197
-3283
-3567
-4387
-5048
-4781
-3922
-3586
-4165
-4416
-4173
-4260
-4131
-3514
-2827
-2473
-2597
-2500
-1946
-1404
-1096
-737
-198
219
560
851
1222
1732
2033
2394
2882
3072
3243
3556
3794
4136
4373
4398
4434
4198
4057
4353
4419
4194
4028
3777
3345
2752
2347
2502
2605
1994
1037
470
397
132
-501
-661
-439
-875
-1713
-2083
-1905
-1669
-1785
-1647
-1219
-1471
-1976
-1725
-970
-240
-37
-109
326
647
702
966
1470
2105
2178
1949
2180
2604
2452
2263
2567
2605
2371
1894
1671
1925
1667
1220
1175
997
375
-69
7
200
167
-275
-524
-505
-787
-995
-929
-677
-822
-1463
-1628
-1512
-1686
-2178
-2410
-2280
-2706
-3399
-3645
-3435
-3372
-3859
-4192
-4395
-4751
-4994
-4751
-4066
-3941
-4388
-4611
-4243
-3663
-3461
-3119
-2499
-2208
-2423
-2421
-1481
-561
-357
-368
-14
576
724
856
1379
2117
2500
2252
2207
2562
3031
3187
3241
3640
3822
3567
3246
3357
3714
3820
3722
3595
3483
3177
2764
2597
2770
2826
2222
1581
1416
1380
1021
327
93
166
-37
-370
-753
-961
-1072
-1243
-1275
-1022
-847
-1090
-1207
-1059
-879
-516
-311
-208
110
268
519
758
810
1147
1389
1465
1674
1890
1919
1830
1726
1632
1852
1737
1348
1425
1407
1156
852
595
520
448
327
167
109
-54
-355
-427
-480
-459
-418
-659
-960
-1188
-1280
-1377
-1619
-1855
-2089
-2438
-2893
-3250
-3408
-3389
-3479
-3735
-3874
-4335
-4886
-4812
-4224
-3566
-3745
-4341
-4158
-3740
-3573
-3192
-2494
-1974
-1985
-2235
-1938
-886
-282
-243
30
427
806
816
1062
1878
2286
2193
2220
2582
2829
2946
2995
3258
3724
3589
3298
3250
3341
3611
3662
3547
3561
3365
2915
2664
2551
2611
2716
2325
1768
1429
1059
762
499
229
282
177
-422
-937
-1107
-924
-805
-1004
-918
-814
-1175
-1288
-929
-483
-225
-424
-493
47
459
541
683
800
1047
1253
1162
1408
1891
1805
1549
1555
1637
1680
1324
1143
1307
1235
1077
727
339
177
160
146
198
192
-146
-327
-539
-627
-312
-360
-613
-886
-1123
-991
-1138
-1670
-1885
-1966
-2349
-2877
-3228
-3251
-3253
-3598
-3881
-4070
-4633
-4982
-4586
-3961
-3817
-4221
-4450
-4133
-3759
-3521
-3031
-2271
-1843
-2111
-2299
-1545
-551
-244
-162
248
702
808
794
1258
1966
2230
2218
2254
2306
2401
2534
2826
3219
3253
2934
2648
2546
2680
2961
3172
3129
2810
2439
2203
2118
2204
2370
2332
1887
1335
1185
1325
1208
789
523
529
406
21
-271
-260
-162
-271
-508
-554
-521
-606
-518
-205
-70
-248
-462
-305
281
693
607
512
643
722
766
981
1305
1524
1442
1207
1181
1269
1206
1131
1146
1152
1052
767
474
396
384
369
398
266
-4
-136
-190
-222
-192
-276
-541
-875
-1054
-899
-881
-1377
-1895
-2147
-2352
-2652
-3048
-3196
-3049
-3254
-3848
-4246
-4469
-4631
-4508
-4127
-3802
-3932
-4393
-4416
-3887
-3387
-2922
-2299
-1840
-1917
-2233
-1841
-627
184
169
240
684
970
1009
1341
2181
2738
2474
2180
2417
2778
2969
3069
3291
3450
3030
2490
2634
3100
3197
2916
2644
2579
2399
2061
2067
2310
2233
1842
1428
1197
1130
991
903
908
633
236
133
177
106
-96
-149
45
2
-328
-363
-67
215
307
204
169
259
252
418
883
1097
876
620
705
1047
1109
1007
1218
1311
955
636
734
1022
924
516
490
657
383
-61
-89
184
162
-216
-375
-202
-174
-409
-527
-412
-417
-735
-1037
-1046
-927
-946
-1293
-1899
-2403
-2755
-3069
-3164
-3070
-3078
-3463
-4355
-5115
-4951
-4218
-3850
-4087
-4434
-4516
-4398
-4065
-3436
-2801
-2430
-2270
-2173
-1977
-1536
-838
-61
503
701
722
899
1273
1680
2148
2674
2909
2661
2410
2620
3021
3188
3264
3398
3211
2606
2298
2692
3110
2912
2496
2389
2286
1819
1457
1713
2080
1729
916
633
939
920
427
275
610
599
27
-264
-3
101
-151
-177
167
254
-173
-333
179
570
383
99
190
557
715
688
881
1005
767
630
847
1075
1069
971
931
835
640
578
720
755
463
164
149
113
-130
-189
60
107
-252
-513
-310
-23
-122
-387
-346
-202
-456
-862
-838
-605
-785
-1301
-1668
-1941
-2435
-2897
-2821
-2421
-2531
-3419
-4341
-4574
-4257
-3863
-3624
-3669
-4042
-4438
-4317
-3607
-2869
-2495
-2329
-2151
-1958
-1734
-1290
-518
182
393
459
793
1132
1289
1593
2240
2836
2836
2417
2375
2818
3147
3237
3352
3367
3042
2589
2550
2972
3115
2730
2416
2287
1961
1566
1580
1954
1898
1157
578
586
689
528
304
298
241
-202
-495
-210
65
-133
-360
-176
28
-168
-256
210
679
591
282
323
644
828
939
1223
1340
1025
774
961
1247
1263
1151
1159
1066
625
288
496
814
655
222
56
50
-258
-625
-437
46
-7
-562
-795
-554
-436
-561
-515
-337
-432
-786
-969
-813
-731
-1085
-1564
-1816
-2050
-2467
-2728
-2590
-2607
-3330
-4271
-4602
-4221
-3689
-3612
-3961
-4240
-4305
-4209
-3785
-3071
-2481
-2296
-2340
-2235
-1833
-1257
-646
-89
309
512
624
822
1163
1586
2087
2476
2507
2367
2339
2517
2846
3065
3114
3077
2793
2449
2465
2721
2845
2663
2346
2167
1959
1595
1499
1800
1836
1242
657
666
877
742
412
295
354
228
-66
-106
98
87
-122
-7
373
352
-11
50
589
876
687
585
796
897
853
980
1230
1338
1147
939
1061
1189
1125
1086
990
794
592
433
433
387
172
42
-76
-279
-417
-511
-504
-415
-484
-558
-472
-498
-675
-730
-615
-506
-653
-978
-1033
-928
-1192
-1722
-2107
-2295
-2392
-2478
-2535
-2725
-3470
-4374
-4411
-3708
-3334
-3666
-4147
-4181
-3923
-3800
-3524
-2789
-2157
-2158
-2342
-1961
-1174
-672
-378
174
756
899
863
1190
1751
2070
2216
2526
2819
2710
2443
2576
3031
3289
3232
3022
2713
2453
2488
2718
2726
2434
2146
1938
1652
1393
1442
1645
1463
873
512
617
712
428
142
318
489
175
-146
-134
-9
89
178
335
436
286
194
488
891
1013
907
924
1117
1217
1223
1311
1387
1295
1158
1177
1289
1252
1022
779
635
507
357
259
143
-84
-286
-390
-530
-735
-859
-853
-870
-974
-1056
-1030
-976
-1130
-1404
-1325
-1038
-1126
-1506
-1737
-1748
-1873
-2377
-2809
-2717
-2511
-2652
-3121
-3795
-4339
-4345
-3845
-3299
-3351
-4022
-4361
-3971
-3490
-3167
-2686
-2075
-1786
-1939
-1835
-986
-75
231
327
812
1454
1662
1589
1901
2592
2981
2820
2666
2902
3162
3146
3134
3290
3259
2876
2573
2682
2847
2619
2185
2020
2070
1851
1345
1068
1187
1199
782
331
244
280
92
-141
-118
-1
-87
-245
-199
-44
-16
-22
126
303
355
446
729
992
1024
956
1013
1218
1488
1722
1796
1671
1515
1528
1678
1755
1694
1594
1460
1199
911
802
790
577
172
-89
-110
-216
-608
-988
-1028
-897
-971
-1223
-1389
-1449
-1547
-1646
-1629
-1574
-1697
-2016
-2293
-2408
-2581
-2934
-3148
-2963
-2739
-3075
-3953
-4610
-4415
-3705
-3360
-3634
-4048
-4254
-4239
-3833
-2997
-2273
-2146
-2339
-2210
-1684
-1070
-429
328
872
930
900
1288
1965
2327
2618
3118
3443
3282
2811
2903
3469
3805
3759
3537
3387
2978
2552
2736
3199
3103
2374
1867
1769
1560
1231
1250
1459
992
110
-287
-28
200
-192
-501
-414
-385
-686
-995
-721
-373
-406
-442
-205
-41
-239
-183
482
1030
843
512
748
1270
1515
1586
1826
2008
1860
1697
1904
2221
2180
1889
1745
1701
1478
1197
1109
1036
697
324
246
196
-243
-785
-833
-579
-736
-1325
-1675
-1608
-1640
-1907
-1984
-1866
-2144
-2841
-3229
-3090
-3049
-3406
-3573
-3367
-3547
-4485
-5158
-4692
-3843
-3751
-4307
-4431
-4205
-4168
-4099
-3504
-2530
-2227
-2404
-2343
-1776
-1061
-623
-23
532
833
888
1128
1829
2392
2740
3002
3208
3223
3232
3566
3883
3929
3895
3914
3794
3514
3344
3415
3465
3191
2767
2540
2404
1982
1603
1710
1708
1074
396
344
634
421
-319
-606
-290
-293
-731
-921
-736
-632
-816
-869
-555
-429
-637
-544
-87
261
226
49
344
932
1153
1190
1338
1424
1413
1485
1837
2205
2093
1756
1642
1636
1612
1594
1512
1268
945
772
722
475
22
-212
-44
-32
-621
-1254
-1300
-1138
-1384
-1819
-1955
-2015
-2474
-3083
-3261
-3118
-3217
-3570
-3726
-3791
-4289
-4956
-4887
-4145
-3874
-4411
-4766
-4427
-4081
-4083
-3817
-3000
-2346
-2362
-2500
-2045
-1218
-663
-323
235
793
913
910
1365
2112
2601
2753
2856
2970
2992
3088
3481
3895
3862
3501
3323
3390
3413
3401
3424
3272
2894
2579
2463
2341
2101
1961
1916
1605
986
599
785
946
539
53
-87
-164
-349
-483
-405
-292
-513
-817
-715
-467
-431
-424
-222
-20
-103
-259
-50
408
692
717
682
815
1036
1067
1130
1451
1649
1570
1443
1328
1261
1266
1315
1358
1183
817
566
430
290
268
322
163
-348
-848
-852
-620
-765
-1173
-1491
-1706
-1982
-2448
-2791
-2848
-3024
-3260
-3376
-3697
-4296
-4812
-4752
-4150
-3961
-4453
-4784
-4581
-4274
-4178
-3956
-3289
-2736
-2785
-2838
-2233
-1324
-822
-628
-179
417
714
882
1350
1993
2378
2505
2657
2829
2915
3028
3283
3505
3443
3172
2983
3010
3144
3204
3073
2774
2487
2376
2364
2246
2052
1968
1880
1520
1069
999
1221
1167
744
429
403
349
147
94
242
207
-115
-272
-79
21
-148
-143
173
315
53
-159
81
519
668
560
570
723
735
683
888
1203
1225
1014
918
968
961
901
917
918
702
383
280
348
286
100
3
-117
-458
-792
-823
-775
-1002
-1345
-1487
-1629
-2159
-2826
-2977
-2656
-2578
-3048
-3677
-4158
-4464
-4427
-3973
-3648
-4030
-4718
-4768
-4120
-3629
-3597
-3388
-2777
-2458
-2647
-2498
-1589
-715
-508
-417
130
686
774
919
1690
2541
2689
2417
2478
2870
3119
3224
3455
3650
3406
2867
2681
3031
3302
3004
2482
2248
2169
1946
1761
1772
1687
1306
950
871
821
652
535
479
426
366
240
132
135
170
222
296
302
250
246
403
651
771
740
699
722
848
1063
1267
1300
1132
1015
1138
1302
1292
1258
1335
1318
1057
806
799
873
803
626
440
200
-125
-354
-291
-184
-371
-755
-1110
-1343
-1428
-1466
-1566
-1806
-2235
-2699
-3006
-3140
-3099
-2953
-3018
-3570
-4349
-4628
-4166
-3607
-3545
-3851
-4173
-4319
-4193
-3739
-3077
-2615
-2587
-2650
-2482
-2105
-1542
-844
-225
90
102
191
674
1267
1701
2145
2543
2572
2378
2463
2965
3481
3628
3520
3390
3178
2944
2945
3154
3257
3017
2567
2216
1909
1592
1565
1726
1563
983
433
345
524
435
168
86
6
-214
-293
-131
42
-24
-175
-55
146
134
214
552
825
803
652
737
1043
1266
1419
1568
1576
1426
1321
1504
1819
1843
1669
1618
1520
1273
1156
1210
1159
858
557
486
330
-111
-389
-347
-423
-868
-1406
-1610
-1630
-1924
-2363
-2631
-2870
-3302
-3778
-3894
-3644
-3645
-4152
-4661
-4840
-4758
-4463
-4134
-4095
-4344
-4502
-4257
-3752
-3320
-2953
-2544
-2204
-2007
-1777
-1299
-628
-62
270
526
832
1131
1386
1728
2229
2674
2823
2770
2796
3013
3285
3448
3517
3532
3423
3187
3004
3077
3224
3052
2696
2499
2317
2002
1734
1695
1703
1334
724
412
370
309
159
-33
-162
-329
-581
-609
-351
-196
-317
-434
-297
-123
-64
154
537
656
499
552
953
1262
1278
1333
1571
1703
1623
1606
1792
1956
1939
1841
1772
1722
1667
1579
1429
1228
1024
890
801
605
249
-66
-280
-573
-971
-1261
-1446
-1800
-2312
-2780
-3169
-3565
-3822
-3862
-3948
-4398
-5147
-5552
-5404
-4927
-4795
-5154
-5374
-5304
-4899
-4536
-4105
-3624
-3303
-2972
-2711
-2217
-1613
-925
-345
93
566
858
1197
1521
2058
2661
3017
3160
3060
3114
3305
3586
3858
3910
3750
3480
3339
3361
3427
3335
3062
2800
2656
2522
2241
1972
1854
1670
1298
942
766
595
325
71
-102
-289
-479
-496
-529
-501
-606
-854
-781
-599
-365
-253
-164
-47
-2
111
264
669
949
1057
1132
1081
1172
1334
1562
1689
1692
1679
1578
1475
1438
1493
1537
1453
1229
1027
912
762
536
308
127
-51
-270
-544
-893
-1243
-1599
-2015
-2402
-2616
-2697
-2935
-3482
-4156
-4581
-4654
-4552
-4506
-4721
-5091
-5464
-5397
-4972
-4626
-4397
-4219
-3850
-3702
-3573
-3009
-2177
-1451
-1224
-939
-463
42
521
1014
1792
2318
2267
2086
2449
3203
3537
3526
3607
3728
3542
3298
3485
3792
3819
3457
3187
3141
2962
2769
2602
2708
2631
2169
1751
1541
1564
1414
1326
1159
776
364
119
215
180
104
-77
-288
-398
-493
-385
-267
-144
-128
-229
-263
-168
119
445
638
580
438
525
864
1121
1131
1150
1249
1175
903
874
1170
1295
1064
792
716
679
432
176
188
166
-192
-613
-757
-796
-1121
-1640
-1959
-2113
-2317
-2513
-2618
-2860
-3445
-3978
-3926
-3551
-3475
-3802
-4185
-4284
-4117
-3941
-3756
-3459
-3226
-3150
-3102
-2900
-2419
-1854
-1472
-1213
-962
-623
-226
77
440
933
1300
1467
1554
1804
2170
2298
2369
2592
2671
2601
2562
2625
2725
2647
2532
2558
2537
2398
2204
2098
2146
2094
1926
1822
1720
1552
1360
1302
1394
1329
1106
942
798
661
622
657
669
543
352
285
317
336
326
307
298
272
240
328
482
502
444
501
690
776
603
465
621
777
722
565
461
453
332
111
81
148
-35
-370
-589
-658
-801
-1079
-1160
-1189
-1436
-1967
-2459
-2477
-2311
-2284
-2572
-3000
-3379
-3635
-3391
-3023
-2899
-3101
-3545
-3492
-3098
-2790
-2528
-2263
-2000
-2066
-2069
-1699
-1060
-598
-537
-292
21
276
396
619
1187
1572
1671
1604
1648
1850
1985
2105
2332
2480
2257
1961
1907
2102
2259
2059
1784
1702
1592
1400
1325
1327
1277
1082
824
745
822
812
668
615
671
621
537
554
613
670
742
813
761
632
726
959
1039
1021
966
932
985
1021
1152
1339
1246
988
938
1139
1281
1138
962
922
853
741
631
599
587
294
-66
-95
-95
-384
-704
-825
-891
-1191
-1638
-1864
-1906
-2049
-2350
-2747
-3027
-3034
-3006
-3124
-3410
-3791
-3937
-3816
-3608
-3312
-3249
-3509
-3605
-3360
-2880
-2402
-2187
-1982
-1673
-1522
-1385
-995
-405
149
328
288
524
907
1173
1484
1812
2018
2028
1861
1903
2217
2419
2467
2398
2249
2162
1993
1827
1979
2124
1897
1522
1281
1222
1168
1049
1019
919
540
253
271
331
299
152
-19
3
78
5
-25
92
169
136
171
358
491
490
590
806
902
927
1072
1278
1379
1401
1554
1694
1622
1575
1668
1743
1726
1569
1410
1366
1184
1028
1028
917
641
278
23
-81
-236
-617
-856
-1016
-1359
-1626
-1992
-2210
-2446
-2843
-3001
-3038
-3127
-3443
-3724
-3973
-4073
-3899
-3769
-3646
-3778
-3907
-3721
-3429
-3001
-2585
-2318
-2052
-1712
-1411
-1026
-552
-121
395
730
814
1041
1366
1725
2020
2198
2414
2472
2329
2326
2546
2723
2740
2570
2380
2314
2173
2026
2012
2012
1834
1424
1116
1127
1111
892
737
671
512
280
188
233
172
-16
-134
-155
-195
-186
-194
-172
-87
-93
-67
-25
67
208
283
385
497
513
544
763
954
1030
1097
1174
1212
1194
1316
1433
1380
1281
1251
1251
1091
960
967
882
643
345
209
129
-81
-380
-655
-774
-963
-1263
-1534
-1808
-2062
-2402
-2674
-2714
-2774
-3043
-3333
-3528
-3683
-3744
-3691
-3508
-3338
-3334
-3505
-3542
-3213
-2679
-2262
-2141
-1911
-1588
-1338
-1023
-573
42
431
540
636
961
1391
1679
1972
2221
2369
2282
2176
2394
2688
2783
2586
2377
2309
2197
2117
2075
1990
1820
1547
1344
1208
1106
1009
785
600
577
442
196
116
139
89
-62
-126
-91
-135
-162
-55
104
28
-104
62
242
322
407
462
503
499
621
835
854
850
956
1072
1115
1057
1090
1233
1304
1194
1004
950
987
998
859
709
649
396
121
22
-39
-161
-476
-773
-989
-1247
-1442
-1631
-1888
-2210
-2469
-2633
-2822
-2944
-3029
-3185
-3431
-3571
-3440
-3272
-3195
-3178
-3171
-3066
-2809
-2438
-2091
-1816
-1600
-1309
-952
-687
-294
188
576
799
909
1185
1563
1865
2051
2242
2462
2430
2264
2384
2719
2819
2544
2237
2219
2239
2039
1843
1772
1651
1385
1080
926
898
731
419
252
231
60
-228
-267
-129
-224
-479
-507
-374
-379
-429
-306
-157
-179
-221
-94
121
298
381
427
541
635
673
869
1159
1226
1118
1138
1316
1369
1279
1358
1534
1385
1034
959
1114
1037
715
553
558
318
-115
-319
-311
-439
-797
-1170
-1356
-1490
-1786
-2075
-2190
-2341
-2666
-2970
-3047
-3000
-3121
-3408
-3571
-3534
-3393
-3231
-3173
-3170
-3074
-2895
-2604
-2215
-1851
-1536
-1307
-1085
-684
-217
144
476
807
1076
1288
1547
1916
2228
2325
2402
2612
2739
2670
2608
2717
2862
2744
2391
2230
2311
2158
1768
1643
1687
1404
974
867
900
643
276
247
309
-52
-392
-268
-182
-402
-631
-639
-497
-430
-529
-494
-301
-290
-254
-137
1
149
151
239
472
540
488
650
952
1016
930
1035
1310
1365
1275
1411
1461
1325
1229
1253
1300
1121
925
827
711
489
244
79
-122
-308
-586
-902
-1150
-1347
-1543
-1895
-2173
-2320
-2504
-2779
-3073
-3164
-3091
-3204
-3526
-3655
-3511
-3295
-3148
-3120
-3108
-2990
-2702
-2262
-1931
-1789
-1412
-926
-649
-434
-85
476
881
1067
1338
1667
1950
2159
2324
2518
2777
2870
2761
2753
2846
2844
2723
2657
2647
2453
2083
1887
1939
1851
1476
1139
1012
882
639
387
248
214
84
-255
-471
-344
-347
-569
-667
-623
-635
-738
-606
-438
-505
-527
-338
-118
-104
-82
141
370
446
458
543
686
822
915
1022
1080
1019
1033
1198
1221
1078
1033
1030
992
864
702
607
512
268
-15
-52
-199
-609
-953
-1135
-1236
-1540
-1986
-2278
-2438
-2626
-2847
-3037
-3233
-3405
-3506
-3565
-3626
-3564
-3366
-3267
-3273
-3129
-2836
-2515
-2211
-2009
-1650
-1166
-873
-560
-136
252
536
930
1386
1573
1712
2051
2411
2533
2557
2739
2925
2906
2815
2878
2920
2800
2687
2634
2524
2296
2062
1980
1948
1727
1442
1258
1074
838
698
646
497
236
7
-36
-36
-106
-205
-287
-287
-355
-352
-202
-147
-231
-258
-65
78
45
89
298
390
350
465
624
672
671
763
845
763
755
816
832
765
607
601
548
402
326
191
18
-197
-317
-387
-584
-902
-1187
-1240
-1334
-1650
-2060
-2286
-2236
-2338
-2720
-2997
-3043
-3062
-3124
-3234
-3350
-3336
-3167
-3018
-2975
-2834
-2571
-2369
-2173
-1825
-1410
-1124
-913
-523
-54
239
496
835
1138
1390
1644
1933
2200
2238
2190
2438
2773
2708
2432
2425
2609
2614
2389
2193
2147
2026
1775
1679
1662
1428
1118
960
903
770
527
402
388
199
-13
21
35
-133
-208
-107
-72
-211
-301
-158
11
-9
-43
84
232
271
292
404
547
623
657
724
812
847
838
877
941
940
880
804
748
696
655
628
518
289
107
-10
-151
-272
-456
-679
-940
-1243
-1405
-1526
-1755
-2066
-2291
-2447
-2636
-2776
-3012
-3199
-3164
-3104
-3096
-3269
-3426
-3276
-2963
-2685
-2635
-2579
-2290
-2015
-1762
-1355
-902
-639
-445
-120
273
626
975
1313
1515
1724
1996
2180
2375
2578
2637
2695
2809
2774
2649
2640
2668
2567
2390
2243
2095
1907
1747
1617
1403
1128
969
872
659
423
303
251
167
2
-153
-207
-191
-155
-214
-363
-346
-212
-171
-179
-123
-24
21
85
254
354
398
517
563
634
843
845
778
885
1022
987
808
813
969
971
654
508
692
579
227
6
-31
-137
-380
-600
-881
-1090
-1280
-1593
-1793
-1900
-2058
-2282
-2603
-2831
-2872
-2892
-3013
-3154
-3141
-3156
-3237
-3275
-3199
-2912
-2673
-2576
-2511
-2291
-1967
-1716
-1276
-786
-602
-533
-160
357
675
961
1239
1469
1717
1929
2082
2266
2489
2583
2561
2549
2553
2557
2582
2571
2443
2199
1971
1929
1895
1645
1443
1400
1103
731
768
825
544
262
211
167
10
-92
-55
-137
-336
-235
-110
-245
-270
-139
-41
7
82
95
73
233
395
476
521
467
495
654
782
800
779
788
822
853
786
772
817
703
562
489
346
140
78
66
-201
-507
-650
-747
-931
-1267
-1527
-1610
-1709
-1931
-2183
-2399
-2598
-2637
-2617
-2757
-2898
-2886
-2831
-2761
-2669
-2651
-2535
-2206
-1949
-1914
-1750
-1387
-1080
-782
-507
-281
-56
274
663
913
1098
1358
1667
1781
1869
2136
2226
2188
2337
2447
2275
2178
2294
2246
2029
1917
1887
1719
1466
1350
1312
1148
898
721
608
522
439
271
95
75
71
-59
-113
-53
-118
-233
-125
59
-16
-194
-68
230
239
111
215
336
342
472
600
520
477
641
769
716
662
668
627
629
671
619
512
361
190
135
101
-54
-271
-504
-680
-781
-1000
-1302
-1464
-1580
-1737
-1910
-2232
-2573
-2578
-2437
-2587
-2869
-2890
-2819
-2904
-2890
-2674
-2530
-2448
-2270
-2060
-1914
-1756
-1416
-980
-720
-562
-300
10
329
670
927
1179
1483
1586
1572
1876
2312
2329
2115
2257
2529
2394
2202
2343
2386
2103
1932
1940
1817
1598
1504
1440
1181
949
873
776
598
497
475
230
25
96
126
1
-95
-20
-7
-84
-32
73
97
133
262
325
290
331
492
608
587
546
615
743
771
674
596
704
721
528
425
495
478
125
-66
81
-57
-402
-518
-550
-777
-1078
-1274
-1344
-1449
-1739
-1961
-2015
-2159
-2472
-2627
-2441
-2478
-2808
-2869
-2717
-2664
-2716
-2568
-2335
-2305
-2209
-1969
-1745
-1485
-1220
-1029
-726
-354
-128
75
311
658
1082
1238
1244
1495
1827
2004
2117
2165
2212
2348
2350
2252
2380
2431
2129
2007
2138
1960
1633
1594
1614
1421
1123
909
863
838
680
526
421
256
130
136
149
90
22
10
26
10
18
111
204
180
147
290
464
450
417
535
658
657
604
604
626
596
595
620
482
248
155
130
34
-90
-308
-614
-745
-783
-1044
-1379
-1562
-1666
-1773
-2009
-2339
-2470
-2454
-2563
-2667
-2645
-2705
-2874
-2934
-2765
-2477
-2350
-2479
-2457
-2037
-1688
-1640
-1468
-1086
-830
-630
-285
19
190
450
823
1080
1184
1319
1577
1782
1856
1979
2091
2030
2060
2206
2120
1972
1995
1929
1752
1686
1599
1434
1356
1254
1031
906
916
830
634
532
526
448
331
360
477
438
310
343
445
459
539
660
621
564
676
816
821
776
869
993
883
755
881
922
706
607
687
648
382
64
-2
103
-57
-447
-645
-676
-853
-1177
-1369
-1394
-1546
-1854
-2047
-2138
-2306
-2402
-2368
-2461
-2625
-2564
-2463
-2556
-2566
-2373
-2221
-2179
-2059
-1843
-1738
-1608
-1298
-968
-812
-782
-563
-174
101
271
402
571
851
1002
1090
1350
1503
1428
1461
1739
1838
1588
1475
1700
1813
1484
1317
1518
1367
1052
1108
1168
947
737
668
614
588
574
434
284
312
384
352
296
293
367
520
601
591
601
654
857
1062
1030
937
1021
1186
1214
1181
1090
945
988
1060
867
577
453
439
387
163
-196
-417
-488
-592
-816
-1155
-1403
-1483
-1625
-1876
-2035
-2100
-2283
-2453
-2436
-2397
-2424
-2497
-2491
-2344
-2218
-2098
-1976
-1908
-1726
-1419
-1202
-1086
-963
-760
-452
-133
87
262
373
493
864
1206
1208
1158
1277
1484
1611
1592
1516
1498
1587
1585
1380
1281
1310
1170
963
926
918
621
292
406
511
167
-73
3
-5
-101
-78
-29
-115
-142
46
134
98
213
404
509
544
668
847
925
1018
1151
1244
1274
1284
1348
1414
1460
1373
1210
1151
1152
1094
869
638
455
267
143
-84
-471
-785
-865
-949
-1335
-1779
-1916
-1876
-2084
-2419
-2558
-2649
-2709
-2713
-2724
-2779
-2805
-2689
-2556
-2392
-2239
-2148
-1929
-1609
-1366
-1181
-866
-501
-279
-74
302
679
779
881
1276
1582
1596
1664
1863
1896
1877
1982
1980
1875
1845
1851
1717
1504
1468
1454
1258
1047
948
810
585
476
436
248
58
57
-5
-203
-218
-121
-192
-247
-156
-166
-189
-30
62
31
139
289
328
417
573
681
631
649
883
965
851
844
960
884
735
766
696
574
523
352
104
-106
-192
-296
-545
-825
-1035
-1132
-1304
-1499
-1665
-1892
-1976
-2044
-2255
-2360
-2261
-2262
-2436
-2421
-2213
-2130
-2178
-2079
-1802
-1570
-1458
-1333
-1120
-852
-534
-249
-114
40
339
568
720
998
1194
1216
1356
1579
1626
1568
1635
1810
1835
1691
1625
1679
1618
1510
1468
1344
1196
1060
962
906
780
665
534
452
470
375
278
290
292
233
205
329
335
183
279
529
494
301
389
603
616
568
561
538
546
630
607
464
380
288
245
263
114
-238
-445
-297
-284
-652
-974
-1006
-976
-1132
-1308
-1462
-1590
-1593
-1659
-1763
-1772
-1731
-1729
-1812
-1791
-1671
-1591
-1569
-1537
-1385
-1261
-1260
-1187
-913
-740
-813
-682
-366
-273
-285
-110
171
264
281
431
549
630
768
822
779
885
1045
991
990
1077
977
985
1174
1132
901
868
1050
1054
846
827
916
842
806
937
884
661
715
918
898
745
695
797
875
810
778
866
813
646
674
804
772
628
532
512
508
428
273
85
48
77
-159
-451
-520
-557
-706
-826
-931
-1140
-1228
-1225
-1373
-1458
-1404
-1491
-1644
-1568
-1507
-1615
-1528
-1364
-1407
-1438
-1332
-1155
-1020
-945
-854
-803
-709
-517
-280
-232
-289
-122
73
200
226
245
374
457
504
511
572
550
492
615
682
615
499
479
568
626
549
422
457
555
537
449
476
594
607
529
584
743
745
675
753
855
877
924
951
915
956
1014
961
934
956
885
851
860
705
580
605
510
325
256
149
-34
-154
-236
-378
-616
-748
-715
-761
-1042
-1260
-1165
-1159
-1271
-1354
-1482
-1500
-1409
-1392
-1480
-1474
-1431
-1456
-1348
-1172
-1150
-1184
-1096
-939
-772
-636
-602
-599
-453
-162
2
-41
-14
203
406
472
490
544
616
697
856
973
860
736
880
1083
1067
929
892
974
982
889
889
919
813
703
739
805
744
582
529
619
627
520
469
474
425
412
462
437
336
250
373
510
321
125
220
310
203
89
1
-80
-73
-79
-170
-326
-511
-521
-364
-419
-720
-862
-755
-667
-761
-931
-978
-948
-960
-946
-948
-1088
-1121
-950
-905
-1020
-1045
-919
-803
-792
-754
-726
-727
-610
-449
-387
-426
-402
-245
-136
-97
-67
-10
109
188
171
216
390
481
381
339
549
780
665
443
591
887
909
794
736
766
926
1041
949
836
864
927
976
1016
936
754
711
953
1008
655
484
650
743
625
435
252
218
413
395
56
-140
-115
-40
-50
-233
-462
-518
-402
-404
-587
-738
-709
-610
-635
-692
-781
-902
-795
-602
-651
-810
-781
-736
-699
-539
-485
-581
-740
-655
-352
-336
-493
-485
-391
-394
-389
-284
-259
-328
-325
-203
-175
-280
-266
-118
-33
-34
-50
-102
-91
48
132
89
115
160
92
151
384
437
255
233
471
538
394
442
591
598
597
565
493
609
766
691
606
701
700
556
609
764
646
428
432
505
476
457
410
212
95
212
249
92
-66
-171
-167
-55
-94
-341
-510
-411
-232
-266
-467
-597
-553
-380
-266
-369
-544
-588
-442
-258
-285
-469
-517
-400
-292
-283
-384
-429
-287
-202
-301
-339
-284
-236
-136
-127
-260
-260
-127
-38
-32
-113
-104
32
19
-66
41
171
154
110
122
173
242
272
282
344
362
284
275
348
346
338
413
418
305
237
303
431
403
204
134
215
275
280
160
37
80
130
132
58
-93
-57
82
16
-178
-302
-205
-16
-99
-295
-285
-210
-191
-133
-76
-152
-233
-126
49
-8
-176
-135
24
10
-126
-58
-39
-119
-96
-103
-64
-91
-156
-179
-139
-48
-164
-207
-210
-302
-103
94
-94
-498
-532
-131
-8
-246
-476
-411
-304
-338
-132
-122
-371
-298
-42
106
-44
-96
165
318
312
196
256
461
528
567
568
571
543
599
796
767
564
545
729
731
462
433
648
610
339
169
340
467
188
28
117
114
-90
-160
-21
-123
-303
-288
-205
-285
-428
-357
-293
-325
-411
-497
-401
-302
-353
-450
-364
-252
-370
-379
-308
-300
-279
-208
-203
-340
-267
-122
-157
-215
-152
-58
-149
-211
-115
-46
-98
-181
-174
-130
-122
-166
-166
-142
-192
-254
-219
-135
-158
-213
-152
-113
-196
-145
40
18
-93
16
159
121
76
196
344
311
202
289
453
405
295
387
534
493
369
380
479
516
477
433
429
401
357
415
452
315
204
278
365
306
154
77
122
150
93
39
-34
-146
-118
14
-65
-304
-302
-134
-153
-277
-285
-291
-352
-305
-205
-199
-326
-404
-294
-168
-211
-362
-291
-124
-159
-271
-252
-127
-102
-128
-142
-103
-79
-108
-62
-84
-120
-54
-2
-56
-104
-40
-17
-34
-4
8
-30
-71
-34
34
-20
-64
26
33
-37
-52
-14
57
58
-7
-41
30
121
44
-31
40
113
96
57
82
52
34
122
186
150
48
70
145
162
164
116
95
106
114
136
112
73
51
39
82
95
38
27
31
-50
-55
67
72
-46
-81
-6
22
-31
-30
25
45
52
62
44
53
108
134
96
64
77
94
94
80
46
28
44
48
28
6
-28
-54
-6
39
-51
-138
-74
-18
-89
-152
-148
-165
-194
-161
-158
-268
-296
-207
-213
-270
-245
-258
-277
-199
-183
-248
-251
-191
-147
-111
-88
-109
-136
-82
64
49
-59
21
111
98
91
126
151
127
123
176
207
174
130
137
211
214
148
110
131
181
163
151
137
98
99
133
163
102
32
52
119
160
141
99
77
110
172
221
219
180
146
165
230
266
231
157
143
173
202
175
89
40
33
41
-12
-56
-67
-130
-187
-227
-219
-253
-366
-363
-315
-371
-434
-455
-493
-485
-434
-431
-472
-516
-510
-448
-371
-335
-397
-437
-316
-215
-263
-236
-110
-81
-93
-63
37
116
120
161
216
253
269
281
317
361
401
353
312
368
397
401
383
360
335
298
309
322
318
266
239
253
233
234
188
166
194
190
151
112
140
140
96
71
73
113
119
84
60
78
123
82
37
64
77
74
70
60
-2
-31
48
47
-54
-136
-135
-93
-139
-211
-254
-275
-274
-316
-369
-393
-385
-427
-495
-463
-461
-511
-527
-532
-508
-494
-495
-498
-513
-478
-425
-406
-404
-362
-303
-292
-240
-182
-140
-55
-32
-11
68
140
176
209
274
301
342
417
450
460
473
497
517
543
579
579
550
530
561
555
496
488
479
462
426
393
383
361
370
329
252
239
240
210
147
124
106
25
-2
14
-14
-88
-118
-100
-145
-170
-150
-174
-215
-225
-226
-230
-245
-289
-308
-297
-291
-306
-356
-360
-306
-341
-411
-386
-387
-410
-389
-372
-408
-458
-407
-357
-375
-386
-363
-343
-335
-273
-251
-303
-278
-192
-167
-167
-137
-133
-108
-34
16
27
34
90
165
185
221
303
312
297
350
421
456
448
435
465
514
522
504
505
535
526
458
449
494
478
412
389
403
397
328
254
266
269
240
177
98
93
91
52
-18
-64
-77
-110
-125
-156
-195
-208
-233
-269
-277
-254
-269
-310
-312
-294
-298
-316
-335
-339
-313
-301
-335
-357
-326
-292
-306
-341
-359
-345
-325
-310
-324
-340
-308
-275
-302
-319
-284
-238
-207
-217
-211
-174
-146
-101
-64
-51
-29
6
25
64
141
151
145
201
257
298
324
356
394
398
429
477
474
475
509
524
522
523
510
488
496
486
444
427
405
375
350
318
284
229
177
145
120
83
35
4
-48
-87
-101
-151
-183
-199
-222
-248
-279
-291
-281
-304
-346
-331
-302
-337
-370
-334
-281
-286
-319
-315
-284
-253
-248
-257
-249
-226
-218
-209
-211
-231
-202
-154
-152
-194
-211
-171
-155
-170
-170
-161
-155
-164
-146
-108
-100
-105
-120
-87
-42
-55
-54
-13
17
23
32
77
104
112
147
187
213
233
262
287
315
328
336
362
373
392
395
392
413
418
416
409
392
385
389
371
337
298
280
297
269
205
188
178
146
124
94
57
37
18
-5
-20
-39
-68
-116
-134
-120
-130
-163
-196
-206
-209
-218
-226
-258
-274
-274
-286
-288
-295
-300
-317
-326
-315
-321
-332
-338
-322
-313
-330
-320
-309
-304
-296
-287
-295
-295
-243
-219
-225
-216
-197
-168
-145
-110
-91
-81
-69
-33
18
38
40
53
72
113
154
153
149
184
216
229
237
245
258
274
289
289
287
301
309
301
304
331
331
317
321
329
326
300
297
298
284
276
256
248
237
212
187
167
172
163
137
110
73
62
70
52
-3
-52
-47
-43
-71
-88
-113
-146
-165
-168
-169
-201
-249
-273
-271
-278
-292
-289
-291
-307
-323
-319
-293
-298
-331
-327
-276
-266
-308
-306
-261
-234
-242
-252
-225
-205
-199
-187
-161
-139
-135
-126
-90
-50
-28
-17
6
32
47
68
106
135
145
157
172
188
211
221
229
247
256
264
276
279
277
281
282
292
300
299
301
291
268
268
277
260
224
215
231
214
165
136
136
128
98
64
31
26
16
-8
-26
-44
-67
-89
-88
-106
-142
-160
-179
-176
-185
-208
-220
-232
-240
-249
-258
-262
-260
-262
-258
-243
-229
-237
-248
-229
-197
-193
-212
-208
-174
-156
-152
-143
-134
-134
-123
-94
-78
-72
-67
-50
-17
5
-2
-1
27
57
66
80
101
102
109
140
158
155
165
178
188
208
232
244
239
242
266
292
297
278
264
289
309
291
264
253
249
252
247
229
197
161
152
159
129
79
47
28
23
2
-44
-80
-95
-114
-133
-159
-195
-222
-233
-242
-262
-283
-289
-292
-303
-313
-320
-326
-323
-313
-314
-318
-309
-284
-267
-264
-256
-235
-209
-197
-194
-177
-148
-129
-116
-91
-70
-57
-49
-31
7
38
40
50
73
86
111
136
133
131
150
179
193
189
191
207
211
207
226
257
258
240
254
282
278
260
256
272
268
239
248
276
259
222
209
205
190
177
175
163
128
106
101
90
72
48
24
13
2
-25
-47
-57
-78
-105
-124
-134
-151
-178
-190
-189
-203
-224
-230
-237
-244
-236
-231
-245
-264
-260
-243
-234
-243
-261
-262
-234
-213
-227
-250
-244
-211
-186
-184
-187
-169
-133
-110
-107
-104
-89
-77
-65
-38
-8
-8
-13
19
67
84
72
75
107
137
144
141
150
165
171
177
189
198
208
216
223
233
225
211
227
245
237
228
238
241
223
208
211
212
193
171
159
156
143
122
109
110
100
71
50
52
44
17
3
-1
-18
-37
-37
-42
-74
-96
-90
-86
-112
-149
-163
-149
-143
-168
-203
-211
-203
-208
-216
-219
-217
-216
-212
-206
-198
-198
-198
-192
-183
-179
-173
-157
-145
-145
-142
-121
-91
-72
-66
-56
-36
-19
-9
5
21
32
46
64
74
80
97
115
119
122
132
140
136
134
146
156
145
124
120
138
142
126
114
111
109
108
108
96
80
77
78
72
60
55
48
42
34
29
29
22
8
4
11
10
-8
-21
-15
-12
-25
-41
-37
-27
-29
-38
-42
-47
-56
-60
-56
-59
-77
-88
-86
-82
-90
-98
-98
-94
-94
-97
-97
-92
-88
-89
-89
-81
-70
-66
-66
-61
-49
-43
-42
-37
-22
-14
-18
-18
-3
16
24
27
31
37
48
59
65
66
67
71
85
98
100
98
99
103
107
112
109
97
87
91
93
84
74
68
67
63
56
45
33
26
29
28
17
1
-10
-9
-4
-10
-30
-44
-40
-32
-37
-49
-54
-60
-63
-57
-47
-52
-69
-74
-68
-65
-67
-66
-60
-59
-62
-63
-61
-60
-57
-54
-57
-59
-55
-50
-45
-42
-41
-43
-41
-38
-32
-29
-25
-21
-17
-14
-10
-2
7
7
2
12
26
30
29
36
46
43
36
41
56
62
55
50
57
70
70
62
57
63
73
81
79
66
60
71
81
72
58
61
71
72
62
55
57
57
47
35
34
34
26
19
19
18
12
6
1
-1
0
-2
-13
-28
-34
-36
-43
-56
-65
-71
-78
-84
-91
-98
-104
-104
-107
-112
-115
-112
-112
-113
-113
-113
-108
-100
-95
-95
-86
-70
-64
-63
-56
-46
-41
-33
-19
-5
2
4
13
28
41
45
53
66
76
81
89
96
97
96
104
110
105
98
100
101
98
95
94
92
88
81
74
72
71
65
56
49
43
34
29
22
16
13
9
1
-8
-15
-18
-23
-28
-32
-33
-36
-41
-41
-42
-48
-48
-46
-50
-58
-57
-51
-51
-54
-55
-57
-56
-52
-52
-52
-48
-50
-52
-49
-46
-51
-53
-51
-47
-47
-50
-45
-38
-41
-46
-40
-28
-28
-33
-26
-16
-15
-19
-15
-7
-4
-1
7
16
20
19
23
33
38
37
44
57
63
59
60
70
77
79
79
88
94
94
90
91
95
101
104
105
103
102
98
93
90
88
80
73
69
68
63
53
41
29
22
15
3
-16
-27
-29
-32
-44
-55
-65
-73
-78
-84
-91
-93
-92
-94
-100
-104
-105
-104
-107
-112
-113
-111
-108
-106
-103
-98
-93
-91
-87
-80
-74
-70
-65
-59
-52
-44
-38
-30
-23
-18
-15
-12
-10
-3
8
18
19
20
25
36
41
41
41
44
57
66
68
66
63
66
72
74
73
74
76
79
82
76
71
70
77
82
81
76
75
76
77
75
68
64
64
63
61
56
53
50
44
39
36
34
27
15
9
8
5
-3
-16
-22
-22
-26
-33
-41
-46
-49
-54
-60
-66
-69
-70
-73
-77
-79
-78
-80
-88
-94
-91
-83
-83
-88
-94
-90
-78
-73
-74
-74
-66
-58
-57
-60
-55
-43
-33
-32
-27
-18
-9
-4
-1
7
20
31
32
33
38
46
48
51
54
54
59
66
68
64
63
67
72
67
62
63
62
58
55
52
50
45
40
39
36
33
27
25
23
19
14
10
8
7
9
8
4
4
3
0
-2
-1
-1
-4
-4
0
-1
-9
-15
-13
-9
-13
-14
-13
-10
-12
-18
-18
-20
-25
-28
-27
-27
-33
-40
-38
-35
-39
-46
-46
-44
-45
-46
-49
-50
-49
-47
-50
-51
-49
-46
-42
-39
-39
-38
-32
-27
-28
-26
-20
-14
-8
-6
-3
4
9
11
14
18
23
29
35
34
34
41
47
48
52
57
56
57
62
66
63
62
62
61
60
62
61
56
50
48
50
51
47
44
42
37
32
28
24
19
16
13
10
4
0
-4
-5
-7
-13
-19
-21
-21
-25
-27
-30
-31
-37
-44
-47
-44
-45
-50
-53
-54
-50
-48
-52
-54
-54
-54
-55
-56
-55
-54
-52
-50
-49
-51
-53
-49
-46
-41
-41
-39
-34
-30
-24
-21
-18
-15
-13
-8
-5
-2
1
8
17
23
24
24
29
36
42
48
53
56
59
62
65
67
69
73
75
75
77
78
81
82
78
74
74
76
73
66
59
56
57
52
42
34
32
29
20
12
5
2
1
-10
-20
-18
-22
-33
-38
-43
-47
-54
-65
-70
-68
-74
-77
-78
-80
-79
-78
-82
-80
-78
-74
-74
-77
-74
-67
-66
-68
-65
-63
-58
-47
-45
-47
-45
-37
-32
-30
-25
-16
-7
-1
2
5
10
15
19
23
30
36
39
39
40
46
55
61
63
61
65
68
69
68
68
71
72
69
68
66
69
69
68
70
67
67
64
63
60
56
55
53
46
38
35
31
25
17
13
13
6
-3
-6
-11
-12
-24
-33
-31
-35
-38
-41
-47
-53
-54
-61
-61
-61
-70
-72
-71
-75
-76
-78
-80
-77
-75
-80
-79
-72
-71
-75
-72
-65
-63
-62
-59
-54
-51
-49
-47
-41
-31
-24
-23
-21
-13
-3
7
10
13
17
24
30
34
35
39
46
56
61
62
66
70
73
76
77
77
76
76
78
80
80
78
78
78
77
76
76
73
70
67
62
62
60
54
46
40
39
37
33
27
22
19
11
2
-5
-4
-5
-12
-21
-27
-32
-37
-43
-44
-44
-49
-56
-63
-72
-81
-85
-85
-86
-87
-88
-91
-94
-96
-93
-90
-92
-97
-98
-93
-88
-88
-87
-82
-77
-74
-68
-61
-54
-45
-38
-31
-24
-16
-7
0
6
12
21
29
34
41
50
58
64
69
76
81
87
91
91
96
106
106
103
107
113
111
104
103
106
101
94
92
94
88
83
80
75
67
59
53
45
39
32
22
20
15
-2
-8
-8
-16
-19
-22
-35
-40
-42
-48
-57
-60
-66
-70
-70
-69
-72
-75
-79
-83
-86
-88
-87
-85
-84
-84
-87
-87
-83
-87
-87
-77
-77
-78
-72
-70
-66
-59
-59
-56
-48
-48
-47
-43
-38
-28
-21
-18
-11
-2
5
11
15
23
31
35
41
48
54
58
64
71
73
73
79
82
78
82
87
90
96
95
93
98
97
94
93
88
89
92
86
80
77
68
63
58
50
46
42
37
29
20
12
4
-3
-8
-12
-20
-25
-32
-40
-50
-56
-60
-64
-69
-73
-79
-84
-84
-84
-86
-89
-92
-93
-93
-91
-90
-91
-89
-87
-85
-79
-77
-71
-66
-62
-57
-54
-49
-44
-38
-33
-30
-26
-23
-17
-11
-2
4
10
17
23
29
33
37
42
47
51
55
55
58
63
70
75
78
77
77
77
78
80
80
79
76
73
75
75
74
73
71
66
61
57
52
46
42
40
34
31
26
20
16
10
4
-1
-8
-16
-22
-27
-30
-31
-35
-40
-45
-49
-54
-56
-57
-61
-63
-66
-67
-69
-69
-69
-68
-67
-66
-68
-70
-70
-68
-65
-63
-59
-54
-50
-47
-46
-42
-34
-24
-21
-23
-22
-16
-10
-5
0
7
15
20
22
25
29
30
36
39
43
46
49
52
52
56
58
60
61
59
58
59
57
55
57
57
54
49
49
50
49
41
38
35
34
28
22
21
21
18
12
9
7
5
-1
-5
-7
-9
-12
-16
-21
-24
-27
-29
-29
-31
-35
-37
-38
-35
-34
-35
-38
-38
-39
-38
-39
-41
-43
-44
-44
-40
-37
-38
-40
-38
-36
-34
-34
-34
-30
-25
-23
-23
-19
-12
-10
-9
-7
-5
-2
2
5
9
10
10
14
19
19
18
22
28
33
33
31
34
35
39
41
42
39
35
34
38
41
37
38
40
38
36
32
31
30
31
29
27
24
21
17
16
19
10
4
1
3
0
-9
-6
-8
-8
-12
-19
-17
-19
-17
-19
-21
-23
-26
-34
-31
-27
-33
-33
-37
-34
-36
-36
-29
-33
-30
-31
-35
-33
-30
-25
-24
-24
-22
-23
-20
-24
-21
-12
-11
-14
-12
-13
-10
-5
-9
-8
0
1
2
3
2
6
12
14
17
18
17
17
19
22
24
22
22
23
25
27
26
25
29
33
28
23
27
31
30
28
29
31
30
30
29
27
26
24
20
19
18
17
16
14
12
9
5
2
-1
-3
-5
-9
-9
-13
-17
-16
-20
-23
-20
-24
-27
-26
-31
-34
-31
-32
-32
-32
-33
-32
-31
-34
-34
-32
-30
-28
-27
-26
-25
-24
-23
-23
-21
-19
-17
-16
-13
-12
-9
-9
-6
-5
0
3
5
8
12
15
15
14
14
11
10
16
20
19
24
20
18
26
28
28
28
25
26
26
23
26
30
31
28
26
24
25
23
20
18
20
22
19
17
18
17
17
15
13
12
10
7
4
2
3
2
0
-3
-6
-11
-12
-13
-13
-15
-17
-17
-19
-20
-20
-22
-22
-23
-24
-25
-26
-29
-28
-27
-28
-25
-25
-27
-26
-25
-24
-24
-22
-19
-16
-16
-18
-16
-11
-10
-10
-9
-3
0
-1
-2
0
3
5
5
6
8
10
11
14
14
16
18
19
19
17
18
21
22
21
22
26
28
26
23
24
24
25
22
21
21
19
17
17
15
16
14
13
12
11
8
6
5
4
2
0
0
-2
-4
-5
-6
-7
-9
-10
-11
-13
-15
-18
-17
-16
-15
-17
-18
-18
-18
-20
-19
-19
-17
-21
-22
-20
-19
-19
-18
-20
-20
-19
-20
-19
-17
-16
-16
-13
-8
-5
-6
-7
-4
0
1
-2
-1
1
5
4
5
5
4
6
9
15
16
14
15
18
20
19
19
23
24
21
19
19
20
22
23
26
24
22
21
24
23
17
17
22
21
17
16
16
13
10
12
10
6
4
4
2
0
-3
-6
-6
-6
-10
-14
-14
-12
-14
-18
-22
-21
-17
-18
-23
-26
-25
-25
-26
-25
-22
-27
-28
-21
-20
-20
-19
-17
-19
-21
-21
-19
-18
-14
-13
-14
-13
-13
-9
-9
-6
-3
1
2
2
5
6
6
6
9
13
12
11
13
17
18
15
14
18
24
27
26
25
25
21
23
23
22
21
20
21
23
24
25
23
20
19
19
18
15
14
14
13
11
5
3
4
3
0
-1
1
1
-3
-8
-7
-7
-9
-13
-15
-14
-14
-16
-18
-22
-24
-24
-20
-20
-21
-23
-25
-26
-26
-25
-24
-24
-23
-21
-19
-18
-19
-18
-16
-15
-16
-13
-11
-11
-10
-8
-9
-9
-6
-3
-2
2
5
8
11
11
11
12
16
17
20
21
22
23
24
26
25
25
25
25
26
26
27
27
28
28
27
26
24
24
25
24
20
16
14
17
20
15
9
5
7
6
1
-2
-2
-1
-3
-6
-8
-12
-14
-14
-16
-14
-18
-23
-21
-19
-21
-20
-23
-25
-25
-25
-27
-27
-27
-26
-27
-26
-28
-26
-27
-26
-25
-23
-21
-19
-19
-15
-14
-14
-13
-11
-7
-6
-3
2
4
3
1
4
13
14
8
13
15
18
22
19
23
28
25
24
26
25
28
28
26
28
30
26
26
30
30
26
27
30
27
25
26
26
23
21
20
