-6
-2
2
4
1
0
-1
-2
-2
-5
-5
-5
-1
0
1
1
0
0
1
1
1
-2
0
0
2
2
-2
-3
-2
-2
-2
-3
-2
-2
0
1
3
2
0
1
1
2
1
-1
-1
0
1
2
2
1
2
3
0
-4
0
0
1
-1
-1
-1
-3
-3
-4
-4
-2
-1
-3
-3
-1
-2
0
3
4
7
7
6
6
4
2
1
2
0
-2
0
-2
-2
0
-2
0
-1
-2
-2
-1
0
-2
-1
-2
-1
1
1
4
1
1
1
-1
0
0
2
3
1
1
-1
-3
-1
0
0
1
0
2
2
3
4
5
3
1
-1
-3
-3
-5
-4
-3
-3
-4
-4
-4
-3
-3
-2
-1
-1
-3
-2
-2
-3
-2
-1
0
1
0
0
1
3
4
5
5
5
5
2
0
0
5
5
5
6
5
6
6
4
2
1
-1
-2
-2
-3
-2
-3
-3
-3
-4
-6
-6
-6
-6
-6
-5
-4
-3
-2
0
-1
-2
-3
-3
-3
-1
1
1
1
3
3
1
2
1
-1
-1
0
-3
-4
-2
1
2
3
3
2
1
2
3
2
1
0
2
4
4
3
2
2
3
2
1
2
4
4
3
4
4
1
1
2
4
5
1
-1
-1
1
2
-1
-4
-5
-4
-5
-7
-6
-4
-3
-5
-11
-11
-11
-9
-6
-6
-6
-2
-1
-1
2
5
5
6
4
4
4
5
4
4
4
2
-2
-2
-3
-2
-2
-4
-3
0
3
1
3
4
4
3
1
1
1
2
3
2
1
2
1
1
1
1
1
0
-1
-1
-1
-1
1
-1
-1
2
2
0
0
2
4
3
0
1
4
5
5
4
3
0
0
1
0
0
1
1
2
0
-2
-4
-7
-7
-6
-4
-4
-5
-5
-4
-3
-3
-3
-2
-1
0
1
-2
-3
-4
-3
-2
1
2
2
1
-2
-2
-2
-4
-4
2
2
2
3
1
1
2
1
3
3
1
2
3
2
3
6
6
5
5
5
4
2
3
4
3
2
4
2
1
0
-1
0
0
-1
-3
-5
-3
-1
-4
-5
-5
-6
-6
-6
-4
-3
-5
-4
-2
0
0
1
0
2
4
3
4
6
7
7
7
5
2
1
0
-1
-4
-4
-4
-5
-4
-3
-4
-5
-6
-3
-1
1
2
0
1
0
-1
-1
-1
-2
-2
-1
-2
-1
1
1
2
2
2
2
1
0
-1
-1
0
3
3
2
2
1
0
0
2
4
2
2
3
1
1
2
3
1
-1
0
-1
-3
-4
-3
-3
-3
-2
-1
-1
0
1
2
3
3
2
2
2
-2
-3
-1
-2
-1
-1
-3
-5
-5
-3
-1
0
0
1
3
5
4
5
7
4
1
1
-1
-1
0
1
0
1
0
2
1
0
0
0
-2
-1
1
0
-1
0
-1
-2
-3
-4
-4
-4
-4
-4
-4
-5
-4
-4
-3
-3
-2
-2
-1
1
1
1
2
4
4
4
3
2
2
2
2
3
1
0
1
3
1
-1
-1
1
1
-1
-1
-1
-2
-2
-2
-4
-3
-2
-2
0
2
4
4
4
6
6
5
3
0
1
3
1
1
2
4
3
3
1
1
2
3
0
-3
-2
-3
-4
-3
-1
1
-1
-3
-6
-7
-6
-7
-7
-5
-2
-2
-4
-5
-2
-1
-1
-3
-2
-1
0
3
3
5
5
1
0
-1
-1
-1
0
0
1
2
1
3
4
4
3
2
3
1
2
4
4
4
3
3
2
-1
-2
-2
-1
-3
-4
-2
1
4
5
5
4
2
1
-2
-2
-2
-3
-5
-6
-7
-5
-4
-3
-2
-1
-2
-5
-5
-5
-2
1
0
0
1
0
0
-1
-1
1
1
2
4
5
4
1
2
4
4
5
2
1
3
2
2
4
4
3
1
0
-1
-3
-4
-2
0
1
-1
0
0
1
2
-1
-1
0
-1
0
1
2
1
0
-3
-5
-5
-4
-4
-4
-3
-1
-2
-3
-4
-4
-1
-1
-1
-1
1
0
-2
0
0
2
3
2
-1
-2
-1
0
-3
-2
0
2
2
1
1
2
3
3
3
3
2
1
2
0
1
0
1
3
6
5
4
2
4
6
2
0
1
-1
-1
-1
0
0
0
0
0
0
1
1
-1
-1
-1
-2
-2
-1
-1
-1
-2
-4
-5
-4
-3
-2
-3
-4
-4
-3
-4
-4
-4
-3
-3
-3
-2
-2
-3
-2
-2
-1
-1
0
1
4
5
3
2
1
0
2
3
3
2
-2
-2
1
2
1
0
2
1
1
2
1
1
3
4
2
1
1
1
3
3
2
2
1
2
3
3
5
6
6
4
3
1
0
1
3
2
4
4
4
0
0
0
-1
-1
0
0
-3
-2
-1
-2
-5
-7
-9
-8
-6
-6
-6
-7
-7
-5
-3
-3
-4
-5
-6
-6
-5
-7
-7
-7
-5
-2
-4
-3
-4
-1
1
1
1
4
3
3
5
6
6
5
5
6
5
5
5
3
5
6
6
5
2
3
3
0
2
3
5
6
3
2
3
4
4
1
1
4
3
4
4
3
1
-1
-1
-2
-3
-3
-5
-4
0
-1
0
1
1
1
0
-2
-3
-4
-5
-2
-1
-1
0
-1
-6
-6
-6
-7
-4
-2
-1
1
1
2
1
0
0
-4
-4
-5
-5
-3
-2
-1
-2
-2
-2
-5
-5
-5
-4
-4
-3
-2
0
3
3
2
2
3
0
-1
-1
0
2
2
3
6
5
5
4
6
8
7
6
5
3
5
9
9
8
10
12
15
15
3
-3
-17
-19
-4
-8
-6
-6
-6
-3
-6
7
4
-9
0
5
11
16
14
11
11
8
28
21
-33
-38
-32
-25
-18
-20
-22
-21
-16
7
14
4
-7
14
20
32
24
107
167
-77
-179
-95
-104
-84
13
53
106
128
243
87
-267
-170
-131
-86
241
113
-41
-7
-50
33
-143
-87
72
-111
180
287
48
76
13
-120
-69
133
25
-113
59
191
-54
-188
103
70
-325
-217
238
144
-100
-73
-87
-34
177
65
134
267
-60
-335
-475
-233
-75
-51
564
535
165
204
-283
-281
-57
134
739
567
76
-448
-556
-447
-450
-203
-469
93
303
-218
-175
-230
-361
-156
187
713
755
448
-17
128
366
-641
-468
-18
-445
-112
352
-152
563
148
-1012
-82
229
178
393
357
49
-341
-421
458
196
-128
221
236
169
144
-4
-710
-447
160
492
124
292
114
-790
-523
121
56
-179
214
389
-5
61
143
-246
-105
-92
419
303
-30
-32
-495
-41
-13
26
114
-47
-4
48
-91
252
65
-308
237
160
-32
-163
-442
-316
-294
-384
422
197
-74
528
0
285
166
-348
-217
-265
169
454
208
37
-356
-559
-279
34
495
-175
-200
553
214
-3
101
-335
-223
204
399
428
77
-22
-271
-80
312
146
-221
-426
-19
-83
-449
-376
-31
-298
-236
639
416
-295
-123
-114
233
587
99
210
287
440
383
-220
135
445
-253
-277
66
309
-363
-1061
-401
-219
-682
-693
-209
383
15
-161
650
-72
-126
331
-97
568
902
268
-43
-200
107
46
-364
657
338
-268
401
7
-445
-455
-255
126
-85
211
21
-450
-171
-199
-49
182
182
139
-175
-353
110
-4
-293
-6
-110
-212
133
245
182
-17
-81
-41
50
421
283
112
-8
-51
-7
-301
-190
-97
-109
282
407
166
10
-22
-271
-545
-302
102
381
201
78
-78
-248
-373
-372
168
373
218
216
187
125
-147
-598
-240
239
369
451
427
376
-142
-433
-75
48
207
479
316
353
101
-491
-901
-1044
-489
-256
-165
86
210
-122
-509
-329
-135
236
626
849
790
642
485
-89
-454
-302
16
320
625
777
126
-506
-734
-809
-439
-147
-55
173
228
-11
-273
-646
-906
-707
-367
5
649
771
200
-241
-422
-259
-53
286
402
286
337
229
-19
-343
-467
-433
-111
216
503
641
296
137
176
194
310
308
467
484
185
24
-68
30
-126
-302
-141
-86
135
191
-22
-102
-151
-118
88
230
174
-147
-389
-98
221
274
212
-120
-439
-641
-583
-463
-279
-19
-50
243
394
373
412
-165
-422
-176
-53
264
399
189
-143
-337
-757
-1003
-718
-525
-196
170
641
944
614
542
592
320
394
733
1036
1157
963
546
248
109
6
134
304
315
-23
-475
-1060
-1538
-1422
-1518
-1755
-1432
-1292
-1419
-1513
-1737
-1875
-2088
-1706
-1106
-676
-224
-406
-533
-388
-201
10
603
1258
1513
1764
1908
2028
1913
1713
1611
1740
2191
2351
2173
1946
1577
1055
584
492
717
695
623
607
504
346
-76
-330
-220
-88
179
261
153
-27
-608
-913
-753
-558
-310
-303
-401
-275
-428
-756
-1003
-1169
-411
-72
-412
-450
-828
-1067
-1326
-1614
-1458
-1430
-1156
-922
-1130
-572
-427
-980
-1129
-1184
-687
-171
378
981
597
135
-29
446
1128
1248
1151
883
574
482
390
-83
-473
-710
-1067
-1126
-967
-1168
-1915
-2580
-2574
-2301
-1787
-1140
-879
-1148
-1399
-1206
-987
-568
23
594
1309
1986
2464
2552
2358
2180
2247
2685
3561
4447
4727
4438
3916
3098
2380
2156
2219
2397
2390
2112
1578
870
222
-361
-904
-850
-261
-161
-195
-371
-899
-1155
-1615
-1940
-1662
-1140
-815
-891
-920
-1161
-1665
-1955
-1958
-1727
-1180
-868
-1054
-1247
-1855
-2218
-2211
-2222
-1612
-1393
-1531
-1150
-1162
-1535
-1891
-2298
-2361
-2319
-1632
-215
198
333
504
-99
428
1324
1468
1220
896
1155
1067
1329
1377
173
-329
-505
-564
-20
95
-415
-1086
-1475
-1415
-1209
-1079
-1040
-1589
-1975
-1727
-1440
-847
-222
23
193
764
1625
1948
2112
2301
2331
2863
3692
4231
4388
4357
3979
3548
3704
3867
3957
3759
3312
3091
2829
2687
2174
1378
825
393
278
237
-17
-497
-913
-1079
-1471
-1853
-1559
-1480
-1853
-1852
-1963
-2227
-2086
-2117
-2403
-2606
-2623
-2351
-2353
-2265
-2139
-2581
-2694
-2221
-1970
-1872
-1868
-1797
-1688
-1539
-1432
-1625
-1990
-1913
-1613
-1729
-1274
-642
-214
173
244
442
547
598
646
306
91
91
183
554
662
353
-115
-601
-694
-457
-449
-277
-36
0
74
-172
-681
-1141
-1324
-1230
-799
-179
275
578
737
819
991
1272
1603
2048
2506
3155
3840
3951
3712
3443
3478
3804
3994
4143
4101
3940
4088
3841
3386
2972
2423
2286
2360
2224
2103
1850
1027
437
-283
-357
-441
-1284
-1168
-1078
-1520
-1918
-2452
-2555
-2772
-3021
-3051
-3684
-3483
-3070
-3371
-3829
-4117
-4152
-3966
-3445
-3109
-3036
-2987
-2766
-2376
-2079
-1956
-2039
-2222
-2034
-1539
-1218
-1112
-1027
-1014
-989
-826
-803
-771
-691
-597
-503
-323
-169
-235
-359
-454
-9
758
1335
1503
1058
614
483
865
1621
2064
2173
2102
2259
2783
3173
3107
2535
1946
1912
2557
3464
3857
3596
2857
2076
1680
1651
1757
1725
1640
1489
1526
1579
1222
717
154
-188
85
672
1118
1239
932
378
-33
-11
231
369
331
98
-194
-281
-324
-465
-823
-1299
-1474
-1537
-1359
-1139
-1192
-1446
-1950
-2192
-2125
-1943
-1801
-1951
-2124
-2300
-2483
-2370
-2263
-2311
-2314
-2472
-2447
-2052
-1797
-1791
-1828
-1827
-1596
-1290
-920
-678
-700
-505
-323
-88
285
416
498
448
487
591
567
721
764
548
578
684
594
514
433
296
308
452
521
352
191
654
1611
2781
3205
2255
737
-9
592
1976
2901
2789
2260
2202
2955
3792
3605
2113
340
-315
735
2818
4141
3640
1719
-462
-1836
-2059
-1623
-1206
-1033
-1086
-973
-765
-1014
-1984
-3409
-4361
-3953
-2274
-334
755
740
-82
-1099
-1585
-1487
-881
137
858
1257
1574
1331
989
266
-484
-503
-684
8
1048
1059
857
-671
-2541
-2558
-2110
-1483
-746
-576
-627
-1445
-2118
-1441
-1247
-2028
-2115
-1438
-421
621
403
-122
-614
-1080
-715
-444
593
1298
825
1127
840
121
317
431
921
1469
1071
1030
1036
725
919
268
-421
-102
-127
107
371
47
-183
-736
-668
548
2208
3985
4096
2032
-162
-855
583
2683
3057
2096
1441
1954
3278
3929
2588
-192
-2483
-2484
85
2941
3663
1760
-1471
-4261
-5455
-5220
-4279
-3190
-2361
-1891
-1841
-2370
-3402
-4575
-5301
-5022
-3406
-951
1316
2874
2883
1410
-245
-1053
-224
1884
3686
4264
3873
3123
2437
1916
1118
217
-267
-148
975
2016
1926
779
-1440
-3265
-3612
-2413
-493
403
-59
-1295
-1902
-1533
-916
-972
-1118
-1087
-670
772
1548
1696
984
-619
-786
288
1379
2559
2415
1709
1422
930
766
548
438
642
660
866
1037
462
298
126
-427
-523
-884
-855
-644
-768
435
2105
3177
2917
129
-2589
-2531
-281
2336
2688
940
-220
-30
1078
1590
-163
-2957
-4329
-3692
-1060
1742
2236
171
-3431
-6558
-7537
-6468
-4257
-2031
-706
-783
-1656
-2782
-3730
-4104
-4074
-3379
-1559
1204
3790
5153
4463
2266
193
-360
1348
4384
6692
7231
6075
4113
2547
1704
1164
913
1264
1814
2518
2917
2281
782
-1339
-2882
-3002
-1370
1110
2308
1456
-699
-2269
-2788
-1756
-229
-94
-292
-160
270
833
755
-279
-1187
-875
491
1953
2800
2563
1255
-290
-1141
-1022
-191
1067
1629
1218
273
-621
-1329
-1791
-1838
-1229
661
2521
3709
2449
-1454
-4635
-5399
-3295
-297
635
80
-487
-643
-761
-1894
-4296
-6251
-6280
-4444
-946
1831
1682
-1219
-5585
-8616
-8544
-6156
-2940
-304
854
418
-1034
-2805
-3818
-3580
-2579
-810
1663
4372
6239
6131
4503
2406
1577
2675
5069
7912
9386
9139
7569
5534
4287
3614
3542
4144
4949
5319
4954
3769
2074
370
-1287
-1937
-1251
434
2120
1853
-166
-2595
-4179
-3986
-2834
-1629
-867
-736
-1120
-1841
-2419
-2894
-2999
-2593
-1861
-507
308
269
-317
-1608
-2754
-2956
-2569
-1752
-834
-326
-251
-754
-1322
-2189
-1893
206
2661
3818
1623
-2210
-3931
-2846
23
1718
510
-1083
-1447
-855
-311
-1387
-4027
-6083
-6310
-4239
-777
1088
-237
-3959
-7855
-9055
-7246
-4091
-1055
794
915
-311
-1811
-2542
-2228
-1264
-64
1653
4169
6672
7898
7106
4947
2960
2757
4960
8642
11414
11766
9606
6466
4258
3501
3898
4715
5486
5866
5308
3926
2205
288
-1680
-3045
-2915
-1234
896
1793
605
-2508
-5524
-6258
-4912
-2256
-66
-133
-1365
-2226
-2938
-3330
-3415
-3311
-2799
-1624
382
1493
381
-1811
-3603
-4046
-3242
-1830
-685
-260
-213
-640
-1939
-3086
-2462
-723
2179
3727
1520
-1794
-3606
-2637
-129
294
-929
-1457
-818
522
634
-1599
-4750
-6635
-6368
-3525
-149
856
-1135
-4988
-8110
-8753
-7281
-4576
-1610
480
943
-88
-1821
-2940
-2790
-1462
702
3428
6079
7778
8076
6846
4965
3903
4624
7505
11481
13750
13009
9822
6241
4571
4764
5631
6650
7054
6667
5621
3674
1199
-1302
-3492
-4113
-2845
-784
794
283
-2374
-5736
-7961
-7978
-5792
-3004
-1358
-1056
-1771
-2702
-3443
-4322
-4497
-3172
-1192
1097
2239
1234
-955
-2817
-3501
-2766
-1600
-526
397
1092
830
-69
-87
-121
418
-98
-1381
-858
431
1247
558
-2588
-4574
-3638
-1653
-402
-1266
-3802
-5947
-6473
-5651
-3716
-2536
-3322
-5260
-7227
-7768
-6577
-5143
-3977
-2784
-1869
-1405
-902
-390
90
357
576
1670
4462
7396
8841
8457
6975
6223
7166
8930
10888
11786
10658
9046
7873
7340
7253
6536
5143
4378
4197
4051
3476
1944
-41
-1651
-2720
-2760
-1893
-1320
-1539
-2953
-4799
-5529
-4758
-3047
-1785
-1709
-2602
-3327
-2946
-1978
-1079
-600
-722
-640
-470
-116
241
366
108
-144
-101
-544
-193
-937
256
3212
4853
4197
-1322
-6367
-5393
-580
3683
2335
-3414
-6469
-5320
-2423
-1801
-4551
-8733
-10937
-10148
-6607
-2544
-1702
-5148
-10624
-13969
-13087
-9157
-4467
-1326
-389
-1732
-3951
-4265
-2317
-24
1615
2822
5233
9063
11330
10541
7878
5271
5238
8451
12600
16175
16280
12538
8054
5281
5093
6683
7986
8082
7179
5242
2885
1169
-340
-1738
-2751
-3278
-1832
509
1447
-446
-4757
-8321
-8678
-5687
-1717
733
764
-1027
-3207
-4214
-3690
-1744
337
1472
2195
2552
2839
2013
463
-831
-759
706
2167
2033
2853
4549
5748
4087
-3288
-8310
-6473
164
5651
2487
-5510
-9506
-8594
-5083
-4140
-6596
-9548
-11494
-11629
-9289
-5807
-4657
-7409
-12353
-15281
-13683
-9260
-4810
-2096
-1641
-3386
-5298
-4716
-1528
2033
3913
4428
5711
8338
10098
10402
9518
8602
8946
10856
13778
16489
15759
11348
6324
4168
5909
9134
10692
9308
6025
2194
-593
-1353
-915
-536
-812
-1572
-1292
-255
-300
-2135
-5303
-7206
-5750
-1761
2111
3326
1222
-2095
-4119
-3892
-1384
1450
3320
3615
2479
1504
812
28
-225
-263
1019
2819
3628
2600
1950
2318
2391
657
-4316
-6542
-3483
1807
4010
-997
-8650
-11213
-8925
-5318
-4590
-7005
-10067
-12068
-12258
-10066
-7130
-6453
-9065
-13014
-14259
-11640
-7652
-4975
-4192
-4454
-5335
-5363
-3314
-93
2384
3240
3849
5526
8161
9598
9692
9544
9969
11382
13421
15023
15708
13749
10018
7359
7301
9247
10799
10060
7239
3855
1178
27
35
160
-141
-896
-1604
-2031
-2418
-3107
-4609
-5865
-5544
-3429
-479
908
90
-1725
-3096
-2526
-449
2167
4137
4622
3430
1778
1519
1828
2394
2517
3058
4401
5506
4192
2713
2646
3030
2665
-1697
-4765
-2850
1146
2574
-2201
-9201
-11058
-9031
-6332
-5867
-7393
-9374
-12466
-15169
-14667
-10758
-7451
-8700
-13254
-15897
-14080
-10005
-6957
-5737
-5426
-5686
-5684
-4065
-1203
1289
2632
3760
5513
7699
8816
9170
9420
10160
11347
12735
14663
16115
14614
10935
7482
6687
8517
10058
10280
8554
5428
2410
156
-431
480
875
-21
-1438
-2167
-1632
-1354
-2572
-4468
-5409
-3950
-1036
687
339
-1418
-3031
-2833
-831
1804
3934
4376
3489
2381
1966
2895
3969
4211
4229
4159
4961
4756
5900
6795
5599
2278
-3493
-4449
-59
3862
3134
-3584
-9459
-8900
-6749
-5878
-7318
-9270
-10880
-13125
-15117
-13237
-9202
-7991
-11600
-16876
-17989
-14129
-9615
-7330
-6875
-7178
-7599
-7210
-5177
-2041
158
1166
2613
4778
6944
7518
7285
7412
8388
9977
12190
15299
16437
13252
8020
4575
6181
10083
11993
11079
7505
4062
2014
803
1028
1620
1276
252
-696
-336
513
-104
-2547
-5217
-5555
-2594
1223
2457
1098
-1177
-2450
-1556
545
2775
4109
4104
3203
2497
2756
4192
5310
5412
4380
3693
3717
5077
9303
10251
7035
-123
-5626
-2867
3223
5786
2155
-5004
-7953
-7197
-7250
-7480
-7687
-8123
-10760
-14594
-15041
-10502
-7133
-9900
-16190
-19386
-16599
-11557
-9082
-8445
-8093
-8820
-9958
-9128
-5796
-1667
-26
-25
1178
3742
5697
5981
5782
6292
8055
9827
12172
14612
14301
10707
6373
4589
6760
10054
11500
10035
6134
2272
207
381
1843
2657
1656
-49
-383
542
971
-110
-2419
-3776
-2712
120
2223
1941
86
-1523
-1207
751
2921
4047
4061
3525
3366
3592
4922
6374
6682
5749
4195
3805
4327
8696
12537
10984
4301
-4328
-5192
1363
6458
5295
-1550
-6318
-6084
-6506
-8159
-8716
-8027
-9195
-12990
-15267
-11936
-7516
-9091
-16193
-20913
-18225
-12149
-8864
-8950
-9098
-9294
-10598
-10673
-7607
-3089
-489
-705
-427
2066
4906
5566
4729
4597
6053
8591
11155
13671
13791
9730
5316
3566
5969
9744
10889
9276
5612
2139
432
243
1598
2575
1447
-577
-1144
230
1247
135
-2446
-3911
-2692
142
2434
2081
190
-1664
-1953
269
3630
5614
4963
3071
2261
3757
6530
8154
8120
6724
5681
5492
5989
11130
14693
12517
4217
-3935
-2276
5269
9434
5620
-2440
-5811
-4854
-5439
-7529
-8251
-7825
-10132
-13978
-14678
-10015
-6904
-11136
-19062
-22074
-17038
-10921
-9473
-10441
-10603
-10831
-12030
-11211
-7293
-2881
-1442
-2209
-1458
1900
5121
5325
4022
4043
5956
8454
10962
13550
13849
9305
3857
1888
4989
9906
11234
8078
3003
-596
-1517
-472
1441
2389
513
-2627
-3396
-1281
1088
1027
-1576
-3573
-2981
-283
2458
2757
1269
-700
-1376
1029
4806
7035
5926
3493
2575
4703
8193
10181
9642
7326
5764
5414
9993
16075
16243
9315
-861
-3291
3363
9891
9601
2326
-3851
-4834
-5216
-6552
-6961
-6510
-8672
-13286
-15412
-11816
-7568
-9400
-16435
-21359
-18881
-12940
-10217
-10658
-11058
-11900
-13307
-12153
-7419
-2804
-1933
-4030
-4409
-1125
3438
5715
5034
4400
5350
6676
8216
10326
12520
11332
7629
4853
4346
6575
8124
7289
4565
1032
-1215
-1830
-765
1212
526
-3085
-5492
-4181
-1034
678
-640
-2714
-3136
-2098
-501
216
854
1421
1053
957
2593
5249
6127
5010
4046
5306
8029
9493
9847
9049
9090
8139
9384
14951
17206
14340
5152
-789
3365
9615
11324
5667
-872
-2375
-3276
-5715
-7275
-6460
-7614
-11977
-15385
-13636
-9067
-10024
-16529
-21809
-20279
-14565
-11779
-11833
-11431
-11427
-13580
-14400
-10413
-4760
-1550
-2233
-3050
-1376
1569
3836
4266
5090
6824
8019
9087
10461
11755
10801
8212
6481
6430
7487
7920
6849
4050
1032
-1278
-2633
-1857
-541
-1152
-3970
-6925
-7022
-4552
-1868
-1245
-2702
-3823
-3590
-2411
-1367
-503
379
812
1252
2208
3729
4951
5130
4997
5493
7606
9284
9533
9184
9336
9476
9630
14160
17758
16266
9671
2015
3127
9471
12818
9587
2514
-302
-259
-2553
-5530
-5646
-5326
-8486
-13269
-14546
-10326
-8029
-12479
-19391
-21623
-17202
-12790
-11953
-11839
-11280
-12383
-14509
-13011
-8275
-4210
-3275
-3506
-1706
741
2322
2655
3445
5594
7294
7939
9103
11278
11653
9008
6582
6644
7928
8219
6540
4327
2743
1138
-876
-2466
-2202
-1364
-2974
-6252
-7954
-6943
-4466
-3122
-3967
-4995
-5003
-3959
-2783
-2336
-1515
-439
121
966
1899
2789
3541
4548
5871
7270
8249
8571
9208
10391
10954
10222
13690
17934
17886
12464
4595
4699
10997
14900
12171
4741
1299
2050
614
-2759
-4178
-4381
-7099
-11015
-12388
-9212
-7811
-12491
-18967
-20954
-16772
-12898
-12755
-12739
-11922
-12866
-14957
-13403
-8434
-4813
-4836
-5607
-3160
616
2822
2386
2092
4605
7039
8014
8733
10406
11239
9575
7449
6547
7802
8261
6853
4568
2109
1022
-621
-2307
-2229
-2522
-4069
-6599
-8634
-8068
-5596
-4047
-4519
-5890
-6421
-5462
-4536
-3226
-1538
-924
-651
-442
547
2481
3792
4175
4580
6366
8702
9420
8625
9397
10273
12906
17305
17091
14115
8758
6492
10626
14323
14603
10033
4753
3679
3300
1360
-508
-1505
-4323
-8228
-10079
-8679
-7048
-10112
-15502
-19043
-17566
-14190
-13419
-13359
-12217
-11973
-13826
-13903
-10202
-6489
-5628
-6319
-4875
-1431
1305
2123
2081
3719
5782
6497
7372
9836
11628
10371
8133
6828
7727
8190
6279
4433
2654
1932
981
-1321
-1892
-2339
-4555
-7276
-9066
-8583
-6286
-4468
-4638
-6332
-8147
-8086
-6731
-4850
-2250
-1107
-917
-201
-267
-355
339
2297
5242
7558
8389
7660
5959
6472
9056
11125
16161
18364
14985
9210
4442
7962
14170
15835
12614
6400
4139
5191
3909
1436
398
-1110
-5441
-8676
-7581
-3822
-4890
-11946
-18009
-18202
-12882
-10104
-12364
-13496
-12470
-12616
-13825
-11661
-6942
-4585
-5771
-6815
-4079
-52
2396
1931
1571
4518
7396
8122
8183
9365
9956
8839
7865
8236
9385
8327
5345
2556
807
870
391
-773
-1338
-3479
-6845
-9592
-10022
-8132
-6297
-5513
-5825
-6880
-8012
-8654
-8312
-5971
-2639
-1182
-768
-505
-382
-249
-42
1331
4270
7138
8820
7834
6548
7449
8496
13675
17341
15593
10873
5293
7514
13996
16412
13248
6775
3862
5778
6264
4027
2582
343
-4316
-8093
-8040
-3213
-1909
-7991
-15533
-18615
-14608
-10030
-10266
-11864
-12040
-12724
-13850
-11888
-7646
-4851
-5144
-6013
-3909
-773
1424
1836
1370
3221
5961
7786
9576
10928
9877
7081
6045
8382
11391
10827
6753
2655
580
333
-16
-805
-612
-1835
-5776
-9664
-10508
-8541
-6909
-7116
-7918
-7609
-6819
-7159
-8446
-8209
-5401
-3142
-2386
-1335
86
1096
896
625
1788
4490
7115
7658
7231
8138
8848
10911
14746
14659
11385
5868
5128
11904
16999
15582
8219
2068
3156
6192
5794
4229
2789
-877
-5702
-8285
-5422
-1189
-3334
-9918
-15704
-15488
-11014
-9527
-10418
-10340
-10759
-12582
-12758
-9549
-5951
-5095
-6033
-4398
-836
1318
1148
-553
778
4805
7250
8609
9789
10135
7943
5285
6006
9364
11506
8891
4003
1195
1107
1220
-817
-1991
-1701
-3103
-6519
-9594
-9237
-7365
-6601
-7636
-8736
-7591
-6391
-6978
-8597
-7627
-4789
-3077
-2080
-1496
-377
535
900
1767
3218
5487
6687
6760
7374
8578
13426
15595
12921
8111
3483
6987
14047
17206
13978
6667
2995
4616
5830
5248
5085
2858
-2184
-6121
-6153
-1753
-842
-6045
-11942
-14201
-11104
-9015
-10433
-10810
-9455
-9819
-11952
-11252
-8194
-6221
-6568
-6253
-2526
1313
2527
720
-1107
1144
5040
7741
9545
10590
9220
6239
5850
7337
10175
10631
6997
3193
1234
2092
2206
-580
-2507
-3858
-5956
-7096
-7890
-8511
-8278
-8578
-9309
-9374
-8038
-6126
-7340
-9350
-7871
-5446
-3210
-1547
-1591
-1570
-942
530
2548
4320
6664
6521
5781
6418
9962
16274
16263
11850
5331
2688
8959
15311
16319
11473
4867
2852
4967
6036
5415
4265
134
-4316
-5782
-3238
606
-2187
-8843
-13761
-13408
-8559
-6685
-8071
-9573
-10533
-11302
-10569
-7492
-5307
-5656
-7092
-5196
-926
1869
2657
1039
764
2820
5079
8093
10587
10805
7462
5085
6475
9030
10605
8373
4724
2132
1359
1725
688
-369
-1425
-4591
-7994
-8788
-8221
-8082
-7919
-8308
-9242
-9758
-8778
-7331
-7521
-7386
-6738
-6483
-4498
-1730
-572
-531
-490
-18
1102
3119
6060
7111
7406
7621
9957
14047
13786
10445
5213
4727
10353
14104
13254
8464
3686
3362
5314
5650
4946
3250
-1187
-5205
-5834
-2294
585
-3064
-8656
-12358
-11862
-8632
-7642
-7657
-7458
-8448
-10155
-9604
-6270
-4048
-5162
-6480
-3546
1043
3194
2380
630
1722
4448
5962
7871
10743
11528
7673
4763
6975
10671
11526
7313
2275
1016
2514
2916
143
-2202
-2781
-4956
-8119
-8735
-7496
-7791
-9351
-10431
-10208
-8743
-7163
-7206
-8582
-8152
-6923
-6754
-5440
-2127
394
303
-223
440
1383
2582
4122
5550
7950
9793
13078
13915
10604
6804
3512
6690
13117
15181
11238
4495
1166
3277
5589
5468
4498
1372
-3779
-6588
-5408
-961
-3
-5038
-10468
-12714
-10373
-7454
-7126
-6919
-6775
-8387
-9461
-7287
-3760
-2855
-4872
-5083
-1078
3206
4564
2926
1235
2772
5219
7037
9649
11633
10490
6328
4515
7388
11128
11492
6922
1597
-77
1271
1914
351
-1678
-3861
-6778
-8882
-8769
-7466
-7414
-8956
-10836
-11459
-9351
-6574
-6216
-7446
-7602
-6880
-6049
-4736
-2457
-363
786
1084
1236
1598
2766
4145
4904
7222
9022
13359
14796
10306
5290
1464
6019
13288
15061
10898
3322
-518
1816
4460
4818
4251
597
-5316
-8044
-6247
-853
-31
-5461
-10604
-12899
-10434
-7544
-7108
-6242
-6057
-7795
-8650
-5979
-2502
-2189
-4557
-4369
387
4620
5740
3927
2059
3525
5489
7395
10549
12564
10819
6040
4001
7690
11754
11125
6403
1151
327
2112
1608
-821
-3078
-4669
-6053
-7987
-8546
-7567
-8031
-9327
-10779
-11369
-9115
-6557
-6096
-6891
-7369
-6799
-6064
-4720
-2063
60
1044
1470
1367
1600
2350
3825
5282
7753
9124
10751
12908
10539
7035
2765
3635
10256
13606
11168
4202
-1125
399
3691
3794
2478
266
-3970
-7495
-7963
-3739
-155
-3556
-9079
-12607
-11268
-7468
-6946
-6988
-5877
-5719
-6493
-5823
-3153
-1684
-2972
-3598
204
4962
6654
5153
2292
2832
5616
7784
10596
12348
11107
6993
4257
6456
10216
11131
7704
2344
-31
685
741
-850
-2212
-3760
-6107
-8548
-9212
-7792
-7392
-8073
-9780
-11627
-10210
-7382
-5835
-5754
-6134
-6240
-6431
-5155
-2181
406
1356
1732
1786
1955
2661
3828
4792
7318
8930
10646
13252
10839
7011
2251
2527
9281
13378
11573
4637
-1917
-1515
2431
3519
2861
634
-4595
-8895
-9636
-4734
271
-2523
-8681
-13503
-12665
-7934
-6326
-6440
-5746
-5572
-6314
-5856
-3450
-1459
-2005
-2801
387
4807
6846
5965
2933
2874
5721
8375
11197
12487
10898
6900
4353
6186
10100
11416
8317
3357
26
-10
277
-743
-1340
-2628
-5533
-8975
-10625
-8840
-7101
-7152
-8516
-10906
-10691
-8508
-6989
-5905
-5025
-4787
-5463
-5504
-3075
584
1758
1822
1977
2460
3758
4367
4577
6603
8410
10077
13041
11360
7927
3132
1252
6898
12095
11825
5731
-1814
-2564
1434
2457
1546
-292
-4183
-7767
-9727
-6805
-1720
-2635
-7330
-12229
-12566
-8109
-6219
-6672
-6055
-5000
-4829
-4938
-4072
-2258
-1586
-1665
1188
4878
6574
5737
2842
2587
5614
8692
11250
11933
9856
6383
4431
6186
10238
11255
7670
2819
179
912
1169
-464
-1625
-2716
-4913
-7765
-9626
-8510
-6926
-7234
-8534
-9999
-9234
-7507
-7079
-6765
-5689
-4484
-4480
-4800
-3523
-460
1008
1213
1907
2864
4036
4105
3961
5582
8281
9157
11715
12143
9427
5178
509
4013
10969
12931
7990
-765
-3664
476
2734
1823
359
-2934
-7148
-10412
-9155
-2512
-587
-5379
-11961
-14887
-10381
-6022
-5753
-5773
-5164
-5267
-5635
-5065
-2923
-1038
-1331
310
3922
5994
5959
3276
1734
4330
7950
11054
12217
10097
6312
3650
5144
9717
12016
9269
3895
-13
-88
1509
1489
17
-1785
-4463
-7212
-8684
-8001
-6332
-6304
-7593
-9160
-9494
-8054
-6402
-5886
-5549
-4731
-4595
-4316
-3243
-1059
623
749
1557
2481
3513
3932
4183
5133
7165
8178
8956
11535
10778
7387
1937
1245
8072
12574
9997
1973
-3590
-1142
2600
2267
527
-1676
-5627
-9856
-10712
-5143
246
-2440
-9630
-15067
-13128
-7251
-5371
-5422
-4625
-4731
-5687
-6403
-4619
-1239
-261
-100
1992
4421
5291
3690
1458
3004
6893
9665
11071
9585
6465
4226
4168
8303
11697
9878
5317
632
8
2078
2792
1568
-844
-3606
-5639
-6955
-7151
-5551
-5240
-6434
-7665
-8250
-7266
-6308
-5827
-5353
-4620
-3872
-3587
-3412
-2396
-437
431
1094
2024
2838
3069
2883
3917
5725
7477
7411
9616
10967
8228
3508
163
4992
11525
11424
4857
-2169
-2250
1999
3015
1242
-200
-3250
-8220
-10811
-7417
-315
3
-6914
-13504
-14316
-8964
-5681
-5862
-5127
-4588
-5555
-7113
-6465
-2782
-289
-618
117
2676
4254
3703
1374
1513
5493
8805
10404
9346
6553
4573
4629
7612
10731
10472
6748
2647
611
1768
3562
3045
1135
-1547
-4398
-5943
-6470
-5488
-4313
-5059
-6291
-7552
-7816
-6431
-5580
-5589
-4835
-3996
-3509
-3443
-3553
-1788
-32
637
1378
1537
2300
2882
3190
3788
5642
6923
7835
10706
9481
5854
1385
1538
8436
11888
8950
1896
-2805
-493
3058
2939
1613
-547
-5528
-9763
-9697
-3580
1714
-2329
-9854
-14495
-12357
-6843
-5468
-5327
-4458
-5190
-7006
-8044
-5783
-1646
-75
-520
672
2237
2683
1543
194
2926
7305
9379
9227
6604
4491
4118
5400
9472
11561
9166
4538
336
531
3769
5372
3869
105
-3445
-4592
-5086
-4823
-3289
-3819
-5334
-6688
-7286
-5570
-4774
-5222
-5470
-5043
-3088
-2022
-3034
-3334
-1962
-281
1198
1637
1745
2227
1937
2355
3734
5914
6905
8346
9265
6862
3664
970
4225
9697
10508
6100
-486
-2143
1574
3894
3133
1392
-2341
-6955
-9246
-6664
154
1276
-5141
-11830
-14201
-9858
-5786
-5113
-4137
-4710
-7175
-8957
-8076
-3875
-429
-809
-1105
274
1274
1377
133
1161
5309
7790
8162
7039
5167
4593
4578
6611
10623
10958
6985
1835
-15
3219
6287
5481
1996
-1856
-3610
-3381
-3721
-3289
-3057
-4616
-5657
-6308
-5262
-4241
-5308
-5670
-5059
-3356
-1599
-2354
-3944
-3341
-1261
962
1810
1126
1293
1156
1622
3031
4930
6305
7290
9098
7349
4385
1306
2458
8099
10676
8123
1608
-2365
-7
3633
4220
2928
-450
-5610
-8728
-7761
-1570
2451
-2049
-9043
-13705
-11835
-7010
-5172
-3922
-4043
-6695
-9142
-9320
-5830
-1455
-721
-1661
-1023
27
469
-179
67
3542
6631
7340
6720
4967
4502
4552
5510
9293
11338
8977
3715
106
2154
6136
7090
4197
-136
-2961
-3260
-3154
-2727
-1972
-3244
-4985
-6246
-5875
-4149
-4391
-5001
-4878
-3842
-2371
-2492
-3578
-3508
-1791
13
1042
995
980
979
776
2072
3682
5667
5948
6625
7997
6313
3859
1283
3715
8947
9898
5747
-276
-1737
1901
4417
3670
1783
-1784
-5913
-7967
-5720
738
2185
-3586
-10314
-13316
-9797
-5754
-4199
-3224
-4557
-7705
-9840
-8829
-4023
-257
-1028
-2449
-2014
-1053
-320
-394
1147
4540
5953
5643
4667
3979
4643
4722
5865
9598
10357
6786
1848
289
3965
6959
6142
2659
-1328
-2954
-2671
-2711
-1836
-1573
-3304
-5002
-5861
-4540
-3632
-4573
-4435
-3782
-2726
-2044
-2990
-3512
-2488
-937
617
1260
1013
892
122
689
3125
4825
5945
4722
5588
7523
6183
3457
1111
4307
8974
8694
3976
-671
-524
2767
4129
2992
1518
-1858
-6221
-7725
-4043
2530
2258
-4798
-11398
-12740
-8367
-4755
-3292
-2945
-5288
-8989
-10762
-8060
-2293
402
-1867
-3618
-2866
-1311
-382
-339
1835
4653
5059
4504
3687
4015
4675
4771
6600
9097
8936
5136
1318
1381
4860
6691
4722
1538
-1129
-2118
-2528
-2687
-1778
-1753
-3044
-4515
-5289
-4598
-3943
-4152
-3921
-2910
-2232
-2414
-3312
-3253
-1566
-2
1139
1253
753
565
310
1708
3826
4947
5243
3645
5313
7432
6424
3707
1080
4202
8381
7980
3644
-634
-197
3102
3988
2805
1332
-2369
-6397
-7219
-2872
3357
1940
-5497
-11825
-12264
-7064
-3668
-2700
-2873
-5907
-9744
-10727
-6672
-772
452
-2997
-4597
-3089
-921
-9
-164
2010
4131
3774
3196
3284
4525
5019
4620
5997
7860
7165
3697
1708
2988
5205
5208
2704
612
-589
-1460
-2470
-2846
-2106
-1940
-2872
-3916
-4468
-4537
-4450
-4034
-2816
-1577
-1760
-2917
-3770
-2715
-346
1111
1215
626
149
627
1466
3052
4179
4736
4334
4224
7078
7422
5579
2152
1734
6538
9035
6838
1596
-1396
1196
4217
4242
2785
-337
-4656
-7129
-5657
445
3861
-1071
-8524
-12943
-10349
-5118
-3163
-2513
-4163
-7846
-10356
-9473
-4177
149
-1227
-4266
-4292
-2384
-368
-176
346
2842
3710
3275
2884
3267
4699
4660
4819
6896
7918
5756
2329
1213
3483
5789
4913
2166
-728
-2238
-2432
-2362
-1636
-1431
-2699
-4093
-4836
-4533
-3574
-3488
-3245
-2566
-2228
-2139
-2588
-2425
-983
380
1102
1117
820
1038
1449
2240
3607
4158
4942
4353
5223
7593
6684
4442
1419
3030
7656
8256
4772
-16
-942
2633
4569
3328
1361
-1978
-5593
-6869
-3915
2375
2884
-3949
-10690
-12350
-7592
-3531
-3101
-3348
-5590
-8755
-10020
-7461
-1899
277
-2880
-5244
-3678
-858
469
-390
660
3245
3477
2806
2585
3861
5007
4177
4575
6914
7273
4311
843
873
4694
6374
3966
174
-2315
-2230
-1752
-1597
-1306
-2166
-3761
-4488
-4281
-2945
-2528
-3727
-3909
-2992
-1531
-1051
-1999
-1931
-803
317
1100
1316
1266
1517
1529
2474
3718
4487
5017
3966
6048
7676
6244
3240
1001
4633
8486
7481
2993
-881
265
3719
3976
2417
751
-2754
-6132
-6508
-1713
3748
832
-6806
-11736
-10288
-4998
-3271
-3591
-3981
-6383
-8941
-9392
-5467
-368
-739
-4550
-5150
-2276
338
44
-1082
1047
3296
3163
2521
2701
4450
4511
3150
4719
7319
7003
3203
-190
1604
5463
5742
2549
-1134
-2262
-1773
-1875
-1765
-1612
-2558
-3909
-4774
-3851
-2064
-2585
-3931
-4029
-2480
-793
-1094
-1989
-1620
-402
634
1031
1240
1471
1530
1524
2626
3920
4951
4606
3547
6200
7781
6382
2701
899
5048
8197
6870
2447
-838
1092
3691
2910
1924
851
-2410
-5948
-6316
-747
4036
142
-7109
-11129
-8729
-4251
-3624
-3342
-3345
-5865
-8885
-9266
-4464
477
-1100
-5055
-4765
-1647
519
-559
-1123
1654
3125
2403
1678
2758
4790
4097
2491
4273
6959
5965
2228
-379
2064
5210
4047
1051
-1561
-1721
-1363
-2328
-2368
-2146
-2870
-3613
-4102
-3081
-1987
-3384
-4330
-3490
-1691
-123
-946
-1843
-1197
-402
790
1307
1532
1755
1225
1518
3229
4451
4829
3927
2954
5976
7947
6547
2938
623
4087
7425
6976
3560
179
900
2697
2394
2241
1442
-1872
-5441
-5986
-1048
3602
518
-5979
-10111
-8699
-4788
-3529
-2475
-2646
-5777
-8964
-8839
-3804
642
-1243
-4828
-4475
-1745
201
-710
-698
1800
2489
1439
1166
3166
5288
3934
1593
3001
5468
5237
2492
384
2291
3541
1979
156
-739
-231
-1261
-3544
-3776
-2676
-1739
-1991
-3204
-3242
-3213
-4162
-3775
-2179
-362
100
-1535
-2071
-1063
273
1339
1277
1434
1608
1443
1934
2951
3710
4350
3678
4359
7048
6761
4469
1209
1810
6139
7784
5759
1634
-287
1768
3191
3055
2595
94
-3491
-5706
-3932
1663
3159
-1728
-7330
-9598
-6776
-3814
-2706
-1685
-3312
-6704
-8898
-6917
-1543
480
-2359
-4368
-3224
-1027
-265
-978
385
2348
1964
1021
1402
3539
4528
2624
2186
4119
4915
3503
945
753
2718
2570
950
-432
-726
-751
-2758
-4243
-3606
-2458
-1781
-2449
-3277
-3262
-3864
-4167
-2986
-1252
270
-485
-2143
-1772
-407
1082
1464
1282
1494
1532
1577
2264
3130
4089
4248
3828
6284
7206
5081
1681
636
5038
8310
6954
2764
-599
671
3226
3460
3317
1580
-2338
-5428
-5324
-77
3970
686
-5250
-9015
-7887
-4434
-3015
-1821
-1933
-4843
-7717
-7966
-3705
404
-765
-3314
-3234
-1284
31
-795
-646
1684
2636
1888
1413
2437
4132
3353
1701
2561
4302
4608
2419
292
987
1703
985
64
-435
-428
-2174
-4880
-5247
-3143
-888
-994
-3246
-4581
-4460
-4115
-2858
-1269
52
-121
-2137
-2457
-697
1192
1675
769
860
1948
2270
2334
2288
3389
4127
5171
7835
7273
3769
-771
308
6590
10028
7451
1187
-1916
-53
2692
4163
4587
1793
-3928
-7641
-5315
1786
4203
-590
-6357
-9069
-7113
-4576
-2490
-675
-1921
-5302
-7717
-6082
-1825
-115
-1582
-2296
-1340
-12
200
-481
416
1552
2144
2989
3816
4015
2600
807
1418
3814
5704
5260
2075
-812
-1437
65
2103
1930
-247
-2918
-4899
-4932
-3818
-2288
-1373
-2482
-4510
-5585
-4360
-2207
-1342
-1704
-1935
-1645
-1273
-1048
-406
775
1322
1197
1416
2000
2562
2058
2258
3233
5678
8747
7367
3730
-344
-71
4485
7777
7600
3439
-660
-1540
102
3025
5015
2511
-2829
-6522
-5558
-204
2202
20
-3558
-6835
-7167
-5690
-2937
-241
-994
-3869
-5525
-4551
-1963
-1237
-1700
-709
307
801
780
514
1087
1232
1449
3400
5353
5009
2264
-61
1184
3810
4986
4361
2280
146
-1587
-1950
85
1828
585
-3088
-6054
-5394
-3060
-2090
-2637
-3782
-4613
-4844
-4489
-2895
-997
-708
-1846
-3037
-2356
-492
532
990
1361
1848
1611
1132
1659
3081
3425
4367
7326
7859
5315
392
-199
4305
7331
6357
2094
-216
356
647
1387
2844
2041
-1740
-5572
-5047
-201
1463
-1420
-4678
-6314
-5459
-4742
-3440
-1375
-1644
-3558
-4920
-3720
-1011
-449
-1308
-1091
-100
1110
1543
1654
2375
2782
3089
3618
4080
4059
3655
3229
3448
3783
3869
3599
2432
804
-255
-54
398
-305
-1849
-3059
-3664
-4169
-4654
-4341
-3483
-3487
-4675
-5645
-5069
-3654
-2511
-2223
-2090
-1812
-2085
-2481
-1630
374
1995
2203
1652
1532
1678
2322
3039
6106
8795
7034
3008
136
2757
6615
7285
5076
1670
45
-389
157
2637
3636
401
-4473
-6586
-3616
443
45
-2740
-5681
-7467
-6968
-5260
-2230
-1025
-3130
-5141
-5101
-2694
-828
-1277
-934
640
1914
2079
1017
1658
3297
4116
4664
5364
6079
5210
3071
2277
4231
6502
6510
3639
672
-4
457
964
534
-341
-1137
-2865
-4538
-5227
-4888
-3930
-3976
-4376
-4442
-4605
-4812
-5057
-4407
-2934
-1889
-1644
-1824
-1655
-1149
-588
180
1410
2228
2457
2409
2896
5982
7387
5716
2736
1478
4444
6731
6231
3737
1538
1422
1379
1080
1460
1089
-1195
-3955
-4879
-2467
-645
-2186
-4704
-6920
-7040
-5805
-4760
-3672
-3853
-4618
-4854
-4227
-2643
-1627
-1466
-987
-214
1257
3211
3748
3491
2667
2647
4545
6521
7630
7090
5114
4031
4374
5414
6236
5117
3316
1977
1229
983
282
-94
-301
-1717
-3648
-4625
-4299
-3732
-4274
-4962
-4745
-4479
-4699
-5341
-4888
-3186
-2334
-2713
-3201
-2545
-1190
-617
-95
717
1118
1351
1334
3870
6992
6690
3626
947
2715
6007
6823
4873
2445
1767
1915
1636
1867
1959
31
-2820
-4379
-2898
-819
-1774
-3991
-5965
-6881
-6786
-6358
-4832
-3752
-4398
-5512
-5772
-4671
-3456
-2940
-1522
295
994
531
140
1796
4230
5420
5773
5748
5929
5844
5528
6113
7117
7231
6192
4834
4355
4137
3405
2717
2193
1799
931
-793
-2225
-2977
-3046
-2643
-2858
-3689
-4913
-5893
-5637
-4661
-3552
-3167
-3936
-4652
-4502
-3234
-1589
-1036
-1367
-1782
-951
626
2958
5680
5936
3516
-9
211
4313
7824
7413
3536
593
317
1863
3789
4364
2388
-1467
-4374
-3681
-387
1240
-539
-4242
-7352
-7831
-6477
-4665
-3933
-4819
-5846
-6141
-5565
-4321
-3722
-3676
-3549
-2491
-288
1299
1645
992
832
2362
4688
6459
7002
6284
4970
4467
5332
7161
7973
6796
5031
3912
3928
3926
3465
2968
2332
1331
-140
-1147
-1380
-1609
-2151
-2630
-2855
-3349
-4315
-4843
-4296
-3350
-2848
-3075
-3584
-3683
-3587
-3016
-2070
-975
-234
-77
1265
2317
2116
1354
1216
2951
4102
3657
2717
1998
1919
1684
1756
2747
2696
885
-1464
-2400
-1044
235
-163
-1439
-3320
-4551
-5051
-5121
-4090
-3337
-3500
-4314
-5507
-5644
-5112
-4423
-3140
-1953
-1071
-1268
-2239
-1932
-395
1713
3467
3874
3669
2952
2470
3476
5384
7010
7233
5859
4495
3931
4199
4963
5272
5271
4589
3005
1604
805
1047
1620
1258
287
-1139
-2443
-3109
-2974
-2055
-1613
-2284
-3541
-4555
-4554
-3606
-2868
-2470
-2681
-3012
-2924
-2105
242
1446
813
-635
-826
996
2349
2469
2058
1764
1561
1289
1722
2717
2604
881
-721
-326
1606
2255
829
-1168
-2632
-2667
-2316
-2203
-2132
-2477
-3334
-4354
-4672
-3821
-3399
-3990
-4569
-4202
-3239
-2945
-2901
-2254
-1422
-855
-555
74
1212
1818
1917
2230
3290
4532
4859
4614
4541
4963
5401
5376
5246
5625
6022
5412
4083
3074
3177
3476
3013
1967
800
150
-511
-1024
-1174
-1410
-2069
-3238
-4057
-3893
-3341
-3212
-3816
-4679
-4979
-4158
-1547
618
360
-1657
-3327
-2518
-204
1751
2516
1656
149
-879
-20
2552
3869
2844
411
-1192
-726
1016
2865
3210
1086
-1677
-3124
-2931
-1855
-1123
-1064
-1854
-3012
-3310
-3183
-3339
-3654
-3817
-3105
-2311
-2199
-2401
-2704
-2542
-1754
-631
780
1213
472
-185
406
2511
4320
4456
3387
2596
3036
4065
4681
5002
5131
4659
4007
3646
3923
4202
3684
2971
2191
1749
1611
1151
514
-322
-908
-1211
-1505
-1870
-2432
-3160
-3722
-3891
-3744
-3263
-2881
-2778
-2940
-2476
-1257
-673
-1171
-1889
-1497
-67
772
584
168
-29
130
764
1718
2150
1288
-169
-381
898
2110
1820
489
-746
-1438
-1344
-755
-65
-120
-1353
-2622
-2914
-2347
-1981
-2280
-2481
-2283
-2120
-2409
-2686
-2328
-1669
-1200
-546
115
329
-155
-603
226
1913
3168
3161
2346
1807
2036
2886
3990
4757
4671
3862
2991
2867
3429
3925
3905
3269
2453
1677
1068
838
771
719
257
-745
-1763
-2448
-2442
-2124
-2127
-2671
-3294
-3525
-3435
-3214
-2861
-2307
-1730
-1593
-1724
-1615
-1143
-596
-268
-32
177
219
187
323
759
1311
1522
1579
1208
712
385
508
1159
1566
1220
35
-904
-867
-306
-94
-472
-954
-1517
-2189
-2650
-2393
-1627
-1270
-1626
-2072
-2097
-1708
-1435
-1256
-739
-169
151
143
234
722
1134
1354
1665
2155
2609
2597
2330
2422
2837
3318
3600
3433
3009
2378
1974
1969
2083
2182
1940
1159
48
-742
-705
-252
-185
-784
-1769
-2611
-3018
-2861
-2287
-1858
-1796
-2208
-2737
-2888
-2476
-1663
-1147
-978
-804
-533
-372
-343
-64
548
925
755
499
565
983
1332
1439
1312
1046
859
757
677
554
517
554
598
372
-145
-635
-989
-1097
-1047
-948
-894
-1241
-1752
-1897
-1473
-858
-856
-1128
-1168
-842
-544
-422
-78
445
654
407
332
729
1335
1568
1378
1295
1553
2044
2232
1854
1481
1522
1882
2015
1612
1089
642
360
310
379
425
70
-556
-1035
-1167
-1037
-1023
-1176
-1451
-1635
-1513
-1283
-1127
-1274
-1395
-1215
-959
-755
-754
-722
-661
-524
-105
359
392
-91
-276
389
1283
1330
657
254
470
837
967
1093
1147
797
245
155
654
993
734
180
-72
-135
-280
-452
-566
-547
-610
-574
-443
-573
-1082
-1579
-1383
-639
-73
-131
-563
-969
-1063
-660
89
670
510
-61
-291
172
889
1177
1065
846
781
815
889
996
984
773
512
518
621
379
-169
-479
-182
244
162
-390
-954
-1201
-1091
-733
-228
-36
-494
-1180
-1404
-883
-198
15
-141
-404
-643
-770
-654
-172
266
283
137
150
381
556
516
653
1015
1323
1301
946
710
737
979
1318
1440
1159
538
42
79
468
714
552
85
-357
-532
-413
-220
-243
-539
-845
-931
-857
-748
-769
-897
-1011
-941
-620
-498
-817
-1244
-1114
-340
290
246
-281
-663
-634
-238
384
842
686
-106
-675
-393
417
795
451
-37
-227
-217
-253
-209
-87
-94
-315
-388
-52
220
13
-469
-558
-110
324
401
244
91
-75
-148
68
484
578
139
-282
-96
590
983
764
381
306
585
885
1088
1191
1033
647
373
588
1109
1354
1020
402
57
233
661
894
720
339
96
48
25
-95
-208
-235
-289
-463
-680
-785
-813
-872
-925
-940
-985
-1153
-1301
-1200
-941
-819
-906
-968
-906
-894
-947
-874
-642
-517
-640
-731
-605
-440
-375
-306
-121
-100
-340
-533
-332
81
251
183
122
193
208
193
368
656
812
663
497
499
597
678
707
773
721
545
371
396
588
665
546
338
357
571
708
591
422
533
740
731
493
474
745
865
635
400
566
816
759
504
487
728
718
325
-72
-21
277
319
-25
-405
-481
-379
-325
-396
-486
-663
-1005
-1259
-1163
-832
-789
-1145
-1437
-1330
-1111
-1229
-1511
-1495
-1162
-967
-1093
-1243
-1205
-1125
-1140
-1007
-589
-202
-247
-656
-872
-591
20
489
575
438
292
290
389
607
893
1109
1093
851
646
628
767
832
833
870
910
818
491
263
371
720
895
675
355
247
416
606
681
703
701
628
483
441
599
808
873
795
711
685
637
574
552
618
718
691
460
83
-170
-121
114
235
25
-430
-861
-1003
-852
-674
-699
-966
-1316
-1532
-1499
-1281
-1175
-1323
-1520
-1516
-1372
-1397
-1511
-1407
-1084
-879
-949
-971
-795
-657
-710
-659
-243
175
143
-178
-209
158
447
420
375
530
628
481
349
488
678
627
480
501
612
578
471
512
655
661
507
405
457
584
694
790
824
695
457
343
545
910
1077
891
609
573
763
911
890
826
800
717
593
605
742
691
333
62
235
576
494
-73
-598
-674
-446
-257
-259
-487
-924
-1341
-1321
-824
-429
-692
-1400
-1792
-1519
-1001
-771
-889
-1099
-1249
-1289
-1101
-673
-328
-413
-780
-889
-499
-12
79
-167
-313
-160
84
194
188
140
57
-27
21
204
295
127
-144
-205
11
265
309
125
-84
-115
67
322
453
392
252
213
361
603
764
757
674
653
739
841
883
894
935
986
965
876
807
782
769
763
779
737
549
343
329
471
492
259
-41
-183
-152
-63
-7
-57
-274
-596
-797
-703
-422
-265
-421
-753
-986
-983
-799
-566
-423
-502
-768
-955
-818
-472
-271
-357
-507
-502
-407
-365
-352
-267
-155
-150
-244
-289
-254
-243
-299
-292
-152
-44
-165
-433
-552
-389
-133
-29
-107
-237
-305
-275
-137
62
196
180
88
94
254
442
532
512
475
492
583
734
844
807
644
532
611
791
849
710
514
418
406
387
365
379
388
263
26
-111
-28
147
160
-11
-153
-124
-5
16
-67
-118
-66
17
69
78
30
-64
-107
-5
151
171
24
-118
-128
-63
-18
-28
-97
-221
-317
-285
-193
-216
-411
-572
-521
-361
-338
-498
-638
-622
-537
-514
-528
-504
-479
-500
-501
-408
-288
-264
-305
-290
-186
-81
-24
32
95
91
22
26
175
324
304
176
121
170
206
195
207
247
219
128
89
106
60
-45
-41
117
222
100
-145
-270
-173
52
239
267
131
-12
-1
156
335
469
565
593
510
423
486
680
813
785
689
634
611
586
569
551
478
349
254
234
206
86
-82
-180
-172
-164
-239
-365
-458
-488
-497
-496
-471
-435
-447
-534
-616
-600
-478
-321
-225
-240
-354
-484
-498
-346
-119
26
-1
-170
-361
-441
-329
-88
66
-25
-276
-451
-438
-344
-297
-293
-302
-365
-499
-596
-540
-406
-377
-469
-510
-411
-291
-267
-291
-247
-144
-54
35
173
326
411
419
436
537
712
893
1006
1024
982
950
984
1088
1192
1197
1064
890
820
879
916
798
574
396
345
348
309
199
32
-151
-260
-227
-134
-157
-338
-505
-493
-367
-308
-364
-421
-417
-388
-360
-302
-244
-268
-365
-401
-303
-174
-158
-251
-339
-361
-338
-306
-298
-340
-426
-483
-456
-400
-438
-582
-694
-658
-524
-452
-524
-677
-789
-766
-615
-420
-334
-434
-615
-665
-482
-192
4
23
-59
-108
-38
159
402
573
624
615
632
703
797
898
1009
1090
1086
1010
954
973
1012
1008
950
867
770
677
637
640
602
460
272
163
159
187
165
71
-71
-211
-269
-211
-101
-74
-187
-352
-431
-369
-222
-105
-100
-218
-386
-453
-338
-121
1
-82
-287
-441
-444
-316
-170
-143
-282
-493
-608
-566
-475
-456
-513
-593
-676
-755
-782
-732
-658
-648
-693
-724
-702
-636
-560
-502
-475
-455
-383
-251
-126
-66
-44
-3
73
188
342
494
552
502
471
568
739
845
859
857
856
813
752
768
861
919
854
724
631
592
564
533
511
484
419
312
213
177
185
175
128
71
31
7
-17
-26
-17
-8
-10
-26
-38
-45
-56
-62
-43
1
33
4
-97
-204
-221
-137
-57
-114
-307
-490
-535
-467
-405
-432
-553
-719
-856
-879
-776
-671
-704
-853
-942
-882
-777
-747
-757
-705
-599
-538
-533
-486
-363
-245
-185
-126
4
150
226
230
249
330
436
538
631
689
657
562
523
618
766
822
734
596
523
544
604
627
577
487
407
372
380
400
381
285
159
118
202
306
279
119
-24
-26
89
203
233
160
28
-63
-19
137
254
202
37
-76
-59
20
63
42
-34
-149
-258
-290
-249
-237
-330
-463
-527
-523
-544
-614
-665
-652
-623
-628
-648
-661
-670
-662
-598
-491
-422
-430
-455
-414
-320
-231
-159
-90
-39
-24
-3
74
174
227
245
289
350
357
319
326
408
476
444
359
315
334
367
380
361
302
214
157
184
254
272
197
97
53
75
119
150
144
106
70
79
118
137
127
128
160
185
193
211
244
248
203
163
191
257
278
235
179
143
111
68
42
44
18
-58
-146
-199
-234
-304
-386
-412
-384
-385
-473
-595
-647
-603
-524
-487
-516
-561
-570
-532
-457
-374
-313
-275
-242
-186
-103
-21
24
52
117
222
302
313
287
286
326
362
371
366
351
310
243
188
173
172
148
96
35
-17
-57
-75
-67
-58
-82
-118
-128
-108
-92
-94
-83
-43
-1
16
15
20
41
87
165
238
247
194
162
222
338
401
369
295
254
260
292
322
313
242
139
76
78
93
58
-27
-117
-172
-187
-187
-200
-244
-306
-350
-351
-308
-255
-234
-270
-329
-341
-263
-130
-29
-23
-88
-147
-128
-19
127
218
192
78
-13
0
101
195
205
128
21
-59
-83
-59
-23
-21
-83
-184
-253
-256
-221
-205
-228
-254
-255
-255
-257
-247
-220
-193
-183
-158
-100
-46
-45
-66
-43
38
122
169
189
197
197
216
283
367
403
369
320
322
364
396
390
342
272
213
189
206
214
160
63
-15
-37
-25
-16
-34
-76
-125
-154
-143
-115
-97
-96
-94
-77
-53
-44
-46
-45
-28
10
56
85
68
18
-18
4
70
123
112
40
-41
-73
-40
21
47
2
-93
-174
-196
-156
-110
-112
-180
-274
-328
-316
-261
-221
-233
-283
-328
-332
-295
-239
-199
-193
-205
-200
-158
-95
-44
-12
10
44
90
134
168
186
199
224
266
306
316
290
258
256
283
305
290
240
186
168
185
198
181
134
93
76
68
65
62
53
35
13
11
24
30
22
20
30
39
34
28
36
50
50
46
60
78
67
27
1
13
37
38
12
-29
-71
-102
-103
-80
-86
-147
-229
-267
-246
-220
-242
-301
-354
-370
-358
-337
-322
-328
-354
-369
-345
-287
-240
-219
-203
-164
-109
-60
-29
6
63
122
167
191
206
220
245
286
326
332
297
254
245
278
312
302
244
176
141
153
186
200
166
98
44
42
85
124
122
75
24
15
45
90
108
89
57
38
42
64
81
86
74
57
40
23
13
15
21
22
-1
-46
-90
-108
-96
-80
-86
-123
-176
-215
-218
-193
-178
-199
-247
-286
-291
-269
-251
-246
-255
-268
-273
-264
-235
-196
-172
-160
-150
-129
-97
-61
-19
22
54
66
73
98
138
178
196
200
200
196
191
188
194
198
183
158
144
142
138
121
102
92
96
96
90
82
72
59
46
55
81
95
78
43
27
38
60
75
79
63
34
13
16
46
68
58
25
5
7
16
16
12
2
-22
-52
-69
-67
-65
-83
-113
-134
-144
-157
-174
-180
-170
-171
-188
-201
-195
-175
-167
-169
-160
-137
-122
-120
-107
-80
-56
-49
-42
-13
21
31
24
29
55
79
82
80
90
100
96
92
107
125
118
92
77
89
109
113
105
98
91
73
58
59
77
86
69
45
34
36
35
33
43
61
56
30
4
5
29
51
58
47
27
4
-12
-5
21
35
15
-22
-46
-45
-35
-38
-46
-54
-64
-77
-88
-89
-82
-80
-87
-91
-98
-112
-124
-120
-99
-85
-88
-99
-102
-87
-65
-47
-30
-23
-28
-25
-6
23
42
42
36
38
51
65
78
80
68
55
52
65
79
73
53
33
24
28
35
44
39
24
8
1
9
19
22
18
15
11
4
-1
5
17
21
19
10
6
6
6
8
14
16
12
2
-8
-10
-4
-1
1
0
-4
-14
-24
-26
-15
-5
-8
-18
-29
-30
-24
-14
-10
-14
-23
-31
-33
-25
-16
-17
-23
-23
-18
-13
-5
1
3
-2
-10
-12
-5
5
9
10
12
11
10
7
10
14
18
23
26
20
12
7
13
24
26
20
5
-6
-8
2
11
10
-2
-17
-21
-15
-3
2
-2
-11
-17
-14
-10
-3
1
-1
-4
-4
-1
1
-2
0
2
3
0
-6
-10
-9
-2
3
-2
-9
-16
-15
-8
1
5
-3
-13
-13
-4
8
15
10
0
-5
-6
-1
7
13
15
10
1
-4
-2
6
13
18
21
17
12
7
10
22
33
37
31
19
14
19
29
35
31
19
9
3
3
5
5
0
-8
-16
-21
-25
-25
-25
-24
-25
-26
-27
-30
-33
-33
-28
-21
-18
-17
-23
-28
-28
-19
-9
-5
-7
-13
-15
-11
-1
5
3
-4
-12
-13
-5
4
6
0
-4
-3
2
5
8
8
4
1
4
9
11
11
11
12
14
17
19
18
17
17
23
29
32
29
25
25
31
38
37
31
21
20
24
30
28
19
11
9
12
12
7
-5
-13
-17
-16
-14
-17
-24
-34
-39
-38
-31
-27
-27
-32
-37
-37
-31
-27
-23
-24
-25
-30
-31
-25
-20
-14
-17
-21
-22
-18
-12
-8
-5
-4
-3
-3
-5
-4
0
4
8
6
0
-4
-3
3
10
12
7
2
4
9
16
19
17
17
21
26
30
32
34
37
41
44
46
44
42
43
47
49
48
42
36
35
34
35
31
25
17
10
4
3
4
1
-8
-19
-28
-30
-29
-33
-43
-53
-59
-61
-60
-57
-57
-57
-60
-61
-54
-49
-47
-45
-45
-41
-35
-29
-24
-20
-17
-13
-9
-8
-8
-11
-13
-9
-1
5
5
-3
-12
-15
-7
5
8
3
-5
-7
1
14
25
28
24
16
18
32
48
57
56
48
46
51
61
70
71
64
57
55
56
59
62
59
54
50
48
46
39
32
29
25
21
16
10
4
-3
-12
-21
-26
-34
-40
-48
-55
-61
-64
-65
-69
-72
-75
-77
-77
-77
-77
-73
-66
-57
-54
-55
-52
-48
-39
-31
-25
-24
-23
-20
-13
-4
1
3
1
1
5
9
11
12
13
13
15
14
12
8
8
13
16
15
11
10
14
21
28
32
33
32
33
43
55
64
64
59
61
65
68
69
65
64
61
59
56
50
42
35
32
32
27
18
11
4
-2
-9
-13
-19
-27
-39
-49
-52
-55
-58
-61
-62
-62
-64
-65
-63
-61
-61
-57
-55
-51
-49
-48
-43
-35
-29
-26
-23
-22
-18
-11
-2
5
4
0
1
5
10
15
14
10
8
9
11
13
13
13
12
10
12
13
12
9
6
6
9
12
14
12
14
17
20
26
27
30
33
33
33
34
36
38
38
37
38
