11
-2
-7
-6
-4
0
3
10
15
11
4
-4
-6
-8
-8
-8
1
12
8
-3
-15
-24
-33
-40
-38
-24
-15
-12
-16
-20
-25
-33
-39
-40
-30
-18
-10
-5
-3
-4
-9
-15
-20
-16
-5
5
11
16
21
22
13
3
3
11
20
25
32
39
37
26
17
19
21
20
27
37
44
40
29
22
14
4
0
5
12
16
10
2
-4
-16
-27
-31
-29
-24
-20
-13
-10
-14
-21
-31
-35
-22
-24
-24
-5
2
-6
-12
-8
-18
-29
-21
-22
-11
3
-5
-9
-3
-10
-27
-15
-8
-6
-2
8
15
8
11
1
-7
3
9
9
18
34
25
9
12
13
6
7
15
22
26
22
21
15
9
3
1
7
11
19
20
22
22
20
6
-9
-1
3
0
7
20
22
12
3
-5
-7
-7
-8
-7
0
7
4
-10
-20
-22
-32
-48
-49
-38
-27
-27
-32
-33
-33
-42
-50
-50
-38
-27
-23
-16
-2
3
-6
-12
-9
-3
2
7
17
31
37
32
32
33
28
29
30
42
49
52
54
49
47
41
33
32
35
32
31
36
33
18
11
4
-6
-8
-6
-9
-9
-5
-21
-27
-26
-31
-41
-37
-22
-29
-23
-20
-31
-26
-37
-41
-33
-30
-23
-25
-20
-23
-17
-28
-30
-20
-36
-19
-7
-18
0
0
-23
-11
-1
-9
-8
21
14
9
34
14
13
15
8
13
17
30
31
33
34
22
20
16
19
21
14
22
19
24
18
8
13
8
-1
2
12
13
6
5
9
13
14
6
-2
-3
5
5
1
16
16
6
2
-6
-2
-1
-9
-11
-8
-3
-5
-12
-16
-28
-39
-48
-46
-31
-24
-29
-32
-28
-31
-39
-38
-38
-33
-28
-21
-5
-1
-4
-12
-14
-12
-9
4
15
22
28
28
28
32
30
28
24
36
47
44
47
47
42
31
27
29
28
30
29
29
31
28
19
7
4
-2
-8
-3
-1
-8
-6
-16
-34
-24
-20
-32
-25
-8
-19
-27
-10
-18
-36
-30
-21
-32
-21
0
-19
-24
-7
-29
-45
-18
-27
-32
-10
-10
-18
-8
-4
-35
-18
-2
-19
-3
16
7
6
17
3
-2
13
7
1
22
29
26
26
25
14
7
12
6
14
25
28
19
14
25
13
2
11
14
10
18
17
8
9
9
6
17
21
6
8
16
16
14
14
10
14
11
-2
6
16
6
-4
-8
-2
-5
-15
-18
-23
-26
-37
-47
-38
-29
-34
-41
-35
-38
-40
-42
-43
-34
-27
-28
-23
-11
-10
-17
-15
-5
1
9
15
16
27
31
23
23
28
26
23
27
37
36
32
32
26
21
21
21
23
31
24
21
19
17
6
-1
7
-13
-2
24
-6
6
22
-19
-43
6
-23
-42
37
-23
-4
8
-21
-40
-39
-44
-62
-16
-22
-47
-32
-22
-73
-73
-86
-71
-61
-66
-43
-54
-49
-69
-89
-102
-70
-74
-55
-26
18
16
-32
1
-26
-50
-6
0
-2
82
78
27
96
94
-18
59
81
65
115
126
95
129
114
37
81
97
40
69
102
79
146
111
99
162
199
196
90
83
129
129
119
113
173
155
102
34
14
66
21
-10
-34
-23
-15
-94
-139
-152
-175
-259
-323
-276
-210
-219
-239
-248
-233
-243
-246
-234
-210
-151
-142
-136
-70
-27
-55
-56
-23
7
50
78
107
144
127
110
107
135
149
116
129
154
153
141
112
100
98
81
81
92
108
98
58
32
30
11
-6
-10
14
30
1
-9
3
-9
-43
-46
-30
-5
-29
-29
3
-39
-45
-26
-35
-58
-13
-21
-48
-8
-8
-46
-47
-30
-61
-50
-15
-63
-42
-21
-81
-24
-28
-43
-38
1
10
-37
38
29
-7
41
38
27
38
84
70
24
87
79
32
154
54
107
94
31
115
29
189
120
42
114
82
26
4
87
35
14
152
67
106
170
73
119
190
200
69
31
104
80
127
112
118
204
73
-23
-45
47
57
-122
-91
-71
-125
-158
-300
-344
-420
-555
-681
-673
-387
-410
-560
-534
-577
-538
-561
-515
-321
-228
-150
-241
-140
59
-30
-62
-4
234
427
483
489
566
598
332
426
587
616
718
680
613
603
523
409
413
438
523
456
408
539
418
222
62
-46
4
83
19
-42
55
-129
-432
-504
-354
-433
-411
-319
-342
-225
-400
-545
-606
-753
-395
-535
-619
-179
-378
-519
-635
-385
-367
-474
-237
-443
-178
-102
-425
-197
-88
-112
-304
-183
-99
-79
-84
26
-270
116
306
-235
430
166
178
440
250
140
598
408
119
504
715
486
325
457
304
542
281
344
532
419
145
102
145
284
382
302
246
419
641
535
579
293
122
121
316
415
492
504
375
299
-130
-316
76
231
-39
-195
-128
-86
-449
-779
-1064
-1105
-1119
-1308
-1114
-724
-664
-1070
-1531
-1504
-1201
-1086
-986
-664
-238
-314
-538
-516
-248
25
44
190
607
980
1046
753
735
841
724
777
995
1179
1353
1285
921
785
841
729
596
695
851
937
738
582
452
182
86
34
18
104
73
-152
-513
-597
-775
-697
-637
-757
-615
-763
-911
-879
-903
-957
-735
-846
-725
-438
-457
-572
-464
-589
-538
103
-260
-15
377
211
35
-111
143
-135
161
277
156
212
68
88
-241
-210
-81
262
142
57
567
153
42
-71
-38
107
383
452
377
594
238
153
-41
106
288
451
294
324
379
-75
-43
-34
173
369
534
773
995
858
193
-497
-324
377
839
935
752
761
331
-552
-940
-315
446
449
43
14
73
-152
-1005
-1694
-1328
-884
-909
-1099
-572
-343
-1104
-2064
-2171
-1361
-639
-469
-414
-288
-315
-633
-975
-600
224
759
603
669
1079
1164
752
273
502
1071
1428
1537
1518
1568
1229
694
529
786
1319
1359
988
819
728
531
279
-3
174
572
472
197
51
-77
-481
-940
-1013
-721
-334
-425
-869
-1191
-1205
-1261
-1336
-1125
-861
-719
-931
-1085
-1133
-1123
-939
-835
-697
-297
-63
-136
-415
-267
-156
-168
210
313
841
316
278
339
115
571
299
411
450
608
353
183
287
345
106
87
370
417
478
75
167
-150
87
573
300
324
273
299
-57
111
439
247
401
296
-50
144
228
211
192
164
1023
1415
1065
-23
-911
-410
348
1111
1071
710
659
125
-855
-1400
-283
1047
727
-169
-700
-156
-101
-1305
-1869
-1530
-844
-743
-1232
-1117
-609
-1204
-2630
-2933
-1454
4
55
-814
-982
-589
-852
-1056
-661
534
1317
748
217
474
1179
1101
488
686
1558
2307
2001
1275
1153
1245
1153
983
1354
2066
2037
1137
307
388
860
1026
811
697
1036
814
131
-425
-567
-40
-67
-563
-536
-411
-573
-1380
-1901
-1584
-1017
-891
-1369
-1586
-1502
-1492
-1727
-1891
-1362
-809
-1034
-1394
-1384
-931
-685
-847
-694
-290
114
59
-3
3
444
804
243
540
808
736
954
925
703
839
1127
885
675
618
685
532
506
316
523
692
294
346
251
450
366
163
192
269
339
17
-234
-49
119
-43
55
-83
230
1131
1271
789
-855
-1578
-182
1565
1774
724
342
151
-242
-1148
-1226
848
2108
882
-1216
-1831
-276
335
-1041
-1943
-1105
-242
-958
-2039
-1900
-830
-889
-2435
-2779
-1117
364
-181
-1931
-2070
-628
131
-192
-296
625
1109
310
-653
131
1878
2093
1093
361
971
2025
1834
1093
1104
1720
1987
1521
1162
1464
1712
1106
476
890
1686
1934
1115
98
218
730
794
434
222
266
22
-766
-1205
-776
-407
-770
-1580
-1804
-1280
-986
-1796
-2527
-2131
-1480
-1397
-1976
-2235
-1818
-1590
-1773
-1829
-1296
-585
-603
-1229
-1306
-358
407
242
-11
319
1025
1167
630
585
1109
1419
1263
1072
1320
1553
1409
719
352
1023
1517
1391
647
336
582
527
336
327
639
453
-171
-592
-358
268
259
-297
-689
-229
-123
145
1110
1529
906
-1450
-2110
-57
2358
2245
214
-650
-72
419
-836
-1257
939
2489
955
-1844
-2213
236
1260
-946
-2812
-1835
50
-228
-2226
-2619
-870
-249
-2191
-3104
-1269
721
-27
-2635
-2785
-444
1038
170
-918
-37
1245
772
-744
-110
2078
2797
1387
-43
708
2267
2145
920
758
2086
2845
1747
528
780
1874
1808
924
867
1526
2072
881
-497
95
1209
1451
345
-620
-243
25
-566
-1180
-814
-198
-622
-1911
-2400
-1323
-785
-1727
-2707
-2655
-1632
-1200
-1887
-2373
-2181
-1730
-1755
-1839
-1146
-421
-435
-1227
-1311
-266
627
694
205
266
938
1385
1213
1023
1239
1581
1304
974
1252
1791
1986
1016
135
490
1153
1411
979
207
118
165
181
155
140
346
116
-228
-726
-570
55
-125
750
1457
1258
-228
-2429
-1744
901
2869
1932
82
-355
-51
-588
-1970
-799
2282
2782
-34
-3039
-2270
684
894
-1512
-2490
-939
-49
-1747
-3367
-1956
487
-374
-3314
-3478
-622
1466
-249
-2884
-1954
621
1074
-520
-916
869
1946
507
-702
1044
3400
3130
626
-470
1483
3427
2692
1134
1101
2198
2414
1206
661
1738
2542
1548
196
387
1647
1939
387
-649
-225
543
343
-813
-1172
-610
-402
-1097
-1648
-1359
-1110
-1870
-2818
-2439
-1214
-872
-1964
-3004
-2702
-1581
-1432
-2038
-1903
-1062
-477
-1228
-1916
-1230
67
590
-52
-316
267
899
720
206
786
1869
2079
1286
582
1045
1901
1771
1170
1141
1790
1933
976
225
549
1378
963
9
-101
606
1192
202
-1052
-927
-163
233
-82
-465
902
1884
915
-1404
-2857
-1013
1951
2825
958
-586
-495
-168
-1003
-2069
-424
2362
2035
-1184
-3476
-2189
273
60
-2127
-2447
-881
-929
-2898
-3808
-1702
712
-545
-3198
-3000
-648
608
-890
-2145
-467
1568
979
-831
-586
1561
2538
1236
315
1987
3767
3021
990
395
2187
3882
3371
2263
2234
2534
2041
1014
1158
2660
3280
1871
34
-253
758
1378
563
-400
-193
-41
-795
-1752
-1905
-1272
-1388
-2311
-2712
-2124
-1672
-2615
-3833
-3532
-2025
-1409
-2399
-3217
-2830
-2056
-1863
-2025
-1399
-525
-535
-1255
-1330
22
1156
891
306
630
1558
1729
1041
1018
1952
2626
2013
1058
1148
1990
2151
1267
942
1529
1898
1285
176
89
914
1187
580
-58
117
315
-78
-502
-321
303
213
-473
318
1761
1885
-141
-2578
-1588
1606
2935
1396
-204
-39
331
-1158
-2895
-1026
2713
2812
-1144
-4342
-3005
115
-221
-2893
-3142
-1114
-968
-3537
-4988
-2551
236
-1417
-4699
-4115
-399
1220
-1390
-3889
-2133
1051
1279
-391
-188
1915
2506
514
-467
2179
5163
4724
2011
855
2582
4405
4049
3032
3397
4264
3782
2149
1487
2687
3665
2849
1364
998
1596
1701
368
-872
-537
134
-183
-1493
-2343
-2305
-2516
-3129
-3424
-2719
-2140
-2960
-4318
-4593
-3525
-2650
-2917
-3286
-2846
-2343
-2443
-2677
-2149
-859
-102
-655
-1162
-364
899
1369
822
431
1271
2155
2289
2042
1913
2222
2011
1398
1373
2283
2802
2010
788
399
1115
1407
879
411
420
556
44
-659
-435
499
577
-308
-978
-448
1867
2682
1247
-1231
-2358
-179
2481
3001
1541
586
310
-445
-1833
-1847
1256
3777
1793
-2427
-4231
-1939
641
-372
-2557
-2506
-1504
-2405
-4346
-3980
-1157
-197
-3049
-5241
-3492
-417
0
-2240
-2929
-892
192
-922
-1413
411
2324
1610
-448
-50
2602
3860
2649
1352
2086
3860
4015
2646
2440
3454
4044
3436
2538
2888
3751
3264
1844
1249
1823
2491
1861
491
194
556
118
-1092
-1932
-1514
-993
-1812
-3138
-3483
-3057
-3223
-4080
-4140
-2841
-1966
-3026
-4597
-4490
-3021
-2093
-2400
-2487
-1416
-594
-1179
-1982
-1287
545
1586
1247
1037
1680
1980
1273
762
1724
3403
3534
1942
845
1209
2035
1977
1351
1454
2005
1657
451
-197
294
1006
749
-101
-310
276
614
282
722
1852
2089
632
-1547
-1165
1691
3309
2155
256
-33
569
-298
-2007
-1181
1761
2268
-810
-3724
-2967
-357
-688
-3420
-4076
-2102
-1385
-3543
-5069
-3152
-701
-1905
-4888
-4558
-1109
547
-1497
-3294
-1616
961
648
-1142
-320
2515
3342
1249
-288
1498
4153
4047
2150
1702
3216
4270
3248
2013
2620
3874
3660
2177
1494
2395
3114
2005
586
672
1583
1790
438
-735
-242
132
-708
-1694
-1708
-967
-1094
-2499
-3365
-2707
-2133
-2676
-3287
-3102
-2236
-2054
-2868
-2966
-2064
-1564
-1966
-2303
-1619
-429
-72
-672
-718
102
552
304
-100
478
1757
1965
1109
415
722
1642
1816
1128
890
1291
1184
757
250
413
1388
1116
65
-280
149
715
684
-121
-301
1913
3700
3133
1028
-1606
-1055
1859
3210
3185
3105
2917
1379
-1806
-3798
-867
4140
4394
199
-3239
-2692
-481
-1565
-4011
-3162
-634
-1282
-5131
-6629
-3391
-411
-2683
-6418
-5233
-912
492
-2444
-4420
-2013
254
-958
-2061
553
4158
3322
-845
-1601
2721
6164
4641
1716
1763
3952
4193
2133
2301
4735
5558
3378
568
1004
3351
3447
1300
139
1034
1756
648
-1223
-1121
297
-169
-2078
-2946
-1931
-892
-1930
-3544
-3207
-1678
-1831
-3593
-4093
-2488
-817
-1397
-2841
-2299
-775
-687
-2032
-2247
-185
1563
659
-1087
-897
648
1216
231
16
1570
2363
879
-916
-523
1499
2046
431
-407
629
1507
445
-1203
-754
1141
1598
22
-802
155
1171
351
-929
-217
2298
4509
3865
1720
-247
-699
1000
3129
4282
4286
3433
1643
-709
-2399
-1472
2118
4064
1802
-1666
-2748
-1403
-1158
-3251
-4199
-2486
-1457
-3275
-5156
-3807
-1474
-2479
-6105
-6447
-2253
1011
-171
-3078
-2999
-1168
-1157
-1981
-38
3779
4500
920
-1778
290
4029
4673
2787
2416
3794
3987
2061
1133
3152
4742
3366
1085
1027
3114
3416
858
-1097
-111
1628
1273
-476
-1304
-583
-746
-2644
-3396
-1959
-540
-1227
-3195
-3363
-1756
-1197
-2547
-3447
-2160
-553
-581
-1645
-1499
-58
258
-695
-1029
414
1990
1630
125
-322
630
1314
1018
654
1059
1291
289
-845
-486
851
1262
-261
-1823
-1560
-379
6
-820
-1455
-1109
-627
-1039
-1276
-75
668
482
-818
-258
3475
5293
3593
-32
-900
2065
4364
4054
3377
4535
4462
684
-3002
-1991
3175
4907
626
-2871
-1672
849
-945
-5293
-5480
-2126
-1513
-4951
-6192
-2107
1007
-2489
-8428
-7956
-1836
1680
-99
-2021
-169
1333
-1526
-4094
-704
5357
6669
2354
-406
2320
5395
3815
841
1770
5255
6140
3109
1082
2758
3754
1510
-925
88
3468
3915
338
-2495
-1877
-546
-813
-1968
-1705
-241
-1015
-3646
-4504
-2958
-1526
-2203
-3585
-2702
-754
-943
-2878
-3476
-1835
-118
-263
-1009
-25
1326
835
-654
-799
1133
2661
1939
651
957
2035
2053
925
212
982
1531
794
-141
-121
483
391
-869
-1780
-1155
-415
-155
-712
-1286
-1184
-940
-1202
-1064
-596
266
2196
2838
2261
334
-1203
-128
2359
3832
3668
3174
2613
1468
-601
-1837
-38
2417
2138
149
-915
8
413
-2122
-4658
-4386
-2727
-2361
-2847
-1817
-114
-866
-4759
-6811
-4216
-244
1156
227
33
876
207
-1722
-1484
1372
3759
3360
2387
3347
4504
3252
511
217
2597
4404
4065
3068
3135
2727
493
-1280
-443
1800
2469
884
-473
-503
-660
-1736
-2305
-1497
-517
-889
-2037
-2173
-1708
-2163
-3350
-3703
-2580
-1316
-1152
-1598
-1759
-1828
-2136
-2091
-1330
-221
364
263
159
237
363
618
1027
1281
1304
1269
1377
1663
1636
1405
1217
1015
822
568
511
622
605
280
-27
-28
-262
-917
-1402
-1006
99
688
167
-523
-925
-824
-192
714
1692
1528
322
-786
-491
946
1640
1298
428
-51
-79
-258
-119
284
197
-588
-1347
-912
307
704
-461
-2284
-3144
-2929
-2091
-882
355
938
-141
-2074
-2799
-1461
510
1285
843
425
702
1133
1412
1852
2291
1953
877
271
1227
2843
3365
2368
764
-127
-342
-160
492
1258
1564
920
-209
-838
-730
-536
-666
-882
-906
-604
-202
21
-86
-765
-1717
-2053
-1465
-555
-110
-383
-796
-998
-1223
-1456
-1275
-628
-122
-297
-974
-1219
-709
-179
-45
-100
-6
319
402
214
296
584
680
467
320
602
1161
1296
854
501
360
455
580
562
763
832
449
4
-133
117
269
-96
-453
-207
246
200
-373
-915
-907
-647
-701
-719
-350
65
98
-402
-896
-896
-745
-639
-261
279
484
53
-670
-731
1
713
1012
1051
948
683
252
48
551
1319
1523
1092
503
298
570
799
724
493
258
341
719
854
510
-65
-434
-317
-63
-32
24
32
-254
-677
-928
-629
-185
-388
-951
-1138
-857
-513
-538
-742
-709
-800
-1244
-1430
-944
-138
95
-635
-1321
-1115
-544
-340
-612
-795
-435
-87
-227
-425
-376
-224
-194
-284
45
801
1009
326
-479
-461
624
1745
1887
1375
861
684
904
1147
1350
1639
1764
1744
1690
1491
1315
1222
1061
986
1004
1047
1186
1076
569
124
-78
-115
-188
-507
-674
-482
-439
-748
-1195
-1523
-1649
-1887
-2150
-1854
-1187
-942
-1400
-2064
-2169
-1756
-1612
-1753
-1577
-1075
-775
-1059
-1501
-1326
-718
-370
-266
17
540
817
408
-216
-256
332
1133
1782
1982
1641
863
145
271
1271
2316
2722
2339
1558
921
652
853
1411
1785
1701
1377
1055
883
737
504
423
430
237
-62
-271
-358
-499
-880
-1138
-892
-529
-627
-1212
-1753
-1758
-1429
-1275
-1268
-1153
-1015
-1132
-1510
-1711
-1433
-1010
-876
-886
-718
-475
-467
-666
-612
-119
251
83
-217
-116
388
779
751
727
989
1165
978
742
1003
1725
2100
1698
1144
1125
1525
1703
1402
1126
1258
1441
1235
783
488
431
302
8
-101
74
107
-390
-1169
-1569
-1448
-1226
-1184
-1217
-1177
-1286
-1750
-2050
-1630
-870
-662
-1340
-2170
-2184
-1465
-725
-267
-87
-208
-710
-1379
-1538
-876
161
959
1271
1198
904
491
144
117
435
984
1737
2518
2903
2508
1410
326
-81
233
932
1616
1964
1788
1156
452
48
-48
-82
-105
-73
-23
53
210
418
367
-215
-974
-1247
-965
-565
-298
-74
135
-22
-640
-1329
-1691
-1754
-1682
-1222
-392
220
93
-619
-1178
-1258
-1093
-848
-433
57
264
117
-177
-423
-611
-810
-850
-568
-85
387
711
754
482
120
75
523
1041
1075
784
812
1209
1418
1186
926
1079
1279
1008
611
738
1303
1533
1089
432
181
215
-54
-360
-212
251
430
-219
-1107
-1466
-1400
-1304
-1260
-922
-515
-604
-1320
-1857
-1041
492
1357
864
-692
-1696
-1300
-78
1177
1621
1088
218
-529
-960
-857
-378
-172
-402
-777
-781
83
789
163
-1473
-3289
-4063
-3165
-1264
857
2136
1513
-537
-2379
-2765
-1400
776
2213
2577
2191
1482
1389
1838
2084
1994
1648
1597
2336
3286
3831
3778
2796
1140
-278
-667
270
1660
2147
1596
681
-289
-1214
-1940
-2155
-1646
-1124
-1250
-1495
-1333
-1051
-1287
-2339
-3409
-3600
-3035
-2076
-980
-187
-209
-1186
-2399
-2725
-1858
-561
379
766
590
126
-159
-20
472
580
24
-189
492
1642
2410
2141
1342
578
56
208
986
1885
2078
1500
985
695
778
859
621
1312
2604
3575
3821
2302
353
-216
217
1121
1582
1275
888
272
-1083
-2655
-3212
-2985
-2722
-2541
-2658
-2293
-1884
-2995
-4692
-5989
-6713
-6446
-5559
-3928
-1449
49
-577
-2053
-2883
-2441
-919
568
1768
2975
3471
3449
3877
4542
4893
4661
3902
3766
4588
5179
5333
5183
4368
3262
2063
1220
1557
2232
2239
1544
190
-1187
-1864
-1842
-1496
-1406
-2019
-2694
-2441
-1680
-1220
-1312
-1980
-2578
-2789
-2554
-1374
151
782
112
-1134
-1760
-1419
-645
71
613
649
-140
-1120
-1376
-777
-306
-885
-1765
-1952
-1470
-1018
-1159
-1438
-1435
-1335
-1295
-1236
-777
-262
-137
-33
134
1258
3266
4697
5199
4035
2024
1369
2346
3907
4866
4574
3744
3142
1985
17
-1404
-1904
-1992
-1586
-1177
-548
32
-1183
-3536
-5584
-7316
-8432
-8207
-6216
-2858
-281
-369
-1848
-2817
-3305
-3394
-2827
-1436
963
3047
3940
4607
5022
4575
3623
2738
2605
3377
4177
4838
5743
5983
4879
3199
1680
878
645
222
13
330
131
-629
-1333
-1711
-1673
-2095
-3164
-3763
-3310
-2338
-1298
-397
143
303
-230
-1185
-1404
-770
107
979
1484
1724
1784
1403
755
148
-397
-889
-838
-518
-243
-27
-425
-1069
-1720
-2455
-2769
-2719
-2722
-2696
-2566
-2084
-1623
-1286
-1099
-813
892
2605
3685
3596
1884
1020
1475
2380
3099
3164
3302
3755
3260
1073
-1458
-2358
-2229
-1864
-1567
-1094
457
865
-1022
-3799
-6219
-7382
-7433
-6180
-3543
-842
143
-563
-635
425
991
267
-1017
-643
1526
3694
5397
6793
7648
7154
5300
3499
2900
3200
3345
3384
3715
3898
3590
2559
1304
106
-1512
-3051
-3838
-3754
-3182
-3059
-3365
-3670
-3926
-4071
-4097
-3982
-3983
-3918
-3337
-2077
-349
877
1353
1703
1807
1637
1237
862
1043
1490
1939
2315
2684
2674
1838
825
-125
-774
-1101
-1480
-1272
-599
-206
-249
-700
-1037
-1210
-1453
-1399
-1332
158
2408
4323
5493
4214
2503
1676
1643
1852
1684
1658
2169
2380
1211
-1082
-2449
-3272
-4479
-5307
-5817
-4571
-3010
-3268
-4577
-6132
-7258
-7891
-7758
-6506
-4755
-3032
-1994
-596
1393
2097
1589
761
914
2451
3910
4960
6257
7712
8552
8316
7707
7223
6826
5869
4205
3028
2583
2996
3873
4487
4230
2656
290
-2054
-3697
-4552
-4659
-4029
-3018
-2387
-2195
-2200
-2093
-2295
-2919
-3526
-3550
-2693
-1661
-552
523
1234
1465
1180
706
7
-1126
-2279
-2585
-1684
-534
95
-121
-784
-1393
-2479
-3693
-4227
-4054
-3232
-2320
-1642
-704
10
728
977
2282
4346
5383
5580
3630
2650
3595
5217
6244
5986
5454
5050
3981
1416
-1648
-2941
-2714
-3072
-3467
-3675
-2354
-938
-2333
-5349
-7888
-8785
-8684
-8442
-7354
-5294
-2940
-1566
-679
755
1512
876
-502
-835
693
2448
3462
4701
6494
7757
7254
5819
5120
5086
4072
1863
615
1384
3032
3504
2753
1929
1420
464
-1228
-2636
-3296
-3411
-3389
-2918
-1749
-476
232
442
397
333
78
-292
-44
451
906
1314
1848
2739
3262
2945
1897
474
-843
-2119
-3024
-3171
-2909
-2434
-1996
-1855
-2182
-3050
-4078
-4782
-4914
-4655
-4082
-3175
-1491
-313
1901
4450
6011
6587
4488
2968
2806
3381
3292
2823
3511
4822
4941
2760
-620
-2278
-2930
-4658
-6021
-6655
-5093
-3213
-3432
-4533
-5556
-6006
-6639
-7399
-7225
-6193
-4344
-2330
224
3151
4574
4426
3632
3329
3616
3454
3198
3911
5479
6758
7157
7449
7698
7065
4820
1617
-208
-569
-365
-94
-37
546
955
788
275
-693
-1865
-3619
-4991
-5107
-3923
-1852
10
1423
2057
2003
1897
1713
1471
760
-126
-105
533
1150
1138
786
667
319
-711
-2284
-3376
-3766
-4162
-4305
-4250
-3710
-2682
-2665
-2932
-3392
-3645
-3458
-2401
-775
903
3737
5273
6595
6686
5440
5191
5390
5196
4288
3372
3181
3533
2959
1054
-794
-1332
-2817
-4606
-5845
-5954
-4617
-4759
-6159
-6820
-6505
-6253
-6900
-7493
-6563
-4421
-2618
-1410
147
1768
2716
2973
3290
4146
4675
4131
3612
3847
4248
4457
4570
5214
5648
4652
2346
760
414
240
-402
-1272
-1332
-707
-455
-622
-407
-22
100
-278
-810
-964
-660
-141
735
1845
2697
3432
4244
5021
5004
3910
2298
975
282
-394
-979
-1243
-1611
-1954
-2346
-2633
-2895
-3700
-4572
-4959
-4841
-4664
-4994
-5076
-4388
-3626
-3129
-2325
-1482
719
3624
5242
6472
5904
4945
4900
4929
4567
3691
3115
2865
1914
-9
-2426
-2765
-1758
-2506
-3997
-5393
-5157
-4207
-5108
-6679
-6931
-6220
-5984
-6258
-5510
-3209
-873
-47
426
2090
3710
4098
3807
4177
5568
6148
5198
4366
4372
4258
3579
2990
3188
3652
2839
1109
92
-457
-1407
-2847
-3899
-3674
-2891
-2257
-1439
-279
474
25
-711
-693
164
934
1089
1470
2533
3810
4698
5317
5947
6160
5313
3389
1385
73
-664
-1313
-2354
-3390
-3986
-3891
-3433
-3301
-3596
-4115
-4417
-4891
-5545
-5820
-5400
-4711
-3720
-3041
-637
3199
5735
7147
6475
6370
7083
6283
4304
2477
2286
2839
1819
-160
-1666
-1311
-1061
-2832
-4341
-4758
-3967
-3866
-5632
-6870
-6584
-6202
-6640
-7095
-5896
-3066
-579
314
980
2480
3909
4875
5082
5064
5018
4256
3325
3219
3815
4222
4375
4191
3369
1837
-302
-1744
-1598
-1685
-2722
-4106
-5002
-4542
-3744
-3094
-2047
-724
-87
-305
-587
-130
1171
2122
2330
2665
3701
5315
6872
7729
7831
7341
6496
5455
4318
2899
946
-884
-2440
-3423
-3816
-4060
-3975
-3809
-4039
-4326
-4495
-4762
-5016
-5491
-6167
-6318
-5843
-4806
-1593
1895
4646
6106
5825
6064
6371
5555
4145
2928
2463
1562
-436
-2344
-2934
-1714
-1719
-3061
-4080
-4432
-3942
-4396
-5734
-6027
-5913
-6267
-6870
-6579
-4471
-1837
-166
763
2474
4586
6062
6799
7222
7687
7398
5703
4029
3667
4183
4584
4426
4086
3984
3599
1993
144
-1938
-3952
-5527
-7064
-7461
-6910
-5990
-4728
-3622
-2703
-2031
-1656
-1288
-826
-349
-325
53
1114
2825
5028
6351
7226
7917
8171
8163
7217
5670
4190
2680
932
-1066
-2691
-3370
-3063
-2639
-2818
-2958
-3048
-3404
-4103
-4944
-5656
-5785
-5751
-5800
-3384
-398
2234
4299
4615
5893
6705
5530
3912
2799
2987
2382
212
-2057
-2741
-1710
-2491
-4172
-4892
-4468
-3346
-4031
-5438
-5518
-5479
-6459
-8118
-8645
-7058
-4726
-3157
-1676
1152
4177
6057
6857
7329
7927
7874
6486
5285
5243
5484
5623
5659
6033
6710
6522
5045
3533
2014
53
-2320
-4902
-6362
-6627
-6662
-6645
-6232
-5171
-3851
-2937
-2692
-2615
-2207
-2122
-2144
-1958
-1229
510
2243
3948
5638
6855
7636
7417
6609
5730
4313
2506
462
-1079
-1514
-1392
-1085
-933
-717
-702
-1311
-2171
-2905
-3732
-4436
-5310
-5606
-3380
-1301
373
1634
2168
4178
5091
4283
3466
3005
3120
1736
-552
-2299
-2499
-1994
-3286
-4059
-3514
-2329
-1210
-2114
-3039
-3096
-4157
-5909
-7634
-7960
-6845
-6052
-5574
-4107
-1078
1873
3966
5304
6079
6553
5545
3870
3117
3031
3399
3668
4051
5146
6282
6670
6477
6077
5105
3804
1833
-490
-2072
-3480
-4390
-4522
-4524
-3689
-2572
-1866
-1263
-1049
-766
-382
-584
-1425
-2151
-2070
-1405
-90
1294
2752
4445
5046
4775
4177
3265
2232
687
-1400
-2875
-3200
-2922
-1982
-823
-164
157
-153
-617
-967
-1407
-2425
-3256
-2600
-1984
-636
827
1916
3819
4157
3317
2953
2783
2650
1136
-1205
-3187
-4118
-4582
-5523
-4876
-3410
-2026
-1079
-1611
-1302
-862
-1886
-3470
-5250
-5730
-5401
-5118
-4301
-2526
129
2035
3267
4319
5000
5361
4501
3367
3011
2612
2191
1686
1597
2206
2549
2630
2965
3930
4647
4293
3090
1524
463
-532
-1815
-2569
-2894
-2451
-1833
-1508
-665
403
1553
2087
1542
766
262
256
385
530
874
1264
1662
1510
1218
1273
1068
649
-456
-1687
-2236
-2687
-2909
-2870
-2619
-2234
-2004
-1936
-1753
-851
-389
-105
952
1228
1785
1929
1305
1906
1952
1584
1871
2197
2433
1476
-279
-1660
-2394
-3351
-5323
-6182
-5614
-4572
-3692
-3603
-2710
-1474
-1616
-2629
-3388
-3219
-2871
-3342
-3796
-2564
-257
1412
2603
3676
5042
6008
5355
4572
4304
3822
2916
1590
1144
1605
1588
1182
1145
1893
2594
2339
1364
509
84
-637
-1540
-1882
-1600
-1119
-1061
-1341
-1153
-224
866
1634
2038
1973
1883
1877
1909
2218
2475
2511
2420
1996
1406
831
294
-209
-885
-1500
-2048
-2361
-2356
-2289
-2012
-1961
-2312
-2753
-2919
-2233
-1615
-599
609
1001
2060
2428
2532
3280
2667
1962
1668
1156
765
-270
-1367
-1916
-2189
-3194
-4707
-5018
-4589
-3769
-3521
-3783
-2896
-2351
-2793
-3379
-3859
-3106
-2466
-3092
-3172
-2046
-320
1206
2230
3369
4846
5653
5197
4610
4243
3433
2207
923
616
1203
1339
1237
1624
2319
2709
2194
1198
658
284
-729
-2005
-2477
-2057
-1340
-907
-756
-60
944
1553
1849
1968
2332
2621
2468
2402
2472
2436
2245
1935
1713
1779
1479
693
-82
-856
-1516
-2514
-3227
-3182
-3036
-2592
-2509
-2518
-2043
-1633
-1581
-1391
-66
844
1396
1818
1269
2035
2727
2200
2464
2567
2240
1232
-616
-1912
-2446
-2924
-4333
-5316
-5088
-4510
-3676
-3255
-2300
-1260
-1685
-2605
-3479
-3384
-2751
-3206
-3752
-3083
-1447
-10
1156
2373
3671
4944
4961
4588
4827
4633
3704
1981
790
726
588
309
225
905
1712
1909
1591
1216
1721
1433
-34
-1340
-2607
-3061
-3180
-3372
-2770
-1431
148
1178
2111
3211
4049
4574
4183
3374
2513
1551
1010
771
1203
1819
1720
1347
914
610
131
-629
-1395
-2141
-2432
-2856
-3249
-2929
-2310
-1742
-1460
-468
544
966
1501
990
1234
2388
2112
2030
2040
1589
947
-518
-1760
-2471
-2900
-3875
-5122
-5001
-4461
-4013
-3761
-3463
-2398
-2021
-2353
-2558
-2417
-1623
-1474
-2115
-2020
-1261
-842
-557
267
1613
3183
3927
3882
4506
5385
5307
4178
2756
1844
1062
-102
-1004
-1006
-274
587
829
1028
1865
2256
1837
905
-351
-1290
-2053
-2796
-3126
-2731
-1919
-1236
-406
753
2177
3504
4356
4816
4835
4442
3404
2012
1025
247
-625
-1417
-1744
-1336
-540
-75
-21
105
226
57
-589
-1606
-2221
-2576
-2995
-2494
-1496
-555
725
1349
2102
3632
4031
3698
3315
2408
1346
-81
-1722
-2720
-3094
-3867
-4964
-5124
-4705
-4257
-3989
-3945
-3255
-2589
-2616
-2607
-2297
-1569
-1267
-1896
-2086
-1396
-825
-687
-445
330
1715
2961
3353
4002
5158
5501
5167
4412
3540
2840
1425
-75
-722
-870
-749
-911
-992
-267
466
637
660
724
645
447
-199
-1083
-1301
-1521
-1916
-1649
-953
222
1610
2686
3777
4678
5021
4734
3956
3159
2168
649
-867
-1934
-2491
-2518
-2474
-2428
-1978
-1419
-1117
-892
-697
-681
-733
-1116
-1413
-891
-494
-271
-17
37
1066
2265
2590
3041
3355
3191
2743
1678
318
-608
-1667
-3444
-4741
-5202
-5305
-4902
-4473
-3959
-2954
-2221
-1989
-1548
-1073
-984
-1240
-1895
-2160
-1951
-1903
-1489
-773
145
1121
1532
2033
2928
3697
4064
4156
4306
4313
3930
2906
1732
1115
547
-255
-1142
-1652
-1562
-1293
-949
-662
-182
410
567
625
802
922
717
237
-29
218
848
1217
1541
2259
2959
3442
3384
3157
3208
2762
1758
531
-422
-681
-1148
-2039
-2754
-3159
-3075
-2949
-2971
-2590
-2033
-1656
-1477
-1165
-400
293
530
326
190
450
505
424
516
855
1150
819
434
243
66
-338
-1399
-2203
-2446
-2704
-2960
-3010
-2586
-2001
-1615
-1610
-1430
-590
13
202
27
-453
-681
-860
-973
-806
-415
-46
210
654
1191
1990
2655
2776
2968
2919
2705
2421
1625
1009
460
-330
-901
-1281
-1362
-1207
-1212
-1205
-714
15
512
911
1171
1552
2144
2223
2101
2171
2115
2064
1811
1304
1168
1247
1216
1351
1498
1597
1795
1674
1352
1061
420
-404
-1233
-2096
-2731
-3270
-3754
-3839
-3571
-3072
-2394
-1615
-660
281
868
1181
1340
1261
1088
700
135
-24
-194
-662
-1040
-1697
-2268
-2299
-2573
-2906
-2775
-2578
-2031
-1096
-602
-135
524
531
227
-47
-501
-657
-756
-1246
-1422
-1168
-939
-585
-258
96
797
1333
1701
2247
2643
2920
2894
2374
2019
1690
1019
396
-196
-598
-506
-452
-455
-137
170
452
860
1104
1335
1557
1438
1370
1511
1618
1781
1786
1697
1834
1907
1862
1713
1318
997
785
545
503
565
530
498
275
-189
-541
-948
-1484
-1974
-2648
-3212
-3430
-3531
-3286
-2790
-2238
-1519
-864
-316
231
483
316
5
-384
-699
-807
-1072
-1301
-1236
-1257
-1135
-872
-764
-541
-479
-736
-842
-868
-902
-811
-750
-630
-233
198
524
766
733
535
300
-93
-503
-878
-1188
-1180
-922
-463
249
968
1605
2072
2193
2217
2207
1949
1589
1136
620
345
181
87
328
575
638
739
806
1061
1532
1633
1502
1520
1537
1596
1589
1324
1230
1390
1386
1363
1411
1351
1368
1241
803
550
355
62
-99
-408
-694
-735
-882
-989
-1062
-1352
-1613
-1882
-2285
-2557
-2706
-2737
-2485
-2212
-1988
-1580
-1187
-937
-860
-1038
-1116
-1032
-1133
-1303
-1359
-1189
-762
-467
-318
-57
120
96
-139
-440
-474
-465
-629
-709
-560
-200
125
227
362
661
878
765
420
76
-202
-456
-780
-939
-760
-470
-54
499
1124
1821
2258
2402
2463
2391
2179
1743
1103
471
71
40
251
605
913
1149
1535
1777
1787
1742
1579
1527
1380
849
484
503
744
1066
1069
925
1005
977
741
475
204
146
135
-108
-290
-377
-529
-702
-947
-1151
-1211
-1405
-1822
-2204
-2455
-2547
-2463
-2482
-2470
-2278
-2153
-1911
-1616
-1349
-910
-703
-783
-947
-1128
-968
-663
-410
-135
128
489
707
691
617
459
326
41
-379
-550
-514
-302
-86
-38
74
199
237
124
-205
-507
-696
-710
-621
-601
-530
-403
-130
317
766
1320
1893
2343
2645
2623
2412
2089
1580
1032
508
133
25
79
303
720
1228
1721
2034
2049
1817
1423
969
575
262
25
-88
-90
17
209
370
482
543
536
548
571
569
558
433
208
-42
-341
-568
-748
-1049
-1427
-1861
-2248
-2366
-2327
-2246
-2099
-2034
-1949
-1705
-1418
-1006
-610
-524
-615
-853
-1098
-1101
-1076
-1082
-1065
-1070
-820
-279
362
998
1370
1446
1375
1144
806
379
-110
-497
-760
-917
-952
-890
-741
-618
-625
-702
-761
-692
-541
-398
-236
-72
156
487
870
1331
1773
2060
2178
2105
1893
1660
1404
1094
779
488
327
413
667
1009
1385
1628
1699
1614
1377
1154
954
671
342
-15
-288
-303
-133
113
345
412
389
430
503
592
580
340
7
-345
-653
-806
-909
-1036
-1181
-1374
-1507
-1526
-1518
-1504
-1522
-1630
-1764
-1793
-1663
-1349
-967
-710
-522
-348
-273
-287
-422
-592
-625
-595
-506
-266
50
399
712
916
1080
1200
1125
845
468
-14
-516
-937
-1285
-1417
-1423
-1494
-1436
-1202
-864
-452
-174
41
341
533
523
436
419
611
950
1176
1326
1528
1632
1637
1563
1396
1288
1104
757
516
447
530
708
819
938
1084
1096
970
765
528
295
14
-286
-450
-433
-294
-96
114
348
617
816
879
779
494
139
-202
-479
-643
-764
-872
-929
-964
-951
-890
-861
-882
-997
-1224
-1424
-1509
-1462
-1307
-1154
-1036
-859
-621
-392
-225
-191
-227
-206
-164
-118
-14
105
257
426
529
662
866
1008
1045
912
613
299
-21
-359
-630
-857
-1029
-1096
-1118
-1061
-859
-568
-239
24
133
146
137
146
206
308
422
538
619
664
726
770
734
624
510
476
503
505
520
639
854
1051
1111
1060
996
902
738
555
416
326
193
-28
-198
-203
-120
-49
7
117
277
313
165
11
-26
-36
-188
-502
-783
-891
-927
-989
-995
-869
-641
-459
-439
-472
-465
-480
-524
-589
-644
-629
-609
-575
-441
-267
-121
-3
58
106
128
41
-15
40
153
318
448
555
697
723
593
420
236
63
-167
-501
-749
-826
-822
-768
-677
-514
-280
-129
-94
-13
150
336
449
418
356
309
211
125
99
119
112
2
-94
-32
124
267
385
527
703
791
723
666
767
925
980
881
726
603
423
157
-36
-60
-1
7
-71
-88
42
155
148
71
-27
-146
-341
-582
-706
-677
-647
-685
-736
-715
-606
-529
-540
-537
-462
-327
-175
-100
-108
-173
-294
-391
-402
-373
-326
-280
-243
-138
22
196
373
462
432
358
294
315
378
377
341
289
207
114
13
-46
-33
-59
-182
-300
-310
-173
-5
47
32
63
129
158
100
-1
-50
-65
-111
-170
-194
-181
-185
-258
-335
-313
-200
-61
71
197
345
498
618
726
839
926
962
897
744
581
456
381
330
244
145
79
26
-46
-135
-206
-216
-194
-214
-274
-321
-356
-394
-454
-503
-496
-469
-482
-545
-617
-639
-604
-542
-451
-343
-240
-157
-115
-116
-117
-116
-140
-185
-238
-249
-187
-84
11
60
66
64
75
110
165
205
206
177
164
196
238
240
194
135
114
147
229
347
476
588
657
667
626
548
440
302
125
-78
-254
-349
-381
-409
-460
-506
-496
-452
-428
-418
-357
-208
-30
122
253
398
547
644
674
687
698
675
597
505
453
424
370
281
183
86
-14
-123
-212
-265
-320
-406
-500
-562
-579
-574
-570
-571
-572
-593
-633
-671
-676
-614
-481
-303
-146
-85
-80
-60
-8
43
39
3
4
45
82
108
151
223
267
223
128
61
49
38
-20
-84
-92
-58
-55
-115
-183
-191
-163
-160
-163
-92
92
320
490
600
706
809
841
770
668
596
491
277
4
-206
-318
-406
-508
-562
-514
-418
-351
-283
-142
41
167
213
260
353
423
389
325
327
366
387
395
454
549
551
420
281
214
164
46
-111
-196
-208
-234
-279
-270
-193
-150
-253
-443
-580
-657
-736
-815
-822
-734
-630
-586
-551
-463
-356
-292
-279
-244
-150
-70
-52
-47
6
125
238
282
272
238
205
183
159
143
135
121
97
68
51
62
76
78
74
67
73
77
77
106
174
265
340
383
410
416
394
361
322
248
113
-59
-206
-299
-373
-439
-455
-403
-316
-251
-193
-65
128
299
397
440
491
519
477
394
336
324
320
301
299
327
315
230
139
92
61
-29
-170
-262
-273
-260
-252
-210
-107
-22
-65
-202
-304
-332
-357
-447
-562
-600
-554
-497
-445
-366
-232
-87
-17
-27
-62
-88
-97
-111
-129
-109
-36
58
126
136
122
137
166
166
103
1
-98
-175
-223
-226
-165
-69
-10
6
39
123
217
261
263
282
319
310
241
180
185
205
155
70
36
62
55
-49
-181
-246
-262
-303
-359
-331
-188
-28
60
107
192
308
389
426
487
577
622
576
504
481
477
405
245
80
-18
-73
-126
-159
-137
-100
-110
-166
-206
-202
-206
-263
-333
-349
-294
-224
-186
-188
-226
-290
-367
-428
-462
-499
-538
-521
-401
-204
-20
104
203
291
337
303
218
159
136
97
25
-18
18
90
117
96
76
67
27
-60
-117
-95
-41
-39
-87
-90
-17
63
101
121
162
189
154
78
33
31
-8
-107
-187
-178
-112
-59
-26
25
74
57
-19
-70
-62
-63
-129
-199
-168
-36
115
245
378
525
638
678
677
668
620
496
318
150
8
-147
-292
-370
-371
-360
-383
-389
-312
-186
-113
-130
-169
-187
-211
-274
-335
-349
-331
-333
-352
-325
-227
-117
-66
-73
-69
-17
55
103
122
141
180
236
292
333
356
352
315
241
144
55
3
-22
-45
-61
-48
-2
65
120
153
160
133
66
-14
-64
-63
-34
-27
-44
-43
4
63
67
-5
-95
-157
-192
-234
-289
-315
-297
-268
-244
-203
-128
-59
-44
-80
-108
-97
-68
-43
-1
92
222
358
492
623
727
752
690
589
477
325
111
-120
-301
-403
-448
-441
-368
-250
-159
-128
-121
-87
-46
-60
-148
-267
-354
-390
-381
-326
-244
-162
-101
-44
39
129
180
182
163
146
128
99
91
117
146
145
134
159
213
232
180
93
25
-18
-64
-114
-140
-140
-133
-109
-49
33
91
97
85
94
102
80
43
37
64
76
53
26
21
11
-46
-133
-202
-233
-247
-256
-239
-175
-92
-26
14
51
92
104
80
50
47
63
79
100
155
254
361
428
452
458
443
375
239
65
-109
-268
-415
-534
-596
-595
-554
-497
-428
-343
-259
-201
-168
-147
-127
-106
-85
-51
-6
40
84
138
206
262
281
272
260
254
235
189
135
101
90
93
105
140
188
222
222
187
139
77
-4
-107
-213
-294
-326
-307
-245
-162
-74
13
99
170
209
209
181
135
77
23
-17
-31
-39
-60
-91
-115
-127
-147
-182
-222
-237
-225
-197
-150
-86
-12
58
105
138
159
168
163
156
165
199
251
306
355
396
422
409
352
257
132
-26
-199
-361
-493
-590
-654
-679
-660
-596
-498
-390
-272
-153
-52
19
48
53
51
41
21
3
6
40
102
177
244
302
347
374
371
339
290
241
203
175
143
108
86
76
72
50
2
-57
-109
-157
-215
-273
-308
-305
-268
-212
-139
-44
63
155
208
226
221
190
131
52
-25
-71
-88
-98
-96
-75
-37
-1
6
-25
-71
-115
-154
-185
-203
-203
-170
-99
2
109
194
258
315
362
384
366
330
303
283
248
191
126
69
9
-72
-169
-257
-332
-397
-452
-487
-487
-458
-405
-335
-247
-152
-63
13
70
98
90
61
27
-5
-38
-54
-24
51
142
221
294
370
422
412
332
229
142
62
-22
-98
-126
-104
-67
-47
-42
-41
-51
-92
-149
-203
-242
-262
-263
-230
-165
-90
-10
77
168
253
313
336
334
308
252
168
72
-26
-120
-194
-230
-221
-186
-149
-114
-68
-19
4
-12
-42
-50
-33
-13
7
45
120
214
284
310
307
288
256
193
108
28
-34
-76
-114
-138
-151
-157
-171
-201
-236
-270
-289
-289
-271
-236
-190
-131
-59
6
54
75
83
87
83
63
33
20
31
54
77
104
145
202
249
274
273
251
211
144
57
-37
-121
-187
-226
-234
-218
-187
-152
-122
-101
-98
-116
-151
-184
-198
-188
-149
-78
22
138
245
322
362
360
315
231
124
10
-91
-169
-218
-238
-228
-194
-139
-74
-12
41
83
111
129
133
123
107
94
86
87
102
130
166
197
218
226
213
172
108
26
-56
-131
-193
-232
-248
-239
-220
-197
-177
-164
-161
-171
-184
-193
-195
-182
-155
-111
-52
16
80
135
173
195
194
174
145
113
92
84
92
115
142
172
192
195
169
117
53
-23
-101
-174
-231
-262
-271
-260
-238
-203
-162
-123
-88
-58
-35
-15
3
22
43
73
108
139
166
181
181
161
116
50
-33
-118
-193
-247
-275
-266
-221
-148
-52
51
146
225
273
294
286
253
210
164
129
110
105
114
128
137
136
115
79
24
-38
-103
-160
-200
-220
-220
-209
-186
-156
-128
-111
-106
-108
-116
-126
-136
-140
-129
-103
-65
-15
40
99
156
194
217
222
206
176
133
86
44
12
-6
-12
-6
7
22
31
29
16
-12
-50
-88
-127
-158
-179
-185
-171
-146
-110
-68
-26
11
47
76
96
110
112
112
107
95
74
48
19
-17
-55
-97
-137
-163
-179
-183
-170
-139
-92
-38
23
83
136
172
186
189
183
168
149
131
124
131
141
152
157
155
147
116
69
11
-44
-87
-119
-139
-148
-140
-125
-112
-105
-111
-125
-142
-163
-183
-194
-186
-160
-123
-76
-23
34
83
122
146
154
158
150
135
117
95
74
56
42
28
13
1
-6
-11
-16
-28
-42
-56
-71
-88
-105
-120
-128
-129
-121
-103
-76
-45
-11
21
54
83
102
112
112
99
82
62
39
14
-13
-38
-54
-60
-61
-59
-56
-40
-17
6
19
29
42
55
64
65
65
71
70
63
51
44
51
65
73
75
71
62
48
24
2
-16
-30
-41
-59
-80
-93
-93
-82
-69
-62
-63
-67
-79
-92
-105
-105
-93
-77
-63
-55
-42
-15
23
61
92
113
128
126
111
93
76
68
64
54
38
26
23
26
25
18
11
-3
-23
-48
-75
-93
-97
-89
-73
-56
-41
-22
-3
13
23
25
21
16
2
-15
-32
-43
-43
-40
-38
-37
-32
-23
-13
-4
4
10
16
20
19
20
24
32
39
46
54
62
68
69
69
68
66
61
53
39
25
13
1
-8
-17
-25
-29
-28
-28
-29
-29
-29
-30
-34
-43
-53
-60
-61
-59
-58
-61
-58
-49
-42
-30
-17
2
21
36
45
56
66
72
68
58
48
40
31
22
16
13
18
21
19
13
4
-2
-11
-22
-32
-42
-47
-43
-42
-36
-25
-15
-3
6
9
9
7
0
-10
-18
-27
-30
-32
-34
-34
-33
-29
-21
-11
0
12
19
25
27
27
33
38
44
50
52
55
56
58
58
58
59
57
50
36
22
6
-11
-25
-40
-54
-64
-68
-68
-63
-54
-46
-38
-35
-34
-38
-45
-51
-55
-58
-55
-49
-39
-25
-7
9
22
34
45
49
49
49
48
48
47
46
40
40
39
38
37
34
30
27
20
11
4
-5
-12
-16
-17
-18
-18
-12
-9
-4
-2
-2
-5
-9
-10
-13
-13
-15
-19
-19
-20
-22
-25
-27
-25
-25
-24
-19
-15
