0
-1
1
1
0
-2
-2
0
-1
-1
0
1
2
2
3
1
0
0
0
0
0
-1
-1
0
-1
0
0
0
-1
-3
-4
-4
-3
-3
-1
2
3
2
0
0
1
1
1
2
1
-1
-3
-2
-1
-3
-4
0
0
-2
-4
-2
-2
-2
-4
-2
-1
3
0
1
0
-1
-1
0
2
4
3
4
2
3
3
4
3
2
0
0
-1
-3
-3
0
1
0
-1
1
3
3
1
0
2
2
1
0
1
0
1
1
2
0
-2
-2
0
0
-1
1
3
3
1
0
1
3
2
0
2
4
3
3
1
-1
-2
-1
1
0
0
0
0
2
0
0
2
3
3
3
3
3
2
1
2
1
0
1
1
2
-1
-2
1
1
-2
0
-2
-2
2
-1
-2
0
-3
-2
1
-2
0
1
-3
-1
1
-1
1
2
0
-2
1
7
2
-4
-2
0
-4
-2
-1
-4
-1
-1
-1
-2
-2
0
3
4
5
4
2
2
2
3
6
2
0
5
4
1
3
-5
-3
2
-1
-1
1
-2
-1
0
1
2
-1
-1
1
1
-1
-1
0
3
2
2
2
2
1
1
2
3
2
0
1
-1
0
0
0
1
0
1
2
0
-4
-2
1
-1
-3
-3
-2
0
2
2
2
3
1
-2
-1
1
0
1
2
0
0
-1
1
0
0
-1
2
3
2
1
2
2
1
1
2
2
2
3
3
1
-1
-1
2
2
1
-1
-1
1
-1
-2
-2
-1
1
1
0
-1
-2
-2
-1
-1
-2
-1
0
0
0
0
2
3
2
-1
-3
-2
-1
0
0
2
2
-1
-3
-1
2
5
4
3
4
5
4
2
4
4
4
3
3
2
0
0
-1
-2
1
1
1
-1
-2
-3
-3
-1
-1
1
0
0
-1
0
0
1
1
0
-1
-1
0
0
0
-1
-3
-2
-2
-3
-5
-4
-5
-4
1
2
-1
3
0
-1
0
-3
-1
3
-3
-2
0
-1
1
3
3
3
1
0
1
0
-1
2
3
0
3
3
0
0
1
-3
3
2
-1
2
-2
-4
0
-1
-1
2
-2
-3
-3
-5
-4
-3
-4
-2
-2
-1
-1
-1
1
0
0
0
0
-1
0
0
0
-3
-3
-2
1
0
-2
-3
-1
1
2
0
-1
0
0
-1
0
0
2
4
4
5
5
1
0
4
5
3
0
-1
2
-1
-5
-6
-4
-2
-3
-4
0
0
0
1
3
1
-1
2
6
5
1
2
3
4
3
3
2
2
2
1
0
1
0
3
6
7
4
4
8
9
5
4
0
0
-2
-3
-2
-2
-2
-2
0
-2
-3
-4
0
1
0
-2
-5
-4
-5
-5
-4
-2
-1
-2
-3
-2
0
2
-1
-2
-1
0
0
1
-1
4
1
1
2
-3
0
-4
-1
1
-2
3
-2
0
0
-1
1
0
2
2
3
2
0
0
-2
0
0
1
0
0
0
0
0
2
0
0
1
1
0
0
-1
0
0
-1
-2
-3
0
0
-2
-3
-2
0
0
-1
0
-1
-1
0
1
2
2
3
2
3
3
3
2
0
-1
-1
0
1
-1
1
5
5
5
4
4
3
3
3
0
6
5
-1
-4
1
0
-4
-2
2
1
1
4
5
6
5
1
4
6
0
-3
2
0
-1
0
-1
-3
-2
0
1
-1
0
5
4
1
3
0
-1
3
-2
-3
2
-1
-1
1
-1
-3
-1
-2
-2
-4
-2
-1
0
2
1
3
4
1
0
-1
-1
-3
-1
0
-1
-5
-2
0
-2
-3
-3
0
-1
-1
-2
-2
-3
-5
-4
0
-1
-5
-5
-3
-4
-4
1
3
2
0
2
0
-1
-1
-3
1
2
0
2
1
3
0
-1
1
0
-1
-1
1
1
-1
-1
0
2
4
4
5
3
3
2
4
5
3
3
3
1
0
-1
0
-2
-3
-2
0
0
-1
0
4
3
1
3
6
4
1
0
0
-1
0
0
-4
-3
-2
1
-1
1
1
-2
0
4
4
0
1
4
1
-1
1
1
-2
0
1
1
1
-2
-3
-3
-3
-1
1
1
1
0
0
1
-3
2
0
0
1
-3
2
-4
-3
-4
-3
0
-4
-4
-4
-3
1
0
1
2
2
1
-1
-3
-4
-3
-1
1
-2
-2
-3
-2
-1
-1
1
1
2
4
3
4
2
4
3
2
1
0
2
2
0
0
0
0
-3
-2
-1
1
1
3
4
2
0
0
1
-2
-5
-4
-1
2
-2
-4
-4
-1
0
1
0
1
2
1
0
-1
-1
0
2
3
1
-1
-1
-2
-1
-2
-2
1
4
3
3
4
4
5
5
5
7
6
3
0
-2
-1
-1
-2
-2
-4
-5
-4
-4
-4
-2
0
2
2
3
1
2
1
2
1
0
-1
-1
-1
-2
-3
-3
-2
0
1
1
0
1
4
6
4
2
2
4
4
2
-1
2
3
1
-1
0
-1
-2
-3
-3
1
1
0
-2
-1
-1
1
2
1
-1
-3
-3
-2
0
0
1
0
1
-1
-3
-2
0
1
0
1
2
2
1
-1
1
0
1
1
0
0
0
0
1
1
2
3
4
3
3
3
3
2
1
1
0
0
0
1
2
1
0
1
1
0
-1
0
3
5
5
4
5
5
2
1
-1
-2
-3
-3
-3
-3
-5
-4
-4
-3
-3
-1
1
-1
-2
-1
2
3
2
1
2
2
1
-2
-4
-6
-7
-6
-4
-2
-5
-6
-4
0
2
2
2
6
10
9
6
5
6
5
2
0
-2
0
-1
-5
-3
-5
-7
-3
-3
-5
0
0
1
8
7
6
8
5
2
5
3
0
-1
-2
-6
-4
-4
-4
-4
-2
-2
-1
0
1
2
4
6
5
6
5
5
6
6
6
4
3
1
0
-1
-3
-2
-1
-1
0
0
0
0
0
1
1
2
1
1
1
1
2
4
4
4
4
4
2
-1
-4
-5
-5
-4
-4
-4
-5
-5
-5
-4
-2
-2
-1
1
4
6
7
10
10
10
9
6
4
1
-1
-4
-7
-8
-8
-8
-7
-5
-6
-3
0
2
6
8
8
8
6
5
4
3
1
-2
-5
-8
-11
-12
-9
-10
-9
-9
-7
-7
-3
0
2
5
7
7
7
7
7
7
5
4
2
1
-2
-4
-5
-7
-7
-5
-3
-1
0
0
1
1
3
5
6
5
5
4
3
3
3
2
1
0
0
-1
-1
0
-2
0
0
1
3
2
2
1
4
6
2
3
4
7
6
2
2
3
3
2
-1
1
4
0
1
-5
-2
-1
-5
-2
-6
-4
-1
-1
5
2
5
5
5
7
5
6
6
6
5
3
-1
-3
-3
-3
-7
-11
-5
-2
-6
-7
-4
1
1
1
4
7
8
6
4
6
8
3
-1
-4
-6
-8
-9
-8
-9
-10
-12
-10
-8
-6
-4
0
2
4
7
6
4
4
4
2
2
1
-3
-5
-8
-11
-8
-6
-9
-8
-6
-2
2
1
3
8
10
10
7
7
8
8
6
5
3
2
-1
-2
-3
-4
-5
-2
-1
1
2
2
3
5
5
5
5
5
4
4
4
3
1
-1
-2
-2
-5
-5
-5
-3
-3
-4
-3
-1
1
1
2
1
3
4
4
2
0
-1
-1
0
2
1
1
1
0
-1
-1
-2
-2
-2
-1
1
0
-1
-2
0
0
-1
2
4
0
-2
2
1
-3
-2
1
-2
-3
-1
-3
-6
-4
-3
-4
-7
-4
0
2
0
0
3
6
4
5
5
5
4
1
0
-1
-3
-3
-3
-4
-4
-3
-2
-2
-3
-1
1
4
5
6
5
5
5
5
3
0
-3
-5
-6
-8
-8
-9
-8
-8
-7
-7
-6
-2
1
4
6
7
8
8
7
6
6
5
6
3
1
-2
-4
-5
-4
-3
-6
-5
-1
1
7
9
9
8
6
7
7
5
4
2
-1
-3
-5
-6
-6
-5
-5
-5
-5
-6
-4
-1
1
2
4
5
3
4
3
2
1
1
0
-1
-2
-4
-5
-5
-4
-3
-2
-1
1
0
2
1
0
-1
-2
1
3
4
3
0
-1
-1
0
0
-1
-4
-3
-4
-1
1
-1
2
1
2
2
2
2
2
2
2
1
0
-4
-3
-2
-2
-5
-5
-4
-4
-3
-1
-2
-1
0
0
2
2
1
-2
0
0
0
2
3
-1
-3
1
2
3
6
7
1
-1
4
4
-1
-3
0
0
-1
-3
1
3
4
4
6
6
6
5
6
6
5
3
1
-2
-4
-5
-5
-3
-2
-2
-3
-4
-2
-1
0
1
2
3
3
4
5
4
3
4
0
-1
-4
-6
-7
-7
-7
-6
-3
-2
0
2
2
4
5
5
5
5
6
3
2
0
-2
-4
-6
-8
-8
-8
-7
-5
-3
-1
1
2
3
4
4
7
6
4
3
5
3
0
-4
-5
-4
-5
-9
-10
-7
-3
-4
-4
-2
4
5
6
5
6
6
6
4
3
-2
-3
-5
-5
-6
-4
-6
-6
-5
-2
-2
1
2
2
3
4
4
3
2
1
0
0
-4
-5
-4
-4
-5
-2
0
-3
-5
0
2
1
3
8
7
4
6
4
3
5
5
3
1
3
4
1
-2
-2
1
3
0
-3
-2
0
1
0
0
0
0
0
1
1
1
0
1
1
0
0
1
0
0
0
0
1
1
-1
0
-1
0
0
0
0
0
0
0
0
-1
-1
1
0
0
1
4
0
-1
2
0
-2
-1
1
0
-1
-1
-1
-1
-3
-5
-3
0
2
-1
0
1
2
-1
-4
-2
-1
1
1
0
-1
-2
-2
-5
-3
1
1
2
3
1
1
0
3
4
4
4
3
1
-2
-6
-4
0
1
-1
0
0
-1
-3
-3
0
1
5
0
-4
1
-2
-4
2
2
5
6
3
3
0
-5
-4
-2
0
0
0
-1
-2
-3
-2
5
10
9
4
5
5
-1
-3
2
8
10
6
5
2
0
-3
-5
-1
4
4
2
3
5
5
4
7
9
10
8
3
3
4
6
7
7
4
3
2
2
4
5
6
7
6
7
9
8
8
8
10
7
5
3
5
3
0
0
3
4
2
-3
-4
0
4
5
4
5
6
8
6
4
1
2
1
1
0
0
0
-2
-3
-2
-3
-6
-9
-7
-5
-3
-5
-6
-3
-3
-7
-10
-10
-8
-5
-6
-5
-4
-4
-7
-7
-7
-6
-5
-6
-2
2
4
4
0
-3
-3
-2
-4
-4
0
6
9
7
5
5
6
8
7
8
11
13
11
7
4
3
5
7
9
12
11
10
6
4
3
5
7
7
2
-1
-4
-7
-9
-12
-13
-11
-11
-12
-13
-13
-10
-5
3
11
17
20
20
18
15
9
4
1
0
-2
-4
-5
-7
-7
-7
-6
-3
1
5
8
14
17
18
20
21
20
19
13
7
7
3
-9
-12
-6
-16
-26
-15
-13
-28
-25
-8
-12
-19
-2
7
-4
-4
10
3
-14
-2
11
-8
-29
-24
-20
-34
-42
-29
-34
-50
-23
-6
-18
-41
-38
13
63
62
68
78
54
75
40
-31
-96
-187
-183
-75
89
134
75
-90
-381
-533
-585
-460
118
897
1293
1002
205
-602
-859
-509
26
499
891
1025
664
-151
-930
-1069
-632
-121
199
234
34
-250
-521
-483
90
818
1154
895
313
-114
-247
-186
143
792
1413
1551
1111
369
-213
-311
-143
-105
-75
46
121
38
-158
-211
-88
23
-158
-583
-928
-985
-761
-487
-145
243
469
287
-284
-817
-1028
-841
-466
-112
151
246
184
-15
-165
-221
-289
-349
-362
-299
-256
-235
-125
43
227
274
86
-250
-568
-687
-606
-329
92
410
398
67
-313
-552
-630
-553
-314
16
274
305
103
-101
-101
41
137
162
268
412
460
430
436
576
729
767
719
657
670
662
621
700
861
977
880
671
509
418
474
568
630
648
647
636
514
388
342
399
532
583
506
388
321
280
262
281
299
333
236
4
-118
-91
-1
-16
-203
-405
-545
-703
-964
-1243
-1343
-1304
-1424
-1838
-2326
-2632
-2768
-2873
-2933
-2863
-2718
-2631
-2643
-2646
-2531
-2315
-2087
-1850
-1511
-1047
-614
-329
-111
195
599
982
1285
1530
1736
1903
2023
2108
2210
2342
2474
2490
2332
2129
1942
1730
1518
1320
1168
1054
824
503
252
68
-92
-235
-335
-337
-285
-269
-225
-97
59
243
557
970
1323
1562
1763
1962
2153
2346
2567
2824
3070
3190
3147
3020
2876
2736
2584
2452
2298
1996
1651
1405
1135
748
253
-289
-719
-1081
-1583
-2180
-2707
-3184
-3789
-4572
-5301
-5816
-6187
-6462
-6598
-6585
-6512
-6477
-6402
-6143
-5713
-5246
-4778
-4219
-3489
-2584
-1582
-650
101
717
1308
1933
2579
3180
3699
4155
4549
4766
4779
4769
4811
4717
4326
3772
3285
2877
2442
2010
1594
1074
414
-289
-917
-1384
-1764
-2202
-2610
-2825
-2929
-3013
-3056
-3000
-2813
-2581
-2356
-2013
-1491
-910
-401
26
521
1182
1855
2377
2839
3298
3640
3910
4257
4604
4792
4800
4712
4572
4368
4104
3856
3673
3433
3049
2552
2076
1669
1251
809
468
231
-82
-401
-636
-751
-859
-1036
-1104
-1227
-1442
-1708
-1945
-2136
-2335
-2462
-2713
-3054
-3466
-4012
-4530
-4842
-4775
-4694
-4822
-4920
-4914
-4829
-4720
-4461
-4113
-3815
-3504
-3189
-2706
-2092
-1424
-739
-241
166
557
1040
1542
1929
2302
2495
2609
2807
3024
3228
3228
3087
2851
2536
2316
2132
1945
1571
1079
685
289
-14
-189
-312
-506
-860
-1150
-1281
-1273
-1105
-908
-779
-755
-730
-486
-96
350
739
1061
1408
1780
2254
2684
3019
3278
3441
3627
3836
4185
4537
4640
4520
4232
4008
3842
3753
3720
3462
3054
2496
1971
1565
1202
981
714
437
52
-443
-863
-1403
-2008
-2580
-2933
-3168
-3616
-4181
-4861
-5643
-6480
-7173
-7440
-7398
-7194
-7087
-7137
-7114
-6867
-6436
-6090
-5717
-5198
-4529
-3753
-2879
-1804
-775
69
691
1215
1874
2580
3337
3910
4204
4396
4500
4617
4603
4593
4566
4302
3962
3548
3216
2825
2364
1894
1294
731
155
-265
-611
-1079
-1553
-1914
-1985
-1985
-2037
-2014
-1972
-1906
-1795
-1511
-947
-292
239
610
1026
1657
2361
2979
3487
3905
4217
4434
4679
5002
5271
5380
5390
5316
5131
4839
4524
4217
3780
3262
2790
2365
1933
1356
721
159
-311
-649
-1038
-1419
-1750
-2181
-2685
-3242
-3608
-3951
-4484
-5081
-5770
-6418
-7024
-7332
-7299
-7267
-7220
-7227
-7152
-6916
-6499
-5916
-5528
-5135
-4583
-3931
-3172
-2344
-1315
-473
138
822
1562
2305
2907
3495
3915
4102
4291
4475
4595
4565
4497
4300
3918
3643
3520
3405
3102
2677
2203
1547
900
450
75
-457
-1141
-1677
-2045
-2316
-2452
-2431
-2295
-2160
-2061
-1905
-1503
-860
-236
150
458
929
1561
2212
2842
3476
4008
4378
4636
4990
5358
5509
5481
5415
5430
5259
4928
4650
4355
3910
3268
2735
2303
1855
1345
724
116
-449
-918
-1355
-1769
-2137
-2609
-3187
-3642
-3859
-4144
-4717
-5391
-5955
-6514
-7110
-7481
-7495
-7390
-7408
-7427
-7196
-6728
-6244
-5833
-5392
-4871
-4353
-3840
-3186
-2320
-1441
-768
-220
464
1315
2124
2766
3282
3705
4004
4199
4362
4498
4513
4341
4076
3899
3779
3596
3373
3128
2784
2386
2023
1705
1412
1056
545
-66
-618
-980
-1160
-1319
-1517
-1627
-1590
-1482
-1318
-1064
-730
-400
-123
134
440
832
1289
1703
2102
2595
3147
3637
4059
4425
4652
4742
4801
4831
4762
4636
4480
4224
3854
3487
3204
2884
2392
1830
1363
904
283
-338
-773
-1180
-1707
-2229
-2657
-3013
-3361
-3763
-4198
-4614
-5086
-5629
-6125
-6504
-6796
-7061
-7245
-7222
-7046
-6854
-6580
-6106
-5551
-5110
-4714
-4112
-3362
-2726
-2177
-1533
-798
-162
336
947
1750
2444
2900
3268
3654
4016
4167
4190
4215
4180
4001
3597
3225
3029
2831
2615
2314
2043
1784
1403
1072
728
370
-28
-441
-704
-925
-1127
-1301
-1333
-1257
-1203
-992
-633
-197
135
357
696
1077
1463
1780
2084
2485
2820
3165
3485
3791
4061
4215
4303
4317
4387
4395
4276
4079
3763
3428
3010
2567
2110
1644
1244
786
347
-100
-591
-1017
-1468
-1917
-2378
-2848
-3308
-3799
-4301
-4898
-5481
-5966
-6412
-6758
-6969
-7053
-7028
-6922
-6749
-6457
-6016
-5482
-4977
-4534
-4015
-3403
-2804
-2253
-1698
-1124
-567
-39
521
1173
1843
2418
2856
3232
3588
3888
4075
4170
4188
4065
3835
3552
3371
3214
2939
2648
2380
2212
2027
1786
1584
1325
995
568
173
-100
-382
-700
-947
-1004
-965
-904
-763
-507
-212
0
264
626
1009
1394
1702
2024
2284
2505
2789
3042
3274
3432
3551
3692
3824
3902
3845
3723
3602
3402
3061
2693
2357
1928
1357
766
271
-182
-641
-1084
-1491
-1890
-2298
-2682
-3061
-3502
-4006
-4549
-5113
-5670
-6162
-6571
-6910
-7186
-7368
-7395
-7256
-6918
-6502
-6001
-5377
-4765
-4143
-3526
-2845
-2157
-1565
-1002
-503
7
548
1096
1666
2200
2674
3107
3534
3917
4182
4321
4371
4323
4149
3891
3600
3302
2972
2606
2268
2009
1775
1518
1284
1116
916
597
285
95
-89
-399
-747
-974
-1100
-1161
-1109
-918
-673
-415
-110
269
698
1130
1535
1892
2255
2584
2844
3118
3357
3511
3570
3638
3755
3810
3825
3781
3713
3628
3390
3027
2643
2286
1841
1273
778
359
-82
-589
-1101
-1520
-1907
-2290
-2650
-2980
-3307
-3705
-4147
-4603
-5065
-5524
-5965
-6344
-6648
-6826
-6900
-6836
-6611
-6281
-5847
-5350
-4741
-4094
-3428
-2717
-2031
-1394
-884
-401
37
377
730
1184
1734
2201
2557
2888
3212
3442
3607
3771
3883
3887
3717
3500
3273
2986
2621
2204
1874
1612
1378
1175
989
818
640
467
294
131
-21
-191
-378
-554
-700
-799
-810
-734
-589
-348
-55
286
649
1042
1458
1847
2212
2490
2756
3006
3182
3274
3324
3439
3496
3486
3451
3403
3321
3125
2903
2663
2371
2019
1626
1224
790
336
-128
-591
-1057
-1522
-1929
-2314
-2690
-3074
-3453
-3807
-4203
-4613
-5040
-5456
-5802
-6134
-6403
-6577
-6620
-6545
-6386
-6070
-5656
-5172
-4610
-4007
-3346
-2674
-2018
-1418
-890
-371
104
545
992
1438
1843
2177
2503
2826
3107
3334
3521
3651
3682
3662
3620
3572
3471
3244
2953
2638
2348
2045
1723
1481
1272
1034
749
502
348
198
-10
-231
-378
-471
-572
-657
-639
-560
-465
-336
-115
231
574
920
1259
1591
1938
2248
2566
2859
3086
3242
3334
3410
3451
3429
3359
3271
3135
2929
2665
2370
2049
1692
1297
879
470
77
-308
-745
-1177
-1577
-1972
-2335
-2696
-3032
-3404
-3825
-4251
-4691
-5077
-5421
-5699
-5898
-6069
-6173
-6193
-6071
-5800
-5453
-5027
-4543
-3985
-3376
-2781
-2178
-1590
-1032
-533
-93
348
797
1232
1607
1943
2268
2567
2821
3023
3201
3303
3344
3363
3335
3288
3187
3032
2790
2475
2215
1972
1694
1387
1100
834
540
260
53
-95
-238
-391
-525
-608
-652
-696
-724
-691
-588
-455
-278
-13
324
661
983
1333
1692
2027
2343
2643
2919
3143
3290
3376
3443
3445
3324
3143
2987
2802
2537
2257
1989
1684
1313
928
558
200
-163
-523
-869
-1194
-1520
-1874
-2209
-2533
-2852
-3191
-3590
-3977
-4351
-4685
-4980
-5257
-5462
-5612
-5675
-5646
-5522
-5282
-4949
-4557
-4117
-3623
-3101
-2578
-2042
-1526
-1075
-672
-237
218
640
1012
1362
1686
1989
2301
2610
2857
3038
3207
3333
3374
3372
3397
3387
3255
3044
2854
2661
2386
2090
1809
1522
1202
871
619
356
34
-316
-660
-926
-1140
-1283
-1354
-1354
-1290
-1191
-1026
-749
-385
-23
317
733
1230
1711
2098
2427
2718
2925
3057
3200
3373
3508
3561
3531
3460
3369
3245
3077
2848
2585
2258
1905
1577
1238
878
451
28
-409
-862
-1285
-1711
-2085
-2467
-2858
-3200
-3516
-3794
-4164
-4556
-4858
-5127
-5365
-5578
-5656
-5684
-5752
-5709
-5494
-5148
-4814
-4430
-3943
-3415
-2883
-2374
-1834
-1332
-842
-376
47
502
939
1328
1603
1874
2211
2503
2735
2935
3119
3198
3171
3198
3237
3205
3101
2963
2790
2527
2262
2022
1742
1457
1198
921
570
199
-144
-483
-783
-971
-1078
-1180
-1245
-1218
-1126
-1000
-760
-389
-24
259
577
984
1354
1642
1962
2312
2585
2779
2988
3188
3298
3338
3356
3347
3314
3272
3173
2978
2712
2425
2129
1826
1562
1266
879
448
26
-334
-706
-1060
-1368
-1680
-1992
-2303
-2538
-2723
-2959
-3245
-3530
-3776
-4009
-4240
-4437
-4587
-4726
-4847
-4894
-4843
-4730
-4589
-4393
-4138
-3841
-3482
-3044
-2579
-2140
-1721
-1298
-867
-435
-16
362
692
981
1238
1484
1747
2006
2239
2453
2677
2907
3105
3247
3315
3281
3123
2858
2542
2193
1803
1381
1004
730
565
508
580
761
1011
1323
1673
1993
2227
2380
2468
2480
2428
2362
2265
2120
1935
1732
1540
1348
1126
902
692
456
169
-143
-441
-718
-985
-1243
-1477
-1681
-1864
-2056
-2259
-2456
-2660
-2900
-3149
-3361
-3560
-3788
-4024
-4212
-4345
-4445
-4493
-4447
-4319
-4160
-3991
-3757
-3422
-3044
-2677
-2297
-1887
-1489
-1128
-773
-403
-42
284
585
879
1180
1475
1741
1989
2249
2505
2706
2854
2989
3086
3092
3027
2949
2843
2661
2420
2169
1907
1624
1352
1125
926
739
565
423
327
267
215
172
168
213
269
316
380
467
552
628
721
853
989
1102
1205
1316
1440
1578
1707
1831
1930
1987
2008
2011
1993
1937
1813
1648
1471
1266
1054
832
577
306
28
-265
-532
-760
-979
-1208
-1432
-1633
-1815
-2006
-2187
-2361
-2585
-2865
-3137
-3367
-3577
-3810
-4045
-4230
-4377
-4496
-4523
-4448
-4330
-4179
-3979
-3718
-3384
-2992
-2596
-2216
-1827
-1415
-1007
-631
-255
134
481
783
1097
1424
1740
2039
2301
2518
2718
2908
3073
3178
3224
3252
3221
3105
2966
2818
2614
2348
2067
1806
1541
1282
1055
841
647
493
366
276
221
189
181
178
185
242
337
428
514
611
721
841
975
1117
1237
1346
1477
1619
1753
1894
2044
2150
2181
2190
2190
2134
2016
1878
1714
1485
1221
958
679
371
63
-233
-533
-817
-1059
-1297
-1554
-1789
-1987
-2187
-2397
-2595
-2793
-3041
-3318
-3576
-3820
-4067
-4293
-4478
-4614
-4693
-4701
-4641
-4521
-4330
-4073
-3762
-3402
-2983
-2521
-2074
-1653
-1222
-797
-405
-22
351
686
988
1277
1563
1831
2069
2286
2482
2663
2833
2975
3073
3130
3134
3093
3015
2910
2762
2551
2303
2049
1788
1522
1265
1030
807
591
404
264
168
102
66
59
59
68
105
174
253
326
409
512
622
723
819
911
1011
1122
1251
1392
1532
1645
1719
1769
1823
1848
1813
1728
1615
1464
1266
1041
810
565
294
20
-235
-470
-682
-887
-1088
-1269
-1444
-1602
-1726
-1848
-2021
-2252
-2508
-2748
-2988
-3251
-3503
-3720
-3930
-4128
-4246
-4255
-4201
-4121
-3990
-3785
-3511
-3193
-2841
-2465
-2062
-1659
-1274
-898
-517
-138
206
504
789
1093
1392
1649
1878
2091
2277
2445
2615
2771
2887
2965
2998
2982
2932
2877
2794
2649
2465
2270
2054
1806
1558
1323
1085
855
667
524
397
285
208
163
136
133
163
215
264
292
321
379
470
568
648
731
836
947
1049
1165
1302
1419
1484
1544
1609
1639
1609
1540
1452
1332
1159
959
753
534
280
14
-229
-446
-656
-865
-1065
-1253
-1429
-1592
-1742
-1879
-2036
-2241
-2478
-2711
-2946
-3200
-3456
-3684
-3883
-4065
-4202
-4262
-4248
-4197
-4093
-3905
-3636
-3323
-2969
-2577
-2170
-1763
-1351
-934
-532
-156
195
512
798
1061
1306
1524
1718
1887
2040
2191
2335
2464
2554
2628
2689
2712
2711
2677
2619
2510
2351
2177
1972
1751
1503
1251
1020
801
617
456
330
237
155
112
114
167
239
308
385
459
535
622
727
832
917
994
1077
1167
1263
1358
1450
1520
1569
1618
1660
1677
1658
1595
1487
1343
1176
989
769
525
270
3
-273
-522
-735
-940
-1146
-1334
-1484
-1611
-1728
-1828
-1955
-2119
-2311
-2512
-2702
-2921
-3139
-3348
-3554
-3738
-3887
-3960
-3967
-3924
-3821
-3655
-3420
-3110
-2750
-2375
-1969
-1559
-1147
-753
-379
0
323
597
859
1093
1303
1473
1627
1774
1886
2008
2144
2276
2385
2453
2503
2547
2577
2565
2498
2388
2253
2088
1882
1647
1401
1158
905
662
467
313
187
85
30
19
26
78
171
272
370
447
537
640
736
828
904
985
1062
1135
1232
1340
1447
1529
1602
1663
1714
1737
1729
1685
1593
1466
1299
1112
907
661
392
111
-159
-418
-667
-892
-1095
-1283
-1459
-1614
-1756
-1898
-2060
-2243
-2437
-2657
-2883
-3097
-3323
-3553
-3777
-3967
-4100
-4193
-4217
-4171
-4068
-3898
-3675
-3386
-3021
-2621
-2200
-1780
-1362
-928
-517
-127
239
558
850
1109
1331
1548
1749
1911
2048
2168
2273
2386
2486
2572
2647
2673
2678
2657
2590
2495
2358
2184
1964
1733
1515
1273
1018
771
548
356
198
75
7
-20
-40
-18
56
150
250
349
462
585
698
807
937
1083
1221
1337
1452
1575
1676
1751
1821
1895
1942
1942
1911
1874
1802
1671
1509
1341
1149
915
658
406
158
-95
-360
-610
-844
-1070
-1296
-1495
-1658
-1816
-2002
-2207
-2409
-2607
-2821
-3053
-3272
-3463
-3647
-3831
-3982
-4079
-4119
-4109
-4035
-3894
-3690
-3426
-3108
-2750
-2363
-1959
-1552
-1149
-751
-360
10
342
634
899
1134
1332
1499
1653
1805
1943
2059
2154
2240
2319
2379
2408
2425
2431
2404
2320
2200
2060
1894
1683
1449
1223
1003
776
564
392
248
117
10
-53
-63
-29
24
96
188
282
377
486
615
740
845
952
1077
1191
1295
1391
1478
1549
1595
1633
1692
1752
1766
1728
1676
1613
1502
1341
1165
983
764
507
247
4
-237
-488
-741
-973
-1175
-1352
-1518
-1673
-1822
-1986
-2187
-2403
-2614
-2823
-3048
-3283
-3503
-3702
-3888
-4034
-4117
-4135
-4099
-4007
-3835
-3580
-3260
-2899
-2502
-2083
-1652
-1229
-823
-431
-59
280
563
821
1076
1297
1484
1654
1799
1938
2089
2227
2350
2463
2557
2628
2665
2677
2662
2597
2483
2331
2159
1962
1718
1462
1211
951
704
486
305
176
67
-12
-25
-14
21
103
191
276
375
484
599
733
869
984
1079
1183
1296
1392
1484
1593
1695
1769
1826
1885
1920
1905
1850
1772
1660
1502
1310
1102
877
607
303
16
-247
-522
-787
-1023
-1247
-1458
-1666
-1869
-2051
-2241
-2471
-2710
-2935
-3157
-3394
-3635
-3847
-4022
-4176
-4296
-4341
-4309
-4220
-4076
-3868
-3593
-3267
-2904
-2506
-2088
-1661
-1234
-824
-419
-25
324
633
926
1179
1398
1601
1773
1925
2072
2188
2280
2367
2435
2492
2531
2532
2504
2453
2373
2255
2117
1960
1758
1517
1283
1058
830
611
411
233
96
-3
-71
-93
-61
-11
53
158
283
411
560
706
846
994
1127
1251
1387
1511
1602
1669
1732
1801
1854
1883
1883
1867
1827
1742
1640
1527
1381
1200
991
753
516
272
10
-256
-526
-794
-1061
-1312
-1540
-1756
-1970
-2194
-2418
-2626
-2839
-3052
-3250
-3450
-3641
-3805
-3940
-4032
-4090
-4119
-4086
-3991
-3844
-3636
-3373
-3055
-2691
-2305
-1909
-1490
-1052
-625
-227
152
516
841
1134
1399
1626
1801
1935
2053
2171
2275
2348
2405
2450
2474
2485
2480
2441
2382
2304
2189
2064
1912
1707
1485
1267
1039
799
566
375
233
104
-6
-65
-75
-52
16
125
251
388
559
735
903
1075
1223
1352
1483
1607
1710
1802
1876
1938
1978
1989
1993
1986
1945
1863
1765
1648
1486
1302
1101
859
588
301
2
-291
-586
-886
-1177
-1460
-1741
-2004
-2242
-2461
-2669
-2879
-3105
-3318
-3504
-3684
-3865
-4028
-4168
-4292
-4382
-4412
-4383
-4316
-4207
-4045
-3812
-3506
-3149
-2749
-2301
-1839
-1385
-926
-454
-1
400
760
1101
1412
1667
1875
2053
2202
2299
2365
2429
2474
2510
2543
2544
2525
2509
2463
2382
2292
2172
1999
1791
1568
1344
1117
869
621
401
213
53
-65
-124
-131
-107
-48
54
180
325
485
665
858
1033
1192
1344
1493
1637
1768
1876
1974
2068
2132
2166
2200
2230
2222
2163
2074
1961
1808
1617
1399
1162
906
611
298
6
-289
-595
-895
-1197
-1471
-1718
-1966
-2188
-2392
-2615
-2841
-3068
-3283
-3467
-3657
-3861
-4035
-4168
-4287
-4381
-4405
-4359
-4276
-4141
-3936
-3661
-3330
-2952
-2539
-2110
-1667
-1199
-739
-293
144
530
865
1169
1441
1675
1865
2021
2166
2288
2363
2427
2496
2548
2577
2579
2566
2548
2497
2403
2289
2143
1944
1714
1465
1209
953
705
472
266
102
-28
-132
-185
-177
-127
-48
67
204
352
514
685
853
1023
1185
1328
1459
1584
1692
1793
1879
1941
1988
2028
2046
2038
2021
1983
1889
1762
1618
1441
1222
967
691
409
116
-199
-504
-796
-1083
-1362
-1629
-1873
-2092
-2303
-2505
-2704
-2904
-3100
-3289
-3470
-3647
-3823
-3985
-4117
-4212
-4268
-4285
-4259
-4176
-4028
-3821
-3551
-3219
-2846
-2456
-2043
-1599
-1150
-711
-277
141
521
862
1171
1454
1698
1901
2061
2194
2314
2422
2508
2574
2625
2655
2653
2624
2576
2498
2375
2222
2057
1882
1682
1465
1241
1009
773
554
370
226
112
27
-24
-38
-7
46
127
240
379
540
717
893
1074
1254
1412
1556
1702
1843
1962
2061
2134
2167
2179
2183
2166
2111
2016
1901
1768
1608
1416
1197
950
681
392
95
-191
-471
-767
-1059
-1345
-1619
-1868
-2102
-2328
-2544
-2761
-2980
-3181
-3365
-3533
-3692
-3847
-3991
-4108
-4191
-4229
-4217
-4156
-4051
-3897
-3682
-3402
-3074
-2710
-2319
-1907
-1480
-1046
-607
-177
225
591
924
1229
1497
1731
1934
2099
2223
2324
2402
2469
2521
2530
2514
2481
2431
2360
2269
2144
1994
1831
1629
1429
1225
1018
818
605
417
248
110
12
-64
-99
-101
-75
-10
86
198
340
496
661
844
1020
1187
1352
1497
1632
1756
1849
1923
1978
2004
2010
1991
1947
1884
1791
1669
1525
1358
1178
975
740
499
232
-47
-326
-604
-871
-1147
-1412
-1663
-1895
-2104
-2319
-2526
-2729
-2924
-3118
-3311
-3471
-3610
-3747
-3880
-3980
-4037
-4060
-4042
-3973
-3858
-3699
-3483
-3202
-2878
-2513
-2123
-1709
-1287
-859
-424
-4
398
764
1108
1398
1662
1883
2075
2216
2335
2433
2520
2582
2622
2644
2643
2615
2562
2499
2422
2311
2172
2007
1820
1607
1383
1151
923
694
486
301
141
28
-58
-100
-90
-41
33
142
259
409
573
745
913
1072
1224
1371
1496
1610
1713
1796
1863
1918
1952
1966
1973
1971
1927
1839
1735
1598
1431
1245
1027
776
505
214
-81
-367
-661
-958
-1244
-1524
-1788
-2036
-2263
-2475
-2694
-2912
-3117
-3320
-3492
-3654
-3835
-3997
-4134
-4244
-4309
-4341
-4326
-4242
-4117
-3932
-3672
-3356
-2991
-2596
-2174
-1723
-1263
-808
-361
65
459
811
1127
1423
1684
1891
2052
2191
2308
2406
2491
2560
2609
2631
2630
2611
2569
2500
2397
2262
2106
1933
1733
1513
1279
1046
822
611
413
240
102
-7
-87
-117
-97
-46
27
128
260
406
565
746
929
1099
1252
1378
1500
1624
1718
1797
1866
1909
1930
1936
1927
1916
1883
1805
1707
1597
1453
1281
1076
834
572
294
5
-276
-552
-839
-1132
-1410
-1654
-1872
-2086
-2297
-2501
-2706
-2911
-3114
-3305
-3475
-3653
-3840
-4002
-4125
-4213
-4251
-4239
-4166
-4033
-3850
-3608
-3292
-2916
-2507
-2079
-1634
-1174
-714
-271
144
527
872
1182
1460
1710
1923
2093
2220
2326
2425
2514
2577
2616
2644
2647
2607
2540
2459
2347
2212
2059
1879
1701
1485
1245
1019
800
596
390
234
96
-25
-97
-146
-125
-73
-12
83
204
356
518
688
868
1052
1217
1367
1519
1651
1758
1826
1874
1924
1939
1942
1927
1894
1840
1742
1633
1506
1349
1163
955
737
497
237
-24
-293
-573
-869
-1172
-1453
-1726
-1991
-2242
-2492
-2724
-2964
-3197
-3401
-3605
-3785
-3944
-4087
-4202
-4280
-4332
-4334
-4274
-4168
-4003
-3779
-3506
-3173
-2808
-2411
-1992
-1552
-1099
-652
-202
222
625
987
1316
1618
1867
2085
2247
2381
2496
2577
2634
2655
2672
2667
2623
2552
2455
2346
2212
2058
1894
1721
1534
1312
1093
877
655
458
280
139
21
-77
-132
-140
-104
-42
49
161
293
458
654
864
1066
1243
1401
1551
1701
1831
1922
1996
2048
2064
2062
2049
2033
1979
1886
1780
1649
1500
1326
1131
922
668
386
104
-173
-450
-750
-1048
-1325
-1605
-1872
-2111
-2343
-2576
-2805
-3039
-3256
-3447
-3631
-3802
-3956
-4087
-4177
-4216
-4215
-4158
-4054
-3907
-3701
-3429
-3096
-2723
-2334
-1927
-1495
-1046
-608
-190
218
604
947
1259
1551
1807
2024
2197
2321
2426
2514
2577
2624
2646
2640
2608
2544
2453
2346
2207
2045
1862
1672
1465
1233
990
753
526
304
117
-37
-163
-257
-309
-312
-277
-200
-99
8
156
319
498
686
868
1040
1200
1352
1497
1626
1732
1810
1865
1905
1928
1928
1912
1884
1835
1760
1661
1544
1381
1187
969
724
465
178
-110
-406
-717
-1020
-1338
-1635
-1904
-2142
-2376
-2615
-2830
-3043
-3253
-3442
-3617
-3774
-3932
-4072
-4182
-4239
-4241
-4215
-4135
-3993
-3801
-3543
-3235
-2866
-2461
-2045
-1597
-1131
-668
-218
204
597
975
1310
1602
1871
2093
2277
2408
2510
2595
2653
2695
2710
2714
2691
2634
2567
2478
2373
2220
2041
1861
1652
1428
1200
954
703
468
243
58
-74
-177
-234
-245
-225
-162
-67
59
217
390
566
754
947
1134
1299
1448
1589
1716
1823
1911
1987
2052
2077
2061
2037
2004
1949
1868
1756
1625
1473
1275
1047
811
547
264
-19
-327
-652
-973
-1297
-1613
-1907
-2190
-2463
-2722
-2976
-3222
-3443
-3644
-3831
-3993
-4127
-4243
-4314
-4331
-4305
-4223
-4097
-3937
-3718
-3445
-3131
-2773
-2384
-1977
-1548
-1118
-689
-255
165
553
906
1231
1528
1784
2007
2201
2351
2459
2546
2596
2611
2611
2588
2536
2468
2377
2265
2123
1955
1774
1580
1376
1171
964
754
544
347
170
18
-103
-185
-229
-238
-208
-153
-68
56
197
351
532
712
887
1065
1231
1391
1553
1684
1792
1904
1993
2046
2083
2095
2088
2058
1987
1890
1773
1628
1445
1238
1013
777
522
257
-25
-319
-622
-923
-1222
-1507
-1782
-2056
-2334
-2611
-2879
-3135
-3368
-3576
-3775
-3960
-4104
-4203
-4269
-4296
-4269
-4183
-4055
-3880
-3645
-3359
-3037
-2681
-2299
-1900
-1489
-1069
-646
-235
159
539
897
1225
1529
1795
2025
2206
2357
2483
2568
2627
2661
2662
2631
2567
2499
2410
2292
2156
1985
1804
1611
1398
1186
977
777
578
392
238
103
-5
-82
-126
-133
-97
-27
66
183
321
477
649
824
1000
1183
1362
1538
1696
1831
1951
2043
2122
2177
2212
2224
2192
2131
2038
1916
1763
1586
1396
1176
927
660
387
103
-196
-498
-801
-1098
-1397
-1694
-1989
-2293
-2587
-2893
-3188
-3461
-3721
-3950
-4158
-4339
-4487
-4581
-4619
-4603
-4533
-4402
-4212
-3976
-3670
-3313
-2920
-2503
-2089
-1657
-1219
-780
-357
47
427
776
1104
1402
1658
1887
2085
2230
2351
2465
2543
2589
2610
2595
2550
2472
2374
2273
2144
1976
1794
1599
1385
1161
933
698
475
277
100
-47
-156
-226
-264
-263
-217
-131
-10
135
301
492
692
893
1095
1283
1450
1607
1757
1886
1984
2066
2135
2179
2201
2205
2190
2159
2107
2025
1911
1770
1604
1407
1185
937
667
382
91
-211
-523
-842
-1158
-1468
-1771
-2073
-2383
-2692
-2985
-3260
-3520
-3746
-3949
-4139
-4282
-4372
-4428
-4429
-4371
-4269
-4115
-3907
-3649
-3343
-3000
-2624
-2227
-1821
-1404
-979
-559
-149
239
598
935
1253
1546
1807
2040
2236
2392
2519
2622
2690
2717
2712
2669
2590
2488
2368
2225
2044
1855
1651
1436
1217
998
784
564
371
184
28
-78
-172
-222
-239
-227
-169
-79
41
182
341
510
686
868
1053
1232
1391
1553
1706
1837
1962
2055
2123
2157
2177
2194
2174
2134
2055
1936
1789
1618
1420
1190
944
685
408
114
-196
-514
-823
-1140
-1456
-1749
-2039
-2327
-2614
-2907
-3185
-3451
-3718
-3960
-4173
-4359
-4508
-4619
-4672
-4665
-4597
-4465
-4282
-4033
-3725
-3365
-2972
-2562
-2131
-1698
-1253
-816
-391
27
424
784
1113
1412
1678
1935
2153
2344
2520
2653
2760
2834
2868
2867
2831
2754
2643
2517
2352
2155
1945
1718
1479
1240
993
759
554
370
212
81
-17
-77
-106
-102
-64
7
112
234
378
544
713
887
1079
1262
1433
1604
1767
1912
2043
2138
2210
2278
2324
2345
2339
2282
2194
2081
1932
1754
1556
1336
1093
823
536
238
-68
-375
-700
-1024
-1330
-1635
-1932
-2220
-2521
-2826
-3116
-3393
-3649
-3876
-4093
-4288
-4441
-4556
-4628
-4643
-4597
-4491
-4321
-4098
-3814
-3472
-3092
-2689
-2271
-1842
-1397
-945
-505
-91
288
640
952
1232
1496
1728
1933
2122
2275
2401
2518
2606
2674
2721
2729
2707
2649
2549
2420
2252
2041
1806
1568
1320
1059
800
556
342
150
-11
-129
-208
-248
-254
-204
-129
-32
117
268
441
630
799
984
1151
1307
1472
1619
1757
1873
1968
2059
2121
2153
2168
2168
2145
2094
2000
1871
1730
1560
1356
1130
889
632
359
63
-248
-558
-882
-1206
-1514
-1815
-2109
-2416
-2715
-3000
-3274
-3522
-3759
-3961
-4136
-4293
-4404
-4471
-4489
-4446
-4357
-4222
-4032
-3793
-3510
-3182
-2814
-2418
-2011
-1595
-1163
-733
-316
88
470
820
1144
1454
1743
1981
2181
2362
2501
2600
2684
2743
2777
2781
2735
2675
2578
2440
2293
2107
1915
1696
1460
1218
972
724
488
281
92
-35
-132
-204
-221
-220
-169
-76
40
191
365
559
751
944
1128
1297
1473
1635
1780
1907
2020
2119
2189
2244
2287
2301
2282
2239
2178
2086
1959
1805
1622
1395
1131
850
559
250
-78
-413
-747
-1090
-1433
-1755
-2068
-2374
-2673
-2967
-3249
-3512
-3749
-3953
-4140
-4301
-4427
-4521
-4563
-4555
-4504
-4383
-4202
-3987
-3708
-3369
-2994
-2590
-2168
-1735
-1293
-850
-415
1
394
757
1086
1379
1648
1883
2086
2254
2386
2490
2567
2629
2659
2654
2624
2551
2457
2336
2196
2023
1822
1609
1371
1119
865
619
395
187
16
-124
-238
-305
-336
-325
-264
-169
-46
107
277
456
648
837
1025
1196
1363
1521
1661
1799
1904
1999
2071
2121
2159
2175
2187
2172
2130
2054
1948
1812
1649
1463
1240
983
696
412
104
-215
-529
-871
-1188
-1497
-1802
-2081
-2353
-2627
-2901
-3158
-3403
-3632
-3836
-4009
-4154
-4267
-4332
-4357
-4337
-4266
-4146
-3959
-3713
-3418
-3073
-2689
-2293
-1878
-1452
-1028
-603
-198
190
567
916
1238
1531
1779
1993
2176
2325
2453
2566
2655
2709
2730
2724
2676
2602
2508
2374
2206
2008
1781
1557
1326
1078
824
566
331
133
-28
-148
-233
-286
-292
-248
-163
-57
72
227
403
586
768
949
1127
1283
1417
1540
1654
1753
1843
1932
2011
2065
2114
2162
2184
2168
2107
2002
1874
1723
1528
1314
1060
778
485
171
-157
-494
-809
-1128
-1438
-1714
-1997
-2276
-2547
-2818
-3088
-3359
-3605
-3825
-4018
-4192
-4347
-4454
-4532
-4560
-4522
-4428
-4276
-4071
-3802
-3478
-3118
-2722
-2302
-1868
-1433
-992
-540
-112
281
652
1003
1310
1590
1843
2052
2242
2387
2506
2608
2670
2717
2733
2700
2633
2546
2439
2314
2157
1955
1735
1510
1272
1014
765
524
304
108
-58
-183
-276
-310
-314
-272
-169
-53
104
287
483
704
909
1109
1299
1471
1627
1750
1867
1970
2052
2114
2142
2153
2153
2130
2097
2045
1972
1866
1738
1597
1407
1188
960
703
433
143
-151
-458
-774
-1072
-1378
-1675
-1964
-2246
-2511
-2771
-3013
-3257
-3485
-3688
-3874
-4030
-4147
-4224
-4262
-4251
-4185
-4086
-3950
-3753
-3509
-3223
-2883
-2519
-2133
-1723
-1313
-900
-489
-99
280
643
983
1294
1571
1822
2032
2207
2355
2464
2544
2605
2632
2634
2605
2532
2433
2312
2157
1976
1779
1566
1351
1132
905
675
448
237
65
-74
-174
-240
-268
-246
-204
-111
17
158
324
502
704
904
1094
1276
1432
1570
1693
1789
1857
1913
1960
1988
1991
1986
1973
1930
1863
1768
1645
1505
1347
1177
978
760
531
275
1
-293
-587
-881
-1183
-1467
-1744
-2014
-2278
-2541
-2783
-3033
-3261
-3459
-3639
-3782
-3907
-4000
-4068
-4105
-4092
-4046
-3949
-3813
-3631
-3382
-3091
-2770
-2432
-2071
-1690
-1294
-891
-488
-89
300
667
999
1297
1557
1781
1973
2137
2277
2395
2489
2547
2577
2583
2558
2502
2419
2314
2188
2034
1849
1634
1407
1171
929
684
459
269
111
-18
-117
-179
-201
-177
-104
5
138
294
478
671
860
1033
1193
1349
1486
1617
1730
1821
1888
1942
1991
2016
2027
2029
2004
1978
1928
1856
1741
1603
1453
1257
1040
804
554
289
-6
-292
-589
-886
-1196
-1501
-1775
-2038
-2283
-2522
-2743
-2950
-3153
-3340
-3509
-3656
-3784
-3882
-3946
-3975
-3972
-3934
-3857
-3738
-3570
-3358
-3101
-2803
-2466
-2099
-1713
-1323
-934
-546
-159
208
542
850
1147
1419
1652
1848
2007
2136
2241
2321
2376
2404
2407
2381
2336
2270
2164
2030
1885
1721
1530
1325
1125
927
730
534
354
201
78
-21
-77
-84
-63
-9
74
190
316
439
589
741
911
1070
1214
1352
1467
1570
1649
1715
1777
1814
1837
1853
1858
1838
1798
1742
1656
1548
1425
1283
1111
925
719
483
222
-50
-332
-621
-899
-1172
-1434
-1680
-1924
-2159
-2395
-2610
-2816
-3018
-3179
-3322
-3447
-3569
-3674
-3752
-3821
-3843
-3819
-3753
-3641
-3487
-3279
-3027
-2739
-2424
-2082
-1723
-1343
-952
-561
-174
197
537
848
1132
1378
1614
1807
1966
2113
2238
2335
2397
2448
2458
2441
2414
2350
2271
2162
2022
1869
1684
1480
1270
1059
855
666
497
358
246
156
100
80
88
127
186
277
404
525
647
785
917
1043
1160
1269
1383
1494
1582
1661
1727
1764
1793
1809
1803
1778
1764
1724
1654
1571
1440
1286
1104
895
669
430
198
-66
-328
-600
-892
-1173
-1449
-1708
-1955
-2180
-2399
-2605
-2794
-2990
-3162
-3320
-3482
-3608
-3706
-3766
-3792
-3798
-3756
-3697
-3601
-3450
-3276
-3049
-2776
-2470
-2129
-1775
-1409
-1031
-646
-276
64
398
717
1010
1280
1519
1720
1876
2013
2121
2212
2269
2291
2300
2279
2243
2169
2068
1950
1807
1669
1504
1332
1162
992
835
669
520
382
259
178
125
109
118
150
208
282
376
481
595
727
863
993
1120
1240
1340
1424
1507
1582
1637
1685
1725
1747
1754
1747
1713
1655
1586
1489
1361
1220
1067
885
676
448
203
-44
-299
-562
-818
-1057
-1299
-1528
-1730
-1923
-2124
-2321
-2501
-2667
-2823
-2969
-3105
-3226
-3332
-3426
-3500
-3537
-3539
-3506
-3420
-3287
-3121
-2908
-2648
-2359
-2041
-1702
-1345
-975
-598
-230
122
458
762
1035
1277
1497
1687
1844
1976
2083
2165
2215
2228
2224
2205
2159
2099
2020
1918
1804
1670
1517
1363
1196
1024
861
709
569
434
316
214
131
72
42
44
82
157
244
334
437
557
682
809
950
1098
1224
1333
1448
1539
1604
1657
1681
1691
1703
1691
1652
1596
1522
1420
1288
1137
973
781
579
374
154
-75
-317
-574
-824
-1070
-1324
-1557
-1763
-1963
-2153
-2332
-2508
-2680
-2850
-3008
-3151
-3278
-3386
-3475
-3531
-3550
-3544
-3504
-3437
-3327
-3157
-2948
-2699
-2402
-2083
-1740
-1383
-1037
-680
-313
31
362
684
978
1256
1503
1688
1834
1968
2078
2151
2210
2244
2243
2219
2178
2117
2039
1938
1821
1692
1545
1393
1234
1064
891
728
570
426
310
223
157
116
107
118
152
204
285
379
492
621
759
894
1020
1138
1243
1342
1424
1502
1586
1635
1678
1711
1712
1693
1650
1588
1505
1394
1275
1137
969
782
586
377
153
-83
-314
-550
-791
-1007
-1216
-1429
-1631
-1822
-2009
-2184
-2353
-2503
-2638
-2786
-2918
-3017
-3117
-3210
-3272
-3312
-3314
-3287
-3236
-3136
-2991
-2815
-2603
-2356
-2074
-1764
-1438
-1094
-735
-383
-41
289
605
903
1163
1382
1579
1750
1885
1996
2073
2119
2145
2140
2113
2075
2017
1947
1862
1751
1622
1478
1324
1170
1012
860
700
558
429
295
192
110
58
24
16
47
85
153
234
321
429
550
679
798
916
1039
1160
1264
1353
1426
1486
1534
1558
1566
1560
1536
1486
1403
1294
1177
1043
885
717
542
347
153
-41
-243
-451
-671
-882
-1081
-1288
-1484
-1663
-1843
-2023
-2186
-2340
-2498
-2658
-2793
-2903
-3006
-3095
-3161
-3202
-3213
-3203
-3169
-3086
-2962
-2803
-2607
-2380
-2110
-1818
-1522
-1191
-853
-529
-190
140
450
749
1012
1248
1462
1640
1796
1927
2023
2093
2139
2159
2153
2118
2064
1995
1912
1815
1704
1575
1442
1303
1148
990
838
698
579
471
374
303
245
203
189
189
210
263
327
404
504
604
706
821
928
1029
1136
1229
1312
1391
1452
1503
1540
1546
1530
1504
1459
1390
1301
1196
1074
926
766
591
401
206
3
-213
-424
-635
-845
-1048
-1252
-1450
-1634
-1815
-1989
-2151
-2301
-2440
-2565
-2684
-2789
-2874
-2942
-3002
-3041
-3046
-3029
-2991
-2923
-2818
-2679
-2515
-2326
-2099
-1843
-1559
-1253
-930
-606
-286
25
327
608
865
1097
1309
1491
1636
1751
1838
1891
1909
1904
1883
1842
1789
1730
1661
1577
1479
1365
1253
1139
1022
917
817
705
603
515
423
336
267
219
191
183
200
235
288
362
440
525
625
733
848
967
1093
1205
1297
1369
1422
1451
1468
1463
1441
1410
1357
1279
1191
1086
960
827
684
534
377
219
57
-115
-301
-497
-693
-887
-1080
-1271
-1459
-1644
-1819
-1986
-2145
-2293
-2426
-2548
-2652
-2733
-2795
-2841
-2865
-2873
-2861
-2822
-2755
-2658
-2535
-2382
-2192
-1984
-1747
-1495
-1225
-937
-647
-345
-50
241
524
784
1029
1243
1433
1601
1733
1836
1914
1958
1973
1969
1927
1862
1786
1692
1593
1487
1366
1252
1143
1025
903
792
691
595
507
434
372
321
287
263
247
250
272
304
353
432
527
626
740
856
961
1062
1162
1249
1326
1394
1441
1472
1481
1467
1427
1364
1286
1191
1084
962
826
675
513
340
145
-50
-252
-445
-636
-836
-1025
-1223
-1402
-1583
-1772
-1940
-2103
-2255
-2396
-2526
-2651
-2761
-2853
-2943
-3005
-3032
-3037
-3000
-2919
-2821
-2696
-2524
-2328
-2112
-1862
-1591
-1307
-1010
-706
-404
-110
167
431
687
914
1118
1308
1468
1601
1711
1785
1831
1858
1850
1823
1795
1750
1687
1615
1526
1417
1301
1171
1045
932
808
676
559
453
362
287
227
185
164
168
191
245
331
437
545
645
748
856
964
1069
1173
1269
1344
1403
1455
1491
1499
1495
1485
1455
1405
1330
1235
1135
1014
862
710
554
385
207
16
-185
-391
-605
-818
-1033
-1252
-1458
-1647
-1830
-2016
-2200
-2373
-2529
-2668
-2790
-2893
-2970
-3018
-3036
-3028
-2990
-2919
-2813
-2677
-2505
-2305
-2074
-1824
-1559
-1273
-979
-684
-377
-80
198
470
728
961
1171
1347
1498
1627
1728
1810
1873
1906
1913
1897
1859
1804
1735
1648
1539
1420
1287
1133
978
835
696
555
422
311
208
113
54
28
28
57
105
171
266
367
476
594
718
839
962
1081
1192
1292
1380
1454
1509
1537
1544
1543
1531
1494
1428
1343
1244
1128
992
845
689
520
337
142
-66
-285
-512
-744
-973
-1194
-1407
-1619
-1822
-2017
-2217
-2410
-2587
-2745
-2878
-2991
-3075
-3122
-3147
-3144
-3099
-3027
-2923
-2777
-2600
-2400
-2176
-1926
-1658
-1382
-1102
-814
-519
-225
49
308
549
776
988
1176
1334
1486
1622
1716
1789
1850
1877
1890
1890
1857
1806
1740
1645
1529
1401
1263
1117
969
826
682
534
407
306
220
156
128
135
159
193
249
334
441
561
681
802
924
1047
1170
1288
1389
1472
1544
1602
1640
1660
1667
1648
1600
1529
1436
1324
1195
1053
900
730
541
330
109
-115
-349
-590
-826
-1050
-1267
-1489
-1705
-1909
-2111
-2314
-2506
-2673
-2820
-2949
-3051
-3122
-3168
-3182
-3159
-3102
-3011
-2884
-2720
-2530
-2309
-2060
-1789
-1502
-1208
-918
-635
-361
-96
158
405
637
843
1031
1198
1335
1463
1569
1644
1703
1742
1758
1763
1740
1697
1634
1547
1444
1324
1186
1056
920
777
645
512
388
284
201
141
105
85
88
117
163
227
316
423
536
652
774
900
1028
1157
1280
1390
1497
1578
1640
1701
1732
1726
1699
1640
1566
1470
1338
1197
1040
859
660
446
223
-4
-232
-458
-700
-927
-1137
-1356
-1565
-1760
-1963
-2157
-2331
-2489
-2623
-2745
-2848
-2939
-3007
-3036
-3040
-3007
-2937
-2837
-2702
-2517
-2317
-2107
-1856
-1598
-1318
-1047
-780
-497
-236
16
259
482
683
864
1024
1162
1283
1364
1431
1491
1523
1532
1543
1539
1507
1465
1416
1358
1291
1212
1122
1018
921
826
717
629
565
498
448
418
395
398
417
440
491
557
633
713
809
920
1023
1127
1226
1324
1418
1490
1552
1596
1627
1636
1613
1565
1498
1415
1315
1196
1051
887
708
523
330
120
-89
-297
-531
-761
-972
-1184
-1394
-1594
-1794
-1979
-2143
-2297
-2442
-2575
-2684
-2776
-2860
-2914
-2931
-2923
-2889
-2826
-2734
-2615
-2465
-2283
-2078
-1861
-1623
-1364
-1102
-839
-581
-322
-61
177
393
593
775
931
1072
1185
1265
1341
1387
1416
1430
1419
1405
1383
1348
1293
1225
1168
1103
1037
976
920
869
818
770
735
708
687
667
653
659
676
698
741
794
850
914
980
1043
1107
1170
1240
1309
1360
1400
1443
1484
1497
1490
1461
1422
1360
1270
1160
1037
905
740
569
385
177
-26
-236
-439
-638
-844
-1041
-1229
-1408
-1586
-1758
-1920
-2067
-2203
-2332
-2439
-2529
-2596
-2645
-2684
-2690
-2669
-2635
-2572
-2467
-2351
-2220
-2047
-1866
-1668
-1469
-1252
-1026
-815
-591
-387
-189
8
173
339
482
597
715
814
888
961
1012
1053
1090
1099
1100
1099
1081
1062
1035
1004
979
958
938
927
921
922
937
948
965
988
1013
1057
1088
1126
1174
1212
1260
1286
1307
1333
1343
1364
1376
1381
1395
1393
1397
1395
1385
1371
1340
1301
1245
1173
1083
966
831
676
515
334
156
-33
-241
-430
-621
-806
-995
-1169
-1323
-1490
-1639
-1784
-1922
-2044
-2166
-2273
-2358
-2420
-2480
-2529
-2542
-2553
-2538
-2488
-2430
-2345
-2239
-2118
-1973
-1809
-1644
-1472
-1284
-1097
-918
-738
-556
-384
-215
-61
83
205
307
416
502
587
662
724
787
833
881
921
958
986
1004
1029
1044
1058
1083
1099
1114
1137
1157
1166
1196
1230
1262
1300
1323
1369
1415
1455
1500
1525
1550
1563
1561
1561
1554
1542
1522
1492
1454
1412
1359
1298
1238
1175
1099
1013
923
827
727
614
488
356
207
42
-124
-295
-481
-667
-850
-1039
-1228
-1413
-1592
-1756
-1902
-2042
-2165
-2260
-2339
-2402
-2438
-2465
-2479
-2474
-2454
-2407
-2337
-2263
-2173
-2067
-1953
-1823
-1686
-1543
-1392
-1236
-1084
-930
-761
-606
-459
-299
-152
-24
107
225
335
441
530
614
690
752
818
872
910
953
989
1015
1044
1073
1111
1162
1209
1240
1272
1318
1353
1370
1400
1442
1478
1509
1533
1559
1582
1589
1591
1592
1588
1576
1565
1550
1518
1467
1425
1381
1319
1252
1176
1101
1022
926
817
712
602
473
330
194
64
-79
-228
-370
-518
-676
-823
-971
-1124
-1277
-1430
-1582
-1727
-1861
-1990
-2114
-2222
-2305
-2377
-2436
-2465
-2471
-2452
-2426
-2368
-2287
-2202
-2091
-1976
-1847
-1713
-1584
-1432
-1280
-1128
-976
-839
-691
-550
-427
-296
-180
-68
45
141
242
326
427
532
611
699
777
851
913
959
1015
1057
1107
1163
1220
1281
1327
1373
1425
1479
1532
1578
1630
1688
1732
1761
1790
1816
1827
1831
1832
1835
1819
1796
1776
1739
1689
1625
1558
1476
1374
1269
1154
1034
912
793
679
565
441
305
165
27
-111
-253
-390
-516
-643
-778
-925
-1074
-1222
-1370
-1512
-1652
-1792
-1929
-2060
-2190
-2304
-2394
-2474
-2542
-2581
-2593
-2585
-2549
-2483
-2403
-2315
-2206
-2084
-1960
-1831
-1691
-1552
-1410
-1271
-1125
-977
-837
-700
-565
-433
-301
-169
-40
89
223
347
466
587
692
790
888
981
1063
1134
1197
1249
1297
1350
1404
1451
1505
1555
1600
1642
1678
1718
1757
1789
1825
1856
1883
1909
1931
1937
1932
1927
1916
1879
1827
1768
1698
1617
1526
1429
1330
1222
1106
996
886
769
647
528
409
282
147
10
-124
-263
-400
-538
-686
-838
-993
-1147
-1294
-1443
-1593
-1733
-1872
-2007
-2120
-2219
-2312
-2384
-2442
-2491
-2520
-2530
-2521
-2481
-2426
-2358
-2275
-2181
-2084
-1986
-1886
-1778
-1662
-1533
-1397
-1261
-1116
-969
-824
-668
-507
-346
-191
-42
105
248
381
508
630
745
852
951
1041
1124
1192
1258
1328
1395
1454
1510
1561
1605
1648
1691
1728
1762
1803
1834
1863
1894
1903
1903
1918
1924
1916
1904
1877
1851
1819
1766
1700
1626
1538
1445
1347
1243
1137
1027
921
818
706
594
478
354
223
92
-36
-169
-303
-437
-579
-730
-881
-1029
-1176
-1324
-1465
-1596
-1719
-1839
-1956
-2061
-2143
-2206
-2257
-2298
-2321
-2321
-2307
-2283
-2249
-2208
-2160
-2113
-2066
-2015
-1953
-1881
-1801
-1710
-1608
-1498
-1374
-1228
-1073
-908
-730
-543
-355
-171
9
172
317
451
569
675
767
839
901
958
1007
1053
1115
1190
1261
1332
1416
1498
1579
1654
1722
1788
1845
1884
1918
1936
1935
1924
1894
1848
1795
1736
1678
1619
1559
1500
1447
1399
1349
1291
1236
1184
1118
1034
942
843
728
601
466
324
181
32
-118
-267
-410
-542
-665
-780
-890
-986
-1074
-1167
-1259
-1344
-1423
-1504
-1575
-1639
-1705
-1776
-1835
-1879
-1921
-1948
-1956
-1948
-1936
-1909
-1864
-1812
-1753
-1676
-1586
-1494
-1399
-1299
-1199
-1099
-999
-897
-791
-686
-585
-483
-377
-274
-167
-52
57
161
266
369
467
568
664
750
836
923
997
1058
1118
1179
1228
1271
1312
1348
1376
1401
1418
1432
1438
1440
1442
1441
1433
1420
1409
1393
1372
1350
1324
1291
1253
1208
1157
1103
1044
977
905
826
739
651
560
466
367
271
179
86
-9
-105
-206
-303
-393
-484
-582
-681
-771
-853
-940
-1030
-1116
-1193
-1261
-1324
-1379
-1429
-1471
-1502
-1520
-1524
-1526
-1523
-1508
-1482
-1455
-1431
-1399
-1356
-1305
-1248
-1192
-1129
-1066
-996
-927
-849
-772
-694
-612
-533
-445
-366
-277
-205
-130
-71
4
74
146
210
280
354
434
513
589
663
740
820
898
970
1033
1087
1137
1179
1210
1230
1246
1254
1258
1257
1253
1250
1246
1245
1240
1235
1224
1215
1203
1191
1169
1142
1113
1071
1015
944
868
788
696
597
501
408
310
209
115
32
-53
-138
-215
-282
-345
-411
-477
-539
-605
-680
-762
-844
-921
-999
-1078
-1148
-1209
-1259
-1307
-1343
-1365
-1366
-1358
-1347
-1322
-1288
-1241
-1211
-1166
-1118
-1076
-1012
-964
-911
-868
-820
-754
-712
-654
-589
-521
-447
-383
-303
-226
-151
-76
-13
51
115
177
243
302
355
405
455
509
559
605
659
707
758
805
840
884
921
963
994
1019
1056
1073
1088
1095
1098
1099
1085
1071
1055
1035
1012
978
948
921
880
835
790
741
695
633
568
508
439
372
293
217
154
74
6
-59
-129
-190
-259
-317
-371
-436
-499
-563
-617
-670
-731
-785
-827
-862
-892
-923
-943
-952
-959
-969
-978
-982
-981
-973
-962
-948
-933
-915
-887
-861
-831
-791
-750
-703
-653
-595
-533
-484
-433
-378
-320
-264
-220
-177
-134
-90
-48
-12
26
64
102
141
166
193
231
275
321
368
423
478
522
563
601
641
681
709
737
765
779
788
799
818
820
812
813
807
803
794
787
786
772
761
744
719
695
654
620
578
528
484
428
376
307
238
180
122
71
11
-37
-80
-126
-173
-218
-251
-293
-333
-363
-394
-423
-461
-493
-519
-545
-571
-597
-617
-633
-653
-669
-677
-684
-688
-687
-677
-665
-655
-639
-618
-599
-588
-580
-548
-509
-485
-461
-431
-391
-370
-347
-310
-283
-262
-237
-198
-170
-153
-122
-96
-62
-36
-14
21
49
87
123
157
202
229
264
310
334
364
387
406
432
430
438
451
460
476
478
491
513
517
529
535
533
545
535
522
516
492
476
448
417
391
350
314
270
219
176
146
114
89
60
34
21
-14
-35
-46
-78
-94
-120
-142
-161
-197
-222
-246
-272
-293
-317
-321
-330
-345
-352
-355
-349
-344
-348
-352
-345
-340
-332
-322
-311
-301
-291
-282
-273
-262
-256
-252
-245
-234
-224
-213
-198
-177
-159
-150
-140
-122
-105
-101
-94
-76
-54
-38
-17
9
28
41
59
86
107
122
145
162
170
174
177
190
202
206
217
227
238
255
265
277
295
301
309
320
320
326
328
321
311
300
280
262
249
235
212
184
162
138
122
110
93
81
67
44
34
26
12
-8
-25
-45
-60
-71
-95
-110
-126
-136
-143
-166
-175
-187
-196
-196
-213
-209
-210
-216
-208
-214
-217
-229
-223
-214
-233
-227
-228
-231
-221
-224
-225
-211
-203
-194
-184
-179
-179
-177
-175
-171
-166
-156
-146
-130
-118
-101
-83
-59
-32
-20
-2
21
35
50
63
73
80
94
96
93
108
113
116
128
139
157
172
187
210
229
241
253
260
259
257
253
248
239
216
204
195
176
162
155
149
138
139
138
139
141
124
119
123
119
114
104
96
76
57
52
32
8
-8
-27
-37
-43
-51
-55
-64
-67
-67
-81
-84
-86
-88
-82
-94
-92
-86
-106
-114
-113
-117
-125
-127
-135
-129
-127
-136
-135
-140
-135
-126
-134
-134
-136
-134
-137
-144
-138
-138
-138
-134
-129
-121
-106
-81
-68
-65
-56
-37
-31
-27
-16
-11
6
9
14
28
39
52
64
77
81
85
97
102
105
106
108
108
114
118
109
105
105
98
97
94
88
83
79
77
85
92
85
76
75
70
66
70
77
71
63
61
56
55
60
57
58
60
48
43
47
47
40
46
38
27
25
18
10
-5
-13
-18
-36
-40
-44
-39
-37
-44
-43
-42
-37
-42
-50
-50
-54
-64
-61
-65
-75
-82
-89
-102
-109
-117
-124
-122
-119
-119
-119
-116
-111
-108
-105
-96
-85
-73
-64
-62
-57
-52
-46
-38
-30
-22
-10
1
14
23
27
30
33
36
37
37
39
46
49
50
45
44
43
45
44
44
47
49
55
62
63
61
60
61
65
71
78
84
87
85
81
78
79
78
77
75
73
72
70
68
64
61
59
54
48
42
43
41
34
20
8
-1
-7
-16
-22
-21
-20
-20
-23
-27
-28
-30
-33
-35
-35
-36
-33
-35
-43
-50
-58
-66
-76
-84
-90
-96
-100
-101
-97
-90
-85
-83
-79
-72
-68
-66
-63
-58
-57
-56
-52
-45
-39
-34
-24
-10
2
8
9
12
16
19
23
28
29
28
27
25
24
22
22
26
28
32
36
42
45
46
48
49
51
54
60
64
66
63
61
60
60
59
57
58
59
58
57
55
53
51
51
50
50
46
40
31
26
20
12
3
-4
-9
-14
-19
-20
-20
-20
-22
-24
-24
-24
-26
-28
-32
-35
-38
-39
-39
-41
-44
-46
-46
-47
-51
-53
-54
-54
-54
-54
-53
-53
-51
-48
-43
-45
-47
-44
-41
-38
-37
-33
-24
-19
-15
-8
-1
4
7
11
14
16
16
17
21
23
25
30
34
33
34
36
40
41
37
35
37
41
38
33
37
45
42
39
40
41
37
37
44
42
39
42
39
34
40
35
28
33
33
28
26
24
18
13
10
10
7
-3
-8
-9
-13
-11
-11
-18
-23
-28
-34
-37
-40
-42
-40
-44
-47
-48
-46
-48
-50
-47
-47
-50
-47
-44
-43
-45
-43
-42
-43
-44
-43
-40
-40
-40
-35
-30
-30
-30
-26
-22
-21
-17
-13
-7
-3
-1
1
5
8
11
13
18
25
23
22
29
28
27
33
35
37
41
39
42
44
37
38
39
37
36
38
40
38
38
38
38
37
37
34
34
35
32
27
25
23
22
21
22
20
14
10
12
11
4
-3
-6
-7
-9
-12
-11
-11
-16
-23
-29
-31
-35
-37
-39
-41
-41
-40
-41
-44
-47
-48
-43
-38
-35
-33
-34
-34
-34
-32
-33
-38
-36
-34
-36
-35
-28
-26
-25
-20
-14
-14
-12
-9
-7
-8
-5
-3
-1
0
3
5
7
7
8
12
14
17
21
25
26
31
36
41
45
46
46
38
35
38
40
39
44
47
41
41
43
42
38
35
36
34
28
27
26
23
23
21
14
11
7
4
2
1
-3
-5
-7
-8
-8
-10
-9
-11
-12
-15
-18
-21
-25
-29
-29
-30
-33
-31
-35
-39
-38
-44
-44
-39
-44
-41
-39
-41
-35
-36
-38
-31
-34
-33
-28
-29
-25
-24
-22
-16
-18
-14
-6
-10
-7
3
2
1
6
11
12
8
9
14
18
17
16
19
22
22
21
23
24
29
31
33
37
38
37
38
44
40
37
41
47
43
40
42
41
38
35
32
29
26
22
20
17
12
9
6
4
-2
-4
-6
-9
-12
-12
-14
-18
-21
-19
-22
-25
-26
-25
-25
-27
-27
-27
-29
-31
-31
-29
-29
-32
-34
-34
-31
-31
-36
-34
-29
-27
-30
-27
-24
-25
-28
-24
-20
-17
-17
-19
-20
-15
-13
-11
-8
-5
-3
1
5
10
14
15
19
23
28
29
25
25
27
30
36
34
31
38
36
37
40
37
41
44
39
40
36
35
38
33
33
36
26
25
32
30
26
27
27
27
23
19
18
16
12
3
-3
-6
-11
-13
-16
-16
-19
-21
-21
-24
-28
-26
-30
-32
-28
-33
-35
-32
-36
-40
-40
-44
-43
-41
-38
-35
-35
-35
-38
-37
-30
-28
-32
-31
-28
-31
-33
-28
-28
-28
-24
-18
-15
-14
-12
-9
-7
-3
0
2
6
10
13
15
19
20
23
27
28
30
30
30
35
35
33
34
39
38
38
41
40
38
39
42
40
41
42
36
35
38
38
33
32
28
23
23
22
23
22
22
20
18
16
16
11
8
7
0
-6
-10
-14
-19
-22
-22
-24
-26
-25
-26
-29
-29
-31
-32
-32
-35
-36
-39
-39
-39
-41
-41
-41
-40
-39
-37
-35
-33
-31
-26
-22
-21
-21
-19
-16
-16
-22
-22
-18
-17
-17
-16
-11
-8
-5
0
2
3
6
10
13
13
14
18
17
16
16
18
18
17
19
23
26
24
23
24
27
27
24
27
31
30
25
25
27
24
20
21
23
23
20
19
21
23
19
16
17
17
14
9
8
9
5
1
-2
-3
-4
-7
-10
-13
-13
-11
-9
-11
-17
-19
-19
-19
-22
-22
-20
-20
-23
-26
-26
-25
-26
-23
-22
-20
-19
-18
-17
-16
-14
-12
-12
-12
-12
-13
-11
-11
-12
-12
-10
-6
-3
1
1
1
1
5
6
8
8
7
8
10
12
13
14
14
13
13
14
14
16
18
20
20
20
19
21
21
20
24
23
21
22
22
18
17
16
14
13
12
9
9
8
8
6
6
5
3
2
0
-2
-4
-5
-6
-8
-12
-15
-16
-14
-13
-16
-16
-12
-12
-15
-20
-18
-18
-19
-19
-17
-16
-16
-16
-16
-15
-16
-14
-14
-13
-13
-11
-11
-12
-10
-10
-8
-7
-6
-4
-2
-1
-2
0
1
2
3
5
6
7
11
12
10
14
17
15
13
17
17
13
14
16
12
12
13
14
15
14
16
16
17
18
17
20
20
19
18
14
14
11
9
8
7
9
6
5
5
3
2
3
5
4
0
-2
-1
-3
-6
-10
-9
-11
-13
-15
-13
-13
-14
-14
-12
-11
-13
-15
-16
-16
-17
-19
-17
-17
-17
-18
-17
-18
-17
-17
-16
-13
-11
-10
-8
-8
-4
-5
-4
-4
-3
-3
-2
1
2
1
-1
3
7
3
2
6
11
9
7
9
12
13
14
14
15
14
15
16
15
14
13
14
19
19
15
14
16
17
12
13
14
13
12
15
14
11
10
9
10
9
7
5
7
8
5
2
1
1
-1
-1
-1
-3
-6
-6
-5
-4
-9
-8
-7
-7
-10
-13
-12
-11
-13
-15
-14
-13
-12
-12
-12
-15
-14
-14
-12
-10
-9
-11
-14
-14
-10
-9
-13
-14
-11
-11
-8
-7
-8
-5
-2
-3
-1
1
-1
-3
-4
-1
0
1
3
3
0
-1
2
6
11
12
12
10
8
9
10
10
9
8
10
9
8
9
10
8
10
11
13
13
12
13
15
16
13
12
10
9
7
6
5
5
5
2
3
2
1
1
1
1
0
1
1
0
-2
-4
-2
-6
-8
-8
-7
-12
-12
-8
-7
-10
-7
-3
-6
-8
-5
-5
-7
-9
-7
-7
-5
-6
-9
-8
-6
-4
-3
-4
-4
-5
-6
-5
-4
-2
-1
-2
-3
-3
-3
-3
-1
-1
-1
0
-1
-1
-1
0
0
0
0
1
5
5
3
3
7
10
3
6
9
4
4
8
5
3
5
6
6
4
6
8
7
4
4
5
4
3
1
0
1
1
0
2
4
4
1
3
5
4
6
5
3
5
-1
-6
-1
-3
-4
-3
-5
-6
-4
-7
-5
-2
-2
-2
-2
-2
-3
-3
-3
-5
-3
-3
-4
-5
-3
-4
-3
-3
-5
-4
-4
-4
-5
-4
-3
-3
-1
0
-1
-1
-1
-4
-3
0
-1
-2
-1
0
-1
2
2
1
0
4
5
5
2
1
1
4
3
3
3
3
2
1
0
3
1
1
5
5
4
3
1
4
3
2
3
2
2
5
0
-3
3
4
-2
-2
4
5
0
-1
1
3
2
0
-2
0
-2
-4
-5
-4
-4
-5
-3
-3
-3
-4
-4
-2
-1
-2
-3
0
0
-4
-4
0
-4
-3
-2
-1
-1
-1
4
3
2
6
4
3
6
2
0
5
1
-1
2
0
0
1
0
1
1
1
1
-1
0
1
2
3
2
0
