19
18
28
16
13
14
12
0
-7
1
-1
7
1
-11
-18
-25
-41
-48
-37
-30
-21
-33
-31
-27
-35
-35
-41
-39
-26
-16
-20
-1
4
-1
-2
-11
-4
7
16
17
25
28
25
19
15
20
20
22
24
25
32
33
24
16
20
16
14
20
23
28
28
16
3
3
3
-4
-9
12
0
-2
-2
-11
-9
-24
-6
-22
-18
-4
-21
-18
-22
-18
-29
-29
-24
-29
-14
-11
-21
-16
-20
-27
-21
-19
-16
-16
-8
-15
-8
-5
-10
-11
-17
0
-2
-1
10
9
-2
13
6
2
12
7
17
11
28
14
16
23
10
18
22
16
13
23
12
15
14
18
21
6
23
31
28
28
5
5
8
17
21
18
36
31
15
-10
-6
8
0
-6
-14
-3
12
-2
-30
-66
-96
-110
-144
-122
-73
-49
-72
-189
-190
-170
-225
-208
-146
-54
29
-23
-100
-30
31
14
-83
-12
185
320
319
242
281
206
130
139
170
491
601
384
314
316
325
238
107
147
272
382
340
291
342
260
69
-170
-81
142
100
10
-115
-161
-236
-536
-638
-512
-329
-365
-478
-362
-323
-455
-732
-722
-588
-472
-357
-427
-309
-258
-502
-476
-555
-554
-119
-204
-219
-117
28
-50
-282
44
16
74
117
-60
415
265
-15
225
84
193
369
331
368
502
466
240
365
568
421
375
461
447
414
276
237
269
267
120
183
276
172
722
920
736
446
-197
-258
104
507
551
587
632
428
67
-616
-580
111
210
-225
-356
28
346
-151
-1272
-1573
-1164
-1233
-1319
-1013
-319
82
-873
-2113
-2053
-1170
-674
-773
-687
94
570
-181
-985
-584
314
499
1
320
1425
1990
1310
302
381
893
1007
798
1156
2151
2251
1016
5
158
839
957
545
691
1374
1374
511
-203
-79
419
102
-428
-93
585
427
-572
-1308
-1125
-702
-1054
-1320
-856
-287
-409
-1414
-1807
-1296
-869
-1069
-1349
-745
-222
-492
-1068
-1336
-732
-124
-394
-662
-78
664
180
-552
-296
286
479
335
384
650
1048
609
62
136
530
999
652
428
689
908
339
-119
38
374
691
414
304
493
500
174
-230
-68
243
420
206
-148
1213
1439
706
-252
-1212
-14
716
892
671
762
1041
190
-1078
-1670
-255
1174
363
-878
-743
211
351
-1181
-2379
-1562
-695
-1212
-1880
-1117
371
14
-2220
-3569
-1996
129
152
-765
-794
348
393
-1307
-1703
247
2047
1486
7
287
2078
2445
605
-350
969
2450
2262
1304
1461
2613
2147
12
-530
1053
2667
2233
324
49
1156
977
-337
-740
481
1254
290
-1114
-890
299
-168
-1583
-1863
-700
164
-615
-2034
-1916
-1037
-1304
-2049
-2014
-729
-83
-1221
-2286
-1838
-695
-530
-1261
-1168
-125
428
-329
-1100
-567
334
367
-295
-87
1029
1426
524
-280
221
956
1058
693
591
1294
1437
563
72
230
965
988
363
343
718
905
319
15
291
488
596
229
98
556
358
876
1154
987
440
-953
-519
700
1434
899
218
557
269
-631
-1683
-957
1068
854
-838
-1909
-1026
204
-790
-2799
-2884
-1159
-818
-2038
-2547
-1031
84
-1672
-4012
-3248
-151
1001
-546
-1789
-694
832
-235
-1612
-321
2292
2867
671
-498
1277
3282
2354
203
616
2872
3679
1986
912
2211
3254
1993
206
869
2936
3448
1367
-424
463
1728
1328
-111
-198
1107
941
-960
-2054
-1057
125
-609
-2192
-2275
-1092
-947
-2385
-3335
-2381
-1158
-1515
-2679
-2504
-1235
-1000
-2221
-2899
-1663
-356
-472
-1367
-1201
27
247
-603
-902
285
1438
1037
66
150
1368
1649
506
50
903
1841
1647
570
702
1619
1457
673
-9
826
1692
1258
467
33
781
909
328
-97
216
1020
494
665
1416
1697
830
-1417
-1196
808
2219
1347
-174
178
513
-225
-2097
-1902
940
1670
-479
-2510
-1607
407
-274
-3247
-4015
-1480
-15
-1559
-3311
-2388
-440
-1356
-4395
-4047
-168
1957
36
-2972
-2429
530
931
-1069
-1077
1811
3342
1328
-1143
103
3427
3512
1096
305
2507
4509
3074
611
1105
3494
3600
1590
730
2358
3764
2137
-237
192
2284
2681
741
-890
-112
1210
249
-1606
-1707
-543
-355
-1948
-3194
-2399
-1150
-1845
-3255
-3222
-1939
-1431
-2721
-3720
-2856
-1438
-1505
-2253
-2027
-1050
-499
-1335
-1860
-754
625
963
275
-115
429
1013
826
651
1281
2095
2027
1075
606
1076
1622
1400
950
1116
1603
1697
930
254
423
813
779
448
362
891
1140
328
469
1207
1530
694
-1219
-742
1421
2571
1272
-309
130
731
145
-1764
-1528
1405
2045
-458
-3015
-2336
235
97
-2919
-3945
-1678
-309
-2039
-4062
-2960
-455
-931
-4267
-4709
-1130
1322
-183
-3223
-2747
392
993
-1076
-1486
1329
3092
1230
-1453
-313
3397
4036
1488
74
2031
4351
3634
1358
1305
3307
3621
2004
1195
2716
4412
2968
146
-154
2050
3315
1958
-43
-152
929
561
-1051
-1582
-675
-164
-1378
-3081
-2816
-1465
-1581
-3193
-4035
-2968
-1743
-2145
-3475
-3513
-2406
-2116
-2743
-2975
-1838
-537
-899
-1964
-1811
-268
738
256
-266
393
1622
1580
663
735
1920
2584
1757
775
1315
2459
2341
1055
584
1592
2437
1767
576
570
1399
1385
391
2
998
3012
2680
637
-1058
-1209
813
2060
1858
1048
731
645
-371
-1493
-1724
153
2037
866
-1738
-2946
-1799
-537
-1511
-3419
-2991
-1235
-1353
-3287
-4380
-2769
-927
-1948
-4171
-3523
-582
549
-1480
-3699
-2240
730
1109
-644
-723
1516
2612
1052
-724
951
3901
3762
1459
440
2373
4202
3090
1325
1904
3911
3673
1565
648
2350
4100
2693
405
401
2032
2313
516
-665
411
1698
542
-1694
-2095
-830
-174
-1413
-2597
-1942
-1121
-2070
-3583
-3504
-1966
-1223
-2374
-3374
-2658
-1533
-1876
-2875
-2839
-1618
-707
-1317
-1771
-910
52
-83
-1007
-1016
278
1318
1083
442
592
1102
1276
1071
1195
1906
2167
1508
681
979
1798
1996
1562
964
1180
1568
1281
748
934
2571
3179
2013
-301
-1409
821
3065
3039
1127
44
766
1019
-375
-1805
-114
2448
1568
-1692
-3516
-1449
1002
-678
-4149
-4298
-1515
-387
-2689
-4723
-3369
-1114
-2157
-4917
-4045
-379
1083
-1756
-4968
-3182
814
1552
-694
-1434
837
2254
612
-1330
638
4240
4214
1226
-361
1852
4506
3619
1171
1457
3817
4290
2271
600
1821
3834
2910
463
128
1849
2606
840
-1244
-621
1207
793
-1395
-2504
-1542
-496
-1295
-2808
-2509
-1304
-1703
-3193
-3858
-2418
-763
-1176
-2579
-2704
-1647
-1318
-1839
-2040
-928
346
-110
-1199
-1156
3
744
416
-176
319
1281
1111
453
201
635
1079
908
618
1134
1521
1059
360
90
825
1363
1050
614
809
1133
1351
2257
2205
1831
250
-1028
814
3193
3679
2012
601
371
520
-301
-1002
1440
3508
1580
-2337
-4103
-1532
1334
-88
-3355
-3582
-1896
-1914
-3907
-4220
-1427
210
-2974
-6390
-4395
115
1634
-1575
-4231
-1923
880
140
-1655
-194
2827
2851
-478
-2003
1840
5340
3648
39
-275
3024
4864
2732
609
2163
4197
3013
579
673
3359
4273
1321
-1310
42
2729
2573
-303
-2015
-651
826
-377
-2351
-2163
-913
-1175
-3059
-3931
-2137
-626
-1764
-3693
-3715
-1856
-984
-2192
-3209
-2005
-355
-427
-1453
-1485
-47
835
-5
-759
379
1955
1876
366
-488
662
1899
1638
873
800
1528
1491
180
-390
734
1871
1535
144
-387
361
958
163
-767
1073
3146
2961
260
-2654
-1232
2247
3400
1723
407
1125
1426
-414
-2766
-1058
3358
3829
-234
-3809
-2772
626
532
-2818
-3735
-1372
-315
-2857
-5026
-2948
441
-470
-4677
-5177
-968
2284
574
-3080
-2562
785
1642
-278
-460
2483
4268
2033
-1127
19
3891
4994
2655
746
1825
3372
2547
968
1772
3782
3388
919
-487
1018
2763
1638
-638
-937
742
1370
-313
-1898
-1547
-560
-1235
-2884
-2903
-1397
-829
-2491
-4231
-3712
-2133
-1752
-2760
-3096
-1932
-1340
-2085
-2780
-1851
-110
117
-823
-1008
297
1384
984
267
656
1797
2156
1525
1384
2053
2236
1496
771
1297
2266
2096
836
-42
368
838
638
374
659
907
63
-1238
-1274
1529
3516
2335
-861
-3392
-1502
1906
2940
1695
664
711
-62
-2062
-3229
-328
3670
2798
-1576
-4384
-2615
509
-217
-3329
-3570
-1345
-1023
-3495
-4591
-1963
673
-1283
-5357
-4623
16
2668
749
-2316
-1333
1250
1046
-405
1034
4705
5502
2061
-1261
652
4835
5570
3437
1970
3008
3842
2007
600
2210
4519
4010
1150
-428
1081
2548
841
-1384
-1382
328
1033
-749
-2381
-2066
-1727
-3066
-4272
-3296
-1213
-964
-3525
-5602
-4722
-3023
-2769
-3246
-2852
-1548
-1720
-3663
-4110
-1872
525
697
-594
-666
996
1642
598
368
1877
3553
3339
1713
1646
3090
3368
2084
1223
2242
3822
3104
936
10
1021
1844
858
65
799
1659
1010
-1480
-1596
1964
3686
1912
-2199
-3542
-154
2580
1521
-398
262
1492
-147
-3800
-4601
33
3703
768
-3937
-4685
-1623
-235
-3481
-5751
-2997
-153
-2242
-5884
-5256
-861
825
-3456
-6413
-3025
1734
2054
-1304
-2052
1137
2610
111
-876
3123
7033
5894
1254
-44
3835
6394
4708
2805
4059
6156
4978
1523
1104
4258
5478
2838
336
1359
3907
2781
-1349
-2917
-601
1443
197
-2203
-2285
-1107
-2601
-5849
-6214
-3008
-566
-2252
-5666
-6160
-4171
-3758
-5319
-5278
-2779
-817
-2275
-4869
-4127
-1310
-343
-1605
-1922
763
3161
1936
-753
-671
2125
3985
3194
2202
3201
4194
2891
884
1320
3893
4778
2843
792
1323
2970
2117
599
483
2119
3142
857
51
2349
3795
2251
-1915
-2680
1401
4499
2670
-547
-722
158
-606
-3385
-3547
1024
2965
-1041
-5735
-5740
-2017
-838
-4062
-6439
-4198
-2503
-4928
-7072
-5280
-1110
-877
-5537
-7082
-3010
1019
255
-2449
-1552
1974
2600
-529
-858
3609
6920
5401
1865
2402
6398
7271
4125
2408
4952
7480
6166
3111
2972
5595
5308
1687
333
2849
5388
3495
-1085
-2444
-111
963
-886
-2145
-1078
-85
-2337
-6240
-6482
-3197
-1439
-3018
-5270
-5285
-3954
-4397
-6077
-5513
-2970
-1706
-2855
-4402
-3648
-1754
-1685
-2686
-2067
307
1920
1057
-609
-463
1098
1764
1411
1893
3165
3478
2227
687
1196
3060
3235
1906
1364
2232
3256
2652
990
753
2163
2638
2093
3354
4573
4734
1858
-1935
-766
3240
5440
4080
1976
1151
388
-1781
-3681
-1247
2899
2290
-2054
-5136
-3975
-1574
-3121
-6530
-6405
-3691
-3540
-6180
-6918
-4352
-2217
-5094
-8662
-6431
-1192
1099
-1485
-3643
-1769
600
-286
-1555
1362
5538
5766
2303
679
4114
7293
5826
3071
3807
6941
7418
4797
3255
5218
6538
3622
869
2114
5599
6023
1655
-1750
-966
760
105
-1496
-1003
412
-667
-4495
-6290
-4046
-1796
-2263
-4153
-4545
-3496
-3844
-5474
-5364
-3073
-1611
-2399
-3690
-3258
-1565
-1428
-2551
-2371
-602
906
752
-186
-175
444
353
-28
555
1862
2252
1239
-15
286
1388
1393
765
392
1033
1750
1516
1062
1153
1675
1333
2122
4176
5311
4803
1321
-438
1800
4357
5247
4350
3789
3313
1104
-1973
-2331
1714
4043
1342
-2613
-3757
-1268
-630
-4100
-6468
-5350
-3867
-5032
-6403
-4623
-1693
-2848
-8296
-10067
-5507
-253
537
-2275
-2997
-1137
-1082
-2684
-1652
2970
5938
3681
27
839
5333
6885
4045
1720
3373
6262
6201
4656
5004
6293
4670
535
-584
3164
6783
5518
1350
-680
-129
-381
-2078
-1863
881
1835
-1040
-4521
-4606
-2359
-2241
-3971
-3929
-1722
-876
-3185
-5309
-4209
-1898
-1967
-3311
-2422
136
706
-2073
-4317
-2569
441
1182
112
-111
1016
823
-1522
-2490
-468
1870
1617
-361
-1031
280
731
-796
-1687
-684
882
1260
541
667
1667
1506
2052
3216
4447
4233
1899
1357
3239
4758
4482
3890
4311
4209
2025
-977
-641
2633
3160
642
-1382
-859
461
-1507
-5212
-5657
-3898
-3725
-5439
-5424
-2763
-1410
-4659
-8861
-7944
-3528
-1149
-1813
-2317
-688
303
-2250
-3978
-1206
3333
4627
2007
605
2725
4989
3938
1942
2667
4699
5121
3489
3142
5412
5824
3158
396
712
3435
3902
1971
1207
1999
1870
-637
-2628
-1723
253
-160
-2360
-2399
-965
-1026
-3326
-5149
-3613
-1167
-1122
-2429
-2433
-1366
-1641
-3145
-3584
-1532
547
-47
-1266
-1201
-411
-348
-1460
-1271
662
1604
762
-510
-543
60
-487
-1661
-1238
369
1109
266
-1025
-1174
-699
-850
-968
404
1669
2777
3220
3062
3216
1581
-189
481
3120
5636
5923
4414
2739
1482
-128
-1054
711
3086
3416
1556
-951
-1499
-821
-1673
-3109
-3822
-4004
-4087
-4021
-3000
-1249
-1043
-3760
-6697
-6910
-4479
-1279
590
651
173
-1040
-2246
-2232
-787
1451
2835
2951
2461
2538
3030
2996
2175
1038
895
2216
4102
5235
5047
3391
948
-946
-1330
467
3100
4325
3453
1213
-674
-1223
-1136
-689
-113
235
-15
-1064
-1891
-1769
-1298
-1649
-2827
-3354
-2404
-882
-248
-782
-1299
-1703
-2312
-2820
-2427
-733
561
179
-1063
-1563
-907
-312
-397
-486
-5
438
147
-384
-326
-24
-309
-1183
-1411
-495
412
361
-192
-559
-147
167
304
1882
3237
3894
3001
1102
929
1839
2845
3570
3841
3578
2609
1485
520
686
1180
643
414
516
516
618
-272
-1646
-2974
-4432
-4967
-3867
-1831
-692
-827
-2069
-3559
-4324
-4610
-3704
-1337
320
459
-411
-941
-179
530
251
-333
147
1199
2064
2763
3055
3207
2289
158
-860
221
2211
3419
2978
1917
1351
798
-163
-550
208
1210
1727
1323
987
1402
1211
-178
-1562
-1873
-820
505
504
-208
-799
-1254
-1444
-1572
-1595
-1042
-413
-377
-891
-1254
-1123
-705
-774
-1630
-1887
-1266
-724
-439
-634
-423
134
-102
-797
-1242
-802
-193
-240
-655
-630
174
599
-59
-944
-1354
-913
-337
45
784
1576
1704
788
275
1085
2568
3157
2096
1129
1246
1894
2383
2343
2288
2006
1231
508
562
1495
1827
835
-575
-1324
-690
348
446
-304
-1682
-3108
-3831
-3331
-1745
14
495
-831
-2672
-3600
-3106
-1679
-601
-411
-667
-940
-907
-387
331
706
452
-434
-1052
-389
1185
2618
2892
1760
115
-893
-802
273
1721
2454
2216
1360
454
399
975
1412
1423
974
536
823
1594
2106
1901
573
-1107
-1820
-1533
-311
1016
1260
434
-1214
-2795
-2980
-1819
-508
-114
-923
-2008
-2116
-1561
-1207
-1083
-1321
-1564
-1637
-1554
-826
256
610
-29
-1039
-1512
-954
-169
263
577
687
559
322
89
236
542
393
83
362
1058
1724
1969
1719
2037
2576
2479
2061
1399
1252
1713
1957
2223
2415
2157
1330
278
-199
108
541
-15
-1000
-1230
-918
-261
-229
-1139
-2037
-3274
-4294
-4099
-2897
-1230
-369
-944
-2048
-2700
-2963
-3006
-2531
-1709
-742
51
181
374
661
245
-360
-470
315
1834
2870
3027
2831
2240
1216
370
506
1637
2758
2821
2143
1917
2112
1904
1250
725
852
1067
610
172
558
1346
1219
-197
-1592
-1975
-1640
-1402
-1360
-859
-261
-617
-1900
-2884
-2570
-1568
-1139
-1453
-1540
-1006
-798
-1342
-1913
-1828
-1171
-860
-960
-550
217
335
-457
-1189
-816
257
803
352
-67
152
430
569
536
668
860
481
113
550
2210
3986
4585
4210
2932
1800
1139
818
1799
3236
4006
3491
1802
440
-146
-305
-769
-1345
-1254
-1145
-1078
-1241
-1733
-2050
-3376
-5539
-6675
-5826
-3296
-1177
-907
-1832
-2586
-2872
-3117
-2705
-1580
-423
149
-480
-531
1046
2685
3315
2545
1351
992
1121
1694
3071
4706
5024
3329
967
-116
908
2445
2953
2658
1879
879
-131
-567
69
876
847
-91
-629
-160
188
-113
-943
-1645
-1876
-2060
-1741
-628
431
287
-976
-1840
-1556
-744
-501
-726
-525
-254
-534
-1071
-985
-287
-286
-1499
-2653
-2123
-718
-30
-294
-739
-574
-811
-1929
-2311
-1195
315
648
-359
-1008
-206
545
387
1182
2845
4726
5069
2901
1477
1783
2442
3102
3298
3484
3657
2841
1188
433
606
-92
-1077
-1878
-1679
-105
245
-1046
-2687
-4910
-6627
-6991
-5985
-3647
-1623
-1568
-2444
-2579
-2085
-1308
-853
-993
-785
-293
-21
1259
3190
4418
4548
3306
2067
2142
2456
2556
2925
3338
3481
2905
1782
1148
1415
1316
346
-407
-750
-722
-702
-1334
-1427
-1019
-1165
-1588
-1898
-1614
-1036
-978
-1432
-1530
-931
-527
-338
-141
125
560
351
-185
-12
692
1397
1524
1115
720
589
382
88
24
3
-298
-915
-1503
-1739
-1440
-1210
-1455
-1547
-1591
-1639
-1577
-1748
-1762
-1515
-1215
-1152
-432
981
2239
3511
3124
1832
1216
665
1209
2358
3095
3607
3185
2153
1199
955
614
-295
-974
-1606
-1235
-157
98
-39
-1248
-3669
-5842
-6735
-5472
-2846
-759
-523
-1357
-1951
-1996
-1174
-243
68
309
121
456
2245
4352
5927
5883
4237
2645
1911
2228
3080
3722
3635
2635
1780
1504
1963
2476
1463
-497
-2444
-3625
-3213
-2210
-1463
-1586
-2732
-3916
-4163
-3219
-2191
-1870
-2328
-3144
-3151
-2269
-804
999
1944
1718
795
-145
-265
396
1223
1902
2353
2452
2124
1731
1384
1053
882
318
-289
-556
-648
-303
63
-68
-758
-1679
-2263
-2080
-1434
-1242
-1185
-1210
-1011
330
1493
2849
3362
1908
456
-470
55
1822
2538
2246
1523
1050
826
485
62
-1078
-1896
-2394
-2323
-588
749
524
-1124
-4074
-6018
-6450
-5832
-4278
-2352
-702
93
399
339
348
426
-364
-755
-16
1437
3597
5142
5814
5926
4991
3519
2695
3051
3965
4367
3750
2627
2258
2327
2215
2198
1740
683
-855
-2799
-3764
-3434
-2938
-2850
-3135
-3256
-3121
-3073
-3428
-3801
-3820
-3858
-3600
-2586
-1137
196
563
144
49
355
667
741
715
1025
1342
1483
1691
2029
2482
2220
1234
382
-90
-152
-102
-172
-111
-71
-493
-1095
-1522
-1513
-1390
-1436
-1250
-976
-101
1414
2333
3369
3238
1908
1224
793
1318
2185
1998
1259
424
193
157
149
-483
-2186
-2913
-2938
-2086
-500
-307
-1289
-3161
-5672
-7135
-6927
-5339
-3528
-2077
-1424
-975
95
548
735
1057
903
1266
1921
2761
4509
5834
5969
5488
5062
5170
5618
5592
4820
4169
3394
2165
1599
1393
1589
1880
819
-329
-760
-1215
-1742
-2984
-4545
-5388
-5556
-5297
-4511
-3117
-2228
-2118
-2548
-3113
-2448
-1402
-968
-715
-743
-387
336
879
1351
1733
1724
1109
550
327
569
1206
1129
658
247
-197
-100
301
367
141
-602
-1705
-2292
-2201
-1649
-1043
-704
-709
-793
462
2359
4037
5086
3524
1719
1015
909
2108
2923
2949
2726
1987
1019
-119
-749
-1927
-3314
-3759
-3760
-2303
-851
-1089
-2216
-4106
-6090
-7345
-7574
-6574
-4884
-3114
-2331
-1508
5
1269
2187
2097
1388
1506
2123
3098
4549
5841
6720
6993
6848
6657
6676
6251
5042
3897
3034
2476
2183
1497
1107
1120
836
385
-624
-1958
-3186
-4503
-5442
-5607
-5240
-4824
-4425
-3876
-3084
-1902
-1287
-1430
-1499
-1519
-1254
-751
-376
171
913
1416
1655
2016
2252
2084
1395
147
-899
-1131
-1013
-684
-525
-514
-496
-602
-588
-905
-1207
-1606
-2224
-2359
-2563
-2242
-1724
-663
2053
4101
6114
6085
3840
2856
1901
1911
2344
1707
1656
2102
2930
2688
1469
-369
-3199
-4282
-4583
-4086
-2288
-1952
-2610
-3637
-5066
-5795
-6222
-6421
-6280
-5341
-4063
-2831
-1007
476
1638
2314
1977
2131
2899
3716
4562
4868
5115
5773
6737
7600
8118
7986
6652
4852
3187
1898
1663
1388
780
617
421
551
416
-877
-2445
-4013
-5303
-5886
-5910
-5302
-4254
-3369
-3186
-2944
-2153
-1095
-74
29
-421
-496
-239
320
821
1012
1065
1018
1102
1435
1672
1154
163
-735
-1111
-1036
-1509
-2243
-2429
-1876
-865
-375
-703
-1246
-1534
-1724
-1366
-886
-749
469
1145
2486
4657
5064
5739
5461
4161
3292
1839
744
430
923
726
-253
-872
-2297
-2460
-2232
-3176
-3344
-3701
-4518
-4924
-5725
-6748
-6949
-6526
-5911
-4397
-2657
-1428
153
906
942
1191
1191
1874
3506
4813
5536
5650
5239
5319
6309
7294
7845
7735
6475
5022
3921
2792
1919
1035
-89
-693
-664
-354
-142
-410
-1468
-2862
-4113
-5112
-5344
-4972
-4166
-3278
-2715
-2075
-1267
-176
1011
1485
1152
419
-93
-22
516
994
866
585
324
136
346
251
-196
-974
-1997
-2619
-2919
-2919
-2986
-3206
-3113
-2723
-2092
-1218
-583
-304
-25
-351
509
2409
3601
5318
5085
4462
5248
5211
5213
4520
3213
2093
1384
892
-659
-1471
-2819
-4467
-4163
-4162
-3672
-2780
-3322
-4204
-5242
-6787
-8036
-8128
-7464
-6513
-4894
-3543
-1498
1254
2968
4122
4149
3385
3192
2967
3130
3823
4566
5407
6360
7447
8281
8583
7662
5953
4151
2143
762
-24
-420
-271
-431
-693
-945
-1187
-1336
-2048
-2956
-3588
-3916
-4100
-4179
-3833
-3230
-2289
-1120
-1
1291
2177
2379
2111
1743
1750
1672
1166
387
-117
-102
-130
-329
-607
-982
-1216
-1281
-1503
-1870
-2590
-3424
-4172
-4271
-3587
-3063
-2324
-1716
-915
157
440
2177
3516
4451
5509
4246
4355
4928
4804
4705
3540
2928
2601
2458
1112
-1219
-2244
-4194
-5178
-5052
-5373
-4581
-4177
-4579
-5038
-5505
-5967
-6549
-6766
-6690
-6061
-4946
-3688
-1221
1129
2948
4283
4407
4841
5208
4928
4741
4374
4404
4949
5517
5968
6439
6825
6315
5633
4756
3372
2191
758
-692
-1471
-1994
-2160
-2163
-2194
-1917
-1611
-1636
-1890
-2204
-2512
-2543
-2280
-2059
-1658
-1062
-434
490
1458
2126
2365
1993
1364
1151
1058
648
-4
-927
-1695
-1968
-2095
-2289
-2217
-2097
-2172
-2476
-2889
-2848
-2500
-2415
-2490
-2479
-2159
-1395
-649
-123
1837
3959
5702
7125
6280
6200
6323
5435
4402
2849
2057
1560
1438
661
-1297
-2235
-3885
-5139
-5218
-5257
-4617
-4659
-5638
-6891
-7553
-7612
-7385
-6612
-6015
-5370
-4243
-3030
-930
1161
2768
3972
4382
4874
5242
5010
4594
4448
4644
4924
5498
6070
6536
7022
6474
5007
3376
1827
858
350
-278
-888
-1142
-1213
-1079
-846
-1274
-1837
-2095
-2261
-1835
-1470
-1309
-992
-785
-459
31
601
1215
1715
1570
968
563
399
602
651
22
-810
-1393
-1892
-1967
-2185
-2886
-3163
-3337
-3239
-2913
-2792
-2889
-3065
-2973
-3024
-2318
-1390
-417
706
1795
3572
4405
5642
6053
5781
6624
6088
5399
4567
3879
3581
2448
1178
-1108
-2485
-3180
-4382
-4661
-4890
-4671
-4436
-4733
-5371
-6143
-6415
-7089
-7614
-7548
-7482
-6377
-4816
-2505
335
1938
3121
3932
4867
5859
5647
4673
3379
3148
3504
3792
4610
5075
5745
6109
5605
5284
4656
3522
1881
176
-1087
-1895
-2100
-2264
-1976
-1046
-356
105
196
293
185
-574
-1222
-1656
-1439
-753
-232
345
1064
1826
2134
1794
1255
626
43
-845
-1957
-2486
-2896
-3063
-3042
-3022
-2698
-2448
-2373
-2656
-3039
-3307
-3619
-3744
-3794
-2927
-1513
-70
917
2461
4342
5037
6241
5839
5548
6602
6412
5865
4571
3735
3356
2511
1332
-650
-1071
-1560
-2816
-3722
-5129
-5311
-4772
-4789
-5031
-5232
-5264
-5605
-6159
-6664
-6785
-6271
-5604
-3891
-1758
-203
1467
2788
3951
5170
5317
4440
3485
2771
2185
1881
1836
2330
3478
4191
4679
5269
5366
4905
3554
1734
267
-732
-1262
-1563
-1599
-1177
-435
270
944
1696
1947
1816
1542
1119
702
221
-216
-399
-308
-35
335
650
907
784
456
46
-527
-1089
-2289
-3803
-4706
-5064
-4839
-4475
-4101
-3694
-3207
-2745
-2576
-2473
-2404
-2388
-2343
-2477
-1755
741
2574
4784
6075
5836
6789
6705
6186
5532
4199
3382
2299
1452
372
-9
5
-796
-1026
-1842
-2235
-2093
-2554
-3023
-3825
-4609
-5077
-5341
-5021
-4590
-4105
-3884
-3441
-2293
-1340
-20
1057
1583
2218
2182
2041
1912
1751
1752
1313
1157
1193
1369
1498
1421
1877
2240
2600
2690
2194
1931
1479
886
389
-118
-32
282
275
180
448
1048
1861
2725
3089
3123
3046
2486
1559
404
-717
-1179
-1384
-1451
-1341
-1129
-586
16
523
219
-791
-1910
-3128
-3746
-3966
-4095
-4265
-4328
-3836
-3104
-2128
-1408
-1012
-639
-365
-246
776
1822
2215
3141
2941
3089
3975
3720
3550
3129
2737
2417
1539
476
-626
-905
-1580
-2257
-2516
-2911
-2376
-1795
-1647
-1418
-1553
-2010
-2788
-3430
-3494
-2904
-1864
-1173
-606
-244
313
1692
2813
3234
2841
1713
876
474
231
10
-56
70
263
287
17
236
639
621
437
-327
-625
-132
340
1014
1191
1079
1185
1250
1479
1838
2214
2381
2612
2754
2787
3057
3091
2995
2555
1594
623
-288
-940
-1511
-2146
-2596
-2746
-2402
-2124
-2138
-2146
-2230
-2266
-2420
-2839
-3357
-3699
-3737
-3604
-3237
-2625
-1683
-781
216
1260
2399
3932
4235
4272
4009
3275
3540
3029
2243
1909
1566
1514
890
92
-843
-1396
-1992
-3083
-3484
-3717
-3271
-2562
-2437
-2232
-2119
-2053
-2165
-2278
-2062
-1679
-857
-143
482
1019
1353
2245
3230
3849
3949
3148
2245
1422
751
254
-234
-356
-610
-966
-1279
-1244
-624
-361
-184
-365
-800
-717
-968
-979
-824
-703
30
550
1140
1929
2615
3157
3408
3633
3489
3473
3404
2890
2634
2010
1399
966
89
-424
-838
-1367
-1789
-2232
-2557
-2909
-2963
-2913
-3056
-3157
-3430
-3545
-3516
-3399
-3019
-2758
-2386
-1840
-1259
-396
640
2146
3823
4525
4872
4836
4572
4806
4479
3490
2199
1052
268
-678
-1397
-2028
-2195
-2265
-3023
-3418
-3671
-3644
-3162
-3226
-3427
-3274
-3029
-2649
-2287
-1913
-1227
-426
351
1217
1908
2475
3075
3630
4029
4234
4307
4014
3278
2407
1485
720
127
-609
-1256
-1716
-1835
-1491
-1343
-1278
-1097
-1073
-974
-877
-709
-709
-825
-711
-598
-114
524
1240
2115
2708
3257
3559
3914
4436
4570
4149
3000
1901
1084
257
-518
-1343
-1909
-2205
-2356
-2578
-2962
-3071
-3123
-3295
-3591
-4023
-4109
-4196
-4222
-3787
-3376
-2542
-1737
-993
160
1081
2679
4056
4692
5379
5350
5569
5522
4861
4161
2870
1903
751
-584
-1565
-2410
-2678
-3247
-3926
-4159
-4128
-3777
-3574
-3410
-3348
-3207
-2977
-2888
-2431
-1979
-1385
-587
51
1149
2226
3164
4256
5018
5423
5298
4940
4447
3725
2918
1737
648
-318
-1142
-1508
-1682
-1579
-1557
-1772
-1979
-2005
-1895
-1958
-1844
-1686
-1401
-997
-871
-449
23
438
910
1181
1687
2377
3166
3964
4713
5258
5188
4652
3645
2637
1736
540
-686
-1981
-2917
-3244
-3323
-3207
-3105
-3094
-3135
-3252
-3392
-3405
-3577
-4046
-4335
-4365
-3905
-2977
-1983
-761
1069
3131
4792
5929
6234
6266
6155
5228
4204
3110
1893
723
-723
-1847
-2419
-2691
-3197
-3856
-3991
-3876
-3619
-3588
-3799
-3631
-3596
-3812
-3747
-3267
-2377
-1471
-814
48
1468
2861
3810
4610
5333
6047
6441
6080
5542
5037
4247
3317
2279
1177
171
-848
-1820
-2237
-2280
-2529
-2852
-3145
-3044
-2420
-2091
-1965
-1789
-1755
-1551
-1412
-1331
-926
-536
-155
403
1223
2432
3681
4631
5332
5803
5839
5376
4571
3592
2474
1105
-512
-1924
-2831
-3480
-3860
-4134
-4266
-3986
-3792
-3549
-3058
-2760
-2655
-2891
-3453
-3721
-3603
-3217
-2152
-595
1174
3135
4695
5996
7066
7379
7056
6201
4866
3029
787
-1462
-3218
-4264
-4962
-5269
-5137
-4654
-3870
-3150
-2617
-2394
-2622
-3325
-4125
-4385
-4103
-3618
-3240
-2630
-1335
569
2798
4744
6289
7404
7899
7923
7482
6847
6078
4867
3352
1977
1102
580
141
-397
-975
-1301
-1579
-1978
-2448
-2867
-3072
-3189
-3380
-3432
-3050
-2505
-1958
-1572
-1442
-1070
-604
-82
664
1389
2300
3262
4142
4976
5570
5740
5320
4569
3454
2065
622
-969
-2197
-3133
-3938
-4276
-4380
-4035
-3381
-2988
-2720
-2551
-2407
-2393
-2602
-2803
-2702
-2075
-1274
-368
665
1872
3401
4676
5588
6214
6401
6076
4909
3143
1179
-773
-2599
-4310
-5564
-6176
-6173
-5771
-5092
-4035
-2948
-2267
-2225
-2556
-2725
-2808
-3069
-3424
-3538
-3087
-1950
-422
1296
3271
5200
6829
8012
8576
8671
8300
7326
5929
4291
2512
1005
-46
-833
-1332
-1675
-1812
-1495
-1065
-804
-748
-965
-1357
-1871
-2558
-3175
-3413
-3426
-3259
-2759
-1965
-785
535
1600
2482
3171
3660
4044
4288
4329
4091
3491
2627
1866
1263
571
-304
-1413
-2531
-3397
-3960
-4123
-3894
-3535
-3242
-2940
-2658
-2317
-1952
-1798
-1504
-1041
-581
-11
524
1200
2001
2647
3268
3992
4643
4827
4380
3312
2001
724
-822
-2325
-3576
-4526
-4916
-5050
-4870
-4353
-3850
-3412
-3032
-2667
-2371
-2265
-2402
-2606
-2639
-2502
-2048
-1174
35
1438
2802
4091
5432
6632
7313
7339
6824
6082
5249
4239
3034
1696
468
-538
-1201
-1472
-1541
-1421
-1250
-1057
-782
-662
-733
-947
-1303
-1767
-2320
-2818
-3005
-2696
-2050
-1275
-316
878
2293
3662
4548
4908
4888
4551
3925
2964
1766
583
-468
-1396
-2162
-2664
-2828
-2718
-2533
-2411
-2298
-2184
-2154
-2199
-2276
-2157
-1754
-1315
-920
-528
-30
648
1322
1861
2323
2665
2681
2419
2099
1806
1449
653
-598
-1723
-2448
-2885
-3151
-3340
-3308
-3039
-2942
-3040
-3035
-2906
-2684
-2514
-2458
-2213
-1810
-1502
-1154
-683
-118
561
1209
1948
3008
4057
4811
5328
5634
5796
5656
4930
3879
2869
1878
888
-77
-903
-1261
-1204
-1012
-733
-474
-318
-254
-390
-743
-1181
-1687
-2169
-2390
-2314
-1916
-1224
-443
405
1305
2136
2896
3503
3791
3779
3463
2870
2214
1530
763
-69
-1046
-2009
-2657
-2962
-2977
-2779
-2525
-2216
-1840
-1525
-1165
-693
-295
-26
61
18
57
161
265
498
814
977
940
756
580
482
170
-451
-1049
-1422
-1695
-2015
-2404
-2639
-2569
-2492
-2537
-2503
-2312
-2050
-1868
-1789
-1626
-1305
-1016
-775
-419
-12
345
613
889
1412
2045
2487
2797
3159
3578
3914
3973
3782
3522
3070
2324
1542
985
692
408
-84
-553
-676
-549
-465
-546
-680
-701
-726
-925
-1165
-1277
-1225
-1092
-932
-572
57
772
1399
1877
2227
2462
2515
2405
2234
1934
1382
594
-266
-934
-1350
-1655
-1879
-1980
-1938
-1764
-1502
-1180
-768
-365
-122
5
129
303
503
599
554
494
409
187
-129
-472
-797
-1087
-1427
-1751
-1817
-1679
-1552
-1519
-1623
-1749
-1846
-2016
-2146
-2087
-1927
-1792
-1685
-1497
-1114
-676
-422
-294
-89
240
617
923
1187
1511
1829
2031
2141
2226
2299
2307
2218
2098
2009
1914
1769
1598
1441
1285
1068
756
421
143
-84
-288
-472
-607
-666
-666
-647
-582
-421
-152
167
452
663
818
944
1046
1134
1221
1268
1217
1035
778
533
322
118
-125
-395
-639
-857
-1040
-1154
-1182
-1179
-1211
-1266
-1217
-964
-609
-284
-48
146
359
536
654
749
798
668
252
-365
-952
-1372
-1691
-1980
-2191
-2238
-2110
-1877
-1584
-1253
-974
-848
-878
-941
-972
-1021
-1100
-1155
-1122
-1041
-938
-712
-287
235
618
811
1000
1330
1738
2028
2140
2149
2097
1982
1834
1736
1694
1598
1346
979
644
407
267
182
98
-30
-251
-506
-677
-700
-636
-577
-500
-322
10
428
820
1162
1432
1600
1611
1442
1175
891
647
429
201
-14
-163
-174
-78
-9
-57
-193
-264
-217
-153
-198
-379
-560
-633
-586
-504
-475
-454
-392
-209
85
393
644
732
664
455
137
-276
-851
-1563
-2333
-2952
-3286
-3370
-3264
-3015
-2581
-2001
-1450
-1045
-790
-600
-463
-431
-460
-440
-316
-164
-85
-19
153
440
759
1058
1370
1713
2017
2235
2378
2503
2594
2561
2384
2085
1700
1226
689
182
-229
-535
-776
-933
-928
-770
-508
-218
65
333
529
623
659
702
758
752
663
579
611
766
928
1008
1006
950
813
565
248
-43
-275
-504
-766
-989
-1097
-1075
-973
-830
-644
-460
-355
-350
-370
-302
-132
51
187
264
323
366
372
381
435
512
472
216
-194
-650
-1095
-1591
-2136
-2603
-2906
-3031
-3019
-2870
-2586
-2257
-1951
-1646
-1225
-688
-206
75
149
157
204
290
418
593
789
928
978
1048
1254
1589
1905
2080
2140
2142
2073
1896
1644
1400
1176
901
575
330
256
291
325
345
425
580
704
714
662
628
599
501
320
136
28
-2
25
109
245
372
446
502
600
705
662
392
-29
-476
-902
-1324
-1701
-1930
-1977
-1898
-1719
-1378
-823
-164
369
620
633
522
359
145
-109
-377
-643
-878
-1019
-976
-742
-458
-283
-258
-300
-332
-382
-500
-693
-898
-1069
-1212
-1308
-1307
-1186
-1000
-818
-670
-517
-307
-47
222
452
619
724
764
746
669
518
293
36
-195
-351
-429
-425
-329
-127
188
584
1031
1498
1910
2173
2243
2162
2015
1838
1607
1323
1069
924
876
835
759
711
766
888
988
1010
956
851
678
419
110
-204
-511
-809
-1073
-1270
-1381
-1408
-1371
-1276
-1163
-1082
-1042
-1014
-971
-944
-967
-990
-925
-730
-469
-235
-62
61
131
112
-5
-178
-366
-558
-729
-837
-821
-710
-563
-405
-198
86
370
527
494
313
76
-183
-457
-724
-932
-1038
-1051
-969
-776
-474
-121
169
341
397
371
281
123
-80
-286
-443
-514
-472
-308
-56
242
542
817
1049
1208
1286
1297
1262
1182
1060
930
843
826
868
959
1107
1292
1444
1505
1483
1447
1400
1284
1058
771
511
301
103
-96
-261
-365
-431
-508
-587
-627
-638
-668
-745
-829
-858
-825
-771
-752
-778
-840
-927
-1003
-1037
-1023
-1007
-1044
-1127
-1179
-1102
-869
-538
-210
37
189
273
323
332
268
106
-139
-405
-622
-739
-728
-615
-441
-254
-88
66
199
264
206
14
-235
-441
-551
-587
-590
-565
-476
-300
-57
204
436
618
741
794
781
715
626
534
446
371
327
354
453
592
725
828
922
1004
1037
992
873
740
643
565
474
371
313
338
419
486
496
462
408
349
280
211
157
97
-10
-156
-277
-312
-270
-227
-252
-336
-422
-474
-514
-586
-710
-868
-1011
-1090
-1068
-946
-755
-536
-326
-139
13
113
142
85
-56
-256
-457
-597
-636
-590
-513
-428
-324
-164
38
194
231
142
-5
-138
-230
-298
-358
-402
-417
-399
-350
-281
-213
-179
-197
-242
-266
-235
-151
-46
63
176
307
463
621
742
786
749
657
532
405
297
238
274
394
551
690
802
924
1065
1170
1168
1034
811
556
304
70
-136
-299
-411
-453
-409
-282
-95
87
205
244
224
158
50
-98
-269
-432
-559
-640
-667
-641
-586
-524
-467
-406
-329
-245
-182
-145
-115
-68
6
70
94
88
79
85
102
113
114
109
87
45
-13
-79
-144
-209
-276
-314
-315
-293
-266
-250
-222
-190
-192
-275
-435
-610
-735
-791
-790
-746
-653
-504
-315
-110
89
267
385
399
318
190
89
57
77
130
205
317
477
655
805
900
935
918
844
721
589
501
478
481
472
444
426
427
410
333
196
45
-86
-197
-291
-356
-370
-325
-244
-157
-71
-10
10
-15
-78
-159
-247
-349
-461
-553
-608
-602
-551
-481
-402
-309
-195
-59
55
115
117
96
100
135
186
229
252
264
279
300
303
260
163
33
-86
-169
-218
-256
-297
-342
-376
-393
-403
-407
-402
-385
-357
-331
-314
-294
-276
-257
-236
-210
-175
-143
-117
-80
-4
117
251
347
381
383
389
403
401
377
334
296
272
268
294
353
440
531
606
650
664
654
623
567
473
334
167
-3
-134
-216
-257
-286
-322
-367
-404
-418
-415
-416
-429
-461
-490
-485
-432
-344
-256
-200
-191
-218
-270
-324
-372
-400
-408
-387
-325
-210
-33
181
392
555
649
682
671
637
570
464
331
190
67
-26
-88
-124
-147
-170
-195
-224
-249
-266
-277
-281
-283
-283
-277
-259
-215
-149
-69
6
55
78
92
111
142
172
182
175
152
120
96
80
68
51
22
-13
-46
-64
-57
-26
29
99
176
257
342
437
531
617
686
725
732
700
624
503
347
159
-48
-259
-453
-592
-664
-669
-627
-562
-499
-457
-438
-437
-466
-520
-596
-682
-757
-796
-784
-715
-594
-443
-293
-162
-47
58
155
234
296
345
395
448
500
550
598
636
646
618
561
488
401
292
165
35
-67
-126
-150
-157
-159
-166
-178
-188
-188
-167
-129
-91
-60
-16
68
198
358
510
610
640
594
483
338
185
35
-108
-234
-331
-383
-376
-317
-233
-149
-93
-77
-87
-99
-96
-74
-41
0
47
95
145
198
253
294
303
269
208
145
93
51
18
-15
-45
-75
-112
-154
-199
-243
-295
-360
-436
-518
-590
-641
-664
-668
-659
-640
-611
-560
-486
-384
-260
-126
6
119
219
316
410
488
529
537
510
472
435
396
362
321
271
214
163
131
112
83
34
-36
-111
-175
-222
-248
-265
-267
-252
-206
-114
20
170
302
396
461
510
548
567
555
496
393
266
134
25
-63
-136
-204
-270
-313
-306
-239
-124
-3
86
135
150
159
164
151
112
40
-46
-124
-165
-160
-107
-25
56
117
152
169
170
161
125
54
-52
-178
-296
-378
-418
-431
-435
-451
-482
-520
-553
-566
-556
-527
-496
-458
-400
-302
-166
-4
153
275
352
390
411
427
434
427
399
351
299
254
220
190
151
88
0
-99
-190
-251
-283
-294
-301
-308
-311
-296
-257
-192
-119
-47
23
97
183
284
395
501
583
626
626
591
530
451
357
247
131
21
-68
-119
-129
-108
-72
-30
22
82
148
200
222
205
149
74
-4
-66
-114
-151
-180
-197
-191
-151
-83
-3
67
112
132
140
137
125
96
36
-57
-178
-306
-413
-491
-542
-578
-603
-610
-585
-527
-448
-363
-292
-239
-201
-167
-125
-69
-8
54
111
171
232
288
333
356
353
327
282
219
147
75
10
-41
-81
-118
-148
-163
-158
-142
-134
-142
-163
-182
-187
-177
-145
-93
-18
81
198
319
435
529
579
569
505
409
317
252
216
192
168
159
182
235
289
308
277
210
137
79
38
9
-7
-14
-8
3
4
-21
-72
-139
-212
-281
-337
-366
-361
-327
-263
-172
-54
69
152
164
109
18
-78
-178
-301
-451
-599
-700
-725
-682
-608
-528
-442
-335
-210
-91
-2
45
71
101
147
197
247
292
335
376
413
444
465
474
462
426
381
340
304
264
204
126
40
-44
-125
-204
-274
-333
-372
-388
-383
-357
-316
-265
-208
-148
-84
-19
40
94
137
174
203
227
240
234
212
181
154
143
150
160
173
191
225
268
300
301
264
202
127
52
-19
-89
-149
-190
-210
-207
-186
-159
-132
-113
-102
-102
-112
-123
-128
-122
-109
-88
-59
-23
13
34
24
-26
-112
-219
-334
-445
-538
-593
-595
-535
-416
-261
-96
62
196
303
366
381
351
296
237
192
171
174
200
248
309
371
423
456
460
437
383
304
208
102
-7
-112
-210
-304
-385
-445
-477
-485
-479
-459
-420
-356
-268
-172
-81
-1
68
131
187
224
240
232
207
177
146
119
100
94
106
132
170
207
234
243
227
187
124
44
-44
-129
-201
-249
-267
-253
-216
-159
-92
-16
50
98
125
131
120
93
52
-1
-59
-109
-148
-175
-194
-205
-209
-205
-197
-192
-201
-217
-234
-245
-252
-252
-240
-213
-162
-85
7
101
186
264
328
374
387
370
332
287
254
238
240
259
293
342
395
422
409
354
258
136
-12
-177
-338
-467
-550
-578
-560
-503
-414
-299
-175
-66
17
66
86
83
62
28
-15
-49
-67
-65
-40
0
48
96
138
173
193
192
170
133
88
45
6
-22
-44
-60
-69
-69
-68
-68
-70
-73
-73
-65
-51
-26
9
48
86
116
131
130
109
70
20
-30
-72
-108
-123
-119
-96
-62
-34
-17
-20
-35
-60
-100
-148
-191
-219
-227
-210
-173
-114
-40
37
107
169
212
232
231
210
177
140
109
92
92
106
141
180
223
253
256
227
165
77
-30
-147
-258
-344
-394
-400
-362
-287
-186
-72
36
124
181
199
180
131
61
-12
-72
-109
-113
-85
-27
49
130
199
248
264
245
197
127
45
-39
-110
-167
-202
-218
-219
-208
-191
-172
-155
-142
-129
-117
-96
-68
-31
14
60
106
146
175
189
188
169
134
86
33
-20
-63
-92
-101
-94
-67
-29
10
45
66
68
50
12
-39
-96
-152
-196
-218
-215
-186
-133
-60
20
101
174
224
253
259
241
209
169
127
89
60
36
21
6
-9
-33
-62
-94
-133
-167
-188
-188
-163
-116
-53
21
95
158
193
194
164
110
41
-33
-99
-137
-143
-119
-65
4
80
150
200
220
206
158
85
-4
-99
-186
-253
-291
-296
-275
-234
-178
-116
-56
-7
25
38
42
41
34
30
34
49
74
102
127
149
166
174
168
146
114
78
44
14
-14
-36
-50
-60
-69
-86
-105
-132
-164
-196
-223
-237
-235
-214
-171
-115
-45
35
113
181
229
254
253
228
180
116
43
-24
-79
-115
-128
-114
-76
-21
43
103
155
189
203
195
168
134
92
50
13
-20
-40
-53
-59
-61
-63
-64
-66
-69
-71
-66
-56
-43
-26
-5
15
26
26
16
-6
-35
-72
-103
-127
-139
-137
-122
-93
-59
-23
9
30
38
33
17
-6
-28
-45
-50
-47
-28
2
40
86
130
163
182
193
191
175
149
113
73
32
-10
-45
-70
-87
-97
-98
-95
-89
-85
-87
-93
-106
-120
-129
-137
-136
-123
-101
-64
-24
16
50
75
83
78
69
47
25
4
-8
-10
-1
23
57
93
132
170
197
217
218
201
176
134
83
25
-35
-89
-134
-166
-184
-181
-167
-144
-116
-88
-58
-31
-13
0
9
16
19
21
23
21
20
17
17
18
16
16
18
19
21
22
23
17
9
0
-10
-18
-26
-31
-31
-29
-26
-23
-17
