-2
-1
-3
-6
-2
1
1
-1
-3
-2
-1
-3
-3
-4
-2
0
2
5
4
2
3
7
7
3
0
1
2
0
-1
2
3
6
4
5
6
6
6
2
3
3
1
1
-2
1
2
0
0
-2
2
5
4
5
2
0
-1
-2
2
5
3
0
0
2
2
0
1
1
3
1
-4
-2
2
0
0
0
0
2
-1
-3
-3
-3
-2
0
-1
-1
0
-2
-3
-4
-2
0
0
0
0
0
-1
-2
-2
-1
0
0
0
-4
-5
-5
-3
0
1
0
-1
-3
-3
0
0
1
0
0
1
0
2
1
-1
2
1
1
4
-1
-1
4
2
1
4
2
4
6
3
3
5
4
5
7
6
5
4
3
3
2
4
1
1
1
3
3
3
3
2
1
0
-1
-3
-4
-3
-3
0
-1
-2
-3
-3
-3
-2
-1
-1
-1
0
-2
-5
-5
-2
0
-1
-3
-4
0
0
-2
-5
-4
-3
-4
-4
-2
-2
-1
-2
-4
-2
2
-1
-3
3
3
-1
3
4
0
2
1
-1
3
0
2
7
3
4
6
4
5
4
3
4
3
3
2
2
4
3
2
2
0
0
0
0
2
2
0
0
0
0
-1
-3
-3
-2
1
1
1
0
-1
0
-1
-2
-2
-3
-6
-1
-3
-5
1
-2
-2
1
-2
-3
-1
-3
-2
-1
0
0
0
2
2
-3
-1
1
3
1
-2
0
2
3
1
0
4
4
5
1
0
1
1
3
3
4
3
1
0
0
1
2
3
2
1
0
0
0
-2
1
-1
0
2
-2
4
2
2
4
2
4
0
1
1
-1
1
2
3
0
1
1
-1
-1
1
1
0
1
2
1
-1
-2
-1
1
-1
-2
-1
1
0
-3
-2
-1
1
2
3
2
-1
-3
-4
-3
0
0
-2
-1
1
0
-2
-2
2
3
2
0
0
3
1
1
2
1
2
3
2
-1
-3
0
2
2
0
1
3
2
0
-1
3
6
6
4
3
4
4
4
5
6
7
4
3
3
2
1
1
1
2
3
1
2
4
5
1
2
3
0
-3
1
-2
-6
-5
-2
-3
-5
-1
-4
-6
-6
-3
-5
-6
-5
-4
-3
-1
-3
0
-1
-3
-3
-5
-3
-4
-4
-2
-2
0
0
1
3
0
1
0
0
1
1
1
0
0
3
5
4
4
2
1
1
3
5
4
4
2
1
2
2
2
1
1
-1
-1
-1
0
0
1
0
0
0
0
0
1
1
2
2
3
3
3
1
1
0
0
1
2
-1
-3
-3
-3
-1
-1
-1
-2
-1
-1
0
-1
-2
-3
-3
-3
-1
-1
-2
-3
-2
-3
-2
1
1
1
0
0
-3
-2
-2
0
0
-2
-2
-4
-4
-3
-2
-1
0
2
1
1
1
0
0
0
-1
-2
-1
-2
0
0
1
2
1
2
2
2
0
0
3
6
6
5
4
5
5
4
4
4
6
5
3
2
2
-1
-1
0
2
2
3
0
-1
0
1
-2
2
0
-1
-2
4
3
-1
0
1
-4
-2
-1
-3
-5
-2
-1
-2
-1
1
0
-1
-1
-1
-3
-1
-1
1
1
-1
-2
-1
0
0
-1
0
0
-2
-2
-2
3
2
0
-2
0
0
0
1
5
7
6
4
2
1
0
0
1
1
0
1
1
0
-1
0
3
2
1
-1
-2
0
1
1
1
1
0
-1
-1
-2
-3
-4
-2
-1
0
1
0
0
-1
1
1
2
2
0
-1
-2
-1
0
2
2
1
0
1
-1
0
1
0
1
0
-1
0
-1
-2
-2
-1
0
-1
0
-1
0
0
1
1
1
2
1
2
-1
-2
-1
0
2
3
3
1
-1
1
2
2
2
0
-1
0
0
2
-1
1
4
5
4
3
1
3
5
5
5
3
1
2
-1
-1
4
4
2
4
4
3
5
6
5
5
5
3
1
1
0
0
0
0
1
0
-1
-3
-4
-6
-3
-1
-3
-3
-3
-6
-7
-6
-6
-5
-5
-3
-2
-1
-1
-4
-4
2
0
-2
0
0
-1
3
-2
0
4
1
0
4
3
3
2
1
1
1
1
1
-1
0
1
4
4
2
3
0
1
-3
-4
0
-1
1
-2
-1
1
2
3
2
1
0
0
0
0
0
0
1
1
1
1
1
-1
-3
1
3
4
2
0
0
2
0
-1
-3
-1
0
-2
-3
-3
-1
0
0
-1
-2
0
0
1
0
-1
1
2
1
-1
0
1
1
0
-1
0
0
-1
0
0
0
0
0
0
0
0
1
1
0
4
-1
1
2
-4
0
-1
-1
3
-1
3
0
2
1
3
4
2
4
4
3
4
1
-1
-1
0
0
4
6
4
0
3
4
0
2
5
4
-1
0
3
2
-2
1
3
0
-1
1
1
0
-1
-1
-1
-2
-3
-4
-4
-5
-5
-4
-1
-1
-2
-4
-4
0
0
-1
-2
-1
-2
-1
-2
-1
-1
0
1
2
1
1
-1
-1
0
-1
-1
0
0
2
4
2
2
2
3
4
4
4
2
2
3
4
5
5
4
3
1
0
0
1
1
0
-2
-1
0
0
1
3
2
1
2
2
-1
0
-1
-2
-4
-2
-1
-4
-3
-2
-2
-4
-4
-1
-2
-3
-4
-9
-5
-4
-4
-3
-3
-7
-5
-4
-2
1
1
0
-3
-4
-2
1
-1
4
0
-3
-1
-6
-7
-3
-4
0
4
2
3
4
2
3
6
3
2
2
2
3
6
6
4
5
2
0
3
1
1
6
6
5
8
3
2
3
2
4
4
2
2
2
1
0
3
2
1
3
2
-1
2
-2
-3
3
1
-2
3
2
1
1
1
1
-1
1
1
-4
-5
0
-1
-4
-4
-1
1
0
-2
0
0
-1
-4
-4
-2
0
0
-1
-1
-4
0
0
1
0
-4
-1
-5
-3
1
1
3
-2
1
4
3
2
-2
-1
3
1
-2
-3
1
0
-1
-1
0
1
7
4
0
2
-2
0
6
2
0
0
-1
-1
4
5
5
2
2
0
-3
1
2
-3
0
4
1
2
6
-1
-5
-4
-1
-2
-1
-1
-2
-5
-3
0
-1
0
1
-3
0
3
0
3
1
-3
0
-3
1
3
0
1
2
-4
2
0
-4
3
-3
-1
0
-2
6
1
-4
0
1
5
4
-2
-3
0
-3
-1
6
3
5
5
-1
-3
3
1
-3
-2
3
5
5
5
5
5
6
9
10
7
4
1
2
6
6
3
-1
0
4
6
5
4
1
1
1
4
6
2
3
-2
-8
1
-1
-4
8
2
-1
9
-1
-5
0
-9
-5
5
0
-3
-7
-11
-8
-3
-3
-8
-7
-4
0
-1
0
-2
-4
-5
-3
3
-2
-7
3
8
-2
-6
2
-7
-8
1
8
2
2
6
-7
-7
-4
0
4
9
8
5
6
-8
16
-9
10
24
-34
39
0
-35
46
-21
-28
22
-3
-15
-8
23
0
-18
27
8
-23
6
24
-3
-9
22
21
-22
-9
17
-13
-11
-4
2
3
-15
-4
11
11
-26
-14
9
-14
-18
22
24
-33
19
17
-25
1
-20
5
1
-20
18
25
-8
-36
-24
-28
-54
-9
77
53
-21
-23
-19
-33
-11
32
14
-12
27
41
13
7
-3
-15
-11
-15
17
63
35
-18
-31
-40
-64
-58
10
59
48
48
43
14
28
53
16
3
31
16
7
20
-16
-93
-133
-138
-78
25
82
69
24
18
17
66
96
60
52
4
5
10
1
4
-67
-87
-67
-46
-7
17
-2
-41
-28
1
26
32
14
-3
-18
-29
-31
-13
-6
-25
-7
34
17
-6
37
52
25
21
39
36
1
-38
-42
-20
-12
-17
-9
8
-14
-31
-6
10
5
-7
15
49
59
53
7
-39
-55
-77
-45
9
8
-7
-38
-52
-32
1
45
22
16
32
7
29
65
73
21
-48
-42
-14
6
19
14
-7
-47
-66
-15
40
29
-4
0
16
6
17
49
33
-19
-42
-14
4
-15
-1
34
6
-39
-36
0
20
6
7
-4
-11
14
3
-9
-12
-32
-46
-33
18
25
7
9
3
-9
-35
-7
56
72
68
10
-44
-39
-41
-37
-7
19
5
-31
-8
46
40
-6
-16
-13
0
44
64
58
14
-29
-38
-36
-19
-10
10
15
-5
22
42
-1
-32
-7
26
25
30
65
47
-28
-41
-29
-41
-18
-3
0
19
32
-3
-35
11
-9
-50
-4
47
53
41
39
-7
-42
-22
-28
-47
-29
1
9
7
17
13
-23
-38
-25
2
72
97
32
7
8
-39
-58
-16
3
-7
-5
-8
23
47
18
-13
-28
-35
-13
67
67
4
8
-28
-86
-83
-14
26
-30
-53
-16
6
36
38
9
24
14
-25
1
47
47
-7
-58
-36
-2
-1
9
12
-12
-19
36
61
-5
-11
42
17
15
88
113
20
-147
-146
7
27
-47
-65
-5
27
10
54
80
7
-106
-108
40
156
179
120
23
-39
-151
-193
-119
-52
59
89
30
40
10
-84
-159
-153
-32
71
130
200
211
88
-117
-211
-160
-102
15
157
140
50
-2
-81
-173
-120
54
63
-29
71
177
99
27
25
-3
-60
-66
-25
10
80
89
-7
-85
-122
-91
-41
3
128
234
157
-70
-126
45
48
-48
37
111
-22
-186
-105
60
25
-36
-12
-32
-24
53
124
131
51
-19
-37
-28
11
14
-28
-84
-126
-91
-71
-82
-34
-18
-29
7
32
81
140
171
207
104
-90
-165
-182
-187
-145
-8
98
2
-114
-74
-31
-74
8
230
330
240
105
14
-50
-58
-22
-55
-124
-154
-178
-98
112
218
139
51
16
3
40
136
216
182
71
-26
-99
-89
-29
-57
-88
-45
-41
-56
-19
90
184
116
1
11
71
83
36
9
-27
-166
-222
-137
-54
34
51
-34
-59
-63
-62
-2
47
135
115
-10
-31
-66
-99
-96
-105
-146
-176
-46
49
-9
27
86
-35
-179
-102
94
88
32
97
-16
-226
-276
-198
-83
62
268
214
-90
-160
-110
-133
-60
160
294
127
-45
3
26
-145
-188
155
317
113
84
78
-225
-475
-356
-25
121
190
369
229
-45
-41
-5
-23
18
212
270
-34
-208
-126
-161
-293
-212
81
80
-190
-158
147
277
171
268
453
158
-201
-115
96
11
-251
-250
-92
-114
-191
-84
85
89
148
394
461
289
159
32
-128
-122
62
200
102
-37
-53
-187
-314
-79
294
408
301
242
245
182
194
286
195
-65
-287
-336
-256
-137
100
230
3
-200
-110
59
169
287
453
398
-9
-291
-276
-293
-422
-470
-346
-199
-147
-24
158
115
-83
-188
-199
-132
122
439
414
9
-321
-406
-514
-601
-395
-106
-148
-326
-136
265
304
107
73
30
-153
-195
-15
106
-44
-279
-369
-398
-353
-134
61
25
-83
31
258
267
181
207
85
-234
-326
-54
194
94
-183
-306
-329
-354
-134
330
554
358
73
-60
-4
165
247
130
-53
-165
-216
-172
24
236
92
-234
-222
43
252
303
422
471
112
-105
150
332
214
65
22
-63
-141
106
420
321
29
-82
11
64
152
451
592
369
10
-149
-33
73
112
177
181
11
-197
-117
79
79
6
-76
-123
-166
-110
178
258
63
-84
-171
-321
-436
-202
49
-227
-586
-390
-115
-250
-308
-126
-62
-244
-297
-59
-62
-377
-631
-661
-524
-405
-148
185
172
-76
-261
-332
-318
-179
23
86
-12
-143
-230
-321
-451
-517
-430
-204
25
182
285
292
155
47
139
274
257
160
94
24
-32
29
174
239
161
55
73
208
371
538
674
676
505
328
340
471
509
384
274
321
338
271
396
617
572
355
340
582
748
676
573
456
169
-68
2
166
109
-53
-44
64
128
286
548
667
546
372
242
95
22
83
88
-10
-127
-197
-237
-334
-376
-275
-262
-377
-503
-680
-904
-1055
-969
-686
-564
-640
-679
-752
-912
-938
-765
-607
-633
-728
-803
-1010
-1383
-1741
-1948
-1951
-1741
-1357
-873
-431
-204
-207
-253
-201
-183
-371
-557
-545
-516
-543
-502
-417
-405
-531
-617
-425
-63
289
644
959
1107
1074
1000
955
849
701
641
719
873
1004
1164
1334
1339
1250
1277
1408
1534
1557
1531
1534
1424
1218
1178
1247
1230
1218
1341
1452
1432
1460
1617
1685
1636
1670
1754
1731
1695
1748
1684
1332
888
561
324
176
169
200
137
52
100
258
412
515
479
163
-386
-863
-1116
-1307
-1657
-2250
-3175
-4468
-5842
-6787
-7053
-6767
-6138
-5293
-4346
-3304
-2078
-751
329
875
925
710
433
218
78
-146
-662
-1434
-2131
-2478
-2483
-2251
-1805
-1148
-336
570
1449
2107
2420
2425
2210
1880
1601
1444
1289
1038
779
587
421
324
435
731
1040
1286
1506
1663
1705
1671
1581
1430
1313
1227
1033
790
719
766
757
813
1051
1312
1503
1739
1997
2077
1922
1655
1392
1185
1011
851
710
623
660
810
955
1093
1324
1562
1644
1659
1715
1624
1286
947
732
458
87
-157
-240
-354
-556
-747
-937
-1159
-1352
-1532
-1854
-2386
-3125
-4194
-5558
-6688
-7069
-6766
-6072
-5095
-4024
-3162
-2426
-1449
-222
842
1415
1508
1308
1001
685
326
-201
-983
-1898
-2606
-2810
-2515
-1957
-1367
-839
-319
278
993
1668
2108
2241
2062
1745
1529
1444
1272
962
585
174
-172
-245
39
255
407
629
893
1190
1355
1654
1930
1993
1979
1945
2023
1926
1703
1600
1519
1388
1321
1510
1820
2059
2205
2252
2106
1888
1780
1718
1650
1641
1698
1671
1618
1632
1549
1278
1114
1178
1232
1237
1287
1426
1369
1268
1357
1321
1139
732
192
-544
-1491
-2416
-3520
-4708
-5953
-7383
-8877
-10079
-10498
-9936
-8518
-6591
-4400
-2115
0
1700
2888
3458
3337
2822
2254
1654
963
143
-972
-2410
-3707
-4319
-4232
-3812
-3173
-2125
-724
664
1799
2719
3388
3527
3157
2741
2533
2263
1762
1234
852
448
-81
-372
-386
-274
-130
-65
260
783
1274
1651
1807
1988
1995
1812
1782
1749
1706
1615
1557
1658
1609
1438
1297
1271
1360
1445
1591
1714
1636
1362
995
661
455
359
349
542
889
1175
1303
1513
1916
2029
1814
1597
1477
1361
949
468
26
-464
-685
-757
-708
-669
-790
-886
-1246
-1606
-1937
-2593
-3588
-5010
-6421
-7753
-8724
-8732
-8042
-6931
-5595
-3926
-1824
134
1582
2530
2920
2942
2749
2606
2615
2198
1287
-61
-1630
-2750
-3203
-3167
-3085
-2854
-2040
-874
257
1225
2048
2581
2642
2561
2807
3286
3398
2954
2246
1614
940
106
-385
-623
-686
-737
-653
-58
569
1237
1558
1707
2186
2490
2612
2612
2606
2309
1657
1240
1024
815
668
645
658
810
1107
1378
1580
1698
1653
1414
1184
1000
735
511
516
546
341
187
444
739
602
435
732
1057
964
828
810
472
-60
-132
112
-14
-524
-1005
-1435
-1940
-2397
-2839
-3502
-4504
-5723
-7046
-8360
-9026
-8493
-7089
-5568
-3923
-1929
-15
1210
1804
2338
2594
2750
2954
3120
3163
2400
1111
-605
-2297
-3301
-3709
-3538
-3298
-2687
-1483
-299
554
1288
2019
2406
2440
2636
3212
3571
3630
3294
2724
2024
856
-236
-1075
-1314
-1239
-1307
-1041
-556
6
282
475
1134
1971
2496
2636
2835
3071
2825
2094
1534
1267
774
189
138
507
538
253
240
343
171
122
570
969
969
1095
1550
1719
1414
1124
959
687
472
508
519
363
290
234
-101
-463
-481
-420
-519
-322
307
627
320
63
169
-26
-746
-1296
-1479
-2039
-3265
-4589
-5762
-7041
-8070
-8020
-6950
-5698
-4430
-2704
-775
591
1318
1880
2522
3286
4043
4379
4092
3344
2030
84
-1726
-2603
-2904
-3343
-3666
-3225
-2202
-1349
-829
-190
666
1346
1858
2771
4047
4701
4182
3224
2524
1739
558
-624
-1388
-1765
-1822
-1714
-1513
-991
-206
347
555
1284
2519
3396
3549
3408
3329
2717
1857
1290
953
366
-457
-554
-242
-124
-204
-82
217
141
191
710
1283
1508
1623
1838
1688
1194
865
813
589
218
142
207
353
557
510
84
-371
-155
292
334
555
959
901
244
-239
-97
-301
-1000
-1353
-1405
-1882
-3157
-4508
-5691
-7277
-8589
-8578
-7230
-5527
-4065
-2421
-1007
-315
133
874
2119
3408
4371
4949
4814
3987
2603
680
-1025
-2004
-2533
-3008
-3444
-3155
-2582
-2529
-2559
-1999
-868
185
1230
2525
3654
3961
3709
3420
3036
2542
1754
1051
531
202
-143
-944
-1507
-1427
-905
-632
-444
357
1167
1389
1334
1861
2756
3147
3005
2631
2063
1299
838
969
1187
899
296
-98
-324
-583
-638
-207
393
792
1204
1743
1911
1401
713
405
343
331
527
927
1168
1087
747
367
265
492
766
768
939
1568
1779
1224
535
237
-210
-1208
-1531
-1127
-1415
-2750
-4374
-5748
-7524
-9068
-9034
-7647
-5744
-4096
-2632
-1527
-1016
-711
-74
1536
3663
5253
5757
5487
4805
3444
1474
-401
-1563
-2141
-2597
-3150
-3537
-3647
-3933
-4426
-4193
-2822
-1246
-10
1181
2603
3673
3958
3865
3708
3786
3643
2969
2151
1488
967
82
-888
-1235
-1042
-982
-1275
-1195
-436
301
700
1301
2083
2480
2362
2441
2829
2696
2220
1788
1238
453
-206
-190
-132
-441
-584
-513
-318
-13
422
822
850
759
684
675
1061
1526
1468
1133
1354
1787
1490
807
642
821
497
118
400
756
573
34
-81
97
-108
-539
-848
-762
-735
-1233
-1841
-2426
-3290
-4951
-6961
-8098
-8016
-7007
-5712
-4330
-2998
-2317
-2116
-1724
-528
1300
3129
4751
5589
5398
4493
3125
1716
440
-409
-794
-1275
-1837
-2504
-3364
-4160
-4654
-4240
-2988
-1584
-247
827
1639
2211
2454
2696
3268
4102
4633
4632
4260
3602
2819
1685
631
352
213
-302
-988
-1474
-1595
-1737
-1612
-623
559
1213
1331
1342
1565
1589
1627
2003
2397
2510
2067
1506
997
226
-416
-635
-500
-119
220
362
338
110
-143
-30
625
1555
2167
2364
2288
1880
1402
956
789
765
484
473
531
145
-443
-972
-1108
-987
-838
-561
-439
-623
-750
-804
-1255
-1927
-2838
-4023
-5408
-6882
-6927
-5981
-4871
-3800
-3469
-3329
-3709
-3509
-1910
95
1981
3105
3782
3655
2851
2245
1887
1673
1402
1239
1028
429
-653
-1904
-2860
-3239
-2974
-2325
-1528
-995
-1015
-1239
-1013
-158
966
2037
2926
3559
3816
3713
3497
3358
3169
2853
2605
2343
1678
691
-116
-647
-1121
-1419
-1302
-929
-654
-605
-703
-765
-516
175
1060
1747
2073
2080
1861
1613
1621
1943
2270
2252
1882
1420
1061
743
366
44
-48
38
124
144
76
-122
-342
-375
-182
83
253
240
138
203
542
797
642
435
490
558
403
170
-143
-687
-1340
-1674
-1790
-2320
-3224
-4565
-6058
-6999
-7085
-6021
-4683
-3733
-3293
-3675
-3935
-3470
-2108
17
1773
2883
3292
3246
3182
2887
2849
3238
3520
3277
2481
1449
268
-948
-1820
-2067
-1916
-1728
-1893
-2522
-3207
-3327
-2689
-1523
-114
1009
1678
1799
1916
2481
3155
3898
4307
4586
4627
4004
3210
2321
1593
816
-114
-763
-1497
-2164
-2729
-2991
-2629
-2339
-2095
-1737
-954
159
948
1730
2496
3095
3463
3693
4020
4065
3539
2709
2084
1601
909
46
-653
-1071
-1301
-1323
-1287
-1348
-1402
-1255
-873
-325
227
664
1016
1249
1409
1510
1388
1008
839
1171
1535
1179
258
-477
-1188
-1748
-1853
-1763
-2037
-3339
-4797
-5839
-6533
-6211
-5260
-4336
-4248
-5230
-5872
-5436
-3778
-1549
326
1807
2324
1939
1771
2565
3929
4863
5269
5390
4920
3737
2449
1487
839
403
6
-689
-1860
-3102
-4020
-4401
-4138
-3372
-2658
-2381
-2394
-2136
-1189
167
1798
3216
4254
4823
4649
4337
4002
3994
4152
3923
3353
2178
736
-803
-2151
-2767
-2689
-2337
-2284
-2660
-3171
-3227
-2375
-783
823
1865
2320
2331
2242
2473
3081
3603
3610
3213
2662
1919
985
276
184
565
940
853
219
-572
-953
-708
-209
200
392
233
-274
-800
-1126
-1175
-938
-543
129
489
127
-597
-1056
-381
811
1831
2448
1834
165
-2062
-3869
-4516
-4606
-4126
-3557
-3861
-5295
-7351
-8340
-7487
-5368
-2886
-978
10
185
156
796
2413
4392
5805
6165
5719
5028
4329
3765
3530
3555
3197
1952
199
-1468
-2838
-3723
-3924
-3646
-3564
-4024
-4475
-4485
-3990
-2938
-1682
-452
689
1435
1852
2208
2785
3903
4856
4949
4533
3767
2983
2404
2069
2140
1849
1022
57
-1027
-1707
-1853
-1551
-965
-731
-813
-964
-1129
-1202
-928
-124
766
1137
1037
1124
1430
1764
2162
2837
3805
4070
3615
3080
2539
2202
2061
1983
1635
723
-394
-1405
-2157
-2480
-2661
-2763
-2651
-2410
-2102
-1953
-1579
-749
50
778
1398
1768
1514
550
-346
-1038
-1803
-2517
-2861
-2805
-3310
-4758
-6288
-7069
-6566
-5126
-3465
-2264
-2149
-2608
-2752
-1917
23
2110
3435
3717
3460
3296
3330
3529
3732
3705
3366
2759
1894
957
226
-241
-666
-1116
-1411
-1767
-2439
-3111
-3122
-2522
-2000
-1916
-1888
-1688
-1524
-1076
-216
1056
1985
2167
2299
2519
3059
3430
3652
3915
3583
2905
2273
2039
1840
1439
1302
1224
599
-427
-1111
-1229
-1162
-1343
-1336
-1177
-1002
-744
-506
138
681
996
1217
1557
2340
2830
2972
3003
3004
2812
2208
1667
1423
1142
603
272
253
-140
-1102
-1733
-1540
-1138
-894
-780
-842
-1091
-1200
-1023
-688
-319
-62
-308
-1210
-2179
-3182
-4027
-4376
-3861
-2835
-3000
-4254
-5405
-5413
-4373
-3225
-1968
-1200
-1339
-1810
-1554
-163
1337
2090
2136
1863
1510
1436
1845
2378
2580
2503
2412
2079
1438
941
849
829
669
424
-21
-800
-1639
-1919
-1585
-1220
-1345
-1709
-1782
-1416
-917
-526
21
419
578
630
985
1867
2400
2670
2846
2937
2716
2221
2394
2753
2793
2569
2260
2005
1271
450
330
533
508
304
-103
-558
-957
-1162
-800
-185
91
-117
-189
366
847
747
626
714
940
1169
1285
1550
1384
884
754
554
383
125
-155
118
445
640
254
-626
-1165
-1420
-1121
-601
-211
-281
-1152
-2162
-3303
-3884
-3805
-3746
-3321
-3038
-3463
-4825
-6236
-5892
-4329
-2777
-1785
-1603
-1939
-2410
-2019
-507
1077
2032
2301
2198
2068
2234
2836
3501
3687
3422
3072
2647
2103
1730
1772
1863
1469
603
-328
-1106
-1684
-1796
-1270
-632
-814
-1792
-2430
-2113
-1475
-1059
-654
-155
115
-36
106
805
1421
1660
1606
1716
1844
1810
2145
2664
2856
2540
1986
1741
1598
1407
1513
1588
1221
570
48
19
49
10
302
464
-14
-752
-845
4
597
294
-51
-112
-112
-114
100
612
664
284
145
279
453
447
629
1141
1402
1122
619
420
549
686
771
843
699
102
-819
-1698
-2281
-2709
-3137
-3477
-3680
-3733
-4205
-5288
-6199
-6092
-5005
-4088
-3664
-3525
-3677
-3624
-2844
-1314
125
944
1333
1480
1714
2376
3426
4319
4606
4384
4040
3699
3267
2865
2664
2501
1992
1124
327
-159
-465
-674
-666
-646
-1193
-2150
-2469
-1732
-926
-917
-1318
-1409
-1282
-1181
-664
235
872
708
227
223
416
707
1219
1958
2379
1969
1503
1599
2069
2402
2477
2466
2159
1610
1295
1364
1373
1099
827
634
146
-622
-875
-325
97
-324
-935
-992
-778
-602
-232
179
113
-263
-269
211
698
864
858
859
745
508
533
944
1332
1491
1614
1591
1169
646
385
95
-572
-1336
-1879
-2336
-2775
-3138
-3870
-5372
-6787
-6770
-5609
-4873
-5086
-5460
-5479
-5149
-4189
-2533
-1013
-417
-434
-173
759
2104
3283
3980
4177
4000
3816
3742
3668
3596
3671
3607
3090
2158
1463
1370
1138
837
507
177
-442
-1590
-1708
-1104
-742
-1093
-2079
-1776
-1372
-1902
-1667
-932
-478
-838
-1135
-681
-447
99
806
1210
1592
1522
1365
1871
2720
2943
2564
2467
2492
1896
1482
1877
1990
1547
1154
883
449
-79
27
871
1338
715
-236
-333
312
500
232
239
142
-362
-596
-293
-136
-449
-745
-588
-193
-16
-66
248
994
1272
1223
1398
1587
1600
1399
1226
780
-50
-939
-1779
-2176
-2132
-2413
-3853
-5724
-6273
-5439
-4699
-4769
-5185
-5736
-6183
-5730
-4141
-2457
-1842
-1998
-1847
-1079
59
1288
2159
2523
2633
2728
3076
3562
3772
3869
4177
4194
3426
2533
2439
2785
2592
2095
1855
1252
31
-628
-106
425
-212
-1292
-1411
-1127
-1453
-1707
-1117
-519
-1036
-1859
-1709
-844
-343
-2
742
1074
459
-273
416
1568
1626
1287
1092
1140
1002
845
1228
1654
1556
1242
1396
1665
1659
1747
2350
2595
1801
925
851
1445
1647
1247
649
57
-363
-702
-713
-557
-646
-928
-1072
-1004
-1025
-1010
-599
23
262
183
284
610
843
865
656
187
-362
-892
-1301
-1570
-1442
-1200
-1859
-3418
-4822
-4855
-3977
-3490
-3556
-4037
-4792
-5367
-4869
-3364
-2207
-2052
-2340
-2359
-1948
-1165
-56
1124
1782
1768
1800
2220
2586
2938
3708
4258
3769
2992
2965
3299
3232
2922
2715
2302
1289
205
125
876
985
67
-626
-643
-883
-1380
-1110
-229
-86
-884
-1357
-945
-512
-479
-198
376
280
-624
-956
-133
675
604
335
446
471
255
560
1539
2032
1914
1733
1665
1652
1565
2086
2761
2626
1805
1177
1233
1434
1410
1022
752
484
-5
-204
-159
57
-8
-421
-787
-992
-864
-535
-146
102
-45
-376
-449
-169
131
131
-61
-235
-532
-994
-1445
-1737
-1583
-1435
-1795
-2580
-3670
-4274
-3993
-3138
-2588
-3145
-4185
-4844
-4565
-3404
-2372
-2102
-2299
-2565
-2611
-1952
-569
693
935
579
643
1149
1707
2292
3045
3653
3524
2940
2800
3051
3140
3070
3150
3148
2429
1525
1342
1668
1614
888
323
150
-132
-481
-463
-129
-311
-1103
-1513
-1255
-947
-820
-623
-513
-977
-1507
-1111
-168
304
151
-81
37
327
652
1195
1733
1776
1396
1156
1515
2037
2158
2118
2058
1931
1691
1385
1408
1525
1413
1251
1003
667
244
89
443
732
616
140
-381
-462
-30
464
432
-72
-503
-632
-641
-574
-414
-425
-882
-1627
-2185
-2407
-2515
-2567
-2376
-2163
-2591
-3691
-4450
-4091
-3117
-2475
-2502
-3059
-3815
-4113
-3421
-2159
-1365
-1499
-2084
-2400
-2010
-922
293
866
691
448
672
1298
2118
2928
3352
3186
2826
2813
3115
3290
3212
3184
3255
2966
2183
1606
1701
1848
1388
760
541
353
-186
-498
-204
-71
-708
-1470
-1591
-1285
-1048
-853
-641
-720
-1150
-1324
-810
-69
209
90
83
293
580
1035
1629
1912
1613
1209
1341
1871
2140
1998
1845
1756
1467
1080
966
1122
1251
1243
1103
796
421
315
678
1150
1073
371
-231
-159
278
488
369
92
-291
-704
-911
-817
-673
-795
-1276
-1930
-2395
-2587
-2696
-2624
-2300
-2287
-3051
-4042
-4279
-3644
-2907
-2607
-2751
-3280
-3941
-4069
-3191
-1809
-1010
-1233
-1853
-2039
-1567
-671
337
1009
945
465
461
1219
2071
2448
2499
2455
2284
2184
2500
2996
3050
2694
2499
2461
2129
1711
1768
2036
1809
1211
867
633
77
-309
18
337
-153
-893
-1026
-758
-706
-754
-584
-625
-1150
-1327
-578
296
408
36
-69
193
534
1047
1716
1914
1403
962
1277
1942
2216
2073
1882
1693
1415
1182
1215
1485
1643
1454
1105
825
523
235
317
689
675
77
-413
-350
-161
-266
-482
-591
-797
-1222
-1472
-1314
-1235
-1690
-2390
-2785
-2834
-2871
-2923
-2853
-3037
-3801
-4463
-4136
-3174
-2672
-2906
-3319
-3495
-3299
-2619
-1585
-747
-695
-1262
-1504
-825
310
1061
1253
1256
1187
999
1120
1918
2804
2913
2374
2052
2237
2454
2512
2670
2795
2506
1995
1788
1934
1968
1663
1344
1177
922
533
321
340
266
3
-147
-148
-321
-639
-724
-574
-541
-605
-489
-357
-492
-634
-384
35
169
144
339
614
720
870
1219
1457
1362
1179
1262
1604
1906
1977
1878
1663
1347
1218
1483
1723
1462
900
527
434
341
232
278
226
-199
-713
-936
-873
-876
-1085
-1252
-1315
-1487
-1840
-2276
-2631
-2890
-3055
-2978
-2815
-2982
-3557
-4127
-4202
-3798
-3307
-2944
-2833
-3001
-3174
-2988
-2296
-1405
-815
-700
-923
-1021
-552
307
1067
1471
1513
1357
1222
1394
1969
2557
2790
2698
2401
2111
2069
2181
2279
2338
2199
1780
1400
1271
1183
961
746
697
726
623
368
79
-129
-150
-27
106
192
98
-182
-343
-244
-58
49
31
-13
52
223
437
592
549
370
331
627
1086
1419
1541
1431
1132
942
1224
1714
1982
1917
1648
1486
1465
1499
1473
1349
1162
786
479
449
420
154
-299
-593
-751
-966
-1200
-1436
-1650
-1930
-2196
-2420
-2710
-3030
-3376
-3500
-3411
-3433
-3584
-3813
-3972
-3926
-3693
-3218
-2663
-2496
-2672
-2750
-2450
-1762
-965
-330
-101
-257
-282
198
980
1642
1919
1916
1807
1746
2116
2726
3043
2936
2607
2420
2403
2482
2523
2374
2037
1561
1234
1179
1150
832
309
52
121
162
13
-178
-365
-564
-602
-357
-52
-3
-170
-305
-292
-178
47
384
557
384
181
309
669
932
1003
1044
1065
977
956
1173
1428
1478
1389
1378
1388
1243
1055
1044
1226
1378
1305
1109
943
753
554
504
604
644
411
9
-281
-448
-688
-970
-1104
-1191
-1532
-2078
-2501
-2739
-3034
-3432
-3663
-3619
-3628
-3930
-4230
-4233
-4139
-4123
-3887
-3303
-2844
-2855
-2975
-2698
-2056
-1371
-735
-165
124
106
238
853
1636
2145
2379
2500
2533
2585
2834
3221
3435
3302
2998
2802
2769
2751
2583
2263
1861
1404
1033
915
787
286
-321
-550
-488
-533
-725
-846
-930
-1179
-1389
-1171
-684
-423
-462
-520
-504
-491
-348
107
611
752
642
714
1022
1248
1343
1539
1818
1964
1979
2031
2106
2076
1970
1949
2007
1978
1817
1599
1447
1268
1081
1010
963
848
508
143
-40
-86
-107
-252
-442
-747
-1213
-1532
-1519
-1485
-1845
-2423
-2831
-3105
-3429
-3618
-3536
-3530
-3901
-4403
-4608
-4457
-4170
-3845
-3448
-3117
-3106
-3249
-2980
-2175
-1373
-910
-538
-86
254
469
879
1578
2213
2506
2628
2867
3168
3331
3416
3593
3736
3610
3338
3208
3146
2840
2327
1959
1802
1584
1165
690
247
-173
-506
-680
-786
-964
-1214
-1450
-1597
-1619
-1529
-1395
-1279
-1212
-1178
-1083
-807
-406
-93
64
201
416
694
1032
1394
1673
1814
1930
2116
2289
2432
2569
2687
2714
2625
2539
2417
2252
2112
2000
1811
1448
1095
881
703
458
137
-210
-575
-915
-1167
-1349
-1547
-1821
-2120
-2393
-2733
-3196
-3566
-3662
-3637
-3727
-3972
-4200
-4423
-4667
-4700
-4487
-4154
-3876
-3729
-3587
-3454
-3284
-2902
-2277
-1534
-966
-608
-312
16
450
1000
1641
2204
2551
2731
2969
3293
3532
3647
3722
3911
4076
4034
3827
3566
3344
3077
2811
2646
2467
2075
1481
938
578
303
7
-276
-527
-838
-1207
-1443
-1448
-1423
-1528
-1637
-1618
-1508
-1340
-1110
-839
-578
-448
-415
-228
212
685
1046
1316
1514
1673
1832
2040
2316
2574
2744
2851
2880
2842
2800
2718
2596
2451
2287
2094
1834
1538
1153
739
341
-59
-382
-669
-1051
-1567
-2023
-2296
-2584
-3014
-3452
-3769
-4028
-4295
-4472
-4489
-4508
-4709
-4977
-5059
-4884
-4571
-4209
-3870
-3662
-3578
-3385
-2897
-2219
-1589
-1089
-684
-343
5
468
1059
1614
1971
2211
2519
2879
3146
3325
3467
3512
3474
3511
3659
3693
3559
3314
2988
2685
2446
2279
2032
1698
1405
1138
833
395
-77
-411
-573
-658
-744
-812
-934
-1233
-1568
-1598
-1314
-1001
-859
-797
-736
-726
-621
-311
110
413
552
722
936
1114
1243
1449
1744
1920
1948
2062
2311
2399
2247
2160
2247
2246
2076
1935
1859
1710
1448
1144
809
403
1
-296
-529
-847
-1283
-1750
-2240
-2780
-3280
-3663
-3923
-4048
-4157
-4389
-4725
-5088
-5350
-5358
-5099
-4737
-4443
-4254
-4094
-3893
-3587
-3116
-2517
-1866
-1224
-676
-230
200
649
1145
1664
2144
2590
2991
3280
3479
3602
3637
3682
3796
3883
3853
3752
3637
3425
3076
2743
2536
2388
2187
1899
1555
1197
841
527
306
118
-137
-406
-558
-621
-715
-843
-932
-960
-945
-865
-666
-406
-239
-180
-86
95
286
509
853
1206
1361
1344
1361
1501
1651
1748
1850
1929
1896
1746
1569
1480
1416
1262
1119
1064
923
604
249
-43
-311
-565
-803
-1058
-1326
-1621
-1993
-2389
-2774
-3168
-3482
-3640
-3743
-3913
-4147
-4359
-4543
-4711
-4788
-4703
-4469
-4164
-3906
-3733
-3567
-3359
-3065
-2604
-2008
-1428
-922
-413
95
520
894
1330
1833
2293
2673
3054
3431
3645
3642
3565
3535
3559
3613
3644
3537
3253
2870
2505
2247
2100
1951
1700
1354
1003
713
506
330
132
-64
-211
-321
-416
-476
-518
-580
-645
-634
-504
-307
-148
-57
15
114
272
513
808
1055
1189
1271
1382
1532
1701
1869
1989
2021
1977
1910
1833
1736
1623
1503
1361
1173
941
665
337
-27
-370
-643
-873
-1137
-1479
-1874
-2273
-2636
-2927
-3140
-3339
-3577
-3819
-3993
-4080
-4099
-4075
-4065
-4093
-4100
-4003
-3780
-3474
-3126
-2795
-2536
-2325
-2063
-1703
-1264
-779
-287
155
524
856
1210
1568
1881
2151
2436
2738
2977
3125
3224
3270
3225
3134
3063
3004
2914
2775
2590
2355
2046
1699
1411
1213
1005
751
523
347
171
-2
-127
-218
-296
-341
-318
-221
-108
-58
-45
21
146
258
376
550
737
849
908
1012
1161
1254
1275
1329
1462
1581
1619
1614
1589
1520
1407
1297
1241
1224
1140
930
659
390
96
-202
-444
-664
-957
-1330
-1725
-2117
-2473
-2758
-3017
-3335
-3679
-3942
-4104
-4219
-4308
-4358
-4383
-4390
-4349
-4220
-3987
-3677
-3343
-3000
-2630
-2248
-1910
-1567
-1109
-573
-108
278
689
1100
1406
1653
1964
2307
2546
2671
2788
2922
2983
2953
2938
2968
2921
2748
2559
2438
2315
2096
1827
1620
1465
1250
969
705
484
273
109
35
-16
-119
-248
-329
-328
-246
-127
-13
103
244
412
587
766
949
1138
1316
1469
1592
1710
1820
1894
1922
1918
1894
1826
1724
1632
1550
1435
1255
1017
770
545
352
176
-42
-331
-673
-1015
-1291
-1527
-1767
-1989
-2230
-2532
-2854
-3153
-3390
-3557
-3679
-3753
-3814
-3894
-3956
-3979
-3970
-3906
-3772
-3550
-3253
-2931
-2612
-2299
-2013
-1737
-1369
-882
-385
63
483
869
1224
1558
1864
2146
2399
2601
2745
2831
2872
2893
2889
2819
2659
2461
2286
2113
1909
1689
1466
1236
1014
815
619
431
276
143
29
-56
-140
-212
-231
-215
-176
-113
-65
-27
58
204
389
570
706
832
982
1154
1348
1552
1723
1828
1884
1945
2036
2119
2148
2099
1987
1841
1674
1494
1307
1102
862
553
203
-131
-465
-831
-1192
-1534
-1876
-2227
-2564
-2838
-3073
-3325
-3588
-3829
-3998
-4085
-4134
-4132
-4046
-3915
-3794
-3686
-3557
-3369
-3117
-2790
-2394
-1970
-1580
-1257
-972
-664
-291
121
504
831
1151
1474
1739
1954
2172
2365
2501
2594
2659
2712
2754
2737
2663
2575
2457
2272
2050
1836
1627
1376
1084
828
640
465
247
9
-197
-374
-538
-647
-648
-579
-520
-476
-407
-281
-116
53
242
474
709
926
1149
1384
1592
1768
1935
2078
2169
2243
2327
2387
2375
2302
2206
2094
1957
1795
1607
1392
1126
780
428
122
-180
-501
-829
-1178
-1564
-1974
-2353
-2682
-2994
-3298
-3569
-3811
-4034
-4213
-4314
-4350
-4374
-4388
-4343
-4220
-4030
-3776
-3458
-3112
-2788
-2461
-2069
-1601
-1116
-646
-188
259
657
1007
1365
1743
2095
2363
2542
2669
2775
2847
2864
2837
2782
2669
2500
2317
2151
1967
1743
1481
1209
955
730
518
327
160
2
-148
-276
-382
-471
-535
-571
-567
-508
-404
-276
-137
-12
89
202
366
570
798
1066
1344
1565
1729
1873
2018
2168
2326
2484
2607
2643
2599
2518
2414
2265
2079
1878
1637
1330
977
611
230
-193
-664
-1144
-1578
-1974
-2385
-2786
-3142
-3491
-3865
-4194
-4405
-4524
-4596
-4615
-4577
-4518
-4451
-4332
-4121
-3821
-3465
-3074
-2669
-2261
-1845
-1408
-955
-499
-56
361
770
1171
1544
1879
2184
2459
2673
2819
2926
2997
3066
3115
3055
2888
2709
2564
2409
2199
1962
1722
1419
1067
763
529
305
66
-139
-292
-457
-630
-764
-854
-882
-858
-821
-748
-619
-470
-324
-158
47
273
504
757
1025
1303
1545
1723
1889
2082
2272
2412
2469
2476
2484
2463
2373
2257
2156
2015
1769
1478
1206
903
518
126
-210
-538
-930
-1373
-1821
-2234
-2616
-3006
-3366
-3641
-3880
-4126
-4348
-4510
-4605
-4660
-4665
-4579
-4426
-4245
-4003
-3680
-3316
-2950
-2579
-2156
-1669
-1164
-673
-201
266
719
1138
1532
1918
2264
2532
2736
2920
3078
3162
3176
3155
3089
2958
2798
2646
2494
2296
2031
1729
1421
1132
877
648
430
229
24
-185
-360
-496
-598
-619
-581
-559
-560
-541
-479
-356
-198
-9
201
387
535
695
908
1145
1343
1517
1712
1888
1993
2065
2137
2191
2181
2108
2041
1991
1882
1684
1448
1187
892
570
235
-90
-416
-791
-1205
-1633
-2035
-2395
-2740
-3090
-3399
-3662
-3903
-4087
-4215
-4306
-4346
-4350
-4327
-4233
-4055
-3825
-3557
-3248
-2911
-2555
-2172
-1751
-1293
-831
-400
6
421
833
1210
1585
1980
2311
2531
2684
2803
2900
2986
3031
3025
2979
2876
2711
2510
2304
2105
1887
1637
1396
1175
932
670
438
235
55
-101
-230
-316
-358
-386
-412
-408
-340
-244
-145
-13
149
321
476
627
805
991
1149
1309
1487
1629
1701
1757
1824
1876
1890
1872
1821
1723
1574
1403
1236
1044
791
509
236
-58
-383
-711
-1049
-1420
-1808
-2160
-2467
-2746
-3018
-3276
-3500
-3679
-3822
-3904
-3915
-3905
-3886
-3819
-3694
-3519
-3288
-3014
-2713
-2393
-2051
-1705
-1350
-982
-605
-214
185
550
857
1140
1426
1680
1890
2084
2258
2371
2421
2448
2468
2448
2369
2256
2126
1984
1819
1646
1495
1354
1186
990
793
625
486
380
305
235
154
92
57
62
111
177
246
331
434
538
646
766
901
1039
1173
1305
1425
1523
1604
1673
1718
1732
1722
1675
1596
1497
1379
1219
1011
784
558
323
56
-242
-553
-858
-1174
-1508
-1813
-2077
-2347
-2624
-2877
-3102
-3296
-3448
-3535
-3537
-3523
-3548
-3536
-3440
-3296
-3128
-2909
-2633
-2354
-2099
-1815
-1482
-1120
-758
-432
-112
212
484
734
1011
1293
1526
1693
1840
1969
2043
2079
2115
2149
2144
2074
1984
1884
1749
1602
1467
1329
1192
1060
918
761
596
455
362
294
237
193
155
130
134
177
258
353
453
567
679
789
904
1023
1162
1313
1431
1504
1557
1602
1652
1700
1708
1652
1545
1408
1255
1098
943
776
565
304
22
-252
-522
-818
-1119
-1403
-1710
-2026
-2305
-2558
-2796
-3001
-3175
-3306
-3397
-3467
-3504
-3493
-3435
-3341
-3223
-3069
-2873
-2653
-2403
-2109
-1784
-1451
-1113
-764
-422
-98
214
514
796
1064
1313
1526
1700
1827
1914
1980
2035
2074
2087
2063
1994
1875
1739
1617
1493
1356
1223
1082
927
767
614
495
419
362
298
238
193
171
177
206
271
355
451
547
642
770
894
1001
1123
1234
1332
1414
1476
1534
1573
1584
1571
1524
1454
1367
1255
1132
988
800
598
397
159
-116
-392
-650
-898
-1159
-1434
-1703
-1980
-2247
-2470
-2648
-2801
-2941
-3053
-3125
-3175
-3203
-3165
-3064
-2941
-2811
-2666
-2490
-2269
-2025
-1755
-1451
-1148
-864
-588
-301
-11
255
503
745
957
1132
1282
1424
1553
1637
1689
1733
1743
1715
1660
1597
1533
1448
1339
1229
1129
1015
871
755
696
641
570
521
496
469
447
426
438
479
537
627
717
796
861
923
1013
1128
1225
1292
1359
1420
1466
1471
1453
1417
1351
1275
1172
1051
915
749
560
353
130
-103
-343
-606
-875
-1128
-1389
-1655
-1910
-2151
-2369
-2548
-2705
-2839
-2917
-2967
-3004
-3013
-2978
-2892
-2767
-2603
-2432
-2261
-2050
-1826
-1565
-1274
-984
-685
-408
-150
91
317
557
765
942
1105
1226
1329
1408
1454
1484
1505
1509
1482
1434
1364
1262
1127
1009
911
810
723
624
532
463
384
342
333
342
366
379
429
508
588
670
764
885
1007
1131
1265
1395
1512
1601
1676
1731
1778
1814
1817
1782
1712
1612
1485
1345
1192
1017
807
569
310
41
-223
-488
-766
-1053
-1349
-1646
-1936
-2191
-2394
-2575
-2753
-2900
-3014
-3097
-3122
-3100
-3045
-2965
-2864
-2737
-2567
-2354
-2115
-1864
-1591
-1299
-1021
-749
-458
-169
96
349
594
813
997
1140
1252
1355
1443
1486
1495
1485
1444
1381
1314
1227
1109
975
836
691
552
432
326
233
145
61
6
4
31
71
129
207
277
345
454
595
736
890
1057
1204
1336
1473
1605
1729
1834
1907
1958
1966
1917
1840
1742
1630
1502
1336
1130
910
664
379
87
-191
-492
-821
-1144
-1452
-1745
-2017
-2273
-2504
-2701
-2876
-3018
-3088
-3100
-3101
-3063
-2962
-2850
-2733
-2564
-2341
-2096
-1831
-1546
-1250
-949
-644
-338
-33
276
563
793
997
1182
1327
1443
1539
1603
1644
1654
1627
1581
1506
1398
1274
1143
998
838
680
531
389
253
131
25
-56
-107
-133
-137
-120
-80
-14
71
169
270
390
542
710
874
1035
1196
1346
1479
1602
1713
1800
1844
1851
1828
1785
1709
1591
1444
1282
1091
860
608
360
100
-190
-499
-800
-1100
-1408
-1706
-1968
-2200
-2418
-2612
-2760
-2864
-2937
-2975
-2970
-2919
-2845
-2747
-2611
-2429
-2225
-2005
-1756
-1486
-1213
-939
-653
-357
-74
185
427
657
856
1014
1146
1263
1349
1398
1423
1436
1427
1384
1307
1216
1119
1003
864
729
613
504
396
301
216
140
95
86
88
97
128
189
263
349
448
563
690
830
965
1091
1220
1344
1456
1560
1646
1698
1715
1709
1677
1612
1519
1405
1267
1100
910
699
483
249
-8
-273
-524
-776
-1039
-1301
-1541
-1767
-1981
-2146
-2271
-2375
-2444
-2487
-2502
-2482
-2441
-2369
-2268
-2145
-1986
-1821
-1646
-1439
-1224
-999
-763
-528
-301
-87
116
304
460
597
706
793
868
908
926
945
941
906
852
787
723
655
584
506
413
323
240
167
132
116
107
116
138
175
228
307
416
529
629
732
853
977
1090
1204
1330
1448
1542
1615
1676
1724
1736
1710
1662
1592
1484
1342
1195
1039
853
642
435
222
-8
-247
-482
-715
-953
-1194
-1414
-1608
-1788
-1955
-2088
-2176
-2238
-2280
-2284
-2253
-2213
-2163
-2077
-1961
-1833
-1692
-1537
-1371
-1188
-996
-802
-599
-400
-212
-31
137
276
396
500
578
644
681
706
711
704
685
637
602
564
507
448
389
336
282
222
170
137
109
116
141
174
235
292
362
447
533
644
754
864
975
1078
1174
1273
1363
1440
1496
1526
1538
1534
1517
1479
1411
1312
1189
1054
907
749
576
385
187
-17
-226
-430
-632
-834
-1015
-1177
-1327
-1456
-1570
-1669
-1733
-1766
-1783
-1773
-1748
-1705
-1639
-1560
-1459
-1341
-1233
-1106
-961
-832
-690
-548
-413
-269
-148
-35
69
145
206
252
292
320
336
325
308
292
266
232
194
163
137
109
75
54
46
36
29
45
76
121
182
246
318
409
515
616
710
816
910
994
1082
1152
1197
1240
1271
1293
1303
1279
1239
1193
1119
1021
910
793
663
509
347
169
-16
-183
-346
-503
-655
-808
-936
-1043
-1142
-1211
-1255
-1289
-1300
-1297
-1282
-1239
-1176
-1094
-993
-892
-793
-681
-564
-444
-320
-209
-104
4
97
168
228
269
301
328
329
311
286
242
190
129
59
2
-60
-140
-215
-276
-332
-375
-404
-416
-406
-387
-361
-326
-271
-195
-104
-8
95
196
311
442
563
676
793
902
992
1068
1136
1182
1205
1202
1183
1147
1084
997
897
784
661
529
389
240
89
-70
-232
-384
-526
-664
-787
-892
-985
-1057
-1107
-1133
-1133
-1114
-1070
-998
-924
-835
-736
-634
-505
-372
-253
-113
19
140
263
368
472
576
649
703
747
769
761
729
698
643
558
474
386
292
193
80
-21
-116
-216
-304
-388
-472
-539
-595
-647
-675
-676
-662
-627
-579
-529
-464
-373
-278
-190
-89
16
100
183
265
340
420
486
517
541
562
558
547
536
504
448
377
301
218
133
55
-27
-118
-208
-296
-370
-427
-479
-525
-559
-584
-596
-584
-551
-511
-460
-395
-329
-257
-175
-95
-2
94
184
272
355
431
512
580
639
692
727
747
757
747
724
694
654
604
549
488
419
348
277
209
144
84
24
-29
-79
-133
-182
-222
-252
-278
-299
-315
-330
-341
-346
-339
-322
-308
-306
-308
-297
-288
-292
-306
-319
-333
-358
-390
-416
-434
-453
-478
-500
-518
-532
-542
-543
-538
-533
-525
-508
-482
-448
-406
-357
-295
-224
-155
-79
6
90
172
248
318
393
461
517
579
633
659
695
728
731
734
739
731
714
683
636
588
548
496
440
396
357
312
268
224
182
155
135
120
115
106
106
121
130
140
158
172
195
223
230
235
239
228
201
179
155
112
61
4
-62
-139
-217
-295
-381
-481
-589
-693
-789
-883
-971
-1050
-1120
-1186
-1244
-1278
-1286
-1287
-1280
-1251
-1197
-1127
-1051
-962
-857
-740
-617
-486
-343
-195
-46
101
245
381
513
636
749
846
927
998
1059
1109
1140
1154
1153
1141
1119
1090
1051
1000
934
855
773
696
628
561
493
423
353
286
228
185
154
127
100
82
71
63
55
57
68
82
90
90
89
88
85
79
65
46
19
-18
-59
-95
-137
-191
-258
-326
-391
-455
-526
-600
-672
-738
-801
-863
-918
-961
-991
-1011
-1023
-1024
-1017
-999
-974
-942
-904
-853
-789
-712
-627
-535
-442
-351
-258
-163
-63
43
143
229
304
382
459
525
582
634
681
721
747
771
795
809
814
813
809
792
765
739
711
682
658
639
603
554
508
474
446
413
381
359
341
316
281
242
210
182
161
143
119
88
51
14
-13
-41
-77
-111
-136
-163
-201
-239
-270
-298
-327
-364
-401
-428
-447
-474
-500
-521
-543
-560
-565
-565
-573
-576
-577
-585
-586
-570
-548
-530
-509
-486
-463
-436
-408
-380
-345
-300
-254
-212
-167
-122
-74
-24
25
66
104
143
185
221
254
284
317
347
375
400
423
443
460
468
474
478
474
460
454
451
438
423
412
390
359
331
311
289
264
241
225
213
195
169
141
127
114
95
79
67
49
30
25
20
9
-4
2
-3
-22
-38
-61
-74
-92
-105
-120
-146
-167
-192
-216
-237
-254
-270
-275
-286
-307
-328
-344
-344
-356
-365
-360
-357
-343
-334
-319
-302
-278
-254
-232
-196
-154
-123
-89
-54
-31
-6
22
47
62
65
84
85
88
91
73
71
61
41
36
27
20
-3
-23
-35
-59
-63
-60
-64
-64
-65
-66
-57
-35
-15
13
54
87
116
158
201
252
304
333
363
401
429
461
497
514
519
521
514
511
489
466
435
396
356
298
245
193
142
82
14
-38
-91
-144
-193
-238
-278
-319
-351
-369
-377
-388
-395
-391
-392
-384
-362
-327
-295
-272
-234
-209
-187
-154
-129
-106
-92
-77
-64
-56
-52
-60
-69
-77
-90
-107
-124
-148
-178
-201
-228
-265
-291
-304
-326
-348
-359
-373
-384
-374
-350
-328
-304
-284
-253
-206
-158
-107
-46
20
83
145
211
282
349
410
475
539
587
624
671
712
735
749
759
763
759
738
714
694
654
603
563
510
452
402
338
278
221
154
95
38
-24
-75
-123
-170
-204
-235
-274
-307
-335
-364
-379
-388
-398
-403
-403
-403
-395
-397
-402
-394
-391
-385
-379
-398
-416
-417
-424
-427
-427
-433
-427
-422
-432
-433
-432
-438
-434
-419
-409
-401
-386
-365
-337
-311
-281
-243
-203
-159
-115
-72
-27
21
61
112
174
225
274
324
365
408
454
487
525
565
587
604
624
631
642
654
652
653
648
631
618
604
593
574
544
519
494
465
448
421
383
357
326
283
244
211
180
140
101
74
34
-10
-51
-96
-152
-204
-246
-293
-351
-400
-447
-504
-554
-594
-638
-678
-709
-737
-768
-801
-823
-829
-834
-840
-829
-805
-782
-752
-716
-673
-631
-584
-525
-457
-388
-320
-249
-171
-98
-28
44
112
177
245
302
350
401
445
478
512
538
545
548
558
565
563
548
540
542
527
491
472
462
439
411
388
367
345
324
311
309
298
287
290
290
291
296
300
305
315
321
317
305
296
292
285
265
237
207
176
140
99
46
-9
-65
-123
-186
-248
-307
-370
-442
-513
-575
-632
-687
-733
-767
-797
-830
-857
-866
-863
-853
-835
-802
-764
-727
-684
-627
-559
-489
-425
-356
-277
-197
-118
-37
41
108
175
245
303
349
391
428
451
474
501
512
505
504
507
493
473
465
454
426
395
377
360
335
312
297
286
271
254
245
245
248
246
249
254
257
262
266
268
267
270
274
274
271
262
248
236
220
194
163
140
111
66
16
-21
-62
-116
-173
-225
-286
-352
-405
-447
-491
-533
-566
-591
-616
-637
-647
-656
-657
-652
-645
-625
-600
-573
-535
-494
-451
-395
-342
-293
-238
-187
-136
-85
-38
11
56
98
131
159
190
218
243
265
279
288
294
300
307
304
304
308
302
295
291
280
286
280
286
300
293
300
299
300
298
304
316
310
316
320
315
309
306
308
304
300
292
270
243
222
200
172
142
107
70
28
-12
-58
-99
-133
-178
-222
-257
-298
-336
-362
-392
-417
-436
-462
-482
-489
-491
-482
-473
-472
-460
-444
-425
-396
-366
-339
-308
-286
-264
-222
-181
-152
-127
-91
-56
-34
-11
18
41
64
80
92
108
121
133
155
172
180
186
194
209
225
229
233
241
257
268
270
278
291
304
312
313
317
331
337
334
335
331
326
324
308
298
291
271
252
234
205
179
152
118
96
62
27
-3
-29
-57
-96
-124
-154
-180
-201
-233
-250
-269
-291
-305
-321
-332
-343
-346
-344
-350
-349
-352
-350
-339
-336
-329
-317
-312
-302
-288
-274
-261
-246
-235
-224
-208
-202
-194
-169
-157
-146
-125
-116
-101
-77
-53
-28
-2
20
43
73
100
120
145
177
207
236
269
296
326
348
364
386
406
420
436
443
458
466
457
454
443
431
418
391
367
345
322
291
264
230
191
154
112
79
44
11
-20
-54
-79
-103
-129
-149
-159
-177
-202
-213
-222
-235
-246
-247
-248
-248
-251
-246
-237
-227
-218
-219
-210
-214
-216
-207
-213
-216
-218
-220
-224
-229
-229
-241
-251
-250
-249
-253
-253
-253
-255
-245
-240
-235
-215
-198
-180
-166
-144
-112
-82
-35
8
47
80
101
134
177
228
266
295
325
354
374
394
417
436
448
455
458
452
442
428
408
390
365
335
307
281
253
216
174
140
105
68
32
2
-25
-51
-77
-97
-117
-142
-143
-144
-165
-169
-169
-167
-166
-173
-160
-157
-155
-158
-155
-139
-136
-130
-132
-136
-140
-147
-144
-161
-188
-203
-216
-224
-222
-234
-244
-245
-254
-256
-256
-260
-252
-247
-252
-241
-220
-205
-190
-166
-138
-111
-83
-47
-7
31
70
106
143
176
205
237
268
291
320
349
365
378
381
382
388
381
374
378
371
351
331
309
282
255
228
198
168
143
111
84
67
41
15
-5
-23
-45
-62
-77
-86
-94
-102
-112
-122
-128
-128
-128
-131
-133
-139
-143
-132
-126
-136
-141
-140
-151
-156
-149
-160
-174
-170
-169
-181
-192
-193
-193
-196
-202
-205
-211
-215
-212
-211
-205
-196
-191
-180
-163
-147
-125
-106
-94
-74
-49
-21
11
37
59
82
102
124
160
187
201
220
239
251
264
277
280
284
290
291
291
281
267
258
247
234
212
193
183
171
158
141
121
106
92
78
59
33
16
5
-8
-20
-43
-58
-61
-73
-87
-106
-108
-103
-107
-115
-135
-146
-143
-146
-148
-159
-169
-172
-167
-166
-172
-176
-173
-174
-171
-170
-180
-178
-165
-161
-163
-158
-146
-146
-139
-123
-120
-115
-107
-90
-75
-60
-39
-22
-3
10
18
41
61
79
96
108
119
128
142
161
173
183
191
194
197
196
198
208
210
207
204
201
204
199
193
185
177
173
163
157
144
138
130
119
96
73
73
69
59
40
28
23
5
-8
-25
-41
-58
-77
-93
-111
-125
-142
-156
-168
-186
-201
-211
-224
-232
-233
-246
-254
-255
-263
-273
-268
-262
-258
-259
-267
-262
-248
-249
-244
-220
-194
-168
-144
-123
-95
-69
-50
-26
-3
12
26
40
57
79
94
110
127
143
155
170
188
212
224
230
238
241
241
247
244
242
238
235
240
241
246
251
258
261
261
256
250
245
238
226
211
207
197
181
167
153
141
126
110
101
77
52
42
25
-3
-24
-47
-73
-97
-125
-158
-183
-203
-226
-247
-264
-287
-303
-311
-319
-328
-337
-341
-340
-336
-332
-329
-319
-304
-293
-283
-269
-258
-242
-222
-203
-183
-162
-139
-111
-91
-75
-56
-40
-30
-18
-8
0
10
26
42
52
64
72
81
96
107
112
120
127
135
146
154
163
173
171
176
188
193
209
226
227
232
244
242
243
248
248
246
239
230
229
221
201
180
168
156
133
109
97
75
53
39
19
3
0
-13
-24
-32
-59
-84
-95
-114
-132
-133
-136
-148
-157
-154
-149
-151
-147
-135
-125
-117
-107
-101
-96
-99
-102
-93
-89
-87
-78
-78
-73
-59
-59
-59
-54
-58
-61
-63
-65
-70
-76
-73
-68
-67
-62
-66
-63
-54
-63
-60
-47
-45
-37
-33
-32
-21
-7
1
18
32
45
55
63
71
73
80
86
89
94
98
98
100
103
105
102
98
98
100
95
84
73
67
61
53
42
32
27
25
22
16
9
3
0
-4
-12
-21
-24
-22
-18
-16
-11
-8
-7
-5
-2
-1
-3
-5
-2
5
5
-2
-6
-2
0
-5
-10
-12
-12
-13
-20
-26
-34
-42
-48
-52
-54
-56
-59
-57
-55
-56
-62
-68
-74
-76
-77
-79
-79
-76
-67
-61
-56
-58
-52
-45
-39
-36
-30
-22
-17
-12
-7
1
9
16
24
35
42
45
48
51
53
53
53
55
57
59
61
65
67
68
69
70
69
64
63
62
63
63
61
62
66
68
66
66
65
67
67
62
56
58
58
51
42
37
33
27
19
12
6
3
-4
-13
-16
-22
-31
-36
-39
-47
-58
-67
-72
-75
-77
-84
-87
-84
-84
-92
-98
-96
-96
-97
-93
-89
-89
-90
-90
-88
-85
-84
-83
-78
-71
-63
-58
-54
-46
-35
-26
-22
-17
-11
-2
4
8
11
18
24
28
31
36
43
48
55
61
65
70
73
72
76
81
81
80
86
91
86
83
88
88
82
81
84
83
80
79
76
71
67
63
57
52
50
42
34
31
24
14
8
3
-4
-11
-15
-21
-25
-29
-34
-39
-43
-48
-51
-52
-58
-65
-66
-68
-73
-78
-77
-76
-74
-71
-73
-78
-84
-84
-80
-76
-75
-78
-76
-75
-75
-75
-71
-65
-58
-53
-49
-41
-36
-34
-33
-28
-20
-12
-5
1
4
6
11
21
32
37
40
45
55
60
62
65
71
76
77
80
87
89
89
88
90
91
92
92
91
90
85
81
79
76
73
71
71
68
61
52
46
46
46
41
34
30
27
19
8
0
-5
-12
-19
-21
-21
-25
-35
-43
-46
-52
-61
-65
-66
-65
-68
-71
-73
-78
-85
-89
-92
-95
-101
-106
-109
-114
-118
-119
-117
-118
-119
-115
-107
-103
-101
-94
-83
-76
-73
-65
-53
-43
-40
-34
-26
-11
1
11
21
32
43
55
68
78
85
93
102
111
117
121
121
121
122
127
133
138
139
137
133
128
123
119
116
115
112
109
103
95
86
77
68
58
49
44
39
36
32
25
17
12
5
-4
-14
-23
-29
-34
-36
-44
-53
-64
-74
-83
-91
-98
-103
-103
-101
-101
-106
-114
-119
-122
-124
-126
-129
-132
-132
-129
-124
-120
-116
-115
-111
-106
-99
-90
-80
-71
-64
-58
-52
-44
-35
-25
-14
-4
7
19
31
41
50
55
64
74
81
88
92
97
102
108
112
109
108
107
108
109
108
107
105
105
105
106
105
104
103
100
99
96
91
90
85
77
66
55
46
41
38
35
30
22
16
8
2
-4
-12
-20
-28
-35
-43
-51
-58
-66
-71
-76
-81
-88
-96
-102
-104
-103
-101
-101
-103
-107
-107
-105
-103
-100
-97
-93
-88
-85
-84
-82
-78
-71
-62
-53
-48
-42
-38
-34
-28
-21
-15
-9
-4
1
6
12
17
18
22
27
33
38
42
46
53
61
67
71
72
72
71
72
74
76
78
82
86
88
87
82
77
76
74
77
78
77
73
69
66
63
60
55
47
39
31
25
22
19
15
10
3
-4
-9
-13
-18
-23
-29
-36
-43
-48
-53
-59
-61
-66
-69
-72
-73
-72
-72
-70
-72
-75
-71
-72
-74
-67
-72
-75
-70
-68
-60
-61
-65
-58
-55
-53
-44
-45
-40
-28
-25
-23
-21
-15
-8
-4
5
15
17
19
23
31
34
37
44
45
48
54
53
55
63
60
59
64
66
64
64
64
65
63
63
61
56
53
56
54
48
42
42
42
38
33
24
22
23
19
13
12
11
1
-9
-7
-6
-12
-13
-15
-21
-26
-31
-32
-32
-42
-44
-37
-38
-43
-41
-41
-43
-48
-50
-47
-47
-47
-43
-42
-41
-40
-41
-39
-33
-33
-35
-28
-24
-26
-26
-21
-17
-18
-13
-7
-3
-3
0
6
8
5
8
15
16
15
19
25
24
23
25
27
28
28
28
30
31
32
30
29
30
31
31
27
23
27
30
27
23
20
21
21
19
16
15
11
10
12
15
12
6
4
3
1
-4
-6
-3
-3
-7
-8
-11
-9
-11
-13
-13
-16
-16
-18
-18
-17
-19
-19
-20
-20
-20
-21
-21
-21
-19
-18
-18
-17
-15
-15
-13
-14
-13
-13
-11
-11
-9
-7
-8
-5
-1
0
3
3
3
5
7
9
9
7
7
9
12
12
13
10
11
12
15
16
14
11
11
13
15
17
17
15
12
12
12
12
12
12
11
11
10
9
8
7
6
4
3
4
6
4
2
0
-1
-2
-4
-4
-6
-9
-10
-9
-8
-9
-10
-9
-8
-10
-11
-11
-9
-8
-13
-11
-11
-11
-13
-15
-13
-10
-11
-12
-12
-10
-12
-11
-11
-10
-10
-7
-5
-4
-3
-3
-2
0
2
3
3
3
4
4
6
6
6
6
7
7
7
8
8
8
8
9
10
9
9
10
10
9
9
9
10
9
9
8
8
10
11
10
10
9
7
7
9
5
7
5
5
5
0
3
6
1
5
5
-4
-1
1
-3
-5
-8
-8
-4
-9
-11
-10
-9
-9
-9
-10
-8
-8
-7
-6
-6
-4
-5
-4
-4
-5
-5
-4
-4
-3
-4
-3
-4
-3
-3
-3
-3
-1
-1
1
2
3
4
4
4
5
2
2
3
2
4
-1
0
1
3
3
2
4
3
3
3
3
3
2
2
0
0
-2
1
2
4
4
4
5
4
3
5
4
5
5
6
6
8
4
4
5
4
0
-1
-2
-1
-3
-4
-3
-1
0
-1
-1
-3
-6
-6
-5
-4
1
-2
-6
-1
-1
-3
-2
-5
-4
2
-2
-4
-1
-4
-4
-3
-3
0
0
0
0
1
1
0
1
0
-1
-1
0
1
1
2
2
1
1
0
-1
-1
-2
-3
2
-1
-6
-1
0
-1
1
-2
2
8
3
1
4
2
3
2
1
2
3
3
3
5
3
0
4
3
0
5
4
-1
2
0
-2
1
0
0
-1
-3
1
2
0
-1
-2
-3
-6
-5
-5
-4
-2
-2
-5
-2
-3
-5
0
-3
-4
-1
-3
-1
-3
-6
-1
-1
-2
1
3
0
-2
1
1
-2
2
5
2
0
0
2
-1
3
0
2
4
2
6
1
4
3
0
3
-1
-1
-1
0
2
-1
2
1
2
2
0
0
3
4
4
2
4
4
3
2
0
3
3
2
0
2
2
0
1
3
0
-1
-1
2
0
0
1
1
2
1
1
2
2
-1
-3
-3
0
0
-2
-2
-3
-2
-4
-3
-2
-2
-4
-3
-1
0
-1
-2
0
0
-3
-4
-1
-1
-2
-3
-1
1
0
-2
0
-1
-2
-2
-3
-4
-3
-3
-2
-1
-1
1
3
2
1
1
2
2
-1
2
3
4
3
2
2
2
0
-1
-1
-1
-3
0
-1
-1
-2
1
5
5
2
2
4
5
6
3
2
2
1
0
1
2
1
1
1
3
3
0
1
1
1
1
1
1
0
0
0
-1
-1
-2
-2
-3
-3
-4
-3
-4
-4
-4
-3
-4
-6
-4
-3
-3
-2
-3
-3
-5
-2
-2
-4
-4
-1
-1
-1
-1
-1
1
0
-1
0
0
1
2
2
3
3
5
3
3
2
1
1
3
2
2
3
3
3
1
0
0
0
0
0
3
6
6
4
5
5
4
-1
0
4
5
2
0
2
2
2
2
3
2
0
1
4
3
-1
-1
4
6
3
0
-1
-2
-3
-2
-3
-1
0
0
-3
-5
-3
-3
0
0
-1
0
0
-1
-2
-1
-1
-3
-1
-5
-4
-6
-10
-7
-6
-6
-3
-2
-2
-1
0
0
2
0
-2
-1
4
3
0
-2
0
4
4
4
1
0
1
3
4
6
6
5
3
2
2
1
5
5
5
8
4
2
5
4
2
6
3
-2
5
1
4
5
1
6
3
3
2
0
3
3
2
0
0
-2
-1
0
-4
1
0
-1
1
-3
0
-3
-2
-1
-4
-2
-4
-3
-5
-6
-2
-3
-3
-4
-4
-3
-3
-5
-5
-4
-5
-4
-5
-5
-6
-5
-7
-4
-4
-4
-3
-3
0
0
-1
3
3
-1
1
0
-1
0
0
-1
1
3
5
5
6
3
3
5
5
6
8
6
8
11
7
9
9
8
10
9
6
4
3
5
7
8
6
3
1
1
0
1
0
0
2
1
0
0
-2
-2
-3
-3
-3
-4
-3
-2
-2
-2
-4
-4
-4
-4
-5
-6
-5
-3
-3
-4
-4
-4
-4
-3
-3
-3
-5
-3
-3
-5
-5
-4
-2
-1
-2
-3
-3
-2
-2
-4
-5
0
2
0
-2
-2
1
1
-2
-2
2
3
2
0
1
4
6
6
6
9
8
9
6
6
7
7
8
8
9
8
8
8
8
6
3
2
2
4
4
5
7
4
1
1
2
-1
-2
0
0
-4
-2
0
-3
-4
-6
-4
-6
-8
-4
-6
-7
-2
-5
-5
-3
-9
-6
-4
-9
-4
-4
-7
-2
-3
-4
-4
-9
-8
-2
-4
-5
-5
-4
-2
-3
-4
-1
3
3
1
0
1
3
2
2
1
1
2
4
4
4
2
1
1
3
3
3
3
3
4
5
7
8
7
6
6
5
5
3
5
4
5
4
4
3
2
3
3
3
2
0
0
2
3
2
2
1
0
1
3
2
0
-2
-1
-1
1
2
1
0
0
-3
-3
-2
-2
-4
-1
1
-4
-6
-4
-5
-8
-4
-2
-3
-6
-4
-3
-7
0
-2
-3
-5
-7
1
-3
-3
-2
-2
3
-3
-3
-3
-3
-3
-2
1
0
-1
1
4
4
1
-2
2
5
4
3
4
3
2
4
5
3
0
0
3
3
-1
1
4
6
5
4
4
5
5
5
5
6
5
5
4
4
2
5
1
3
4
2
3
3
1
3
2
1
0
1
-2
-2
-3
-2
-4
-3
-3
-2
-3
-3
-2
-2
-2
-3
