-2
0
0
1
2
1
-1
-3
-5
-4
-3
-1
0
0
-2
-4
0
-2
-3
-1
-2
-5
-1
-2
-4
3
2
0
2
0
2
5
0
-4
2
5
4
3
3
4
4
1
0
3
3
0
-1
2
3
0
-1
1
3
3
2
3
3
3
2
4
2
1
1
-1
-1
1
0
0
0
1
0
-2
0
1
-1
1
1
-2
2
-3
-3
3
-2
-3
0
-1
2
3
1
1
1
-1
0
2
1
-1
0
1
3
1
-1
-4
-1
1
-1
0
0
3
2
1
2
0
2
2
3
3
2
2
1
1
0
-3
1
2
4
2
0
0
2
2
-1
-2
-3
-3
-1
0
-4
-5
-3
-3
-2
-2
-4
1
4
-3
-5
1
0
0
3
0
1
3
-2
-4
1
1
1
2
1
3
4
1
2
3
1
2
3
2
1
0
-1
1
2
1
4
4
6
5
4
6
6
4
2
2
1
-1
-1
-2
-1
0
0
1
1
0
0
0
-2
0
0
-1
3
2
2
2
-1
-2
0
0
-1
-1
-1
1
2
2
2
0
3
1
0
2
-3
3
0
2
1
-3
1
0
1
1
-1
1
-2
0
0
-1
1
1
1
0
-2
-3
-2
0
1
0
-1
-1
0
3
3
1
-2
-3
-4
-3
-3
-3
-2
-1
0
2
1
1
3
1
1
1
0
1
3
-1
-1
0
0
2
0
-2
1
1
0
0
1
1
-1
-3
-2
0
2
1
0
1
2
1
-1
-2
0
1
0
-2
0
0
0
-1
-2
-1
1
1
1
2
0
1
2
4
5
3
4
4
1
-1
-2
0
1
0
-1
-1
-2
-2
0
2
4
2
3
3
3
1
0
1
0
-1
-1
-1
0
0
-1
-2
-2
-2
-3
-3
-4
-4
-4
-2
-2
-1
0
2
2
2
1
0
1
1
3
2
0
0
2
3
3
2
1
0
1
0
0
0
-1
-1
-1
-3
-2
-2
-2
1
0
-2
0
-4
-7
-1
-3
-2
3
0
0
2
-2
-1
1
0
1
0
0
-3
-3
-1
-1
2
2
0
-1
-2
-2
-1
-1
0
0
0
0
1
0
2
2
1
1
0
0
-1
-1
0
1
1
2
3
3
4
2
2
0
0
0
0
3
-1
0
-2
-2
1
-1
1
-1
-1
0
-2
1
2
3
4
2
0
-1
-2
1
4
2
-1
-1
2
3
4
3
4
3
0
0
1
0
-2
-1
-1
-1
-2
-3
-4
-4
-3
-3
0
2
1
-1
0
0
0
2
3
3
3
5
5
3
1
1
3
5
3
0
1
2
0
1
-1
-1
-3
-3
-5
-7
-5
1
0
-3
-3
-2
-1
-2
-3
-2
0
1
-2
-2
0
0
1
4
5
2
0
1
1
-2
3
5
5
1
0
2
2
3
3
2
1
2
-1
-1
1
1
1
2
4
1
0
-2
0
-1
-1
0
4
4
1
-1
-4
-4
-3
-2
0
-1
-2
-2
-1
-1
-3
-3
-1
0
2
1
2
3
1
1
1
0
0
-1
0
0
-1
-2
-1
-1
-1
-1
0
0
0
0
1
0
-1
-1
0
0
-3
-4
-2
0
0
0
0
0
0
0
1
2
1
-1
0
-1
-1
0
0
0
-1
-1
1
2
0
-1
2
3
2
2
3
5
5
4
3
3
3
3
1
-1
-2
0
2
1
0
-3
0
-1
-2
-3
-2
0
1
0
-1
0
-3
0
-1
2
2
-2
3
-2
0
-1
-5
1
-3
0
-1
-1
0
-2
0
1
-1
1
1
0
1
2
1
2
2
3
3
3
3
3
4
2
1
0
0
-1
0
1
1
2
2
1
0
2
-1
1
1
-3
1
-2
-1
0
-4
-3
-4
-3
0
1
1
1
-2
-2
0
0
0
0
1
-3
-2
0
0
-3
-3
-3
-5
-4
-1
-2
-1
0
0
0
0
0
0
0
2
1
1
0
1
-1
0
0
0
1
1
1
3
2
1
2
4
5
2
1
1
3
2
4
2
4
6
2
5
1
2
4
3
6
1
1
1
0
2
1
0
0
0
0
-2
-4
-5
-3
-1
-1
-1
-2
-2
-5
-5
-3
-4
1
1
-3
-2
0
-1
-1
2
5
0
-4
-1
2
-1
1
2
1
0
-1
-3
-1
1
0
-1
0
1
-3
-3
0
1
-3
0
3
2
0
2
2
0
3
5
6
5
3
2
1
0
0
1
0
-1
-1
1
-2
-5
-4
-1
0
-1
0
1
0
-1
-1
4
4
1
0
1
2
0
0
1
0
0
1
1
2
0
-1
3
2
-2
1
-1
1
2
1
2
5
1
0
3
0
0
-1
-1
1
-1
-1
0
0
-1
-4
-3
-2
0
2
2
0
0
3
5
5
2
2
2
1
0
1
1
1
-3
-3
0
-1
-1
-2
-1
3
2
2
1
0
0
0
1
3
2
1
0
2
1
0
-1
-1
0
1
0
-1
-4
-2
0
0
-1
2
1
1
-1
0
4
3
-3
0
0
-1
0
-5
-3
0
-4
-6
-5
-2
-2
-3
-1
-1
-1
2
-2
-4
2
1
-1
5
2
-4
-1
0
1
-2
-3
2
1
-4
-3
-3
-4
0
2
0
-1
0
1
1
1
4
5
2
1
1
1
1
4
4
8
5
3
5
2
0
5
1
1
4
1
-2
0
-3
0
2
2
1
1
1
1
1
3
2
2
1
0
0
4
1
-1
0
0
1
0
0
1
1
1
0
-1
-2
-4
-3
-1
0
-1
1
2
3
1
-1
0
0
0
2
2
1
-1
0
-2
-2
-2
-4
-2
-1
-3
-2
-1
1
1
0
1
1
1
2
-1
2
1
-1
1
1
-1
4
1
-2
3
0
0
2
-1
-1
0
-1
-1
-2
4
1
-1
5
2
0
2
-1
0
1
-3
-3
1
-1
-2
0
1
1
-2
0
-2
-1
-1
-2
-2
0
0
-4
-5
1
3
0
2
3
-1
-3
-1
0
1
0
4
2
-1
1
-1
2
-2
-4
-2
-1
0
-1
-1
1
3
3
3
4
4
3
2
0
1
3
6
7
6
1
-2
-3
-1
2
2
2
2
0
-1
0
3
4
3
1
1
4
5
4
1
5
6
4
-1
-1
2
3
3
3
4
5
0
-3
-4
-1
1
1
3
3
1
0
-1
-1
-1
-2
0
3
4
3
-3
-6
-7
-2
1
4
3
0
0
-2
-3
0
4
5
1
-2
-2
1
1
0
-1
-2
-1
0
-1
-4
-5
-3
0
1
-1
2
5
3
-4
-10
-8
-4
1
3
4
2
0
-1
0
0
-1
2
3
1
-2
-3
0
0
-5
-8
-8
-2
2
5
6
5
4
7
9
10
8
4
0
0
3
6
5
1
-5
-6
-3
3
6
4
-2
-5
-7
-5
-3
2
3
2
1
2
4
4
2
1
1
0
-4
-6
-4
-3
-4
-4
-2
0
0
1
2
2
2
5
7
7
5
2
1
-1
-5
-10
-13
-12
-8
-9
-6
-2
0
4
5
2
4
8
7
10
11
5
1
6
2
-5
1
5
-4
-5
7
3
-11
-9
0
-5
-5
4
-4
-19
-17
-2
0
-1
13
22
8
4
14
15
4
8
15
-2
-24
-17
-6
-16
-16
2
21
17
16
31
20
-2
-23
-24
-18
-22
-13
-17
-42
-75
-96
-95
-63
17
111
152
103
15
-34
-20
45
84
72
30
-23
-49
-52
-28
0
8
15
15
19
28
26
-5
-44
-41
-12
-9
-28
-29
-26
-49
-61
-26
20
29
23
29
19
-8
-19
-9
0
3
10
24
34
37
39
45
42
26
14
6
-10
-20
-15
-37
-92
-136
-146
-116
-27
90
149
117
46
8
24
68
97
78
31
-15
-32
-21
-21
-18
-13
-12
-18
-6
44
79
75
41
-4
-39
-61
-68
-64
-59
-71
-98
-109
-86
-39
11
41
47
50
55
55
64
87
82
38
4
1
-6
-21
-11
4
-9
-27
-14
12
9
-10
-16
-12
-8
-8
-6
0
-4
-27
-48
-48
-38
-30
-18
4
21
22
19
19
25
34
36
30
20
12
10
13
7
-5
-21
-33
-33
-25
-19
-12
-1
-3
-15
-20
-4
9
11
10
11
7
2
4
8
9
1
-7
-7
0
6
8
9
8
6
4
3
4
6
6
-3
-11
-12
-13
-21
-28
-23
-15
-11
-9
0
13
18
14
8
13
26
35
33
26
20
12
-1
-12
-17
-17
-18
-20
-17
-7
0
0
0
0
-9
-14
-1
19
20
9
8
0
-26
-46
-42
-28
-17
-6
2
-3
-10
0
19
32
29
21
16
20
32
52
61
37
-16
-62
-75
-56
-13
32
39
13
0
10
19
18
32
44
33
3
-13
-9
-13
-38
-67
-84
-89
-71
-18
37
52
31
9
-12
-26
-5
54
83
47
-18
-63
-91
-97
-68
-23
2
16
44
90
133
145
103
17
-59
-69
-20
55
103
80
-5
-98
-147
-129
-60
2
12
2
4
12
25
45
44
4
-47
-61
-26
25
47
35
-6
-73
-137
-137
-64
36
108
112
42
-41
-63
-37
4
57
92
66
24
30
48
26
-4
-27
-82
-123
-51
93
163
136
72
-22
-125
-136
-41
51
83
87
56
-28
-84
-34
45
35
-61
-134
-129
-73
-8
45
54
-14
-110
-129
-54
44
110
121
41
-84
-125
-44
35
47
41
24
-41
-77
22
164
189
114
54
1
-80
-105
-21
54
26
-42
-89
-113
-87
36
175
174
85
66
86
71
45
12
-82
-230
-297
-194
-71
-59
-35
44
35
-21
32
137
181
191
190
127
12
-75
-101
-104
-94
-58
-38
-66
-70
0
103
138
111
129
189
191
118
29
-59
-182
-309
-309
-248
-267
-227
-19
178
232
223
212
148
62
83
173
139
-20
-169
-264
-330
-325
-233
-130
-42
71
197
293
356
378
330
208
34
-128
-196
-196
-243
-336
-407
-401
-278
-84
65
171
303
360
265
198
256
286
215
94
-52
-187
-232
-193
-192
-236
-249
-289
-353
-269
-6
286
463
469
374
216
-7
-181
-199
-117
-70
-67
-31
-1
-42
-45
66
157
108
46
61
42
-6
79
217
166
-14
-120
-195
-317
-347
-220
-51
135
324
334
76
-214
-266
-83
146
280
263
75
-218
-398
-307
-62
96
112
76
24
-12
42
156
171
37
-119
-179
-100
117
345
357
136
-102
-260
-380
-369
-134
97
84
-15
25
87
29
-32
-21
-58
-126
-30
223
389
321
128
-60
-244
-351
-229
32
127
9
-62
-5
29
47
160
252
150
-22
-57
-25
-53
-84
-67
-99
-167
-136
-5
106
194
276
227
-12
-232
-238
-155
-141
-109
-11
-27
-164
-172
-29
32
7
82
202
211
183
257
333
229
-3
-140
-131
-116
-122
-71
-47
-159
-269
-200
-36
77
128
123
66
20
46
134
205
191
86
-66
-150
-106
-10
58
26
-119
-239
-255
-175
-5
155
180
105
33
3
-2
17
38
-8
-85
-76
-4
12
-25
-51
-76
-124
-162
-177
-175
-100
63
253
404
477
428
233
-9
-141
-118
-19
64
71
-23
-190
-299
-274
-169
-21
120
135
87
114
161
164
118
14
-136
-274
-310
-220
-84
2
-22
-119
-161
-98
11
138
252
274
172
35
-6
46
66
-11
-122
-191
-190
-94
96
263
264
125
-1
-35
12
127
261
290
145
-55
-158
-149
-112
-94
-82
-73
-111
-168
-131
-30
-29
-151
-249
-228
-87
101
248
306
247
109
-10
-34
25
78
33
-101
-242
-293
-214
-53
109
195
170
120
106
125
187
266
274
136
-88
-226
-215
-142
-117
-145
-148
-132
-153
-123
54
239
259
132
-15
-106
-146
-165
-142
-71
6
18
-36
-74
-58
-39
-10
55
130
162
128
74
53
46
26
-23
-97
-129
-93
-29
24
71
145
193
145
84
91
125
152
157
134
94
32
-68
-194
-276
-252
-195
-185
-162
-65
27
13
-56
-70
-51
-58
-22
120
268
297
212
80
-46
-146
-165
-94
-19
-10
-64
-126
-136
-121
-98
-34
34
59
100
199
310
370
345
222
19
-184
-287
-233
-71
82
131
69
-47
-130
-138
-109
-79
-54
-39
-31
22
109
133
57
-28
-80
-132
-175
-133
-26
17
-38
-81
-80
-87
-113
-122
-84
-31
24
98
141
105
53
13
-62
-130
-75
81
199
252
277
254
172
67
-17
-73
-139
-189
-147
-37
54
81
33
-42
-109
-133
-84
27
154
221
201
142
59
-28
-68
-88
-115
-121
-113
-101
-57
21
45
-27
-61
-4
32
34
67
102
87
44
36
59
67
55
27
11
40
87
104
96
62
9
-36
-57
-48
-5
57
80
53
26
12
-5
-21
-26
-54
-117
-180
-224
-252
-246
-182
-93
-43
-29
-12
3
-5
-2
45
84
47
-53
-109
-74
-21
-1
21
31
11
-7
30
140
234
242
191
105
7
-40
-20
15
37
59
80
65
9
-37
-50
-44
-22
44
127
145
66
-39
-107
-139
-147
-130
-81
-10
12
-53
-116
-116
-96
-72
-44
-35
-42
-34
-18
-1
13
25
33
15
-9
3
41
62
48
14
-12
-30
-35
4
81
142
139
70
-16
-69
-79
-49
19
90
111
68
5
-46
-72
-81
-81
-69
-33
6
34
74
113
101
43
-5
-29
-38
-33
-32
-60
-93
-87
-54
-26
-9
1
-6
-28
-30
6
51
54
5
-62
-111
-124
-87
0
84
103
60
9
-22
-23
10
49
45
3
-42
-75
-95
-98
-96
-106
-135
-157
-139
-88
-45
-23
-5
10
1
-22
-36
-40
-69
-124
-177
-207
-195
-136
-66
-29
-34
-65
-104
-108
-46
53
122
146
150
153
151
133
109
104
105
85
76
112
171
189
163
140
137
137
148
177
203
217
198
175
158
151
156
116
51
-16
-51
-48
-50
-43
-33
-32
-43
-48
-13
36
60
78
131
176
164
146
133
98
19
-48
-59
-64
-54
-36
-22
5
39
89
116
125
143
144
123
90
67
47
25
6
3
17
33
29
3
-32
-87
-169
-230
-226
-171
-120
-91
-93
-146
-227
-269
-247
-175
-69
40
96
108
128
149
126
74
42
41
50
61
89
100
48
-73
-228
-374
-474
-489
-429
-355
-299
-250
-223
-259
-330
-360
-373
-491
-741
-1031
-1288
-1509
-1668
-1740
-1746
-1724
-1652
-1482
-1205
-829
-386
61
441
729
955
1131
1209
1142
954
714
473
275
170
154
152
140
175
277
416
601
839
1078
1254
1369
1445
1488
1486
1437
1328
1155
960
809
707
637
624
660
657
627
676
786
860
920
1005
1030
959
898
877
797
663
579
570
604
722
914
1041
1040
968
826
575
262
-9
-186
-259
-237
-176
-178
-332
-572
-732
-774
-847
-1029
-1277
-1622
-2105
-2664
-3286
-4107
-5176
-6310
-7193
-7438
-6687
-4932
-2733
-912
28
206
112
261
964
2067
3041
3499
3395
2786
1854
904
-42
-1146
-2164
-2632
-2490
-1945
-1165
-450
-126
-131
-145
68
662
1632
2629
3250
3473
3481
3272
2778
2136
1520
900
270
-140
-204
-123
-126
-233
-404
-593
-612
-273
345
976
1427
1662
1692
1496
1103
657
301
100
122
430
879
1153
1049
603
25
-393
-488
-319
-2
435
856
991
841
660
438
28
-290
-124
397
919
1243
1171
680
95
-377
-763
-907
-696
-415
-248
-72
57
-61
-289
-324
-129
202
697
1354
1913
2068
1844
1521
1203
804
434
361
533
620
538
426
201
-359
-1129
-1752
-2091
-2216
-2186
-2244
-2874
-4389
-6619
-8953
-10306
-9523
-6604
-3077
-618
239
-29
-543
-393
824
2690
4400
5326
5283
4582
3652
2454
691
-1420
-3083
-3696
-3312
-2437
-1656
-1329
-1490
-1925
-2250
-1929
-657
1163
2746
3776
4426
4674
4349
3671
3052
2528
1959
1452
1137
912
605
96
-698
-1635
-2268
-2193
-1369
-153
909
1478
1617
1536
1334
1140
1204
1579
1920
1877
1597
1461
1423
1068
304
-494
-1040
-1345
-1378
-1043
-498
-129
-94
-197
-249
-282
-234
125
795
1346
1397
1000
498
152
-84
-419
-785
-911
-786
-606
-440
-357
-514
-785
-802
-443
136
829
1499
1925
2064
2087
2074
1989
1857
1694
1484
1331
1261
1025
550
190
94
-63
-470
-962
-1423
-1821
-1979
-1808
-1638
-2037
-3354
-5477
-7823
-9417
-9212
-6881
-3488
-925
-382
-1445
-2665
-2790
-1400
1100
3728
5439
5746
4932
3683
2446
1152
-320
-1556
-1940
-1418
-618
-422
-1308
-2768
-3826
-4067
-3485
-1964
95
1665
2295
2406
2297
2041
1922
2170
2680
3246
3592
3392
2631
1602
513
-510
-1208
-1355
-1049
-546
-30
291
183
-267
-603
-536
-160
475
1437
2419
2761
2311
1701
1422
1229
849
639
885
1154
946
406
-125
-583
-885
-815
-422
-26
214
345
443
654
1015
1077
531
51
394
1052
1104
654
200
-247
-520
-248
149
8
-368
-386
-180
34
506
1182
1547
1583
1783
2154
2194
1863
1634
1624
1526
1246
897
500
219
361
701
472
-512
-1531
-2049
-2180
-2017
-1682
-1957
-3545
-5989
-8331
-9972
-10089
-7857
-4157
-1521
-1476
-3109
-4487
-4299
-2201
1162
4346
6113
6223
5160
3662
2428
1659
1012
345
87
474
836
134
-1794
-3905
-4993
-4724
-3507
-1839
-236
614
385
-282
-414
192
1079
2140
3545
4802
5016
4173
3103
2291
1648
1298
1466
1701
1393
771
374
5
-733
-1452
-1457
-832
-281
-55
260
741
826
391
262
985
1973
2430
2255
1727
1080
586
422
465
469
310
2
-240
-254
-353
-839
-1176
-686
167
427
100
-163
-191
-141
-20
41
-108
-135
236
536
280
-270
-677
-825
-581
86
779
1202
1438
1382
960
815
1485
2277
2256
1779
1693
1706
1048
153
32
477
580
425
540
482
-320
-1226
-1392
-1120
-1082
-1306
-1784
-2921
-4790
-6818
-8375
-8844
-7528
-4710
-2331
-2265
-4072
-5546
-5081
-2708
629
3722
5391
5057
3357
1884
1796
2597
2897
2400
2095
2383
2238
747
-1485
-3002
-3191
-2643
-2056
-1618
-1537
-2209
-3383
-3988
-3229
-1466
233
1218
1679
2031
2214
2010
1877
2500
3589
4293
4559
4624
3964
2419
1152
944
1045
809
586
422
-336
-1629
-2374
-2010
-1300
-1102
-1085
-451
585
1065
826
603
795
1187
1726
2435
2796
2317
1479
1116
1211
1043
367
-197
-33
488
370
-580
-1387
-1419
-1153
-1038
-819
-466
-405
-503
-216
296
486
378
346
567
1107
1768
2018
1727
1396
1282
1253
1432
1895
1979
1231
402
298
467
324
336
742
720
97
-81
339
194
-741
-1354
-1247
-1081
-1176
-1364
-1890
-3291
-5463
-7471
-8398
-7922
-6085
-3532
-2037
-3101
-5629
-6746
-5059
-1681
1587
3605
3915
2861
1646
1387
2183
3294
3901
3747
3306
3065
2667
1458
-219
-1180
-898
-237
-432
-1560
-2706
-3501
-4089
-3888
-2486
-1116
-1070
-1628
-1385
-362
644
1495
2493
3482
3979
4023
4093
4103
3616
3066
3354
4071
3768
2284
832
-55
-1004
-2015
-2091
-1103
-531
-1349
-2360
-2226
-1210
-641
-628
-140
649
1116
1184
1406
1737
1625
1674
2312
2864
2374
1018
1
-27
587
898
421
-265
-416
-343
-605
-875
-751
-571
-565
-316
110
-18
-583
-628
6
501
521
453
423
273
256
746
1509
1930
1733
1188
799
832
1091
1323
1554
1812
1676
808
-122
-253
59
-103
-540
-494
-293
-887
-1996
-2638
-3170
-4311
-5799
-6838
-7063
-6607
-5062
-3166
-3001
-5013
-7218
-6828
-3597
173
2637
3085
1962
235
-816
146
2705
5043
5738
4809
3424
2372
1638
920
482
829
1573
1539
100
-1691
-2933
-3804
-4250
-3729
-2167
-1194
-1598
-2113
-1860
-1185
-741
-168
874
1965
2782
3380
3871
3877
3209
2671
3025
3513
3042
2142
1850
1815
1141
231
117
398
-184
-1402
-1505
-152
833
236
-952
-1433
-1507
-1420
-811
306
1113
729
-74
-329
-69
120
207
1070
2494
3352
2850
1419
488
730
1444
1773
1782
1573
877
-3
-397
-682
-1592
-2419
-2035
-964
-687
-1358
-1837
-1584
-997
-319
496
1104
1106
884
1248
2279
3140
3200
2733
2324
2073
1808
1674
1967
2402
2107
809
-536
-1017
-1010
-1250
-1705
-2273
-3352
-4930
-6323
-7178
-7544
-7021
-5330
-3734
-4258
-6762
-8319
-6822
-3438
-552
899
933
-207
-1376
-853
1642
4339
5614
5180
4092
3402
3244
3443
3375
2965
2544
2196
1538
-15
-1580
-2065
-1843
-1850
-1912
-1604
-2019
-3638
-4491
-3170
-1335
-732
-640
-5
586
465
367
1034
2021
2633
3038
3603
3767
3115
2530
2795
3291
3070
2519
2651
2983
2343
1091
489
825
902
-36
-814
-729
-707
-1123
-1525
-1602
-1573
-1733
-1516
-688
-129
-229
-407
118
1186
1682
1452
1261
1632
2625
3281
2649
1241
79
-293
47
533
535
-402
-1649
-1877
-1339
-1517
-2368
-2487
-1646
-935
-676
-266
243
271
-3
314
1401
2159
1792
1168
1388
2058
2290
2257
2376
2213
1470
789
587
400
15
-122
-70
-532
-1641
-2835
-3921
-5118
-6135
-6266
-5383
-4314
-4280
-5771
-7771
-8451
-6934
-4086
-1701
-1174
-2352
-3482
-2927
-776
1746
3615
4333
3940
3143
2888
3524
4495
4983
4910
4749
4332
3120
1618
932
1040
1067
780
367
-537
-2178
-3597
-3593
-2525
-1917
-2253
-2572
-2383
-2304
-2401
-1810
-486
368
311
447
1431
2256
2184
2306
3450
4297
3709
2905
3184
3689
3315
2684
2756
3064
2498
1099
162
305
529
56
-425
-429
-658
-1356
-1680
-1382
-1265
-1635
-1659
-738
390
555
-292
-1061
-922
-95
614
730
482
339
427
580
563
158
-425
-349
679
1456
892
-113
-142
373
282
-2
378
760
340
-78
365
872
503
-161
-132
423
706
557
430
523
635
696
904
1123
859
166
-188
9
13
-616
-1471
-2275
-3222
-4245
-4819
-4600
-4095
-4375
-5669
-6756
-6437
-4944
-3424
-2887
-3513
-4281
-3877
-2254
-463
729
1281
1407
1304
1312
2011
3456
4569
4571
4259
4296
3891
2782
2276
2910
3465
3046
2087
1036
-199
-1308
-1498
-786
-343
-881
-1752
-2290
-2659
-2801
-2201
-1154
-682
-952
-1014
-350
394
571
670
1368
2087
1928
1473
1920
2857
2976
2470
2564
3159
3118
2477
2299
2715
2847
2309
1573
1097
822
564
457
566
380
-446
-1297
-1463
-1153
-981
-1214
-1689
-1911
-1563
-1042
-974
-1391
-1779
-1631
-874
-56
241
150
243
701
1137
1093
666
605
1274
1921
1841
1519
1509
1318
619
304
920
1410
865
108
164
522
332
-62
-91
-60
-263
-349
-229
-397
-939
-1253
-1011
-660
-801
-1433
-2125
-2718
-3377
-3941
-3943
-3324
-2632
-2595
-3613
-5170
-5789
-4592
-2716
-2024
-2635
-3071
-2649
-2086
-1757
-1071
85
808
648
442
1048
2114
2748
2815
2927
3289
3357
2859
2439
2680
3073
2768
1873
1163
851
597
425
621
869
450
-609
-1397
-1305
-682
-185
-59
-252
-649
-961
-793
-193
259
223
52
121
242
192
347
1066
1821
1852
1434
1429
1853
2095
2168
2531
2940
2764
2172
1919
2104
2082
1594
1107
836
344
-531
-1084
-798
-398
-894
-2008
-2573
-2211
-1623
-1475
-1705
-1810
-1473
-922
-626
-690
-837
-792
-399
220
567
383
225
620
1144
1203
1089
1323
1640
1662
1721
2070
2167
1639
1101
1223
1621
1512
953
579
422
33
-476
-572
-369
-464
-850
-1058
-1138
-1470
-1919
-2103
-2190
-2608
-3308
-3843
-3849
-3309
-2804
-3205
-4443
-5147
-4336
-2832
-2077
-2265
-2588
-2655
-2589
-2209
-1191
100
789
550
43
147
988
1920
2418
2577
2597
2352
1833
1485
1717
2325
2656
2339
1690
1191
842
542
662
1302
1621
955
-12
-235
202
527
510
337
-9
-417
-440
-102
-76
-543
-781
-436
-135
-339
-501
-8
761
1014
721
604
1065
1759
2246
2520
2635
2418
1925
1675
1924
2230
2140
1739
1259
717
182
-133
-92
175
253
-162
-742
-867
-520
-310
-603
-1169
-1531
-1464
-1200
-1140
-1317
-1373
-1167
-1004
-1122
-1275
-1011
-250
559
928
927
1007
1283
1461
1537
1843
2260
2244
1861
1786
2054
1946
1321
888
896
796
403
211
302
92
-564
-1054
-1123
-1252
-1622
-1826
-1947
-2594
-3636
-4251
-4199
-3822
-3299
-2954
-3489
-4767
-5358
-4364
-2815
-2202
-2466
-2620
-2531
-2624
-2445
-1295
157
570
-35
-411
32
759
1309
1789
2176
2147
1720
1444
1705
2282
2713
2741
2373
1785
1337
1379
1895
2428
2477
1932
1125
530
361
469
583
549
302
-139
-571
-733
-609
-448
-420
-490
-595
-677
-568
-100
566
937
741
400
566
1191
1641
1731
1826
1948
1750
1395
1416
1759
1844
1563
1371
1421
1380
1128
1037
1302
1481
1012
39
-660
-603
-162
-56
-513
-1180
-1677
-1945
-2050
-1958
-1685
-1474
-1554
-1763
-1725
-1379
-942
-434
157
523
506
507
807
1163
1460
1881
2218
2074
1710
1700
1936
1913
1637
1423
1214
869
651
706
602
46
-562
-822
-952
-1244
-1509
-1624
-1975
-2817
-3696
-4015
-3733
-3254
-3130
-3739
-4712
-5045
-4293
-3238
-2891
-3259
-3544
-3321
-2888
-2419
-1635
-635
-137
-387
-648
-259
611
1464
2002
2144
2040
1961
1931
1943
2310
3025
3261
2619
2007
2137
2348
2034
1777
1964
1861
1037
308
391
781
737
346
-4
-375
-876
-1080
-591
110
156
-420
-721
-458
-299
-408
-42
806
1031
412
177
872
1465
1258
939
1145
1438
1391
1448
2016
2525
2209
1386
1059
1409
1680
1608
1708
1923
1445
308
-335
-7
382
57
-651
-1151
-1385
-1505
-1530
-1499
-1537
-1691
-1832
-1743
-1455
-1266
-1132
-664
-51
44
-211
-6
643
991
1046
1397
1850
1692
1168
1256
1928
2107
1599
1337
1494
1264
691
668
1066
870
89
-339
-325
-593
-1192
-1590
-1855
-2433
-3181
-3595
-3619
-3583
-3743
-4188
-4848
-5277
-4929
-3983
-3409
-3688
-4084
-3868
-3344
-2953
-2417
-1491
-635
-390
-554
-368
511
1529
1978
1964
2079
2459
2760
2875
3064
3341
3268
2718
2293
2404
2558
2284
2017
2103
1874
919
186
457
960
791
388
328
159
-379
-555
-33
329
-79
-566
-368
81
48
-163
122
534
267
-321
-116
850
1378
1043
702
880
1042
835
800
1295
1759
1651
1300
1224
1273
1097
915
1109
1368
1036
210
-280
-43
394
368
-236
-1040
-1536
-1485
-1132
-873
-882
-1133
-1424
-1472
-1321
-1268
-1158
-575
96
43
-486
-452
187
517
412
583
1004
1003
755
1030
1624
1645
1192
1161
1573
1577
1120
1042
1409
1306
549
67
206
167
-415
-930
-1219
-1901
-2923
-3409
-3150
-2912
-3217
-3909
-4695
-5247
-5128
-4364
-3711
-3776
-4247
-4392
-3967
-3294
-2643
-1975
-1325
-952
-811
-363
653
1700
2152
2145
2239
2572
2828
2935
3224
3674
3630
2868
2220
2344
2617
2281
1770
1704
1622
975
364
465
802
661
216
-56
-181
-315
-267
73
300
29
-431
-510
-235
-44
38
267
478
296
-49
29
495
744
621
575
772
887
835
985
1414
1638
1307
797
766
1227
1565
1514
1432
1381
941
252
50
465
818
645
84
-527
-858
-739
-464
-500
-863
-1173
-1206
-989
-704
-610
-681
-588
-391
-509
-756
-485
172
454
327
408
703
651
376
607
1261
1408
922
762
1231
1483
1161
931
1014
820
329
241
495
301
-361
-849
-1178
-1818
-2565
-2835
-2675
-2655
-3100
-3917
-4790
-5249
-4932
-4115
-3699
-4151
-4845
-4909
-4264
-3364
-2456
-1697
-1383
-1498
-1437
-666
547
1453
1792
1958
2293
2638
2763
2812
3057
3384
3389
3032
2777
2823
2805
2545
2377
2336
1964
1291
990
1218
1338
1045
674
371
-4
-237
-22
324
227
-281
-622
-497
-250
-272
-394
-252
-41
-166
-380
-148
341
466
244
221
470
621
697
1037
1512
1574
1114
754
952
1393
1588
1560
1505
1251
650
180
342
810
953
589
-149
-910
-1142
-687
-141
-192
-777
-1237
-1220
-927
-663
-643
-757
-709
-599
-648
-621
-278
120
151
-24
84
281
175
148
661
1303
1269
650
416
819
1122
1042
1014
1081
797
257
102
359
378
-49
-601
-1137
-1719
-2210
-2425
-2436
-2527
-2902
-3609
-4492
-4963
-4545
-3697
-3371
-3927
-4674
-4674
-3916
-3017
-2292
-1776
-1575
-1719
-1690
-809
619
1568
1674
1495
1610
1902
2129
2552
3219
3580
3316
2790
2574
2690
2735
2679
2804
2910
2478
1615
1126
1315
1603
1535
1213
723
112
-234
14
403
178
-523
-855
-672
-611
-762
-589
-209
-306
-790
-905
-508
-89
133
305
449
466
436
594
965
1256
1234
1049
1061
1249
1308
1331
1523
1641
1350
773
396
472
811
1136
1098
443
-430
-797
-457
135
344
-70
-807
-1291
-1094
-520
-311
-536
-674
-721
-963
-1012
-433
197
149
-168
-74
140
42
35
567
1188
1152
615
442
801
1015
901
946
1134
875
198
-102
206
389
-24
-679
-1257
-1835
-2350
-2494
-2270
-2228
-2814
-3796
-4598
-4779
-4301
-3651
-3416
-3752
-4302
-4495
-4008
-3079
-2189
-1669
-1614
-1811
-1691
-823
459
1365
1568
1414
1380
1624
2090
2736
3369
3547
3095
2516
2424
2737
2948
2894
2763
2562
2124
1566
1277
1354
1502
1448
1143
630
86
-166
-14
222
195
-72
-383
-677
-908
-885
-510
-62
21
-308
-613
-488
-45
313
442
479
494
490
593
899
1226
1326
1207
1102
1132
1202
1255
1367
1525
1532
1303
994
765
689
780
882
732
281
-192
-410
-364
-261
-359
-701
-1027
-1118
-1081
-1064
-968
-774
-778
-1039
-1098
-730
-387
-406
-433
-196
-35
-153
-121
344
818
818
534
492
765
959
943
993
1122
951
477
206
295
278
-146
-703
-1154
-1649
-2211
-2471
-2309
-2295
-2965
-4003
-4624
-4494
-3914
-3382
-3271
-3665
-4199
-4242
-3495
-2351
-1473
-1189
-1346
-1521
-1222
-252
946
1663
1733
1615
1638
1769
2084
2689
3228
3190
2731
2433
2410
2403
2429
2575
2546
2086
1527
1284
1234
1123
1022
990
801
313
-159
-292
-194
-106
-84
-130
-277
-564
-808
-657
-205
71
-38
-278
-291
-138
-72
71
467
802
729
419
339
587
851
1050
1300
1414
1182
875
930
1296
1536
1455
1219
1007
851
746
728
787
713
326
-140
-316
-248
-272
-458
-542
-546
-754
-1020
-1008
-824
-718
-691
-604
-492
-544
-669
-575
-247
50
118
30
33
195
410
623
808
899
884
878
952
996
897
681
457
292
167
-45
-452
-1034
-1630
-2047
-2188
-2176
-2338
-2868
-3577
-4112
-4274
-4018
-3490
-3119
-3281
-3787
-4038
-3682
-2894
-2029
-1332
-990
-1072
-1223
-837
152
1108
1581
1804
2004
2013
1902
2152
2801
3217
3091
2830
2710
2527
2269
2248
2433
2387
1982
1575
1343
1072
732
632
761
700
341
51
-12
-106
-319
-397
-253
-167
-311
-465
-417
-333
-382
-366
-113
116
67
-22
132
356
397
417
678
1008
1083
983
1010
1167
1237
1225
1338
1571
1639
1396
1084
1012
1109
1073
895
810
771
509
99
-107
-107
-229
-496
-608
-547
-604
-801
-855
-750
-782
-942
-900
-647
-517
-580
-570
-429
-364
-395
-310
-41
218
352
485
635
614
417
357
540
660
548
405
339
135
-292
-709
-970
-1235
-1620
-1971
-2152
-2287
-2549
-2898
-3183
-3418
-3681
-3830
-3634
-3215
-3000
-3099
-3165
-2975
-2679
-2358
-1860
-1235
-788
-547
-186
363
802
1039
1326
1742
2092
2314
2536
2740
2770
2649
2578
2616
2632
2562
2476
2370
2143
1811
1526
1366
1257
1117
931
737
550
346
139
6
-99
-288
-456
-407
-272
-335
-560
-710
-725
-655
-471
-216
-98
-204
-327
-260
-32
214
428
613
735
754
769
924
1190
1366
1404
1449
1531
1499
1337
1236
1295
1360
1231
929
655
518
457
383
273
114
-131
-431
-645
-657
-571
-586
-684
-696
-658
-721
-792
-693
-536
-524
-576
-474
-270
-160
-140
-74
13
32
86
282
438
373
257
280
291
135
-39
-128
-305
-662
-1030
-1275
-1510
-1781
-1964
-2077
-2334
-2740
-2992
-2956
-2875
-2942
-3050
-3069
-3026
-2926
-2669
-2263
-1930
-1826
-1765
-1468
-961
-480
-84
312
698
978
1180
1433
1771
2057
2176
2221
2320
2415
2402
2370
2407
2401
2245
2024
1862
1762
1670
1552
1382
1158
949
807
681
531
413
328
155
-111
-281
-290
-281
-311
-320
-364
-528
-663
-574
-352
-227
-223
-209
-148
-74
42
219
384
481
563
709
905
1073
1174
1234
1283
1314
1339
1394
1476
1502
1394
1201
1053
986
886
707
553
472
355
125
-131
-313
-427
-519
-571
-561
-562
-669
-822
-869
-806
-730
-637
-491
-379
-389
-439
-385
-223
-77
12
108
219
266
269
284
268
171
66
6
-91
-283
-519
-759
-1012
-1289
-1591
-1862
-2037
-2139
-2260
-2427
-2576
-2683
-2783
-2841
-2811
-2732
-2654
-2564
-2386
-2129
-1897
-1703
-1498
-1267
-933
-483
-46
275
470
621
860
1173
1478
1747
1936
1984
1931
1908
1985
2090
2158
2191
2144
1966
1741
1640
1693
1729
1588
1320
1119
1054
982
806
638
556
437
220
66
38
-40
-235
-358
-344
-370
-479
-484
-346
-275
-355
-418
-368
-286
-208
-61
134
263
292
339
482
675
863
1041
1173
1193
1145
1173
1309
1430
1417
1279
1117
1021
976
913
798
646
473
271
54
-131
-263
-381
-524
-670
-770
-838
-903
-928
-888
-841
-837
-818
-742
-654
-563
-423
-274
-203
-156
-28
117
153
135
194
277
239
109
22
-43
-219
-465
-619
-686
-858
-1194
-1516
-1708
-1864
-2074
-2256
-2307
-2291
-2327
-2417
-2485
-2506
-2468
-2336
-2128
-1946
-1809
-1629
-1385
-1158
-956
-682
-339
-56
112
274
521
782
986
1174
1373
1502
1528
1548
1650
1793
1867
1861
1840
1805
1708
1619
1643
1727
1697
1518
1316
1176
1078
975
855
745
643
513
358
213
79
-60
-172
-201
-191
-233
-325
-403
-434
-429
-383
-283
-175
-109
-42
71
197
331
496
651
783
912
1040
1157
1241
1290
1342
1405
1444
1432
1377
1310
1222
1075
921
839
765
619
424
228
19
-213
-393
-456
-489
-605
-786
-924
-967
-953
-930
-915
-897
-848
-757
-660
-571
-469
-350
-253
-182
-91
-10
9
7
22
-6
-103
-225
-326
-438
-609
-804
-963
-1139
-1398
-1661
-1818
-1873
-1925
-2047
-2185
-2244
-2229
-2190
-2128
-2053
-1992
-1916
-1774
-1593
-1413
-1206
-955
-715
-525
-348
-128
128
366
572
754
899
1008
1136
1297
1412
1438
1446
1530
1646
1693
1675
1660
1655
1611
1522
1465
1450
1406
1306
1174
1052
950
829
682
552
466
404
315
144
-46
-150
-171
-168
-165
-155
-139
-179
-280
-296
-150
39
143
166
197
269
345
440
591
747
837
867
898
957
1012
1043
1066
1088
1066
978
887
857
828
721
570
448
348
227
96
-29
-180
-364
-506
-556
-581
-664
-789
-878
-907
-917
-899
-807
-720
-732
-770
-724
-608
-484
-381
-285
-206
-174
-169
-136
-106
-100
-96
-124
-248
-438
-595
-716
-846
-986
-1134
-1316
-1536
-1746
-1861
-1896
-1952
-2026
-2069
-2067
-2042
-2015
-1937
-1772
-1602
-1504
-1420
-1271
-1038
-740
-426
-164
3
114
278
529
810
1035
1166
1249
1320
1353
1378
1462
1583
1670
1678
1606
1514
1453
1426
1394
1327
1221
1083
948
865
817
749
637
517
417
295
168
123
137
110
11
-102
-156
-156
-122
-40
67
112
79
47
101
240
414
540
573
557
560
614
727
860
951
961
902
856
877
925
961
978
961
878
755
657
613
576
505
395
266
134
7
-105
-192
-271
-370
-488
-573
-621
-677
-755
-803
-782
-724
-683
-657
-632
-613
-575
-501
-410
-318
-258
-224
-191
-181
-210
-266
-318
-328
-344
-443
-609
-796
-969
-1130
-1288
-1421
-1549
-1715
-1880
-1973
-1986
-1963
-1954
-1978
-1993
-1944
-1830
-1679
-1487
-1273
-1102
-989
-868
-677
-419
-124
159
389
551
667
789
949
1145
1331
1445
1492
1507
1493
1490
1537
1601
1626
1549
1396
1270
1199
1165
1115
1030
898
726
577
493
463
414
327
229
147
64
5
17
58
73
26
-29
-48
-25
62
177
271
277
223
224
333
490
609
668
683
663
641
688
788
870
872
816
783
759
748
734
725
703
622
515
423
361
318
267
210
122
6
-116
-217
-290
-342
-391
-456
-534
-609
-659
-681
-685
-698
-723
-736
-713
-663
-611
-575
-554
-551
-543
-530
-499
-479
-514
-582
-666
-728
-793
-884
-989
-1121
-1257
-1385
-1486
-1568
-1666
-1757
-1813
-1829
-1839
-1831
-1790
-1713
-1620
-1513
-1402
-1285
-1141
-957
-747
-539
-341
-170
4
214
450
681
857
997
1109
1208
1303
1411
1549
1618
1603
1552
1492
1457
1419
1388
1378
1321
1181
1000
839
778
782
726
586
412
266
167
105
90
100
74
-12
-85
-83
-22
33
65
100
127
129
137
208
329
436
490
513
522
537
602
720
819
830
778
735
713
713
734
766
761
684
575
508
504
520
513
474
402
304
214
176
176
151
72
-27
-102
-162
-220
-261
-296
-358
-422
-467
-491
-504
-538
-585
-621
-643
-649
-634
-619
-629
-665
-713
-755
-798
-836
-870
-914
-1004
-1137
-1267
-1349
-1405
-1478
-1556
-1618
-1681
-1752
-1783
-1756
-1715
-1682
-1619
-1507
-1389
-1300
-1205
-1035
-809
-618
-493
-355
-149
80
292
498
702
866
982
1095
1245
1391
1481
1518
1541
1554
1532
1493
1480
1468
1394
1272
1164
1086
1010
923
830
710
554
403
321
306
279
186
72
-3
-56
-89
-69
-15
2
-33
-68
-54
17
110
197
269
323
338
338
383
475
585
681
727
720
687
661
695
755
762
708
616
516
445
418
424
402
319
230
155
112
101
94
98
86
23
-46
-71
-63
-56
-72
-98
-116
-154
-203
-223
-233
-270
-328
-385
-423
-449
-488
-540
-592
-645
-705
-768
-827
-879
-944
-1039
-1150
-1264
-1370
-1454
-1513
-1551
-1592
-1670
-1738
-1760
-1754
-1703
-1636
-1571
-1504
-1456
-1382
-1253
-1109
-963
-808
-644
-468
-318
-161
53
274
453
598
736
898
1047
1158
1263
1367
1431
1447
1441
1447
1445
1407
1349
1293
1234
1158
1072
993
919
824
703
597
533
476
383
281
207
144
83
52
51
40
0
-34
-29
-16
-16
-8
0
2
4
-5
2
50
113
159
196
241
295
351
409
477
542
579
571
531
506
508
508
482
450
405
323
238
206
232
270
260
199
136
80
43
54
103
125
75
-7
-31
15
69
98
113
124
111
75
53
57
47
-5
-87
-177
-262
-341
-421
-519
-632
-755
-887
-1021
-1139
-1236
-1344
-1473
-1601
-1708
-1808
-1886
-1922
-1917
-1906
-1907
-1894
-1822
-1698
-1566
-1441
-1284
-1102
-945
-800
-620
-409
-197
-2
182
368
535
705
908
1096
1229
1315
1387
1462
1528
1563
1573
1556
1495
1405
1329
1275
1208
1118
1010
884
772
672
579
493
417
348
273
177
95
45
1
-40
-57
-43
-31
-42
-35
4
54
92
120
173
260
321
350
389
445
495
539
586
643
679
675
665
668
654
615
589
579
529
433
339
259
195
156
112
55
-5
-81
-138
-151
-150
-149
-171
-203
-206
-194
-159
-108
-95
-95
-68
-37
-13
5
32
58
49
0
-58
-103
-147
-202
-273
-376
-530
-715
-873
-984
-1094
-1251
-1437
-1615
-1763
-1886
-1970
-2016
-2048
-2082
-2095
-2059
-1978
-1866
-1730
-1571
-1405
-1246
-1087
-898
-675
-445
-237
-59
104
275
475
694
898
1059
1175
1273
1363
1443
1516
1576
1595
1555
1484
1409
1335
1267
1205
1123
1010
883
757
642
547
464
369
248
124
28
-37
-86
-128
-158
-178
-202
-208
-173
-131
-87
-23
41
108
188
265
349
450
526
573
634
708
771
809
832
850
851
827
801
773
717
640
560
479
385
283
179
91
13
-76
-175
-252
-298
-334
-369
-398
-419
-428
-420
-388
-348
-300
-243
-195
-155
-104
-57
-23
16
53
75
73
39
4
-20
-54
-110
-196
-312
-462
-618
-775
-934
-1092
-1258
-1445
-1626
-1767
-1863
-1923
-1955
-1973
-1981
-1955
-1869
-1735
-1585
-1434
-1270
-1098
-928
-752
-547
-312
-78
131
327
510
685
870
1069
1251
1391
1481
1538
1578
1608
1613
1589
1543
1483
1400
1291
1176
1078
981
866
739
617
512
398
282
166
41
-73
-185
-256
-300
-341
-372
-401
-394
-362
-309
-234
-153
-74
1
85
182
282
364
454
551
637
701
767
845
910
950
990
1028
1014
972
931
879
818
712
604
487
364
244
120
21
-73
-178
-275
-342
-388
-414
-426
-435
-430
-448
-452
-448
-421
-369
-336
-296
-255
-199
-159
-110
-48
0
18
2
-7
-41
-92
-168
-276
-387
-518
-650
-802
-960
-1113
-1261
-1398
-1523
-1639
-1747
-1820
-1851
-1861
-1859
-1825
-1746
-1629
-1489
-1343
-1195
-1036
-851
-641
-430
-230
-34
165
353
525
702
892
1069
1200
1295
1369
1422
1453
1469
1480
1457
1381
1275
1181
1109
1028
927
820
710
590
466
358
266
167
59
-40
-132
-211
-273
-319
-350
-384
-414
-421
-409
-367
-303
-249
-194
-124
-54
29
133
243
359
462
536
608
692
785
871
940
995
1026
1036
1038
1035
1009
952
871
774
670
559
447
335
223
106
-7
-100
-167
-221
-273
-315
-355
-392
-422
-429
-414
-386
-365
-343
-320
-298
-274
-241
-197
-167
-155
-158
-165
-178
-207
-255
-327
-424
-546
-685
-838
-1009
-1179
-1334
-1480
-1617
-1724
-1792
-1831
-1843
-1828
-1788
-1719
-1619
-1493
-1348
-1190
-1028
-860
-669
-448
-224
-19
173
365
556
751
945
1124
1272
1391
1477
1533
1569
1581
1568
1535
1485
1400
1286
1177
1087
1000
901
797
682
555
435
334
236
126
10
-96
-191
-267
-326
-364
-391
-409
-418
-410
-380
-336
-294
-255
-214
-171
-133
-98
-53
14
94
176
257
341
435
538
646
750
840
905
948
975
994
997
978
937
881
805
706
601
503
411
315
229
150
76
1
-66
-121
-177
-233
-285
-326
-348
-351
-340
-330
-322
-306
-276
-240
-203
-167
-131
-106
-108
-125
-161
-217
-288
-387
-505
-642
-799
-939
-1063
-1215
-1375
-1516
-1643
-1751
-1838
-1899
-1923
-1929
-1925
-1882
-1794
-1672
-1528
-1365
-1179
-978
-776
-560
-330
-93
142
358
554
752
945
1132
1305
1450
1550
1620
1655
1670
1678
1652
1598
1529
1428
1320
1205
1072
946
819
677
536
389
248
119
-13
-124
-223
-339
-438
-510
-561
-585
-592
-587
-569
-533
-474
-398
-311
-211
-112
-12
81
171
258
348
437
518
587
658
724
791
858
893
905
911
898
885
862
805
730
639
536
434
334
239
152
70
-14
-98
-158
-198
-226
-238
-250
-262
-265
-278
-279
-253
-222
-184
-153
-144
-130
-112
-88
-67
-58
-73
-106
-157
-236
-336
-450
-577
-717
-878
-1047
-1213
-1369
-1499
-1615
-1711
-1785
-1838
-1853
-1848
-1824
-1773
-1698
-1589
-1469
-1335
-1177
-1001
-804
-597
-371
-128
118
353
575
786
985
1181
1365
1534
1662
1745
1793
1821
1835
1825
1798
1743
1666
1559
1432
1293
1142
1001
857
709
544
368
198
39
-101
-234
-366
-482
-582
-662
-725
-762
-766
-742
-711
-663
-585
-487
-378
-268
-150
-18
108
231
359
486
610
718
817
908
960
990
1008
1019
1016
978
918
847
757
659
570
474
377
271
164
76
-21
-102
-174
-236
-280
-336
-384
-418
-443
-449
-442
-421
-396
-372
-338
-296
-256
-220
-203
-198
-208
-237
-292
-370
-462
-569
-700
-849
-1000
-1143
-1274
-1395
-1503
-1592
-1661
-1703
-1713
-1692
-1649
-1587
-1503
-1402
-1286
-1160
-1024
-873
-707
-530
-347
-159
33
229
430
633
824
997
1150
1287
1406
1502
1568
1606
1615
1596
1559
1514
1460
1384
1295
1197
1080
945
813
689
568
449
341
234
111
-22
-144
-240
-314
-370
-413
-447
-473
-488
-484
-451
-394
-327
-266
-203
-129
-42
52
158
269
365
440
505
579
659
730
788
822
827
802
751
686
624
568
499
408
301
194
91
3
-74
-142
-213
-286
-351
-392
-423
-454
-471
-476
-489
-497
-491
-480
-467
-435
-402
-379
-362
-339
-331
-333
-332
-350
-396
-452
-526
-616
-702
-796
-890
-977
-1065
-1136
-1176
-1207
-1207
-1183
-1155
-1113
-1058
-997
-925
-847
-761
-661
-554
-440
-315
-178
-35
113
269
423
566
706
834
947
1048
1127
1185
1231
1260
1265
1257
1244
1213
1165
1123
1067
997
930
858
776
690
590
492
393
285
192
104
15
-53
-103
-150
-187
-213
-225
-218
-201
-174
-144
-118
-86
-41
9
69
132
195
265
324
386
446
495
553
582
604
608
589
567
533
498
445
383
313
232
159
86
15
-48
-115
-180
-233
-286
-330
-365
-402
-431
-464
-488
-526
-566
-604
-658
-715
-772
-835
-901
-965
-1012
-1054
-1086
-1100
-1097
-1073
-1023
-954
-881
-791
-707
-618
-516
-416
-316
-219
-135
-49
30
103
191
283
366
452
528
585
640
688
711
713
716
697
646
592
535
474
419
361
315
269
215
187
171
150
151
151
144
148
147
153
171
188
212
237
262
297
344
404
465
520
584
638
683
732
763
784
807
808
805
795
758
715
675
633
585
527
451
371
298
208
125
48
-47
-135
-227
-315
-392
-452
-490
-522
-544
-554
-563
-559
-527
-500
-473
-448
-417
-397
-390
-370
-362
-360
-370
-390
-410
-437
-452
-490
-535
-572
-629
-688
-736
-794
-851
-896
-934
-959
-966
-969
-959
-928
-887
-836
-758
-669
-581
-474
-354
-235
-115
-2
105
212
310
390
460
520
575
618
647
670
684
680
673
662
631
594
565
527
478
427
377
322
274
236
198
162
142
127
111
120
149
178
214
254
296
357
419
471
524
562
598
644
682
707
727
730
741
755
747
732
717
697
673
642
599
555
503
433
357
284
210
132
49
-38
-131
-224
-298
-366
-441
-512
-573
-632
-683
-728
-770
-801
-826
-857
-888
-910
-927
-941
-947
-946
-941
-939
-928
-907
-887
-858
-817
-771
-721
-666
-613
-559
-507
-451
-393
-344
-294
-240
-202
-171
-129
-99
-84
-62
-35
-10
11
31
50
72
89
109
138
163
169
180
209
237
259
291
330
367
408
461
523
586
648
703
763
823
866
890
907
922
925
913
887
843
786
727
672
621
566
503
435
362
290
226
169
107
39
-26
-80
-124
-162
-191
-210
-215
-205
-190
-172
-143
-101
-56
-17
23
61
89
102
113
119
111
93
70
40
4
-40
-88
-139
-194
-253
-318
-383
-444
-502
-560
-607
-651
-693
-728
-750
-761
-767
-760
-735
-702
-662
-618
-565
-506
-448
-392
-340
-283
-222
-164
-112
-64
-15
31
70
105
135
162
181
192
201
211
216
220
210
189
174
159
146
135
114
95
88
69
45
34
30
25
27
31
36
42
51
65
88
119
138
153
183
205
219
255
294
320
348
364
390
421
427
443
463
455
444
431
404
385
362
327
290
250
205
160
126
96
59
25
-8
-37
-62
-89
-111
-120
-128
-135
-142
-133
-116
-118
-117
-101
-88
-76
-70
-76
-73
-68
-73
-78
-91
-112
-124
-138
-160
-179
-198
-227
-264
-290
-317
-346
-363
-368
-377
-387
-379
-372
-348
-325
-315
-288
-270
-257
-253
-240
-213
-202
-176
-149
-135
-117
-88
-49
-11
24
49
89
125
153
185
212
244
278
297
311
320
326
337
346
346
337
307
273
251
222
186
155
122
83
41
5
-33
-70
-98
-118
-134
-149
-164
-170
-161
-151
-127
-108
-86
-62
-33
17
48
79
106
132
170
191
210
223
238
248
240
228
216
204
186
170
155
129
102
65
39
18
-6
-15
-41
-58
-76
-93
-88
-88
-79
-64
-56
-54
-47
-35
-26
-9
7
10
7
6
17
30
33
30
27
15
-4
-22
-41
-66
-89
-111
-134
-166
-196
-219
-233
-238
-241
-249
-255
-253
-242
-224
-204
-187
-168
-148
-123
-103
-76
-40
-4
20
40
68
99
123
153
187
210
219
226
230
225
208
196
190
173
148
114
84
67
44
12
-16
-46
-76
-100
-120
-134
-145
-151
-152
-158
-160
-156
-145
-130
-118
-104
-88
-80
-70
-57
-40
-21
-5
7
29
49
66
85
98
115
138
143
142
151
163
173
173
165
171
170
155
153
152
138
131
128
108
83
65
47
36
28
13
-11
-30
-38
-51
-71
-80
-86
-95
-99
-98
-104
-106
-100
-87
-71
-62
-50
-41
-41
-36
-27
-33
-39
-42
-48
-52
-59
-68
-70
-75
-80
-83
-91
-97
-93
-99
-113
-114
-112
-107
-99
-96
-86
-66
-47
-27
-10
12
34
49
66
81
88
99
114
125
133
134
143
156
157
157
154
150
154
143
126
121
101
80
68
47
21
-2
-19
-29
-42
-61
-78
-85
-95
-116
-136
-145
-151
-156
-156
-157
-152
-146
-135
-114
-86
-60
-36
-12
16
50
78
101
121
137
156
170
179
184
188
190
186
174
156
136
118
96
71
42
15
-11
-37
-63
-83
-93
-98
-104
-110
-115
-117
-114
-108
-99
-95
-88
-83
-75
-61
-42
-26
-12
4
16
29
41
49
57
67
69
70
75
76
72
65
57
50
46
31
11
-2
-11
-25
-34
-40
-46
-51
-61
-69
-69
-69
-72
-76
-80
-84
-89
-89
-82
-74
-63
-51
-40
-29
-22
-10
4
17
27
35
44
52
61
69
77
78
79
80
80
73
63
55
52
40
20
1
-9
-13
-20
-29
-37
-42
-43
-40
-37
-35
-31
-24
-16
-10
-5
-1
5
10
17
24
32
38
45
57
69
77
77
77
75
68
55
40
27
15
-1
-20
-36
-47
-53
-58
-63
-67
-70
-72
-72
-71
-68
-64
-61
-61
-61
-53
-40
-27
-16
-3
10
21
31
45
60
71
73
77
80
80
77
76
77
73
59
44
32
24
15
4
-6
-16
-28
-41
-57
-72
-84
-90
-95
-103
-112
-118
-118
-115
-107
-99
-90
-75
-59
-48
-34
-14
1
12
26
41
54
71
90
105
118
132
143
144
144
145
146
141
132
125
116
106
89
75
65
52
33
13
-1
-12
-24
-38
-48
-59
-67
-75
-80
-80
-80
-84
-89
-84
-79
-78
-70
-60
-57
-57
-53
-48
-47
-47
-40
-37
-39
-38
-30
-30
-31
-27
-19
-12
-8
-3
8
18
23
24
26
31
35
42
45
47
50
55
56
54
52
52
54
53
45
42
41
36
29
23
18
10
4
0
-8
-17
-27
-31
-34
-38
-43
-47
-47
-46
-45
-46
-45
-46
-46
-46
-51
-47
-46
-50
-53
-54
-61
-66
-59
-48
-46
-43
-34
-21
-9
2
14
33
54
69
80
92
103
110
113
118
123
124
122
118
116
109
102
97
94
87
77
71
66
61
51
43
37
26
11
-5
-17
-29
-43
-57
-68
-79
-89
-102
-110
-114
-117
-120
-124
-126
-126
-130
-133
-136
-131
-126
-123
-125
-123
-114
-103
-93
-85
-70
-49
-32
-23
-13
3
22
37
50
61
70
80
93
100
106
111
120
126
123
114
108
107
103
94
87
81
77
70
64
63
63
60
48
36
23
11
-1
-14
-26
-37
-47
-57
-65
-74
-78
-77
-74
-74
-76
-78
-72
-63
-60
-59
-58
-52
-44
-41
-38
-33
-24
-12
-3
4
13
22
30
37
45
45
47
50
48
45
51
58
56
53
59
67
74
73
69
67
74
74
66
60
57
48
41
36
24
10
-1
-9
-16
-23
-34
-43
-46
-56
-67
-72
-76
-89
-100
-104
-107
-114
-117
-117
-111
-106
-102
-91
-82
-74
-65
-52
-41
-35
-24
-8
2
5
12
26
36
42
45
52
58
68
74
74
74
77
78
76
74
70
68
72
71
65
61
64
62
57
55
52
47
39
33
29
22
16
13
12
9
-1
-10
-15
-19
-28
-38
-40
-42
-50
-57
-58
-60
-65
-68
-66
-64
-65
-65
-66
-63
-56
-55
-51
-43
-35
-25
-17
-8
0
11
19
31
40
47
52
58
67
77
79
84
87
85
81
82
83
83
77
67
58
49
38
30
21
11
1
-9
-16
-24
-34
-39
-45
-52
-59
-67
-71
-70
-74
-78
-77
-76
-71
-71
-75
-71
-64
-61
-55
-55
-55
-51
-47
-48
-43
-39
-38
-30
-20
-19
-11
-2
3
14
22
23
24
29
32
37
39
44
49
49
50
49
49
58
55
51
56
54
53
54
49
47
50
43
36
33
30
23
18
15
7
4
-3
-4
-1
-5
-13
-13
-12
-14
-19
-26
-26
-24
-27
-26
-23
-26
-29
-30
-27
-24
-23
-26
-23
-20
-16
-11
-7
-2
5
10
18
23
25
26
28
31
31
28
26
25
23
23
18
15
13
11
9
7
5
3
0
-2
-4
-8
-13
-16
-16
-18
-24
-30
-33
-30
-27
-29
-31
-30
-27
-26
-28
-30
-30
-29
-28
-28
-28
-27
-27
-28
-26
-26
-26
-23
-18
-17
-18
-16
-9
-4
-2
0
3
5
8
11
14
15
17
21
26
25
21
24
28
26
21
19
25
25
23
22
26
28
26
24
27
30
29
29
29
25
22
20
22
20
15
11
12
14
11
10
9
6
2
2
2
1
-4
-6
-4
-4
-8
-11
-10
-8
-8
-8
-7
-6
-5
-6
-6
-6
-6
-5
-5
-4
-6
-6
-5
-5
-5
-5
-6
-7
-9
-10
-10
-11
-10
-9
-10
-11
-13
-14
-14
-14
-13
-13
-14
-13
-13
-13
-13
-14
-15
-15
-15
-15
-16
-15
-15
-18
-16
-12
-13
-13
-9
-6
-3
-4
-2
2
2
3
5
4
7
9
8
10
12
8
9
12
17
19
19
19
23
25
22
21
19
20
22
19
15
13
12
11
9
7
6
6
7
7
6
5
4
3
3
1
0
0
0
0
1
1
-1
0
0
0
-1
-2
1
0
-1
1
1
-1
2
3
1
1
2
3
4
1
-1
2
5
2
-4
-1
0
0
-1
-3
-1
-2
-5
-4
1
2
0
-4
-5
-3
-5
-8
-8
-7
-7
-8
-12
-13
-16
-15
-13
-12
-13
-15
-18
-17
-15
-14
-14
-16
-16
-14
-14
-15
-14
-11
-9
-7
-6
-3
1
4
5
6
7
6
6
9
10
10
10
14
14
15
15
15
15
17
19
20
19
21
20
19
17
14
15
18
16
14
14
12
13
11
4
4
4
2
0
-4
-4
-3
-4
-6
-7
-9
-10
-11
-12
-15
-18
-15
-13
-15
-16
-17
-11
-10
-11
-12
-10
-6
-7
-9
-8
-6
-3
-1
-2
0
3
3
5
6
4
9
10
9
10
9
9
10
10
10
12
11
11
11
10
9
9
8
9
9
7
6
3
2
3
4
4
1
-3
-4
-2
-5
-8
-11
-9
-7
-9
-12
-14
-14
-16
-17
-15
-14
-14
-13
-13
-14
-10
-8
-9
-5
-1
-3
-5
-1
1
2
8
10
6
6
11
11
7
8
11
14
13
12
12
13
13
12
12
13
14
12
10
9
7
7
8
8
7
6
5
4
3
2
0
-1
0
-2
-2
-2
-3
-4
-4
-4
-4
-5
-5
-6
-7
-6
-7
-7
-8
-9
-10
-9
-7
-8
-8
-6
-5
-6
-7
-4
-4
-2
-3
-3
-2
-1
-1
-1
-2
6
6
6
4
3
12
10
11
12
11
16
10
11
11
11
12
10
10
7
3
4
5
3
-2
-5
-3
-1
-4
-8
-10
-9
-10
-13
-15
-17
-14
-15
-15
-16
-16
-11
-9
-9
-12
-12
-8
-6
-8
-5
0
2
-1
0
3
4
6
8
9
9
11
11
9
10
11
10
11
12
11
10
9
9
10
9
9
10
10
9
6
5
4
4
2
0
0
1
0
-2
-2
-1
-2
-3
-4
-3
-3
-4
-5
-2
-5
-7
-9
-7
-3
-5
-9
-12
-9
-5
-5
-5
-6
-5
-6
-6
-7
-3
-3
-5
-7
-8
-7
-4
0
2
2
1
2
5
8
10
13
14
14
15
14
15
15
15
15
14
13
11
10
9
7
5
3
1
-1
-4
-6
-7
-8
-10
-11
-13
-16
-18
-20
-20
-20
-20
-18
-16
-17
-17
-15
-14
-11
-9
-5
-4
-1
0
1
3
6
8
7
9
11
10
10
9
13
15
13
10
11
11
8
8
5
5
5
6
6
5
1
0
-2
-1
2
1
0
-2
-3
0
0
-1
2
0
-2
0
-3
-3
1
0
2
5
2
0
1
-2
-4
-5
-8
-9
-9
-11
-9
-8
-7
-5
-5
-4
-4
-4
-3
-2
-2
1
2
3
6
4
4
6
4
6
5
3
5
5
6
10
12
14
13
14
14
13
11
9
11
11
6
2
1
-2
-2
0
-3
-7
-6
-3
-8
-16
-15
-13
-15
-14
-15
-18
-15
-14
-15
-12
-13
-12
-9
-8
-6
-6
-5
1
3
3
8
7
5
10
5
5
12
9
10
13
11
10
9
6
5
2
3
1
-1
2
-1
-3
-1
-3
-4
-1
-4
-5
-1
-2
-2
-2
-5
-4
-1
-1
-2
-3
-1
3
6
6
5
8
9
7
4
4
5
6
2
-2
-3
-3
-3
-4
-4
-4
-4
-4
-4
-4
-3
-4
-4
-4
-5
-5
-5
-5
-5
-4
-3
-1
1
3
4
5
7
10
12
15
14
13
13
13
10
9
9
6
4
3
3
1
1
1
-2
-4
-3
-4
-8
-9
-7
-9
-9
-11
-10
-9
-10
-10
-11
-9
-4
-5
-3
-5
-5
-3
-4
0
-1
2
6
8
8
6
6
6
5
6
8
4
0
4
1
-2
0
1
-2
-5
-2
-2
-2
0
-1
-2
-3
-4
-5
-6
-4
-3
-2
-1
-1
0
0
0
1
3
4
3
1
1
3
4
3
2
2
1
-1
-2
1
2
2
2
0
-1
2
1
0
-1
-2
-2
-1
-1
-3
-3
-4
-4
0
0
-1
0
2
0
-1
2
2
-1
1
5
4
3
5
3
1
3
4
3
3
2
3
