-5
-3
-2
-2
-2
-3
-1
0
0
2
2
2
-1
-3
-4
-1
0
-1
-2
0
0
-1
1
2
3
3
2
4
5
5
5
2
2
0
1
0
-1
-1
-3
-3
-2
0
2
-1
-1
0
0
-2
-1
-2
-1
0
-1
-2
-4
-4
-3
-4
-3
-2
-5
-3
-2
0
0
1
-1
-1
1
-1
-4
-2
1
3
1
2
5
6
6
2
1
0
1
0
1
1
0
1
-1
-1
0
-2
-3
-4
-2
-2
-2
-2
3
7
7
7
9
8
7
4
2
3
3
2
-1
-3
-2
2
1
1
0
-1
-2
-3
-3
-3
-2
-1
0
1
0
-1
-3
-3
-3
-2
-4
-5
-4
-2
-2
-2
-3
-2
-2
-2
-2
-3
0
2
2
3
4
4
6
4
3
2
2
2
1
1
1
0
0
1
0
-3
-1
0
1
1
0
0
0
-1
-3
-4
-3
-3
-1
-2
-1
-1
0
1
-1
-2
-2
-1
1
0
0
1
2
3
5
3
2
2
2
-2
-2
-3
-3
-1
-1
0
1
1
3
1
1
-1
-2
-1
2
2
2
1
0
0
1
0
-1
1
0
0
1
1
2
1
-1
-2
0
0
-1
1
1
2
2
3
1
-2
-1
-2
-2
0
1
1
0
0
1
2
0
-2
-3
-4
-2
-3
-4
-4
-3
-3
-3
-3
-1
-3
-3
-2
-1
0
1
2
2
1
0
0
-1
1
-2
0
0
1
1
2
4
2
2
2
1
1
2
1
0
0
0
2
2
2
0
2
2
2
1
0
2
5
4
3
3
1
0
-1
-1
-1
-1
2
4
4
3
3
3
2
0
0
-2
-6
-7
-8
-7
-5
-5
-2
-2
-2
-2
-3
-4
-5
-5
-3
-2
-2
-3
-3
-4
-3
-2
0
0
1
2
2
2
3
4
3
1
-1
-1
0
-3
-3
-2
-2
-2
0
3
7
7
5
5
5
5
4
4
6
6
4
3
4
4
5
0
0
0
-1
-2
0
1
1
1
0
-2
0
-1
-2
-2
-1
-1
-3
-3
-3
-3
-3
-4
-6
-7
-6
-8
-8
-5
-6
-5
-7
-6
-4
-3
-1
1
1
2
2
3
5
7
5
2
2
3
4
2
1
2
2
1
0
0
2
3
1
-1
1
4
4
3
6
6
2
0
1
4
3
-1
-1
2
4
3
0
1
3
3
-2
-4
-2
-2
-3
-3
-5
-4
-5
-6
-7
-5
-2
-3
-2
-2
-2
0
-1
-2
0
0
-3
-2
0
0
-2
-1
1
2
-1
-4
-6
-3
0
2
3
1
-2
-2
0
1
1
2
3
3
3
4
3
4
3
3
4
6
6
6
4
1
0
-1
1
0
2
3
2
2
0
-1
-2
-3
-2
0
0
-1
-3
-2
-1
-1
-3
-4
-3
-4
-3
-7
-5
-2
-3
-2
-2
-1
3
6
4
3
2
-1
-2
-2
-3
-2
-1
-2
0
0
-1
0
2
3
2
0
0
0
-1
1
1
2
1
2
1
0
2
4
3
3
5
4
4
2
2
3
2
1
1
1
0
0
0
-1
1
1
-1
-1
-3
0
3
2
2
2
2
-1
-4
-7
-8
-6
-7
-7
-6
-4
-5
-4
-2
-2
0
1
2
3
2
0
-2
-2
-3
-2
-2
-2
-2
-3
-1
-2
-1
0
1
0
2
2
3
5
8
8
7
3
0
-1
0
0
1
4
3
1
3
5
6
5
1
2
2
0
0
-1
0
0
0
1
1
3
3
2
2
0
1
1
-1
-2
-1
-1
-1
-2
-5
-7
-9
-7
-7
-7
-6
-6
-3
0
1
-1
-2
-4
-5
-6
-6
-6
-7
-5
-3
0
2
3
3
6
6
6
5
5
3
3
2
3
4
3
2
1
2
4
3
3
2
1
1
1
0
0
1
0
1
1
2
1
0
1
2
2
1
1
2
4
4
5
4
3
2
2
5
5
2
0
-1
0
-2
-4
-5
-5
-4
-5
-6
-5
-5
-7
-7
-5
-4
-3
-4
-3
-3
-5
-7
-11
-9
-5
-5
-4
-4
-1
-1
-1
-1
-1
2
1
1
2
3
3
3
2
3
2
1
1
2
5
7
6
7
9
11
8
6
7
7
5
3
1
1
1
3
2
1
3
4
3
3
1
-1
-2
-1
-1
-1
0
1
2
-1
-2
-5
-7
-6
-6
-7
-5
-4
-4
-4
-4
-4
-6
-6
-5
-6
-8
-18
-18
-8
0
3
4
0
3
3
5
14
21
18
16
16
9
6
-4
-14
-15
-8
-1
4
1
7
21
18
14
8
3
7
3
17
19
22
31
23
23
16
-2
-32
-54
-70
-82
-90
-88
-42
-9
14
12
4
1
35
28
54
21
137
383
592
830
784
452
158
204
-104
-625
-1189
-1070
-311
-8
-282
-846
-666
-175
-4
-414
-1027
-1127
-441
146
64
-74
-142
300
501
526
321
173
317
207
102
-550
-408
403
511
502
900
1329
1343
963
536
80
-17
14
-126
448
1084
1623
1521
1161
1197
723
149
-187
-302
-100
-195
-491
-349
-438
-760
-881
-1085
-1232
-1173
-1299
-1468
-1332
-1332
-1632
-1691
-1440
-1161
-1256
-1282
-1264
-1241
-1113
-1169
-1054
-713
-150
130
242
271
456
657
675
617
698
954
1153
1308
1345
1317
1377
1600
1343
1244
1520
1627
1805
1626
1429
1270
740
631
237
181
673
1013
1449
1791
1838
1383
804
447
163
-42
-12
74
366
451
565
273
-125
-456
-1004
-1290
-1653
-1864
-2088
-2375
-2390
-2499
-2707
-2889
-2911
-2961
-3090
-3009
-3041
-2987
-2785
-2568
-2326
-1989
-1517
-975
-386
76
366
729
978
1341
1754
1970
2426
2718
2928
3202
3243
3303
3119
2493
1941
1554
1253
1052
869
690
559
414
257
143
-428
-732
-701
-960
-854
-858
-1021
-938
-890
-724
-557
-409
-50
343
618
967
1307
1388
1591
1620
1359
1413
1462
1550
1811
1777
2440
3107
3122
3234
2644
2367
2424
1956
944
-353
-1262
-1504
-1367
-1546
-1619
-1781
-2381
-2732
-3330
-4004
-4133
-4837
-5910
-6551
-6800
-6441
-6309
-6661
-6570
-5728
-4810
-3997
-3346
-3079
-2384
-1932
-1565
-755
64
799
1311
1792
2886
4389
5154
5444
5676
5995
6479
6886
6357
6930
7074
6022
6656
5777
5539
5665
4531
3337
1691
1044
799
-159
-1248
-1042
-1633
-2061
-1230
-2093
-2627
-2334
-2880
-3359
-3843
-3883
-3456
-4288
-4170
-3070
-2451
-1728
-716
-165
193
1652
1966
1781
1355
1266
1224
653
775
976
1008
861
1973
3324
3260
3698
3472
2713
3029
2918
1732
19
-1455
-1961
-2229
-2643
-2458
-2518
-3226
-3019
-2638
-3344
-3415
-4157
-5713
-6667
-7377
-7512
-7608
-8048
-7920
-7147
-6368
-4793
-3103
-2695
-1859
-813
-375
475
1173
1356
1749
2336
3583
5205
6220
7144
7905
8045
8624
9492
9305
8702
8621
7979
7512
7359
6456
5991
5071
4000
3096
1637
816
386
-1036
-2289
-2664
-3431
-3733
-3973
-4743
-4691
-4605
-4828
-4799
-5389
-5633
-5343
-5653
-5162
-4093
-3341
-2381
-1360
-406
593
1567
2107
2393
2326
2277
2544
2289
1914
1848
1407
1632
3214
3442
3531
3609
3651
4171
3907
2965
1216
-347
-1560
-1948
-2687
-3196
-3022
-4064
-4460
-4012
-3834
-3595
-4073
-5385
-6022
-6262
-6384
-6691
-7865
-8511
-8115
-7516
-6555
-4806
-3829
-2550
-893
121
1389
2302
2638
2649
2708
3392
4460
5159
5654
6430
6988
7974
9398
9874
9923
9567
9044
8790
8252
7344
5951
4790
3734
2802
1957
1155
795
-122
-1214
-1781
-2184
-2527
-3157
-4306
-4850
-4889
-5246
-5679
-6049
-6107
-5784
-5350
-4971
-4235
-3541
-2831
-1882
-1236
-288
279
363
882
1479
1860
2236
2414
2450
2444
3038
4179
4225
4143
4031
4508
5344
5223
4091
2099
1066
553
-377
-1624
-2111
-2485
-3566
-3884
-3861
-3759
-3914
-4916
-6137
-6757
-6731
-6889
-8077
-9301
-9442
-9399
-8905
-7624
-6694
-6137
-4825
-3236
-1819
-535
320
1023
1526
2241
3119
3711
4446
5359
5919
6680
8359
9836
10491
10422
10360
10807
10551
9691
8250
6619
5491
4369
3254
2279
1705
1239
475
-183
-120
-1
-797
-1919
-2686
-3191
-3830
-4834
-5649
-6206
-6387
-5895
-5483
-4804
-3543
-2109
-1127
-298
750
1044
997
1111
1393
1310
1072
1572
1480
2797
4358
4670
5282
5108
6278
6501
5558
4497
2454
1044
112
-871
-2528
-3328
-4026
-4966
-4938
-5053
-4942
-5310
-6524
-7013
-7660
-8404
-8834
-10527
-11780
-11952
-12040
-11712
-10646
-9472
-8474
-6684
-5035
-2953
-1169
-280
998
1735
2691
3804
4194
4943
6030
6920
7862
9545
11106
11742
12665
13197
13747
13597
12263
11166
9555
8104
6709
4735
3213
2656
1739
830
894
907
849
344
-395
-805
-1747
-2913
-4090
-5638
-6394
-6516
-6941
-6843
-5889
-4662
-3173
-1411
-262
595
1081
1614
2118
1558
1209
798
1340
2364
2519
2974
3247
4581
5691
5494
4853
3608
2708
1612
-7
-1839
-3339
-4956
-6649
-7471
-7807
-7555
-7513
-8199
-8171
-7704
-7583
-8003
-9576
-10673
-10831
-11271
-11497
-11279
-10759
-9725
-8034
-6223
-4058
-1948
-443
1132
2430
3997
5369
5813
6463
7162
7728
8734
10041
10989
11317
11953
12749
13681
13950
12923
11834
10726
9818
8295
5892
4013
2702
1268
-9
-681
-1050
-1227
-1660
-2007
-1619
-1403
-1811
-2623
-3758
-4276
-4796
-5656
-6029
-6003
-5608
-4942
-3641
-1726
-37
1115
2180
2804
3429
3454
4365
4848
4235
4280
3483
4467
5033
4473
3486
2224
2703
2490
1231
-147
-760
-1886
-3769
-5221
-6730
-7620
-8817
-10608
-11240
-10912
-10514
-10700
-11951
-12111
-11514
-11602
-11443
-11054
-10634
-9806
-8460
-7188
-5489
-4134
-3293
-1767
-247
1728
3342
4305
5991
7429
8487
9861
11476
12774
12859
12860
13315
13918
14009
12621
11352
10473
9969
8959
7155
5900
5210
4003
2285
1475
745
-70
-1348
-2589
-2897
-3167
-3781
-4726
-5334
-5215
-4859
-5166
-5185
-4311
-3723
-3122
-2225
-1108
-67
720
1037
1476
1926
2551
4412
4649
5211
5756
5564
6892
7054
6140
4478
3381
3161
2308
520
-959
-1507
-2874
-4124
-5344
-6590
-6938
-8094
-10043
-10696
-10678
-10853
-11859
-13411
-13494
-13240
-13462
-13244
-12682
-12110
-10933
-9434
-7879
-5545
-4127
-3246
-1564
335
2156
3033
3739
5438
6997
7970
9314
10899
12209
12696
13035
13590
14460
14398
12791
11829
11259
10668
9180
7087
6133
5396
3787
2240
1533
1136
490
-720
-1867
-2293
-2722
-4001
-5284
-5913
-6183
-6446
-6920
-6467
-5262
-4333
-3386
-2029
-677
557
1453
1970
2723
3067
4297
4882
5077
5710
5592
6753
7452
7559
6707
5612
5699
5183
3487
1486
376
-1057
-2664
-4367
-5943
-6675
-7744
-9251
-10061
-10139
-10121
-10863
-12301
-12369
-12152
-12950
-13487
-13672
-13605
-13068
-12349
-11287
-9185
-7504
-6107
-3973
-1685
823
1998
2662
4325
6075
7076
7564
9146
10081
10613
11316
11702
13129
13183
12291
11572
11227
11472
10023
7622
6634
6276
4560
3034
2320
1735
1332
321
-623
-737
-915
-1878
-3309
-4249
-3941
-4499
-5831
-5770
-5249
-4814
-4147
-3159
-2178
-940
172
1173
2199
4096
5150
5002
5844
6446
7580
7471
7291
7047
5852
5897
5536
4537
3331
2475
974
-414
-1072
-2493
-3858
-5452
-6910
-7779
-8652
-9010
-9962
-11727
-11997
-11961
-12532
-12676
-12866
-12924
-12865
-12266
-11282
-10108
-8996
-8305
-7014
-5133
-2546
-995
-540
1291
3240
4451
5505
6891
8005
8475
9066
9369
10304
10998
10620
9824
9307
10037
9472
7591
6830
6317
4996
3974
3068
2115
1518
745
81
-327
-432
-823
-1847
-2525
-2156
-2552
-3425
-3240
-3191
-3134
-2662
-1960
-1129
-462
261
1458
2553
4677
5758
5520
6377
7130
8449
8549
8110
7476
6566
6431
5695
4621
3232
2592
1253
-477
-1086
-2048
-2998
-4520
-6242
-7089
-7574
-8283
-9858
-11644
-12250
-12210
-12959
-13540
-13169
-12875
-12575
-11830
-10942
-9471
-8432
-8097
-7099
-5488
-3411
-2402
-1964
-352
1623
2869
4054
5845
7147
7849
8150
8557
9279
9579
8923
7914
7635
7739
6905
5533
5157
5027
3847
2762
2529
2405
2109
1180
274
225
307
-188
-1142
-1622
-1496
-1879
-2610
-2284
-1548
-1463
-1160
-429
442
1581
2076
2679
3125
4571
6128
6003
7073
7505
8483
9017
8593
8334
6888
6686
6031
4662
3084
2016
1204
-564
-1461
-2533
-3641
-4536
-6213
-7295
-7739
-8367
-9291
-10937
-11564
-11366
-12176
-12729
-12510
-12208
-12164
-11741
-10948
-9385
-7902
-7856
-7077
-5321
-3146
-1696
-1520
-223
1693
2793
3601
4711
6147
7003
7157
7497
8416
9186
8725
7749
7256
7170
6369
4759
3759
3357
2391
897
235
382
258
-427
-1058
-1114
-690
-697
-1279
-1576
-1506
-1579
-2243
-2252
-1569
-1265
-1079
-539
474
1673
2541
3513
4359
5066
7155
7545
8011
8969
8823
9775
9778
9637
8667
7887
7711
6677
5136
3461
2895
975
-911
-2004
-3631
-4467
-5833
-7688
-8294
-8545
-9493
-10828
-11986
-11694
-11510
-12647
-12899
-12340
-12287
-12128
-11688
-10951
-9047
-8070
-7918
-6294
-4004
-1851
-1052
-445
1471
3145
3715
4531
5876
6602
7171
7095
7537
8811
8819
7994
7298
7366
7410
6099
4384
3809
3172
1521
387
-270
-693
-1187
-2316
-2617
-2146
-2023
-2196
-2622
-2545
-2028
-2340
-2806
-2359
-2072
-2033
-1520
-762
317
1414
2280
3618
4739
5681
6092
7348
8896
8747
9107
8534
9638
10493
9405
8889
7788
7758
7058
5463
3895
3046
1630
-773
-2053
-3409
-4403
-5933
-8378
-9289
-9324
-10121
-10928
-12088
-12430
-11724
-12378
-12628
-12061
-11997
-11921
-11482
-10716
-9110
-7843
-7845
-6347
-4288
-2426
-654
55
1690
3720
4745
5659
7009
7939
8382
8129
8103
9067
9125
8176
7206
6695
6443
5753
4323
3314
2983
1818
423
-340
-748
-1288
-2496
-3451
-3360
-3128
-3385
-3838
-3935
-3494
-3167
-3518
-3431
-2529
-2106
-1832
-1171
-27
1476
2377
3259
4355
5442
6641
6887
8501
9625
9279
9868
9505
10866
11229
10036
9186
8261
8405
7184
5396
3664
2885
994
-1650
-2546
-4065
-5269
-7064
-9553
-9998
-9907
-10900
-12023
-12971
-12748
-12238
-13110
-13213
-12544
-12717
-12823
-12160
-11323
-9598
-8477
-8573
-6538
-4020
-2000
-273
663
2696
4830
5695
6904
8286
8460
8707
8609
8587
9444
9033
7847
7500
7340
7025
6400
5070
4731
4057
2149
1505
761
-139
-1017
-2612
-3147
-2848
-3297
-4037
-4197
-4058
-3573
-3658
-3808
-2826
-2426
-2461
-1693
-1152
46
1085
1237
2557
3817
4796
5634
6278
7155
8734
8856
8778
9861
9600
10294
10152
9225
8925
7858
6813
5827
4233
2606
1511
-852
-2489
-3382
-5170
-6324
-7796
-9500
-9794
-10124
-11092
-11741
-12806
-12706
-12370
-13311
-13316
-13170
-13395
-12873
-12235
-11487
-9754
-8801
-8201
-6079
-3934
-1728
-95
1070
3275
4910
6004
7200
8387
9122
9170
9243
9374
10320
10114
9124
8899
8532
8519
7573
6436
6054
5001
3394
2265
1604
807
-409
-1900
-2644
-2585
-3022
-3647
-3941
-4063
-3929
-4314
-4256
-3522
-3439
-3491
-3198
-2060
-836
-4
690
1984
3527
4292
5141
5895
8214
8479
8022
8939
9035
10685
10137
9179
8682
7978
7735
6273
4918
3547
2438
143
-1423
-1935
-3720
-5195
-7202
-8984
-9018
-9706
-11017
-12021
-13276
-13169
-13309
-14258
-14086
-14059
-14363
-13962
-12991
-12023
-10209
-9417
-8853
-6474
-4478
-2017
-610
245
2471
4083
5312
6775
7869
8449
9079
9321
10005
11148
10865
10241
10053
10005
10288
9383
8039
7674
6589
5173
4282
3114
2164
821
-1155
-2052
-2221
-2882
-3795
-4601
-4700
-4371
-4681
-4753
-4139
-3897
-3754
-3363
-2737
-1369
-511
-218
729
2104
3282
4232
4654
5582
7406
7030
7675
8500
8610
9794
9149
8760
8657
8253
7568
6402
4794
3523
2430
-39
-1271
-2439
-4613
-5845
-7658
-9304
-9438
-10501
-11708
-12715
-13847
-13491
-13912
-14888
-14785
-14844
-15011
-14106
-13334
-12464
-10335
-9607
-8420
-5898
-3913
-1620
-503
662
3056
4632
5826
7247
8258
9085
10226
10552
11159
12469
12012
11753
11512
11021
11068
9715
8500
7808
6217
4856
4029
2671
1571
395
-1124
-1600
-2018
-2974
-3546
-4159
-4598
-4642
-5276
-5005
-4243
-4534
-4132
-3302
-2290
-905
-123
462
1936
2984
3772
4612
5771
7664
7283
7710
8494
9414
10359
9244
8844
8211
8274
7492
5692
4467
3250
1786
-833
-1991
-2973
-4947
-6762
-8821
-9588
-9711
-10912
-12324
-13597
-14053
-13898
-14891
-15474
-15243
-15287
-15428
-14652
-13249
-11856
-10290
-9768
-8017
-5457
-3560
-1538
-707
1205
3362
4503
6161
7735
8948
9355
10262
11136
12075
12947
12109
11935
11863
11554
11018
9413
8721
8017
6159
5014
4591
3428
2322
978
-501
-965
-1695
-2885
-3735
-4275
-4565
-4894
-5370
-4682
-3953
-4313
-3693
-2715
-1704
-461
32
705
2118
2764
3582
4189
5426
7358
6754
7523
8513
9276
9849
8891
8439
7826
7690
6387
4958
3747
2471
1112
-1456
-2167
-2987
-5190
-6802
-8446
-9315
-9603
-11045
-12674
-13722
-14398
-14583
-15390
-15886
-15376
-15256
-15329
-14048
-12557
-11390
-9794
-9139
-7464
-5048
-3445
-1728
-541
1238
3170
4276
5887
7621
8680
9392
10303
11361
12085
12733
12417
12056
12165
11518
10759
9667
8825
7881
6067
4912
4345
3194
1747
419
-622
-1325
-1963
-2990
-3776
-3733
-4260
-4561
-4669
-4249
-3358
-3666
-3226
-2163
-1100
25
676
1510
2564
3824
4191
5507
7269
7218
8248
8308
9194
10642
9497
8922
7995
7417
6944
5120
3385
2544
1064
-1457
-2431
-3401
-4787
-6176
-8612
-9486
-9352
-10762
-12046
-13444
-14340
-14049
-15397
-16220
-15395
-15532
-15699
-14958
-13876
-11985
-10448
-10018
-8103
-5535
-3824
-2061
-929
1060
3197
3845
5195
7049
8170
8781
9283
10003
11375
11809
11087
11325
11564
11492
10665
9451
9185
8559
7002
5640
4916
4125
2996
1335
198
-185
-1034
-2143
-2988
-3188
-3154
-3615
-4071
-3686
-3013
-2803
-2611
-2063
-1048
100
743
1531
2461
3226
4306
4568
6043
7224
6704
7667
7591
8507
9072
8047
7682
6704
6429
5544
4174
2740
1883
390
-1963
-2579
-3896
-5360
-6764
-8984
-9701
-9907
-11199
-12304
-13368
-14027
-13730
-14618
-15076
-14384
-14647
-14659
-13605
-12603
-11160
-9854
-9562
-7672
-5328
-3723
-2044
-935
998
2931
3858
5224
7091
7966
8471
9170
9859
11076
11327
10860
10938
10923
10669
10037
9082
8611
7915
6235
5324
4765
3703
2460
917
148
-358
-1205
-2023
-2495
-2647
-2697
-2890
-3042
-2346
-2093
-2211
-1812
-1232
-292
344
886
1760
2632
3485
4291
6087
6852
7167
8032
8051
9468
9376
8243
7782
6856
6333
5014
3331
2187
1537
-399
-2206
-2792
-3987
-4918
-6644
-8429
-8563
-9223
-10610
-11523
-12737
-12965
-13324
-14781
-14613
-14072
-14504
-14379
-13576
-12395
-10586
-10018
-9428
-7104
-5362
-3644
-2379
-1331
1295
2790
3435
5192
6613
7466
7911
8189
8931
9852
9789
9247
9459
9462
9563
8814
7982
8098
6994
5812
5264
4752
3911
2670
1503
853
502
-278
-1054
-1689
-1863
-2037
-2448
-2431
-2108
-2027
-2060
-1515
-781
-112
490
1142
2054
2906
3451
4298
4870
5885
6996
6569
7493
7984
8024
8258
7508
6978
6049
5420
4327
3138
1825
706
-298
-2140
-2812
-3779
-5244
-6161
-7577
-8610
-8897
-9777
-10875
-11841
-12624
-12671
-13312
-13895
-13616
-13641
-13845
-13042
-11903
-10804
-9438
-8907
-7612
-5333
-3616
-2208
-1260
242
2140
3258
4049
5594
6483
6725
7632
7884
8883
9455
8892
8963
8960
9163
8850
7982
7397
7029
5897
5009
4737
3671
2824
1700
713
593
-18
-743
-1145
-1648
-1658
-1575
-1913
-1453
-1292
-1561
-1021
-419
239
960
1372
2122
3038
3863
4492
5435
6795
6716
7342
7803
8209
8964
7921
7413
6707
6090
5391
3920
2614
1560
442
-1784
-2718
-3504
-5095
-6107
-7821
-8609
-8528
-9601
-10538
-11279
-12265
-12269
-13036
-14034
-13480
-13576
-14078
-13396
-12469
-11297
-9908
-9512
-8273
-6023
-4544
-2791
-1640
-310
1787
2758
3730
5217
6181
6487
6955
7365
8043
8735
8353
8261
8334
8406
8460
7851
7435
7029
6137
5247
4916
4439
3342
2359
1419
946
685
-24
-694
-1127
-1323
-1435
-1458
-1385
-1043
-1004
-958
-285
367
1077
1638
2068
2799
3579
4089
4855
5147
5751
6745
6153
6786
7233
6882
7298
6539
5857
5431
4883
4043
2875
1520
532
-318
-2390
-3417
-4389
-6188
-6842
-8168
-9293
-9108
-10089
-11078
-11573
-12390
-12177
-12680
-13636
-13233
-13089
-13272
-12342
-11457
-10627
-9117
-8720
-7397
-5047
-3729
-2071
-1063
147
2335
3302
4070
5562
6269
6597
7426
7875
8519
9163
8675
8619
8858
8796
8760
7765
7152
7033
5841
4974
4677
3759
2840
1909
1075
873
388
-175
-611
-1038
-923
-945
-1182
-942
-848
-1036
-706
-106
565
1087
1405
2303
3063
3851
4491
5171
6650
6531
6871
7473
7685
8477
7549
6658
6088
5615
4689
3203
1938
690
-150
-2131
-3280
-3740
-5297
-6228
-7694
-8708
-8500
-9609
-10817
-11454
-12377
-12455
-12925
-13835
-13699
-13619
-13897
-13277
-12281
-11348
-9967
-9405
-8111
-5717
-4315
-2526
-1266
-78
2107
3248
4164
5652
6529
6839
7358
7685
8404
8953
8420
8428
8470
8470
8700
7955
7290
7267
6418
5472
5142
4460
3683
2611
1512
1163
659
-189
-824
-1336
-1494
-1388
-1559
-1596
-1078
-942
-908
-353
244
970
1465
1794
2614
3397
3884
4651
4738
5759
6533
5882
6880
7024
7169
7335
6456
5872
5356
4780
3582
2488
1053
200
-959
-2842
-3190
-4403
-5961
-6691
-8272
-8902
-9110
-10530
-11327
-12145
-12804
-12639
-13456
-14007
-13493
-13565
-13465
-12181
-11523
-10362
-8896
-8441
-6584
-4632
-3195
-1682
-841
756
2601
3607
4705
5894
6501
7011
7808
8363
8883
9389
8922
9045
9379
9328
9207
8261
7872
7397
6346
5505
4876
3919
2681
1866
866
418
-94
-1052
-1418
-1726
-1701
-1698
-1870
-1560
-1296
-1210
-761
-103
454
1027
1484
1930
2872
3676
4063
5599
6018
6248
7389
7250
8302
8376
7317
6860
6053
5520
4487
3051
1790
1141
-519
-2135
-2474
-4114
-5107
-6385
-8275
-8278
-8899
-10336
-11044
-12038
-12457
-12564
-13774
-14006
-13557
-14197
-13859
-12850
-12042
-10499
-9841
-9137
-6913
-5146
-3806
-2323
-1209
776
2468
3214
4705
6189
6716
7162
7920
8339
9231
9268
8699
9245
9352
9231
8773
8048
7842
7317
5960
5207
4742
3389
2448
1411
481
360
-471
-1464
-1639
-1773
-1808
-1829
-2201
-1713
-1322
-1542
-905
-506
24
930
1200
1726
2926
3638
4354
6038
6064
7077
8062
7723
9156
8755
7976
7824
6842
6051
5021
3464
2277
1571
-512
-1686
-2281
-3927
-4536
-6086
-7580
-7374
-8550
-9887
-10406
-11677
-11889
-12516
-13953
-13744
-13688
-14279
-13926
-13371
-12480
-11007
-10730
-9662
-7250
-6023
-4392
-3020
-1763
703
1794
2597
4270
5477
6250
6862
7382
8283
9118
8723
8723
9259
9162
9133
8448
7882
7925
6998
5963
5529
4815
3787
2726
1735
1243
642
-539
-1252
-1590
-2058
-2318
-2591
-2667
-2121
-2116
-2043
-1199
-619
27
571
1149
2302
3314
3635
5426
6407
6493
8057
8018
8849
9524
8491
8171
8024
7380
6478
5141
3589
3238
1453
-603
-935
-2501
-3745
-4788
-6610
-6753
-7165
-9174
-9928
-10814
-11654
-11820
-13373
-13892
-13358
-14001
-14116
-13407
-13071
-11850
-11130
-10742
-8576
-7055
-5934
-4250
-2998
-1106
746
1461
3074
4765
5316
6351
7185
7923
8704
8714
8653
9104
9163
8764
8357
7714
7525
6731
5389
4896
4254
3187
2051
1145
591
63
-866
-1600
-1665
-1959
-2278
-2523
-2550
-2091
-2041
-2227
-1670
-886
-301
370
1076
2293
3518
5178
5928
6990
8624
8942
10148
10452
10435
10276
9466
9119
8152
6850
5540
4524
2602
1192
314
-1505
-2307
-3896
-5471
-5764
-6867
-7980
-8931
-10260
-10550
-11231
-12718
-12947
-13169
-13822
-13857
-13815
-13421
-12493
-12250
-11670
-9995
-8582
-7150
-6053
-4725
-2272
-717
352
1936
3420
4546
5516
6216
6972
7865
7835
7815
8122
8218
8138
7440
6834
6740
6157
5173
4616
4037
3251
2578
1707
1166
900
-131
-844
-1105
-1700
-1946
-2256
-2773
-2508
-2537
-2556
-1839
-1473
-813
-140
547
1989
2970
3668
5643
6528
7228
8802
9020
10162
10678
9991
10009
9842
9174
8416
7057
5846
5466
3437
1695
946
-740
-1894
-3433
-5166
-5361
-6378
-8162
-8784
-9893
-10480
-10988
-12716
-12954
-12744
-13547
-13671
-13155
-12732
-11806
-11507
-10920
-9046
-7966
-6875
-5587
-4395
-2378
-1002
-273
1596
3243
3973
5020
6025
7030
7918
8016
8065
8483
8302
7839
7200
6407
6053
4821
3518
3149
2388
1504
629
-176
-349
-744
-1488
-1821
-2043
-2325
-2536
-2796
-2724
-2429
-2607
-2419
-1750
-1189
-292
427
1080
3222
4446
5118
7180
8048
9523
10744
10706
11303
11521
11191
10617
9731
8576
8026
6317
4527
4006
2222
1013
-285
-2199
-2629
-3574
-5399
-6397
-7462
-8339
-8882
-10487
-11415
-11370
-12215
-12745
-12634
-12724
-12031
-11858
-11881
-10346
-9292
-8362
-7362
-6597
-4658
-3226
-2344
-1045
522
1684
2561
3788
4741
5935
6325
6338
7072
7395
7467
6852
6185
6118
5339
4203
3384
2623
1654
571
-224
-707
-968
-1736
-2348
-2295
-2510
-2411
-2685
-2873
-2383
-2646
-2553
-2078
-1656
-1188
-891
-148
803
2728
3631
4262
6310
7214
8788
9881
10356
11187
11136
11116
11004
10543
9538
8802
7276
5799
5381
3585
2343
1397
-489
-1174
-2181
-3677
-4442
-5925
-7176
-7722
-9078
-10056
-10337
-11302
-11756
-11556
-11933
-11389
-11046
-10977
-9706
-9034
-8141
-6988
-6378
-4887
-3531
-2750
-1616
-434
678
1650
2750
3750
4587
5366
5838
6496
6951
7010
6759
6283
5945
5361
4319
3156
2339
1113
-27
-722
-1789
-2283
-2921
-3655
-3643
-3676
-3773
-3879
-3901
-3673
-3386
-3369
-3103
-2666
-2391
-1619
-1185
-257
1809
2397
3662
5520
6540
8614
9632
10030
11071
11566
11602
11665
10943
10401
10122
8169
7327
6748
4961
4089
2444
1052
802
-782
-2334
-3224
-4696
-5443
-6468
-8277
-8745
-9165
-10529
-10837
-10903
-11097
-10624
-10996
-10415
-9037
-8525
-7604
-6936
-5979
-4318
-3335
-2781
-1419
-160
567
1616
2447
3542
4374
4574
5343
6024
6325
6464
6040
5781
5669
4758
3606
2795
1844
658
-445
-1363
-2119
-3014
-3995
-4430
-4547
-4871
-5048
-5173
-5061
-4605
-4663
-4368
-3808
-3561
-3236
-2585
-1866
-381
1324
1273
3097
5032
5963
8013
8475
9326
10592
10731
11082
11369
10687
10558
9979
8193
8245
7215
5327
4916
3204
2283
2068
122
-782
-1537
-3194
-3547
-4758
-6354
-6591
-7714
-8869
-8766
-9452
-9774
-9488
-10152
-9225
-8325
-8113
-6906
-6527
-5632
-3958
-3353
-2635
-1136
-668
263
1693
2012
3255
3804
4030
4896
5217
5620
5563
4980
4879
4760
3677
3106
2333
1055
357
-660
-1511
-2125
-3058
-3806
-4304
-4652
-4690
-5061
-5455
-5372
-5347
-5298
-5162
-4909
-4565
-4086
-3410
-2656
-694
240
984
2992
4039
5992
7315
7631
8597
9534
9744
9918
9863
9261
9562
8277
7392
7618
6246
5673
4692
3283
3435
2540
880
440
-760
-1723
-2219
-4044
-4869
-5153
-6557
-7145
-7303
-7937
-7720
-8170
-8240
-7046
-6899
-6285
-5563
-5177
-3814
-2747
-2464
-1355
-335
-9
1101
1668
2355
3083
3164
3753
4174
4493
4756
4449
4121
4143
3498
2728
2217
1226
375
-521
-1302
-1919
-2798
-3583
-4247
-4831
-5100
-5461
-5905
-5993
-6064
-6065
-5862
-5655
-5237
-4755
-4313
-3430
-2580
-790
125
915
3005
3827
5475
6700
6992
7894
8584
8674
8887
8885
8403
8650
7430
6739
6955
5605
5247
4349
3085
3301
2335
1036
673
-523
-1191
-1774
-3424
-3829
-4036
-5217
-5629
-5851
-6278
-5980
-6425
-6304
-5389
-5315
-4641
-4187
-3781
-2484
-1966
-1802
-902
112
444
1095
1895
2229
3108
3304
3522
4154
4140
4246
3915
3595
3487
2775
1712
1143
427
-773
-1344
-2315
-3054
-3380
-4410
-4710
-4915
-5336
-5395
-5774
-5809
-5582
-5666
-5579
-5282
-4932
-4567
-3901
-3482
-2135
-521
-405
1446
2843
3814
5700
6127
6780
7801
8162
8074
8341
7795
7680
7477
5777
5914
5266
4046
3905
2507
2260
2411
1077
472
185
-860
-1044
-1845
-3357
-3250
-3883
-5028
-4802
-5316
-5409
-5107
-5707
-4808
-4081
-3909
-3049
-2747
-1955
-656
-435
-83
1112
1363
1848
2593
2649
3347
3594
3472
3902
4129
4009
3901
3439
3140
2926
1926
1198
522
-511
-1296
-2092
-3057
-3531
-4216
-5167
-5214
-5488
-5939
-5874
-6024
-5892
-5490
-5673
-5328
-4820
-4604
-4068
-3600
-3163
-1573
-432
-307
1751
2769
3774
5528
5668
6574
7535
7366
7558
7680
6938
7120
6205
4826
5166
4041
3098
2761
1478
1465
1239
-155
-264
-735
-1658
-1630
-2799
-3530
-3207
-4137
-4770
-4370
-4775
-4531
-4271
-4537
-3361
-2932
-2616
-1785
-1475
-406
399
466
1214
2143
2440
2947
3450
3811
4323
4376
4527
4750
4644
4525
3957
3464
3196
2352
1429
551
-282
-1144
-2238
-2968
-3638
-4405
-5014
-5472
-5661
-5677
-6026
-6143
-5872
-5843
-5563
-5447
-5260
-4639
-4239
-3777
-3210
-2438
-733
-389
465
2445
2961
4508
5501
5686
6687
7253
6936
7035
6778
6216
6249
4576
4063
3974
2457
2220
1091
229
595
-415
-1260
-1346
-2193
-2478
-2777
-3940
-3890
-3795
-4635
-4548
-4375
-4366
-3768
-4025
-3524
-2518
-2171
-1323
-874
-168
1109
1611
1884
2831
3534
3762
4385
4653
4889
5447
5285
5232
5259
5031
4767
4130
3619
3048
2140
1193
433
-568
-1693
-2478
-3518
-4198
-4734
-5643
-5908
-6085
-6485
-6532
-6450
-6357
-6053
-5881
-5574
-5004
-4430
-3849
-3415
-2580
-1816
-448
369
903
2767
3332
4468
5608
5691
6435
6898
6629
6707
6520
5623
5757
4487
3472
3631
1987
1487
906
-482
-329
-924
-2028
-2080
-2895
-3412
-3400
-4638
-4778
-4540
-5355
-5124
-4838
-4965
-4004
-3906
-3589
-2303
-1879
-1001
-272
267
1581
2251
2484
3323
4084
4416
4906
5186
5435
5968
6045
5922
5896
5916
5603
4920
4296
3495
2700
1537
349
-546
-1861
-2745
-3591
-4559
-4913
-5654
-6147
-6041
-6396
-6418
-6101
-6181
-5867
-5448
-5319
-4717
-4087
-3815
-2978
-2533
-1343
210
157
1821
2972
3564
5262
5541
5907
6886
6777
6386
6658
5752
5449
4836
3011
3116
2161
967
658
-795
-1052
-1162
-2479
-2864
-3167
-4020
-3987
-4769
-5572
-5067
-5543
-5972
-5419
-5457
-4906
-4251
-4200
-2989
-2033
-1318
-309
297
1444
2563
2855
3508
4577
4895
5494
6006
6022
6711
6887
6650
6676
6546
6224
5605
4884
4183
3406
2286
1177
126
-1121
-2018
-2973
-3953
-4484
-5271
-5789
-5831
-6110
-6250
-6203
-6224
-5936
-5672
-5523
-5014
-4504
-3912
-3353
-2591
-1814
-271
554
1080
2938
3529
4728
5727
5721
6509
6881
6410
6243
5870
5010
4888
3318
2250
2181
662
141
-822
-1888
-1659
-2602
-3531
-3488
-4229
-4511
-4670
-5807
-5678
-5491
-6256
-6140
-5844
-5690
-4886
-4763
-4156
-2739
-2028
-1010
-146
802
2361
3043
3520
4709
5448
5926
6531
6647
7120
7634
7295
7241
7264
6870
6494
5647
4975
4344
3120
2042
1023
-92
-1063
-2214
-3299
-3840
-4676
-5416
-5643
-6056
-6194
-6302
-6442
-6132
-5867
-5688
-5316
-4835
-4203
-3548
-2925
-2145
-529
101
894
2561
3146
4678
5456
5567
6465
6730
6602
6395
5726
5189
4893
3330
2499
1955
587
261
-1055
-1942
-1808
-2911
-3551
-3858
-4567
-4646
-5186
-6160
-6109
-6184
-6660
-6651
-6598
-6216
-5562
-5469
-4701
-3450
-2573
-1619
-764
440
1903
2779
3523
4612
5767
6383
6904
7429
7813
8403
8154
7895
7956
7486
6913
6148
5267
4626
3666
2218
1450
437
-737
-1563
-2795
-3356
-4049
-5044
-5329
-5737
-6049
-6101
-6513
-6377
-5889
-6001
-5550
-5060
-4608
-3685
-3048
-2470
-1147
220
624
2205
3097
3901
5461
5538
6167
6758
6589
6568
6179
5351
5206
4277
2778
2506
1171
389
-49
-1795
-1926
-2414
-3699
-3903
-4625
-5293
-5327
-6400
-6912
-6660
-7127
-7217
-7220
-7063
-6142
-5819
-5454
-4172
-3340
-2243
-1224
-458
1126
2224
2923
4035
5033
5998
6774
7099
7754
8296
8359
8361
8083
7997
7545
6605
6036
5199
4267
3247
2002
1174
282
-876
-1763
-2550
-3314
-3869
-4611
-5036
-5266
-5631
-5806
-5972
-5800
-5710
-5629
-5196
-4735
-4143
-3512
-2753
-2036
-496
315
1136
2788
3162
4556
5505
5582
6385
6480
6193
6210
5578
4853
4564
3118
2293
1759
348
141
-1079
-2195
-2165
-3297
-3826
-4196
-5259
-5421
-5822
-6810
-6721
-6852
-7255
-7075
-7083
-6640
-5825
-5586
-4724
-3663
-2931
-1612
-838
287
1784
2512
3483
4480
5452
6417
6871
7273
7919
8088
8098
8069
7593
7464
6816
5862
5386
4468
3615
2600
1467
811
-74
-1151
-1925
-2728
-3401
-3847
-4622
-5073
-5173
-5606
-5732
-5717
-5689
-5390
-5230
-4848
-4138
-3495
-2629
-2011
-1050
635
1154
2400
3534
4024
5542
5850
5927
6572
6352
5969
5833
4758
4357
3821
2155
1864
898
-97
-301
-1905
-2261
-2538
-3723
-3987
-4706
-5479
-5496
-6270
-6999
-6712
-7166
-7348
-7098
-7214
-6429
-5826
-5589
-4413
-3581
-2589
-1294
-535
869
2012
2832
3961
4887
5810
6588
6870
7401
7907
7754
7920
7542
7113
7029
5988
5452
4827
3753
3153
1970
1076
444
-735
-1502
-2237
-3157
-3523
-4147
-4806
-4751
-5105
-5320
-5102
-5244
-4907
-4545
-4421
-3724
-3150
-2459
-1599
-1033
508
1348
2099
3432
3818
4994
5725
5598
6062
6182
5692
5576
4831
4051
3817
2398
1554
1036
-205
-505
-1630
-2523
-2584
-3574
-4021
-4451
-5257
-5453
-5808
-6617
-6525
-6716
-7066
-6701
-6789
-6338
-5636
-5343
-4430
-3523
-2791
-1498
-569
472
1741
2629
3648
4606
5428
6018
6494
6866
7134
7079
6963
6788
6315
5973
5316
4585
4014
3174
2397
1477
743
42
-845
-1437
-2113
-2618
-2992
-3495
-3864
-3988
-4077
-4209
-4193
-4215
-3988
-3676
-3415
-3015
-2473
-1867
-1158
-545
334
1634
2017
3115
3876
4280
5502
5607
5523
5932
5638
5261
5015
3934
3533
2861
1510
999
16
-839
-1200
-2568
-2984
-3247
-4205
-4399
-5018
-5534
-5486
-5987
-6487
-6300
-6496
-6501
-6269
-6281
-5589
-5081
-4656
-3652
-2886
-1902
-689
138
1244
2486
3232
4085
4990
5461
6032
6302
6358
6560
6350
6116
5801
5243
4843
4171
3398
2841
2041
1244
584
-192
-893
-1414
-2043
-2552
-2889
-3275
-3545
-3747
-3784
-3795
-3862
-3718
-3605
-3312
-2891
-2583
-2102
-1459
-863
-41
546
1618
2578
2955
4166
4564
5150
6088
5818
5816
6187
5416
5183
4668
3472
3228
2104
885
426
-697
-1466
-1999
-3360
-3495
-3980
-4866
-4879
-5551
-5838
-5778
-6293
-6439
-6152
-6400
-6180
-5872
-5764
-4865
-4483
-3841
-2771
-2090
-919
68
933
2103
3076
3739
4580
5306
5653
6069
6171
6183
6157
5871
5417
4880
4454
3746
2940
2293
1493
825
57
-691
-1235
-1828
-2365
-2827
-3173
-3437
-3646
-3894
-3941
-3789
-3781
-3634
-3407
-3096
-2537
-2172
-1714
-1015
-331
325
1155
1697
2763
3646
3908
4976
5324
5769
6424
6061
5972
6209
5292
4935
4313
3050
2810
1590
347
-86
-1196
-1979
-2441
-3711
-3898
-4226
-5105
-5106
-5672
-5935
-5793
-6278
-6374
-6022
-6105
-5845
-5423
-5201
-4283
-3695
-3072
-2031
-1264
-184
775
1501
2582
3428
3948
4704
5187
5388
5761
5646
5428
5413
4883
4369
3911
3280
2605
1920
1241
585
-43
-766
-1384
-1902
-2422
-2866
-3265
-3551
-3650
-3798
-3916
-3766
-3538
-3380
-3031
-2737
-2289
-1696
-1242
-728
-29
588
1270
1945
2472
3618
3940
4592
5317
5442
6160
6286
5894
6068
5842
4928
4764
3657
2847
2385
922
129
-503
-1614
-2162
-2972
-3898
-3874
-4661
-5148
-5196
-5836
-5760
-5794
-6243
-5945
-5687
-5841
-5239
-4891
-4543
-3550
-3138
-2329
-1308
-624
452
1309
1977
2991
3606
4016
4794
4868
5012
5310
4929
4840
4552
3948
3590
3024
2296
1713
1065
394
-211
-912
-1488
-1943
-2486
-2954
-3305
-3544
-3693
-3843
-3872
-3778
-3449
-3249
-2973
-2441
-2002
-1392
-896
-408
352
962
1505
2180
2603
3568
4009
4374
5115
5319
5769
5997
5823
5697
5820
4980
4598
3965
2954
2529
1342
402
-368
-1213
-2081
-2745
-3592
-3978
-4333
-5040
-5057
-5415
-5578
-5389
-5666
-5625
-5177
-5162
-4906
-4329
-4072
-3418
-2681
-2203
-1328
-467
270
1144
1896
2608
3328
3809
4197
4589
4567
4688
4594
4171
3980
3504
2942
2494
1863
1213
718
69
-529
-1020
-1626
-2060
-2472
-2919
-3182
-3400
-3574
-3644
-3598
-3495
-3321
-2958
-2695
-2291
-1783
-1357
-788
-262
261
853
1419
1999
2484
3208
3641
4108
4710
4842
5332
5489
5490
5341
5310
4831
4344
3873
2961
2465
1473
684
-205
-986
-1653
-2442
-3070
-3538
-3896
-4399
-4486
-4731
-4868
-4721
-4845
-4779
-4456
-4306
-4094
-3604
-3277
-2827
-2138
-1646
-982
-241
317
1051
1738
2269
2796
3284
3548
3868
3928
3861
3943
3563
3282
2934
2414
2022
1471
823
366
-158
-788
-1209
-1808
-2234
-2537
-3030
-3296
-3445
-3613
-3650
-3608
-3490
-3229
-2915
-2568
-2171
-1676
-1139
-707
-144
350
878
1417
1852
2332
2796
3363
3595
4117
4344
4594
4903
4868
4880
4693
4589
4072
3679
3087
2430
1791
1007
242
-511
-1037
-1771
-2317
-2775
-3160
-3444
-3691
-3872
-4018
-4037
-4050
-4039
-3981
-3651
-3479
-3219
-2750
-2453
-1881
-1285
-860
-293
311
800
1346
1867
2216
2674
2944
3061
3243
3195
3178
3027
2668
2420
2093
1625
1263
767
215
-136
-732
-1227
-1602
-2106
-2422
-2759
-3055
-3179
-3248
-3272
-3193
-3033
-2866
-2554
-2199
-1918
-1489
-1087
-728
-245
132
490
954
1334
1673
2142
2359
2863
3217
3394
3843
3884
4159
4212
4108
3946
3781
3417
2941
2499
1786
1359
677
7
-599
-1110
-1656
-2137
-2507
-2959
-3031
-3308
-3483
-3491
-3525
-3388
-3291
-3178
-2882
-2525
-2251
-1790
-1406
-953
-344
58
488
1076
1434
1834
2209
2358
2668
2767
2806
2800
2684
2586
2359
2079
1775
1421
1016
635
136
-357
-765
-1261
-1694
-2070
-2481
-2733
-2939
-3144
-3179
-3174
-3083
-2945
-2746
-2497
-2120
-1775
-1472
-1044
-708
-294
97
371
748
1046
1275
1575
1830
2044
2310
2474
2596
2914
2955
3099
3188
3079
3153
2944
2776
2536
2195
1797
1360
859
399
-69
-593
-1040
-1509
-1794
-2148
-2354
-2530
-2682
-2646
-2647
-2564
-2412
-2223
-1989
-1727
-1465
-1098
-768
-410
-44
196
594
919
1113
1411
1532
1671
1842
1811
1868
1832
1761
1669
1501
1352
1173
928
639
356
-17
-312
-698
-1106
-1451
-1835
-2153
-2427
-2649
-2827
-2911
-2940
-2851
-2728
-2518
-2208
-1928
-1550
-1163
-788
-335
62
393
726
1061
1309
1524
1729
1828
1958
2019
2047
2094
2131
2119
2088
2082
2013
2014
1932
1851
1747
1555
1427
1183
952
683
362
53
-270
-600
-911
-1150
-1383
-1591
-1739
-1804
-1798
-1771
-1686
-1538
-1328
-1097
-847
-569
-331
13
190
389
669
791
941
1028
1066
1097
1126
1039
983
872
748
636
414
296
101
-109
-286
-502
-698
-879
-1072
-1289
-1487
-1643
-1804
-1971
-2064
-2162
-2228
-2155
-2139
-2025
-1799
-1601
-1297
-996
-650
-260
98
448
775
1057
1330
1548
1688
1815
1870
1893
1903
1849
1817
1742
1625
1562
1460
1331
1267
1164
1047
997
853
790
708
576
492
336
203
74
-141
-310
-445
-692
-783
-940
-1063
-1037
-1098
-1036
-933
-803
-644
-421
-235
-20
221
369
559
674
758
808
806
767
681
592
457
294
159
-55
-217
-372
-595
-738
-899
-1056
-1185
-1280
-1413
-1442
-1505
-1590
-1572
-1639
-1625
-1632
-1639
-1580
-1516
-1446
-1300
-1148
-971
-694
-496
-199
95
343
661
898
1129
1363
1535
1680
1815
1882
1930
1957
1898
1878
1778
1652
1551
1356
1229
1075
881
767
595
453
361
210
111
27
-105
-178
-258
-386
-398
-489
-544
-534
-585
-511
-480
-416
-307
-200
-76
56
199
310
447
540
619
681
727
695
657
614
447
336
155
-71
-254
-483
-708
-878
-1041
-1229
-1304
-1400
-1488
-1489
-1548
-1550
-1552
-1582
-1587
-1589
-1589
-1590
-1577
-1529
-1445
-1372
-1217
-1051
-878
-602
-397
-130
190
416
704
972
1183
1420
1594
1723
1866
1921
1933
1960
1891
1833
1742
1585
1493
1331
1169
1044
880
751
622
462
362
261
119
37
-68
-172
-226
-325
-371
-389
-430
-429
-419
-380
-336
-290
-214
-127
-36
63
158
268
374
453
543
614
663
690
681
656
602
479
369
206
15
-160
-395
-585
-774
-976
-1134
-1255
-1395
-1478
-1547
-1627
-1626
-1690
-1700
-1694
-1707
-1687
-1669
-1632
-1565
-1495
-1420
-1263
-1141
-953
-743
-546
-264
-15
254
549
807
1059
1299
1475
1627
1761
1787
1820
1806
1705
1654
1505
1368
1256
1086
961
843
714
624
547
450
428
364
313
307
247
225
189
122
87
27
-46
-105
-154
-184
-212
-200
-168
-111
-18
77
189
330
444
541
656
712
777
803
779
775
700
606
504
335
175
-6
-236
-425
-639
-873
-1045
-1242
-1417
-1525
-1660
-1737
-1770
-1826
-1808
-1788
-1767
-1700
-1647
-1586
-1499
-1432
-1341
-1235
-1142
-1001
-861
-699
-504
-322
-106
121
325
538
736
903
1068
1179
1265
1346
1363
1367
1353
1293
1255
1183
1082
1016
933
847
769
674
606
547
462
396
334
281
249
199
165
155
149
158
160
195
250
284
339
398
448
522
573
587
645
663
657
661
627
612
587
540
496
449
402
341
258
173
81
-43
-167
-313
-471
-615
-773
-931
-1065
-1198
-1313
-1411
-1498
-1561
-1607
-1637
-1649
-1646
-1610
-1571
-1522
-1440
-1368
-1277
-1169
-1079
-963
-842
-733
-592
-459
-332
-170
-27
121
281
402
536
660
744
838
906
947
991
1003
999
996
967
927
882
818
757
690
610
537
466
410
365
322
306
311
331
376
444
518
603
689
766
836
892
917
918
907
867
812
757
679
610
551
481
436
389
345
318
288
259
228
185
140
84
5
-78
-186
-314
-446
-602
-757
-912
-1071
-1213
-1343
-1459
-1551
-1617
-1657
-1672
-1658
-1624
-1565
-1490
-1405
-1300
-1199
-1082
-967
-858
-739
-635
-527
-421
-327
-230
-139
-57
32
115
186
277
345
416
499
549
616
660
686
717
711
702
682
636
585
529
458
406
349
303
299
288
321
378
435
538
633
738
858
951
1043
1122
1160
1198
1202
1176
1156
1088
1027
962
863
795
704
613
544
455
382
318
239
178
115
30
-34
-122
-225
-319
-446
-567
-696
-832
-963
-1088
-1204
-1306
-1385
-1457
-1493
-1516
-1520
-1491
-1456
-1398
-1327
-1244
-1154
-1048
-949
-845
-738
-650
-544
-455
-372
-287
-223
-155
-98
-38
13
61
117
160
206
253
283
315
343
338
350
341
307
302
260
229
214
175
170
181
182
230
279
335
434
510
612
724
817
931
1019
1099
1181
1226
1270
1294
1294
1296
1267
1228
1186
1112
1043
968
870
791
685
572
466
328
209
89
-47
-159
-290
-424
-537
-661
-766
-852
-945
-1017
-1081
-1141
-1176
-1213
-1232
-1233
-1225
-1191
-1155
-1115
-1067
-1013
-934
-846
-750
-654
-585
-521
-462
-405
-317
-238
-191
-169
-177
-179
-159
-126
-89
-81
-114
-153
-180
-185
-159
-135
-142
-169
-204
-219
-192
-137
-69
-13
13
42
88
163
280
393
489
574
635
700
777
858
951
1028
1086
1144
1176
1213
1257
1280
1309
1319
1294
1261
1203
1126
1045
935
818
698
558
425
292
153
36
-80
-186
-272
-364
-443
-511
-584
-631
-680
-725
-756
-795
-819
-835
-849
-851
-849
-843
-824
-796
-763
-724
-694
-663
-626
-593
-548
-509
-478
-449
-432
-411
-387
-372
-352
-344
-351
-357
-374
-383
-386
-392
-395
-406
-422
-431
-438
-434
-419
-401
-371
-330
-283
-218
-141
-55
42
133
230
325
412
506
591
671
757
826
897
965
1022
1084
1135
1181
1227
1255
1278
1288
1289
1279
1249
1198
1128
1039
937
822
697
564
433
299
168
43
-79
-187
-285
-370
-441
-504
-557
-598
-626
-647
-660
-669
-679
-689
-697
-700
-701
-693
-680
-663
-640
-618
-590
-555
-524
-488
-453
-423
-393
-369
-347
-330
-322
-320
-331
-346
-367
-396
-425
-456
-486
-511
-538
-555
-563
-565
-553
-530
-497
-453
-400
-337
-267
-191
-109
-23
61
149
239
322
408
493
576
660
739
816
891
959
1017
1069
1106
1136
1154
1159
1151
1127
1090
1041
978
906
823
735
641
544
448
349
253
163
78
-1
-74
-142
-204
-259
-305
-347
-384
-412
-436
-456
-468
-475
-480
-479
-478
-469
-460
-453
-444
-434
-425
-417
-406
-396
-385
-374
-366
-357
-353
-352
-354
-360
-372
-388
-408
-431
-455
-478
-503
-523
-543
-558
-566
-567
-561
-544
-520
-486
-444
-395
-338
-273
-203
-126
-43
38
125
209
293
377
456
531
606
677
740
799
849
891
924
947
957
959
946
921
887
843
790
729
663
594
522
445
371
298
229
164
99
40
-11
-59
-100
-141
-177
-205
-230
-249
-262
-273
-282
-284
-280
-277
-270
-266
-263
-256
-248
-243
-241
-239
-237
-235
-238
-245
-254
-264
-275
-292
-307
-323
-342
-358
-376
-394
-411
-428
-441
-451
-460
-465
-467
-467
-458
-442
-427
-407
-382
-351
-317
-282
-242
-195
-147
-96
-41
13
74
138
200
262
321
379
434
483
526
560
588
611
623
631
633
620
602
582
554
524
491
456
423
390
357
326
297
272
245
215
190
166
140
116
93
73
54
38
17
0
-15
-27
-43
-52
-60
-68
-71
-73
-74
-75
-78
-85
-93
-104
-113
-127
-147
-169
-198
-229
-258
-292
-331
-368
-406
-441
-474
-504
-528
-549
-561
-566
-570
-563
-548
-532
-509
-478
-443
-407
-366
-323
-276
-227
-174
-126
-77
-23
25
73
125
174
220
261
302
341
375
399
420
433
443
448
444
432
416
397
374
350
326
301
281
265
249
237
232
230
232
235
241
243
247
251
256
256
253
247
238
227
214
201
188
177
165
151
137
123
110
92
73
53
31
6
-25
-62
-101
-144
-193
-244
-292
-340
-387
-432
-474
-514
-546
-572
-592
-606
-614
-610
-600
-586
-562
-531
-497
-456
-412
-364
-317
-268
-217
-165
-114
-63
-12
34
78
118
151
183
213
237
252
264
272
274
269
260
248
233
220
203
186
169
155
143
134
128
127
130
132
140
150
162
174
190
205
219
234
247
259
271
283
293
302
312
319
323
324
323
321
314
302
286
267
244
215
184
148
110
71
29
-16
-60
-107
-154
-200
-247
-293
-333
-369
-403
-434
-459
-475
-486
-495
-501
-503
-500
-493
-481
-467
-448
-424
-401
-378
-352
-327
-298
-264
-231
-197
-162
-128
-95
-62
-33
-2
25
51
72
90
106
119
128
135
141
145
146
149
150
154
162
172
182
192
204
221
240
259
275
295
313
329
343
357
368
377
384
390
393
396
393
386
373
355
336
317
296
271
245
216
190
162
129
99
66
34
2
-32
-70
-110
-146
-184
-223
-266
-305
-343
-380
-416
-449
-475
-500
-521
-534
-542
-545
-537
-525
-506
-479
-453
-417
-375
-331
-286
-242
-198
-153
-107
-65
-24
11
45
71
91
106
114
117
113
103
91
78
63
50
41
36
30
28
29
36
50
68
90
118
146
178
212
248
286
322
358
387
411
427
440
449
453
450
438
421
395
369
342
311
275
234
194
154
114
79
45
10
-23
-60
-96
-128
-156
-181
-205
-230
-251
-269
-287
-301
-313
-323
-328
-335
-339
-341
-338
-325
-310
-299
-286
-275
-256
-237
-218
-197
-179
-162
-143
-129
-113
-98
-86
-73
-60
-48
-38
-32
-27
-19
-15
-9
-1
6
13
17
25
35
44
53
64
75
89
103
117
130
144
159
176
188
201
214
226
238
250
255
259
265
268
269
262
251
243
229
213
195
175
153
127
102
77
50
26
3
-20
-44
-66
-84
-98
-113
-129
-141
-149
-160
-167
-174
-179
-180
-180
-183
-183
-182
-175
-167
-162
-154
-145
-133
-118
-107
-92
-78
-67
-55
-47
-38
-28
-22
-17
-13
-9
-5
-5
-6
-9
-12
-18
-22
-29
-36
-40
-44
-48
-48
-50
-47
-43
-37
-28
-18
-4
8
22
37
52
65
78
94
107
122
133
142
152
158
162
165
163
160
158
151
144
133
121
111
99
86
69
54
41
28
16
6
-4
-12
-19
-26
-32
-38
-42
-47
-50
-53
-57
-61
-63
-64
-66
-70
-71
-70
-69
-66
-63
-59
-51
-47
-43
-40
-38
-36
-35
-32
-29
-28
-28
-29
-30
-31
-34
-36
-39
-41
-44
-47
-49
-51
-54
-54
-56
-58
-58
-59
-59
-60
-59
-53
-49
-45
-40
-37
-32
-25
-15
-5
5
17
28
39
52
65
79
88
99
112
119
127
134
138
142
144
144
141
134
128
120
109
98
84
71
57
42
26
13
0
-14
-28
-39
-47
-57
-65
-72
-72
-70
-68
-63
-56
-48
-39
-29
-18
-9
-3
2
8
11
11
5
-3
-8
-11
-20
-31
-42
-50
-59
-69
-76
-82
-84
-88
-91
-91
-90
-87
-82
-76
-68
-61
-54
-49
-42
-34
-25
-20
-14
-8
1
5
7
9
12
15
16
18
20
26
32
35
39
45
51
56
59
62
65
67
64
64
65
66
66
66
65
65
63
63
62
63
66
66
69
69
67
63
59
52
45
36
25
14
2
-7
-13
-20
-27
-32
-33
-36
-36
-36
-34
-28
-23
-20
-16
-16
-17
-17
-20
-24
-28
-31
-37
-42
-48
-53
-58
-63
-69
-77
-84
-89
-91
-92
-95
-99
-102
-104
-105
-103
-102
-97
-93
-87
-80
-73
-63
-51
-40
-29
-19
-9
5
18
32
45
58
73
85
94
103
110
116
120
121
121
121
122
121
119
114
108
104
99
94
88
83
77
75
70
67
61
59
58
53
49
49
45
43
42
38
35
31
24
16
8
-1
-8
-19
-31
-41
-52
-61
-71
-79
-86
-93
-98
-100
-106
-110
-111
-111
-110
-110
-108
-106
-103
-101
-101
-100
-99
-95
-93
-92
-91
-89
-89
-86
-85
-86
-85
-87
-84
-80
-77
-71
-64
-52
-41
-28
-14
0
18
36
52
69
86
105
122
137
149
156
166
172
175
174
172
169
165
160
154
145
132
121
111
99
89
79
71
64
55
48
43
39
34
30
28
27
23
20
18
17
17
15
13
8
6
2
-4
-12
-18
-24
-30
-40
-50
-60
-72
-83
-95
-108
-121
-135
-146
-156
-163
-170
-174
-174
-172
-168
-165
-160
-152
-145
-136
-125
-115
-106
-94
-83
-74
-66
