0
6
10
7
4
2
0
-1
1
4
3
6
10
10
4
0
0
2
3
5
7
7
4
4
4
0
4
4
6
13
8
2
2
-2
-3
2
-2
1
4
1
1
4
4
-1
-3
-1
5
5
2
2
5
2
-3
0
3
4
4
4
3
1
-5
-8
-2
2
-1
-2
1
1
2
-1
-4
-4
-7
-7
-2
1
3
-1
-4
-6
-6
-5
-2
0
2
1
-2
-3
-4
-2
1
2
0
-2
-4
-4
-4
-4
-3
-3
-2
-2
-1
0
-4
-2
-6
-4
-1
-5
-1
-4
0
1
-3
0
-2
2
3
1
0
-1
2
3
3
4
6
4
-1
1
5
6
1
-1
1
3
5
5
3
0
1
1
1
1
3
3
1
2
3
2
3
5
2
-3
-2
6
5
-1
0
3
1
-4
0
6
4
2
0
1
2
4
6
6
4
5
3
1
1
1
1
2
1
2
4
1
-2
-5
-3
-4
-3
0
-1
-4
-5
-2
0
0
1
0
-1
-1
1
1
0
-2
-3
-4
-1
-1
0
1
-1
-1
0
0
0
1
-3
-1
-4
-1
3
-1
3
-2
-2
-3
-5
2
0
-1
-7
-9
-4
-4
-2
-3
-4
-5
-5
-3
0
0
1
2
3
2
3
2
4
3
0
-2
-2
-2
2
2
4
4
1
1
1
-2
-2
0
-1
2
2
0
2
3
0
0
2
4
4
1
4
4
2
1
3
4
4
4
5
4
4
4
1
-1
2
1
2
7
5
-1
3
4
3
8
3
2
3
0
1
1
-1
-3
-5
-1
0
-1
-2
-3
-5
-2
2
4
1
-1
-1
1
1
-1
-4
-4
-3
-4
-4
-1
2
2
-2
-6
-6
-2
0
0
0
1
0
0
0
-1
-3
-4
-3
-3
-3
-2
2
-1
-6
-8
-3
2
2
-1
-2
-4
-3
-3
0
4
4
1
-1
1
3
4
1
-1
1
2
2
0
0
-1
-2
-1
1
1
0
1
-1
0
-1
1
1
2
1
2
6
5
3
4
3
-1
-3
1
4
4
6
3
0
0
5
4
0
0
3
4
2
2
2
4
5
0
-1
-1
-1
3
-1
3
4
1
2
-1
-1
1
-3
-4
1
1
0
3
-3
-5
-6
-6
-4
-2
-5
-2
1
-2
-4
-1
-1
-2
1
5
2
-1
1
0
-3
2
2
1
0
-1
-3
-3
-4
-2
1
2
0
0
1
-1
-3
3
7
3
1
0
-1
-1
-2
-1
-4
-1
0
-2
5
4
0
0
5
1
0
2
1
3
0
0
1
-1
1
-2
-2
-1
-1
-1
0
0
0
-2
-3
-4
-2
-1
0
2
2
-2
-2
2
2
1
5
9
4
-2
1
2
3
3
3
1
0
-1
-1
-1
0
-2
-1
1
3
0
-1
0
0
0
2
1
2
5
1
-1
3
0
-2
1
-1
1
1
-2
-3
-1
-3
-1
0
3
5
1
0
-1
-2
-4
-5
0
1
0
-1
-1
2
1
-5
-4
0
3
-2
-6
-4
0
1
-1
-5
-3
-1
1
1
2
0
-1
-2
-3
-1
0
0
0
0
-2
-4
-4
-1
0
3
2
3
5
2
1
0
0
1
-1
0
1
1
0
0
2
0
0
-1
0
1
0
-1
-2
-3
0
2
4
1
-1
-1
-1
1
3
3
1
0
0
0
-3
-2
-1
3
6
3
4
5
3
-2
-2
1
0
-1
4
5
2
4
5
0
-2
2
3
3
0
2
0
0
1
1
3
3
4
4
1
1
-2
-2
0
1
3
2
1
-2
-3
-4
-3
-2
2
3
2
0
-3
-4
-4
-3
-1
1
2
-1
0
-1
-1
0
1
-1
-1
-1
-1
0
-1
-4
-6
-5
-4
1
3
1
1
-1
2
4
5
1
-1
3
3
2
2
4
4
1
-1
-1
0
1
1
2
1
2
1
1
2
2
3
6
4
1
3
3
1
0
0
1
0
4
4
1
-1
-1
-1
2
4
2
2
1
1
2
1
0
-1
-1
-1
-1
1
0
0
0
-1
-1
-1
-2
-1
0
2
3
1
0
-1
-1
0
0
0
1
2
2
2
-1
-1
-2
0
1
1
-2
-4
-4
-4
-4
-3
-2
-2
-1
-1
-2
-3
-2
0
2
3
3
1
-1
0
0
-2
1
1
-1
3
0
-4
1
-2
-3
2
1
1
5
0
-3
1
2
0
1
0
1
1
-2
0
5
4
-1
-1
1
0
-1
-1
1
0
0
0
0
0
2
3
4
3
0
1
3
2
1
2
3
4
1
-2
-3
-2
-1
1
1
2
1
1
1
0
1
0
1
1
1
1
1
1
-1
0
2
3
3
3
2
-1
-1
-1
3
2
0
3
1
2
-2
-4
1
1
3
1
1
2
0
2
2
1
1
-1
-1
-2
0
-2
-2
-3
-4
-5
-5
-3
-1
1
2
1
-1
-2
-3
-2
-3
-1
0
-1
0
2
4
2
-1
-2
1
1
0
0
2
1
-1
0
2
1
-2
-4
-1
-1
-1
-1
1
2
1
0
0
1
1
2
4
5
4
3
3
2
-1
-1
2
5
3
1
2
2
2
2
0
1
3
1
3
4
2
3
4
1
1
0
-1
0
0
1
2
2
2
3
5
3
0
1
4
2
0
0
3
4
3
-1
0
2
2
3
0
3
0
0
2
0
1
-1
0
0
-2
-1
-2
-2
-2
-3
-3
-5
-5
-3
0
0
0
-1
-1
-1
1
0
-1
0
-2
-1
-3
0
1
1
1
1
1
0
-2
-3
1
1
0
0
-1
0
0
-1
-1
-1
-1
0
1
-2
-3
-6
-5
-4
-1
2
3
1
-2
-2
1
4
3
2
1
0
-1
-1
-1
-1
0
1
2
4
2
-1
2
5
4
1
4
4
2
1
1
1
0
1
2
2
2
0
-1
-1
0
0
1
1
1
1
2
5
7
4
0
-2
-2
-3
-4
-2
0
0
-1
-2
0
1
-2
-2
0
3
3
1
3
2
-1
1
-1
4
2
-1
0
-1
0
-3
-3
-2
-3
0
-2
-3
3
1
-1
0
-1
-3
-5
-3
-2
-2
2
2
0
4
2
2
0
-1
1
2
-2
-4
-1
-1
1
-2
0
6
3
1
2
0
-1
1
2
2
0
0
2
1
-2
-2
0
1
0
1
1
1
0
0
1
0
0
1
-4
-4
1
-1
1
3
1
0
0
0
2
3
3
3
2
0
0
-1
0
0
2
1
0
2
-2
-1
-1
1
2
1
3
1
2
4
0
-1
0
2
-1
-1
0
1
1
0
1
4
3
4
3
1
0
1
-1
1
0
-1
-1
0
0
0
0
-1
-1
-2
0
1
0
1
3
3
2
2
0
-2
-4
-3
-1
-1
0
0
1
-1
-4
2
0
0
2
-1
3
-2
0
0
-1
4
-2
-3
-3
-4
0
-1
1
2
1
0
3
3
4
3
3
1
2
1
1
0
1
2
0
1
0
0
0
0
0
1
0
-1
1
1
-1
-1
-2
1
5
6
4
4
3
4
2
1
3
2
1
0
0
2
1
0
-2
-2
-1
-1
1
3
1
1
1
-2
-1
-3
-2
1
-1
1
-2
0
2
-2
0
-2
2
1
1
2
-2
4
0
-3
-1
-6
-4
-1
0
0
1
0
1
3
2
3
2
-1
-5
-3
-1
-1
0
-2
-4
0
-2
-4
0
-1
1
2
-3
-3
-1
-5
-4
-2
-4
-4
-2
1
0
-1
0
3
4
2
-2
-1
2
3
-2
-1
3
3
2
1
3
1
1
4
3
1
-1
1
2
1
-1
-1
2
2
-2
-3
1
2
0
0
2
5
4
2
3
4
3
3
1
1
1
-1
0
1
-1
4
0
2
5
-1
5
2
2
2
-2
1
-1
3
-1
1
3
3
2
1
1
1
0
-1
-2
-1
-1
-1
-1
0
0
1
2
1
1
0
0
0
-1
-3
-4
-3
-2
-3
-4
-3
0
0
-1
-3
-1
1
-1
0
-3
-1
-4
-3
0
-2
-2
-3
-1
-1
-1
0
0
1
1
0
0
1
1
2
3
1
-1
-2
2
0
-1
0
1
2
1
-3
-2
1
-1
2
1
0
1
2
0
0
1
-1
1
0
-2
-1
-3
-3
-4
0
2
3
1
1
1
1
0
2
2
4
2
-1
-1
0
3
4
4
4
3
2
1
0
0
-1
-1
-1
-1
-2
-3
-3
-1
2
3
1
1
2
6
6
3
7
4
2
2
-2
5
3
2
4
0
5
0
-4
0
-6
-2
-2
-3
0
-3
0
1
-1
0
-1
1
0
-4
-3
-1
-4
-4
-1
0
-1
-2
-1
1
1
2
2
-1
-2
2
2
4
1
2
2
3
3
2
3
3
2
3
3
2
3
5
0
-2
1
0
-4
-2
-1
-3
-2
0
-2
-4
0
0
-1
0
-1
-3
-2
1
2
2
3
2
2
3
4
3
2
0
2
4
4
3
1
0
-2
-1
0
1
1
1
2
2
3
3
2
1
1
2
2
-1
-2
-2
-2
-2
-2
0
2
3
2
3
2
2
2
2
1
2
1
3
1
-3
-3
-1
1
-2
-4
2
0
-3
-2
-4
-5
0
-1
0
2
-5
-3
2
0
-2
0
3
3
-1
-1
3
4
1
-1
3
3
1
-3
-2
0
1
0
1
-1
0
-2
-3
-2
-1
-2
0
0
0
-2
-3
-2
-3
-1
1
2
1
4
5
4
1
1
0
-2
1
1
1
-1
1
5
5
6
5
0
0
-1
-3
4
3
2
6
2
4
-1
1
0
-4
3
0
0
3
4
3
3
5
3
4
3
0
1
2
2
1
2
1
0
0
2
4
2
2
-3
-4
-1
-3
-3
-2
-2
-1
-4
-5
-6
-5
-2
0
1
0
-2
-1
-3
-3
-4
-3
-2
-1
-1
0
-1
0
2
3
4
3
1
0
-1
-1
0
1
1
1
4
2
1
-2
-6
-7
-3
1
4
5
3
2
1
0
-1
-1
-1
1
2
5
5
3
4
1
-2
-1
-5
1
0
3
5
3
5
0
0
-2
-7
-3
0
5
4
2
-2
-5
-5
-2
0
2
6
9
11
7
3
1
-1
1
6
9
10
10
7
6
7
7
6
4
3
6
6
5
11
10
5
3
4
5
6
4
6
11
10
5
2
4
1
-3
-1
0
0
-1
-5
0
4
0
1
5
5
3
2
3
5
9
10
6
4
7
4
6
10
10
9
7
7
3
-4
-7
-4
-10
-11
-2
4
-3
-11
-11
-11
-14
-13
-10
-9
-8
-4
-2
-2
-2
-2
-1
0
-3
0
-1
-5
-4
-1
4
7
5
0
4
13
10
5
7
12
7
3
4
2
1
-1
-6
-5
-3
-8
-8
-3
-3
-6
-5
-8
-13
-14
-12
-7
-5
-10
-7
1
-6
-10
-3
3
5
4
7
12
12
6
6
6
7
14
17
18
18
14
12
10
9
10
11
9
8
6
3
3
3
3
3
5
4
5
7
6
6
6
6
4
2
0
-2
-5
-9
-12
-11
-14
-16
-14
-14
-19
-21
-23
-23
-18
-19
-24
-17
-22
-41
-31
-3
-10
-25
7
35
-11
-48
-34
-47
-53
-3
41
31
-29
-70
-59
-91
-132
-105
-101
-110
-56
17
57
73
87
64
-39
-173
-271
-320
-300
-233
-166
-135
-200
-400
-570
-527
-305
119
809
1391
1410
1034
491
-305
-1065
-1286
-958
-230
688
1388
1636
1320
506
-354
-927
-1060
-633
169
977
1429
1359
1022
578
49
-305
-325
-185
40
377
643
624
393
230
192
50
-112
-183
-266
-358
-397
-232
101
351
414
218
-55
-151
-155
-104
64
182
102
-29
-112
-179
-241
-281
-260
-223
-163
-100
-141
-227
-306
-518
-737
-735
-721
-795
-820
-750
-612
-538
-567
-708
-901
-1044
-1154
-1115
-917
-672
-415
-222
-84
-65
-165
-247
-278
-198
-43
100
248
394
397
236
190
319
432
511
585
635
559
357
295
395
487
538
578
673
699
598
597
684
641
504
487
574
572
501
545
615
523
484
588
640
680
686
690
753
719
696
702
634
581
516
479
546
643
767
789
592
401
306
198
82
55
119
75
-51
-100
-151
-326
-589
-797
-906
-977
-968
-855
-738
-791
-912
-970
-1141
-1356
-1546
-1727
-1833
-1964
-2035
-2049
-2153
-2309
-2528
-2671
-2737
-2757
-2610
-2456
-2304
-2109
-1950
-1771
-1608
-1456
-1233
-995
-714
-329
54
401
768
1175
1529
1739
1965
2209
2311
2415
2607
2764
2893
3008
3104
3151
3059
2935
2786
2624
2503
2366
2271
2098
1857
1717
1589
1553
1581
1579
1621
1589
1505
1452
1384
1328
1320
1354
1365
1382
1436
1438
1341
1222
1148
1022
869
733
587
465
340
192
71
-141
-517
-899
-1225
-1617
-2159
-2831
-3577
-4369
-5084
-5562
-5802
-5918
-6012
-6140
-6292
-6379
-6324
-6135
-5902
-5661
-5335
-4916
-4460
-3919
-3278
-2527
-1669
-837
-88
690
1474
2134
2658
3093
3485
3876
4152
4214
4304
4594
4777
4675
4527
4435
4246
3856
3331
2804
2264
1602
843
148
-360
-747
-1132
-1435
-1579
-1648
-1686
-1653
-1551
-1394
-1144
-833
-539
-193
243
707
1193
1658
2079
2559
3071
3538
3948
4283
4556
4748
4766
4700
4670
4615
4455
4230
4024
3817
3479
3003
2518
2079
1622
1105
605
173
-249
-701
-1122
-1466
-1801
-2222
-2701
-3121
-3450
-3793
-4261
-4832
-5415
-5973
-6504
-6920
-7096
-7040
-6912
-6811
-6680
-6398
-5971
-5509
-5074
-4652
-4230
-3815
-3407
-2955
-2381
-1609
-732
15
549
1068
1730
2392
2877
3245
3591
3792
3687
3402
3215
3203
3169
3006
2827
2719
2619
2396
2077
1709
1281
762
194
-379
-823
-995
-1043
-1004
-958
-792
-512
-319
7
387
828
1243
1510
1831
2094
2345
2596
2856
3220
3654
4145
4584
4973
5304
5551
5585
5292
4973
4719
4494
4244
3890
3630
3229
2661
2229
1879
1722
1532
1181
805
179
-579
-1443
-2326
-3005
-3681
-4387
-5191
-6117
-7005
-7786
-8368
-8689
-8768
-8730
-8733
-8788
-8737
-8500
-8166
-7778
-7318
-6722
-6028
-5310
-4557
-3680
-2673
-1662
-788
-20
877
1946
2946
3630
4091
4522
4864
4899
4781
4885
5097
5120
4740
4266
3973
3659
3260
2671
2204
1892
1371
736
124
-153
-286
-619
-978
-1283
-1316
-1252
-1208
-923
-477
80
487
836
1386
1943
2476
2824
3118
3522
3884
4312
4725
5174
5670
5978
6191
6242
6167
6101
5843
5496
5002
4470
4054
3436
2850
2285
1773
1275
535
-138
-869
-1596
-2269
-3182
-4212
-5477
-6778
-7991
-9166
-9940
-10393
-10627
-10750
-10878
-10752
-10328
-9662
-8957
-8388
-7775
-7050
-6382
-5844
-5206
-4282
-3180
-2213
-1417
-519
704
2044
3134
3986
4855
5715
6065
5967
5807
5776
5784
5390
4859
4510
4405
4295
3852
3494
3265
2939
2355
1507
852
372
-83
-647
-1277
-1556
-1610
-1557
-1395
-1082
-503
-9
382
762
1191
1764
2216
2599
2885
3116
3481
3838
4320
4849
5370
5878
6129
6325
6490
6586
6508
6090
5644
5154
4614
4024
3329
2781
2229
1600
861
73
-543
-1265
-2166
-3298
-4643
-5927
-7284
-8560
-9610
-10348
-10800
-11311
-11661
-11760
-11526
-10891
-10225
-9600
-8950
-8153
-7364
-6794
-6177
-5331
-4327
-3465
-2774
-1941
-698
743
1851
2812
3944
5042
5777
6015
6258
6674
6765
6336
5596
5248
5117
4668
4103
3422
3097
2980
2439
1799
1367
1160
621
-200
-907
-1464
-1667
-1815
-1968
-1928
-1656
-1201
-745
-181
471
1261
2031
2447
2896
3463
4010
4431
4552
4741
5014
5265
5475
5620
6004
6406
6581
6521
6315
6209
5900
5280
4505
3746
3137
2345
1479
742
99
-501
-1338
-2186
-3043
-4078
-5217
-6473
-7526
-8445
-9310
-10038
-10708
-11128
-11307
-11178
-10765
-10224
-9570
-8836
-8050
-7319
-6653
-5940
-5035
-4073
-3297
-2681
-1903
-809
320
1165
1849
2807
3851
4639
5093
5524
6123
6340
6101
5634
5267
5065
4610
4026
3433
3006
2707
2233
1845
1622
1528
1283
667
101
-318
-566
-808
-1120
-1200
-1105
-919
-751
-455
156
874
1499
2012
2558
3143
3652
4005
4229
4387
4549
4707
4795
4923
5187
5515
5656
5552
5387
5275
5083
4742
4324
3858
3404
2778
2073
1317
519
-191
-1050
-1970
-3030
-4122
-5061
-6056
-7011
-7882
-8525
-9029
-9637
-10200
-10511
-10498
-10323
-10096
-9783
-9274
-8602
-7892
-7193
-6397
-5427
-4506
-3768
-3081
-2227
-1191
-176
605
1277
2110
3039
3746
4144
4675
5289
5650
5649
5462
5557
5652
5419
4847
4261
3981
3537
2902
2350
1997
1790
1303
675
174
-92
-217
-558
-862
-1005
-1004
-881
-802
-502
6
553
998
1281
1805
2418
2976
3470
3838
4284
4663
4968
5197
5377
5679
5846
5821
5679
5572
5572
5474
5221
4885
4530
4039
3342
2568
1882
1210
399
-519
-1496
-2534
-3617
-4719
-5844
-6925
-7827
-8559
-9289
-10023
-10546
-10783
-10789
-10645
-10442
-10061
-9412
-8728
-8140
-7508
-6690
-5730
-4935
-4398
-3730
-2728
-1681
-862
-127
814
1882
2780
3460
4089
4781
5348
5532
5428
5356
5375
5208
4708
4131
3678
3245
2762
2202
1754
1553
1338
907
509
396
288
102
-175
-457
-504
-516
-509
-484
-232
258
648
1108
1582
2177
2922
3381
3747
4164
4610
4939
5050
5232
5411
5576
5586
5415
5353
5279
5154
4943
4650
4407
4107
3644
3071
2507
1879
1183
416
-386
-1147
-1996
-3035
-4109
-5116
-6109
-7060
-7851
-8448
-8989
-9542
-9965
-10128
-10047
-9853
-9587
-9158
-8621
-8059
-7480
-6835
-6021
-5169
-4487
-3842
-3094
-2257
-1385
-606
111
894
1699
2421
3044
3659
4265
4665
4804
4782
4731
4735
4590
4166
3712
3341
2937
2500
2064
1727
1547
1310
870
481
286
115
-104
-280
-371
-361
-283
-138
175
630
1099
1559
2000
2462
3043
3598
3973
4307
4666
4951
5158
5340
5510
5626
5604
5497
5441
5386
5254
5114
4930
4611
4239
3845
3384
2863
2238
1502
763
4
-829
-1685
-2560
-3536
-4624
-5733
-6745
-7611
-8326
-8914
-9441
-9926
-10284
-10429
-10352
-10100
-9701
-9184
-8602
-7980
-7310
-6570
-5753
-4915
-4153
-3495
-2843
-2041
-1070
-162
572
1364
2255
2997
3554
4114
4720
5228
5406
5310
5247
5180
4909
4444
3852
3292
2838
2279
1686
1377
1275
1107
812
527
438
462
346
111
-12
0
-1
24
180
452
806
1175
1527
1992
2562
3131
3687
4147
4488
4815
5115
5292
5341
5352
5368
5311
5162
4980
4846
4732
4504
4191
3901
3562
3133
2579
1877
1183
520
-273
-1180
-2115
-3078
-4126
-5247
-6305
-7192
-7904
-8507
-9106
-9670
-10020
-10108
-10023
-9800
-9418
-8920
-8384
-7831
-7222
-6504
-5675
-4876
-4227
-3653
-2976
-2142
-1302
-609
26
756
1513
2147
2739
3444
4139
4589
4750
4792
4864
4910
4754
4421
4088
3753
3331
2786
2306
2045
1854
1625
1277
1002
973
979
924
839
844
919
863
809
915
1140
1403
1592
1813
2149
2577
3102
3578
4028
4427
4739
5001
5186
5403
5534
5524
5361
5068
4820
4576
4363
4092
3783
3468
3054
2604
2088
1544
950
242
-559
-1559
-2636
-3712
-4781
-5853
-6919
-7808
-8615
-9364
-9977
-10365
-10426
-10355
-10167
-9875
-9423
-8743
-8044
-7354
-6691
-5979
-5218
-4610
-4056
-3422
-2643
-1831
-1193
-525
295
1189
1953
2538
3264
3995
4480
4680
4766
4979
5058
4920
4520
4032
3648
3142
2585
2000
1615
1332
930
576
319
329
383
383
436
531
753
918
1086
1301
1488
1736
1987
2322
2684
3062
3548
3983
4376
4754
5171
5573
5822
5992
6081
6107
6036
5827
5538
5182
4726
4202
3698
3163
2645
2185
1652
1040
458
-121
-759
-1495
-2407
-3423
-4431
-5453
-6445
-7318
-8099
-8822
-9471
-9983
-10230
-10175
-9920
-9584
-9154
-8549
-7809
-7071
-6367
-5634
-4850
-4186
-3711
-3183
-2491
-1743
-1078
-521
41
746
1424
1976
2595
3258
3863
4206
4402
4551
4731
4842
4551
4213
3795
3282
2698
1976
1420
915
504
8
-470
-644
-792
-757
-733
-740
-517
-242
102
327
613
1085
1460
1850
2113
2562
3245
3688
4143
4593
5110
5652
5990
6327
6570
6770
6822
6670
6512
6171
5831
5406
4855
4367
3726
3159
2591
1966
1379
614
-5
-629
-1375
-2229
-3239
-4121
-5121
-6177
-7158
-7967
-8549
-9211
-9794
-10172
-10209
-10005
-9786
-9419
-8947
-8339
-7654
-7021
-6321
-5565
-4814
-4133
-3575
-2997
-2287
-1510
-842
-318
240
878
1507
2019
2529
3119
3646
3945
4023
4201
4380
4352
4078
3657
3375
2992
2476
1959
1575
1342
952
591
356
338
487
484
578
781
1010
1239
1400
1714
2004
2229
2420
2577
2910
3261
3616
3969
4284
4656
4976
5278
5505
5714
5926
5953
5874
5678
5439
5220
4870
4413
3857
3302
2746
2101
1479
814
188
-400
-1111
-1859
-2671
-3516
-4441
-5463
-6448
-7353
-8075
-8742
-9386
-9901
-10243
-10320
-10241
-10015
-9617
-9029
-8262
-7528
-6771
-5946
-5090
-4271
-3652
-3047
-2312
-1521
-858
-327
272
916
1496
1913
2306
2815
3346
3666
3833
4046
4238
4368
4208
3925
3697
3396
2970
2411
2017
1643
1195
721
234
121
154
119
134
221
495
751
1020
1349
1697
2091
2302
2574
2897
3197
3607
3927
4212
4501
4852
5250
5556
5816
6027
6209
6233
6109
6028
5872
5612
5264
4754
4171
3525
2846
2147
1381
627
-178
-960
-1872
-2887
-3778
-4761
-5712
-6627
-7505
-8206
-8856
-9450
-9968
-10225
-10235
-10168
-10006
-9763
-9300
-8623
-7925
-7222
-6413
-5540
-4774
-4068
-3362
-2531
-1610
-954
-416
223
940
1598
2088
2556
3094
3603
3888
4057
4286
4562
4665
4505
4253
3982
3740
3312
2742
2260
1804
1290
691
246
-55
-273
-428
-611
-594
-419
-171
182
511
890
1349
1816
2248
2678
3204
3654
4026
4380
4636
5041
5412
5645
5879
6018
6187
6237
6227
6124
5914
5742
5322
4874
4428
3909
3366
2665
1958
1201
448
-299
-1122
-1917
-2876
-3897
-4840
-5816
-6735
-7576
-8315
-8984
-9617
-10116
-10419
-10431
-10292
-10107
-9796
-9334
-8688
-8033
-7343
-6550
-5718
-4904
-4240
-3542
-2727
-1886
-1144
-553
91
783
1449
1964
2437
3011
3521
3866
3988
4169
4429
4526
4451
4115
3851
3637
3223
2746
2247
1933
1550
1084
692
431
516
419
257
270
401
720
912
1170
1498
1830
2197
2428
2828
3304
3706
4068
4301
4676
5068
5399
5745
5927
6135
6223
6245
6246
6009
5874
5566
5134
4685
4053
3528
2888
2213
1469
623
-93
-906
-1746
-2666
-3634
-4572
-5561
-6527
-7459
-8193
-8866
-9555
-10105
-10522
-10599
-10472
-10238
-9920
-9481
-8771
-8087
-7351
-6561
-5691
-4775
-4106
-3495
-2761
-1870
-1126
-584
-11
612
1314
1845
2317
2889
3415
3822
4010
4271
4550
4716
4775
4491
4254
4064
3675
3211
2664
2214
1664
1057
568
156
21
-182
-394
-438
-439
-204
66
368
702
1068
1554
1938
2424
2902
3374
3892
4174
4495
4879
5266
5632
5851
6114
6310
6434
6481
6412
6368
6143
5775
5378
4925
4431
3790
3091
2282
1436
652
-230
-1038
-1952
-3002
-4046
-5093
-6062
-7057
-7899
-8667
-9347
-9949
-10524
-10713
-10694
-10583
-10429
-10165
-9615
-8986
-8320
-7621
-6787
-5837
-5043
-4374
-3598
-2636
-1655
-947
-382
347
1170
1867
2353
2876
3490
3966
4209
4381
4698
4943
4987
4765
4387
4176
3904
3439
2920
2437
1970
1405
889
471
235
120
-130
-279
-237
-47
228
463
730
1047
1464
1829
2215
2714
3166
3587
3928
4286
4697
5141
5547
5812
6088
6291
6406
6509
6496
6418
6250
5942
5544
5043
4540
4027
3396
2680
1845
1010
225
-575
-1442
-2453
-3475
-4516
-5620
-6666
-7601
-8396
-9154
-9876
-10458
-10813
-10890
-10812
-10650
-10376
-9919
-9309
-8629
-7880
-7057
-6158
-5330
-4633
-3903
-3072
-2165
-1370
-737
-95
611
1407
2047
2543
3137
3693
4134
4315
4508
4874
5060
5023
4673
4385
4234
3875
3419
2863
2444
1992
1339
827
419
218
-33
-402
-500
-441
-177
81
302
700
1109
1582
1983
2429
3005
3442
3837
4170
4569
5031
5393
5767
6036
6258
6463
6565
6619
6537
6424
6236
5881
5492
5027
4523
3920
3206
2453
1600
779
-13
-874
-1875
-3016
-4151
-5266
-6352
-7402
-8336
-9152
-9888
-10560
-11054
-11228
-11213
-11067
-10854
-10441
-9813
-9139
-8401
-7651
-6775
-5860
-5097
-4377
-3611
-2632
-1722
-1056
-412
289
1097
1749
2308
2956
3602
4135
4369
4589
4834
5055
5145
4893
4630
4347
4007
3548
2975
2578
2132
1656
1123
626
489
325
115
-54
-69
174
306
471
771
1191
1598
1859
2226
2633
3074
3479
3777
4195
4626
5025
5325
5593
5919
6143
6363
6436
6430
6382
6115
5801
5399
4923
4352
3674
3038
2301
1534
746
-44
-881
-1947
-2993
-4027
-5077
-6081
-7123
-7998
-8799
-9604
-10296
-10796
-10985
-11022
-10985
-10817
-10407
-9792
-9152
-8426
-7628
-6700
-5842
-5107
-4310
-3472
-2495
-1736
-1118
-415
298
1068
1658
2221
2825
3423
3877
4100
4420
4709
4957
4975
4726
4619
4418
4122
3672
3144
2774
2207
1647
1102
643
421
108
-83
-246
-265
-47
75
372
703
1124
1626
1983
2478
2892
3339
3810
4086
4441
4770
5182
5548
5745
6031
6252
6455
6549
6552
6527
6316
6063
5649
5213
4735
4089
3437
2635
1822
969
98
-784
-1856
-2940
-4076
-5170
-6217
-7259
-8128
-8989
-9744
-10400
-10829
-10929
-10958
-10838
-10648
-10233
-9655
-9067
-8311
-7575
-6736
-5964
-5286
-4549
-3784
-2859
-2104
-1445
-697
63
847
1494
2190
2884
3467
3917
4212
4594
4816
4933
4910
4616
4398
4072
3737
3316
2774
2340
1791
1300
833
468
312
-9
-245
-345
-285
-50
167
475
760
1160
1562
1945
2476
2931
3431
3822
4140
4570
4993
5469
5809
6068
6344
6530
6716
6796
6830
6779
6520
6241
5850
5420
4954
4345
3674
2772
1898
1078
220
-669
-1783
-2876
-4025
-5129
-6160
-7179
-7988
-8834
-9629
-10368
-10869
-11022
-11065
-10985
-10934
-10611
-10030
-9412
-8647
-7887
-6977
-6096
-5403
-4642
-3761
-2715
-1897
-1259
-564
186
1040
1672
2290
2954
3504
3961
4189
4542
4864
5041
5065
4748
4579
4301
3929
3548
2990
2588
2033
1478
956
490
236
-130
-371
-570
-631
-479
-312
-13
269
608
1040
1486
2034
2573
3128
3655
4050
4495
4969
5453
5842
6088
6377
6567
6746
6871
6913
6915
6704
6484
6165
5788
5336
4719
4086
3256
2410
1535
655
-261
-1392
-2531
-3736
-4922
-6057
-7130
-8009
-8898
-9685
-10371
-10877
-11070
-11140
-11045
-10946
-10678
-10192
-9633
-8926
-8216
-7373
-6549
-5824
-5055
-4264
-3287
-2438
-1709
-980
-267
567
1238
1933
2606
3184
3729
4009
4374
4642
4854
4945
4621
4416
4173
3887
3516
2983
2538
2014
1565
1080
705
554
271
88
-126
-186
13
189
450
619
950
1317
1680
2233
2651
3220
3693
4046
4538
4924
5434
5808
6077
6333
6454
6732
6814
6865
6848
6584
6388
6004
5601
5160
4560
3887
3037
2154
1313
479
-462
-1531
-2685
-3834
-4950
-6021
-6964
-7828
-8661
-9472
-10192
-10682
-10904
-10951
-10944
-10879
-10643
-10173
-9574
-8923
-8163
-7340
-6549
-5830
-5126
-4242
-3258
-2447
-1799
-1098
-308
509
1251
1890
2581
3219
3663
3996
4387
4768
5037
5047
4803
4689
4482
4190
3805
3302
2878
2257
1732
1215
799
593
136
-161
-399
-525
-398
-355
-80
152
404
804
1175
1824
2335
2808
3351
3772
4329
4818
5306
5766
6122
6390
6567
6791
6965
7048
6989
6806
6573
6307
5976
5550
5043
4405
3622
2756
1933
1121
183
-949
-2197
-3445
-4643
-5767
-6873
-7875
-8804
-9660
-10424
-10949
-11138
-11191
-11134
-11033
-10703
-10216
-9633
-8880
-8158
-7354
-6639
-5972
-5237
-4411
-3469
-2681
-1991
-1335
-549
271
947
1673
2383
3016
3475
3853
4286
4668
4948
4932
4799
4656
4395
4123
3700
3267
2786
2234
1729
1229
962
698
422
223
64
175
258
383
632
826
1086
1276
1643
2069
2414
2836
3146
3597
4067
4508
5028
5414
5850
6193
6482
6755
6907
7080
6976
6763
6531
6189
5829
5217
4604
3939
3124
2329
1439
616
-334
-1464
-2601
-3730
-4736
-5834
-6875
-7762
-8663
-9445
-10132
-10559
-10754
-10826
-10772
-10663
-10290
-9776
-9196
-8526
-7857
-7096
-6389
-5726
-4956
-4081
-3195
-2506
-1870
-1131
-310
498
1186
1875
2548
3059
3413
3785
4179
4485
4592
4481
4373
4172
3899
3559
3171
2821
2287
1753
1251
870
633
247
-56
-220
-247
-165
-91
127
432
780
1073
1360
1872
2372
2870
3309
3668
4200
4660
5078
5508
5898
6334
6596
6825
6998
7149
7234
7050
6903
6607
6263
5862
5238
4642
3929
3153
2296
1408
514
-596
-1719
-2923
-4085
-5169
-6300
-7229
-8166
-9054
-9785
-10381
-10696
-10874
-10874
-10844
-10670
-10196
-9685
-9041
-8365
-7635
-6815
-6121
-5433
-4631
-3711
-2888
-2242
-1546
-799
0
760
1420
2173
2818
3244
3624
4002
4393
4641
4654
4523
4347
4141
3813
3394
2925
2458
1983
1412
930
673
451
172
-52
-134
-57
82
236
501
808
1037
1287
1627
2057
2499
2876
3209
3604
4093
4588
5069
5510
5970
6361
6663
6966
7196
7368
7332
7138
6878
6531
6117
5548
4928
4198
3386
2524
1665
845
-120
-1182
-2335
-3459
-4508
-5571
-6527
-7456
-8331
-9141
-9864
-10318
-10590
-10693
-10699
-10602
-10285
-9870
-9310
-8648
-7922
-7168
-6468
-5741
-4968
-4091
-3222
-2511
-1858
-1145
-385
301
953
1617
2245
2777
3150
3521
3944
4336
4485
4417
4373
4236
4031
3697
3257
2801
2265
1716
1082
620
294
-77
-377
-698
-762
-629
-539
-314
-2
411
794
1209
1753
2260
2802
3227
3644
4166
4618
5115
5555
5934
6271
6558
6846
7033
7238
7308
7201
7055
6773
6530
6171
5601
4997
4252
3476
2656
1759
818
-239
-1403
-2689
-3911
-5027
-6076
-7025
-8015
-8895
-9605
-10126
-10441
-10615
-10597
-10531
-10350
-9999
-9527
-8893
-8243
-7579
-6894
-6248
-5584
-4787
-3924
-3174
-2487
-1813
-1066
-284
402
1144
1869
2481
2932
3339
3810
4155
4436
4459
4330
4225
3951
3642
3243
2813
2345
1799
1263
760
469
186
-145
-363
-487
-406
-290
-128
136
394
725
1009
1395
1863
2259
2682
2999
3377
3817
4285
4859
5288
5736
6151
6527
6954
7216
7477
7537
7418
7265
6934
6607
6100
5473
4819
3975
3176
2331
1459
504
-605
-1734
-2922
-4008
-5084
-6060
-6912
-7847
-8654
-9364
-9880
-10158
-10342
-10431
-10454
-10272
-9974
-9535
-8944
-8324
-7567
-6902
-6257
-5448
-4554
-3607
-2862
-2195
-1454
-667
137
745
1378
1995
2493
2930
3222
3668
4009
4180
4184
4002
3984
3759
3514
3139
2695
2372
1788
1357
897
554
334
-94
-254
-396
-374
-200
-104
238
501
849
1279
1651
2228
2646
3063
3526
3880
4369
4783
5218
5641
5954
6246
6439
6722
6925
7017
7011
6831
6678
6369
5933
5392
4760
4136
3327
2464
1493
431
-664
-1882
-3044
-4271
-5405
-6375
-7348
-8157
-8872
-9368
-9704
-9931
-10016
-10005
-9701
-9400
-9061
-8620
-8157
-7509
-6946
-6426
-5783
-5078
-4284
-3595
-2974
-2172
-1376
-661
16
686
1474
2106
2570
3016
3414
3867
4023
3956
3982
3879
3754
3436
3008
2656
2154
1652
1030
604
334
-74
-346
-647
-740
-687
-712
-537
-290
67
400
735
1230
1712
2325
2826
3265
3818
4259
4785
5271
5711
6154
6486
6852
7071
7287
7424
7417
7475
7290
7040
6669
6155
5617
4860
4134
3345
2537
1644
491
-600
-1719
-2865
-4081
-5291
-6258
-7194
-8068
-8845
-9405
-9699
-9921
-10031
-10065
-9818
-9437
-9075
-8599
-8128
-7507
-6900
-6387
-5795
-5086
-4302
-3677
-3084
-2345
-1515
-668
88
808
1552
2194
2708
3088
3437
3805
3962
3942
3815
3682
3507
3161
2782
2297
1898
1509
958
553
248
-13
-269
-496
-562
-527
-404
-285
-120
149
381
656
948
1283
1728
2137
2529
3003
3546
4082
4588
5047
5500
5971
6354
6625
6853
7060
7149
7112
6949
6714
6404
5972
5493
4858
4166
3451
2662
1784
766
-237
-1276
-2359
-3451
-4523
-5458
-6423
-7333
-8089
-8707
-9069
-9297
-9444
-9487
-9354
-9015
-8658
-8250
-7785
-7223
-6594
-6078
-5521
-4850
-4099
-3423
-2882
-2263
-1572
-839
-204
404
1084
1631
2156
2573
2922
3284
3474
3587
3530
3452
3356
3067
2792
2389
1977
1522
963
565
132
-191
-509
-806
-870
-937
-825
-682
-482
-169
98
524
938
1433
1954
2380
2943
3399
3922
4474
4929
5456
5843
6237
6567
6817
7081
7148
7251
7202
7038
6883
6491
6152
5645
5023
4394
3615
2852
1866
799
-347
-1543
-2638
-3850
-4955
-6017
-7001
-7810
-8550
-9071
-9389
-9543
-9643
-9595
-9277
-8894
-8416
-7925
-7395
-6836
-6383
-5862
-5314
-4670
-4050
-3560
-2954
-2322
-1596
-876
-240
531
1247
1848
2397
2833
3354
3732
3820
3827
3707
3624
3381
2972
2512
1985
1536
871
312
-76
-435
-709
-1067
-1173
-1158
-1047
-856
-696
-336
-27
277
637
994
1499
1911
2251
2690
3148
3670
4157
4637
5187
5657
6120
6521
6907
7253
7379
7458
7411
7265
7055
6624
6141
5559
4883
4191
3391
2548
1553
438
-691
-1806
-2820
-3892
-4941
-5883
-6797
-7580
-8240
-8694
-8920
-9106
-9209
-9137
-8901
-8546
-8177
-7755
-7235
-6702
-6178
-5678
-5090
-4399
-3800
-3236
-2667
-1989
-1226
-615
33
713
1395
1999
2377
2872
3308
3566
3645
3506
3489
3367
3064
2670
2190
1853
1385
874
440
86
-77
-407
-644
-677
-662
-539
-486
-310
-65
181
465
675
1081
1517
1869
2263
2626
3162
3698
4097
4569
5051
5548
5953
6314
6674
6884
7047
7033
6933
6736
6360
5968
5417
4841
4193
3441
2678
1755
778
-262
-1277
-2237
-3256
-4275
-5256
-6136
-6934
-7605
-8103
-8458
-8684
-8833
-8818
-8633
-8304
-7908
-7547
-7066
-6547
-6056
-5531
-4950
-4274
-3707
-3219
-2681
-2024
-1295
-722
-116
511
1079
1654
2062
2496
2988
3246
3357
3323
3280
3228
2990
2683
2272
1934
1500
949
561
166
-86
-438
-790
-875
-918
-845
-771
-599
-384
-148
204
491
871
1283
1632
2020
2434
2889
3378
3846
4293
4742
5193
5574
5927
6312
6594
6804
6882
6815
6750
6542
6206
5779
5256
4688
4058
3355
2503
1541
485
-585
-1615
-2674
-3714
-4675
-5612
-6514
-7270
-7856
-8222
-8491
-8678
-8672
-8516
-8233
-7933
-7531
-7040
-6545
-6091
-5699
-5163
-4557
-3967
-3470
-3019
-2427
-1806
-1179
-588
21
687
1216
1684
2126
2679
3143
3279
3356
3328
3297
3154
2902
2634
2198
1746
1118
541
104
-340
-668
-1024
-1263
-1367
-1396
-1287
-1097
-824
-481
-152
218
663
1150
1632
1997
2398
2790
3174
3619
4057
4535
4893
5282
5667
6005
6410
6666
6889
6991
6940
6824
6541
6245
5812
5235
4629
3887
3107
2170
1114
61
-1038
-2061
-3113
-4136
-5048
-5927
-6682
-7330
-7775
-8027
-8283
-8409
-8325
-8103
-7801
-7525
-7152
-6669
-6242
-5866
-5464
-4911
-4332
-3840
-3347
-2797
-2135
-1493
-921
-327
322
987
1535
1949
2402
2867
3129
3212
3172
3132
3066
2790
2387
2009
1658
1177
683
323
2
-231
-485
-734
-790
-736
-655
-556
-387
-164
49
275
512
825
1165
1393
1658
1961
2326
2783
3165
3621
4145
4611
5079
5534
5973
6304
6575
6767
6796
6731
6478
6149
5724
5142
4589
3953
3218
2382
1453
539
-441
-1407
-2379
-3309
-4162
-5018
-5803
-6476
-6969
-7344
-7653
-7860
-7932
-7857
-7706
-7481
-7169
-6767
-6359
-5989
-5588
-5069
-4475
-3918
-3403
-2862
-2239
-1627
-1034
-464
142
724
1164
1581
1986
2444
2749
2873
2936
2910
2932
2801
2554
2295
2021
1738
1241
827
515
205
-54
-454
-660
-748
-888
-937
-954
-785
-642
-484
-222
53
466
749
1082
1505
1898
2410
2848
3349
3825
4243
4746
5106
5513
5863
6093
6318
6372
6424
6346
6148
5918
5527
5152
4669
4107
3478
2661
1798
804
-169
-1137
-2145
-3094
-4088
-4997
-5849
-6534
-7014
-7402
-7682
-7889
-7885
-7732
-7517
-7234
-6903
-6491
-6118
-5772
-5376
-4882
-4331
-3891
-3507
-3049
-2487
-1852
-1345
-819
-161
438
969
1405
1931
2444
2773
2965
2965
3019
3020
2886
2658
2348
2118
1742
1303
928
620
381
52
-187
-317
-376
-364
-368
-247
-69
93
233
380
656
914
1130
1344
1614
1987
2338
2702
3089
3525
3995
4395
4810
5206
5565
5836
5959
6039
6016
5871
5601
5225
4853
4413
3871
3230
2482
1646
707
-246
-1177
-2085
-2957
-3810
-4650
-5460
-6064
-6509
-6869
-7164
-7343
-7294
-7199
-7021
-6777
-6485
-6156
-5910
-5616
-5281
-4824
-4341
-3936
-3538
-3100
-2522
-1975
-1458
-893
-285
337
831
1267
1810
2347
2666
2817
2878
2927
2887
2722
2499
2231
1970
1561
1097
738
464
259
7
-228
-386
-418
-374
-341
-240
-45
130
261
443
698
985
1199
1413
1694
2029
2425
2755
3130
3550
3969
4403
4772
5185
5573
5854
6039
6085
6095
6008
5796
5465
5049
4634
4094
3502
2757
1898
1039
102
-805
-1753
-2646
-3480
-4324
-5118
-5834
-6336
-6700
-7019
-7293
-7423
-7394
-7262
-7074
-6845
-6484
-6138
-5839
-5535
-5164
-4619
-4138
-3746
-3341
-2837
-2182
-1635
-1120
-526
87
684
1111
1594
2135
2543
2828
2918
2970
3011
2957
2780
2476
2232
1926
1501
1019
533
229
-132
-592
-909
-1057
-1098
-1210
-1244
-1119
-947
-684
-446
-87
340
696
1086
1450
1866
2296
2717
3123
3484
3888
4287
4686
5018
5313
5644
5879
6022
6146
6252
6254
6107
5853
5541
5174
4731
4206
3543
2756
1874
895
-94
-1097
-2062
-3008
-3963
-4843
-5661
-6295
-6793
-7184
-7423
-7602
-7643
-7564
-7347
-7054
-6795
-6440
-6069
-5756
-5445
-5074
-4559
-4096
-3736
-3312
-2805
-2197
-1612
-1065
-423
225
831
1333
1779
2299
2711
2937
3010
3000
3013
2882
2628
2300
1960
1642
1215
819
483
239
7
-270
-413
-473
-426
-370
-276
-98
45
199
324
529
775
980
1204
1421
1734
2078
2402
2780
3161
3618
4054
4451
4887
5269
5589
5800
5939
6016
5969
5823
5577
5222
4775
4288
3734
3058
2248
1377
499
-381
-1263
-2136
-2976
-3803
-4590
-5328
-5883
-6278
-6634
-6914
-7136
-7187
-7117
-6976
-6751
-6527
-6209
-5903
-5625
-5241
-4781
-4264
-3831
-3430
-2949
-2394
-1777
-1233
-663
-58
440
892
1304
1741
2163
2417
2487
2497
2550
2554
2457
2295
2101
1872
1569
1248
1001
828
600
310
68
-55
-86
-158
-188
-125
-36
62
128
346
655
910
1118
1299
1621
1982
2297
2651
3028
3463
3813
4119
4467
4816
5126
5279
5402
5473
5446
5353
5142
4899
4519
4053
3532
2842
2107
1272
403
-482
-1409
-2255
-3133
-3939
-4665
-5311
-5750
-6115
-6346
-6500
-6540
-6390
-6183
-5958
-5721
-5417
-5150
-4926
-4621
-4251
-3884
-3570
-3281
-2963
-2557
-2127
-1711
-1198
-617
-72
414
872
1364
1903
2328
2517
2609
2709
2749
2627
2397
2148
1845
1422
854
361
19
-384
-796
-1137
-1323
-1333
-1381
-1366
-1222
-996
-717
-471
-118
275
682
1075
1351
1688
2045
2419
2751
3031
3375
3708
4077
4416
4724
5049
5300
5544
5735
5869
5888
5755
5588
5280
4917
4502
4020
3422
2621
1782
862
-88
-1017
-1910
-2730
-3600
-4406
-5142
-5747
-6156
-6458
-6651
-6810
-6832
-6683
-6487
-6231
-5956
-5617
-5278
-5022
-4722
-4349
-3878
-3446
-3149
-2794
-2337
-1773
-1247
-762
-154
445
968
1378
1810
2347
2726
2864
2848
2853
2857
2689
2395
2071
1757
1347
825
329
-67
-385
-781
-1136
-1353
-1440
-1446
-1492
-1411
-1246
-1022
-781
-538
-154
219
559
846
1187
1629
2009
2383
2753
3195
3638
4039
4503
4944
5365
5685
5908
6125
6241
6299
6228
6037
5796
5445
5040
4573
4074
3511
2780
1939
1076
236
-626
-1527
-2435
-3315
-4168
-4990
-5729
-6319
-6734
-7050
-7329
-7521
-7518
-7325
-7065
-6811
-6523
-6155
-5771
-5410
-5013
-4512
-3989
-3573
-3226
-2762
-2145
-1546
-1021
-528
54
619
1047
1459
1878
2313
2566
2600
2623
2661
2686
2512
2208
1944
1642
1301
910
602
393
153
-83
-319
-439
-426
-395
-327
-269
-144
42
233
460
651
900
1154
1363
1644
1940
2278
2608
2954
3347
3723
4186
4646
5012
5312
5572
5800
5921
5925
5834
5663
5392
5012
4546
4004
3362
2573
1686
778
-111
-992
-1868
-2728
-3543
-4309
-5005
-5558
-5938
-6194
-6404
-6558
-6583
-6473
-6302
-6112
-5893
-5679
-5457
-5251
-4940
-4544
-4171
-3807
-3483
-3050
-2556
-2059
-1516
-978
-395
123
589
1083
1574
1988
2244
2361
2412
2447
2411
2247
2007
1763
1473
1093
710
427
187
-117
-405
-604
-659
-672
-697
-610
-500
-351
-191
16
303
548
835
1097
1338
1642
1967
2343
2680
3013
3393
3776
4193
4564
4925
5263
5475
5633
5718
5740
5641
5411
5160
4783
4364
3863
3215
2471
1570
692
-150
-974
-1806
-2644
-3405
-4178
-4804
-5283
-5640
-5922
-6168
-6240
-6226
-6090
-5854
-5615
-5358
-5136
-4869
-4623
-4375
-3989
-3613
-3294
-3025
-2670
-2157
-1705
-1264
-756
-214
283
690
1155
1638
2050
2280
2321
2390
2428
2380
2193
1899
1630
1285
870
423
16
-308
-715
-1171
-1472
-1587
-1669
-1754
-1740
-1613
-1402
-1205
-908
-471
-66
316
648
1014
1495
1983
2446
2819
3183
3578
4006
4446
4770
5112
5435
5640
5823
5969
6110
6108
5974
5816
5531
5187
4813
4404
3847
3075
2242
1413
541
-388
-1293
-2163
-3058
-3956
-4736
-5344
-5838
-6247
-6582
-6822
-6917
-6832
-6643
-6443
-6206
-5885
-5545
-5260
-4952
-4524
-4051
-3682
-3410
-3066
-2556
-2005
-1520
-1046
-507
35
534
1010
1505
1961
2280
2459
2490
2502
2508
2393
2158
1799
1478
1139
723
344
16
-207
-476
-761
-900
-919
-839
-802
-749
-614
-473
-274
-78
134
344
529
767
994
1272
1628
2009
2370
2719
3153
3646
4122
4573
5010
5386
5668
5874
6002
6015
5898
5681
5371
4973
4534
4068
3511
2783
1938
1120
361
-432
-1258
-2051
-2802
-3552
-4267
-4866
-5324
-5681
-5999
-6289
-6484
-6504
-6388
-6263
-6155
-5979
-5721
-5467
-5214
-4839
-4342
-3894
-3562
-3200
-2688
-2092
-1537
-1056
-585
-88
390
806
1204
1619
1962
2135
2176
2199
2233
2208
2075
1854
1603
1334
1036
747
493
265
47
-171
-348
-421
-389
-317
-250
-160
-6
144
320
549
794
1023
1218
1497
1813
2105
2445
2785
3129
3483
3864
4265
4630
4962
5233
5463
5613
5651
5638
5507
5250
4926
4529
4062
3440
2689
1912
1092
210
-707
-1553
-2390
-3216
-3947
-4616
-5138
-5522
-5795
-5985
-6107
-6097
-6011
-5834
-5652
-5463
-5205
-5025
-4867
-4624
-4286
-3928
-3671
-3429
-3052
-2605
-2192
-1788
-1279
-731
-253
180
619
1128
1607
1915
2068
2148
2251
2246
2067
1860
1644
1352
900
426
68
-247
-590
-978
-1275
-1404
-1460
-1496
-1483
-1339
-1111
-913
-686
-379
22
391
682
1026
1436
1872
2254
2602
3006
3413
3833
4239
4644
5081
5440
5714
5941
6145
6277
6280
6214
6071
5793
5395
4977
4546
3987
3317
2539
1738
891
5
-824
-1673
-2486
-3303
-4110
-4780
-5316
-5678
-6006
-6296
-6428
-6419
-6329
-6217
-6029
-5780
-5556
-5359
-5101
-4742
-4339
-3942
-3579
-3227
-2817
-2321
-1797
-1329
-870
-361
117
480
847
1285
1636
1818
1844
1873
1909
1867
1748
1506
1280
1029
706
419
150
-51
-289
-551
-729
-817
-779
-775
-783
-721
-639
-496
-326
-108
126
343
633
919
1250
1649
2043
2460
2833
3268
3734
4194
4658
4995
5303
5539
5739
5873
5884
5866
5679
5393
5027
4649
4250
3699
3070
2316
1502
682
-110
-880
-1687
-2479
-3244
-3967
-4599
-5073
-5431
-5748
-6031
-6226
-6266
-6181
-6054
-5915
-5723
-5479
-5242
-4992
-4646
-4198
-3748
-3377
-3036
-2600
-2057
-1535
-1108
-684
-206
247
611
959
1346
1687
1852
1876
1908
1986
1998
1894
1734
1558
1349
1103
862
667
486
260
-1
-192
-243
-219
-217
-227
-188
-103
-2
136
329
545
746
947
1196
1504
1826
2144
2479
2841
3196
3549
3939
4338
4653
4869
5032
5159
5209
5149
4999
4794
4530
4157
3668
3118
2496
1755
913
93
-664
-1414
-2199
-2963
-3640
-4209
-4681
-5055
-5315
-5477
-5564
-5581
-5509
-5351
-5143
-4921
-4712
-4521
-4301
-4010
-3693
-3416
-3166
-2884
-2565
-2223
-1866
-1477
-1051
-645
-279
99
542
985
1323
1519
1633
1715
1733
1711
1582
1414
1193
895
615
328
131
-56
-270
-437
-573
-580
-519
-427
-316
-219
-72
118
334
542
737
925
1118
1313
1547
1841
2146
2420
2674
2975
3351
3741
4089
4390
4663
4894
5052
5130
5150
5089
4899
4587
4223
3858
3437
2887
2206
1485
766
34
-716
-1437
-2104
-2760
-3432
-4041
-4471
-4730
-4933
-5145
-5300
-5307
-5192
-5046
-4885
-4661
-4406
-4199
-4019
-3769
-3422
-3068
-2797
-2585
-2289
-1871
-1468
-1136
-793
-407
-75
197
495
857
1194
1394
1449
1431
1478
1476
1354
1147
867
615
287
-72
-384
-666
-938
-1321
-1640
-1758
-1745
-1704
-1661
-1538
-1336
-1060
-703
-280
159
587
998
1387
1818
2313
2790
3143
3412
3709
4054
4402
4734
5046
5305
5469
5575
5693
5821
5852
5718
5470
5163
4825
4446
4015
3468
2760
1939
1117
320
-486
-1295
-2117
-2901
-3694
-4427
-4962
-5347
-5606
-5891
-6090
-6106
-5998
-5771
-5536
-5275
-5027
-4791
-4531
-4241
-3880
-3482
-3171
-2960
-2686
-2273
-1779
-1366
-948
-486
-54
363
741
1205
1604
1851
1938
1899
1931
1900
1787
1530
1171
860
489
161
-146
-403
-581
-852
-1079
-1203
-1162
-1018
-965
-886
-773
-570
-359
-184
63
283
478
613
809
1156
1514
1874
2196
2564
3004
3455
3950
4403
4810
5140
5351
5557
5704
5748
5623
5356
5083
4697
4244
3765
3231
2613
1817
1042
334
-350
-1017
-1739
-2417
-3053
-3622
-4094
-4456
-4708
-4957
-5196
-5332
-5337
-5266
-5151
-5015
-4865
-4688
-4488
-4250
-3933
-3548
-3200
-2927
-2606
-2169
-1702
-1288
-896
-485
-92
241
546
872
1188
1412
1497
1508
1543
1571
1536
1394
1213
1033
802
560
330
160
2
-227
-434
-558
-580
-586
-600
-554
-446
-319
-189
1
259
518
732
957
1250
1581
1892
2180
2480
2800
3112
3371
3632
3907
4157
4328
4406
4484
4504
4440
4308
4113
3862
3484
2995
2408
1745
1066
382
-308
-1013
-1712
-2387
-3009
-3535
-3932
-4220
-4427
-4555
-4602
-4566
-4450
-4267
-4041
-3800
-3582
-3386
-3180
-2925
-2642
-2402
-2206
-2037
-1806
-1525
-1228
-904
-599
-286
-27
225
525
830
1101
1235
1288
1296
1274
1215
1073
904
672
399
98
-209
-429
-637
-817
-981
-1104
-1094
-1048
-941
-825
-684
-463
-273
-54
168
411
675
850
1044
1260
1524
1801
2024
2300
2603
2932
3256
3538
3857
4125
4353
4517
4582
4609
4503
4328
4088
3772
3420
2925
2366
1714
1009
352
-320
-961
-1585
-2175
-2740
-3255
-3607
-3849
-4039
-4160
-4192
-4171
-4089
-3930
-3722
-3522
-3341
-3153
-2981
-2805
-2572
-2300
-2080
-1920
-1739
-1476
-1196
-938
-653
-374
-90
131
359
643
857
1020
1069
1066
1031
941
851
660
424
181
-85
-354
-620
-836
-1024
-1197
-1335
-1389
-1351
-1252
-1139
-1020
-859
-652
-404
-137
137
405
659
908
1171
1463
1767
2056
2325
2588
2879
3204
3515
3771
3978
4152
4285
4380
4434
4425
4328
4135
3865
3546
3224
2881
2432
1846
1208
586
-20
-626
-1212
-1732
-2256
-2793
-3272
-3591
-3729
-3850
-3961
-4014
-3955
-3794
-3633
-3428
-3199
-2970
-2780
-2662
-2494
-2245
-1975
-1785
-1678
-1506
-1263
-1006
-762
-499
-185
78
290
508
746
982
1100
1127
1092
1011
913
733
511
257
-20
-294
-597
-841
-1004
-1124
-1246
-1346
-1339
-1259
-1151
-1015
-854
-682
-499
-286
-64
153
365
587
798
982
1189
1424
1704
1969
2234
2529
2825
3125
3365
3588
3784
3939
4053
4077
4066
3976
3831
3595
3302
3002
2628
2189
1621
1044
493
-55
-585
-1148
-1651
-2123
-2585
-2962
-3239
-3397
-3497
-3569
-3572
-3524
-3390
-3179
-2978
-2811
-2630
-2414
-2225
-2062
-1865
-1634
-1464
-1343
-1177
-943
-690
-437
-187
32
238
441
687
880
1029
1166
1188
1140
995
851
673
378
84
-250
-606
-971
-1306
-1590
-1881
-2124
-2267
-2331
-2347
-2290
-2147
-1935
-1681
-1399
-1067
-687
-283
111
502
901
1283
1637
1966
2274
2573
2859
3154
3431
3671
3888
4105
4300
4462
4582
4635
4664
4601
4472
4263
3968
3654
3215
2720
2148
1519
910
236
-433
-1082
-1672
-2197
-2711
-3144
-3493
-3751
-3937
-4037
-4054
-4019
-3887
-3724
-3509
-3292
-3070
-2799
-2595
-2361
-2151
-1918
-1676
-1483
-1224
-999
-726
-448
-160
158
429
720
955
1161
1339
1458
1512
1448
1309
1097
832
517
186
-143
-508
-856
-1165
-1404
-1611
-1800
-1894
-1946
-1942
-1902
-1797
-1626
-1481
-1310
-1137
-923
-687
-444
-162
109
422
757
1101
1454
1829
2240
2627
2983
3347
3712
4002
4202
4338
4453
4490
4428
4320
4150
3930
3623
3285
2949
2570
2158
1685
1192
682
152
-360
-862
-1348
-1832
-2298
-2732
-3103
-3395
-3643
-3817
-3930
-3970
-3941
-3841
-3639
-3429
-3206
-2965
-2691
-2378
-2091
-1762
-1449
-1151
-871
-634
-347
-76
184
435
623
820
997
1171
1283
1305
1324
1273
1160
996
824
636
357
39
-289
-565
-814
-1085
-1316
-1508
-1630
-1721
-1774
-1719
-1601
-1420
-1240
-1057
-802
-516
-214
59
336
640
923
1197
1483
1781
2061
2322
2575
2825
3066
3300
3526
3706
3832
3896
3906
3874
3782
3622
3405
3123
2754
2302
1811
1280
710
122
-480
-1075
-1627
-2131
-2567
-2926
-3220
-3425
-3554
-3630
-3626
-3534
-3380
-3200
-3009
-2803
-2592
-2385
-2155
-1921
-1707
-1487
-1293
-1066
-837
-587
-314
-87
185
431
681
932
1104
1262
1344
1362
1300
1175
1026
818
555
239
-67
-339
-613
-874
-1078
-1229
-1344
-1420
-1464
-1441
-1363
-1271
-1172
-1064
-929
-761
-592
-431
-250
-50
154
373
623
897
1166
1444
1754
2063
2348
2625
2882
3103
3275
3371
3439
3481
3462
3375
3230
3053
2883
2658
2358
2056
1715
1372
964
515
92
-350
-775
-1253
-1660
-2001
-2315
-2569
-2826
-2958
-3024
-3034
-2987
-2889
-2716
-2533
-2312
-2098
-1872
-1620
-1366
-1172
-992
-768
-553
-380
-265
-95
70
197
310
423
586
677
742
762
728
675
566
408
180
-66
-335
-652
-959
-1283
-1590
-1906
-2194
-2385
-2522
-2581
-2586
-2527
-2368
-2176
-1919
-1581
-1192
-807
-429
-8
424
817
1170
1507
1820
2090
2316
2554
2779
2978
3166
3324
3498
3651
3792
3915
3977
4012
3984
3910
3798
3624
3400
3094
2747
2347
1915
1464
943
440
-75
-606
-1115
-1592
-1984
-2361
-2690
-2957
-3154
-3270
-3368
-3377
-3318
-3224
-3085
-2940
-2754
-2541
-2323
-2089
-1865
-1610
-1347
-1103
-829
-533
-247
0
223
456
667
822
935
1029
1067
1016
902
767
610
383
115
-153
-434
-709
-992
-1252
-1464
-1667
-1832
-1969
-2059
-2078
-2057
-1997
-1922
-1800
-1648
-1492
-1301
-1080
-832
-583
-310
-3
310
633
978
1331
1676
2030
2387
2724
3025
3292
3528
3726
3887
3981
4004
3977
3902
3775
3613
3438
3232
2963
2657
2336
1997
1628
1237
828
399
-38
-469
-894
-1318
-1709
-2069
-2408
-2711
-2954
-3110
-3215
-3264
-3253
-3181
-3061
-2912
-2693
-2439
-2172
-1910
-1645
-1383
-1128
-851
-607
-394
-194
-13
159
335
498
618
708
748
768
761
723
659
517
341
134
-104
-352
-607
-855
-1116
-1362
-1555
-1711
-1819
-1875
-1876
-1836
-1780
-1651
-1470
-1276
-1031
-753
-474
-183
123
432
722
999
1270
1532
1784
2026
2265
2485
2685
2869
3041
3198
3335
3444
3502
3490
3430
3350
3229
3038
2787
2493
2142
1742
1321
888
423
-59
-538
-1009
-1434
-1789
-2098
-2364
-2569
-2700
-2769
-2785
-2729
-2618
-2509
-2387
-2218
-2032
-1851
-1660
-1456
-1261
-1070
-864
-645
-431
-205
27
236
423
621
806
940
1024
1057
1056
982
850
682
439
164
-161
-499
-837
-1200
-1537
-1863
-2155
-2414
-2615
-2706
-2716
-2682
-2605
-2449
-2219
-1943
-1626
-1281
-933
-580
-212
143
485
827
1164
1453
1710
1977
2269
2544
2797
3050
3278
3493
3669
3819
3925
3981
3987
3900
3779
3585
3361
3102
2761
2424
2058
1691
1303
902
530
122
-274
-657
-1028
-1385
-1743
-2049
-2336
-2576
-2779
-2952
-3052
-3123
-3149
-3134
-3033
-2877
-2724
-2503
-2236
-1927
-1637
-1340
-1001
-682
-396
-157
82
308
483
615
714
767
762
726
644
531
383
213
15
-222
-452
-687
-944
-1199
-1440
-1663
-1873
-2038
-2139
-2220
-2244
-2188
-2092
-1956
-1787
-1548
-1260
-970
-648
-294
86
444
783
1119
1441
1763
2057
2342
2621
2865
3078
3255
3421
3551
3638
3692
3709
3707
3664
3579
3465
3300
3101
2879
2623
2350
2047
1708
1339
958
576
177
-236
-620
-978
-1343
-1676
-1953
-2192
-2406
-2596
-2748
-2838
-2895
-2935
-2918
-2855
-2768
-2653
-2508
-2327
-2119
-1899
-1665
-1416
-1146
-882
-657
-443
-232
-65
77
212
316
385
414
395
360
312
216
89
-52
-212
-377
-547
-695
-811
-929
-1043
-1132
-1183
-1196
-1193
-1170
-1117
-1058
-980
-872
-748
-608
-444
-268
-74
155
410
667
930
1206
1466
1711
1960
2204
2424
2601
2743
2857
2936
2983
2991
2937
2841
2721
2559
2368
2167
1934
1657
1371
1088
794
495
221
-43
-325
-601
-832
-1019
-1190
-1357
-1511
-1647
-1754
-1821
-1858
-1872
-1863
-1828
-1791
-1744
-1651
-1523
-1402
-1271
-1125
-970
-815
-655
-479
-309
-177
-69
31
113
173
199
186
129
36
-69
-179
-293
-405
-539
-675
-777
-857
-920
-954
-967
-968
-960
-926
-853
-762
-674
-595
-514
-429
-348
-265
-172
-77
15
114
244
401
565
723
884
1052
1224
1395
1570
1740
1875
1961
2025
2072
2084
2046
1979
1896
1789
1662
1526
1398
1270
1132
983
840
727
610
468
326
198
73
-86
-235
-341
-462
-603
-730
-826
-896
-954
-987
-1003
-1032
-1045
-1040
-1031
-1005
-983
-960
-933
-903
-879
-871
-850
-812
-799
-802
-794
-778
-775
-783
-790
-804
-827
-854
-880
-898
-902
-899
-894
-876
-839
-790
-740
-689
-621
-544
-472
-399
-307
-215
-136
-59
15
77
135
207
280
351
435
530
627
734
854
970
1079
1181
1275
1361
1436
1498
1539
1554
1549
1524
1477
1417
1361
1304
1229
1143
1077
1032
985
934
887
841
791
735
683
621
534
436
333
219
100
-29
-159
-281
-411
-542
-651
-754
-855
-939
-1010
-1073
-1117
-1152
-1174
-1187
-1199
-1205
-1204
-1194
-1175
-1147
-1141
-1138
-1106
-1095
-1083
-1062
-1047
-1018
-988
-938
-872
-786
-691
-595
-485
-364
-257
-163
-53
53
123
183
245
295
312
300
281
264
224
164
114
85
64
39
29
50
84
132
210
306
402
504
620
749
876
987
1096
1193
1268
1324
1369
1414
1427
1425
1427
1427
1421
1395
1364
1330
1282
1222
1146
1069
984
868
727
580
425
251
54
-153
-356
-555
-764
-959
-1122
-1264
-1389
-1488
-1565
-1628
-1662
-1664
-1664
-1651
-1605
-1564
-1522
-1451
-1388
-1336
-1257
-1166
-1086
-1006
-916
-822
-736
-650
-545
-435
-334
-230
-119
-2
105
188
268
354
405
435
464
482
482
464
420
372
329
271
203
152
108
67
50
59
70
91
131
183
247
328
424
535
658
777
884
990
1099
1192
1270
1337
1392
1440
1488
1536
1566
1583
1593
1586
1551
1494
1421
1325
1203
1061
907
744
564
363
153
-56
-269
-492
-712
-919
-1117
-1313
-1501
-1662
-1784
-1888
-1984
-2057
-2079
-2064
-2034
-1979
-1888
-1781
-1672
-1548
-1408
-1277
-1141
-1007
-886
-757
-633
-532
-428
-326
-250
-173
-82
7
77
130
190
258
315
351
370
393
393
353
321
306
263
202
150
117
85
61
45
67
110
153
214
287
400
519
619
731
839
940
1035
1130
1217
1282
1332
1355
1383
1401
1401
1411
1428
1435
1427
1429
1411
1360
1305
1223
1136
1019
875
732
568
404
228
36
-156
-345
-533
-730
-906
-1054
-1187
-1321
-1436
-1520
-1586
-1637
-1670
-1674
-1655
-1626
-1596
-1552
-1495
-1435
-1376
-1300
-1218
-1147
-1065
-967
-860
-756
-653
-550
-450
-349
-268
-183
-103
-47
3
41
78
110
121
130
130
111
76
41
9
-19
-50
-73
-64
-52
-30
9
48
111
183
255
348
451
554
647
741
838
939
1034
1120
1217
1306
1368
1411
1459
1507
1534
1546
1557
1556
1536
1517
1497
1457
1400
1327
1233
1115
989
866
723
554
383
198
19
-159
-347
-521
-696
-854
-991
-1121
-1221
-1323
-1412
-1480
-1540
-1568
-1590
-1605
-1597
-1590
-1569
-1545
-1512
-1465
-1420
-1370
-1307
-1234
-1157
-1074
-984
-883
-779
-679
-583
-488
-394
-313
-245
-179
-110
-71
-48
-32
-30
-28
-48
-63
-77
-91
-95
-110
-105
-87
-62
-31
7
61
119
187
269
359
450
553
668
785
901
1017
1130
1234
1334
1433
1518
1596
1671
1736
1781
1822
1852
1860
1853
1836
1794
1730
1664
1588
1486
1368
1250
1114
957
783
595
400
202
2
-196
-377
-552
-720
-869
-1006
-1135
-1250
-1347
-1435
-1505
-1556
-1600
-1640
-1667
-1685
-1698
-1705
-1697
-1672
-1632
-1592
-1546
-1485
-1418
-1347
-1267
-1177
-1084
-987
-885
-800
-727
-649
-600
-575
-542
-510
-487
-471
-467
-453
-431
-413
-385
-348
-303
-251
-194
-128
-59
18
110
198
287
388
488
604
729
839
948
1065
1178
1292
1404
1496
1592
1686
1764
1848
1915
1985
2041
2079
2111
2113
2101
2065
2014
1960
1875
1767
1644
1512
1355
1187
1012
820
617
419
227
33
-148
-312
-474
-617
-751
-873
-989
-1098
-1199
-1298
-1380
-1469
-1544
-1606
-1682
-1734
-1773
-1808
-1823
-1818
-1805
-1778
-1739
-1698
-1631
-1552
-1477
-1400
-1318
-1240
-1168
-1106
-1047
-992
-943
-907
-872
-822
-779
-747
-703
-665
-619
-565
-520
-468
-407
-353
-290
-212
-129
-36
63
171
286
406
533
663
796
941
1088
1228
1366
1509
1644
1760
1871
1974
2060
2131
2184
2222
2251
2265
2270
2261
2225
2189
2143
2060
1968
1877
1761
1632
1480
1308
1133
943
734
530
332
135
-57
-249
-434
-592
-735
-871
-991
-1090
-1176
-1259
-1338
-1402
-1465
-1534
-1599
-1652
-1695
-1727
-1750
-1767
-1778
-1783
-1776
-1756
-1720
-1672
-1625
-1573
-1515
-1455
-1399
-1347
-1298
-1259
-1230
-1196
-1160
-1131
-1106
-1079
-1056
-1023
-983
-923
-845
-765
-660
-549
-428
-293
-157
-12
128
270
411
545
680
809
936
1064
1184
1300
1419
1540
1663
1784
1900
2017
2132
2231
2314
2389
2444
2482
2497
2474
2421
2365
2286
2168
2038
1908
1748
1565
1391
1218
1031
845
672
498
324
155
-13
-174
-318
-452
-581
-705
-820
-928
-1031
-1128
-1210
-1286
-1359
-1417
-1473
-1528
-1567
-1596
-1629
-1654
-1666
-1672
-1677
-1672
-1647
-1622
-1597
-1567
-1536
-1498
-1453
-1402
-1360
-1310
-1254
-1223
-1193
-1140
-1099
-1077
-1039
-990
-945
-899
-852
-791
-713
-638
-556
-446
-330
-219
-95
42
183
325
477
631
787
955
1116
1261
1405
1543
1663
1777
1888
1984
2068
2139
2194
2237
2263
2275
2279
2262
2219
2167
2099
2012
1907
1793
1675
1545
1398
1252
1109
959
812
664
519
377
232
91
-43
-181
-318
-448
-578
-706
-835
-962
-1087
-1211
-1328
-1436
-1528
-1601
-1660
-1709
-1742
-1758
-1760
-1748
-1724
-1687
-1647
-1607
-1557
-1506
-1463
-1414
-1370
-1341
-1305
-1271
-1245
-1217
-1185
-1151
-1115
-1080
-1031
-971
-908
-843
-774
-695
-599
-495
-398
-293
-180
-64
47
157
290
410
527
657
783
910
1029
1144
1258
1369
1476
1572
1667
1761
1840
1913
1986
2047
2087
2134
2158
2157
2155
2117
2066
2002
1926
1833
1720
1588
1441
1299
1143
985
831
673
510
351
198
37
-106
-251
-391
-521
-654
-776
-884
-985
-1084
-1172
-1249
-1320
-1388
-1445
-1486
-1528
-1551
-1574
-1594
-1604
-1616
-1615
-1608
-1602
-1579
-1557
-1526
-1495
-1469
-1427
-1388
-1355
-1320
-1285
-1242
-1194
-1155
-1113
-1057
-1004
-946
-874
-803
-711
-612
-515
-395
-278
-163
-36
95
222
346
485
614
735
865
990
1121
1237
1350
1477
1590
1699
1807
1902
1990
2064
2122
2165
2193
2202
2192
2163
2114
2040
1951
1848
1726
1593
1457
1318
1168
1013
865
721
571
429
301
176
47
-74
-187
-300
-410
-510
-607
-712
-812
-912
-1000
-1086
-1176
-1250
-1328
-1384
-1430
-1472
-1503
-1533
-1545
-1554
-1549
-1537
-1523
-1496
-1479
-1462
-1430
-1407
-1382
-1352
-1332
-1310
-1290
-1274
-1242
-1197
-1157
-1109
-1051
-990
-927
-861
-784
-693
-585
-469
-348
-222
-87
50
191
332
471
605
740
878
1004
1124
1238
1351
1459
1564
1663
1758
1841
1918
1984
2032
2069
2091
2094
2079
2038
1981
1919
1834
1732
1630
1512
1385
1256
1115
980
860
726
590
468
346
217
90
-36
-151
-259
-378
-499
-607
-715
-826
-927
-1016
-1097
-1171
-1235
-1291
-1341
-1377
-1399
-1417
-1427
-1429
-1427
-1411
-1398
-1389
-1370
-1355
-1345
-1336
-1318
-1304
-1299
-1279
-1250
-1231
-1201
-1158
-1124
-1069
-1010
-956
-877
-796
-718
-627
-543
-448
-341
-246
-148
-34
80
192
303
416
526
636
754
870
984
1095
1199
1305
1406
1500
1588
1664
1727
1783
1829
1864
1882
1884
1866
1836
1799
1749
1675
1584
1494
1391
1275
1158
1035
912
791
663
533
407
282
158
39
-78
-188
-293
-396
-499
-594
-684
-769
-849
-918
-985
-1041
-1090
-1141
-1179
-1208
-1243
-1272
-1291
-1307
-1310
-1311
-1318
-1305
-1284
-1270
-1257
-1238
-1217
-1195
-1173
-1153
-1131
-1109
-1084
-1056
-1023
-987
-946
-893
-827
-762
-689
-607
-520
-425
-327
-226
-116
-3
109
227
349
464
578
691
804
914
1014
1110
1207
1295
1375
1451
1515
1575
1627
1664
1694
1714
1717
1708
1692
1664
1617
1558
1490
1414
1338
1248
1146
1052
957
849
743
634
522
415
303
188
77
-35
-151
-261
-363
-463
-560
-651
-738
-820
-898
-972
-1037
-1090
-1135
-1171
-1201
-1229
-1253
-1264
-1276
-1280
-1278
-1272
-1261
-1248
-1237
-1220
-1197
-1173
-1155
-1138
-1119
-1107
-1099
-1075
-1043
-1011
-971
-919
-853
-779
-703
-618
-522
-424
-324
-219
-112
-5
100
195
298
395
492
588
675
766
864
946
1027
1119
1202
1273
1349
1419
1479
1534
1583
1624
1655
1671
1675
1663
1630
1584
1525
1452
1372
1282
1193
1095
981
871
762
646
531
416
300
189
82
-23
-125
-222
-315
-405
-489
-568
-648
-719
-782
-848
-912
-963
-1006
-1050
-1083
-1107
-1127
-1147
-1161
-1174
-1185
-1189
-1187
-1190
-1188
-1177
-1166
-1153
-1137
-1115
-1087
-1060
-1033
-1000
-960
-919
-880
-840
-792
-737
-676
-614
-550
-487
-411
-327
-245
-160
-66
30
126
225
315
418
527
628
739
834
939
1040
1141
1250
1340
1429
1507
1570
1627
1666
1695
1703
1691
1665
1627
1582
1521
1444
1360
1266
1169
1072
964
859
756
659
556
461
374
273
177
85
-14
-115
-213
-305
-406
-500
-590
-682
-768
-844
-919
-999
-1064
-1111
-1150
-1180
-1204
-1215
-1211
-1202
-1194
-1181
-1162
-1137
-1114
-1090
-1070
-1051
-1038
-1027
-1016
-1003
-990
-976
-948
-913
-879
-843
-803
-757
-707
-650
-582
-511
-434
-352
-266
-179
-85
12
110
201
296
394
488
581
685
795
893
977
1055
1125
1190
1253
1308
1360
1404
1444
1476
1496
1508
1507
1505
1491
1466
1433
1387
1333
1262
1182
1091
994
897
792
685
585
483
371
254
146
52
-48
-152
-251
-341
-418
-501
-580
-644
-708
-771
-822
-876
-914
-945
-982
-1003
-1020
-1043
-1056
-1068
-1072
-1068
-1074
-1080
-1076
-1078
-1074
-1070
-1080
-1060
-1054
-1048
-1019
-1001
-961
-918
-879
-827
-773
-714
-654
-592
-526
-461
-394
-314
-225
-140
-57
29
114
193
271
350
435
520
605
689
775
857
931
1013
1091
1165
1236
1295
1342
1385
1434
1454
1464
1471
1460
1441
1398
1358
1309
1235
1151
1062
968
859
748
653
553
448
358
272
179
95
13
-63
-134
-209
-282
-349
-418
-486
-548
-605
-661
-717
-768
-814
-860
-908
-952
-986
-1011
-1033
-1053
-1066
-1063
-1049
-1033
-1018
-1004
-990
-970
-950
-932
-913
-899
-881
-865
-845
-818
-796
-766
-739
-713
-668
-626
-565
-502
-440
-361
-281
-194
-102
-15
74
168
259
360
456
539
634
716
807
887
955
1036
1099
1163
1218
1261
1308
1334
1347
1353
1351
1344
1322
1291
1261
1228
1184
1129
1062
992
923
844
756
669
578
490
400
309
221
125
32
-53
-141
-220
-306
-382
-450
-520
-581
-631
-677
-718
-763
-797
-825
-855
-881
-900
-916
-925
-937
-944
-948
-963
-975
-976
-976
-974
-980
-976
-960
-949
-936
-919
-894
-868
-849
-822
-781
-733
-682
-633
-573
-512
-446
-376
-297
-214
-129
-47
31
111
191
268
347
431
513
590
667
738
803
869
933
994
1053
1106
1150
1190
1230
1256
1265
1271
1268
1259
1242
1217
1182
1136
1076
1015
956
887
809
730
650
565
478
404
321
229
154
82
3
-66
-142
-218
-276
-337
-399
-456
-516
-567
-617
-667
-705
-748
-796
-832
-866
-899
-926
-945
-963
-980
-980
-974
-973
-968
-957
-941
-932
-923
-903
-888
-867
-838
-819
-792
-750
-721
-685
-636
-591
-543
-492
-431
-363
-305
-240
-164
-93
-19
58
132
210
281
362
444
519
599
677
745
817
885
944
1003
1049
1088
1127
1153
1171
1189
1193
1189
1185
1168
1143
1119
1084
1039
996
945
883
814
743
663
582
506
427
346
265
187
109
31
-42
-110
-180
-252
-321
-386
-450
-513
-570
-623
-671
-720
-763
-800
-837
-874
-901
-917
-931
-941
-939
-936
-931
-926
-919
-915
-906
-893
-875
-853
-829
-810
-788
-761
-734
-705
-672
-639
-606
-569
-526
-477
-419
-354
-283
-206
-128
-50
24
101
174
244
319
395
468
539
611
678
738
797
852
898
938
978
1014
1046
1073
1095
1108
1110
1113
1116
1111
1099
1075
1039
993
946
896
845
785
717
640
564
489
412
335
257
180
104
33
-37
-108
-176
-239
-297
-353
-405
-454
-509
-564
-613
-658
-702
-739
-767
-796
-829
-860
-876
-893
-910
-923
-932
-931
-930
-933
-924
-910
-899
-884
-868
-850
-827
-802
-769
-738
-711
-677
-627
-578
-529
-477
-417
-355
-298
-235
-165
-93
-18
54
127
207
287
357
431
502
567
635
699
747
790
841
898
949
987
1016
1042
1068
1090
1110
1122
1120
1113
1105
1083
1051
1018
978
929
875
817
754
688
621
547
469
390
310
235
160
86
13
-55
-119
-187
-252
-308
-361
-428
-492
-541
-596
-655
-696
-741
-785
-812
-846
-881
-896
-916
-931
-937
-939
-932
-929
-919
-905
-894
-872
-850
-835
-808
-785
-763
-732
-710
-686
-649
-615
-576
-524
-479
-424
-364
-309
-245
-171
-103
-27
52
125
201
277
351
424
491
555
621
679
736
796
842
884
929
969
1005
1039
1065
1083
1090
1091
1089
1067
1054
1035
992
959
931
880
829
780
727
662
592
526
455
380
309
230
154
90
12
-61
-118
-182
-246
-312
-379
-438
-490
-540
-587
-632
-676
-711
-743
-774
-797
-831
-851
-860
-872
-874
-885
-885
-878
-891
-877
-863
-850
-831
-825
-800
-774
-761
-742
-721
-690
-657
-613
-564
-518
-461
-404
-346
-284
-221
-153
-86
-16
55
123
195
274
340
407
482
541
596
662
715
763
817
862
900
942
975
997
1016
1033
1050
1059
1053
1037
1022
1003
973
935
891
846
797
739
675
609
544
479
411
350
293
232
171
108
42
-16
-71
-134
-198
-253
-303
-357
-415
-471
-524
-573
-624
-670
-707
-737
-770
-795
-821
-840
-857
-875
-891
-898
-904
-906
-899
-884
-861
-840
-819
-795
-766
-740
-716
-678
-643
-615
-573
-525
-484
-431
-371
-310
-248
-186
-123
-56
8
76
148
218
292
365
430
495
557
610
662
712
755
804
848
873
899
923
933
951
967
960
962
962
943
932
914
884
855
823
778
734
686
636
577
518
461
399
345
276
202
144
74
1
-61
-130
-187
-236
-291
-343
-392
-438
-485
-538
-581
-620
-669
-709
-737
-761
-789
-812
-822
-839
-851
-843
-845
-846
-832
-822
-811
-791
-775
-753
-733
-713
-680
-651
-623
-587
-551
-510
-466
-425
-366
-303
-247
-184
-116
-63
-7
69
141
207
273
334
396
453
504
555
599
642
691
726
758
799
829
855
883
895
905
917
920
923
919
908
894
876
841
804
766
727
683
631
580
523
462
401
343
285
220
154
96
41
-22
-80
-131
-179
-226
-276
-325
-371
-412
-453
-500
-547
-586
-625
-666
-700
-730
-754
-767
-784
-800
-810
-820
-825
-818
-815
-817
-814
-806
-794
-774
-754
-729
-699
-667
-629
-584
-542
-505
-461
-418
-364
-305
-248
-183
-118
-54
6
67
128
193
257
311
365
416
472
527
582
630
667
717
754
794
831
848
875
886
898
910
907
911
898
882
867
837
814
773
723
681
632
592
548
497
446
396
346
287
235
176
115
68
10
-43
-85
-143
-191
-239
-297
-346
-397
-446
-491
-534
-572
-610
-644
-678
-714
-736
-759
-783
-795
-805
-812
-816
-813
-809
-800
-782
-770
-753
-732
-709
-677
-649
-616
-580
-550
-501
-461
-424
-365
-313
-255
-191
-144
-87
-18
44
108
175
235
301
365
419
471
521
566
605
645
681
716
745
771
793
801
815
823
825
827
820
824
825
810
796
760
739
713
667
629
583
538
488
441
394
344
293
236
184
133
75
11
-44
-88
-137
-195
-243
-287
-331
-382
-438
-484
-535
-576
-613
-657
-683
-720
-747
-762
-777
-780
-794
-798
-791
-800
-793
-785
-775
-759
-745
-715
-686
-658
-633
-595
-550
-509
-472
-425
-364
-320
-267
-211
-154
-92
-47
13
74
133
191
234
297
355
408
462
502
553
593
625
657
693
710
719
754
764
766
775
784
798
793
795
786
770
755
732
703
666
629
590
549
509
472
435
394
346
294
246
192
141
92
43
-4
-46
-94
-155
-204
-244
-292
-351
-400
-442
-488
-525
-554
-587
-618
-639
-661
-687
-707
-723
-737
-747
-751
-751
-749
-740
-728
-715
-699
-681
-658
-630
-606
-578
-549
-515
-478
-443
-395
-345
-295
-246
-198
-140
-91
-39
14
63
108
159
217
263
316
373
423
461
499
543
572
597
621
646
671
691
709
722
732
739
745
746
739
730
718
692
662
638
613
582
556
528
489
446
409
370
312
258
213
160
113
62
17
-25
-79
-120
-165
-213
-253
-301
-339
-380
-426
-457
-490
-517
-538
-567
-587
-605
-621
-634
-661
-676
-678
-680
-679
-675
-665
-657
-645
-628
-608
-588
-568
-540
-517
-484
-454
-416
-376
-340
-296
-259
-205
-156
-119
-70
-23
25
78
128
175
228
277
323
371
414
454
491
524
552
579
605
626
646
666
676
685
692
693
698
700
688
674
658
638
617
593
565
541
513
474
434
391
348
304
258
211
164
119
77
31
-13
-54
-100
-143
-183
-225
-266
-304
-346
-387
-426
-460
-487
-511
-536
-563
-579
-592
-609
-628
-645
-655
-655
-658
-658
-652
-644
-638
-626
-611
-589
-566
-548
-525
-490
-448
-409
-372
-331
-288
-248
-211
-170
-126
-85
-45
4
58
109
154
204
257
300
335
377
423
463
496
520
551
577
594
616
638
653
662
666
669
673
669
659
648
637
617
596
582
553
525
505
474
441
412
370
332
298
258
217
165
113
70
27
-18
-64
-112
-157
-201
-236
-271
-314
-348
-377
-410
-441
-474
-501
-521
-539
-560
-582
-602
-615
-624
-634
-636
-632
-629
-624
-612
-600
-584
-567
-550
-528
-506
-480
-445
-409
-377
-345
-315
-279
-241
-196
-149
-106
-57
-8
37
85
123
161
212
252
289
333
373
408
442
477
508
533
553
568
581
598
614
625
633
635
633
628
622
613
591
571
561
541
512
487
459
426
393
364
332
292
251
209
169
132
85
38
4
-30
-74
-114
-153
-197
-236
-270
-309
-342
-371
-403
-432
-452
-473
-499
-525
-541
-553
-567
-578
-585
-591
-593
-595
-589
-579
-569
-563
-553
-534
-517
-500
-470
-435
-411
-384
-349
-314
-286
-254
-217
-174
-131
-94
-58
-18
27
72
115
156
196
239
281
318
355
391
421
450
478
500
518
542
568
578
582
591
596
590
590
602
604
587
568
557
538
513
491
474
451
422
391
360
329
293
254
221
187
147
105
65
25
-18
-62
-100
-135
-172
-211
-245
-273
-297
-328
-364
-396
-422
-451
-480
-505
-518
-523
-529
-538
-549
-556
-561
-564
-568
-572
-572
-566
-553
-539
-526
-513
-494
-466
-439
-413
-384
-352
-312
-275
-241
-197
-151
-113
-78
-41
-2
34
68
108
157
203
237
270
315
345
369
410
446
474
495
511
526
541
545
551
567
576
571
564
555
552
549
536
518
501
484
463
434
408
391
365
333
310
278
235
200
167
129
87
47
7
-33
-72
-107
-140
-176
-211
-247
-278
-309
-342
-366
-385
-413
-443
-458
-469
-487
-511
-523
-524
-532
-546
-544
-539
-541
-532
-521
-512
-497
-483
-462
-439
-413
-386
-363
-334
-298
-267
-238
-201
-164
-129
-95
-62
-23
15
47
82
121
155
186
218
251
292
324
351
381
409
432
452
469
481
492
503
511
518
523
527
526
522
519
511
503
491
472
453
441
419
388
357
328
302
275
239
202
173
143
107
67
31
-4
-40
-76
-111
-143
-175
-211
-247
-279
-308
-337
-363
-389
-413
-438
-457
-470
-483
-499
-510
-524
-528
-527
-531
-524
-514
-511
-497
-486
-474
-453
-429
-410
-387
-363
-335
-308
-277
-246
-212
-174
-139
-110
-75
-35
2
38
73
104
141
178
210
244
279
306
330
352
378
408
435
454
470
485
501
512
517
524
524
523
521
512
502
494
484
471
451
432
412
392
369
341
313
293
265
232
200
165
128
97
61
20
-16
-48
-80
-108
-138
-176
-218
-250
-277
-308
-340
-362
-386
-407
-424
-442
-455
-477
-492
-505
-521
-521
-527
-521
-522
-523
-506
-501
-487
-466
-452
-428
-403
-383
-360
-330
-307
-277
-244
-216
-180
-146
-115
-86
-57
-22
22
57
99
137
174
206
234
269
302
328
354
387
408
424
447
457
477
490
500
512
513
515
514
510
504
497
492
479
467
454
434
412
395
371
343
316
291
261
231
196
155
120
84
43
7
-24
-57
-97
-133
-166
-194
-218
-252
-285
-309
-339
-370
-390
-408
-432
-453
-467
-483
-489
-496
-514
-521
-521
-521
-515
-501
-491
-485
-480
-468
-443
-414
-391
-365
-339
-305
-271
-245
-222
-193
-160
-126
-93
-59
-22
15
53
85
117
154
189
225
259
294
322
343
363
390
414
436
453
467
479
487
492
497
501
503
510
511
502
489
482
467
447
427
414
396
366
339
319
292
260
229
202
171
139
108
76
41
4
-34
-75
-106
-136
-169
-206
-236
-263
-293
-322
-347
-370
-392
-412
-427
-446
-459
-468
-473
-474
-478
-487
-498
-504
-502
-497
-490
-474
-456
-438
-418
-393
-368
-345
-321
-293
-263
-237
-212
-178
-146
-120
-90
-53
-18
12
43
81
115
144
170
199
230
259
284
308
336
364
388
411
432
449
465
471
475
482
488
489
483
481
479
473
467
460
445
423
399
378
360
339
315
292
269
248
221
183
144
114
88
50
12
-22
-51
-86
-121
-154
-183
-209
-233
-263
-295
-319
-339
-369
-402
-424
-433
-446
-462
-474
-478
-484
-494
-500
-493
-481
-478
-477
-463
-443
-429
-412
-391
-372
-351
-328
-308
-281
-247
-214
-185
-148
-110
-79
-51
-24
9
46
79
109
147
183
208
231
263
292
311
337
366
390
414
436
447
454
465
475
483
490
490
484
475
468
460
447
434
423
413
397
377
357
337
315
286
252
218
187
159
125
84
53
26
-3
-36
-74
-106
-136
-173
-204
-229
-253
-274
-300
-326
-349
-374
-392
-403
-418
-431
-446
-457
-467
-481
-487
-489
-489
-474
-457
-444
-429
-413
-403
-389
-372
-352
-326
-303
-279
-248
-214
-187
-161
-129
-95
-66
-37
-4
30
63
97
128
161
188
210
245
278
299
321
342
361
378
400
419
432
441
450
452
453
456
457
453
446
442
436
423
407
388
374
365
346
329
309
277
255
230
202
184
151
114
89
54
21
-13
-59
-91
-119
-155
-179
-197
-219
-248
-275
-289
-301
-325
-349
-367
-385
-398
-414
-437
-453
-455
-462
-470
-466
-458
-454
-452
-438
-420
-411
-400
-380
-363
-347
-323
-297
-273
-252
-227
-188
-155
-129
-94
-57
-30
-6
23
65
102
128
155
188
219
243
264
294
322
346
370
389
405
423
431
434
445
454
457
461
461
458
457
442
431
427
415
399
382
361
339
313
284
264
241
212
191
167
136
105
70
41
19
-14
-53
-78
-106
-141
-176
-211
-240
-260
-283
-308
-319
-332
-354
-373
-388
-407
-417
-429
-446
-448
-446
-445
-433
-429
-437
-429
-415
-408
-392
-377
-363
-336
-313
-299
-272
-240
-217
-188
-160
-136
-112
-82
-41
-6
22
48
75
105
139
166
188
219
254
272
284
311
336
345
357
380
398
408
418
428
433
435
430
425
423
420
414
403
388
372
359
346
326
304
285
267
242
216
189
161
135
115
89
57
26
-2
-35
-67
-95
-124
-151
-172
-199
-232
-258
-275
-294
-313
-328
-341
-354
-365
-375
-390
-398
-403
-404
-403
-398
-394
-391
-383
-374
-370
-363
-347
-333
-323
-305
-280
-257
-235
-212
-188
-162
-140
-119
-91
-56
-32
-13
14
43
67
94
122
149
174
197
218
236
255
275
293
313
327
339
354
367
372
371
372
371
366
367
369
366
360
355
345
330
319
308
288
272
260
239
215
201
183
161
139
116
90
68
45
17
-10
-32
-49
-74
-102
-127
-148
-169
-192
-216
-234
-249
-264
-277
-292
-310
-327
-336
-343
-353
-362
-363
-363
-365
-372
-375
-367
-356
-345
-335
-325
-311
-295
-273
-253
-234
-218
-199
-175
-151
-131
-110
-82
-53
-30
-13
4
28
54
77
92
112
137
164
187
208
231
260
284
298
308
319
335
345
352
357
361
358
351
351
348
338
326
324
328
323
305
286
274
260
240
219
202
188
169
145
119
95
72
50
29
5
-22
-48
-72
-95
-119
-146
-168
-186
-206
-227
-246
-261
-268
-276
-287
-300
-307
-311
-316
-324
-331
-331
-327
-327
-327
-315
-306
-303
-294
-283
-270
-261
-247
-224
-205
-188
-168
-145
-123
-105
-91
-66
-42
-19
7
32
53
80
101
112
132
152
168
188
203
219
242
254
262
275
284
294
301
302
312
313
308
311
312
300
288
287
286
272
261
253
243
225
206
194
179
156
137
122
103
86
68
48
33
12
-15
-33
-51
-74
-93
-108
-126
-144
-165
-184
-196
-210
-230
-249
-262
-260
-258
-260
-262
-269
-274
-277
-280
-282
-278
-275
-265
-249
-247
-251
-246
-233
-218
-209
-206
-194
-170
-152
-141
-123
-102
-81
-64
-47
-25
-6
10
27
41
56
76
93
110
126
139
154
169
184
196
207
227
238
246
268
281
283
286
278
281
290
285
278
270
260
255
250
237
229
220
211
201
188
177
164
144
122
99
78
62
45
26
9
-4
-17
-36
-60
-88
-114
-131
-141
-151
-162
-171
-183
-201
-208
-213
-220
-238
-244
-241
-249
-255
-265
-258
-268
-265
-249
-262
-258
-246
-243
-235
-218
-208
-195
-177
-167
-147
-140
-123
-107
-92
-65
-53
-30
-18
-3
22
42
52
59
77
98
111
125
145
157
176
182
188
212
217
226
234
237
251
255
250
243
249
240
233
237
235
230
223
219
219
207
184
176
168
153
138
122
108
96
75
50
43
34
12
-9
-29
-42
-61
-84
-103
-120
-130
-144
-162
-168
-175
-183
-195
-198
-199
-211
-217
-215
-219
-232
-238
-234
-230
-229
-229
-224
-220
-218
-213
-203
-190
-181
-170
-156
-141
-130
-116
-103
-88
-67
-54
-36
-23
-4
9
16
38
47
60
73
85
105
116
135
149
155
169
174
192
204
199
212
219
217
224
225
235
229
226
228
214
218
216
205
197
187
184
163
147
138
124
116
105
97
87
71
65
51
36
16
3
-11
-25
-42
-59
-74
-95
-109
-122
-133
-142
-157
-163
-172
-177
-182
-188
-191
-198
-204
-214
-226
-223
-222
-225
-215
-215
-217
-214
-212
-202
-188
-187
-184
-175
-164
-153
-138
-127
-111
-92
-76
-59
-41
-27
-13
3
18
32
44
62
76
87
103
115
126
141
151
162
172
177
183
186
192
195
203
214
211
206
212
213
215
217
206
206
206
194
189
183
169
161
143
129
123
105
90
75
61
53
41
25
9
-7
-23
-39
-51
-60
-73
-89
-105
-120
-135
-151
-163
-172
-180
-185
-193
-197
-197
-203
-207
-206
-204
-198
-196
-197
-194
-192
-194
-191
-190
-180
-169
-161
-155
-145
-135
-126
-119
-107
-89
-70
-53
-39
-23
-4
14
27
36
46
62
78
88
92
102
119
131
142
153
165
173
176
179
181
187
191
188
189
189
186
182
181
177
178
176
171
161
149
141
138
129
116
106
99
89
74
63
55
44
31
17
3
-10
-25
-35
-43
-57
-76
-88
-97
-108
-117
-126
-130
-134
-144
-152
-154
-162
-169
-171
-170
-173
-178
-182
-184
-182
-180
-177
-167
-164
-159
-150
-140
-130
-121
-114
-108
-101
-96
-87
-73
-59
-49
-39
-23
-11
1
19
32
46
58
58
68
83
86
98
107
110
126
133
137
148
150
154
162
166
170
173
169
165
162
157
156
156
157
157
154
148
144
136
126
111
103
97
84
71
62
52
45
34
22
15
7
-6
-19
-34
-42
-55
-70
-78
-92
-107
-118
-130
-140
-146
-153
-154
-157
-163
-164
-162
-164
-167
-166
-163
-163
-163
-161
-162
-159
-152
-148
-147
-143
-129
-123
-124
-111
-93
-85
-72
-60
-48
-35
-28
-18
2
15
26
40
53
63
70
81
97
107
115
124
130
132
134
137
146
156
161
169
178
180
177
173
171
170
169
162
162
166
162
148
147
141
125
118
108
92
85
74
57
48
37
26
18
7
0
-14
-28
-37
-57
-76
-80
-93
-105
-115
-124
-128
-136
-146
-146
-144
-148
-152
-154
-161
-160
-163
-164
-162
-164
-167
-168
-160
-160
-160
-154
-148
-137
-130
-126
-116
-100
-83
-71
-60
-47
-34
-24
-12
-1
13
27
34
45
58
64
69
79
93
101
106
116
132
143
155
160
162
171
170
176
181
178
175
171
172
170
163
159
149
144
141
138
138
126
112
107
101
97
81
71
67
52
40
27
19
8
-7
-18
-30
-46
-63
-73
-78
-83
-97
-110
-109
-116
-127
-127
-131
-139
-141
-147
-150
-150
-156
-160
-150
-148
-157
-154
-150
-150
-150
-146
-140
-135
-130
-129
-119
-104
-97
-93
-81
-66
-55
-42
-30
-20
-6
5
12
21
29
35
40
53
64
73
83
99
110
121
136
145
154
166
172
171
174
179
174
171
176
175
168
166
166
160
157
157
151
140
132
125
124
120
109
94
82
71
59
43
29
18
7
-7
-19
-29
-39
-54
-69
-77
-80
-89
-102
-111
-117
-124
-133
-136
-142
-153
-158
-157
-159
-167
-175
-177
-171
-174
-180
-178
-170
-163
-160
-156
-149
-141
-133
-125
-117
-110
-95
-79
-62
-51
-39
-26
-16
-10
1
14
27
40
53
60
65
74
84
94
109
121
127
130
139
151
158
158
161
170
176
171
165
168
171
166
157
149
143
137
133
135
132
123
114
108
103
96
83
70
63
52
41
30
14
2
-9
-24
-37
-47
-56
-65
-75
-83
-91
-100
-109
-113
-121
-127
-129
-135
-139
-142
-144
-142
-150
-152
-150
-156
-156
-153
-158
-151
-144
-142
-138
-136
-129
-119
-113
-106
-96
-84
-73
-62
-49
-41
-30
-12
4
11
13
22
37
43
46
58
68
74
82
83
90
98
102
111
124
129
132
135
134
138
140
141
142
141
139
136
136
139
129
114
113
114
103
96
95
90
83
74
64
59
54
39
26
23
17
6
-1
-4
-19
-38
-48
-55
-68
-77
-85
-93
-96
-99
-106
-111
-117
-118
-119
-117
-119
-120
-119
-114
-117
-123
-126
-129
-132
-131
-130
-131
-127
-118
-113
-103
-93
-86
-81
-69
-58
-53
-45
-34
-23
-17
-11
0
7
13
23
34
40
43
53
63
70
75
83
93
100
108
117
121
125
126
126
127
128
125
124
127
131
130
126
122
116
108
104
100
92
82
80
79
75
70
61
46
37
31
23
17
10
-4
-18
-22
-26
-36
-44
-49
-59
-69
-75
-82
-86
-91
-93
-93
-96
-102
-105
-106
-110
-116
-116
-114
-114
-118
-119
-118
-116
-113
-108
-103
-104
-102
-95
-88
-80
-75
-69
-61
-51
-41
-31
-23
-16
-10
-2
9
20
29
38
42
48
53
59
65
72
79
88
94
101
103
105
107
110
110
110
110
110
111
111
110
107
103
99
95
91
87
82
78
73
68
62
55
50
46
41
33
25
17
11
7
2
-4
-14
-24
-34
-44
-51
-56
-61
-65
-68
-74
-79
-82
-86
-88
-90
-92
-93
-95
-96
-96
-96
-97
-99
-101
-104
-104
-103
-97
-93
-89
-82
-76
-68
-62
-57
-53
-49
-43
-35
-27
-17
-9
-2
3
8
14
23
29
35
38
43
47
54
62
67
74
78
80
83
87
93
97
97
98
98
97
96
96
94
90
90
92
91
85
81
83
81
74
68
66
63
54
45
37
32
27
20
13
9
3
-4
-15
-23
-29
-38
-45
-51
-57
-66
-74
-78
-80
-88
-90
-88
-89
-94
-100
-96
-96
-100
-106
-105
-101
-103
-106
-103
-96
-95
-94
-89
-85
-83
-78
-72
-68
-60
-53
-49
-38
-26
-22
-19
-7
1
7
12
17
24
30
36
40
47
57
61
66
75
81
80
82
89
93
92
94
96
100
102
100
98
99
100
95
92
91
89
82
78
75
70
64
59
58
56
47
38
33
30
20
11
8
3
-7
-15
-20
-28
-38
-44
-51
-57
-60
-62
-65
-69
-73
-78
-81
-83
-85
-86
-83
-82
-85
-88
-88
-87
-87
-89
-86
-78
-76
-76
-74
-69
-67
-64
-62
-54
-49
-44
-37
-30
-23
-18
-12
-3
3
9
13
21
31
36
39
43
48
51
51
50
57
65
70
74
76
80
82
82
79
77
78
78
77
76
76
77
78
76
74
71
70
65
58
53
49
46
41
33
28
23
18
10
6
2
-2
-9
-12
-17
-19
-27
-32
-34
-38
-42
-46
-49
-50
-54
-57
-60
-61
-64
-67
-69
-70
-69
-68
-66
-63
-62
-62
-63
-62
-62
-59
-56
-50
-45
-42
-39
-36
-32
-30
-26
-22
-17
-14
-8
-2
5
7
10
14
17
20
23
28
32
34
35
38
43
42
41
46
53
56
54
55
61
64
63
61
61
63
59
55
56
60
60
55
48
45
46
47
45
39
33
28
22
16
10
9
7
5
2
-3
-8
-14
-18
-22
-24
-28
-33
-37
-39
-42
-42
-40
-43
-45
-50
-52
-51
-55
-57
-56
-54
-53
-56
-56
-56
-54
-55
-52
-48
-47
-46
-43
-37
-34
-34
-32
-28
-23
-20
-16
-13
-11
-8
-1
6
9
9
10
15
19
24
27
34
40
40
42
45
46
49
49
52
55
54
55
54
55
55
56
57
56
57
54
54
57
53
49
45
41
37
35
33
24
25
22
15
13
13
7
1
5
-1
-4
-6
-12
-15
-23
-26
-29
-34
-38
-43
-48
-50
-54
-53
-52
-54
-54
-55
-57
-53
-58
-60
-58
-58
-62
-57
-56
-61
-59
-50
-51
-54
-50
-41
-38
-37
-32
-27
-23
-25
-21
-9
-6
1
3
2
12
14
18
24
29
36
35
36
42
46
49
52
51
51
58
56
56
63
60
58
64
65
62
59
59
59
59
60
64
61
58
54
49
44
43
42
38
32
28
19
10
5
1
1
-5
-9
-9
-17
-21
-19
-25
-27
-30
-40
-44
-39
-45
-51
-53
-57
-58
-63
-68
-66
-66
-69
-67
-70
-67
-60
-61
-65
-65
-62
-59
-62
-57
-51
-54
-54
-42
-38
-33
-28
-24
-21
-18
-14
-9
-5
4
9
13
17
22
26
27
27
35
39
40
46
53
55
55
59
63
62
59
60
58
60
64
63
59
66
68
62
60
60
57
53
53
50
42
36
33
29
28
24
19
22
19
9
6
0
-5
-4
-13
-19
-20
-26
-30
-30
-37
-40
-44
-48
-52
-55
-59
-60
-61
-58
-58
-57
-57
-58
-58
-59
-58
-55
-54
-54
-51
-51
-50
-49
-51
-49
-42
-38
-36
-34
-29
-18
-13
-11
-8
-5
0
5
4
12
19
23
28
29
28
31
35
39
44
48
52
55
56
57
57
57
55
56
58
59
58
55
56
56
55
49
46
45
47
46
41
36
36
30
27
22
20
19
8
1
2
1
-6
-7
-8
-12
-14
-19
-25
-31
-32
-34
-40
-42
-40
-40
-44
-52
-52
-49
-48
-52
-54
-55
-57
-57
-54
-52
-51
-50
-48
-48
-45
-40
-36
-35
-33
-33
-32
-31
-24
-20
-17
-10
-7
-4
5
6
10
16
17
19
25
26
30
32
35
40
43
43
44
43
44
41
46
52
45
47
52
46
45
50
48
49
49
48
47
46
42
38
37
37
34
29
25
22
20
16
15
11
6
1
-1
-2
-6
-11
-15
-16
-19
-27
-30
-30
-35
-39
-37
-38
-43
-48
-46
-49
-51
-51
-51
-53
-51
-52
-52
-49
-47
-49
-50
-47
-46
-45
-42
-39
-35
-31
-26
-27
-27
-20
-18
-15
-4
-3
-5
3
7
10
15
14
15
18
21
27
31
32
36
39
40
41
43
46
48
47
46
45
45
43
42
45
48
50
48
41
40
40
38
33
32
33
35
30
26
20
14
11
8
8
6
1
-3
-2
-2
-6
-10
-11
-14
-19
-26
-30
-31
-29
-30
-37
-37
-35
-42
-47
-44
-44
-43
-40
-40
-41
-42
-41
-39
-39
-38
-37
-35
-33
-30
-29
-31
-29
-27
-25
-21
-15
-13
-8
-4
-4
-2
0
1
6
10
11
14
18
22
26
25
26
30
34
34
33
33
38
41
40
40
43
43
43
41
40
39
39
39
37
37
32
33
32
30
25
24
26
23
20
17
17
15
9
4
0
-3
-6
-6
-8
-10
-14
-14
-12
-14
-20
-23
-23
-24
-29
-33
-34
-34
-37
-40
-40
-39
-36
-36
-38
-39
-39
-37
-33
-32
-32
-32
-33
-29
-26
-25
-20
-20
-20
-13
-14
-15
-10
-8
-5
0
-5
-1
5
6
7
9
14
18
19
20
23
30
30
33
31
37
42
38
40
34
37
41
39
44
40
41
40
39
42
41
40
38
38
36
32
29
26
22
16
17
17
17
12
7
4
3
1
-3
-6
-8
-13
-20
-24
-23
-24
-26
-27
-30
-36
-41
-42
-42
-42
-41
-43
-46
-44
-42
-43
-43
-45
-45
-43
-42
-40
-40
-40
-39
-39
-36
-32
-31
-29
-24
-19
-16
-11
-10
-7
-2
2
2
7
12
14
16
20
23
25
29
31
33
34
37
39
39
41
41
43
45
44
46
47
47
49
50
49
48
48
44
44
42
39
35
30
28
27
27
25
25
22
17
8
3
4
5
2
-3
-8
-12
-16
-17
-17
-21
-25
-28
-27
-29
-33
-35
-37
-37
-39
-45
-45
-43
-42
-43
-46
-47
-44
-45
-47
-44
-43
-45
-41
-35
-33
-33
-29
-26
-28
-28
-21
-12
-11
-15
-11
-1
1
-2
3
8
8
10
14
17
20
23
25
26
28
29
28
32
33
32
37
36
35
39
37
38
44
41
41
43
39
37
37
34
33
34
32
32
30
28
27
24
22
19
17
13
9
6
1
-2
-5
-9
-11
-14
-17
-19
-20
-22
-23
-25
-25
-27
-31
-31
-33
-36
-38
-37
-38
-39
-37
-36
-37
-38
-37
-37
-37
-34
-33
-29
-28
-26
-23
-22
-23
-22
-18
-14
-14
-14
-12
-8
-4
1
3
4
5
6
9
13
20
24
27
29
29
27
29
36
38
38
35
34
37
36
33
35
37
39
40
38
36
38
38
37
36
32
31
29
28
25
22
21
17
14
12
9
8
2
-1
2
-2
-11
-14
-14
-15
-21
-25
-25
-24
-26
-31
-32
-31
-31
-36
-37
-32
-34
-40
-39
-36
-36
-39
-39
-37
-35
-35
-35
-32
-29
-26
-25
-24
-21
-20
-17
-14
-13
-11
-5
-3
-2
1
3
4
5
7
10
11
13
16
20
22
25
28
30
34
36
37
38
39
39
37
37
39
38
38
40
41
40
38
38
37
31
29
28
25
23
23
22
23
18
14
16
10
5
5
0
-4
-3
-9
-10
-12
-16
-16
-16
-18
-21
-25
-27
-26
-29
-34
-36
-35
-34
-35
-37
-37
-35
-34
-35
-35
-36
-38
-38
-36
-33
-32
-31
-33
-30
-28
-26
-24
-21
-18
-15
-13
-10
-6
-3
-3
-3
0
5
10
14
15
15
16
18
22
26
27
29
31
32
33
32
33
31
33
34
36
38
36
35
35
35
36
38
35
33
30
29
29
26
24
21
21
19
17
11
8
5
6
5
3
1
-7
-10
-9
-10
-14
-14
-16
-23
-28
-26
-26
-30
-30
-30
-32
-35
-35
-37
-40
-43
-45
-42
-36
-38
-42
-39
-37
-39
-36
-31
-30
-34
-31
-24
-24
-26
-21
-15
-13
-12
-10
-9
-9
-6
-1
1
1
1
4
9
15
18
20
24
26
25
26
28
31
34
35
36
36
37
36
36
36
36
37
36
35
35
34
33
33
34
33
28
24
24
26
24
20
16
15
14
11
7
6
7
3
-2
-3
-6
-11
-10
-15
-18
-16
-22
-23
-19
-23
-25
-25
-29
-29
-29
-33
-33
-34
-33
-33
-34
-33
-34
-34
-34
-35
-31
-30
-29
-27
-26
-24
-23
-20
-17
-14
-14
-12
-8
-3
-4
-4
-3
1
1
-1
2
5
10
13
11
16
20
19
21
23
23
26
27
28
30
30
29
27
28
28
27
27
28
29
27
24
22
23
23
22
19
18
17
16
15
14
14
11
11
11
7
6
4
2
0
-3
-4
-6
-10
-10
-12
-13
-16
-16
-17
-16
-17
-18
-20
-22
-24
-25
-24
-25
-26
-22
-24
-27
-24
-26
-29
-26
-27
-28
-23
-24
-24
-18
-17
-16
-10
-9
-11
-10
-8
-5
-4
-5
-2
3
4
0
1
7
10
9
9
14
19
21
20
20
19
20
22
23
26
23
21
21
22
24
25
24
23
20
21
23
25
26
24
22
22
21
19
16
15
14
13
11
9
7
6
5
1
1
-1
-3
-4
-6
-8
-9
-9
-12
-12
-14
-14
-14
-17
-16
-18
-18
-18
-20
-20
-20
-24
-22
-23
-24
-19
-25
-23
-18
-25
-19
-17
-16
-19
-19
-13
-16
-14
-12
-10
-11
-10
-8
-9
-7
-6
-5
-3
-2
-1
0
3
8
10
10
13
16
18
15
15
16
17
17
18
20
20
21
20
18
19
18
18
22
22
21
21
23
20
18
21
21
18
19
19
14
11
10
8
6
5
6
3
0
0
-4
-3
-3
-3
-2
-5
-5
-8
-9
-9
-11
-11
-13
-14
-15
-16
-17
-16
-19
-20
-20
-21
-19
-19
-18
-17
-19
-18
-19
-20
-21
-19
-19
-18
-16
-13
-13
-12
-12
-11
-11
-11
-10
-8
-6
-4
-2
1
3
4
5
8
12
10
7
12
17
16
14
20
22
21
17
16
21
21
19
18
21
19
15
15
21
22
18
15
17
20
21
17
16
14
11
10
11
11
7
4
4
4
4
2
0
-2
-4
-3
-2
-3
-6
-9
-10
-8
-9
-12
-14
-18
-19
-18
-16
-16
-17
-19
-21
-22
-22
-23
-23
-23
-23
-22
-18
-19
-19
-18
-18
-15
-12
-10
-10
-10
-10
-9
-7
-5
-4
-4
-4
-1
0
5
5
6
6
7
11
12
13
15
14
14
16
18
17
18
20
20
19
20
18
18
18
20
19
19
19
20
21
20
17
18
18
18
14
11
11
11
9
6
6
4
5
1
-3
-2
-6
-9
-5
-10
-9
-8
-12
-12
-13
-15
-15
-14
-14
-17
-18
-19
-19
-17
-17
-17
-19
-18
-19
-18
-19
-19
-18
-17
-19
-17
-17
-13
-12
-13
-10
-8
-9
-8
-7
-8
-6
-4
-4
-2
1
1
3
6
5
7
8
11
14
13
11
14
18
22
20
20
21
20
17
15
18
20
21
18
19
19
20
19
20
20
20
21
19
17
15
11
9
7
5
4
3
2
0
-1
-2
-4
-5
-2
-3
-6
-10
-11
-10
-9
-11
-14
-10
-11
-17
-16
-21
-19
-13
-17
-19
-17
-20
-17
-15
-19
-18
-16
-14
-15
-17
-16
-12
-12
-14
-14
-11
-7
-9
-12
-8
-5
-4
-5
-4
-3
-1
2
3
4
4
5
6
6
9
10
13
14
15
15
16
15
14
15
15
14
13
16
16
14
14
11
17
13
12
11
12
18
11
13
13
13
15
11
10
9
7
5
3
2
0
-2
-3
-3
-5
-4
-6
-7
-7
-6
-7
-8
-9
-9
-10
-11
-10
-13
-12
-13
-14
-13
-17
-16
-18
-17
-16
-18
-17
-17
-15
-13
-13
-12
-11
-10
-9
-8
-8
-8
-8
-6
-3
-5
-6
-4
0
1
-1
-1
3
6
5
4
5
6
9
8
11
12
13
17
17
18
18
19
20
17
18
15
15
13
11
12
11
11
12
12
13
13
15
14
15
13
11
9
8
5
1
-2
-4
-3
-3
-1
-5
-8
-9
-9
-7
-6
-8
-11
-13
-12
-12
-13
-14
-14
-14
-15
-17
-18
-15
-16
-16
-17
-16
-14
-13
-11
-12
-12
-12
-10
-8
-8
-9
-10
-9
-6
-2
-1
-3
-3
-3
-2
1
0
1
0
1
3
5
8
8
8
8
9
14
15
15
14
18
16
15
14
15
16
16
15
15
15
15
14
14
15
13
13
12
14
14
12
9
9
11
10
6
5
7
5
1
-3
-2
-1
-2
-4
-7
-8
-9
-9
-8
-10
-10
-10
-10
-10
-11
-12
-13
-13
-15
-15
-15
-14
-15
-16
-17
-17
-17
-16
-14
-12
-12
-13
-14
-13
-11
-10
-11
-9
-4
-2
-2
-2
-2
0
1
1
1
-1
1
2
4
5
6
6
7
8
9
8
8
10
13
12
13
12
14
13
13
13
13
14
14
15
14
15
13
13
12
11
11
10
11
11
10
11
10
9
7
5
3
2
1
1
0
-2
-4
-5
-4
-5
-4
-6
-6
-6
-7
-9
-12
-13
-15
-11
-14
-12
-10
-17
-13
-17
-16
-13
-15
-12
-15
-14
-16
-14
-11
-11
-8
-8
-8
-8
-5
-5
-3
-3
-1
-3
-7
-5
-8
-5
-4
1
4
2
6
6
5
7
8
11
11
12
12
12
12
13
15
15
15
15
18
17
16
15
16
16
14
12
12
13
12
11
12
13
12
11
10
8
7
6
6
6
6
4
2
0
-1
-3
-5
-5
-7
-8
-9
-10
-10
-10
-10
-11
-12
-10
-11
-13
-15
-14
-15
-13
-16
-16
-15
-14
-12
-13
-14
-9
-10
-13
-10
-11
-12
-11
-8
-8
-6
-4
-4
-3
-2
1
0
4
2
3
4
1
4
0
4
6
6
10
7
10
11
13
17
15
15
14
14
12
11
11
10
12
11
13
13
12
13
12
10
10
8
6
5
5
4
4
4
6
8
6
3
2
2
0
-4
-7
-5
-5
-8
-10
-8
-5
-4
-3
-3
-5
-7
-9
-9
-10
-11
-9
-9
-10
-12
-12
-14
-14
-12
-8
-6
-7
-10
-10
-9
-10
-13
-11
-9
-5
-6
-7
-4
-1
1
2
3
5
4
4
3
3
3
4
3
5
6
8
9
9
10
10
10
10
10
10
11
11
11
11
11
11
10
11
10
11
11
11
10
9
7
6
5
5
5
5
5
5
6
4
2
1
0
-2
-2
-4
-6
-7
-6
-7
-5
-9
-9
-8
-8
-7
-9
-7
-8
-10
-8
-13
-11
-10
-12
-16
-14
-9
-14
-15
-13
-11
-11
-11
-9
-6
-4
-6
-5
-3
-4
