1
2
0
0
0
1
2
-1
-1
-2
-1
0
1
3
1
3
-1
0
4
-2
1
3
-1
1
-2
-1
0
0
-4
1
-2
0
-3
0
3
0
1
4
1
2
0
-2
1
1
1
2
0
3
2
0
1
1
3
1
-2
0
0
-1
1
-2
0
3
1
0
2
1
0
0
-1
0
1
1
1
4
2
3
2
2
1
0
0
-1
0
1
1
1
1
1
1
1
1
1
0
0
0
0
-2
-2
-3
-2
0
0
0
0
-1
-1
-2
0
0
-1
-2
-2
0
2
2
1
6
5
4
4
2
2
3
2
2
1
0
0
-1
0
0
-2
2
1
-1
2
-4
-4
0
-6
-1
1
-4
0
-2
-3
3
0
-1
3
0
-1
-1
-5
-5
-4
-3
-2
-4
-2
-2
-2
0
1
1
0
1
1
1
1
2
2
0
0
-2
-1
-1
-1
0
2
1
1
1
0
0
0
1
2
3
4
5
4
6
3
3
2
1
2
1
0
1
1
-1
0
1
0
-1
0
2
0
-1
0
1
1
0
-1
-1
0
-3
-5
-1
-2
-4
-3
1
-1
-2
-3
-2
-2
-1
0
1
3
1
1
3
5
4
2
2
2
5
3
2
1
-1
1
-2
0
0
0
3
-1
-1
-1
1
-1
-1
-2
-4
2
4
1
-2
3
3
0
3
5
1
-2
0
1
1
-1
1
0
1
0
-5
-4
-3
-2
-1
0
3
2
1
0
0
0
0
0
-1
0
-1
0
-1
-1
-1
-1
-1
0
0
1
1
0
0
1
2
2
1
0
-1
-1
0
1
0
-1
-1
0
0
0
0
0
0
0
-2
-1
0
0
1
1
1
2
2
3
4
3
3
3
3
3
0
0
-1
-1
4
2
-2
1
0
-1
1
-2
-1
3
0
2
2
0
0
3
4
4
3
2
3
1
-1
-1
0
2
-1
-2
-3
-3
-3
-1
0
0
-1
-2
-3
-5
-5
-5
-5
-2
-2
-1
-1
-1
-1
-1
0
0
-1
0
-1
1
3
5
5
5
4
4
4
4
3
2
3
1
1
2
1
-2
-3
-4
-4
-4
-4
1
2
2
-1
0
4
1
0
0
5
5
1
1
2
4
4
-1
1
3
1
2
1
-1
0
0
0
-1
-2
-3
-3
-3
-3
-1
0
-1
-1
2
2
-1
-3
-1
1
1
0
-1
3
6
4
3
4
5
5
4
5
5
4
4
5
3
3
1
-3
-1
2
0
-2
1
1
2
5
0
-2
1
-2
-4
0
-2
-1
2
-1
1
2
-1
1
3
4
4
3
1
-1
-3
-2
-1
1
-1
-2
-2
0
-1
-5
-5
-1
0
-1
-3
-3
-2
-2
-3
-3
-2
-2
0
1
1
0
-1
-1
0
1
2
1
2
3
3
6
6
5
3
3
1
0
1
1
-1
-3
-1
-1
0
-1
-1
1
1
0
-1
0
0
0
2
0
1
0
1
3
3
2
2
4
5
5
3
1
0
-1
-1
0
1
1
1
1
1
1
0
-1
-1
-3
-3
-3
-4
-2
-3
-1
-1
-1
1
0
1
1
1
1
2
0
1
1
2
2
2
5
4
5
4
5
4
2
1
1
0
1
1
-2
-3
-2
-2
-1
-1
-1
-1
-1
-1
0
0
0
0
2
3
3
2
1
1
1
1
2
3
4
3
1
0
1
0
0
0
1
1
-1
-4
-1
0
0
-2
-5
-4
-2
0
-1
-1
0
0
-2
-2
-2
-2
2
-2
-6
-2
-1
-1
5
2
4
9
5
0
1
5
5
-1
-1
1
-3
-4
-2
-3
-5
-5
-3
-2
-3
-3
-2
-1
-1
-1
0
1
1
0
1
-1
0
2
4
5
4
4
3
3
2
2
3
4
3
4
5
3
3
4
3
1
-1
-1
-1
1
2
-2
-4
-4
-3
-2
-3
-4
-2
0
-1
-2
-2
0
2
2
3
4
3
1
1
0
0
0
0
2
2
2
0
0
-1
-2
-2
-4
-4
-5
-4
-4
-5
-3
-3
-4
1
2
1
5
1
0
5
4
4
7
3
0
2
0
1
3
3
3
2
2
-1
-2
-1
-2
0
1
0
1
3
3
1
-1
1
1
0
-2
-1
-2
0
0
0
0
-1
-1
3
4
3
3
4
4
2
2
1
1
3
4
2
2
2
-2
-3
1
0
-4
-1
1
-1
-5
-2
-1
-1
0
0
1
1
1
1
1
1
1
1
1
1
-1
1
-1
-1
2
-1
2
3
1
2
1
-2
0
0
-2
-1
0
-1
1
-1
0
-1
-1
-3
-2
-1
0
-3
-3
0
0
-1
0
1
1
-1
-2
1
4
5
3
3
5
3
4
4
5
3
0
-1
-1
-1
-3
-4
-3
-2
-4
-3
-2
1
2
2
3
5
5
4
2
4
3
3
2
2
0
-1
-1
-2
0
-1
-1
1
2
3
3
3
3
1
0
1
1
0
0
-2
-1
-2
-3
-5
-4
-3
-3
-3
-3
0
1
-2
1
3
3
1
0
3
1
2
3
4
5
2
0
5
4
-1
3
0
-2
1
-3
-1
4
0
-1
-1
-3
-2
-1
-1
1
1
1
1
1
2
2
1
2
1
0
-2
-2
-4
-3
-2
0
3
2
2
2
0
1
2
2
1
2
1
1
0
0
-2
-1
-1
-1
-2
-3
-4
-4
-3
-1
0
0
-1
-1
0
2
3
4
4
4
2
4
4
3
4
3
0
3
2
-1
1
-3
-4
-1
-3
-2
1
-1
1
4
4
3
2
0
2
1
0
-1
0
1
0
-2
0
0
1
-1
0
0
-1
-1
0
0
1
1
0
1
0
-2
-1
-2
-1
-1
0
1
2
2
2
1
1
-1
0
0
0
1
3
1
0
1
2
3
1
0
1
1
1
0
0
0
-1
1
1
1
-4
-1
1
2
-1
-3
-2
-3
-4
-1
1
2
0
0
0
1
3
2
2
2
2
4
5
4
0
-1
1
1
-1
-3
-4
-1
0
0
-1
-1
-1
-1
-2
-4
-2
-1
0
1
2
2
2
2
2
-1
0
1
2
3
1
0
1
0
-1
-4
-2
0
0
0
-1
2
0
0
0
1
1
1
0
1
-1
-2
-5
-3
-4
-4
-5
-7
-4
-1
0
0
1
1
1
1
3
4
4
5
4
5
4
4
3
3
1
2
1
1
0
-3
-3
-3
-4
-1
-2
1
2
0
3
1
5
3
3
5
2
2
3
1
1
4
-1
-2
1
-1
-1
2
-2
-3
-2
-2
0
5
4
4
4
3
3
1
1
1
0
1
1
0
-1
0
-3
0
-2
-1
-1
-4
-2
-7
0
1
-2
5
3
2
0
3
5
0
2
5
1
-3
0
-2
-4
-4
-4
-4
-4
-3
-3
-2
-1
-1
0
0
1
2
3
2
2
1
0
0
-1
-1
-2
-4
-5
-5
-4
-4
-3
-4
-4
-2
1
1
3
3
2
3
2
2
3
2
1
1
-1
-1
-1
-1
-2
-2
-2
-1
0
0
-2
-2
-2
0
2
1
0
0
0
1
2
3
4
4
2
1
-1
-1
-2
0
0
0
-2
-3
-2
-2
-2
0
2
2
2
4
5
3
3
5
4
1
2
2
1
0
1
0
0
1
1
0
-1
-3
-4
-1
-4
-4
-2
-5
2
-3
0
1
-1
3
-1
1
0
-5
-6
-5
-2
-3
-4
-3
0
-2
-3
-3
1
4
2
-1
0
1
1
0
1
1
0
3
2
0
0
-1
-4
-2
-2
-4
-5
-2
-3
-4
-1
2
-1
0
5
4
0
0
4
7
6
4
3
3
2
0
0
2
2
1
2
4
4
3
5
5
5
5
5
3
3
2
4
5
5
4
3
3
2
3
1
-1
-1
-1
0
0
3
2
3
5
5
4
3
1
0
1
3
4
5
5
3
4
2
2
1
1
0
0
-1
-1
-2
-2
-1
-2
-1
-1
-1
0
0
0
0
0
-1
-1
-1
-3
-4
-4
-5
-5
-5
-5
-4
-5
-7
-7
-7
-6
-6
-4
-4
-4
-4
-4
-3
-1
-2
-3
-4
-4
-4
-4
-4
-2
-2
-5
-6
-8
-8
-6
-5
-4
-5
-6
-4
-2
1
3
4
5
5
5
7
6
6
8
9
8
7
5
5
4
3
3
3
4
5
6
7
9
8
9
10
12
13
14
14
12
10
11
12
11
9
8
7
5
2
2
5
5
3
3
4
5
6
5
7
10
7
5
3
6
5
4
3
2
1
-1
-3
-7
-6
-8
-10
-12
-13
-11
-10
-11
-12
-8
-3
-1
-1
-4
-4
-8
-10
-10
-9
-11
-15
-17
-16
-15
-17
-19
-18
-18
-19
-19
-17
-16
-16
-15
-13
-11
-11
-13
-12
-10
-5
-4
-6
-10
-9
-6
-5
-7
-8
-5
0
1
-1
-1
4
6
7
7
12
18
21
18
16
18
22
24
23
17
14
17
22
24
19
12
11
18
26
23
15
13
22
29
28
21
17
21
24
25
20
20
20
17
13
15
18
14
7
2
3
5
3
0
-2
-1
-3
-4
1
2
-4
-4
-7
-8
-5
-10
-15
-13
-17
-19
-17
-25
-30
-28
-31
-31
-28
-35
-35
-33
-39
-33
-28
-31
-27
-31
-35
-29
-33
-37
-37
-39
-42
-43
-49
-55
-58
-58
-56
-53
-52
-49
-43
-34
-27
-18
-10
1
9
15
19
23
30
34
33
33
33
29
30
33
34
34
28
23
32
45
46
38
29
37
57
62
50
41
44
61
71
59
45
45
52
57
54
46
43
44
37
41
50
52
45
37
37
50
61
54
43
47
48
50
52
50
47
43
28
29
40
39
26
12
9
18
20
8
2
3
4
2
-1
-7
-11
-14
-28
-37
-40
-45
-53
-67
-79
-78
-83
-99
-119
-135
-138
-141
-153
-164
-179
-194
-206
-222
-227
-233
-248
-257
-268
-273
-269
-268
-262
-253
-241
-216
-186
-158
-131
-104
-60
-25
9
49
77
106
137
151
171
186
182
188
186
182
187
174
161
156
148
145
135
127
125
123
128
130
124
130
126
123
132
133
134
135
122
115
118
116
110
105
99
98
103
102
96
97
94
91
88
81
77
77
78
78
79
79
78
80
79
76
79
77
76
77
70
63
61
56
55
57
53
56
65
66
70
72
70
77
87
87
83
88
93
96
101
114
119
119
126
138
134
128
134
135
127
111
85
59
44
18
-20
-60
-105
-149
-184
-228
-281
-321
-362
-403
-444
-496
-545
-588
-637
-676
-713
-755
-783
-796
-813
-830
-834
-822
-796
-772
-751
-715
-656
-595
-533
-467
-406
-327
-235
-159
-78
7
76
144
207
251
284
298
300
311
312
297
284
265
242
239
226
205
203
212
216
224
243
265
273
273
281
305
325
332
341
351
364
382
391
401
426
449
458
471
474
477
472
452
443
441
427
413
396
370
359
358
352
342
337
338
329
312
295
275
255
240
223
214
220
207
190
185
172
179
185
180
186
189
178
159
145
135
126
108
93
95
106
112
95
87
87
83
76
51
33
13
-12
-31
-62
-98
-139
-187
-223
-269
-318
-376
-436
-490
-544
-607
-678
-756
-841
-924
-998
-1064
-1137
-1200
-1252
-1301
-1326
-1331
-1332
-1314
-1267
-1221
-1169
-1093
-1006
-913
-823
-738
-638
-527
-415
-291
-156
-21
114
233
332
428
501
544
560
555
541
517
503
490
470
455
442
436
425
438
458
461
479
494
508
517
507
506
528
544
548
560
576
607
644
662
678
699
711
719
720
709
698
680
658
637
615
592
564
538
525
508
489
471
453
426
396
375
347
313
296
274
250
239
225
220
223
209
199
191
181
180
179
174
172
149
132
130
113
94
89
75
67
60
44
31
26
16
4
-5
-33
-77
-107
-128
-151
-185
-234
-291
-347
-390
-425
-485
-555
-619
-687
-749
-805
-880
-958
-1041
-1131
-1210
-1302
-1398
-1474
-1536
-1594
-1623
-1644
-1649
-1629
-1609
-1554
-1492
-1437
-1362
-1281
-1177
-1068
-948
-805
-660
-514
-368
-206
-29
141
287
415
523
604
659
695
713
707
689
677
680
681
675
668
667
678
690
704
717
723
727
724
714
717
720
719
726
738
753
774
794
818
848
862
856
833
801
767
730
694
661
630
592
551
531
521
489
457
437
416
391
360
336
313
271
226
196
176
168
170
164
155
148
150
152
156
163
165
158
152
145
139
132
128
124
115
103
91
80
76
67
49
42
33
12
-11
-31
-49
-70
-107
-141
-173
-212
-255
-297
-333
-373
-425
-476
-525
-584
-652
-718
-780
-846
-909
-976
-1060
-1153
-1245
-1339
-1419
-1486
-1553
-1608
-1647
-1687
-1699
-1674
-1636
-1588
-1536
-1482
-1401
-1312
-1211
-1075
-939
-803
-641
-477
-315
-139
27
177
314
421
500
556
585
594
601
611
627
649
673
694
714
730
749
775
799
823
845
855
860
860
859
856
858
862
870
880
884
891
895
894
892
881
863
841
815
798
778
744
714
678
637
615
589
558
527
494
463
439
413
388
357
317
282
250
222
204
190
178
172
168
169
176
183
184
181
171
161
146
133
120
104
77
55
36
15
-2
-16
-36
-66
-88
-99
-115
-122
-133
-156
-182
-204
-225
-244
-272
-304
-337
-375
-407
-439
-469
-500
-544
-597
-649
-708
-769
-836
-908
-987
-1084
-1188
-1278
-1363
-1450
-1525
-1586
-1647
-1705
-1742
-1752
-1754
-1745
-1711
-1658
-1599
-1519
-1416
-1290
-1152
-1012
-857
-687
-516
-342
-167
-11
118
227
317
392
456
514
569
614
642
662
696
754
803
837
885
927
957
993
1025
1052
1065
1064
1077
1091
1093
1113
1121
1121
1136
1142
1138
1144
1140
1122
1099
1063
1024
982
931
875
811
739
668
611
560
513
474
417
354
315
270
230
198
152
106
55
7
-10
-13
-1
17
6
-7
6
13
17
19
15
7
-5
-4
13
21
17
7
-9
-21
-29
-30
-32
-38
-51
-69
-86
-98
-110
-126
-159
-196
-223
-256
-288
-309
-338
-366
-404
-452
-477
-493
-517
-543
-567
-602
-646
-685
-710
-749
-800
-850
-914
-983
-1056
-1143
-1230
-1316
-1405
-1483
-1536
-1591
-1631
-1655
-1659
-1628
-1591
-1515
-1424
-1331
-1213
-1091
-958
-816
-669
-521
-385
-264
-158
-50
56
155
246
322
390
455
512
569
628
683
727
771
824
876
923
975
1024
1067
1110
1154
1197
1236
1268
1277
1274
1271
1280
1286
1278
1275
1254
1216
1179
1143
1117
1078
1033
983
909
843
786
742
712
679
636
583
538
508
489
451
417
384
330
291
269
241
217
195
157
120
93
91
83
55
29
-2
-31
-65
-83
-87
-111
-149
-190
-219
-238
-244
-246
-257
-277
-296
-315
-328
-334
-346
-368
-388
-420
-445
-450
-468
-494
-511
-536
-551
-559
-571
-577
-595
-609
-624
-640
-645
-658
-670
-698
-745
-784
-826
-865
-908
-971
-1034
-1099
-1161
-1219
-1275
-1314
-1345
-1375
-1400
-1403
-1381
-1343
-1282
-1209
-1116
-1024
-923
-808
-697
-590
-502
-414
-314
-214
-108
-12
85
176
258
349
441
523
599
678
745
795
838
883
928
973
1020
1060
1095
1132
1160
1180
1196
1212
1228
1237
1242
1238
1227
1209
1185
1161
1136
1099
1059
1022
991
975
952
927
897
858
816
750
697
646
587
541
489
442
389
344
305
267
239
210
182
157
138
117
92
66
31
-4
-30
-46
-61
-76
-84
-90
-108
-133
-159
-185
-208
-232
-266
-292
-315
-326
-340
-355
-353
-366
-371
-379
-393
-409
-435
-448
-463
-473
-484
-502
-505
-515
-527
-536
-551
-556
-561
-587
-607
-615
-642
-669
-691
-722
-766
-817
-863
-905
-951
-995
-1035
-1079
-1123
-1156
-1178
-1195
-1206
-1209
-1203
-1181
-1138
-1072
-996
-922
-848
-769
-682
-592
-503
-411
-312
-215
-122
-30
67
166
258
344
429
512
589
655
715
773
829
882
927
971
1019
1070
1117
1169
1213
1249
1282
1300
1312
1323
1314
1303
1293
1268
1252
1239
1196
1157
1136
1118
1081
1034
999
947
881
829
774
723
676
615
557
503
455
426
391
348
315
262
211
178
144
118
90
39
-6
-35
-47
-59
-79
-99
-123
-153
-173
-194
-223
-250
-281
-327
-368
-392
-410
-425
-434
-453
-475
-494
-515
-521
-518
-532
-549
-571
-602
-616
-617
-627
-635
-638
-642
-634
-620
-606
-595
-602
-612
-610
-604
-609
-615
-631
-651
-672
-697
-721
-738
-760
-789
-820
-842
-852
-868
-883
-895
-902
-908
-901
-877
-846
-811
-779
-742
-684
-606
-528
-452
-375
-298
-231
-164
-88
-9
63
128
199
275
353
436
507
565
620
665
709
767
811
850
896
929
960
1005
1046
1082
1116
1134
1144
1155
1168
1176
1177
1164
1144
1132
1121
1103
1082
1055
1020
965
905
862
821
779
741
687
638
604
562
520
481
431
379
339
306
272
235
205
180
144
101
64
37
4
-39
-77
-106
-140
-176
-206
-231
-262
-301
-336
-365
-395
-417
-434
-451
-475
-502
-515
-534
-548
-554
-581
-609
-617
-636
-643
-645
-651
-653
-668
-676
-671
-667
-654
-649
-638
-633
-635
-626
-625
-620
-618
-629
-634
-636
-639
-645
-645
-647
-663
-677
-682
-688
-699
-702
-719
-735
-741
-748
-725
-696
-678
-649
-621
-576
-527
-486
-431
-388
-342
-284
-226
-153
-89
-22
48
110
188
259
335
409
469
535
589
648
702
752
798
838
873
911
954
994
1041
1072
1096
1121
1135
1140
1155
1168
1169
1165
1150
1139
1120
1103
1089
1063
1031
977
945
910
859
817
770
726
676
633
591
555
517
464
412
366
324
269
227
176
111
70
10
-46
-87
-136
-171
-220
-264
-285
-328
-366
-394
-429
-467
-501
-513
-548
-580
-594
-619
-631
-642
-654
-668
-683
-695
-705
-699
-714
-716
-717
-722
-713
-717
-713
-701
-682
-660
-653
-636
-622
-609
-594
-592
-587
-584
-576
-568
-557
-541
-538
-526
-511
-512
-511
-514
-508
-495
-487
-482
-465
-444
-414
-383
-358
-334
-310
-281
-246
-204
-164
-127
-98
-67
-31
2
37
80
131
182
234
291
345
396
441
477
506
539
573
610
648
676
706
739
776
814
847
883
916
940
961
975
975
976
968
955
950
935
917
911
897
877
862
831
800
775
740
704
668
630
587
543
505
457
408
364
328
291
251
204
161
129
84
26
-20
-67
-113
-158
-201
-244
-283
-326
-369
-402
-438
-479
-515
-550
-586
-626
-662
-699
-728
-750
-777
-795
-811
-828
-835
-848
-868
-877
-882
-886
-892
-901
-895
-878
-865
-855
-845
-822
-807
-792
-772
-745
-714
-691
-666
-639
-606
-576
-551
-525
-497
-470
-441
-412
-379
-350
-321
-289
-253
-216
-183
-152
-118
-77
-39
-4
40
82
111
142
171
200
244
269
302
343
366
400
427
456
496
528
560
583
613
637
663
697
720
741
764
788
804
822
836
851
874
881
887
899
904
899
894
891
879
866
846
832
820
785
759
728
696
663
616
576
538
505
463
422
385
346
310
270
225
186
144
97
59
9
-29
-63
-112
-143
-182
-214
-256
-299
-327
-368
-405
-446
-484
-522
-565
-599
-632
-663
-688
-711
-737
-750
-760
-780
-791
-793
-800
-817
-834
-849
-860
-871
-882
-886
-883
-878
-872
-852
-823
-785
-763
-742
-707
-681
-652
-627
-591
-548
-515
-478
-436
-388
-347
-309
-264
-218
-173
-131
-89
-37
10
46
90
136
170
210
254
293
320
351
382
413
444
475
498
525
560
578
583
611
646
671
690
697
709
724
722
731
755
760
757
755
757
755
743
750
753
748
748
725
717
719
703
679
656
630
596
570
554
534
505
477
454
418
378
345
318
279
232
192
149
100
58
20
-6
-36
-85
-123
-150
-190
-225
-255
-294
-329
-364
-402
-438
-472
-508
-545
-578
-605
-633
-658
-681
-703
-728
-754
-780
-807
-819
-839
-850
-860
-875
-875
-882
-876
-874
-878
-864
-861
-862
-859
-843
-832
-821
-805
-776
-751
-731
-698
-672
-632
-592
-566
-523
-488
-446
-401
-346
-296
-259
-200
-143
-89
-24
32
91
145
213
265
316
377
424
478
522
574
625
665
706
732
773
809
828
850
875
906
918
915
914
921
926
916
906
903
899
879
858
841
823
802
774
752
724
690
659
622
593
564
535
512
485
463
432
406
380
354
327
301
273
238
198
156
112
73
37
4
-30
-64
-95
-127
-159
-192
-226
-259
-292
-328
-362
-393
-424
-445
-460
-479
-501
-522
-541
-558
-580
-610
-646
-681
-707
-725
-739
-748
-758
-770
-781
-793
-806
-818
-829
-840
-850
-856
-855
-849
-842
-826
-808
-789
-764
-737
-702
-675
-633
-586
-548
-502
-462
-407
-350
-296
-233
-181
-121
-72
-24
28
78
129
179
236
287
327
370
429
482
522
564
610
652
686
722
754
781
804
827
851
869
879
886
901
914
914
911
921
929
929
924
916
911
888
870
861
839
810
761
735
711
672
640
599
559
511
464
425
379
336
294
254
214
180
150
124
95
55
20
-9
-40
-69
-96
-123
-139
-170
-204
-234
-260
-274
-306
-333
-356
-400
-432
-470
-507
-538
-585
-616
-652
-685
-712
-753
-784
-820
-865
-911
-960
-1007
-1066
-1133
-1191
-1241
-1285
-1313
-1321
-1302
-1274
-1237
-1173
-1093
-999
-911
-813
-708
-628
-552
-476
-396
-327
-269
-204
-139
-71
-6
61
127
189
242
280
313
332
334
324
300
290
271
259
270
276
290
305
310
331
367
396
421
454
474
488
503
527
548
567
596
627
656
691
717
740
766
766
756
759
752
731
711
698
686
686
688
697
696
684
685
667
658
652
628
615
587
548
507
464
443
422
376
353
338
333
325
299
303
306
300
291
274
272
255
222
193
166
139
107
74
46
10
-39
-97
-161
-234
-310
-387
-467
-564
-674
-780
-881
-990
-1117
-1253
-1396
-1554
-1720
-1886
-2037
-2152
-2225
-2261
-2260
-2234
-2154
-2015
-1843
-1634
-1410
-1190
-969
-764
-578
-383
-203
-64
46
151
248
338
435
534
611
668
707
730
739
735
705
641
551
457
374
312
269
231
208
203
214
240
285
350
402
409
419
439
432
425
458
486
490
499
545
620
690
744
775
773
749
703
638
572
493
379
256
177
149
156
213
325
435
520
619
741
845
915
950
930
850
755
685
633
585
553
534
535
570
648
747
828
870
874
844
784
715
665
618
537
445
393
386
392
406
421
397
321
242
174
97
-9
-144
-315
-507
-665
-778
-885
-990
-1092
-1211
-1360
-1520
-1662
-1827
-2065
-2341
-2606
-2873
-3121
-3294
-3371
-3356
-3282
-3153
-2919
-2565
-2155
-1730
-1304
-917
-582
-277
5
251
455
620
732
821
944
1105
1254
1377
1477
1515
1468
1364
1218
1035
815
528
195
-92
-295
-454
-554
-560
-515
-465
-371
-212
-38
118
260
370
434
503
599
695
778
867
954
1017
1079
1154
1211
1208
1128
973
774
557
333
126
-30
-156
-268
-319
-245
-84
96
274
447
575
644
681
702
709
694
649
593
579
625
704
813
942
1048
1116
1174
1204
1169
1122
1090
995
843
776
820
826
795
846
927
917
877
889
869
758
607
442
240
50
-84
-214
-365
-476
-552
-674
-824
-953
-1114
-1381
-1725
-2100
-2512
-2974
-3443
-3855
-4186
-4437
-4575
-4542
-4354
-4072
-3698
-3214
-2659
-2088
-1496
-914
-418
-11
366
710
974
1190
1409
1581
1679
1764
1873
1956
1957
1861
1691
1456
1133
742
364
16
-367
-747
-986
-1088
-1164
-1169
-998
-773
-620
-402
-60
205
343
521
726
848
962
1158
1358
1514
1674
1840
1992
2128
2190
2127
1969
1739
1419
1040
659
253
-212
-669
-1033
-1286
-1408
-1369
-1217
-1042
-839
-545
-165
232
594
921
1181
1308
1357
1470
1614
1633
1572
1545
1465
1294
1232
1292
1230
1030
907
831
671
606
753
842
764
789
950
1031
1111
1324
1430
1284
1141
1112
1001
817
717
586
284
-11
-161
-320
-568
-813
-1108
-1560
-2075
-2536
-3001
-3540
-4140
-4751
-5283
-5642
-5799
-5738
-5451
-5038
-4582
-3966
-3095
-2126
-1208
-320
451
964
1365
1824
2171
2283
2329
2331
2142
1888
1773
1656
1349
946
527
8
-534
-978
-1405
-1812
-2064
-2274
-2477
-2325
-1808
-1385
-1029
-348
388
723
1038
1707
2187
2167
2212
2483
2517
2366
2422
2535
2435
2252
2099
1884
1606
1331
964
482
28
-409
-838
-1133
-1337
-1548
-1653
-1605
-1609
-1670
-1522
-1252
-1115
-845
-193
466
900
1378
1974
2439
2711
2902
2910
2596
2164
1730
1139
559
260
-44
-494
-626
-339
-67
188
693
1186
1394
1586
1874
1979
1993
2148
2159
1881
1764
1930
1919
1631
1460
1389
1029
459
58
-225
-702
-1351
-1927
-2381
-2873
-3452
-3967
-4392
-4911
-5537
-6013
-6210
-6283
-6233
-5814
-5091
-4340
-3439
-2200
-884
272
1374
2390
3030
3283
3430
3482
3259
2802
2307
1815
1218
571
85
-312
-880
-1565
-2142
-2611
-3075
-3417
-3506
-3436
-3247
-2836
-2162
-1215
-110
904
1791
2694
3442
3772
3906
4120
4061
3511
3001
2756
2367
1794
1404
1158
719
162
-205
-472
-797
-1083
-1304
-1501
-1622
-1597
-1409
-1096
-732
-373
-59
221
486
773
1185
1627
1869
1987
2192
2350
2309
2257
2256
1945
1210
527
110
-356
-852
-1056
-1120
-1267
-1157
-605
32
604
1299
1992
2369
2623
3098
3502
3489
3369
3338
3137
2808
2605
2383
1912
1317
732
58
-615
-1049
-1406
-1917
-2425
-2772
-3072
-3457
-3839
-4086
-4379
-4939
-5518
-5739
-5696
-5665
-5476
-4774
-3757
-2847
-1881
-587
677
1571
2247
2768
2934
2802
2638
2382
1857
1319
899
250
-510
-932
-1253
-1859
-2518
-2965
-3330
-3604
-3595
-3405
-3035
-2184
-1129
-335
611
2012
3066
3321
3552
3993
3779
2975
2586
2418
1702
908
615
343
-192
-605
-856
-1178
-1477
-1623
-1708
-1696
-1443
-1064
-614
40
743
1304
1815
2189
2220
2096
2005
1612
757
25
-356
-871
-1325
-1019
-244
197
282
504
876
1025
965
919
779
432
97
55
329
724
1146
1553
1795
2000
2512
3048
3127
2986
2963
2874
2601
2402
2451
2469
2139
1610
1169
882
622
183
-410
-850
-1094
-1399
-1732
-1790
-1729
-2067
-2719
-3167
-3427
-3933
-4690
-5271
-5569
-5813
-5866
-5319
-4196
-3030
-2153
-1283
-256
673
1446
2060
2347
2278
2021
1854
1790
1576
1334
1086
420
-463
-1008
-1388
-2034
-2786
-3254
-3491
-3664
-3510
-2810
-1781
-692
218
908
1769
2770
3233
3145
3156
3192
2694
1965
1765
1725
1113
398
54
-369
-969
-1399
-1645
-1867
-2050
-1965
-1532
-978
-357
414
1210
1837
2276
2662
2896
2668
2196
1960
1656
844
-41
-553
-986
-1583
-1929
-1626
-1024
-632
-475
-342
76
738
1223
1585
1949
1897
1540
1566
1860
1818
1580
1541
1423
1121
1375
2177
2432
2221
2482
2824
2619
2395
2499
2443
1786
948
596
492
324
230
88
-72
-145
-298
-401
-402
-628
-1139
-1822
-2539
-3119
-3603
-4203
-4972
-5630
-5882
-5901
-5723
-4929
-3763
-2932
-2321
-1493
-493
510
1371
1965
2225
2209
2188
2137
1948
1850
1560
633
-435
-1054
-1470
-2102
-2754
-3164
-3531
-3723
-3429
-2929
-2218
-1078
-115
341
1015
2147
3002
3201
3185
3245
2993
2368
1896
1516
923
301
-383
-1161
-1612
-1728
-1903
-2126
-2112
-1796
-1338
-693
153
928
1648
2292
2513
2531
2718
2640
2107
1615
1170
411
-529
-1349
-1984
-2341
-2278
-1798
-1028
-260
88
128
518
1258
1691
1792
1766
1390
924
1006
1360
1361
1250
1326
1220
1023
1465
2305
2508
2116
2054
2336
2317
2111
2143
2130
1686
1120
892
950
977
842
573
200
-146
-242
-119
-163
-540
-990
-1392
-1973
-2673
-3150
-3556
-4352
-5334
-5852
-5818
-5526
-4922
-3945
-2953
-2185
-1411
-432
647
1604
2208
2341
2236
2201
2209
2092
1841
1369
501
-563
-1389
-1912
-2365
-2913
-3531
-3966
-3910
-3428
-2762
-1859
-744
189
810
1466
2299
3005
3329
3304
3077
2738
2255
1629
1023
455
-333
-1321
-2008
-2212
-2322
-2419
-2173
-1672
-1165
-413
633
1444
1882
2322
2698
2714
2603
2590
2287
1470
603
111
-116
-249
-257
-237
-470
-977
-1359
-1227
-751
-466
-492
-472
-277
19
536
1211
1537
1387
1234
1240
1224
1353
1743
1930
1712
1662
2048
2379
2421
2438
2362
1993
1637
1575
1610
1587
1496
1179
710
538
704
749
551
430
413
185
-223
-460
-544
-931
-1702
-2441
-2978
-3558
-4266
-4928
-5471
-5837
-5726
-4981
-3924
-2882
-1825
-760
162
1091
2179
2976
3016
2602
2256
1986
1613
1168
644
-158
-1250
-2245
-2799
-3110
-3517
-3886
-3884
-3519
-2921
-2040
-924
195
1160
1967
2649
3235
3660
3712
3333
2764
2111
1259
370
-298
-1019
-2031
-2822
-3067
-3206
-3304
-2915
-2190
-1573
-828
370
1664
2601
3151
3489
3657
3509
3031
2529
2065
1267
124
-817
-1409
-1941
-2273
-2085
-1709
-1563
-1340
-784
-233
246
879
1276
1101
930
1150
1258
1062
979
956
663
357
464
854
1190
1431
1720
2086
2443
2705
2820
2753
2513
2064
1427
963
998
1178
963
608
612
708
465
229
338
326
-175
-702
-841
-907
-1241
-1742
-2336
-3116
-3970
-4688
-5254
-5629
-5592
-5029
-4122
-3117
-2027
-787
401
1283
2008
2718
3011
2659
2246
2217
2124
1520
705
-51
-929
-1897
-2580
-2962
-3356
-3736
-3808
-3498
-2893
-2009
-895
290
1321
2120
2880
3658
4062
3871
3460
3006
2186
1076
233
-360
-1271
-2449
-3211
-3397
-3463
-3517
-3198
-2418
-1503
-618
378
1532
2557
3159
3379
3435
3332
2892
2127
1259
446
-231
-650
-792
-800
-837
-1041
-1411
-1615
-1301
-700
-343
-275
-162
44
281
716
1274
1458
1134
753
613
683
974
1293
1288
1183
1419
1794
2083
2588
3067
2789
2095
1943
2108
1803
1261
1023
798
307
65
364
662
597
482
510
474
339
221
-25
-571
-1210
-1733
-2336
-3230
-4128
-4710
-5169
-5564
-5326
-4268
-3146
-2477
-1878
-926
301
1466
2244
2596
2702
2523
2049
1726
1751
1514
585
-575
-1423
-1979
-2394
-2696
-2975
-3209
-3132
-2656
-2004
-1225
-233
731
1384
1946
2741
3550
3841
3489
2935
2448
1691
523
-462
-1022
-1798
-2943
-3584
-3384
-3095
-3025
-2579
-1596
-638
136
1045
2007
2649
2914
2929
2766
2521
2144
1404
348
-607
-1200
-1511
-1624
-1488
-1174
-983
-1070
-1062
-519
336
915
1052
974
793
552
445
543
573
301
-181
-553
-466
123
741
992
1158
1582
2070
2437
2817
3072
2852
2267
1727
1372
1135
967
744
364
2
-82
78
251
380
566
682
540
320
259
146
-292
-870
-1377
-1987
-2835
-3736
-4536
-5257
-5736
-5613
-4772
-3577
-2485
-1584
-662
415
1573
2601
3243
3398
3204
2851
2443
2046
1586
821
-314
-1472
-2294
-2804
-3173
-3396
-3410
-3212
-2738
-1951
-970
86
1125
1968
2559
3120
3696
3967
3767
3269
2566
1592
499
-427
-1218
-2130
-3053
-3527
-3462
-3215
-2890
-2230
-1303
-472
248
1086
1912
2387
2487
2404
2200
1863
1407
814
134
-379
-521
-378
-174
-49
-89
-303
-521
-509
-209
120
111
-223
-449
-345
-118
33
105
36
-179
-292
-81
347
721
919
1031
1226
1565
1978
2329
2481
2398
2200
2028
1864
1654
1409
1082
618
186
84
248
313
255
255
222
114
29
-45
-184
-432
-819
-1414
-2242
-3133
-3957
-4628
-4837
-4417
-3570
-2610
-1812
-1230
-627
193
1134
1905
2345
2454
2257
1957
1755
1563
1123
294
-822
-1940
-2705
-2965
-2986
-3009
-2862
-2405
-1707
-804
170
963
1464
1806
2194
2716
3304
3660
3433
2739
1968
1175
289
-602
-1477
-2343
-3061
-3482
-3482
-3024
-2329
-1679
-1066
-284
666
1532
2210
2707
2888
2665
2101
1415
880
407
-247
-809
-853
-524
-278
-218
-174
-141
-159
-156
-130
-95
-12
-15
-182
-259
-122
-24
-98
-218
-321
-412
-427
-373
-296
-73
328
649
877
1349
1984
2284
2220
2224
2381
2321
1879
1375
1088
839
416
30
-65
-42
-128
-193
-85
71
103
22
-124
-292
-447
-652
-1114
-1917
-2847
-3618
-4121
-4240
-3757
-2800
-1936
-1460
-1053
-385
448
1143
1547
1759
1846
1676
1340
1242
1279
806
-229
-1223
-1942
-2481
-2708
-2621
-2514
-2347
-1792
-941
-129
630
1372
1873
2087
2375
2885
3237
3092
2578
1983
1367
591
-299
-1034
-1602
-2263
-2879
-2988
-2620
-2187
-1756
-1164
-410
471
1431
2303
2983
3399
3394
2971
2340
1582
652
-378
-1328
-1973
-2164
-2050
-1869
-1514
-812
-42
434
756
1190
1564
1591
1353
1056
714
316
-76
-442
-801
-1157
-1517
-1766
-1703
-1343
-900
-433
148
846
1551
2153
2568
2805
2902
2806
2457
1996
1571
1094
481
-87
-457
-753
-1044
-1121
-900
-584
-309
-1
326
533
582
537
355
-76
-810
-1791
-2826
-3631
-4013
-3937
-3414
-2572
-1744
-1228
-937
-497
282
1156
1719
1884
1879
1871
1809
1627
1308
717
-254
-1357
-2133
-2439
-2536
-2619
-2620
-2406
-1919
-1182
-324
452
1034
1475
1900
2359
2807
3118
3089
2582
1778
1006
342
-339
-1041
-1648
-2135
-2475
-2508
-2154
-1584
-1038
-546
22
750
1546
2216
2644
2798
2599
1985
1145
358
-276
-677
-690
-417
-174
-78
-65
-83
1
233
379
257
64
28
101
125
7
-286
-664
-913
-912
-691
-378
-170
-215
-367
-301
0
282
471
671
911
1193
1566
1981
2173
1948
1434
867
425
175
51
-40
-243
-543
-609
-326
0
142
172
199
223
264
302
110
-490
-1423
-2554
-3650
-4362
-4454
-3934
-3072
-2185
-1401
-788
-319
224
944
1609
1966
1998
1865
1758
1729
1560
941
-88
-1123
-1935
-2500
-2685
-2544
-2401
-2320
-2009
-1352
-563
131
722
1310
1930
2599
3234
3625
3625
3204
2420
1465
475
-454
-1177
-1751
-2265
-2462
-2204
-1799
-1472
-1096
-600
-79
535
1326
2143
2826
3270
3278
2870
2282
1470
326
-869
-1735
-2111
-1927
-1325
-780
-576
-447
-74
444
933
1349
1481
1179
751
528
455
299
-165
-919
-1542
-1691
-1422
-1002
-710
-628
-571
-305
204
797
1306
1619
1730
1846
2129
2382
2264
1745
1101
578
200
-78
-265
-403
-546
-619
-481
-186
15
-31
-228
-407
-490
-539
-759
-1331
-2173
-3004
-3612
-3828
-3434
-2489
-1526
-1005
-785
-467
45
584
1034
1336
1443
1405
1357
1314
1121
639
-153
-1119
-1941
-2304
-2286
-2213
-2182
-2061
-1797
-1381
-784
-106
508
1071
1634
2218
2880
3488
3647
3168
2351
1551
830
97
-619
-1186
-1554
-1801
-1925
-1820
-1517
-1179
-846
-406
228
1037
1848
2436
2737
2863
2795
2360
1572
658
-270
-1186
-1827
-1894
-1463
-853
-302
60
229
365
590
863
1141
1379
1418
1134
624
52
-589
-1356
-2108
-2499
-2324
-1785
-1230
-784
-371
47
444
862
1340
1764
1946
1932
1994
2205
2247
1839
1160
595
231
-88
-411
-684
-899
-1000
-888
-575
-183
119
142
-67
-159
14
115
-184
-863
-1800
-2913
-3936
-4415
-4098
-3180
-2185
-1533
-1184
-785
-177
536
1268
1858
2020
1872
1851
1916
1659
992
-11
-1263
-2276
-2608
-2578
-2612
-2579
-2318
-1947
-1435
-695
89
702
1186
1723
2439
3234
3830
3960
3561
2806
1982
1210
394
-448
-1114
-1551
-1891
-2094
-1976
-1636
-1345
-1050
-461
431
1340
2074
2607
2930
3032
2883
2450
1751
803
-325
-1374
-2011
-2066
-1537
-706
-155
-132
-215
7
467
1004
1523
1750
1500
1041
709
425
-90
-908
-1829
-2475
-2486
-1888
-1164
-730
-526
-287
92
569
1088
1581
1936
2088
2182
2407
2596
2354
1656
884
314
-71
-378
-625
-735
-718
-728
-787
-753
-678
-750
-882
-857
-735
-771
-1150
-1898
-2803
-3491
-3657
-3187
-2250
-1321
-852
-802
-681
-178
516
1008
1089
939
955
1193
1301
1048
507
-309
-1367
-2110
-2197
-2144
-2165
-2030
-1903
-1750
-1225
-460
130
409
700
1340
2171
2944
3565
3747
3301
2446
1623
1073
611
-38
-780
-1337
-1568
-1557
-1490
-1413
-1259
-983
-482
251
1097
1925
2422
2518
2531
2450
2107
1544
686
-348
-1167
-1574
-1436
-803
-127
111
-89
-205
127
684
1163
1457
1489
1305
1053
719
216
-511
-1356
-1986
-2124
-1792
-1348
-1185
-1165
-991
-676
-177
415
897
1407
1894
2088
2159
2299
2266
1768
987
464
321
193
-44
-299
-594
-916
-1148
-1148
-956
-854
-880
-740
-421
-145
-3
-144
-752
-1714
-2692
-3394
-3646
-3345
-2556
-1699
-1211
-1078
-1012
-749
-235
351
885
1350
1637
1718
1653
1415
923
23
-1143
-2014
-2329
-2255
-2083
-2060
-2023
-1730
-1340
-972
-509
141
953
1724
2445
3259
3880
3878
3315
2574
1935
1363
669
1
-369
-624
-999
-1316
-1390
-1364
-1421
-1395
-984
-214
640
1371
1861
2102
2160
2046
1780
1477
1265
1155
1048
896
699
341
-180
-568
-597
-379
-251
-359
-435
-288
-24
270
436
366
258
285
410
467
294
-55
-402
-653
-734
-638
-479
-360
-215
65
400
674
958
1293
1524
1487
1245
1033
992
1023
875
409
-187
-612
-785
-826
-833
-798
-782
-825
-741
-489
-368
-693
-1466
-2361
-3119
-3648
-3719
-3227
-2345
-1445
-1040
-1063
-945
-545
47
758
1331
1619
1646
1550
1450
1158
414
-712
-1764
-2285
-2332
-2199
-2013
-1899
-1887
-1813
-1536
-1037
-453
99
692
1366
2148
3064
3717
3640
3084
2487
1843
1176
686
313
-170
-760
-1215
-1383
-1401
-1474
-1485
-1172
-549
213
1049
1827
2270
2354
2335
2277
2025
1549
898
36
-786
-1039
-678
-227
11
106
79
23
204
615
948
1072
1066
1003
912
752
376
-235
-850
-1229
-1328
-1234
-1074
-959
-895
-764
-472
-97
269
631
956
1214
1444
1642
1696
1469
1049
723
549
390
267
195
50
-214
-461
-537
-500
-542
-658
-683
-550
-362
-283
-476
-1026
-1893
-2879
-3686
-3992
-3579
-2583
-1552
-973
-867
-960
-913
-516
132
760
1196
1387
1426
1421
1239
688
-161
-1101
-1853
-2104
-1887
-1673
-1803
-2123
-2248
-2071
-1728
-1221
-541
150
853
1730
2666
3297
3397
3051
2521
2116
1968
1847
1449
848
266
-285
-804
-1189
-1430
-1592
-1588
-1261
-631
102
703
1065
1301
1596
1985
2413
2792
2905
2547
1876
1251
808
469
225
9
-323
-620
-627
-511
-602
-811
-818
-547
-134
350
760
874
724
518
372
312
209
-100
-483
-641
-496
-266
-172
-128
-17
32
65
398
910
1135
962
722
672
697
637
501
228
-141
-333
-309
-293
-349
-349
-251
-174
-145
-86
-166
-625
-1335
-2072
-2840
-3565
-3911
-3593
-2733
-1825
-1257
-1089
-1091
-899
-350
484
1322
1735
1732
1718
1696
1365
643
-326
-1260
-1875
-1988
-1811
-1851
-2173
-2420
-2461
-2335
-1969
-1340
-687
-144
561
1547
2487
3010
2990
2700
2476
2244
1919
1631
1356
947
390
-212
-702
-1062
-1417
-1708
-1682
-1226
-488
243
812
1252
1528
1622
1693
1851
2054
2167
2080
1858
1590
1195
608
-13
-359
-278
22
200
92
-255
-636
-839
-778
-439
34
389
572
608
451
195
-17
-214
-412
-461
-298
-112
-36
32
98
24
-62
116
515
775
747
668
706
734
656
521
339
76
-82
1
128
94
-36
-166
-323
-454
-468
-515
-977
-1659
-2261
-2918
-3468
-3532
-2950
-2158
-1537
-1297
-1201
-979
-705
-22
602
943
1103
1129
1226
1161
986
416
-448
-1271
-1637
-1559
-1576
-1569
-1840
-2188
-2298
-2262
-1980
-1558
-933
-292
458
1408
2203
2649
2583
2478
2431
2204
2072
1906
1691
1212
579
128
-340
-777
-1127
-1161
-1048
-761
-205
216
647
990
1238
1563
1822
1955
1925
1807
1627
1464
1314
1072
814
445
164
51
158
380
303
153
-174
-456
-418
-371
-354
-331
-152
-138
-144
-55
-167
-328
-512
-399
-67
196
459
595
663
694
714
739
749
825
745
590
496
471
386
95
-96
-263
-428
-483
-413
-151
-35
-42
12
155
286
245
207
-17
-653
-1456
-2154
-2675
-3079
-3080
-2629
-2123
-1845
-1870
-1900
-1699
-1162
-406
242
737
1021
1199
1340
1341
1120
478
-244
-757
-958
-913
-1078
-1497
-2151
-2568
-2565
-2414
-2135
-1842
-1292
-580
226
1115
1728
1971
1892
2012
2340
2445
2408
2278
2107
1674
1095
603
11
-496
-898
-1021
-939
-872
-708
-526
-149
258
658
1163
1598
1949
2063
2107
2121
2050
2032
1939
1721
1299
848
533
216
-96
-553
-948
-1144
-1115
-965
-904
-750
-653
-530
-426
-359
-265
-206
123
442
654
735
680
540
249
248
449
491
372
394
544
370
15
-103
-71
-215
-367
-314
-334
-463
-364
-46
81
2
102
289
333
407
605
439
-211
-930
-1616
-2312
-3068
-3215
-2840
-2470
-2089
-2090
-2176
-2231
-1948
-1102
-284
489
935
1140
1380
1440
1295
881
393
-68
-253
-114
-242
-809
-1645
-2107
-2449
-2750
-2537
-2246
-1804
-1355
-466
456
813
1232
1474
1787
2091
2549
2903
2644
2462
2252
1866
1281
801
484
15
-279
-336
-458
-712
-715
-508
-445
-354
-1
426
700
1034
1472
1676
1749
1914
2100
2150
2235
2277
1985
1513
882
344
-192
-477
-585
-929
-1081
-1301
-1353
-1462
-1517
-1289
-1190
-689
-115
502
903
1000
1120
955
966
1079
1161
1189
1166
1194
887
414
89
-141
-411
-616
-573
-540
-689
-688
-431
-240
-252
-221
-72
9
141
459
644
354
-248
-895
-1620
-2369
-2755
-2586
-2196
-1938
-1840
-1893
-2082
-2158
-1835
-1208
-566
-6
505
917
1131
1167
886
333
-87
-112
129
166
-79
-541
-1187
-1747
-2064
-2144
-2144
-2006
-1641
-1151
-602
-27
377
524
744
1211
1684
1917
2136
2351
2291
2032
1754
1483
970
519
296
73
-204
-485
-531
-568
-533
-266
16
267
409
620
869
1048
1257
1436
1672
1856
1930
1968
1874
1645
1253
889
616
418
312
83
-291
-735
-1043
-1286
-1577
-1718
-1579
-1140
-737
-408
-123
34
104
235
633
1053
1273
1348
1361
1324
1203
966
530
58
-141
-120
-253
-532
-675
-725
-852
-897
-698
-547
-563
-433
-76
169
261
391
443
197
-316
-847
-1589
-2336
-2478
-2092
-1658
-1696
-1913
-2133
-2413
-2265
-1608
-814
-343
-54
384
659
611
453
328
89
-6
362
714
636
181
-290
-759
-1265
-1459
-1606
-1714
-1581
-1293
-955
-738
-472
-310
-333
-108
537
1222
1522
1704
2052
2215
1980
1817
1872
1648
1210
1060
1031
692
256
68
-83
-321
-403
-279
-252
-355
-235
173
695
995
1230
1521
1589
1703
1944
2163
2079
1805
1740
1585
1290
965
501
-126
-711
-953
-1035
-1197
-1402
-1445
-1266
-1002
-625
-423
-444
-391
-98
446
802
1062
1247
1185
1193
1298
1260
818
349
274
254
41
-202
-408
-731
-938
-798
-608
-696
-754
-472
-124
39
128
109
-303
-766
-1015
-1216
-1570
-1856
-1584
-1258
-1260
-1501
-1854
-2057
-2025
-1527
-843
-451
-250
-21
224
239
115
-8
-165
-244
-51
391
435
-7
-482
-874
-1128
-1356
-1354
-1263
-1277
-1035
-650
-401
-439
-522
-456
-315
68
682
1150
1281
1361
1505
1468
1251
1133
1130
1039
986
1103
1117
799
404
210
104
27
142
389
475
418
458
573
646
804
1135
1382
1418
1470
1659
1752
1615
1435
1319
1169
983
832
560
55
-481
-829
-1055
-1217
-1168
-1042
-1026
-999
-838
-720
-676
-460
-51
400
683
903
1101
1026
846
747
639
373
132
97
1
-292
-592
-752
-910
-1070
-953
-669
-508
-439
-258
-3
87
108
171
105
-111
-320
-444
-634
-912
-1031
-1061
-1250
-1581
-1851
-2002
-2015
-1763
-1431
-1224
-1147
-1121
-979
-827
-711
-497
-288
-125
125
419
483
226
-112
-294
-309
-354
-380
-368
-503
-610
-575
-600
-761
-941
-877
-564
-252
22
237
281
260
405
699
966
1116
1240
1378
1467
1523
1494
1402
1293
1252
1320
1314
1223
1031
781
585
493
550
631
657
661
775
919
1026
1189
1282
1290
1287
1310
1338
1244
1012
758
539
292
45
-141
-286
-436
-522
-534
-582
-685
-741
-716
-640
-448
-177
28
128
197
293
296
237
212
186
147
60
-67
-243
-434
-532
-551
-448
-288
-164
-38
88
238
304
319
298
200
104
-1
-106
-292
-529
-755
-987
-1197
-1384
-1524
-1647
-1700
-1661
-1581
-1508
-1493
-1507
-1472
-1330
-1163
-975
-825
-707
-502
-323
-184
-100
-181
-333
-413
-436
-392
-299
-292
-380
-505
-606
-614
-655
-728
-663
-526
-379
-170
0
79
138
178
330
636
912
1143
1331
1406
1398
1365
1288
1215
1195
1185
1241
1228
1138
1102
996
883
855
915
1004
1058
1172
1361
1514
1465
1339
1332
1256
1170
1157
1090
911
620
390
222
27
-141
-224
-304
-459
-594
-714
-816
-837
-766
-654
-552
-443
-313
-195
-165
-112
-49
-51
-10
39
48
-27
-156
-249
-354
-399
-323
-219
-178
-210
-201
-161
-111
-26
39
20
-119
-189
-177
-297
-497
-611
-710
-915
-1143
-1277
-1378
-1537
-1589
-1421
-1291
-1368
-1467
-1493
-1546
-1523
-1329
-1056
-921
-883
-718
-539
-493
-517
-449
-382
-344
-137
93
167
45
-126
-188
-235
-227
-146
-88
-97
-114
-30
6
-58
-122
-98
95
366
697
960
1043
1061
1102
1224
1353
1437
1518
1609
1624
1526
1414
1279
1101
982
986
1021
983
901
919
1035
1121
1162
1137
1099
1131
1208
1220
1144
973
706
504
366
271
180
10
-122
-214
-305
-389
-496
-595
-662
-663
-556
-388
-265
-225
-216
-193
-165
-139
-78
-13
8
6
1
-44
-148
-221
-181
-76
19
90
127
113
89
103
97
-13
-166
-256
-308
-403
-527
-653
-830
-1059
-1231
-1294
-1327
-1394
-1425
-1371
-1296
-1279
-1325
-1393
-1431
-1394
-1277
-1132
-1017
-950
-892
-806
-710
-663
-689
-709
-620
-434
-249
-176
-228
-311
-314
-232
-130
-59
-14
16
67
175
251
224
142
129
254
436
602
758
843
892
967
1030
1105
1162
1195
1332
1473
1514
1533
1458
1298
1177
1109
1110
1128
1100
1128
1161
1087
986
903
823
810
842
863
837
709
526
378
236
107
45
-17
-77
-87
-141
-280
-433
-573
-634
-605
-568
-507
-438
-421
-386
-347
-387
-408
-365
-317
-238
-145
-88
-67
-92
-90
6
58
31
68
147
163
142
86
-34
-190
-354
-446
-508
-660
-785
-827
-960
-1147
-1279
-1369
-1390
-1373
-1291
-1145
-1124
-1169
-1136
-1136
-1164
-1137
-1077
-997
-942
-887
-782
-710
-713
-749
-788
-767
-644
-461
-315
-253
-223
-178
-114
-34
41
67
56
95
223
348
380
347
328
353
403
475
584
696
775
854
969
1050
1039
1014
1058
1133
1206
1309
1383
1358
1266
1181
1125
1092
1094
1096
1064
1043
1058
1050
976
878
816
777
745
735
697
586
453
347
276
213
114
43
19
-48
-87
-111
-194
-296
-349
-299
-243
-204
-141
-95
-101
-138
-124
-103
-114
-89
-29
19
46
103
150
125
65
27
6
-2
23
40
-16
-151
-312
-464
-613
-746
-838
-877
-924
-1018
-1121
-1237
-1340
-1391
-1353
-1270
-1214
-1166
-1160
-1135
-1099
-1096
-1049
-1032
-1047
-977
-835
-736
-714
-747
-789
-800
-786
-690
-534
-469
-445
-341
-185
-60
-8
-5
20
89
212
381
484
473
445
448
487
575
673
748
821
909
1016
1100
1116
1123
1155
1152
1179
1285
1333
1266
1182
1109
1009
878
791
825
892
908
892
819
676
574
573
600
579
523
474
442
401
331
231
61
-108
-115
-34
-13
-41
-132
-284
-395
-436
-429
-408
-429
-405
-303
-228
-227
-288
-366
-371
-294
-178
-67
-28
-27
36
126
176
175
129
102
142
208
259
209
20
-170
-285
-415
-597
-794
-934
-975
-1013
-1095
-1181
-1329
-1471
-1426
-1266
-1148
-1108
-1115
-1113
-1073
-997
-901
-884
-951
-944
-838
-743
-694
-716
-826
-938
-939
-814
-678
-639
-626
-559
-480
-385
-244
-143
-122
-80
68
253
363
408
445
471
514
622
758
842
896
1012
1155
1221
1216
1238
1301
1351
1404
1477
1495
1418
1336
1291
1203
1082
1025
1018
1001
1010
1040
979
823
734
775
819
810
782
742
662
567
544
519
345
148
85
81
73
60
-27
-220
-416
-477
-437
-453
-508
-496
-429
-357
-281
-241
-300
-392
-363
-209
-66
0
24
48
94
161
194
126
17
-10
41
71
22
-76
-202
-351
-454
-528
-697
-910
-992
-956
-938
-1004
-1145
-1274
-1307
-1225
-1047
-941
-1004
-1061
-1006
-925
-824
-749
-798
-876
-832
-682
-583
-630
-734
-791
-807
-744
-604
-552
-629
-691
-633
-478
-351
-300
-252
-191
-100
69
211
230
231
321
487
654
761
785
769
815
936
1030
1052
1039
1083
1186
1260
1293
1291
1232
1191
1201
1214
1213
1168
1093
1060
1067
1062
1013
922
838
808
807
774
695
598
519
464
411
317
173
53
-9
-35
-27
-35
-123
-242
-336
-384
-403
-437
-459
-432
-387
-328
-285
-315
-394
-437
-414
-338
-239
-159
-120
-92
-36
16
2
-61
-112
-117
-81
-26
-3
-69
-216
-363
-471
-596
-756
-917
-1004
-1006
-1014
-1064
-1143
-1249
-1289
-1212
-1080
-977
-978
-1037
-999
-894
-814
-784
-829
-878
-834
-732
-628
-605
-709
-799
-761
-646
-522
-469
-513
-519
-411
-250
-108
-50
-50
-4
103
227
325
340
314
365
494
651
741
732
754
844
943
1062
1141
1141
1157
1213
1300
1362
1326
1255
1201
1180
1216
1218
1121
1018
976
979
974
931
852
757
704
706
725
708
607
491
429
372
304
230
122
26
-6
14
2
-95
-202
-282
-348
-347
-304
-286
-276
-246
-185
-136
-162
-207
-236
-240
-168
-63
-7
16
35
63
79
60
16
-31
-46
-29
-1
-15
-132
-300
-435
-577
-722
-825
-904
-967
-1008
-1028
-1054
-1139
-1232
-1213
-1120
-1052
-1001
-952
-928
-898
-818
-740
-742
-797
-790
-717
-671
-668
-683
-731
-780
-754
-657
-605
-637
-646
-575
-456
-316
-187
-90
-23
60
213
372
449
470
514
607
726
830
881
863
843
893
983
1071
1120
1119
1133
1199
1245
1231
1175
1105
1056
1040
1041
1055
1016
914
845
813
761
697
633
600
580
543
528
487
361
245
195
141
65
-16
-77
-117
-151
-187
-240
-342
-446
-481
-467
-454
-450
-454
-456
-431
-368
-320
-328
-344
-304
-224
-133
-35
52
83
83
119
160
152
117
80
38
12
-9
-58
-160
-303
-443
-595
-750
-842
-888
-952
-1004
-1022
-1063
-1125
-1145
-1100
-1025
-970
-941
-909
-867
-827
-766
-701
-700
-744
-751
-710
-662
-664
-702
-730
-730
-685
-605
-565
-580
-576
-498
-368
-246
-167
-103
-19
105
266
395
446
469
522
633
770
871
931
954
961
1020
1101
1135
1147
1156
1167
1224
1308
1335
1282
1191
1125
1086
1062
1048
1021
960
903
887
881
822
713
634
604
588
586
560
469
342
253
221
181
84
-13
-62
-92
-117
-125
-163
-255
-332
-335
-309
-319
-339
-317
-274
-251
-242
-242
-266
-275
-206
-102
-47
-34
3
38
34
27
28
-16
-95
-105
-63
-112
-264
-407
-538
-691
-816
-876
-918
-999
-1080
-1114
-1142
-1190
-1187
-1122
-1057
-1001
-903
-810
-779
-730
-636
-591
-598
-592
-536
-478
-483
-503
-522
-588
-641
-613
-558
-548
-571
-534
-421
-322
-231
-117
-43
11
131
295
409
476
545
621
667
721
826
896
890
911
997
1049
1041
1046
1075
1071
1041
1069
1131
1114
1042
983
927
860
826
821
792
712
632
610
602
558
502
441
362
331
377
399
321
221
160
102
51
31
18
-53
-164
-204
-201
-266
-348
-377
-393
-418
-422
-379
-354
-377
-364
-309
-292
-280
-215
-147
-116
-77
-7
39
12
-20
-6
-11
-65
-106
-142
-230
-363
-481
-592
-739
-898
-994
-1047
-1108
-1160
-1183
-1213
-1236
-1207
-1129
-1057
-997
-932
-878
-825
-721
-596
-525
-509
-487
-441
-406
-406
-422
-448
-506
-528
-475
-427
-439
-465
-444
-368
-263
-158
-65
16
99
232
397
514
571
622
678
745
834
924
974
997
1028
1088
1129
1112
1094
1103
1102
1118
1158
1157
1111
1047
977
923
859
786
741
707
668
641
608
561
512
462
440
439
411
382
378
353
303
271
234
166
92
47
36
14
-37
-92
-139
-181
-222
-260
-287
-306
-313
-295
-256
-234
-236
-241
-223
-186
-146
-99
-55
-38
-34
-35
-46
-69
-107
-146
-183
-238
-318
-416
-545
-701
-835
-927
-981
-1036
-1103
-1160
-1189
-1198
-1174
-1106
-1047
-999
-933
-830
-719
-634
-531
-473
-453
-422
-367
-301
-324
-369
-382
-416
-470
-489
-479
-483
-492
-465
-395
-331
-275
-171
-53
28
105
224
357
472
581
669
722
755
813
881
938
981
1015
1038
1054
1067
1066
1025
990
992
1013
1044
1044
973
869
774
714
699
675
606
525
460
422
419
409
347
270
229
239
267
275
255
206
145
116
102
50
-21
-73
-105
-115
-141
-204
-271
-334
-366
-360
-374
-403
-380
-334
-305
-282
-271
-281
-292
-256
-160
-100
-122
-151
-151
-150
-153
-176
-233
-319
-411
-456
-505
-623
-752
-849
-920
-951
-971
-1015
-1074
-1118
-1096
-1022
-976
-947
-887
-799
-712
-628
-542
-486
-461
-412
-330
-275
-271
-285
-290
-299
-306
-315
-361
-405
-412
-400
-359
-292
-244
-197
-116
-26
54
137
241
378
507
610
705
759
785
846
925
982
1023
1053
1088
1112
1105
1094
1070
1015
976
986
1006
972
913
879
839
763
707
683
644
582
547
539
512
464
418
388
361
319
293
301
293
265
246
208
141
86
53
29
0
-35
-54
-70
-120
-176
-218
-266
-302
-309
-293
-282
-300
-305
-297
-307
-300
-261
-247
-253
-243
-224
-217
-231
-252
-277
-332
-405
-476
-556
-678
-796
-844
-884
-931
-973
-1028
-1072
-1120
-1118
-1059
-1029
-992
-919
-822
-716
-614
-516
-446
-395
-325
-220
-152
-144
-146
-151
-159
-191
-211
-246
-306
-353
-358
-311
-285
-269
-229
-176
-96
1
103
214
321
422
540
649
722
774
821
873
933
998
1051
1072
1075
1077
1069
1042
994
938
893
858
819
767
701
630
572
538
512
484
424
360
312
287
296
283
261
226
188
174
166
177
174
133
87
65
38
-7
-53
-102
-145
-177
-194
-213
-251
-311
-352
-372
-392
-376
-355
-339
-313
-285
-260
-265
-271
-244
-215
-213
-209
-189
-203
-235
-240
-256
-300
-361
-424
-484
-569
-673
-743
-801
-872
-924
-960
-1010
-1046
-1051
-1025
-972
-953
-913
-833
-756
-655
-552
-479
-407
-338
-275
-198
-149
-150
-150
-151
-157
-160
-194
-250
-290
-313
-301
-253
-211
-177
-127
-62
11
96
189
287
392
511
638
738
803
857
912
956
992
1034
1072
1091
1096
1093
1074
1039
1010
992
966
936
922
906
872
842
823
791
735
682
638
599
566
539
502
456
414
382
343
306
277
241
216
207
167
106
56
13
-29
-58
-84
-118
-166
-191
-175
-194
-254
-283
-276
-281
-304
-320
-341
-387
-422
-405
-392
-454
-505
-499
-517
-547
-565
-596
-666
-748
-763
-790
-876
-959
-1010
-1013
-1016
-1014
-1022
-1066
-1098
-1065
-978
-939
-926
-889
-833
-751
-651
-558
-492
-440
-371
-255
-150
-103
-84
-63
-36
-3
15
8
-13
-62
-82
-55
-38
-21
-4
60
145
202
250
302
368
449
566
677
735
765
812
882
931
947
961
991
1004
1005
1008
976
903
855
860
842
800
763
725
693
670
681
662
577
513
496
472
431
393
352
311
281
261
239
187
130
111
101
73
46
9
-56
-117
-140
-157
-195
-228
-232
-225
-229
-237
-250
-275
-298
-296
-282
-294
-325
-338
-337
-355
-397
-434
-472
-514
-546
-562
-595
-664
-744
-822
-910
-995
-1044
-1062
-1088
-1116
-1116
-1110
-1126
-1125
-1079
-1036
-1028
-1003
-929
-840
-764
-691
-631
-579
-511
-410
-301
-219
-165
-107
-55
-21
7
18
16
26
48
80
115
138
174
222
261
309
374
437
487
558
641
713
785
852
938
1007
1035
1079
1117
1145
1172
1192
1193
1151
1118
1105
1073
1029
959
903
872
824
803
772
710
661
627
620
601
537
482
459
446
423
389
341
291
256
232
202
145
82
35
6
-28
-78
-136
-216
-292
-321
-329
-349
-383
-407
-401
-388
-395
-392
-396
-417
-412
-378
-370
-407
-452
-475
-506
-541
-581
-638
-714
-793
-859
-930
-1037
-1131
-1188
-1231
-1246
-1252
-1270
-1270
-1241
-1185
-1121
-1091
-1056
-990
-918
-821
-714
-629
-568
-498
-400
-311
-260
-213
-154
-96
-37
27
69
68
66
107
160
185
197
227
280
344
418
473
488
502
563
657
738
777
809
862
916
978
1042
1060
1062
1089
1129
1154
1158
1143
1117
1085
1060
1032
965
879
814
778
755
717
661
601
550
515
495
465
398
319
269
248
219
172
113
64
31
13
-8
-55
-106
-141
-177
-211
-249
-314
-380
-422
-424
-426
-468
-481
-479
-491
-496
-493
-497
-510
-486
-450
-449
-481
-510
-529
-559
-586
-611
-659
-733
-803
-859
-927
-1033
-1127
-1158
-1194
-1216
-1213
-1234
-1245
-1228
-1180
-1119
-1083
-1034
-959
-878
-799
-707
-604
-554
-508
-407
-307
-232
-177
-115
-38
23
82
129
150
155
184
240
283
338
388
424
479
544
606
652
699
774
853
907
965
1013
1044
1076
1104
1135
1168
1191
1212
1231
1247
1250
1229
1200
1166
1130
1104
1064
1005
945
886
832
784
730
682
645
595
541
501
458
400
344
300
258
223
195
160
119
83
44
-3
-54
-95
-131
-171
-221
-273
-318
-363
-415
-456
-486
-516
-531
-527
-525
-539
-546
-549
-566
-589
-608
-630
-669
-707
-731
-760
-821
-901
-969
-1028
-1095
-1162
-1218
-1266
-1302
-1324
-1336
-1349
-1356
-1341
-1291
-1240
-1189
-1126
-1056
-976
-889
-816
-750
-676
-600
-507
-403
-331
-272
-198
-122
-40
32
76
111
151
207
286
346
389
452
528
599
650
698
763
816
876
960
1015
1043
1079
1132
1177
1183
1180
1203
1217
1227
1247
1262
1258
1249
1246
1228
1178
1126
1094
1053
997
941
895
837
766
699
638
571
507
467
429
373
325
286
229
146
80
37
-21
-91
-128
-147
-183
-230
-263
-302
-359
-399
-409
-447
-503
-534
-560
-590
-618
-639
-651
-669
-671
-639
-626
-648
-662
-667
-697
-738
-766
-792
-837
-889
-934
-995
-1075
-1136
-1178
-1220
-1255
-1284
-1295
-1293
-1295
-1277
-1237
-1203
-1161
-1098
-1032
-967
-886
-790
-704
-619
-541
-478
-407
-334
-280
-216
-147
-95
-35
43
109
156
203
268
336
406
482
561
644
727
795
863
924
977
1038
1100
1153
1202
1236
1263
1288
1309
1323
1329
1325
1324
1330
1339
1334
1312
1292
1272
1234
1189
1145
1101
1048
999
960
910
845
781
725
659
585
522
464
390
331
284
230
163
89
18
-30
-68
-110
-159
-212
-263
-294
-329
-378
-431
-488
-527
-544
-571
-603
-636
-675
-683
-687
-708
-728
-756
-775
-768
-781
-814
-850
-894
-928
-959
-999
-1057
-1125
-1181
-1211
-1240
-1278
-1309
-1330
-1341
-1336
-1310
-1285
-1276
-1252
-1193
-1125
-1068
-1012
-932
-833
-743
-662
-582
-503
-424
-341
-257
-182
-127
-83
-15
58
108
153
206
277
358
425
491
565
635
713
804
884
945
1005
1071
1134
1186
1224
1252
1274
1296
1311
1320
1320
1315
1316
1323
1314
1293
1271
1247
1220
1203
1181
1133
1073
1023
977
927
880
827
766
701
638
571
507
439
364
297
236
171
112
52
-22
-80
-130
-193
-253
-306
-359
-402
-429
-461
-518
-577
-617
-644
-672
-692
-715
-741
-760
-766
-762
-767
-789
-820
-844
-860
-880
-905
-939
-981
-1016
-1045
-1094
-1151
-1188
-1213
-1226
-1242
-1248
-1254
-1260
-1228
-1193
-1166
-1136
-1092
-1017
-956
-894
-822
-773
-718
-657
-574
-489
-431
-358
-269
-180
-104
-42
16
65
125
200
272
324
377
448
525
600
664
725
794
871
945
1020
1089
1137
1177
1231
1280
1303
1320
1350
1390
1436
1465
1467
1448
1433
1434
1426
1392
1341
1291
1247
1204
1152
1094
1027
959
906
866
809
729
647
585
544
487
419
348
266
202
141
97
31
-65
-139
-195
-240
-314
-406
-483
-539
-571
-608
-658
-713
-756
-777
-779
-790
-820
-846
-858
-860
-860
-876
-919
-967
-984
-987
-1006
-1051
-1109
-1165
-1208
-1231
-1265
-1299
-1328
-1349
-1333
-1313
-1294
-1287
-1267
-1208
-1155
-1095
-1038
-981
-922
-846
-752
-677
-626
-568
-496
-428
-355
-288
-237
-189
-127
-55
14
86
144
215
293
353
420
486
562
643
714
786
862
928
987
1040
1093
1151
1205
1260
1321
1372
1412
1451
1472
1489
1509
1507
1505
1495
1463
1431
1392
1353
1310
1268
1224
1167
1114
1057
996
930
861
794
719
643
565
503
444
373
292
217
158
104
43
-28
-101
-174
-240
-302
-370
-450
-539
-612
-665
-717
-784
-860
-923
-959
-979
-999
-1028
-1057
-1075
-1083
-1086
-1096
-1111
-1126
-1134
-1134
-1142
-1166
-1200
-1225
-1243
-1259
-1270
-1281
-1296
-1303
-1283
-1249
-1213
-1178
-1136
-1083
-1016
-939
-863
-789
-718
-645
-561
-474
-399
-330
-255
-177
-112
-55
4
59
100
143
202
262
307
349
413
488
554
624
693
767
840
909
989
1050
1115
1174
1226
1282
1318
1354
1380
1402
1424
1436
1451
1454
1447
1440
1432
1412
1388
1364
1331
1286
1240
1197
1153
1098
1035
976
921
854
776
707
633
548
466
392
312
223
145
74
-4
-85
-158
-230
-307
-385
-457
-531
-615
-690
-755
-823
-895
-955
-1004
-1047
-1091
-1127
-1152
-1178
-1198
-1222
-1244
-1259
-1274
-1277
-1286
-1294
-1295
-1304
-1305
-1303
-1293
-1284
-1278
-1267
-1252
-1232
-1207
-1176
-1141
-1100
-1046
-979
-905
-835
-768
-704
-619
-520
-427
-348
-266
-180
-99
-26
52
127
183
231
293
355
405
447
490
547
604
662
723
773
828
893
947
1004
1065
1099
1136
1180
1220
1263
1294
1310
1334
1362
1383
1390
1385
1379
1368
1350
1330
1302
1274
1229
1183
1150
1101
1044
996
938
884
833
773
713
648
587
541
491
426
345
260
188
107
29
-41
-137
-231
-316
-403
-484
-569
-654
-732
-796
-858
-933
-987
-1038
-1099
-1138
-1175
-1207
-1245
-1284
-1301
-1319
-1339
-1358
-1382
-1405
-1418
-1432
-1438
-1434
-1435
-1421
-1398
-1375
-1354
-1320
-1286
-1242
-1177
-1120
-1049
-978
-908
-822
-740
-648
-564
-479
-397
-320
-231
-152
-71
6
76
148
220
304
374
441
510
564
617
668
725
781
829
877
924
978
1033
1078
1114
1163
1209
1257
1296
1318
1350
1361
1385
1409
1418
1417
1388
1374
1361
1338
1307
1264
1219
1176
1144
1110
1068
1007
943
895
841
786
711
634
580
517
452
373
295
226
148
82
12
-63
-140
-230
-313
-389
-464
-550
-636
-708
-782
-870
-947
-1014
-1079
-1133
-1185
-1230
-1275
-1316
-1347
-1379
-1405
-1431
-1453
-1458
-1465
-1470
-1471
-1460
-1433
-1401
-1364
-1326
-1295
-1257
-1214
-1168
-1123
-1072
-1011
-943
-867
-790
-720
-644
-562
-477
-383
-289
-208
-121
-33
50
139
226
299
367
442
519
606
684
749
803
858
930
989
1038
1091
1136
1182
1223
1263
1280
1288
1308
1332
1348
1346
1329
1319
1320
1322
1317
1301
1269
1236
1213
1192
1156
1100
1040
980
941
903
836
761
685
639
587
515
443
359
292
230
167
109
29
-54
-129
-192
-253
-326
-408
-490
-555
-619
-692
-756
-832
-887
-933
-989
-1036
-1088
-1147
-1190
-1212
-1228
-1256
-1298
-1334
-1363
-1374
-1376
-1384
-1394
-1404
-1399
-1376
-1353
-1341
-1310
-1261
-1210
-1158
-1114
-1060
-996
-925
-842
-773
-703
-638
-574
-492
-414
-343
-261
-181
-105
-27
54
132
204
274
360
451
532
600
664
735
804
872
937
999
1063
1122
1172
1214
1252
1281
1303
1326
1347
1357
1351
1358
1359
1354
1335
1308
1299
1268
1233
1198
1160
1122
1060
1010
967
913
849
791
730
671
607
527
468
403
338
281
214
149
70
-3
-67
-138
-211
-296
-368
-414
-487
-553
-600
-669
-720
-773
-823
-864
-920
-967
-1011
-1046
-1084
-1122
-1155
-1176
-1195
-1216
-1224
-1239
-1241
-1240
-1227
-1209
-1200
-1170
-1150
-1123
-1081
-1055
-1019
-976
-930
-874
-817
-767
-719
-667
-603
-533
-461
-385
-320
-251
-167
-102
-32
51
125
194
268
349
425
498
560
638
713
768
835
888
944
1001
1051
1095
1130
1166
1179
1204
1238
1252
1266
1277
1274
1275
1263
1239
1219
1190
1155
1118
1074
1031
975
917
859
805
752
687
620
552
489
423
347
269
190
114
37
-42
-121
-201
-277
-345
-414
-476
-536
-601
-656
-711
-763
-807
-857
-897
-925
-955
-986
-1026
-1068
-1094
-1103
-1109
-1119
-1132
-1149
-1154
-1143
-1135
-1123
-1108
-1092
-1066
-1033
-998
-969
-933
-891
-851
-798
-747
-696
-642
-592
-535
-480
-424
-373
-320
-242
-173
-98
-29
29
99
161
227
290
346
409
471
536
595
645
699
756
807
857
900
942
987
1028
1065
1097
1128
1149
1168
1175
1176
1182
1184
1191
1194
1188
1173
1149
1124
1093
1059
1021
975
928
876
822
762
699
638
572
505
441
375
299
218
143
73
4
-76
-159
-233
-298
-360
-429
-504
-577
-642
-704
-754
-814
-875
-926
-968
-989
-1036
-1085
-1118
-1143
-1146
-1165
-1185
-1184
-1184
-1174
-1157
-1148
-1125
-1110
-1077
-1029
-1001
-964
-928
-886
-826
-771
-713
-673
-632
-573
-501
-431
-371
-321
-257
-193
-131
-69
-6
50
104
167
241
301
348
395
456
522
579
623
661
703
753
807
844
872
897
925
960
984
1003
1003
1005
1020
1031
1041
1036
1024
1009
1004
1006
995
968
937
908
886
861
822
773
725
681
637
581
521
462
408
355
295
233
167
91
22
-45
-109
-179
-266
-341
-404
-468
-527
-602
-669
-734
-799
-847
-904
-953
-996
-1033
-1055
-1086
-1118
-1147
-1169
-1178
-1181
-1181
-1178
-1175
-1169
-1150
-1119
-1087
-1064
-1042
-1009
-963
-913
-864
-812
-750
-678
-611
-549
-484
-414
-337
-260
-188
-118
-52
9
81
151
225
295
356
428
488
548
610
653
707
754
801
854
882
918
954
988
1026
1044
1061
1078
1091
1106
1110
1107
1110
1108
1104
1097
1077
1063
1042
1016
985
940
894
846
796
746
697
644
596
543
482
428
370
317
266
207
155
97
33
-30
-92
-151
-207
-273
-331
-392
-463
-518
-582
-631
-682
-739
-781
-830
-872
-916
-965
-998
-1026
-1055
-1086
-1114
-1131
-1145
-1159
-1162
-1165
-1166
-1162
-1142
-1113
-1086
-1063
-1035
-996
-956
-909
-855
-811
-763
-710
-644
-579
-517
-449
-380
-311
-234
-162
-94
-21
45
118
190
258
331
385
454
521
574
634
686
744
797
850
897
934
965
996
1030
1057
1078
1083
1090
1107
1103
1102
1099
1088
1078
1055
1040
1021
993
970
935
908
879
832
786
738
693
652
599
545
489
433
377
325
270
207
140
84
26
-41
-100
-155
-212
-268
-327
-394
-454
-501
-557
-617
-664
-706
-754
-800
-830
-872
-916
-955
-988
-1012
-1039
-1065
-1093
-1116
-1130
-1137
-1138
-1139
-1140
-1133
-1120
-1104
-1085
-1062
-1033
-997
-956
-912
-868
-819
-768
-708
-648
-587
-527
-465
-398
-325
-256
-183
-105
-26
46
119
195
278
361
445
526
598
659
725
796
863
922
976
1031
1077
1116
1150
1180
1206
1229
1247
1266
1279
1283
1278
1266
1252
1239
1219
1192
1160
1123
1080
1035
989
935
878
824
770
706
641
571
500
436
370
297
214
133
58
-16
-93
-161
-230
-303
-372
-440
-511
-582
-650
-715
-776
-829
-882
-938
-988
-1032
-1073
-1111
-1146
-1175
-1196
-1216
-1232
-1244
-1251
-1251
-1252
-1248
-1229
-1208
-1194
-1174
-1146
-1116
-1085
-1046
-999
-954
-910
-852
-792
-739
-683
-610
-538
-473
-404
-330
-252
-180
-109
-32
37
110
187
264
349
425
495
566
635
702
765
826
880
934
986
1030
1079
1115
1149
1183
1211
1238
1258
1266
1276
1280
1277
1273
1257
1245
1224
1199
1168
1135
1088
1038
995
933
879
815
747
692
619
544
467
392
316
231
157
74
4
-71
-157
-225
-312
-392
-453
-529
-589
-656
-720
-762
-812
-862
-909
-960
-1003
-1044
-1076
-1098
-1124
-1147
-1164
-1171
-1174
-1180
-1172
-1169
-1158
-1139
-1121
-1088
-1059
-1033
-994
-952
-907
-868
-824
-772
-722
-663
-602
-548
-486
-437
-376
-308
-248
-182
-122
-50
11
79
149
210
287
342
400
467
524
587
641
689
743
798
837
875
917
952
985
1008
1029
1051
1069
1085
1097
1105
1107
1104
1099
1090
1066
1040
1027
1009
979
945
914
874
828
782
740
689
633
578
515
441
369
304
239
176
107
35
-30
-99
-171
-245
-313
-372
-438
-511
-568
-624
-686
-745
-798
-846
-888
-932
-968
-1000
-1031
-1058
-1082
-1102
-1111
-1119
-1123
-1121
-1114
-1112
-1106
-1089
-1063
-1037
-1005
-967
-931
-888
-842
-796
-744
-691
-639
-582
-529
-480
-412
-344
-280
-210
-137
-66
6
73
136
202
265
330
396
459
520
574
625
672
715
758
801
842
880
908
929
951
964
974
985
981
983
999
998
992
989
975
961
950
930
900
867
829
800
773
736
693
652
609
562
511
455
403
347
290
237
185
121
59
1
-60
-117
-172
-228
-281
-336
-396
-450
-498
-548
-596
-638
-676
-719
-762
-799
-828
-859
-882
-896
-914
-930
-934
-937
-946
-948
-943
-935
-932
-922
-907
-885
-859
-831
-801
-767
-731
-695
-654
-619
-581
-534
-485
-427
-363
-307
-258
-203
-144
-86
-33
25
83
134
193
255
304
356
412
459
500
545
593
637
675
707
741
775
799
818
843
856
869
884
886
889
892
882
881
873
849
836
822
790
765
749
719
678
634
601
569
530
483
438
403
363
312
266
219
164
108
60
16
-31
-83
-135
-176
-213
-261
-310
-350
-390
-438
-482
-519
-564
-603
-637
-672
-706
-737
-758
-778
-796
-818
-832
-836
-841
-845
-843
-839
-839
-834
-813
-799
-783
-760
-738
-710
-681
-649
-609
-574
-529
-490
-457
-405
-363
-314
-274
-231
-171
-127
-79
-30
24
81
127
174
217
266
321
365
407
454
507
546
582
624
651
676
700
725
745
768
796
817
833
843
848
854
853
844
832
819
799
784
765
739
706
674
647
612
576
535
493
454
409
358
309
267
226
177
128
90
46
3
-50
-97
-135
-182
-231
-271
-308
-347
-393
-424
-451
-483
-505
-540
-564
-601
-615
-638
-658
-681
-682
-694
-710
-712
-712
-710
-706
-701
-692
-688
-681
-668
-640
-630
-615
-579
-563
-536
-505
-475
-435
-409
-367
-328
-295
-254
-219
-175
-137
-102
-60
-15
31
61
103
149
183
223
251
283
321
344
369
407
433
455
490
513
531
554
565
574
589
601
612
616
619
623
622
623
617
607
604
588
570
559
536
518
504
477
454
433
405
380
352
320
290
257
224
192
158
126
89
50
21
-9
-47
-83
-112
-143
-170
-204
-241
-267
-295
-326
-351
-370
-388
-409
-431
-453
-473
-492
-510
-523
-533
-534
-537
-538
-535
-539
-536
-529
-523
-521
-514
-500
-490
-479
-458
-442
-430
-405
-379
-360
-334
-312
-284
-258
-235
-204
-173
-137
-106
-87
-57
-33
-10
28
56
86
115
136
165
193
224
253
275
306
328
345
368
386
400
414
424
440
452
453
455
461
472
476
470
473
472
462
456
457
450
431
414
402
389
366
346
326
307
290
264
239
212
190
164
136
117
92
67
43
18
-6
-32
-55
-80
-106
-126
-149
-172
-196
-224
-241
-263
-286
-298
-306
-317
-336
-352
-359
-368
-378
-384
-391
-394
-398
-397
-384
-372
-361
-356
-346
-329
-325
-317
-307
-290
-279
-279
-267
-255
-246
-234
-216
-193
-174
-157
-135
-114
-101
-93
-75
-49
-29
-15
5
28
48
63
79
98
114
124
139
158
172
181
193
208
218
225
230
238
248
255
260
269
280
280
271
271
275
270
259
256
259
252
239
233
233
224
213
209
204
190
171
160
151
135
114
105
100
85
63
50
43
31
17
11
1
-15
-32
-43
-54
-68
-82
-87
-92
-104
-121
-132
-135
-142
-157
-163
-159
-164
-176
-180
-176
-178
-178
-169
-165
-173
-178
-171
-169
-175
-171
-163
-156
-155
-155
-155
-155
-145
-135
-127
-119
-112
-113
-109
-104
-95
-83
-79
-70
-64
-55
-44
-37
-21
-14
-11
1
3
10
21
28
39
50
58
68
77
88
91
92
109
109
105
112
115
120
116
119
128
133
135
126
128
138
134
130
130
129
124
124
123
113
109
108
100
98
90
85
77
73
70
57
59
52
45
44
40
40
29
18
7
-3
-4
-14
-19
-22
-29
-33
-45
-60
-70
-74
-73
-80
-87
-86
-86
-88
-94
-103
-105
-106
-105
-99
-98
-94
-96
-92
-86
-88
-90
-92
-85
-82
-80
-77
-71
-59
-56
-52
-49
-40
-38
-44
-38
-33
-32
-34
-26
-20
-22
-18
-9
-6
-5
-2
2
5
8
12
16
18
22
26
31
32
31
30
34
38
42
42
43
48
51
50
50
52
55
57
56
56
55
54
51
50
50
51
49
45
42
39
36
34
33
31
28
25
22
19
14
10
6
4
1
-1
-6
-9
-11
-12
-12
-12
-15
-18
-19
-20
-21
-21
-22
-20
-22
-25
-26
-26
-26
-28
-28
-29
-28
-30
-36
-35
-34
-32
-30
-31
-33
-33
-29
-23
-23
-25
-24
-18
-16
-15
-13
-9
-6
-5
-5
0
2
0
-1
1
5
5
6
8
10
9
7
6
8
11
12
12
15
18
18
16
15
16
15
14
13
12
12
10
11
12
11
9
8
8
7
5
4
8
9
7
5
7
7
6
8
6
5
1
3
6
0
0
4
-4
-5
-3
-3
-3
-2
-4
-4
-4
-6
-7
-6
-4
-3
-3
-4
-7
-9
-7
-7
-5
-4
-7
-5
-3
-6
-6
-4
-5
-3
-3
-4
-2
-2
-3
-1
1
1
3
3
3
2
3
3
3
4
4
3
3
3
4
3
4
3
5
4
3
1
0
1
1
2
1
-1
0
-1
0
1
2
2
2
3
4
4
2
3
2
5
5
3
1
-3
-4
-4
-3
-3
-2
-2
-3
-3
-4
-5
-5
-4
-2
-4
-5
-8
-8
-6
-7
-4
-3
-4
-6
-4
-5
-6
-5
0
-1
-2
-3
-1
-1
-3
-1
1
0
-1
-2
0
4
4
0
2
3
5
3
-1
3
3
5
5
1
5
2
3
1
0
0
1
4
5
3
3
1
1
0
2
0
2
3
4
3
2
2
4
5
5
5
4
3
4
3
5
2
3
5
2
3
0
1
2
1
4
-1
4
1
-1
6
2
0
4
3
0
2
2
2
1
0
4
2
-1
3
3
0
0
1
0
1
0
-1
-2
-3
-5
-3
-3
-5
-5
-3
-2
-1
0
0
0
-1
-4
-4
-6
-5
-6
-6
-5
-5
-4
-4
-4
-2
-1
1
1
-1
-4
-3
-4
-3
-1
-1
0
0
1
1
2
2
0
0
-1
-2
-3
-5
-3
-4
-2
-3
0
0
-1
-1
-1
2
5
3
1
0
2
1
2
4
3
2
3
3
6
5
4
2
5
7
6
3
3
4
5
4
4
5
7
5
3
3
3
5
3
4
5
6
4
1
1
2
1
2
0
1
2
0
-1
-2
-1
0
-1
0
0
1
1
-1
0
0
-2
-5
-1
-2
-1
-2
0
0
-3
-1
0
-2
-3
-3
-4
-5
-3
-1
-2
-2
-2
-4
-4
-2
-4
-4
-2
-5
-3
-2
-1
-2
-1
-1
-3
-3
1
-2
-5
-1
1
-4
-5
1
1
-2
-4
-1
0
1
1
2
0
0
0
2
2
2
0
1
0
-1
-1
2
5
5
3
2
1
0
1
1
2
2
1
1
3
4
4
4
4
4
5
4
6
6
5
5
4
2
2
2
2
2
1
1
1
2
2
1
0
0
1
1
2
1
-2
-3
-1
-1
-2
2
0
-1
3
0
-2
1
-2
-3
-1
-2
-2
1
-1
0
0
-1
-1
0
0
-2
-1
-2
-1
-3
-4
-1
-3
1
-4
-3
-4
-6
-3
-8
-5
-4
-4
-1
-2
-1
-1
-1
-2
-2
-1
-1
0
0
1
0
0
-1
-1
-2
-1
0
-1
-2
-2
-1
-1
0
0
0
1
1
1
0
-1
-1
2
3
2
0
0
4
2
-2
1
2
1
4
3
1
2
2
2
4
4
4
3
3
3
3
3
3
3
3
3
1
0
0
1
1
0
-1
-2
1
-2
-3
-2
0
1
0
0
1
0
-3
-3
-4
-3
-2
-1
-2
-2
-3
-3
-1
0
0
0
1
0
0
0
1
1
-1
2
3
0
-3
-3
0
3
2
0
0
-1
-1
0
1
1
0
2
3
3
4
4
3
0
-1
1
5
5
1
-1
2
2
0
-3
-3
0
-3
-1
-2
-1
0
-3
1
-3
-2
-1
-1
3
-1
0
-1
-1
-2
1
0
0
2
0
5
-1
4
4
1
5
1
2
1
0
1
2
0
1
3
0
5
2
3
4
1
5
1
1
-1
-3
-2
-2
1
1
1
-1
-1
-1
0
0
0
0
-2
-2
-1
-3
-5
-5
-5
-4
-3
-2
-3
-3
-4
-3
-2
-1
-3
-3
-4
-2
-1
1
2
3
0
1
1
1
3
0
0
1
2
3
0
2
1
0
2
0
2
1
0
1
1
2
0
1
5
4
2
6
4
0
6
3
-2
1
2
1
2
-1
3
6
0
4
5
3
5
1
1
5
1
1
3
3
3
5
4
4
2
0
0
-1
0
0
1
1
1
0
0
-1
0
-1
-1
1
0
2
0
0
-2
-3
-4
-4
-3
-2
-4
-5
-5
-5
-4
-3
-4
-4
-3
-3
-3
-2
-2
-3
-4
-5
-3
-5
-5
-4
-1
1
0
-1
-2
0
0
0
1
2
4
5
5
2
0
0
1
3
4
4
4
3
3
4
3
2
3
3
3
3
3
4
4
3
2
3
4
3
1
0
0
0
1
-2
-1
2
1
4
2
1
2
-3
1
-3
-1
-1
-5
0
-2
-1
-3
-5
-3
-5
-2
-1
-1
-1
-2
0
1
0
-2
1
2
2
0
0
0
0
-2
-3
-2
-1
0
-1
-1
0
-1
0
-1
-1
-1
0
0
-1
-1
-2
-1
0
-3
-3
-5
-2
1
1
-1
-1
-1
0
0
-1
1
1
1
0
0
2
1
2
1
1
0
0
1
0
0
3
4
3
1
1
2
2
-1
1
5
4
1
2
4
2
1
1
2
2
4
3
1
0
0
0
2
1
0
-1
1
1
-1
0
1
1
0
0
-1
0
0
-1
0
0
0
0
1
0
0
3
1
1
-1
-1
1
1
0
1
2
4
1
1
0
1
