3
0
0
-2
-8
-15
-24
-30
-35
-35
-33
-28
-27
-27
-28
-33
-36
-40
-38
-32
-27
-22
-15
-13
-13
-12
-10
-8
-4
1
6
13
16
19
21
21
21
21
25
27
29
33
33
31
29
25
24
22
24
23
23
23
19
15
12
8
4
0
-2
-4
-5
-9
-12
-15
-21
-25
-28
-28
-30
-30
-31
-34
-34
-35
-37
-37
-36
-33
-31
-27
-23
-23
-22
-21
-17
-12
-9
-2
0
2
11
7
8
15
9
13
19
18
18
21
20
17
18
14
14
16
20
25
26
23
25
22
19
22
29
34
31
27
27
27
24
25
28
29
29
20
17
17
15
7
-3
-2
1
-5
-11
-14
-21
-35
-48
-51
-46
-42
-44
-46
-45
-48
-53
-54
-54
-47
-45
-40
-32
-24
-20
-24
-25
-24
-20
-11
-2
7
15
21
21
20
22
26
28
30
35
44
50
50
48
45
43
40
40
42
45
47
43
41
40
32
22
15
10
8
5
2
0
-6
-17
-24
-26
-29
-33
-34
-33
-34
-38
-41
-41
-43
-45
-47
-41
-35
-27
-24
-24
-20
-25
-21
-23
-11
-7
-10
8
-2
11
9
1
16
7
8
20
20
19
30
18
10
26
17
1
26
22
13
25
21
18
15
15
8
12
14
10
14
9
8
9
9
12
14
9
-1
4
6
1
3
7
9
-1
-7
-2
-1
-5
-7
-12
-8
-4
-8
-12
-19
-22
-35
-43
-36
-30
-24
-24
-25
-27
-33
-36
-33
-29
-26
-21
-11
-8
-5
-2
-6
-12
-11
-6
4
15
20
23
28
25
23
24
30
32
36
43
49
48
44
38
34
31
29
28
34
40
31
28
23
17
10
0
1
5
2
-1
-2
-9
-19
-33
-34
-33
-36
-25
-35
-32
-15
-39
-47
-26
-38
-38
-33
-33
-11
-19
-27
-22
-21
-31
-21
-18
-12
-5
4
-1
-18
15
-11
-5
3
-3
20
1
14
21
2
10
12
7
17
16
27
23
22
32
26
15
26
34
29
45
49
46
37
23
29
18
25
41
44
48
34
25
20
10
4
-3
-1
4
5
-6
-19
-32
-57
-81
-87
-73
-62
-59
-61
-67
-83
-100
-111
-110
-103
-92
-73
-52
-38
-33
-40
-45
-47
-42
-23
4
41
63
72
77
81
78
70
79
96
110
128
143
149
144
124
110
98
93
98
104
114
118
90
67
44
12
-3
-32
-28
-21
-31
-30
-51
-67
-92
-111
-121
-132
-96
-111
-106
-78
-116
-110
-101
-132
-97
-100
-83
-50
-69
-42
-50
-63
-49
-40
-48
-7
-1
-7
26
1
13
8
-12
23
15
34
49
45
48
29
27
18
29
46
45
58
67
49
49
45
47
53
72
88
105
113
89
79
59
61
67
76
104
110
99
70
42
31
10
-2
13
22
25
16
-15
-54
-100
-139
-160
-157
-128
-110
-107
-119
-146
-184
-213
-222
-210
-177
-147
-109
-82
-76
-79
-97
-97
-87
-59
7
57
102
134
127
112
95
97
107
142
201
231
246
261
231
182
162
140
142
171
182
209
193
133
99
27
2
-12
-35
8
10
-6
-33
-66
-130
-166
-172
-178
-162
-136
-109
-137
-164
-163
-200
-234
-172
-173
-158
-89
-104
-127
-90
-141
-140
-65
-105
-51
39
-29
-10
56
-61
-22
64
-20
55
136
43
82
133
13
55
124
39
110
186
101
116
148
60
75
136
113
166
219
172
170
142
62
81
117
117
157
194
162
105
54
-11
-41
-56
-43
13
24
16
-31
-129
-217
-283
-317
-304
-231
-184
-175
-191
-253
-316
-369
-409
-362
-274
-208
-130
-74
-78
-109
-133
-147
-124
-40
59
158
245
281
260
232
208
191
222
297
376
437
468
439
390
334
261
236
249
282
311
306
273
204
107
6
-48
-60
-82
-74
-60
-108
-165
-245
-340
-369
-400
-406
-322
-311
-325
-308
-395
-382
-404
-441
-257
-280
-245
-126
-187
-133
-164
-234
-103
-47
-18
64
42
166
124
-75
76
121
83
173
156
302
301
95
199
134
152
209
67
260
347
224
200
154
231
199
-21
130
268
253
253
199
341
358
85
20
91
146
207
122
265
434
253
2
-133
-73
-56
-220
-124
120
148
13
-255
-354
-424
-666
-738
-587
-327
-219
-355
-420
-477
-703
-886
-880
-652
-370
-300
-204
-51
-138
-292
-380
-349
-165
8
214
436
562
558
392
286
320
325
423
636
804
862
811
723
604
436
375
424
449
552
628
528
430
293
38
-83
-72
-117
-91
-14
-61
-171
-322
-478
-544
-648
-666
-497
-468
-443
-381
-561
-579
-496
-726
-571
-194
-355
-274
75
-260
-317
104
-298
-271
414
116
-74
475
273
-124
173
206
29
321
434
242
274
319
162
-3
148
246
169
231
269
267
295
110
8
163
178
77
185
346
275
266
298
242
363
389
8
-85
246
290
214
397
487
253
-99
-387
-319
-61
-128
-291
-108
27
-244
-553
-727
-824
-989
-1230
-1101
-512
-222
-559
-928
-1040
-1182
-1321
-1175
-700
-201
-156
-380
-304
-35
-121
-354
-187
197
484
723
974
1235
1195
736
472
772
1155
1280
1412
1591
1570
1310
998
916
1009
893
706
847
1070
1028
744
389
112
-116
-318
-320
-100
-48
-332
-610
-798
-1014
-1220
-1366
-1334
-1185
-1140
-1151
-1093
-1119
-1368
-1549
-1390
-1078
-774
-564
-462
-361
-397
-529
-425
-17
254
283
547
752
679
539
383
380
555
674
731
967
1060
635
148
61
143
245
302
334
409
294
-116
-343
-75
60
-180
-182
200
426
250
-98
-232
-37
122
256
878
1593
1304
163
-515
-177
444
773
1055
1478
1463
470
-644
-687
-120
-162
-616
-394
386
522
-366
-1309
-1663
-2009
-2574
-2420
-1104
102
-139
-1322
-2116
-2257
-2358
-2352
-1566
-297
306
-36
-375
-156
-52
-505
-725
-6
1158
1853
2033
2121
1971
1318
621
746
1695
2535
2681
2499
2382
2082
1447
951
978
1242
1327
1286
1387
1425
925
-27
-724
-801
-625
-532
-438
-380
-680
-1347
-1928
-2065
-1905
-1846
-1902
-1775
-1537
-1543
-1782
-1900
-1793
-1690
-1593
-1259
-740
-405
-449
-582
-466
-178
34
245
607
914
898
699
703
873
921
886
961
1128
1172
948
651
495
404
291
300
538
651
394
2
-277
-333
-260
-123
117
271
148
27
102
106
-84
-219
-15
398
742
1165
1589
1448
504
-534
-499
533
1400
1613
1629
1512
627
-811
-1400
-603
264
63
-451
-173
270
-471
-1973
-2621
-2315
-2242
-2442
-1788
-368
3
-1492
-3215
-3434
-2617
-2043
-1519
-365
699
373
-909
-1382
-640
68
151
544
1760
2713
2453
1674
1435
1572
1470
1481
2304
3459
3672
2771
1846
1572
1528
1298
1279
1782
2130
1676
833
336
126
-344
-917
-901
-359
-145
-662
-1415
-1838
-2068
-2349
-2362
-1853
-1364
-1523
-2099
-2405
-2198
-1928
-1866
-1678
-1200
-804
-807
-937
-788
-465
-306
-224
105
647
980
871
609
612
848
1019
1084
1203
1366
1319
967
628
650
876
888
627
455
490
407
91
-219
-250
-78
-7
-61
-66
-62
-244
-412
-230
122
259
151
88
212
326
675
1433
1830
1084
-311
-711
373
1546
1822
1679
1577
862
-773
-1837
-941
722
839
-453
-1035
-423
-415
-1849
-2983
-2564
-1878
-2214
-2484
-1311
-70
-1032
-3436
-4359
-2975
-1357
-871
-568
230
332
-989
-2015
-1027
932
1685
1221
1313
2289
2664
1892
1323
1865
2630
2706
2719
3408
3947
3139
1609
1086
1853
2574
2419
2033
1909
1488
460
-381
-274
183
-53
-772
-1031
-849
-1168
-2162
-2839
-2633
-2187
-2202
-2414
-2365
-2380
-2875
-3333
-2945
-1954
-1423
-1684
-1951
-1652
-1197
-1027
-845
-278
329
448
328
542
1015
1182
999
1076
1628
2099
2011
1608
1361
1283
1186
1170
1419
1701
1523
885
337
199
235
139
-18
12
198
179
-173
-534
-623
-528
-539
-572
-220
344
469
83
53
768
1208
505
-535
-361
912
1677
1464
1272
1435
833
-902
-1875
-631
1203
1192
-251
-864
-353
-673
-2290
-3097
-2057
-996
-1508
-2283
-1600
-651
-1613
-3731
-4171
-2353
-710
-710
-1024
-514
-353
-1489
-2355
-1141
1157
2072
1354
904
1462
1759
1191
1056
2232
3540
3537
2797
2720
3128
2830
1901
1745
2748
3548
3100
2100
1609
1403
790
99
215
878
877
-130
-1158
-1444
-1487
-1921
-2367
-2210
-1790
-1990
-2797
-3311
-3180
-2963
-2974
-2800
-2202
-1765
-2075
-2628
-2492
-1719
-1074
-814
-447
133
318
-14
-92
542
1273
1415
1293
1559
1965
1815
1293
1264
1781
1995
1563
1196
1404
1554
996
268
253
723
790
329
7
74
-15
-420
-497
-54
291
29
-479
-484
20
699
1247
1209
343
-758
-840
399
1667
1852
1290
722
66
-905
-1299
-245
1101
854
-691
-1445
-728
-321
-1437
-2664
-2421
-1474
-1387
-1848
-1542
-892
-1558
-3319
-3841
-2173
-299
-191
-1117
-1293
-806
-887
-1320
-725
849
1686
1079
452
1043
1933
1765
1089
1438
2775
3537
3102
2495
2523
2591
2122
1858
2588
3587
3421
2128
1201
1319
1584
1158
535
514
745
367
-481
-1012
-1152
-1545
-2286
-2567
-2063
-1666
-2173
-3166
-3624
-3349
-3005
-2916
-2805
-2567
-2510
-2676
-2578
-1971
-1356
-1262
-1418
-1159
-413
191
304
307
614
1077
1300
1314
1435
1688
1765
1636
1686
2043
2297
1953
1229
856
1023
1290
1310
1175
1040
741
273
54
287
507
255
-168
-165
227
610
1048
1417
1019
-373
-1507
-745
1395
2616
1987
786
162
-394
-1263
-1208
443
1763
742
-1405
-1913
-715
-412
-1923
-3051
-2249
-1124
-1456
-2239
-1847
-1193
-2148
-3876
-3655
-1278
351
-458
-1940
-1937
-1012
-783
-919
-84
1280
1400
194
-351
764
2008
1903
1260
1582
2623
2871
2081
1581
2025
2577
2552
2506
2990
3235
2338
1035
830
1831
2624
2245
1346
824
481
-93
-518
-295
84
-304
-1336
-1935
-1749
-1632
-2196
-2875
-2919
-2585
-2546
-2781
-2798
-2590
-2585
-2785
-2666
-2121
-1743
-1850
-1946
-1483
-677
-152
-60
-95
-96
-81
103
679
1439
1793
1566
1271
1357
1555
1428
1169
1210
1500
1637
1563
1536
1422
894
285
346
1054
1456
1052
414
196
308
592
1394
2240
1741
-327
-1863
-775
1854
3085
2150
838
151
-767
-1932
-1500
997
2631
1015
-1859
-2466
-934
-506
-2104
-3080
-1964
-887
-1705
-2820
-2217
-1214
-2228
-4255
-3986
-1220
572
-533
-2304
-2194
-1036
-821
-1035
34
1754
1824
151
-672
703
2387
2399
1591
1779
2698
2746
1851
1575
2437
3101
2708
2148
2384
2781
2222
1157
953
1739
2281
1804
925
450
163
-354
-704
-408
46
-266
-1294
-2042
-2060
-1940
-2197
-2463
-2290
-2055
-2287
-2719
-2743
-2441
-2385
-2529
-2266
-1568
-1186
-1468
-1757
-1419
-747
-362
-246
-41
150
102
88
542
1152
1192
755
632
1065
1407
1198
895
992
1236
1130
833
885
1198
1222
824
545
820
1244
1146
606
545
1546
2677
2412
667
-695
-86
1646
2490
2140
1830
1727
596
-1425
-1922
244
2411
1638
-953
-1967
-912
-631
-2278
-3351
-2159
-792
-1550
-3089
-2824
-1536
-2092
-4276
-4698
-2229
45
-519
-2344
-2584
-1514
-1226
-1581
-661
1397
2072
476
-907
46
1999
2548
1856
1855
2813
3086
2116
1453
2171
3182
3170
2578
2559
2873
2346
1162
797
1709
2550
2037
701
-80
-85
-104
-391
-501
-397
-716
-1649
-2344
-2120
-1572
-1700
-2448
-2851
-2543
-2134
-2128
-2281
-2225
-2104
-2104
-1949
-1366
-735
-647
-1008
-1126
-657
-22
291
326
416
625
678
533
534
863
1183
1000
454
236
636
1097
983
449
83
51
152
331
691
986
797
203
-232
-77
721
2011
2971
2415
363
-1208
-253
2298
3554
2725
1676
1453
765
-930
-1351
953
3095
1742
-1482
-2296
-345
351
-1842
-3527
-2279
-695
-1655
-3290
-2467
-678
-1745
-4861
-5256
-1837
881
-285
-2618
-2429
-884
-1038
-2065
-856
2088
2867
498
-1266
170
2433
2451
1282
1795
3576
3696
1812
812
2028
3316
2873
1991
2482
3323
2424
461
-28
1334
2285
1453
180
-42
60
-663
-1524
-1315
-606
-916
-2123
-2589
-1906
-1588
-2470
-3358
-2976
-1947
-1614
-1958
-2078
-1895
-1997
-2154
-1502
-251
292
-336
-945
-439
575
862
461
348
840
1259
1176
959
886
704
379
427
985
1303
732
-206
-552
-222
143
316
532
550
-86
-879
-794
131
750
817
1437
2469
2076
-210
-1703
19
3056
3816
2410
1699
1993
772
-1914
-2059
1689
4503
2313
-1821
-2532
-433
-431
-2905
-3193
-266
912
-2201
-5014
-3254
-212
-1263
-4697
-4555
-638
1270
-1079
-3147
-1662
177
-952
-2304
20
3775
3644
-121
-1883
589
3245
2826
1587
2516
3979
2877
475
571
3072
4106
2276
641
1547
2901
1982
51
-39
1333
1425
-236
-1193
-360
187
-1047
-2434
-2103
-1060
-1387
-2748
-3065
-2121
-1763
-2629
-3181
-2478
-1688
-1883
-2209
-1565
-704
-892
-1538
-1125
193
870
533
408
1047
1377
833
581
1503
2525
2193
1033
740
1347
1391
601
261
854
1085
49
-982
-644
144
-60
-904
-912
-126
-150
-1182
-1590
-685
462
1265
1920
2055
624
-1832
-2173
765
3862
4261
2785
1566
452
-1711
-3030
-600
3416
3922
515
-2189
-1536
-675
-2513
-4124
-2302
354
-288
-2958
-3145
-1034
-1328
-4570
-5455
-1633
2164
1391
-1572
-1903
-313
-556
-1811
-90
4166
5630
2288
-983
52
2905
3394
2335
3137
5226
4782
1645
74
1850
3621
2682
1143
1881
3329
2134
-817
-1738
-71
925
-393
-1714
-1237
-771
-2154
-3740
-3259
-1842
-2120
-3740
-4037
-2674
-2080
-3158
-3888
-2957
-1918
-2166
-2459
-1390
-156
-548
-1653
-1165
768
1801
1201
730
1436
2068
1621
1254
2107
3065
2626
1522
1469
2155
1811
471
139
1319
1901
592
-914
-739
113
-345
-1504
-1183
426
823
-758
-2128
-1578
-127
899
1685
2296
1546
-801
-2163
-558
2270
3496
2976
2193
1020
-1374
-3153
-1601
1754
2491
-16
-1842
-1035
-649
-2962
-4933
-3491
-1058
-1386
-3067
-2289
-237
-1464
-5447
-6315
-2092
1988
1692
-316
-153
618
-939
-2431
321
5426
6752
3283
567
1863
3832
3198
2209
3904
6232
5401
2519
1772
3355
3510
1280
210
2195
4014
2490
-501
-1478
-821
-1132
-2263
-1916
-478
-958
-3688
-5295
-4089
-2686
-3500
-4854
-4254
-2817
-3129
-4589
-4522
-2975
-2432
-3187
-2799
-655
504
-891
-2362
-1278
1090
1991
1593
1939
2911
2515
877
598
2500
4116
3557
2272
2273
2724
1757
71
-31
1530
2344
1329
160
92
112
-887
-1758
-904
802
1259
247
-646
-662
-383
195
1465
2576
1950
-9
-722
582
1837
1756
1535
1984
1451
-1042
-2841
-1479
724
3
-2595
-2874
-663
-346
-3441
-5802
-4646
-2950
-3718
-4435
-1901
919
-1041
-6012
-7137
-2816
1166
1008
2
1492
2677
280
-2406
-209
5060
6815
3939
2105
4153
5916
3987
1653
3060
6017
5830
3384
3205
5145
4539
643
-1404
1175
4178
3180
253
-522
-65
-1600
-4019
-3488
-628
-159
-3075
-5086
-3944
-2857
-4459
-6177
-4969
-2714
-2776
-4237
-3984
-2496
-2812
-4667
-4459
-1378
974
249
-1345
-1087
95
148
-122
1228
3337
3524
1688
603
1606
2813
2518
1836
2394
3344
2777
1058
332
1103
1616
888
297
978
1722
963
-559
-860
112
671
313
195
836
1154
802
996
1926
1937
186
-1105
197
2433
2673
1176
555
964
-143
-2749
-3297
-628
1242
-866
-3939
-3440
-815
-1204
-4808
-6474
-4194
-2149
-3316
-4433
-2139
363
-1644
-5922
-6021
-1330
1999
806
-742
1051
3192
1745
-847
406
4525
5885
3442
2232
4747
6851
4780
1479
1812
4770
5636
3825
3111
4550
4548
1397
-1229
33
2842
3038
903
-261
54
-668
-2843
-3813
-2511
-1250
-1820
-2896
-2939
-3001
-4394
-5833
-5412
-3776
-2912
-3015
-2876
-2622
-3414
-4614
-4152
-1941
-335
-616
-1187
-531
326
43
-424
567
2262
2502
1290
855
2003
2933
2407
1646
1955
2517
2063
1224
1398
2284
2312
1271
646
1075
1519
1077
403
580
1226
1255
713
462
671
598
-56
-376
434
1687
1888
504
-1194
-1632
-834
-75
-11
-16
293
29
-1499
-3111
-3000
-1417
-484
-1182
-2056
-1663
-859
-1214
-2387
-2772
-2165
-1870
-2171
-1751
-89
1241
741
-889
-1858
-1521
-525
645
1953
2938
2837
1724
661
524
1178
1918
2359
2513
2462
2283
2071
1833
1418
798
314
380
983
1622
1779
1305
403
-544
-1064
-803
59
758
565
-395
-1175
-1134
-614
-355
-595
-1026
-1425
-1756
-1795
-1280
-534
-397
-1202
-2246
-2584
-2082
-1356
-901
-788
-947
-1278
-1530
-1414
-985
-569
-348
-241
-166
-134
-56
179
426
442
375
635
1137
1303
1009
845
1179
1490
1289
1075
1494
2062
1756
799
517
1259
1800
1285
590
759
1182
668
-366
-468
372
591
-374
-1115
-589
143
-369
-1593
-1889
-1128
-675
-1029
-1155
-544
-277
-1183
-2170
-1730
-302
425
14
-336
35
287
-184
-544
115
1125
1248
627
496
1148
1489
900
208
350
963
1104
681
356
377
334
102
73
334
340
-278
-1024
-1143
-578
89
387
254
-264
-1047
-1621
-1472
-666
95
228
-91
-415
-662
-977
-1210
-988
-356
149
169
-90
-269
-402
-651
-792
-437
309
770
521
-105
-465
-324
28
308
534
704
619
194
-216
-122
459
959
979
728
637
728
684
496
546
997
1423
1367
983
772
837
824
635
619
966
1211
802
-14
-441
-204
154
123
-89
-109
-169
-703
-1414
-1503
-888
-450
-777
-1333
-1351
-1036
-1137
-1681
-1971
-1726
-1485
-1589
-1611
-1213
-845
-1052
-1523
-1512
-943
-445
-346
-342
-177
31
204
551
1109
1456
1338
1073
1091
1372
1622
1823
2072
2214
2036
1636
1301
1013
582
225
457
1264
1854
1535
516
-495
-1061
-1144
-706
203
1001
930
-29
-997
-1213
-862
-643
-767
-871
-744
-568
-511
-485
-515
-873
-1471
-1724
-1269
-387
217
132
-428
-977
-1070
-590
66
332
97
-206
-234
-63
173
509
828
617
-229
-774
-153
1058
1504
933
413
583
792
443
181
760
1589
1533
723
434
1046
1350
515
-499
-335
728
1233
715
135
163
142
-654
-1467
-1048
255
855
144
-836
-1081
-966
-1353
-1911
-1551
-492
-159
-1051
-2019
-1974
-1481
-1612
-2060
-1731
-717
-305
-936
-1491
-1060
-241
44
138
891
1776
1407
-79
-791
316
2024
2791
2702
2581
2236
1025
-312
-160
1441
2563
2134
1296
1259
1350
489
-709
-927
-445
-587
-1250
-972
353
934
-120
-1427
-1575
-1191
-1451
-1768
-861
724
1210
332
-384
-202
-171
-928
-1380
-522
809
1181
685
440
555
115
-970
-1557
-912
248
870
886
728
390
-335
-1148
-1316
-643
229
646
574
377
277
201
-19
-362
-567
-406
63
540
844
993
899
387
-339
-643
-153
656
964
700
500
659
716
283
-206
-215
23
-82
-391
-144
661
971
133
-1016
-1270
-788
-652
-1064
-1140
-545
-228
-868
-1693
-1765
-1518
-1893
-2496
-2031
-437
732
446
-502
-914
-667
-56
1132
2894
3975
3079
951
-242
425
1874
2864
3264
3125
2016
155
-1013
-659
80
-235
-1108
-1074
-275
-173
-1101
-1994
-2500
-3313
-4150
-3471
-1099
759
433
-913
-1395
-1120
-1169
-1125
147
1965
2501
1760
1575
2552
3106
2227
1207
1422
2221
2344
2075
2400
2868
2183
496
-611
-502
-232
-574
-880
-521
-217
-823
-1840
-2267
-2166
-2367
-2837
-2697
-1862
-1290
-1396
-1453
-1005
-744
-1257
-1818
-1437
-343
523
943
1352
1624
1172
266
9
727
1472
1522
1304
1367
1418
1003
489
439
599
406
38
147
655
732
87
-556
-575
-265
-214
-512
-807
-896
-865
-727
-456
-192
-191
-494
-799
-407
1183
3335
4418
3309
934
-659
-627
248
1161
2091
2709
1880
-525
-2663
-3038
-2544
-2884
-3707
-3248
-1578
-787
-1884
-3543
-4476
-5144
-5942
-5650
-3416
-745
254
-238
-391
346
852
699
901
1942
2914
3233
3721
5030
6200
6038
4992
4367
4406
4301
3765
3397
3361
3031
2180
1485
1380
1204
254
-1009
-1665
-1701
-1860
-2361
-2717
-2721
-2771
-3004
-2940
-2414
-2074
-2392
-2808
-2537
-1731
-1084
-711
-206
378
545
282
108
149
-63
-566
-666
-24
709
777
276
-294
-843
-1487
-1932
-1804
-1333
-1071
-1101
-1063
-828
-603
-424
-167
28
-83
-389
-514
-385
-169
220
1018
2061
2926
3665
4575
5327
5048
3677
2354
1971
2260
2577
2866
3109
2563
681
-1699
-3230
-3672
-3785
-3832
-3381
-2695
-2808
-3938
-5068
-5518
-5846
-6581
-6953
-6039
-4220
-2465
-943
637
1733
1520
507
248
1342
2792
3694
4328
5134
5745
5798
5828
6314
6535
5473
3498
2068
1834
2090
2133
2081
2011
1396
69
-1117
-1452
-1576
-2491
-3860
-4369
-3620
-2531
-1791
-1193
-701
-955
-1975
-2516
-1641
-101
782
1028
1566
2393
2569
1884
1213
941
447
-479
-985
-513
100
-205
-1134
-1665
-1727
-2136
-3051
-3767
-3941
-4039
-4258
-3962
-2794
-1593
-1359
-1854
-2000
-1408
-801
-694
-615
9
981
1874
3115
5238
7482
8098
6528
4365
3245
3055
2879
2837
3549
4227
3284
838
-1254
-2131
-2955
-4490
-5395
-4472
-2959
-2814
-3861
-4615
-4966
-5994
-7344
-7133
-4950
-2634
-1511
-698
809
2216
2419
2104
2634
3734
4101
3698
3831
4944
5994
6301
6413
6653
6191
4392
2150
844
569
437
49
-295
-588
-1259
-2259
-2941
-3108
-3384
-4199
-5083
-5333
-4819
-3846
-2574
-1171
-148
144
79
312
929
1518
1938
2435
3036
3462
3667
3877
3994
3494
2233
844
-42
-458
-763
-1018
-1118
-1251
-1715
-2404
-2948
-3291
-3710
-4238
-4503
-4233
-3668
-3222
-2929
-2490
-1782
-1121
-871
-926
-838
-307
686
2269
4480
6683
7528
6382
4349
3030
2795
2799
2573
2381
2032
740
-1337
-2867
-3151
-3142
-3854
-4624
-4374
-3543
-3445
-4207
-4874
-5188
-5714
-6131
-5200
-2822
-537
565
1226
2404
3714
4366
4676
5291
5783
5435
4782
5065
6277
7183
7209
6938
6583
5448
3388
1465
485
-66
-921
-1714
-1861
-1865
-2584
-3763
-4431
-4559
-4963
-5710
-5958
-5377
-4664
-4225
-3519
-2203
-925
-337
-36
606
1354
1639
1668
2087
2783
3093
2975
2997
3255
3099
2239
1254
621
77
-747
-1590
-2010
-2146
-2363
-2520
-2198
-1551
-1313
-1848
-2657
-2973
-2646
-2083
-1541
-913
-156
319
198
-78
189
1029
1804
2430
3662
5582
6936
6442
4756
3512
2964
2146
865
191
316
-309
-2537
-4896
-5723
-5516
-5792
-6270
-5584
-4107
-3747
-4964
-6006
-5786
-5362
-5679
-5597
-3827
-1247
516
1658
3452
5631
6641
6231
5887
6339
6648
6179
5838
6464
7314
7384
6991
6891
6620
5168
2783
721
-519
-1525
-2563
-3134
-3107
-3189
-3683
-3929
-3493
-3041
-3387
-4242
-4784
-4844
-4713
-4201
-2886
-1118
160
682
1068
1703
2198
2194
2034
2095
2150
1829
1309
1038
978
734
228
-285
-742
-1390
-2280
-3066
-3441
-3434
-3214
-2865
-2469
-2155
-1902
-1517
-937
-415
-213
-265
-271
-85
191
476
938
1721
2581
3161
3570
4468
5874
6798
6300
4862
3944
3735
3143
1639
198
-384
-1121
-3177
-5530
-6321
-5666
-5478
-6356
-6663
-5574
-4514
-4781
-5365
-4896
-4120
-4481
-5328
-4641
-2294
-85
1239
2773
4941
6393
6298
5908
6440
7028
6384
5086
4658
5073
5131
4740
4983
5845
5769
4023
1758
245
-765
-2036
-3280
-3777
-3702
-3714
-3683
-2987
-1799
-1163
-1593
-2392
-2739
-2548
-2115
-1521
-814
-299
-147
66
867
2145
3247
3644
3399
2761
1851
811
-133
-810
-1282
-1722
-2190
-2594
-2868
-3050
-3159
-3137
-2963
-2752
-2769
-3087
-3413
-3289
-2538
-1532
-774
-431
-234
109
656
1276
1818
2144
2089
1783
1905
3276
5554
7375
7549
6414
5365
4710
3754
2100
433
-652
-1861
-3868
-5702
-6048
-5337
-5257
-6165
-6417
-5159
-3728
-3603
-4172
-4141
-3853
-4432
-5447
-5003
-2686
-99
1677
3274
5304
6881
7115
6791
7045
7326
6412
4547
3189
2881
2861
2888
3607
4867
5235
3952
1979
464
-794
-2453
-4090
-4851
-4893
-4873
-4606
-3464
-1690
-454
-323
-718
-1136
-1565
-1903
-1755
-1099
-513
-217
356
1575
3017
4082
4678
4861
4342
2992
1366
149
-730
-1718
-2749
-3356
-3397
-3194
-2923
-2482
-2003
-1903
-2322
-2932
-3375
-3568
-3587
-3377
-2860
-1990
-803
416
1236
1520
1548
1572
1525
1580
2534
4458
6208
6525
5782
5478
5538
4703
2825
1342
889
-197
-3071
-5909
-6458
-5494
-5599
-7042
-7420
-5836
-4329
-4380
-4473
-3129
-1826
-2721
-4872
-5202
-3057
-669
622
1956
4263
6336
6951
7031
7931
8889
8241
6159
4373
3642
3179
2567
2440
2877
2853
1989
1280
1469
1722
818
-990
-2586
-3680
-4654
-5360
-5169
-4135
-3174
-2677
-2002
-711
677
1376
1267
753
116
-489
-708
-345
337
984
1563
2258
2983
3429
3490
3166
2283
639
-1546
-3591
-4899
-5335
-5083
-4346
-3314
-2284
-1509
-1079
-902
-844
-1006
-1557
-2398
-3049
-2962
-2133
-916
442
1736
2664
2992
3319
4486
6069
6685
5604
4118
3626
3533
2692
1391
900
890
-510
-3373
-5325
-5127
-4676
-5998
-7836
-7665
-5819
-4880
-5351
-5106
-3502
-2631
-3735
-4676
-3164
-524
623
552
1652
4235
6086
6261
6481
7819
8621
7327
5188
4353
4709
4558
3603
3109
3326
3024
1743
569
350
374
-340
-1474
-2200
-2504
-2804
-2986
-2698
-2160
-2053
-2407
-2487
-1873
-829
140
784
1083
1062
939
1056
1499
2004
2242
2049
1484
829
437
414
441
118
-507
-1108
-1585
-2157
-2910
-3647
-4223
-4687
-5013
-4896
-4188
-3204
-2395
-1873
-1371
-700
5
418
352
-55
-488
-666
-339
794
3016
5672
7403
7519
6714
6381
6338
5320
3184
1152
-53
-1456
-3741
-5442
-5058
-3863
-4346
-6364
-7158
-5617
-3950
-4129
-4808
-4033
-2809
-3279
-4858
-4658
-2155
-105
-42
-21
2002
4853
6261
6517
7486
8905
8630
6366
4339
3854
3605
2328
1026
1093
1793
1692
1242
1728
2717
2377
300
-1831
-2899
-3592
-4502
-4875
-4045
-2803
-2199
-1756
-418
1430
2389
2036
1325
1029
920
680
628
952
1224
1179
1263
1968
2921
3271
2700
1530
122
-1333
-2568
-3357
-3767
-4047
-4241
-4147
-3745
-3268
-2883
-2673
-2704
-3022
-3425
-3480
-3002
-2185
-1317
-488
340
1034
1362
1385
1546
2388
3692
4726
5201
5455
6105
6619
6003
4416
2857
1717
14
-2816
-5459
-6458
-6418
-6946
-7882
-7375
-4990
-2801
-2465
-2848
-2379
-1852
-2932
-4914
-5176
-3164
-1193
-678
-71
2343
5512
7365
7959
8745
9557
8789
6442
4578
4300
4307
3284
1881
1271
1185
833
630
1217
1821
1160
-521
-1776
-2292
-3104
-4454
-5281
-5085
-4704
-4671
-4086
-2295
-335
517
606
1154
2161
2589
2224
1878
1837
1445
573
177
825
1759
2064
1932
1982
2040
1508
488
-434
-1224
-2332
-3644
-4375
-4204
-3712
-3469
-3301
-2816
-2186
-1837
-1746
-1558
-1198
-1064
-1287
-1401
-902
137
1110
1741
2455
3655
4866
5429
5385
5514
6073
5983
4639
2864
1724
855
-994
-3711
-5788
-6680
-7547
-8970
-9557
-8006
-5357
-3681
-3164
-2353
-1131
-1050
-2556
-3849
-3515
-2628
-2684
-2872
-1263
2016
4984
6817
8517
10494
11327
10004
7772
6298
5354
3735
1585
252
177
468
640
1199
2230
2795
2208
994
-100
-1183
-2631
-4169
-5234
-5829
-6144
-5830
-4490
-2526
-874
179
1127
2150
2833
2931
2697
2330
1667
727
73
108
479
628
510
427
474
511
534
595
421
-310
-1412
-2304
-2783
-3154
-3642
-4036
-4057
-3829
-3533
-3043
-2172
-1067
-177
284
522
761
1009
1029
773
641
1209
2511
3784
4535
4913
5533
6236
6076
4980
3698
2564
831
-1999
-4867
-6429
-6987
-7898
-9152
-9308
-7823
-5850
-4495
-3286
-1549
-167
-310
-1422
-1920
-1527
-1465
-2149
-2258
-753
1553
3471
5174
7352
9512
10290
9522
8467
7805
6748
4578
2001
213
-592
-1085
-1418
-1112
-210
559
702
509
399
196
-561
-1902
-3457
-4815
-5683
-5864
-5310
-4278
-3019
-1586
11
1619
2980
4003
4636
4663
3926
2693
1536
741
134
-535
-1163
-1440
-1304
-949
-470
118
665
850
530
-56
-636
-1249
-2072
-3029
-3838
-4319
-4475
-4262
-3507
-2275
-902
344
1446
2463
3130
3012
2195
1315
1079
1530
2028
2353
2706
3357
4102
4292
3960
3570
3089
1812
-677
-3623
-5810
-7013
-8064
-9277
-9845
-9114
-7483
-5829
-4294
-2433
-567
356
169
-195
-57
129
-236
-694
-286
960
2313
3688
5479
7457
8603
8526
8150
8181
7967
6625
4523
2727
1442
89
-1227
-1623
-1012
-530
-865
-1248
-774
136
304
-451
-1343
-2058
-3006
-4184
-4814
-4470
-3747
-3311
-2845
-1676
126
1820
2952
3649
3978
3767
3045
2181
1347
352
-862
-1954
-2526
-2577
-2288
-1653
-720
124
541
647
750
772
288
-729
-1787
-2521
-3006
-3356
-3354
-2775
-1783
-753
189
1086
1850
2344
2503
2384
2124
1954
2073
2281
2262
2031
2058
2570
2916
2608
2016
1601
980
-591
-2803
-4483
-5313
-6286
-7832
-8831
-8267
-6739
-5519
-4593
-3065
-1173
-241
-546
-711
114
946
673
-88
99
1291
2348
2983
3988
5487
6443
6292
5975
6445
7024
6452
4823
3308
2402
1578
556
-141
-248
-368
-915
-1308
-891
-104
67
-604
-1489
-2131
-2682
-3188
-3320
-3004
-2689
-2662
-2486
-1579
-133
1078
1679
1915
2080
2107
1893
1618
1447
1147
367
-696
-1437
-1508
-1140
-791
-559
-302
6
198
177
68
-126
-570
-1365
-2253
-2753
-2672
-2210
-1674
-1173
-641
-103
308
534
687
823
823
612
445
735
1443
2125
2504
2741
3150
3584
3576
3103
2400
1423
-42
-1909
-3597
-4716
-5585
-6576
-7256
-6995
-5900
-4590
-3474
-2402
-1354
-744
-691
-618
-104
370
210
-379
-532
104
982
1728
2596
3741
4727
5180
5467
6172
6976
6899
5719
4280
3267
2444
1363
249
-370
-601
-964
-1366
-1176
-350
258
-36
-915
-1604
-1943
-2370
-3003
-3490
-3619
-3522
-3276
-2637
-1437
-51
921
1297
1369
1481
1682
1792
1644
1246
768
404
325
500
785
1061
1137
902
434
-2
-246
-463
-912
-1587
-2136
-2314
-2175
-1837
-1383
-919
-610
-516
-455
-292
-189
-314
-617
-870
-940
-741
-122
835
1775
2351
2725
3320
4032
4301
3889
3039
1905
365
-1502
-3178
-4296
-5278
-6579
-7641
-7625
-6502
-5037
-3770
-2540
-1248
-318
26
297
833
1087
465
-663
-1278
-983
-311
373
1325
2640
3864
4710
5555
6717
7661
7568
6521
5393
4602
3785
2659
1497
581
-280
-1251
-1882
-1697
-1038
-716
-947
-1210
-1132
-987
-1195
-1667
-2120
-2594
-3180
-3559
-3251
-2344
-1464
-1000
-701
-156
569
1125
1444
1672
1810
1721
1497
1481
1759
1944
1661
1039
426
-83
-628
-1238
-1761
-2176
-2588
-2929
-2870
-2286
-1495
-861
-441
-52
320
473
341
51
-357
-937
-1564
-1841
-1440
-519
526
1498
2454
3430
4261
4761
4883
4568
3644
2091
241
-1439
-2767
-3923
-5116
-6233
-6911
-6962
-6407
-5358
-4026
-2689
-1587
-755
2
819
1474
1585
1070
233
-485
-805
-693
-227
481
1297
2159
3175
4388
5567
6326
6412
5939
5247
4552
3873
3185
2415
1528
623
-139
-595
-776
-935
-1255
-1652
-1918
-1940
-1765
-1540
-1387
-1379
-1511
-1633
-1557
-1288
-1048
-1017
-1105
-1070
-792
-320
222
747
1207
1532
1778
2081
2441
2651
2444
1808
947
96
-671
-1388
-2060
-2660
-3118
-3345
-3229
-2723
-1947
-1152
-573
-246
-58
99
206
121
-217
-736
-1277
-1642
-1726
-1442
-830
-77
641
1278
1960
2749
3481
3860
3733
3124
2172
1034
-148
-1268
-2300
-3323
-4344
-5117
-5376
-5024
-4241
-3346
-2525
-1805
-1126
-458
197
736
981
873
517
181
109
287
566
827
1087
1442
1964
2626
3294
3820
4073
4066
3943
3842
3785
3663
3373
2921
2411
1945
1526
1072
498
-232
-1045
-1785
-2338
-2675
-2868
-3009
-3099
-3053
-2790
-2306
-1723
-1184
-760
-413
-33
450
996
1492
1817
1945
1963
1981
2027
2013
1792
1293
591
-160
-816
-1327
-1750
-2133
-2449
-2608
-2497
-2076
-1461
-844
-407
-218
-208
-287
-435
-672
-1016
-1422
-1766
-1905
-1754
-1329
-750
-149
403
921
1407
1848
2176
2323
2274
2026
1618
1080
449
-263
-1047
-1850
-2582
-3148
-3475
-3548
-3378
-2969
-2371
-1658
-902
-170
501
1058
1461
1679
1716
1616
1427
1210
1012
850
735
678
693
796
998
1241
1467
1657
1820
2005
2221
2419
2535
2528
2394
2168
1872
1506
1037
449
-219
-864
-1364
-1656
-1763
-1750
-1659
-1510
-1274
-946
-551
-160
137
300
377
475
657
902
1130
1263
1287
1224
1121
999
834
558
120
-454
-1052
-1556
-1904
-2118
-2245
-2302
-2276
-2124
-1830
-1434
-1018
-690
-513
-465
-478
-498
-520
-582
-697
-839
-961
-1012
-991
-920
-837
-761
-690
-607
-476
-268
7
313
612
870
1081
1226
1282
1233
1067
778
396
-24
-415
-711
-892
-954
-890
-714
-430
-64
351
769
1144
1425
1577
1616
1553
1401
1170
876
559
269
50
-68
-77
22
220
488
790
1077
1308
1429
1419
1274
1016
684
302
-105
-498
-829
-1065
-1198
-1231
-1185
-1074
-931
-772
-582
-356
-99
163
406
639
868
1086
1267
1392
1449
1428
1332
1176
982
767
521
244
-41
-321
-569
-775
-940
-1057
-1141
-1207
-1262
-1295
-1310
-1321
-1335
-1352
-1345
-1301
-1209
-1063
-862
-632
-389
-157
34
174
233
191
64
-130
-359
-589
-798
-949
-1019
-1008
-914
-745
-515
-245
15
224
368
444
449
378
251
92
-65
-187
-245
-201
-45
209
522
856
1186
1474
1685
1791
1784
1681
1488
1242
977
722
508
344
241
204
221
261
315
356
354
295
168
-11
-221
-450
-671
-851
-966
-1005
-972
-871
-708
-520
-343
-192
-67
33
116
207
323
485
691
923
1171
1407
1590
1676
1648
1498
1234
880
468
56
-310
-601
-783
-846
-798
-671
-511
-365
-263
-234
-294
-436
-637
-863
-1074
-1234
-1316
-1299
-1185
-986
-733
-472
-232
-48
52
53
-42
-204
-397
-593
-767
-899
-980
-1005
-981
-915
-805
-674
-540
-418
-318
-231
-165
-118
-92
-77
-56
-25
30
118
251
426
617
816
1012
1186
1319
1373
1341
1244
1089
900
705
531
411
350
351
403
493
584
627
599
480
271
-6
-324
-635
-902
-1097
-1190
-1161
-1015
-780
-495
-194
83
304
440
501
504
465
415
374
374
440
572
755
969
1193
1387
1516
1561
1514
1376
1151
857
534
213
-81
-334
-524
-644
-717
-752
-777
-800
-830
-883
-954
-1026
-1081
-1107
-1086
-1009
-870
-688
-495
-315
-167
-70
-41
-88
-216
-390
-588
-776
-925
-1015
-1032
-973
-855
-693
-508
-324
-166
-67
-39
-81
-178
-308
-444
-553
-615
-608
-525
-365
-131
148
441
715
946
1123
1231
1264
1226
1119
969
795
616
458
334
257
219
222
256
307
359
381
367
300
170
-9
-224
-452
-659
-825
-930
-950
-880
-724
-498
-235
36
298
524
699
816
872
893
897
899
916
968
1059
1186
1328
1459
1559
1619
1606
1509
1336
1106
842
569
304
67
-126
-281
-423
-556
-699
-857
-1030
-1221
-1400
-1545
-1626
-1621
-1523
-1340
-1090
-810
-539
-316
-172
-128
-185
-324
-526
-753
-967
-1131
-1215
-1211
-1130
-983
-784
-569
-366
-198
-87
-34
-49
-122
-227
-345
-458
-550
-605
-606
-548
-435
-277
-86
124
323
495
636
749
838
898
935
957
974
991
1008
1020
1022
1002
952
874
770
646
505
352
192
30
-125
-262
-373
-454
-512
-544
-544
-511
-442
-349
-237
-108
24
148
259
361
453
536
616
702
807
943
1100
1275
1453
1612
1731
1786
1763
1660
1477
1220
912
584
258
-45
-316
-553
-748
-919
-1080
-1233
-1378
-1509
-1622
-1707
-1740
-1701
-1590
-1415
-1189
-933
-688
-483
-343
-285
-303
-387
-518
-666
-793
-881
-912
-876
-775
-622
-447
-278
-141
-55
-27
-60
-138
-240
-349
-439
-496
-504
-459
-365
-236
-82
80
226
349
433
486
518
531
546
570
608
670
758
869
989
1104
1196
1250
1261
1221
1130
988
797
571
331
92
-127
-316
-464
-559
-603
-603
-559
-478
-369
-246
-130
-27
67
148
221
291
359
433
520
622
744
874
1001
1120
1220
1287
1316
1306
1260
1177
1057
904
732
541
335
121
-102
-326
-557
-791
-1014
-1213
-1377
-1513
-1610
-1662
-1661
-1603
-1502
-1357
-1178
-986
-798
-636
-503
-410
-362
-352
-380
-425
-476
-517
-539
-530
-493
-432
-355
-277
-208
-159
-144
-162
-204
-258
-312
-358
-382
-372
-317
-223
-103
29
154
260
331
366
365
339
303
277
279
319
405
538
708
898
1084
1241
1357
1412
1395
1302
1142
938
702
448
198
-29
-218
-362
-466
-529
-548
-530
-487
-423
-352
-270
-176
-84
8
98
184
267
342
405
463
516
562
606
645
681
715
740
758
767
767
754
719
657
576
469
328
154
-47
-265
-491
-714
-925
-1100
-1232
-1313
-1336
-1304
-1218
-1093
-950
-800
-657
-534
-435
-366
-333
-335
-362
-400
-434
-460
-476
-479
-461
-423
-372
-316
-256
-199
-152
-133
-138
-164
-206
-260
-322
-383
-434
-459
-453
-418
-357
-276
-177
-70
33
130
214
289
355
413
474
548
639
743
854
963
1067
1155
1213
1234
1216
1157
1062
933
773
599
422
246
80
-73
-203
-306
-379
-426
-440
-421
-375
-306
-221
-124
-18
87
187
279
354
409
440
451
449
437
417
403
400
413
439
472
517
561
589
588
547
457
323
143
-77
-315
-557
-782
-976
-1121
-1204
-1225
-1191
-1114
-1006
-883
-760
-648
-555
-484
-437
-415
-411
-419
-428
-432
-424
-405
-374
-329
-268
-196
-114
-33
42
108
152
173
161
127
66
-21
-121
-226
-322
-395
-443
-454
-431
-376
-298
-207
-113
-25
52
114
160
200
241
293
366
455
557
670
789
898
980
1031
1044
1025
970
885
785
674
560
447
333
225
119
12
-93
-191
-279
-354
-405
-427
-411
-361
-284
-185
-74
38
133
204
251
272
272
261
255
259
286
333
403
493
589
675
736
754
720
623
472
271
37
-214
-468
-698
-881
-1008
-1073
-1081
-1039
-959
-861
-756
-655
-571
-510
-482
-484
-503
-531
-557
-572
-569
-538
-479
-393
-282
-150
-10
122
233
321
371
381
345
270
164
36
-105
-241
-361
-454
-518
-553
-548
-503
-431
-344
-247
-145
-47
39
105
160
211
257
301
349
409
487
573
664
753
834
898
938
950
936
898
836
752
656
551
438
315
189
61
-68
-191
-300
-383
-437
-455
-440
-387
-300
-195
-84
17
98
152
172
164
135
100
73
65
80
127
206
310
421
520
586
614
600
528
405
241
54
-141
-333
-504
-633
-715
-759
-771
-751
-705
-641
-579
-524
-475
-433
-400
-374
-354
-335
-316
-294
-267
-235
-199
-157
-108
-54
-4
42
81
114
132
134
118
85
43
-5
-66
-128
-184
-236
-285
-328
-365
-391
-409
-421
-421
-406
-372
-319
-254
-174
-77
27
135
244
349
451
544
622
688
743
778
795
802
793
768
726
664
599
521
434
339
238
143
53
-24
-86
-126
-146
-150
-138
-109
-69
-36
-10
3
0
-14
-39
-67
-88
-98
-96
-73
-31
25
92
158
217
253
270
262
225
164
80
-12
-104
-192
-268
-326
-362
-386
-392
-386
-374
-354
-337
-326
-318
-311
-301
-288
-277
-258
-232
-197
-155
-112
-65
-17
22
52
74
87
91
85
68
51
30
4
-22
-47
-69
-91
-114
-142
-170
-196
-224
-249
-271
-287
-288
-286
-266
-235
-191
-137
-77
-12
54
121
185
241
296
344
382
419
442
463
481
484
485
472
446
416
375
325
267
200
141
86
40
3
-21
-36
-39
-32
-23
-10
0
1
-6
-20
-39
-58
-82
-99
-107
-105
-89
-63
-29
16
62
102
129
149
156
145
116
74
27
-27
-81
-135
-175
-209
-236
-255
-264
-257
-239
-224
-202
-178
-151
-121
-96
-74
-55
-46
-40
-35
-35
-32
-34
-36
-35
-37
-36
-33
-27
-20
-16
-14
-14
-12
-12
-14
-21
-36
-53
-71
-89
-109
-124
-138
-148
-147
-144
-132
-112
-88
-58
-25
9
45
80
112
139
162
175
187
196
198
199
199
194
193
188
183
181
173
163
144
121
102
81
64
45
28
19
16
19
22
24
26
27
26
20
11
-1
-14
-28
-41
-50
-53
-50
-43
-32
-18
-2
10
23
32
35
29
14
-1
-19
-39
-57
-72
-86
-100
-112
-117
-113
-103
-95
-87
-78
-65
-54
-46
-39
-31
-24
-22
-20
-21
-22
-21
-19
-18
-19
-18
-17
-16
-13
-11
-11
-12
-11
-10
-11
-11
-13
-13
-12
-13
-14
-13
-12
-12
-14
-17
-18
-16
-17
-15
-9
-6
1
9
17
25
34
40
48
54
57
61
65
69
71
70
71
72
71
67
59
53
49
42
36
30
22
18
12
9
8
5
2
0
-2
-2
0
0
-1
-2
-6
-9
-11
-14
-11
-12
-14
-16
-14
-12
-10
-10
-10
-12
-15
-18
-20
-23
-25
-28
-33
-35
-35
-35
-31
-28
-25
-24
-16
-11
-7
-3
-3
-3
-5
-6
-8
-8
-7
-7
-5
-4
-2
1
1
0
3
4
4
4
3
1
-1
-2
-3
-2
-2
-3
-1
1
3
2
2
1
2
2
1
0
-1
-1
-1
-6
-6
-2
1
1
2
4
6
8
8
8
11
14
14
13
12
13
12
13
16
16
15
14
14
14
14
13
9
6
2
0
1
5
7
9
9
9
7
7
3
-4
-8
-12
-13
-13
-14
-10
-9
-9
-8
-7
-2
1
0
-5
-7
-11
-11
-12
-11
-10
-11
-10
-7
-2
3
5
4
1
-2
-3
-3
-4
-5
-4
-5
-5
-4
-3
-3
-4
-5
-6
-6
-5
-4
-4
-7
-8
-8
-6
-3
-2
-1
1
2
3
3
4
5
5
5
4
2
-2
-6
-8
-9
-8
-5
-3
1
7
8
11
12
10
9
4
-1
-3
-4
-5
-6
-2
2
6
11
15
19
22
26
26
22
20
17
13
10
7
5
4
6
9
10
10
9
7
4
3
0
-2
-5
-7
-7
-9
-10
-8
-8
-7
-7
-12
-13
-13
-14
-15
-13
-14
-13
-15
-14
-11
-7
-3
-1
-1
-3
-4
-4
-4
-4
-6
-9
-13
-13
-11
-11
-10
-9
-6
-5
-2
1
1
0
-3
-4
-3
-4
-1
0
2
6
7
11
14
17
