-7
-10
-11
-10
-12
-13
-10
-7
-8
-6
-2
2
1
0
0
0
-2
-4
-5
-5
-9
-10
-8
-10
-9
-4
2
6
10
14
16
12
8
6
6
5
6
10
15
15
12
10
5
0
-8
-12
-16
-22
-25
-28
-34
-37
-38
-40
-39
-38
-36
-30
-27
-26
-24
-23
-27
-37
-44
-47
-50
-49
-43
-40
-41
-47
-50
-52
-56
-58
-54
-47
-41
-37
-36
-39
-43
-46
-41
-35
-26
-17
-9
-2
3
3
0
-5
-8
-10
-8
-4
0
2
7
11
14
16
18
23
28
32
35
38
37
34
35
38
40
41
44
48
52
53
56
57
54
47
43
41
37
37
40
45
46
47
50
51
51
50
51
51
54
59
65
65
61
54
49
45
41
46
47
47
46
44
47
44
38
33
26
20
16
20
23
26
26
25
23
16
8
0
-7
-19
-25
-24
-27
-31
-33
-34
-37
-45
-45
-41
-43
-47
-44
-37
-38
-42
-40
-38
-45
-55
-56
-55
-64
-69
-68
-65
-71
-77
-74
-73
-79
-82
-78
-75
-79
-77
-66
-59
-59
-56
-48
-47
-48
-47
-40
-38
-42
-39
-31
-30
-32
-29
-22
-21
-22
-15
-6
-3
-2
5
11
7
4
12
15
13
13
22
27
22
19
25
27
21
25
36
35
30
32
36
33
28
36
47
50
51
62
63
53
48
52
58
56
56
55
52
39
33
43
53
43
40
49
45
38
40
56
62
55
62
81
81
63
61
71
64
50
61
66
55
39
31
37
31
18
27
32
21
5
9
15
5
3
15
33
16
3
23
24
9
10
18
14
5
-3
0
1
-20
-30
-17
-22
-47
-54
-46
-66
-71
-45
-40
-54
-63
-62
-63
-78
-70
-48
-52
-77
-90
-78
-91
-99
-76
-50
-51
-74
-75
-87
-102
-92
-69
-46
-17
-10
-41
-29
-37
-74
-67
-19
15
11
7
4
-38
-83
-64
-20
10
26
22
-5
-42
-80
-70
-60
-51
-11
1
-8
-29
-52
-65
-66
-75
-36
17
1
-21
-12
-38
-42
-32
-35
18
43
45
36
32
51
30
7
34
73
56
37
54
63
53
-18
-57
-29
-57
-59
-31
13
17
-54
-91
-89
-83
-85
-66
-3
57
39
6
39
58
-5
28
131
205
198
115
136
121
7
-26
156
225
118
149
206
95
-50
13
77
82
71
119
122
47
-31
-20
45
9
29
99
74
51
8
-19
-5
-52
-12
73
87
57
70
45
-11
24
37
46
65
42
37
56
44
17
20
-3
-17
-44
-47
-6
-29
-51
-46
-69
-71
-86
-135
-74
-27
-102
-120
-69
-100
-172
-150
-84
-83
-114
-89
-28
-65
-104
-71
-74
-76
-29
23
31
22
-3
24
55
59
113
166
96
48
55
87
60
41
135
94
-4
22
78
-43
-86
36
3
-91
-84
-10
-95
-194
-107
11
-44
-110
98
84
-98
-3
103
8
-8
197
207
42
43
96
43
-53
40
134
42
-59
-37
-4
-83
-138
-133
-74
-68
-144
-97
27
-106
-265
-112
-47
-175
-154
6
-44
-164
-91
-34
-122
-145
-74
-33
43
68
77
118
69
-54
-13
109
27
27
184
127
-31
-8
47
-17
-64
55
134
35
10
45
34
-23
-80
4
55
11
55
174
118
29
-14
47
117
30
146
293
153
-21
85
138
-61
0
161
88
43
-1
112
65
-67
-92
-31
31
-87
83
203
56
-44
34
28
-112
81
160
29
81
44
-58
-172
-128
-19
-94
-17
105
16
-55
-46
-49
-132
-78
18
0
67
57
-72
-86
-99
-94
-100
-3
63
-10
-31
-23
42
-63
-104
11
-57
-38
132
68
-91
30
-4
-190
-25
141
43
-27
84
52
-44
-38
-75
-90
-23
35
23
-40
-60
-149
-274
-154
-97
-110
-101
-121
-212
-156
-26
-173
-139
73
42
-74
146
267
-30
-168
9
-96
-125
-4
115
89
-152
-185
-111
-167
-141
-10
-15
-53
-140
-121
-37
-82
-129
-58
-17
20
30
109
151
-44
-214
42
66
49
162
229
234
-91
19
103
26
144
88
177
130
-3
78
72
59
11
24
62
158
146
190
153
58
-3
61
71
97
176
186
43
28
78
-84
-62
26
204
157
141
319
190
69
162
132
149
191
156
270
175
-64
61
16
-136
118
158
158
69
-24
36
-159
-45
120
16
-15
246
44
95
167
70
42
-102
58
-35
77
128
120
-17
-46
94
-88
-30
99
85
32
26
71
42
-64
-61
-242
-20
143
-8
14
-9
28
-262
-202
95
-204
-232
-85
-251
-276
-107
-163
-416
-294
-97
-292
-313
-44
-104
-56
111
4
98
102
-106
91
47
-158
-68
-165
-205
-118
-106
-294
-341
-248
-435
-237
-160
-200
-322
-265
-200
-449
-116
-69
-272
-19
-16
-34
-183
-267
-121
-171
-156
-35
34
-163
-266
-188
-169
-197
-298
30
28
-243
-10
-67
-180
-255
21
122
-9
-32
5
108
-87
-1
63
-92
97
102
-4
135
224
164
-132
67
333
-24
-65
216
241
227
133
106
559
340
-52
370
612
159
223
493
304
126
107
301
237
268
307
223
232
335
240
202
391
448
207
170
417
186
43
447
486
116
338
397
26
-103
69
153
-280
99
460
-195
-66
305
5
-89
287
203
-29
168
247
76
143
223
-172
0
144
-318
-168
25
-203
-248
-217
-55
-336
-523
-208
-138
-126
-376
-66
37
-399
-267
-126
-28
-158
-151
104
-48
-175
-409
-185
-205
-504
-356
-104
-124
-451
-407
-454
-371
-470
-490
41
-82
-634
-90
-61
-352
-253
-413
-134
-127
-239
-55
272
-32
-284
-208
138
1
-554
234
278
-298
-130
212
-84
-277
-167
-122
-71
-366
22
28
-35
52
-116
-133
119
165
-92
294
327
45
30
187
245
-165
-261
259
-118
-390
487
42
-264
165
-349
-3
138
-89
-87
58
152
-171
42
363
65
-322
195
322
76
213
309
293
117
196
395
316
369
259
370
446
304
83
132
690
155
37
743
235
-186
301
132
-56
127
-61
273
217
47
250
92
-26
59
272
253
337
220
313
141
-118
190
40
-78
247
-93
7
-96
-303
-19
-161
-118
-146
-125
-388
7
-180
-227
106
-511
-47
-24
-522
-74
104
-252
-35
247
4
-36
147
87
313
13
51
513
-164
16
235
51
86
-20
112
61
-103
-89
-37
-36
57
-24
-47
345
133
102
198
280
213
37
174
397
62
-203
320
204
-174
-27
101
-178
-55
-111
127
-123
-267
147
-85
-74
-172
-104
31
-278
-232
-76
-378
-438
-603
-224
-389
-739
-524
-409
-592
-624
-181
-191
-625
-142
-140
-292
-5
-193
-176
-49
-228
-69
-7
-220
-253
-242
-235
-104
-142
-327
37
-302
-386
-33
-253
-188
-369
-368
125
-339
-218
-17
-181
-320
-207
27
-54
-11
195
472
-51
163
438
-70
384
229
427
346
-41
499
499
290
44
445
400
25
502
456
202
286
163
267
452
22
241
457
410
325
492
393
347
362
172
731
-134
-88
186
64
-65
209
-18
-372
177
-346
-45
-11
-69
41
-46
-231
-274
-155
-527
-151
183
-400
-375
-118
-414
-369
-201
-188
-90
-225
-53
-58
160
-35
-217
315
191
84
-15
226
91
-253
-251
228
-72
-660
412
199
-417
162
-246
-357
28
-253
-174
71
-22
-276
-295
152
-24
-511
-193
-101
-617
-271
-176
-564
-593
-306
-510
-566
-48
62
-331
-224
208
212
-349
237
126
-455
-80
71
-108
25
74
-219
-72
-172
-98
-232
15
-17
28
-118
101
295
-448
120
437
-156
-118
421
75
24
140
66
176
181
117
125
660
-223
-153
458
1
-206
-2
105
-104
-159
-147
378
-119
-105
512
132
186
596
73
51
401
103
280
366
72
180
162
-548
-69
199
-378
41
482
-16
202
343
372
103
169
817
222
563
584
633
473
345
835
347
386
375
566
754
-15
746
306
-178
460
113
309
234
296
113
400
395
-376
-86
204
113
255
483
748
169
24
347
194
334
311
545
437
414
39
38
385
122
16
345
339
-286
386
63
-53
-3
-255
-4
-81
164
10
325
-144
-121
104
-23
-12
-111
428
135
214
202
-326
193
-303
-292
180
-65
-293
-340
-73
-362
-304
-198
-372
-450
-227
-276
-467
-510
-310
-735
-607
-151
-651
-556
-537
-436
-752
-339
-272
-504
-380
-449
-201
-337
-250
-501
-503
6
-343
-600
15
-478
-732
-326
-62
-249
-494
-42
-215
-287
103
-90
-361
-397
-119
-262
-126
47
-171
-304
-450
321
-47
-260
237
-156
-293
-190
156
-208
-284
-188
-235
-247
-471
-231
-223
-596
-216
4
-231
-165
-699
-159
-50
-383
112
70
215
-363
-102
121
-190
-181
-263
100
285
4
-262
506
-395
-510
283
11
147
43
143
256
-232
-223
568
176
132
411
402
579
237
580
612
626
444
291
606
754
245
437
439
87
145
209
599
328
231
509
93
-1
84
114
5
-126
179
90
178
210
349
-93
209
156
51
867
369
318
519
30
10
86
318
-33
78
533
-36
231
87
326
106
-147
680
230
97
257
-124
30
131
-196
-188
-110
-198
-408
166
303
-251
23
-17
-108
-84
327
420
56
471
273
-26
-193
-407
-47
-518
-187
160
-245
-396
-645
-225
-669
-212
-390
-317
43
-181
-222
257
201
-527
220
444
432
256
440
425
-45
-214
-48
128
-515
-322
342
-201
-262
-311
-734
-670
-723
-385
254
-63
-293
56
-361
-184
169
116
125
418
45
87
427
-238
168
119
98
199
80
118
35
165
-64
-136
34
-179
-15
102
159
188
-285
84
-154
-149
142
-254
83
-9
-170
92
-58
-160
-178
-247
67
255
-76
137
355
-271
460
576
-37
676
369
7
265
171
-72
-20
-66
-125
-105
-94
-260
-233
-299
-172
-136
-170
172
-119
156
339
156
349
215
206
333
462
211
243
295
-356
161
175
-273
148
-129
-211
-152
-135
-95
-169
-106
-136
-62
-36
-139
-125
-2
-238
111
223
-315
-24
241
-350
17
200
-274
337
-49
-29
221
-236
-156
-159
247
-133
-343
-90
-75
-91
-96
19
-399
-472
-475
-66
-43
-546
-299
-530
-706
-292
-81
5
-40
113
52
-86
-244
-406
-394
-52
226
258
320
-272
-428
-349
-195
14
-232
-75
-74
-8
-145
-226
-360
-574
-502
-42
57
-41
-171
-262
-458
-385
-88
-91
107
57
542
191
-86
338
-25
-279
62
222
135
-16
10
142
29
-35
-115
-37
53
126
333
400
454
-61
-107
231
-76
233
516
314
44
84
36
-133
-7
63
412
186
45
298
-140
-624
-25
162
75
432
220
366
221
154
198
118
107
66
254
509
392
-15
91
-161
-121
134
304
455
496
444
337
49
162
363
179
393
503
564
318
32
300
268
99
631
837
551
476
261
230
265
110
245
260
-1
-10
566
573
198
193
293
68
45
265
65
16
-172
-5
140
-177
-313
-247
-137
43
242
189
-121
-433
-166
-72
-252
-124
-221
-416
-259
-368
-507
-492
-834
-701
-306
-279
-403
-487
-479
-618
-539
-245
-324
-585
-442
-460
-608
-493
-550
-496
-554
-539
-251
-326
-211
-298
-308
-23
-35
-127
-140
-82
-334
-341
143
276
-50
-159
-414
-595
-579
-459
-163
-182
-161
-373
-259
-126
-662
-657
-84
-79
-84
312
193
-210
-502
-208
109
210
104
-152
-88
-388
-497
-226
-190
-514
-510
-37
-29
-168
-259
-349
-226
-115
233
301
76
21
337
590
732
567
408
334
210
360
505
436
269
421
611
278
-18
173
60
113
688
886
672
384
489
578
539
537
553
732
488
315
578
374
44
216
555
517
355
312
295
222
-113
191
486
121
186
387
333
325
166
309
255
62
57
184
127
-97
-247
-379
-445
-655
-445
-54
-314
-439
-200
-194
-181
-155
-31
-13
-100
31
253
172
39
73
186
235
207
284
255
95
127
305
316
82
104
139
223
203
248
406
209
98
345
442
348
404
328
248
175
108
191
152
26
142
223
224
123
6
88
2
-2
227
192
129
148
221
337
251
300
252
138
55
-58
-37
-134
-149
-197
-362
-462
-802
-1006
-998
-1234
-1363
-1378
-1449
-1652
-1702
-1593
-1700
-1784
-1575
-1574
-1602
-1333
-1276
-1356
-1299
-1421
-1380
-1245
-1342
-1260
-1320
-1684
-1767
-1561
-1517
-1437
-1369
-1563
-1688
-1681
-1671
-1322
-948
-917
-837
-815
-384
223
1023
1930
1973
1909
2005
2269
2987
3901
4541
4539
4296
4056
3937
3784
3553
3342
3008
2982
2967
2585
1984
1028
28
-446
-494
-290
-316
-751
-1409
-2083
-2359
-2310
-2003
-1798
-1537
-1176
-926
-447
-94
-75
308
884
1540
2379
2831
2984
2998
2905
2967
3118
2942
2753
2558
2179
1914
1400
471
-439
-1045
-1437
-1559
-1652
-2026
-2416
-2880
-3032
-2825
-2615
-2388
-2070
-1643
-1345
-1009
-807
-891
-928
-682
-373
-111
138
-48
-465
-864
-1054
-1198
-1482
-1700
-2087
-2654
-2966
-3209
-3587
-3461
-3592
-3760
-3304
-2639
-1516
-687
-494
-540
-600
37
1614
3496
4791
5099
4715
4003
3957
4453
4804
5012
4703
4395
4170
3453
2487
1232
-23
-718
-836
-519
-600
-1578
-2962
-4106
-4689
-4478
-3798
-3345
-3174
-3172
-3154
-2896
-2368
-1910
-1424
-763
-33
974
1774
1988
2140
1924
1953
2614
3097
3650
3682
3015
2468
1838
1314
944
580
216
-291
-762
-1226
-1673
-2169
-2367
-2362
-2136
-1757
-1523
-1374
-1404
-1424
-1214
-798
-371
14
282
279
257
221
75
64
96
-42
-78
-306
-867
-1449
-2131
-2724
-2997
-3059
-3250
-3323
-3585
-3912
-4184
-4407
-3789
-2878
-1671
-297
81
132
362
938
2486
4478
6136
6836
6731
6250
6075
6366
6650
6897
6771
6433
5971
4940
3695
2250
808
25
-136
-84
-425
-1398
-2886
-4191
-4678
-4400
-3675
-3042
-2916
-2917
-2963
-2769
-2270
-1712
-1048
-262
662
1534
2286
2499
2263
2426
2892
3360
4099
4400
3785
2919
2298
1842
1598
1576
1147
175
-759
-1331
-1889
-2431
-2632
-2832
-2970
-2772
-2507
-2444
-2462
-2504
-2197
-1526
-874
-334
-165
-233
-174
-42
210
448
370
148
-148
-625
-1074
-1556
-2238
-2888
-3470
-3879
-4210
-4827
-5485
-5791
-6031
-6143
-6280
-6384
-5622
-4202
-2206
-838
-865
-1119
-1014
398
3332
6362
7911
7531
6424
5778
6329
7459
8058
7864
6990
6174
5449
4526
3212
1534
27
-421
-48
216
-494
-2514
-4619
-5809
-5531
-4135
-2862
-2551
-3137
-3839
-3850
-2963
-1802
-806
-78
523
1355
2151
2587
2747
2688
2869
3937
4854
5026
4538
3235
2066
1785
1983
2007
1488
335
-959
-1789
-2096
-2113
-2306
-2752
-2921
-2985
-2767
-2318
-2203
-2168
-1765
-1170
-484
96
215
159
372
843
1576
2096
1999
1535
835
562
546
361
-5
-792
-1690
-2479
-3109
-3569
-4438
-5431
-5760
-5886
-5818
-5774
-6568
-6876
-5943
-3925
-1292
-154
-590
-1184
-920
1324
5251
8510
9424
8359
6879
6709
8141
9762
10436
9916
8557
7490
6756
5585
3982
2060
510
293
636
346
-1214
-3842
-6077
-6615
-5463
-3855
-2942
-3467
-4825
-5613
-5243
-3771
-2182
-1218
-749
-296
298
1085
1633
1658
1783
2201
3149
4237
4142
3057
1715
489
397
1165
1480
866
-606
-2154
-3029
-3131
-2765
-2736
-3252
-3584
-3421
-3189
-2812
-2564
-2612
-2286
-1487
-518
156
339
290
377
920
1733
2232
2057
1567
1018
738
787
660
-37
-1335
-2478
-3221
-3865
-4245
-4887
-5787
-6425
-6779
-6803
-6793
-7147
-7634
-7118
-5299
-2423
-259
-272
-982
-1044
554
4517
8879
11297
10910
8821
7471
8328
10584
12306
12385
10921
9050
7770
6609
5230
3764
2098
1237
1078
663
-625
-3207
-5851
-6894
-6161
-4581
-3542
-3979
-5536
-6860
-6796
-5328
-3341
-2010
-1528
-1324
-899
30
989
1644
2042
2603
3501
4392
4823
4131
2926
2184
1955
2444
2949
2445
1023
-643
-1738
-2120
-1956
-1729
-2164
-2853
-3266
-3312
-3079
-2823
-2551
-2403
-1854
-946
-296
72
52
114
567
1320
1977
2215
1896
1381
1095
939
857
398
-458
-1155
-1838
-2476
-2937
-3870
-5121
-6240
-6651
-6623
-6547
-6506
-6888
-7478
-7727
-6768
-4856
-2444
-319
40
-201
409
2130
5356
8774
10814
10954
9783
9079
9829
11247
12162
11776
10287
8633
7566
6518
5194
3706
1938
652
-30
-702
-1920
-3961
-6082
-7043
-6811
-6091
-5738
-6408
-7516
-8032
-7519
-6055
-4249
-3105
-2642
-2400
-1801
-605
636
1527
2106
2584
3028
3473
3661
3372
2615
2038
1975
1883
1764
1234
171
-930
-1650
-1802
-1788
-1863
-2144
-2617
-2910
-2891
-2541
-2201
-1926
-1607
-1272
-730
-37
518
900
1314
1774
2124
2344
2392
2250
2087
1867
1646
1331
961
354
-297
-858
-1873
-2733
-3445
-4290
-4537
-4784
-5360
-5736
-6166
-6634
-6551
-6567
-6504
-5145
-3139
-639
1410
1312
822
1363
3269
7165
11161
12923
12258
10157
8695
9754
11881
12898
12373
10313
7980
6702
5438
4155
2899
1003
-425
-1164
-2134
-3617
-5653
-7587
-8144
-7510
-6709
-6450
-7284
-8642
-8873
-7859
-6092
-4234
-3633
-3771
-3406
-2458
-849
692
1226
1302
1485
1861
2391
2646
2364
1978
1647
1795
2196
1818
848
68
-496
-547
-143
-278
-887
-1469
-1758
-1550
-1184
-970
-1115
-1497
-1407
-925
-458
-22
203
293
639
1093
1390
1425
1305
1223
1208
1106
903
454
-89
-385
-826
-1403
-2060
-2910
-3597
-3986
-4233
-4491
-5149
-5721
-5954
-5849
-5233
-4713
-4885
-4521
-3066
-1049
1337
2367
1857
1650
2808
5552
9310
11718
11476
9380
7449
7743
9971
11682
11409
9363
6615
5148
4824
4504
3832
2082
-208
-1504
-2351
-3323
-4627
-6382
-7427
-7180
-6619
-6438
-7034
-8379
-8945
-7984
-6227
-4412
-3655
-4161
-4445
-3794
-2404
-675
276
187
116
240
864
1797
1799
1511
1472
1284
1659
2080
1612
1111
900
980
1289
1417
1343
983
782
974
1027
677
394
180
325
1058
1565
1323
602
28
25
641
1380
1676
1265
627
178
30
192
234
50
-284
-706
-1066
-1441
-1822
-2183
-2594
-2787
-3007
-3226
-3404
-3889
-4054
-3872
-3613
-3154
-3433
-3441
-2206
-594
1339
2415
1829
1226
1642
3469
6598
8971
9033
7229
5401
5268
7146
8869
9055
7838
5714
4273
4025
3865
3435
2287
578
-549
-1064
-1645
-2653
-4035
-5114
-5306
-5228
-5328
-5659
-6461
-6821
-6228
-5435
-4665
-4584
-5195
-5332
-4677
-3543
-2345
-1882
-2230
-2448
-2180
-1196
304
1068
1098
1178
1289
1575
2110
2623
2961
3208
3671
4054
3895
3525
3164
2823
2943
3302
3015
2224
1477
798
537
494
137
-391
-836
-944
-842
-972
-1224
-1592
-1893
-1602
-1157
-871
-809
-1128
-1602
-1710
-1511
-1187
-826
-594
-668
-1180
-1491
-1577
-1521
-1431
-1243
-1318
-1541
-1654
-1717
-2145
-2356
-1956
-1083
457
1259
651
-283
-365
879
3333
5369
5741
4445
2933
2989
4895
6914
7493
6359
4434
3531
3878
4610
4799
3598
1700
368
-66
66
-135
-1162
-2525
-3585
-4270
-4621
-4777
-5177
-5601
-5754
-5917
-6071
-6346
-6632
-6461
-5760
-4736
-3907
-3739
-3845
-3651
-2767
-1235
367
1472
1726
1785
2384
3292
4233
5192
5796
5773
5640
5522
5188
4959
4882
4676
4383
3758
2734
1619
842
532
323
-64
-777
-1658
-2312
-2337
-1935
-1734
-1946
-2288
-2595
-2417
-1746
-1092
-771
-894
-1101
-1033
-574
-22
397
508
305
152
44
69
180
90
-287
-814
-1425
-1933
-2129
-2301
-3001
-3620
-3612
-3432
-2830
-2454
-2940
-3432
-3357
-2288
-264
1343
1681
1106
499
1259
3492
5357
5808
4991
3692
3477
4474
5400
5648
4662
2965
1772
1485
1542
1326
223
-1233
-2279
-3022
-3529
-3962
-4818
-5631
-5866
-5878
-5627
-5633
-6017
-6149
-5832
-4978
-3765
-3067
-2805
-2430
-1795
-819
490
1588
2102
2462
3255
4350
5079
5450
5610
5414
5413
6163
6796
6689
6049
4956
3912
3566
3578
3390
2709
1681
531
-416
-852
-1019
-1415
-1784
-1978
-2192
-2350
-2300
-2162
-2097
-1712
-1131
-705
-244
139
459
966
1537
1924
2086
2061
2009
2023
1943
1587
909
191
-500
-879
-1322
-2085
-2839
-3784
-4853
-5000
-4599
-4082
-3633
-4135
-4995
-5013
-3868
-1919
90
961
726
84
231
2131
4717
6079
6022
4783
3834
4401
5629
6633
6505
4897
2957
2030
2045
2436
2156
689
-1005
-2300
-3031
-2957
-2993
-3607
-4426
-5383
-5886
-5710
-5441
-5302
-5244
-5255
-5080
-4739
-4315
-3682
-2950
-2290
-1557
-1001
-606
-105
816
2128
3034
3240
3209
3163
3483
4643
5768
5941
5135
3968
3117
3196
3795
3954
3045
1593
466
-34
125
235
-376
-1543
-2436
-2549
-2083
-1535
-1436
-1968
-2459
-2195
-1327
-377
341
426
168
139
577
1267
1764
1674
1117
601
381
432
305
-164
-822
-1553
-2057
-2209
-2529
-3375
-3952
-4183
-4088
-3640
-3576
-4060
-4477
-4239
-3146
-1560
-486
-159
-465
-482
764
2843
4337
4716
4117
3512
4128
5531
6742
6735
5283
3712
3158
3775
4728
4690
3119
1080
-306
-517
106
303
-559
-2017
-3463
-4123
-3876
-3628
-3798
-4405
-5125
-5388
-5079
-4622
-4248
-4158
-4060
-3596
-3052
-2384
-1498
-733
-46
728
1497
2171
2832
3594
4290
4764
4929
4938
4872
4921
5217
5205
4709
3874
2834
2189
2115
2155
1806
820
-525
-1575
-1893
-1516
-1125
-1262
-1936
-2780
-3092
-2527
-1578
-900
-834
-1228
-1407
-984
-112
747
1091
901
576
438
664
1066
1005
515
-63
-712
-1154
-1281
-1698
-2489
-3364
-3910
-4115
-4052
-3849
-3982
-4520
-4917
-4508
-3527
-2411
-1555
-1250
-1246
-969
-9
1486
2790
3436
3418
3232
3548
4493
5436
5823
5575
4880
4184
4054
4393
4541
3949
2766
1514
564
112
-131
-675
-1753
-3100
-4146
-4632
-4617
-4571
-4920
-5509
-6012
-6081
-5587
-4791
-4196
-3961
-3782
-3219
-2293
-1231
-315
293
758
1367
2163
2902
3417
3667
3772
3961
4306
4521
4392
3978
3489
3079
2879
2690
2282
1607
866
137
-444
-709
-909
-1149
-1403
-1661
-1796
-1678
-1372
-993
-626
-302
24
440
994
1639
2203
2558
2712
2771
2985
3231
3379
3346
2907
2200
1514
978
574
291
-213
-1081
-2072
-3009
-3606
-3822
-3871
-3961
-4212
-4546
-4695
-4619
-4303
-3597
-2787
-2094
-1430
-976
-596
53
984
2097
3101
3760
3959
3929
4129
4570
5084
5312
5034
4382
3677
3187
2779
2236
1495
591
-342
-1150
-1786
-2405
-3193
-3935
-4495
-4815
-4945
-4968
-5066
-5226
-5196
-4888
-4356
-3713
-3066
-2567
-2184
-1674
-1067
-403
308
916
1348
1594
1821
2094
2374
2554
2445
2082
1710
1463
1314
1112
721
146
-540
-956
-1073
-1141
-1238
-1446
-1606
-1562
-1296
-989
-787
-622
-391
2
545
1119
1531
1775
2096
2533
2989
3346
3431
3343
3285
3307
3360
3174
2592
1808
1148
707
455
83
-738
-1726
-2629
-3252
-3437
-3497
-3728
-4180
-4629
-4832
-4635
-4168
-3720
-3357
-3088
-2632
-1810
-919
-80
602
1065
1610
2318
3032
3636
4074
4289
4374
4429
4445
4360
4104
3793
3419
2912
2408
1881
1273
737
248
-332
-860
-1304
-1685
-1931
-2048
-2187
-2394
-2531
-2462
-2148
-1767
-1399
-1139
-989
-713
-323
132
646
1007
1237
1421
1598
1850
2042
2042
1909
1639
1338
1186
1045
833
495
18
-428
-664
-778
-826
-888
-1085
-1252
-1271
-1147
-838
-448
-62
306
640
977
1318
1664
2085
2536
2849
3023
3041
2993
3037
3137
3200
3073
2648
2077
1497
987
533
7
-609
-1159
-1635
-2069
-2429
-2825
-3306
-3704
-3995
-4159
-4127
-4113
-4110
-4049
-3923
-3649
-3292
-3004
-2708
-2355
-1975
-1510
-1078
-738
-443
-153
122
423
730
990
1102
1059
992
924
858
843
736
496
226
-59
-349
-614
-853
-1104
-1323
-1480
-1606
-1740
-1890
-2037
-2169
-2200
-2093
-1938
-1794
-1703
-1581
-1384
-1117
-879
-747
-671
-557
-386
-151
109
279
292
175
80
48
125
284
373
405
300
152
82
107
313
556
613
506
356
314
553
993
1377
1577
1555
1521
1729
2111
2589
2910
2971
2980
3020
3114
3253
3274
3129
2907
2707
2553
2314
1923
1451
1024
724
572
441
148
-277
-706
-1001
-1030
-913
-893
-967
-1044
-1088
-1027
-895
-844
-742
-529
-227
95
247
237
87
44
278
660
975
1050
908
754
773
948
1119
1150
1042
901
875
950
985
915
733
527
386
297
200
35
-163
-354
-499
-657
-855
-1037
-1187
-1243
-1241
-1243
-1265
-1317
-1383
-1444
-1411
-1348
-1208
-1003
-894
-850
-870
-946
-967
-842
-618
-414
-268
-247
-342
-416
-401
-270
-91
54
123
75
11
-3
-36
-39
5
40
120
250
374
422
397
324
325
457
647
814
850
774
659
599
605
602
490
287
72
-82
-225
-402
-641
-898
-1078
-1171
-1234
-1298
-1378
-1494
-1592
-1633
-1618
-1557
-1436
-1300
-1172
-1093
-1099
-1098
-1037
-842
-562
-365
-227
-136
-109
28
260
442
608
730
834
960
1034
1053
995
964
1035
1135
1200
1183
1071
934
907
1002
1066
990
836
629
442
340
292
248
156
8
-167
-359
-449
-456
-512
-525
-478
-444
-340
-155
2
155
264
349
487
714
992
1210
1304
1309
1270
1236
1299
1388
1404
1334
1200
1054
992
953
886
786
727
719
757
868
924
947
994
1027
1050
1095
1100
1022
946
826
712
649
545
418
269
79
-107
-285
-548
-799
-961
-1065
-1115
-1217
-1408
-1636
-1828
-1940
-1947
-1924
-1964
-1999
-2011
-1987
-1880
-1768
-1691
-1618
-1508
-1319
-1113
-942
-760
-659
-616
-451
-277
-126
7
67
41
15
5
-3
30
36
-11
-126
-314
-476
-591
-618
-585
-614
-694
-809
-960
-1071
-1157
-1222
-1241
-1257
-1247
-1225
-1229
-1259
-1265
-1274
-1265
-1172
-1071
-939
-743
-572
-432
-323
-218
-89
45
196
330
409
424
452
504
563
669
726
694
639
588
538
549
611
660
689
724
784
903
1088
1230
1301
1329
1315
1378
1496
1611
1675
1628
1475
1308
1195
1200
1256
1211
1025
691
314
55
-57
-140
-258
-486
-800
-1043
-1173
-1208
-1200
-1196
-1204
-1221
-1155
-1039
-900
-717
-546
-359
-105
161
387
555
676
803
944
1077
1191
1242
1247
1242
1214
1194
1195
1170
1092
1026
951
878
838
798
764
693
603
497
401
335
297
278
237
207
215
232
231
249
260
288
329
329
302
265
265
292
356
428
422
352
238
156
115
80
97
101
45
-18
-128
-242
-263
-249
-287
-355
-446
-555
-573
-531
-494
-474
-469
-451
-416
-330
-190
-75
-11
15
10
27
30
16
-14
-91
-159
-200
-272
-398
-544
-753
-974
-1116
-1246
-1381
-1521
-1708
-1899
-2011
-2089
-2100
-2072
-2091
-2131
-2130
-2052
-1892
-1672
-1437
-1187
-945
-746
-496
-247
-20
252
456
591
708
778
821
844
780
658
519
403
363
306
182
43
-109
-247
-297
-306
-350
-383
-431
-453
-403
-346
-301
-239
-178
-107
-15
19
53
133
271
447
611
703
722
740
774
855
985
1105
1190
1209
1173
1131
1095
1071
1066
1028
962
883
782
722
690
645
589
516
425
350
313
295
338
394
441
487
517
567
663
779
866
925
907
919
983
1021
1062
1017
887
747
631
544
484
307
7
-282
-515
-606
-606
-655
-807
-1017
-1210
-1243
-1119
-1000
-926
-937
-977
-905
-696
-437
-227
-100
-27
50
203
391
521
566
532
500
525
561
537
448
277
101
-19
-132
-255
-421
-636
-810
-925
-1014
-1073
-1143
-1220
-1262
-1262
-1227
-1194
-1157
-1102
-1026
-932
-845
-781
-739
-657
-499
-328
-201
-166
-190
-191
-138
-28
69
106
44
-27
-6
94
211
282
265
223
224
265
354
407
375
295
262
276
324
356
300
246
220
245
314
320
252
202
190
211
267
278
263
260
287
345
355
302
214
120
60
46
-2
-102
-230
-397
-468
-462
-484
-535
-656
-802
-865
-837
-732
-599
-539
-508
-445
-357
-184
24
184
278
353
433
528
639
735
777
772
759
742
743
730
674
594
491
394
321
303
285
225
136
44
12
26
45
48
-4
-69
-70
-14
93
163
156
108
50
52
113
174
220
247
252
280
330
372
417
442
416
398
409
402
445
493
517
556
542
513
506
469
439
417
397
395
389
397
381
341
305
293
280
245
225
185
148
144
132
87
29
-22
-47
-52
-65
-62
-49
-63
-74
-61
-78
-95
-125
-156
-159
-171
-238
-319
-393
-470
-490
-464
-428
-413
-480
-600
-687
-703
-630
-498
-397
-370
-397
-439
-425
-333
-224
-152
-122
-127
-144
-163
-184
-172
-191
-222
-213
-226
-250
-270
-334
-410
-449
-477
-419
-358
-328
-311
-338
-381
-342
-294
-251
-197
-218
-257
-274
-272
-244
-185
-189
-190
-196
-209
-167
-143
-102
-81
-93
-109
-100
-90
-71
-19
29
76
122
164
187
200
238
296
324
296
248
198
170
170
175
138
46
-58
-126
-94
-29
46
93
119
162
197
273
343
406
453
477
539
566
536
519
555
636
713
707
621
430
217
49
3
52
125
173
114
-9
-178
-314
-383
-341
-256
-188
-179
-205
-211
-235
-233
-244
-251
-266
-251
-205
-111
-70
-77
-138
-223
-284
-301
-59
125
255
223
79
-91
-279
-245
-129
41
107
108
21
-192
-413
-547
-549
-403
-199
-31
28
-11
-66
-180
-212
-256
-200
-123
-9
102
152
146
90
117
156
193
152
105
-7
-87
-120
-82
-20
6
13
-73
-177
-338
-376
-346
-268
-193
-241
-296
-384
-383
-343
-305
-263
-316
-361
-386
-282
-158
-24
112
178
213
143
189
281
351
443
545
595
587
546
474
448
389
339
328
304
156
61
-79
-202
-179
-240
-268
-364
-347
-298
-266
-193
-231
-240
-333
-310
-208
-167
-21
6
94
182
120
124
71
-4
35
215
356
377
295
129
50
-66
-36
130
244
445
438
345
236
128
-36
-139
-69
-48
-54
-81
-148
-207
-233
-206
-66
28
118
124
-40
-119
-90
-9
80
191
168
172
271
313
389
269
224
220
16
210
320
237
54
-165
-175
-260
-137
-85
-50
-20
-86
10
-13
-25
-61
-245
-170
-8
141
302
273
178
100
41
4
305
555
506
516
604
420
192
52
-23
34
13
-22
178
242
-44
-140
-230
-219
-308
-425
-146
-47
-249
-337
-250
-462
-529
-346
-218
-86
-123
-25
-84
-113
-58
-168
-26
-57
-145
154
288
226
169
306
274
64
148
176
217
204
13
-84
15
-183
-497
-376
-330
-289
-284
-415
-63
-333
-717
-660
-745
-538
-554
-488
-377
-216
-323
-639
-314
-429
-481
-237
-141
86
54
-106
-140
0
-1
-38
370
267
97
325
13
94
147
-108
53
224
227
-61
-24
75
-387
-447
-254
-241
130
-1
4
212
-192
-26
-129
256
414
85
369
84
-15
134
285
252
135
425
161
272
227
-98
346
88
-78
191
141
147
40
-396
-372
-62
-319
-97
82
-163
-83
-250
-472
-207
178
104
91
573
383
513
637
301
908
802
482
689
834
1033
757
801
698
623
495
231
777
454
138
78
-175
-54
-216
-283
-329
-155
-401
-650
-553
-706
-692
-643
-707
-604
-393
-654
-571
-347
-616
-377
-336
-455
93
200
32
146
65
180
303
181
440
620
524
136
82
168
-33
33
45
179
42
-110
-244
-290
-69
-495
-537
-260
-339
-378
-227
-442
-403
-330
-701
-226
46
-65
49
46
15
-300
-389
-113
-39
-214
-279
69
57
-195
-96
-32
-56
-163
-383
-200
58
-382
-252
162
-136
-199
-299
-130
227
275
388
377
453
36
-19
567
362
553
1018
505
435
705
330
535
594
565
626
496
590
529
233
-35
0
-122
-143
-141
-366
-431
-595
-1063
-844
-539
-858
-737
-485
-541
-498
-540
-589
-298
-188
-196
234
378
280
119
214
236
233
497
520
689
394
62
309
197
47
143
262
239
65
-269
205
368
215
-163
122
308
-611
-353
-102
-28
-29
-100
-306
-97
13
-696
-308
202
-39
-18
128
192
282
-4
-256
119
236
167
265
489
113
-142
-131
-393
82
384
224
326
166
-141
-316
-11
131
313
483
358
668
425
250
381
544
504
394
836
853
724
398
147
119
175
168
195
589
219
-29
-58
-171
-123
-387
-371
-324
-460
-486
-666
-703
-712
-1040
-849
-550
-575
-340
-580
-617
-292
-577
-300
-91
-167
-62
-113
38
28
93
-171
-205
193
56
299
1
-79
137
-26
-98
152
120
-212
-109
-175
-112
104
-269
-487
-243
-279
-466
-187
166
-160
-226
-420
-460
-246
-179
-303
2
288
-654
194
137
-45
336
-92
164
-80
34
-12
121
275
-315
110
243
-415
295
-24
89
418
-172
253
362
4
346
331
59
229
225
203
473
338
138
522
393
171
415
716
507
303
412
339
336
39
270
610
315
217
223
319
239
31
-3
-94
-216
40
-199
-390
104
-323
-376
-233
-167
-37
-383
-527
-367
-164
-346
-229
-114
16
-19
-288
-25
320
-40
10
183
142
115
-2
517
266
