1
-2
-8
-8
-3
-5
-5
-2
-5
-1
6
0
-1
5
-2
-2
1
-4
0
3
-3
1
3
0
2
-1
-3
1
-1
0
1
-5
-1
2
5
8
3
2
5
6
4
4
0
1
5
1
-2
2
0
-2
3
-2
-3
6
-1
-5
1
-5
-4
4
0
-3
-2
-3
-1
3
4
-3
-4
5
7
9
9
-1
4
14
11
4
-6
-6
3
4
1
-7
-11
3
3
-5
-4
-8
-1
11
6
-1
-2
-3
5
8
2
-3
0
3
5
0
-8
-5
5
3
-4
-5
-8
-4
0
-4
-5
0
-2
0
3
-3
-3
-1
4
9
6
-1
-2
1
3
4
-4
-9
-4
0
2
-2
-10
-5
1
6
5
-3
-6
-1
7
10
4
-2
-3
4
6
3
-2
-1
5
8
5
2
2
3
1
1
-2
-7
-9
-4
1
-4
-11
-10
-3
0
-1
-1
2
3
1
3
12
14
8
4
6
10
9
-1
-1
2
2
4
-2
-9
0
4
2
2
-4
-5
5
8
5
3
1
-5
2
6
3
1
-1
-3
7
9
1
0
0
-4
2
-1
-3
-2
-4
0
3
0
-7
-6
2
-1
-5
-4
-4
5
11
-1
-1
3
1
4
3
-1
-4
-8
-3
4
0
2
-3
-12
0
3
-8
0
4
-5
-5
-3
-4
6
8
0
-1
-4
-4
3
3
-2
3
2
1
1
-5
-6
-4
-9
-9
-5
-7
-1
7
1
-4
1
1
8
10
-4
0
13
14
14
11
2
3
5
0
-8
-8
-8
-4
0
-4
-5
1
-4
-4
4
-4
-5
8
4
8
15
3
3
10
5
-1
-3
-1
1
0
2
-2
-1
4
-3
-9
-6
-5
-4
1
-3
-4
0
-1
-7
-4
-2
-2
-2
4
7
10
13
4
1
14
10
6
7
-3
1
6
-9
-7
-1
-8
-6
-14
-20
-6
0
-1
-3
-10
-2
11
13
10
3
-1
12
14
6
2
-5
-6
1
2
-6
-9
-11
-8
0
-4
-10
3
3
-3
5
-1
-6
4
0
-4
-1
-3
1
9
10
4
-3
5
13
9
5
3
3
3
5
10
-1
-10
-4
-7
-7
-3
-10
0
9
-3
-4
-3
0
14
9
-4
-2
2
6
15
6
-10
-8
-1
2
2
-1
-2
2
7
8
4
4
1
-4
-6
-9
-2
7
-1
-8
-10
-9
1
7
-3
-8
-3
-2
5
12
8
7
10
3
0
7
3
-1
1
-5
-4
-1
-7
-8
2
-2
-5
-6
-8
2
8
1
-4
-5
-1
7
9
3
0
2
4
5
8
1
-2
4
6
8
9
2
-3
0
-8
-13
-8
-7
0
8
0
-1
3
-2
2
2
-9
-4
2
1
7
7
6
9
0
-8
-10
-10
-9
-2
3
4
4
5
4
3
2
-4
-7
-5
-1
5
6
1
-3
-2
-2
-5
-9
-10
-4
1
0
5
16
15
9
2
-5
-2
1
-1
4
5
3
13
11
5
1
-10
-9
2
1
-1
1
-1
3
6
2
-5
-10
-11
-8
-1
2
4
10
7
0
2
-5
-1
5
-5
-1
4
3
14
8
-5
1
-5
-8
1
-8
-1
0
-6
-5
-7
3
1
-5
-8
-13
-2
7
7
14
7
1
4
2
-1
1
-1
-3
1
-3
-4
6
3
-5
-5
-9
-9
2
5
4
7
1
2
12
10
1
-1
-10
-12
-3
-5
-9
-4
-9
-13
-9
-8
-4
6
5
1
5
11
16
19
14
8
12
11
7
3
-3
-2
1
-8
-11
-13
-14
-11
-15
-15
-10
-10
-1
3
4
9
4
6
16
14
19
18
10
19
17
5
5
-3
-4
1
-10
-18
-23
-20
-21
-18
-14
-20
-13
-5
-1
8
12
4
10
23
20
21
21
13
14
13
3
2
-1
-7
-6
-9
-17
-14
-9
-9
-5
-7
-11
-13
-5
12
13
5
5
3
10
16
11
9
8
4
9
14
12
5
1
-2
-3
-9
-14
-16
-11
-9
-12
-15
-12
-6
-1
0
-2
-4
3
10
12
13
15
9
3
3
4
5
0
-8
-9
-8
-11
-6
-4
-13
-12
-11
-9
-2
0
0
4
6
5
7
8
9
10
5
3
4
10
11
5
0
-4
-5
-4
-5
-11
-11
-8
-9
-5
-3
-7
-6
3
5
5
9
10
10
12
12
12
9
6
5
-1
-9
-13
-11
-6
-4
-10
-15
-15
-8
-3
1
5
2
-1
7
13
15
14
7
6
7
4
4
-1
-5
-4
-6
-6
-7
-14
-10
-9
-13
-16
-12
-8
0
4
4
12
14
8
12
16
13
12
8
7
15
12
3
-2
-11
-17
-14
-15
-16
-12
-11
-5
3
2
4
9
7
7
9
14
15
11
12
12
10
5
-2
-4
-6
-7
-10
-13
-10
-9
-11
-4
-6
-10
-3
-8
-5
12
14
11
15
11
16
22
6
-6
-5
-3
-2
-3
-12
-12
-6
-10
-14
-12
-14
-7
1
0
7
14
13
17
19
12
9
5
1
5
6
0
-3
-4
-6
-8
-15
-24
-21
-16
-10
-8
-9
-9
0
4
5
8
9
12
19
22
20
20
17
11
10
3
-4
-9
-11
-15
-16
-13
-19
-22
-18
-21
-17
-10
-9
0
10
14
20
27
20
17
15
14
18
13
4
6
4
0
-2
-11
-17
-10
-12
-15
-13
-14
-11
-5
-8
-8
1
3
4
10
10
16
23
18
13
12
8
6
6
3
-6
-12
-15
-13
-7
-6
-12
-12
-8
-2
3
4
3
5
8
12
10
9
13
17
14
9
0
1
5
2
-5
-11
-16
-15
-11
-13
-13
-14
-13
-6
1
5
9
14
17
19
17
12
14
16
8
6
3
0
1
-9
-22
-23
-29
-24
-18
-17
-10
-6
-3
9
13
16
14
10
15
17
16
13
6
6
4
-7
-10
-13
-14
-10
-15
-17
-11
-10
-2
4
-2
-5
-1
5
10
8
2
3
9
7
6
4
5
10
7
-1
-3
-1
3
4
-4
-7
-4
-3
-6
-11
-10
-5
-2
-1
2
9
15
14
12
16
18
13
11
5
1
0
-7
-13
-15
-15
-17
-17
-16
-15
-12
-3
1
7
11
10
16
22
18
18
17
15
12
4
-3
-4
-7
-12
-16
-17
-16
-17
-19
-15
-5
2
5
8
13
17
14
12
12
15
14
6
-1
-1
3
-1
-8
-11
-9
-5
-6
-10
-9
-5
1
1
-4
-6
-4
-1
-1
-2
5
10
11
6
4
6
9
4
1
0
2
3
0
-3
-8
-11
-12
-13
-14
-15
-10
-3
2
3
5
11
16
19
19
16
12
10
8
6
3
-3
-10
-15
-15
-16
-15
-17
-16
-10
-4
-1
1
5
12
16
15
13
10
6
3
4
5
4
-2
-8
-6
-2
-5
-12
-12
-2
4
1
-7
-6
0
6
5
3
1
1
5
9
7
4
4
9
10
6
-1
-5
-4
-2
-1
-3
-8
-11
-9
-5
-3
-6
-9
-6
1
7
11
9
7
8
11
11
10
6
5
5
5
1
-4
-6
-9
-9
-8
-7
-9
-5
0
7
9
7
6
7
8
7
2
1
3
5
2
-2
-5
-6
-7
-7
-4
-1
-2
-4
-3
0
0
-1
-3
2
5
3
-3
-5
-2
1
0
-2
-3
0
1
1
1
-1
1
0
-2
-2
-2
-2
0
0
-3
-6
-4
-1
-2
-5
-4
0
6
5
7
5
4
4
3
2
1
-1
0
-1
-3
-4
-2
2
1
-4
-7
-3
5
8
6
2
3
4
6
2
-1
-3
-3
-3
-3
-4
-4
-2
0
3
3
5
6
8
7
4
3
5
9
9
4
-2
-5
-7
-6
-4
-6
-7
-11
-11
-7
-4
-5
-7
-4
3
6
6
5
5
8
7
5
4
4
3
2
0
-3
-4
-2
2
3
2
1
0
0
0
3
2
1
-1
0
1
-1
-3
1
7
5
-2
-6
-1
1
-2
-4
-4
-1
-2
-1
1
2
2
1
1
2
-1
-2
-2
1
2
3
4
3
3
4
5
1
-1
1
1
-2
-4
-3
-2
-4
-7
-4
-1
0
-1
0
4
3
3
0
6
8
3
0
2
4
5
3
2
4
1
-6
-10
-10
-7
-7
-9
-8
-6
-2
0
4
6
5
3
5
7
3
3
5
9
7
0
-2
-1
-2
-8
-10
-5
4
4
-1
-1
3
3
-1
-4
-3
1
4
2
0
3
7
5
3
2
2
6
5
2
-4
-5
-6
-2
-2
-5
-6
-2
2
2
-1
-3
-2
-1
-2
-3
-1
4
7
7
8
9
10
7
4
-1
-3
-5
-6
-4
-3
-2
-2
-3
-1
-2
-6
-10
-7
-2
0
1
4
10
13
11
9
7
6
3
3
3
2
-4
-11
-16
-15
-14
-10
-8
-4
0
3
5
5
6
6
6
6
5
4
3
4
3
-1
-3
-9
-14
-18
-17
-14
-9
-2
2
7
9
8
8
9
10
10
11
11
10
8
4
-2
-5
-6
-8
-9
-8
-4
-2
-3
-7
-5
-1
3
1
-1
0
3
3
5
7
7
1
-3
-4
-3
1
2
3
4
1
-1
-3
-4
-5
-7
-7
-6
-3
-2
-1
-2
1
0
-1
-2
-2
0
0
1
3
6
6
5
2
1
0
-2
-4
-5
-5
-3
-1
1
1
-3
-2
3
8
6
1
1
4
2
-2
-4
0
2
0
-3
-1
-1
-1
0
4
2
-3
-2
4
8
6
2
3
9
9
4
-1
-5
-5
-5
-8
-10
-8
-5
1
3
5
7
8
10
13
12
7
0
-3
-3
-2
-4
-9
-10
-8
-5
-5
-3
-2
0
1
4
8
9
11
14
16
17
11
6
2
2
-1
-9
-15
-16
-16
-15
-18
-13
-7
1
5
8
11
12
14
11
12
10
9
4
0
0
-1
-2
-6
-7
-5
-7
-8
-9
-8
-8
-7
-2
1
2
1
3
6
4
0
6
13
13
8
6
7
3
-5
-5
-1
0
-4
-7
-2
-1
-6
-7
-5
-4
-7
-7
-2
2
0
3
4
8
6
1
4
10
11
12
8
4
3
-2
-12
-16
-16
-10
-3
0
0
1
6
7
7
7
11
14
13
13
12
11
11
10
5
2
2
0
-6
-10
-12
-15
-19
-16
-11
-7
-3
-1
0
9
15
11
8
7
4
3
0
-2
-6
-5
-2
1
-3
-4
-7
-5
-2
-8
-16
-14
-12
-8
-2
-2
5
14
13
15
19
15
16
21
18
16
14
15
13
5
-7
-15
-20
-23
-23
-24
-21
-14
-8
-2
4
5
3
1
2
2
4
7
7
8
9
5
-3
-10
-12
-15
-13
-12
-11
-7
-5
-2
5
17
21
23
21
19
16
15
16
14
12
5
-2
-6
-7
-9
-11
-11
-10
-11
-14
-17
-20
-25
-30
-29
-23
-16
-10
-4
3
9
12
13
17
23
26
21
14
13
13
12
7
4
1
-1
-6
-10
-9
-7
-5
-2
1
1
-1
-3
-4
-5
-2
3
8
10
4
-2
-3
-1
1
-2
-7
-10
-14
-19
-20
-18
-15
-14
-15
-9
-1
2
4
10
19
22
21
22
26
29
21
17
19
22
19
12
7
4
4
2
1
1
1
-1
-4
-8
-12
-14
-15
-12
-7
-4
-1
-1
-1
-4
-9
-16
-20
-20
-19
-19
-19
-16
-15
-14
-14
-15
-9
0
12
21
29
32
35
40
50
65
83
97
102
104
101
89
81
76
67
54
27
-5
-38
-72
-89
-66
-43
-40
-57
-113
-201
-287
-338
-328
-283
-234
-204
-218
-263
-309
-304
-154
160
547
898
1069
996
739
379
66
-73
-27
170
408
558
537
310
-29
-343
-563
-636
-575
-458
-346
-321
-407
-552
-674
-700
-623
-474
-304
-184
-112
-53
27
176
365
541
681
722
640
498
357
291
326
409
501
546
473
305
106
-90
-237
-324
-380
-422
-470
-513
-537
-567
-599
-616
-623
-605
-546
-457
-332
-203
-121
-57
7
49
72
85
115
189
253
283
322
357
365
344
301
281
298
315
325
318
280
224
152
81
20
-41
-104
-161
-209
-261
-320
-345
-311
-227
-140
-90
-79
-96
-140
-185
-186
-127
-28
81
194
280
327
345
333
314
308
293
300
337
366
394
405
367
301
220
138
96
73
39
9
-6
-17
-44
-91
-132
-163
-191
-229
-268
-285
-275
-256
-237
-198
-145
-105
-72
-40
-4
47
97
141
195
225
193
133
65
-10
-51
-38
3
52
70
46
6
-44
-90
-115
-116
-105
-111
-144
-181
-221
-304
-362
-369
-349
-287
-218
-165
-127
-143
-181
-204
-213
-190
-164
-154
-152
-167
-159
-117
-54
30
91
113
91
54
29
8
10
35
70
115
159
191
219
233
247
267
268
255
218
165
123
87
54
41
50
68
88
98
110
128
139
139
132
128
132
135
133
139
141
157
204
262
337
389
396
377
358
333
319
316
318
345
341
341
356
345
329
270
219
191
157
125
109
92
33
-47
-152
-212
-223
-225
-228
-254
-268
-311
-374
-394
-372
-337
-301
-276
-273
-278
-302
-345
-366
-343
-315
-287
-238
-180
-135
-129
-140
-172
-228
-276
-353
-470
-596
-728
-848
-931
-999
-1043
-1072
-1089
-1073
-1025
-933
-826
-724
-613
-506
-394
-289
-206
-113
16
163
310
471
650
824
972
1097
1198
1258
1267
1223
1146
1066
1000
948
913
881
811
676
499
325
152
-12
-139
-254
-358
-469
-648
-852
-1010
-1128
-1153
-1038
-810
-513
-228
30
301
552
731
838
909
973
1017
1036
1071
1150
1240
1293
1302
1305
1319
1314
1264
1162
1029
883
706
495
299
130
-40
-230
-396
-468
-475
-468
-438
-410
-410
-436
-505
-559
-543
-514
-510
-505
-490
-450
-393
-337
-287
-260
-264
-292
-330
-381
-484
-655
-887
-1157
-1427
-1658
-1822
-1899
-1896
-1856
-1819
-1784
-1717
-1619
-1515
-1434
-1358
-1225
-1097
-1029
-920
-720
-484
-254
-42
198
486
735
921
1101
1293
1435
1453
1404
1412
1461
1436
1326
1249
1274
1312
1281
1229
1217
1188
1035
809
633
523
391
204
31
-74
-188
-358
-462
-448
-399
-368
-354
-337
-286
-266
-303
-298
-265
-283
-324
-327
-281
-203
-119
-9
158
348
528
718
948
1167
1299
1347
1357
1352
1321
1259
1191
1135
1077
1006
940
899
869
814
706
563
446
372
282
149
30
-50
-157
-310
-423
-428
-386
-366
-333
-233
-118
-64
-36
25
76
67
45
69
108
92
35
-14
-66
-157
-292
-444
-583
-736
-937
-1200
-1540
-1904
-2258
-2626
-2946
-3148
-3269
-3342
-3371
-3323
-3145
-2920
-2757
-2587
-2332
-2036
-1799
-1580
-1274
-908
-612
-396
-109
297
766
1158
1469
1833
2187
2447
2578
2688
2844
2897
2803
2609
2449
2349
2169
1893
1666
1568
1445
1174
881
722
605
344
-29
-326
-502
-716
-1023
-1261
-1318
-1318
-1386
-1428
-1314
-1126
-1016
-964
-853
-667
-510
-442
-393
-282
-133
-14
108
337
649
921
1119
1333
1603
1857
1995
2030
2038
2030
1942
1769
1600
1479
1350
1164
990
925
945
933
855
797
798
756
594
403
289
194
0
-222
-303
-241
-187
-186
-116
69
248
333
391
485
539
464
298
154
46
-96
-292
-480
-626
-786
-1014
-1264
-1465
-1668
-1975
-2367
-2740
-3049
-3346
-3640
-3866
-4003
-4096
-4138
-4063
-3868
-3634
-3391
-3104
-2767
-2430
-2105
-1749
-1351
-975
-655
-336
53
462
820
1167
1544
1930
2280
2558
2774
2973
3107
3084
2927
2767
2671
2555
2339
2116
1969
1818
1566
1267
1052
908
695
407
168
-3
-212
-496
-760
-899
-976
-1090
-1176
-1142
-1033
-942
-891
-820
-665
-472
-312
-180
-36
139
299
426
574
768
982
1181
1370
1580
1800
1992
2110
2167
2201
2195
2139
2050
1924
1764
1561
1313
1076
873
714
597
476
367
337
326
277
214
164
116
28
-89
-140
-109
-98
-124
-123
-67
7
70
157
296
418
466
471
447
377
255
86
-124
-379
-682
-996
-1285
-1565
-1856
-2171
-2505
-2826
-3156
-3479
-3712
-3865
-4032
-4216
-4308
-4248
-4108
-3965
-3785
-3504
-3161
-2846
-2532
-2116
-1626
-1177
-807
-449
-17
449
866
1234
1575
1916
2245
2470
2620
2819
3024
3095
2992
2854
2797
2703
2455
2175
1998
1834
1523
1142
887
747
509
152
-115
-252
-439
-733
-974
-1059
-1100
-1232
-1356
-1317
-1173
-1063
-995
-881
-674
-473
-368
-268
-79
135
283
377
531
780
1003
1147
1316
1571
1824
1975
2065
2165
2250
2234
2124
2000
1894
1753
1554
1353
1199
1072
939
783
632
529
477
426
358
315
322
290
178
80
73
103
91
55
91
208
306
357
448
576
655
647
599
584
561
423
217
20
-186
-447
-774
-1092
-1364
-1693
-2105
-2502
-2838
-3146
-3510
-3862
-4081
-4244
-4409
-4519
-4526
-4404
-4221
-4039
-3794
-3467
-3110
-2742
-2370
-1953
-1486
-1039
-656
-284
154
621
998
1310
1670
2074
2389
2581
2769
2978
3092
3049
2937
2911
2915
2737
2421
2190
2031
1783
1414
1082
891
680
338
34
-124
-279
-534
-791
-909
-939
-1033
-1136
-1105
-1004
-935
-869
-745
-542
-325
-184
-63
118
295
448
613
780
990
1229
1400
1527
1706
1910
2062
2136
2189
2251
2250
2175
2078
1957
1802
1608
1374
1136
958
855
721
526
401
414
440
378
322
377
442
376
272
302
407
391
278
253
331
351
292
301
415
511
493
444
452
456
333
103
-104
-283
-535
-889
-1215
-1479
-1804
-2227
-2655
-2970
-3260
-3584
-3892
-4082
-4161
-4270
-4363
-4351
-4205
-4041
-3909
-3708
-3424
-3071
-2728
-2381
-1987
-1556
-1124
-752
-352
95
551
958
1275
1607
1936
2214
2415
2556
2734
2839
2834
2777
2717
2670
2499
2238
2001
1787
1543
1197
868
612
356
46
-259
-440
-568
-754
-974
-1108
-1123
-1161
-1237
-1248
-1145
-1015
-957
-892
-746
-542
-377
-249
-80
141
344
481
632
866
1124
1320
1474
1684
1920
2091
2178
2246
2339
2385
2344
2245
2140
2031
1857
1633
1419
1255
1128
957
768
639
605
597
531
496
554
618
590
504
510
563
539
452
411
437
419
344
317
362
387
352
328
353
364
282
130
-41
-236
-498
-828
-1175
-1523
-1908
-2341
-2758
-3108
-3429
-3748
-4001
-4135
-4203
-4273
-4297
-4207
-4041
-3875
-3701
-3471
-3186
-2887
-2591
-2264
-1894
-1519
-1165
-817
-441
-38
379
768
1113
1453
1812
2116
2303
2455
2640
2758
2699
2571
2526
2482
2278
1984
1786
1652
1408
1081
843
705
515
230
-23
-158
-281
-496
-728
-837
-856
-926
-1038
-1054
-954
-868
-846
-773
-572
-349
-217
-84
170
446
589
685
881
1116
1259
1360
1538
1740
1861
1941
2062
2186
2236
2244
2251
2215
2123
2029
1926
1756
1552
1379
1206
999
824
723
637
542
499
526
558
556
556
577
581
561
556
548
518
476
444
409
375
355
337
296
260
292
306
269
189
85
-38
-276
-548
-811
-1095
-1452
-1887
-2279
-2657
-3051
-3412
-3709
-3926
-4087
-4194
-4239
-4205
-4090
-3939
-3773
-3569
-3322
-3060
-2788
-2509
-2209
-1872
-1526
-1209
-899
-532
-112
282
608
931
1307
1672
1918
2083
2279
2466
2505
2406
2350
2353
2239
1964
1720
1591
1426
1137
849
709
583
353
117
-21
-80
-246
-466
-597
-669
-753
-897
-998
-1014
-986
-937
-884
-784
-630
-471
-334
-163
88
345
528
672
862
1066
1207
1309
1453
1603
1679
1712
1785
1886
1936
1944
1958
1971
1946
1897
1839
1737
1594
1458
1333
1165
978
861
807
730
645
648
729
770
752
777
863
914
885
848
853
838
734
590
494
434
334
202
121
93
31
-75
-158
-199
-271
-432
-638
-823
-1023
-1304
-1634
-1944
-2280
-2676
-3052
-3343
-3594
-3823
-3981
-4058
-4100
-4103
-4016
-3851
-3679
-3518
-3302
-3016
-2729
-2466
-2167
-1814
-1486
-1218
-928
-562
-188
115
388
714
1083
1396
1614
1800
2017
2194
2223
2169
2173
2184
2043
1789
1603
1523
1360
1062
837
764
654
433
256
212
176
47
-98
-162
-195
-270
-361
-410
-399
-369
-374
-385
-340
-243
-147
-78
49
256
430
538
663
852
1045
1172
1272
1422
1569
1657
1725
1812
1906
1950
1956
1954
1937
1910
1855
1742
1629
1529
1390
1226
1103
1028
941
812
731
739
767
754
747
793
859
884
880
895
908
879
810
714
611
530
464
371
249
181
170
87
-56
-132
-179
-318
-544
-740
-884
-1116
-1456
-1782
-2089
-2441
-2829
-3173
-3426
-3652
-3868
-4013
-4103
-4138
-4070
-3946
-3811
-3639
-3408
-3142
-2878
-2612
-2306
-2001
-1743
-1502
-1227
-922
-596
-264
30
319
670
1037
1331
1565
1804
2040
2171
2190
2237
2317
2278
2101
1921
1809
1667
1432
1179
996
837
626
393
230
147
37
-145
-298
-340
-355
-448
-559
-574
-540
-574
-640
-608
-487
-402
-347
-205
23
216
349
519
750
956
1124
1301
1490
1655
1790
1925
2052
2129
2170
2187
2170
2137
2079
1973
1845
1708
1553
1395
1254
1137
1035
905
785
760
775
728
671
682
702
636
547
544
557
462
331
293
300
238
145
129
156
121
52
56
104
90
5
-80
-156
-289
-490
-712
-945
-1209
-1523
-1865
-2189
-2491
-2790
-3085
-3346
-3537
-3687
-3835
-3907
-3883
-3834
-3772
-3671
-3530
-3353
-3156
-2922
-2671
-2448
-2206
-1897
-1601
-1323
-993
-617
-283
-13
285
654
981
1189
1375
1609
1794
1861
1880
1933
1932
1803
1636
1523
1432
1283
1071
905
812
690
523
387
321
267
148
17
-31
-52
-141
-256
-306
-297
-315
-362
-338
-227
-113
-27
110
340
576
755
941
1199
1472
1668
1822
1998
2165
2258
2302
2350
2381
2334
2236
2163
2108
2022
1880
1732
1638
1527
1388
1238
1123
1026
884
746
662
595
502
413
367
339
284
231
229
248
236
229
257
279
281
303
332
316
280
285
309
276
195
127
46
-79
-271
-456
-638
-866
-1141
-1458
-1769
-2084
-2401
-2716
-3003
-3242
-3457
-3649
-3826
-3912
-3897
-3868
-3817
-3738
-3599
-3390
-3164
-2928
-2672
-2393
-2092
-1784
-1478
-1149
-788
-469
-186
125
460
780
1042
1257
1486
1690
1797
1870
1957
2010
1974
1859
1759
1690
1591
1405
1183
1028
877
688
492
333
229
86
-86
-175
-185
-205
-300
-360
-313
-271
-295
-282
-168
-55
5
94
256
417
539
670
841
1027
1201
1385
1583
1757
1905
2052
2189
2284
2342
2366
2333
2277
2233
2130
1950
1769
1607
1417
1194
1000
868
712
522
419
395
345
262
217
246
252
185
156
194
183
119
99
122
124
96
83
99
119
136
175
210
228
240
210
110
-4
-118
-288
-529
-800
-1072
-1367
-1725
-2112
-2446
-2741
-3048
-3335
-3542
-3689
-3827
-3917
-3912
-3840
-3761
-3664
-3519
-3325
-3107
-2890
-2670
-2418
-2131
-1857
-1608
-1328
-1007
-704
-444
-170
172
523
793
999
1227
1470
1623
1685
1746
1800
1783
1682
1554
1472
1393
1220
992
835
739
606
415
276
224
139
-18
-125
-137
-164
-261
-339
-327
-269
-246
-213
-117
19
173
315
503
749
993
1217
1430
1677
1930
2106
2256
2391
2496
2544
2524
2488
2433
2344
2226
2082
1937
1785
1612
1443
1293
1156
996
848
742
655
566
461
387
339
276
223
197
172
130
110
128
141
143
183
257
314
345
401
482
527
523
520
532
507
413
282
145
-7
-205
-445
-692
-930
-1190
-1510
-1859
-2168
-2442
-2753
-3074
-3323
-3510
-3717
-3925
-4008
-4003
-4013
-4033
-3968
-3773
-3545
-3323
-3076
-2771
-2419
-2075
-1745
-1401
-1013
-619
-292
0
341
709
1005
1224
1460
1724
1886
1918
1965
2039
2055
1947
1786
1701
1596
1379
1110
905
760
574
349
161
51
-50
-202
-334
-368
-352
-395
-462
-442
-337
-265
-226
-141
22
199
322
460
671
921
1126
1300
1531
1786
2012
2167
2299
2453
2572
2611
2603
2582
2549
2452
2273
2090
1923
1741
1499
1244
1055
872
664
455
311
233
143
58
-2
-20
-22
-46
-78
-82
-60
-57
-80
-88
-49
-3
15
35
98
182
233
261
315
364
353
296
217
104
-43
-225
-446
-681
-934
-1221
-1540
-1873
-2190
-2489
-2788
-3052
-3249
-3421
-3581
-3694
-3746
-3736
-3693
-3647
-3537
-3364
-3170
-2961
-2739
-2472
-2177
-1886
-1601
-1289
-931
-592
-286
17
340
652
903
1113
1328
1530
1648
1690
1719
1738
1685
1560
1428
1307
1160
966
746
550
378
198
19
-126
-231
-329
-427
-500
-533
-539
-546
-556
-521
-426
-322
-230
-103
79
281
474
675
905
1147
1384
1613
1841
2061
2259
2417
2538
2651
2758
2813
2796
2740
2656
2527
2349
2159
1967
1746
1493
1244
1022
820
626
448
308
203
137
95
61
55
43
34
21
29
65
69
65
73
100
131
159
211
270
314
351
395
433
442
418
365
273
133
-36
-232
-465
-747
-1073
-1410
-1755
-2097
-2429
-2754
-3040
-3283
-3489
-3653
-3760
-3783
-3756
-3696
-3595
-3444
-3236
-3022
-2800
-2550
-2282
-2010
-1758
-1470
-1154
-852
-559
-277
16
309
588
834
1052
1274
1468
1593
1662
1717
1752
1717
1619
1503
1372
1192
979
753
553
374
177
-11
-153
-266
-374
-472
-542
-563
-567
-590
-588
-512
-409
-322
-216
-54
134
305
481
704
951
1192
1418
1645
1884
2113
2307
2470
2616
2735
2806
2829
2804
2738
2630
2469
2255
2031
1806
1551
1277
1040
838
627
425
274
158
41
-48
-92
-128
-175
-189
-171
-179
-202
-191
-149
-121
-104
-64
1
54
105
174
244
303
347
386
413
399
349
272
130
-57
-252
-461
-696
-976
-1304
-1636
-1956
-2258
-2532
-2783
-2999
-3175
-3332
-3442
-3461
-3417
-3359
-3285
-3151
-2957
-2765
-2575
-2348
-2109
-1882
-1656
-1423
-1166
-896
-659
-436
-174
106
372
605
814
1015
1197
1319
1392
1449
1477
1444
1345
1218
1094
936
715
480
282
101
-97
-293
-442
-549
-642
-725
-757
-738
-702
-671
-625
-535
-415
-301
-194
-48
146
337
513
720
970
1223
1462
1691
1933
2173
2367
2526
2672
2784
2852
2871
2826
2764
2680
2520
2305
2088
1866
1630
1374
1127
922
726
533
379
285
225
159
89
53
45
21
-17
-35
-32
-45
-70
-63
-23
15
33
68
141
215
264
308
353
374
347
290
218
118
-25
-211
-433
-667
-914
-1185
-1478
-1780
-2075
-2351
-2612
-2841
-3020
-3175
-3296
-3348
-3342
-3293
-3200
-3083
-2930
-2741
-2546
-2324
-2056
-1789
-1531
-1272
-1014
-763
-520
-286
-52
186
433
665
864
1040
1204
1338
1425
1468
1473
1444
1373
1266
1123
958
778
586
392
189
5
-148
-289
-413
-520
-586
-629
-668
-665
-626
-572
-524
-463
-341
-196
-43
117
297
509
705
902
1122
1355
1599
1799
1966
2146
2309
2444
2522
2591
2652
2639
2569
2482
2388
2248
2038
1817
1611
1388
1145
920
733
566
399
255
153
90
52
22
-13
-39
-55
-74
-100
-112
-107
-103
-96
-57
5
52
82
129
195
242
257
262
264
237
150
26
-103
-242
-416
-648
-898
-1138
-1388
-1658
-1923
-2163
-2386
-2586
-2779
-2911
-2975
-3013
-3002
-2965
-2876
-2725
-2574
-2402
-2212
-2005
-1773
-1555
-1349
-1134
-929
-729
-532
-350
-146
60
227
383
553
742
885
976
1064
1134
1156
1101
1034
960
846
680
475
290
99
-102
-297
-460
-569
-671
-757
-819
-838
-819
-786
-737
-664
-562
-450
-336
-211
-55
122
297
467
651
856
1061
1248
1437
1637
1835
2002
2144
2276
2391
2462
2479
2476
2444
2376
2258
2103
1950
1772
1579
1382
1201
1043
868
703
559
456
382
300
229
184
158
118
64
51
55
38
7
-1
23
34
36
60
106
150
166
178
195
194
152
90
21
-80
-230
-405
-580
-776
-1002
-1235
-1459
-1681
-1903
-2109
-2293
-2452
-2581
-2668
-2705
-2695
-2645
-2563
-2444
-2292
-2110
-1902
-1681
-1450
-1237
-1021
-800
-591
-388
-207
-16
162
314
464
601
728
822
895
962
1019
1057
1051
1009
946
857
728
574
421
252
51
-160
-346
-514
-673
-811
-915
-993
-1043
-1058
-1036
-978
-885
-775
-645
-495
-332
-158
32
229
417
611
817
1016
1200
1380
1568
1741
1889
2022
2148
2247
2296
2310
2314
2297
2239
2151
2041
1923
1771
1589
1401
1220
1051
877
728
623
530
430
331
270
229
179
132
114
112
96
75
74
85
79
65
69
85
95
102
117
123
110
84
59
18
-55
-153
-280
-436
-607
-794
-997
-1216
-1445
-1673
-1882
-2064
-2228
-2367
-2458
-2506
-2532
-2526
-2473
-2376
-2253
-2114
-1940
-1724
-1494
-1276
-1047
-805
-586
-400
-213
-12
171
318
448
576
691
786
866
939
985
993
968
926
869
777
649
500
342
163
-34
-232
-414
-588
-763
-928
-1050
-1132
-1202
-1253
-1246
-1191
-1117
-1036
-925
-791
-648
-493
-320
-132
77
277
468
662
856
1053
1250
1422
1599
1764
1882
1983
2070
2135
2142
2109
2070
2015
1926
1807
1684
1552
1402
1247
1109
977
853
759
675
597
520
467
424
372
320
261
228
210
181
163
151
127
110
106
94
94
104
111
123
126
95
44
-17
-88
-180
-296
-432
-587
-758
-939
-1151
-1365
-1549
-1736
-1901
-2017
-2119
-2212
-2258
-2256
-2226
-2168
-2068
-1928
-1756
-1560
-1348
-1131
-906
-674
-456
-253
-44
157
339
494
635
772
876
951
1029
1088
1114
1117
1092
1050
990
887
756
611
438
254
70
-135
-345
-541
-720
-877
-1022
-1151
-1245
-1298
-1319
-1314
-1274
-1194
-1084
-966
-828
-662
-474
-268
-62
136
354
578
782
988
1196
1381
1531
1655
1771
1875
1937
1959
1956
1933
1883
1791
1672
1549
1417
1263
1106
951
810
675
533
419
336
251
180
124
81
58
14
-35
-47
-52
-67
-63
-58
-45
-16
4
6
23
59
89
99
101
100
64
-10
-91
-181
-313
-476
-639
-798
-969
-1149
-1321
-1478
-1618
-1728
-1809
-1866
-1886
-1856
-1791
-1705
-1591
-1440
-1276
-1110
-927
-721
-512
-305
-95
109
295
467
629
777
903
1037
1159
1247
1302
1332
1342
1291
1209
1136
1028
891
735
567
392
211
24
-156
-320
-482
-622
-739
-842
-922
-981
-1023
-1034
-1025
-1006
-963
-898
-822
-731
-628
-519
-382
-238
-114
23
185
338
475
622
759
866
961
1027
1089
1119
1118
1114
1081
1030
965
877
776
668
551
429
326
233
142
60
-11
-60
-89
-118
-135
-125
-102
-95
-81
-50
1
43
73
97
107
118
115
108
92
57
19
-29
-80
-138
-198
-259
-328
-392
-449
-512
-577
-627
-676
-713
-745
-770
-793
-804
-814
-827
-804
-781
-755
-699
-643
-564
-490
-415
-321
-228
-128
-14
108
226
333
433
530
627
713
788
852
916
967
988
991
996
996
972
922
865
804
730
645
559
475
377
272
178
96
7
-88
-170
-232
-286
-341
-393
-431
-460
-492
-518
-525
-526
-526
-514
-493
-465
-432
-393
-344
-278
-199
-121
-42
42
110
166
218
261
286
303
313
307
280
243
204
157
99
34
-23
-69
-115
-160
-200
-227
-252
-279
-306
-333
-363
-398
-422
-431
-441
-468
-496
-511
-518
-527
-526
-498
-454
-406
-353
-291
-218
-142
-71
5
87
175
255
321
371
420
458
474
482
489
480
453
432
403
349
287
237
181
116
63
26
-6
-32
-51
-60
-53
-38
-20
8
39
91
154
225
302
369
434
494
561
627
686
728
772
819
840
872
873
859
840
783
732
671
601
514
416
313
202
96
-20
-126
-231
-333
-423
-511
-586
-653
-711
-766
-821
-875
-908
-932
-957
-967
-956
-929
-894
-852
-794
-712
-618
-527
-442
-343
-236
-137
-48
23
68
98
108
102
84
51
-11
-80
-150
-221
-292
-355
-408
-450
-484
-513
-525
-517
-506
-497
-488
-470
-442
-413
-386
-353
-310
-257
-195
-130
-43
49
152
262
372
504
617
723
808
874
935
961
972
963
939
905
847
771
690
601
500
409
328
253
191
128
78
48
20
-4
-9
-5
3
10
24
49
82
116
155
207
267
331
403
478
551
623
694
757
808
845
860
858
844
817
769
711
641
541
430
317
203
85
-40
-167
-296
-435
-579
-702
-807
-917
-1013
-1111
-1193
-1240
-1279
-1296
-1296
-1287
-1259
-1220
-1154
-1077
-994
-897
-813
-725
-621
-521
-421
-343
-269
-208
-164
-127
-109
-94
-98
-118
-133
-163
-194
-239
-277
-312
-360
-397
-437
-459
-466
-483
-481
-465
-454
-430
-384
-332
-275
-217
-157
-78
-20
52
151
231
321
394
472
568
639
729
814
874
942
992
1044
1097
1121
1139
1149
1134
1098
1065
1016
953
880
801
712
615
530
455
369
295
237
187
159
146
128
122
134
150
170
206
260
306
332
362
411
453
483
513
542
553
547
542
537
516
482
448
394
325
254
170
76
-18
-119
-219
-321
-430
-523
-611
-708
-794
-866
-933
-992
-1038
-1069
-1095
-1121
-1140
-1155
-1167
-1166
-1155
-1135
-1109
-1074
-1028
-977
-924
-858
-788
-719
-645
-568
-498
-422
-355
-307
-267
-239
-219
-200
-190
-194
-203
-230
-253
-266
-294
-314
-312
-309
-303
-287
-259
-212
-165
-127
-75
-7
56
118
189
273
349
411
476
548
619
688
755
817
883
954
1014
1060
1106
1152
1179
1195
1214
1213
1189
1149
1114
1069
1001
925
854
793
713
644
578
514
468
410
357
316
279
250
220
196
177
168
160
154
150
141
123
117
119
110
109
106
91
77
64
52
36
9
-11
-32
-75
-120
-163
-217
-266
-319
-391
-454
-513
-585
-657
-727
-799
-857
-912
-972
-1018
-1051
-1086
-1107
-1115
-1121
-1105
-1081
-1063
-1032
-987
-940
-898
-848
-787
-724
-669
-611
-556
-509
-461
-405
-349
-297
-257
-220
-174
-142
-127
-107
-90
-68
-50
-48
-43
-35
-39
-31
-20
-14
6
32
52
80
118
160
201
243
292
344
392
441
487
529
574
616
647
682
715
742
779
813
828
862
905
922
937
960
962
949
933
918
903
880
840
798
744
683
627
566
505
446
388
329
274
224
184
145
104
76
53
24
6
1
-9
-25
-34
-37
-43
-48
-51
-55
-63
-69
-75
-78
-97
-111
-135
-181
-214
-253
-284
-316
-362
-405
-455
-498
-550
-595
-632
-672
-702
-733
-765
-783
-788
-794
-793
-790
-787
-779
-768
-750
-731
-708
-684
-662
-638
-610
-583
-559
-523
-479
-439
-385
-321
-276
-232
-183
-140
-93
-37
6
45
83
108
127
138
145
151
152
135
132
137
132
128
133
149
170
189
211
242
268
295
342
390
429
466
503
534
564
585
605
639
669
684
704
728
738
743
739
731
728
710
682
657
623
584
541
497
455
412
363
323
280
234
200
171
140
117
101
84
66
49
36
20
-7
-30
-39
-60
-88
-113
-135
-164
-182
-186
-192
-208
-225
-232
-230
-230
-231
-232
-240
-254
-271
-286
-307
-331
-352
-377
-415
-455
-481
-505
-540
-574
-591
-605
-625
-642
-657
-659
-644
-637
-628
-599
-569
-539
-494
-463
-432
-380
-335
-299
-260
-226
-198
-174
-146
-118
-99
-84
-69
-53
-41
-33
-21
-10
-2
13
22
29
50
62
70
91
107
121
136
146
162
175
184
207
234
250
266
289
303
313
341
363
372
384
396
413
431
432
437
457
458
456
466
471
472
468
467
465
452
437
430
417
393
372
357
336
300
272
247
216
187
153
126
105
73
60
54
36
29
29
15
8
6
-5
-16
-28
-33
-38
-55
-76
-88
-97
-121
-148
-161
-169
-198
-234
-243
-249
-268
-293
-315
-315
-333
-352
-362
-374
-366
-371
-380
-377
-379
-373
-381
-379
-371
-372
-351
-341
-332
-311
-312
-301
-286
-279
-259
-242
-221
-205
-190
-178
-175
-164
-152
-132
-107
-82
-65
-51
-27
-4
8
17
44
63
68
83
105
120
131
129
137
151
143
147
162
168
181
188
201
218
234
249
252
263
278
290
301
303
306
311
309
301
290
280
276
264
250
239
233
235
227
214
205
196
192
184
176
171
166
158
136
121
112
98
78
59
61
59
41
24
18
19
5
-11
-14
-21
-36
-51
-56
-54
-69
-86
-97
-118
-134
-152
-164
-176
-183
-179
-196
-201
-188
-188
-188
-191
-182
-186
-189
-177
-184
-182
-183
-193
-204
-216
-207
-204
-200
-201
-205
-194
-176
-157
-148
-138
-127
-112
-100
-87
-76
-73
-75
-82
-80
-75
-69
-67
-75
-74
-70
-61
-53
-44
-30
-18
-11
-3
19
43
54
59
64
67
67
65
67
70
66
59
60
69
78
80
82
87
96
104
114
123
123
113
107
112
116
113
108
105
100
93
83
81
84
85
86
75
77
85
88
96
85
83
80
76
77
67
71
70
66
65
66
69
65
63
57
53
51
51
52
48
39
30
20
10
4
-1
-3
-19
-30
-29
-34
-30
-39
-36
-29
-32
-27
-31
-28
-22
-25
-24
-27
-25
-28
-43
-48
-48
-48
-51
-58
-59
-50
-52
-65
-69
-55
-49
-58
-54
-47
-47
-49
-52
-54
-53
-46
-40
-39
-34
-32
-28
-25
-31
-31
-19
-13
-21
-23
-11
-6
-14
-17
-16
-12
-15
-18
-12
-1
1
-2
6
19
22
20
23
31
33
28
27
31
31
23
17
19
14
6
8
7
4
7
7
5
10
4
3
6
7
13
16
15
18
23
25
27
22
21
21
23
25
23
21
18
17
13
12
10
11
11
10
8
8
8
4
3
4
5
6
5
5
5
5
5
5
5
4
6
11
7
3
-1
-7
-6
-8
-10
-8
-10
-13
-13
-13
-14
-13
-15
-13
-9
-5
-3
1
4
4
3
6
10
8
8
8
8
4
2
0
-4
-6
-8
-12
-12
-13
-16
-14
-14
-14
-14
-14
-12
-8
-7
-7
-3
3
6
3
2
7
8
6
3
3
1
-1
-3
-7
-13
-13
-12
-15
-19
-18
-12
-11
-14
-14
-9
-4
-6
-6
0
5
4
3
4
7
8
6
3
3
3
-2
-7
-9
-9
-9
-9
-8
-7
-7
-6
-2
2
6
7
9
11
12
17
19
19
19
18
19
18
16
14
13
10
9
7
5
1
-1
-3
-3
-2
-3
-2
-3
-5
-5
-3
-2
-1
3
5
6
7
9
7
7
10
9
7
6
6
-1
-4
-1
-3
-5
-4
3
1
-3
-3
0
6
6
5
8
12
17
12
9
14
14
7
7
6
2
-2
-2
-7
-13
-16
-15
-16
-19
-20
-17
-14
-11
-10
-7
-2
1
0
2
6
10
10
6
4
5
8
6
3
1
0
-3
-5
-5
-7
-10
-14
-15
-12
-10
-10
-9
-9
-6
-5
-3
0
3
5
4
6
9
9
6
6
9
9
6
3
6
7
3
-2
-7
-4
-4
-4
-4
-2
2
4
4
6
10
14
12
11
11
14
16
15
9
4
0
-4
-10
-14
-16
-18
-20
-20
-16
-13
-9
-8
-6
-2
3
8
13
17
19
21
23
25
24
21
20
19
17
12
8
4
2
-4
-8
-11
-10
-10
-12
-14
-12
-9
-9
-12
-13
-9
-4
-5
-6
-1
5
7
4
6
9
7
3
0
1
1
-3
-8
-12
-13
-14
-17
-18
-16
-19
-15
-13
-8
-5
1
7
11
13
12
14
14
11
10
9
7
4
0
-2
-7
-9
-12
-14
-17
-17
-16
-14
-11
-7
-1
4
7
9
11
15
16
14
16
18
18
16
14
11
10
6
1
-3
-5
-7
-11
-13
-13
-14
-14
-15
-12
-10
-7
-7
-7
-3
1
2
4
5
11
14
13
10
14
15
13
9
9
8
6
0
-5
-5
-6
-7
-8
-5
-4
-4
-3
0
4
6
8
13
16
16
15
15
16
14
11
5
3
0
-6
-8
-11
-12
-13
-15
-16
-16
-17
-18
-18
-16
-13
-10
-7
-4
-1
3
6
9
8
7
9
13
10
6
5
5
3
3
2
-1
-6
-10
-11
-10
-11
-13
-10
-9
-12
-7
-1
4
4
9
16
17
15
15
16
15
14
15
12
4
-7
-11
-16
-19
-19
-20
-20
-19
-18
-17
-14
-9
-7
-3
3
9
12
14
18
20
21
17
20
20
13
11
11
6
1
-4
-5
-7
-12
-15
-10
-9
-13
-10
-4
-3
0
4
12
15
17
19
21
20
20
20
20
17
16
14
11
5
1
-3
-10
-14
-15
-17
-19
-18
-16
-16
-16
-11
-8
-4
-3
4
10
8
11
11
9
12
6
4
5
0
-5
-6
-10
-17
-17
-23
-24
-22
-22
-18
-13
-11
-4
-1
5
9
12
18
20
20
23
24
20
18
16
9
6
2
-6
-9
-11
-16
-18
-21
-18
-17
-19
-20
-15
-12
-9
-5
0
1
2
5
9
13
13
13
13
12
7
3
2
6
0
-7
-4
-5
-10
-10
-11
-8
-5
-8
-9
-4
-1
-3
-1
4
7
9
15
14
16
19
18
16
14
10
12
10
2
-3
-2
-4
-10
-16
-12
-8
-9
-11
-6
1
6
6
5
10
14
13
11
13
16
14
10
8
10
8
2
-2
-9
-14
-14
-16
-18
-18
-17
-19
-19
-14
-9
-9
-9
-3
2
4
5
8
10
11
13
14
14
13
10
8
5
4
-2
-4
-3
-4
-9
-11
-10
-8
-10
-11
-8
-6
-3
0
-2
1
3
7
15
11
8
10
6
5
8
3
-1
-4
-8
-8
-10
-15
-16
-12
-11
-14
-15
-11
-8
-4
2
7
10
9
11
17
20
16
14
14
11
9
8
6
1
0
1
-4
-11
-11
-9
-14
-18
-14
-9
-9
-7
-1
4
6
9
13
17
18
20
20
19
20
17
15
12
8
4
1
-4
-8
-9
-12
-13
-13
-12
-11
-10
-6
-3
-3
0
4
2
3
9
11
7
10
14
12
8
7
3
-1
-2
-5
-7
-8
-6
-7
-9
-9
-6
-4
-5
-7
0
4
1
1
6
13
13
11
12
10
11
8
4
6
3
-2
-9
-10
-8
-12
-14
-16
-16
-15
-15
-12
-10
-8
-5
1
3
4
7
9
9
9
8
6
5
4
1
1
-2
-8
-5
-7
-14
-15
-15
-13
-14
-13
-10
-4
-1
-2
-1
5
8
7
8
12
15
14
12
12
13
10
9
7
6
4
0
0
0
-4
-3
-1
-3
-1
0
1
4
6
7
9
10
11
11
12
10
10
10
9
8
6
4
1
-2
-6
-6
-8
-9
-10
-10
-10
-8
-6
-4
-3
0
0
1
2
3
5
6
6
7
7
6
6
6
6
4
3
1
0
-2
-7
-9
-9
-8
-4
-8
-8
-4
-2
-1
-5
0
6
4
3
1
6
7
3
2
4
4
-1
-4
-4
-5
-10
-12
-10
-7
-9
-12
-12
-5
-4
-4
0
-2
-2
6
6
3
7
5
5
7
4
3
2
0
2
0
-1
0
-2
-3
-8
-8
-5
-4
-4
-3
-1
1
1
1
2
1
5
6
5
10
8
6
10
6
5
7
3
1
2
-3
-4
-5
-7
-8
-8
-7
-8
-6
-4
-2
-1
1
3
5
8
9
11
11
11
11
10
8
5
1
0
-1
-3
-5
-6
-7
-8
-7
-5
-3
-1
0
2
3
4
6
7
9
10
10
11
9
8
8
7
6
6
3
2
-1
-3
-6
-7
-8
-10
-10
-11
-12
-13
-12
-10
-9
-7
-4
-2
-1
0
4
4
4
3
5
5
3
0
-1
-1
-2
-5
-9
-10
-10
-11
-12
-11
-10
-8
-6
-5
-3
-3
-2
-1
3
7
8
8
10
9
7
2
2
6
6
2
-4
-7
-5
-3
-5
-5
-3
1
1
1
4
6
9
8
8
9
11
11
12
11
12
13
13
13
12
8
4
0
-1
0
-2
-5
-7
-9
-10
-7
-5
-1
-1
-1
1
6
7
5
5
9
10
8
5
6
9
6
3
-1
-3
-4
-5
-8
-10
-11
-10
