-4
-5
-5
-5
-6
-3
-3
-2
2
3
3
5
5
5
4
3
5
7
6
5
2
2
3
3
2
-1
-1
-3
-2
-2
-3
-2
-3
-3
-4
-4
-3
-3
-1
0
0
2
2
1
1
-2
-6
-7
-8
-6
-2
0
1
2
3
2
-1
-2
-2
-1
0
-1
-2
-2
-2
0
1
3
2
3
3
3
4
3
2
2
2
0
-2
-2
-1
0
0
1
1
0
0
-2
-1
-1
-2
-3
-4
-4
2
5
4
3
2
2
2
2
1
1
-1
1
1
-1
-2
-1
1
1
1
2
2
-1
-1
-2
0
1
2
3
2
-1
-1
-1
-1
-1
0
3
4
2
2
2
2
-1
-1
-1
0
2
0
0
0
2
2
1
1
1
-1
-2
0
-2
-1
0
-2
-4
-6
-6
-6
-4
-5
-4
-4
-1
0
-1
-2
-3
-3
-3
-3
-2
-1
-1
-2
2
1
1
0
0
2
0
0
0
-1
-1
0
-2
-1
1
2
3
3
1
0
1
1
2
3
2
2
3
0
1
4
6
7
5
3
2
0
0
-2
-1
-1
1
3
2
5
2
3
4
3
3
2
0
-1
1
2
2
2
0
1
0
0
1
1
-1
-3
-5
-7
-9
-8
-6
-5
-3
-1
-1
-3
-3
-2
-3
-3
-3
-4
-2
2
1
-2
-3
-1
-2
-2
0
3
3
1
-4
-7
-6
-7
-5
-1
1
0
3
6
7
7
8
6
7
6
7
8
7
5
3
2
2
1
0
0
3
4
2
1
0
-2
-3
-5
-4
-5
-4
-2
-3
-1
-2
-1
-1
-1
-1
-2
-3
-6
-6
-2
-3
-4
-3
-4
-3
-3
0
-1
-1
0
-2
-3
-3
-4
-2
1
0
1
-1
-2
0
2
3
3
2
3
1
3
5
5
4
5
6
8
9
10
11
8
6
5
3
0
-2
0
-1
1
2
3
8
8
7
5
1
0
-1
-3
-4
-3
-5
-7
-6
-6
-7
-5
-5
-5
-4
-4
-3
-3
-4
-4
-2
-2
-3
-2
-2
-1
-1
0
-1
-2
-1
-3
-2
-3
-6
-6
-4
-2
2
1
1
2
4
4
1
-2
-3
-3
-3
-4
-6
-10
-13
-15
-16
-15
-16
-17
-16
-18
-18
-18
-16
-13
-8
-4
0
3
5
9
12
14
15
15
17
20
24
25
27
28
30
31
34
35
34
36
37
36
32
25
25
24
21
17
17
15
11
10
7
3
-4
-8
-12
-15
-18
-23
-27
-29
-31
-32
-35
-33
-32
-31
-29
-28
-29
-27
-27
-26
-26
-25
-26
-26
-25
-22
-23
-23
-20
-18
-16
-14
-11
-6
-3
1
3
6
7
10
14
19
20
19
17
15
15
16
18
19
16
14
16
20
22
21
10
1
-4
-6
-7
-9
-12
-16
-22
-25
-24
-20
-17
-9
-2
4
13
18
19
21
19
21
28
35
37
37
37
38
40
41
42
43
39
39
37
35
32
23
16
9
5
4
1
1
0
-5
-8
-11
-18
-22
-27
-31
-35
-36
-34
-36
-39
-42
-45
-47
-47
-47
-45
-41
-39
-35
-31
-30
-30
-29
-27
-27
-24
-22
-19
-19
-18
-14
-12
-11
-9
-8
-5
-1
3
5
7
9
10
14
14
23
30
34
40
43
54
67
66
68
69
75
93
97
95
93
87
112
139
148
149
134
131
141
135
135
124
100
76
46
37
39
28
-4
-55
-99
-129
-137
-145
-175
-217
-284
-337
-365
-394
-384
-370
-359
-326
-299
-245
-182
-153
-146
-155
-148
-101
-43
-1
20
36
66
114
171
217
261
290
309
350
386
413
405
347
306
291
300
331
341
329
306
287
293
288
243
175
103
58
29
2
-38
-102
-176
-260
-327
-374
-411
-450
-503
-540
-544
-539
-532
-539
-541
-519
-482
-430
-370
-317
-267
-231
-206
-186
-183
-184
-171
-140
-87
-27
32
92
150
193
222
238
236
231
229
240
274
310
330
341
353
382
426
464
483
481
462
443
421
407
395
367
338
308
293
313
351
417
483
495
454
372
288
246
232
224
201
138
56
-1
-14
-13
-46
-168
-355
-526
-644
-694
-727
-817
-995
-1220
-1411
-1503
-1478
-1406
-1327
-1233
-1114
-940
-749
-602
-506
-460
-410
-309
-167
-9
126
216
284
369
481
603
704
760
801
868
959
1058
1103
1061
975
885
839
851
872
878
860
812
759
706
642
568
466
346
242
170
121
74
2
-97
-212
-328
-433
-518
-606
-677
-722
-743
-719
-676
-632
-594
-568
-541
-497
-446
-395
-361
-354
-356
-360
-356
-338
-310
-272
-224
-169
-113
-67
-33
-10
1
-5
-28
-58
-84
-85
-64
-30
6
28
45
63
89
120
145
155
152
143
127
115
108
107
111
117
130
161
244
382
556
693
743
718
656
642
683
733
756
699
607
540
527
565
561
456
252
28
-112
-145
-132
-198
-407
-726
-1055
-1259
-1341
-1342
-1300
-1267
-1191
-1043
-845
-654
-567
-608
-695
-719
-609
-393
-194
-89
-56
-19
100
272
420
489
490
514
640
872
1094
1211
1165
1023
945
969
1053
1097
1044
943
857
845
874
850
717
477
241
91
43
32
-17
-117
-246
-362
-463
-570
-719
-914
-1078
-1153
-1118
-1024
-946
-903
-883
-852
-805
-763
-750
-777
-807
-786
-698
-577
-495
-476
-499
-513
-480
-394
-264
-121
10
118
200
255
266
234
196
183
208
265
347
448
551
632
683
704
695
660
630
630
661
700
716
701
663
630
641
740
908
1055
1098
1031
926
857
841
837
779
629
418
240
181
221
224
66
-244
-575
-774
-799
-726
-711
-874
-1219
-1631
-1949
-2093
-2111
-2077
-2025
-1928
-1731
-1447
-1154
-955
-897
-916
-897
-753
-504
-243
-60
33
116
273
508
746
889
926
922
962
1113
1337
1518
1552
1461
1360
1311
1292
1270
1232
1208
1189
1194
1230
1236
1177
1022
810
633
511
405
298
175
69
-6
-104
-204
-405
-721
-1039
-1294
-1430
-1418
-1339
-1196
-1043
-873
-527
-363
-625
-1094
-1416
-1337
-1126
-1036
-927
-819
-838
-811
-714
-590
-568
-716
-676
-380
18
426
666
664
380
-35
-278
-273
-116
164
536
875
1124
1169
1023
768
484
405
554
740
865
930
923
1041
1355
1650
1709
1221
542
278
362
489
404
117
-108
-233
-295
-91
72
-345
-1257
-2194
-2405
-1806
-1099
-727
-849
-1305
-1758
-1951
-1826
-1532
-1272
-1114
-704
140
1108
1696
1480
689
37
-55
322
922
1400
1591
1622
1539
1577
1715
1433
657
-206
-572
-152
629
1108
1058
603
-67
-367
-170
136
252
-125
-413
-28
622
1012
829
38
-800
-1145
-926
-139
445
259
-171
-500
-445
-193
-251
-541
-905
-1139
-944
-460
-255
-520
-1043
-1371
-1168
-749
-424
-337
-556
-784
-717
-394
-166
-250
-550
-676
-399
32
355
346
-33
-378
-376
-129
150
145
-48
-104
-67
172
391
356
138
-84
-77
333
870
1255
1572
1455
1245
1218
989
985
904
1156
2434
3529
3856
2972
1144
-88
-510
-866
-877
-1093
-1331
-961
-752
-194
69
-1291
-3350
-5056
-4940
-2728
-323
1097
1126
132
-1098
-1976
-2156
-1734
-1029
-105
1040
2560
3839
3665
1885
-808
-2810
-2812
-1510
157
1447
1707
1390
596
-417
-1007
-1543
-1972
-1751
-605
1472
3411
3869
2937
1352
-95
-560
-13
1482
3024
3546
3114
2198
1219
1
-1662
-3054
-3464
-2918
-1605
-62
877
755
-688
-2449
-3272
-2990
-1840
-414
924
1837
1986
1339
174
-1040
-1890
-1996
-1157
338
1724
2243
1609
90
-1546
-2664
-2936
-2275
-1039
306
1265
1430
757
-361
-1421
-1985
-1653
-722
585
1764
2186
1938
1086
14
-725
-872
-321
740
1863
2616
2616
1804
543
-754
-1247
-1133
103
2908
5008
5583
3705
153
-1750
-2370
-2537
-2015
-1882
-1245
199
795
965
199
-2423
-5200
-6635
-5422
-1473
2586
4430
3692
1349
-1509
-3374
-3833
-3199
-1212
1060
3004
4629
4657
2885
-209
-3712
-5441
-4607
-2108
936
3034
3528
2702
807
-1376
-2784
-2982
-1964
38
2441
4571
5676
4882
2647
250
-1375
-1489
-412
1399
3018
3281
2093
26
-2067
-3686
-4750
-4684
-3128
-738
1559
2767
2486
1201
-570
-1848
-1791
-491
1427
3008
3520
2865
1392
-398
-1819
-2521
-2355
-1396
-107
841
977
159
-1259
-2658
-3521
-3321
-2198
-702
651
1347
1381
826
-130
-919
-1169
-916
-190
554
1146
1250
491
-673
-1866
-2368
-1747
-699
590
1355
1230
869
45
-555
-432
1270
3883
5525
5033
2520
208
-712
-1506
-2320
-2982
-3172
-1606
302
1590
2245
464
-2783
-5596
-6218
-3134
1593
5195
6082
4529
1976
-420
-1860
-2551
-2213
-640
1486
3840
5013
4104
1350
-2653
-5740
-6362
-4668
-1561
1122
2471
2570
1641
181
-1301
-2189
-2027
-792
1336
3599
5238
5422
3939
1588
-447
-1587
-1918
-1319
-394
183
96
-757
-1642
-2445
-3491
-3978
-3265
-1539
521
1831
2281
2111
1297
315
-229
-103
483
1063
1314
1355
1155
559
-274
-1300
-2041
-2058
-1508
-655
-71
-89
-498
-1096
-1460
-1405
-795
261
1211
1895
2304
2358
1904
1032
3
-714
-932
-717
-540
-416
-639
-1005
-1107
-1319
-1064
-629
-142
289
230
120
1339
4104
5932
5429
2284
-1345
-2609
-2472
-2156
-2237
-3097
-3323
-2395
-1002
962
1493
-580
-3565
-5422
-3852
595
4690
6178
4766
2034
-134
-1183
-1394
-956
-165
893
2167
3287
3620
2505
-350
-3836
-5930
-5535
-3021
-52
2062
2877
2459
1243
-220
-1076
-997
-376
616
1851
3336
4704
4924
3833
1906
-400
-2240
-3042
-2645
-1365
-432
-498
-1139
-1873
-2303
-2327
-2044
-1417
-769
-165
676
1659
2543
2675
1952
918
-302
-1159
-1370
-1186
-492
151
426
438
-192
-1073
-2087
-3004
-3243
-2700
-1479
-183
795
1256
1424
1371
1165
1178
1686
2507
3139
3084
2259
1364
261
-815
-1698
-2641
-2707
-2244
-1702
-675
-178
182
284
-591
-692
-142
2625
6101
7033
5263
881
-2567
-3277
-3413
-3540
-4384
-5427
-4338
-1974
827
2664
1077
-2764
-6137
-6435
-2552
2866
6603
7112
4986
1951
-362
-1597
-2020
-1445
-99
1694
3693
4850
4748
2901
-730
-4454
-6537
-5839
-2775
734
3266
4066
3345
1873
191
-1059
-1452
-1140
-31
1646
3405
5040
5373
3942
1065
-2467
-4681
-4801
-3238
-1128
-124
-193
-715
-1271
-1542
-1911
-2322
-2388
-1922
-513
1578
3420
4059
2940
916
-823
-1755
-1860
-1555
-973
-114
631
930
524
-558
-1965
-3213
-3829
-3216
-1451
747
2450
2650
1878
849
39
179
854
1896
2976
3379
2996
2048
636
-981
-2108
-2897
-2449
-1152
407
1943
2034
1355
96
-161
2214
4669
5385
3113
-1045
-3031
-3009
-3015
-3748
-5947
-7213
-5523
-2203
1534
2929
512
-3349
-6050
-5441
-1615
2759
5331
5255
3192
751
-759
-1512
-1731
-1472
-929
667
3226
5532
6349
4216
-101
-3787
-4858
-3058
-130
1893
2663
2681
2524
2332
1940
1162
-14
-1220
-1491
34
2796
5262
6171
4980
2234
-829
-3168
-3829
-3310
-2934
-2926
-2941
-2298
-1109
-509
-934
-2261
-3629
-3728
-2185
580
3175
4236
3764
2256
519
-932
-2054
-2661
-2765
-2420
-1545
-283
690
689
-718
-2993
-4581
-4474
-2422
315
2370
3302
3149
2646
1952
1287
908
499
401
735
1476
2809
3163
2626
1132
-998
-1609
-1522
-130
1416
3595
7153
8547
7063
1591
-4423
-6640
-6557
-5441
-4963
-5340
-3935
-884
1991
3556
1438
-3143
-7008
-8539
-6094
-1236
3434
6099
5330
2225
-1174
-3279
-3981
-3808
-2767
-587
3014
6511
8117
6896
2753
-2138
-5600
-6284
-3956
-339
2907
4610
4683
3890
2708
1283
-497
-2071
-2683
-1481
1489
5057
7773
8203
6354
2527
-1383
-3600
-4060
-3041
-2448
-2318
-1595
-717
60
-382
-2141
-4046
-5176
-4720
-2336
1199
4181
5519
4704
2513
36
-2162
-3583
-3924
-3115
-1384
779
1954
1312
-975
-4066
-6229
-6725
-5465
-2793
99
2134
3033
2863
2251
1424
572
134
155
1341
2571
3426
3439
2208
757
-579
-1295
-1155
-271
338
3328
7593
9729
8793
1941
-4579
-6653
-6257
-4023
-3925
-4996
-2904
1443
5650
7362
3353
-2905
-7323
-9142
-6306
-1394
3101
5767
3900
-525
-4395
-6079
-5570
-4671
-3950
-1680
3199
8639
11602
9657
3819
-2083
-5694
-6087
-4261
-1806
953
3070
3885
3275
1379
-868
-2897
-4346
-4209
-2031
1834
5971
8516
8356
6014
3012
516
-787
-1142
-1091
-919
-1001
-1040
-674
-622
-1509
-3339
-4924
-4619
-2581
-25
1865
2648
2911
2672
1959
567
-1309
-2685
-3155
-2008
-116
1232
1722
351
-1848
-3902
-5097
-4742
-3738
-2673
-1592
-382
852
1544
851
-538
-1462
-755
985
2873
3784
3539
2887
1991
1318
816
213
1226
5574
9245
9936
4612
-3545
-7155
-7767
-6806
-7439
-9465
-7259
-793
6317
10288
8321
2380
-2836
-5765
-4688
-395
3980
6835
5217
808
-2962
-4959
-5652
-7020
-8254
-6462
-608
6450
10447
9140
3757
-1733
-4738
-4378
-1863
487
1978
2298
2605
3392
3508
2130
-1310
-5163
-6734
-4797
-175
4650
7219
6697
4055
861
-1337
-2052
-1694
-962
-628
-180
1047
2699
3502
1918
-1386
-4351
-5028
-2966
374
3167
4351
3911
2623
998
-682
-2138
-3349
-3888
-3458
-1988
104
1489
1135
-833
-3526
-5008
-4825
-3353
-1061
571
1564
1610
794
-60
-1058
-2092
-2410
-1741
-35
2268
3194
3140
2335
1154
216
1601
6448
10798
10898
3697
-4542
-7819
-6831
-5035
-7389
-10558
-8651
-1446
6203
9284
5738
-491
-5063
-6590
-3548
1654
6845
9143
6247
1323
-2740
-4149
-4654
-6177
-6997
-4371
2295
9005
11357
7909
1530
-3823
-5909
-4681
-1967
1088
3522
4762
4983
4038
2071
-1074
-5044
-8226
-8376
-4553
1861
7450
9144
7347
3667
132
-2415
-4243
-4697
-3690
-1688
810
3087
4181
3328
39
-4371
-6857
-5914
-1992
2404
4973
5795
5096
3634
1591
-1135
-2992
-3593
-2540
78
2478
3976
3320
259
-3065
-5619
-6009
-4793
-3521
-1521
400
1879
2488
834
-1505
-3235
-3689
-2030
451
2393
3454
3013
1611
539
1609
5757
8907
7603
816
-5289
-5571
-2932
-2361
-7293
-12671
-11554
-3821
4567
8091
5222
-296
-4458
-5538
-2465
2327
6213
6959
3721
157
-1591
-1560
-1888
-4215
-6008
-3922
2305
8735
10673
6566
-287
-5371
-5969
-2644
1544
4288
5364
5683
6109
6114
4199
379
-4066
-6875
-6306
-3240
939
4431
5510
4458
2214
-104
-1533
-2538
-3453
-3626
-2968
-1451
170
558
-46
-1420
-2888
-3461
-2965
-1360
867
2954
4229
4562
3657
1391
-1611
-4283
-4941
-3372
-687
1577
2381
2215
1160
-472
-2577
-4435
-4747
-3474
-1200
814
1906
2035
1160
-644
-2028
-1767
-141
2135
3216
3394
3736
6458
11288
12683
7461
-3702
-12045
-11700
-6153
-2130
-4054
-7127
-5106
1525
6753
6507
417
-6816
-10806
-9803
-2735
5715
10937
9642
2511
-4283
-7145
-6370
-5293
-5614
-4557
880
9249
15175
14035
5712
-4585
-11439
-12039
-7249
-864
4468
7468
8379
8320
6880
3579
-1423
-6591
-8435
-5086
1844
8373
10682
8205
3706
-284
-2708
-3729
-4265
-3818
-2256
-176
2096
3277
2424
-528
-4786
-7635
-6786
-3000
1479
4244
4813
4548
3675
1914
-1030
-4201
-5847
-5187
-2502
1010
4101
5520
4188
625
-3431
-5910
-5708
-4067
-1790
36
1089
1398
-95
-2340
-4665
-5632
-4371
-1828
1632
5397
7579
7847
9659
11499
11335
4680
-6799
-12220
-10066
-4019
-2203
-6752
-8710
-3387
5185
9866
6585
-1220
-6584
-7984
-4222
2328
7703
10371
6710
-206
-6113
-8823
-8322
-8121
-7736
-3929
4158
13101
17003
11965
1314
-8206
-11806
-8203
-1903
3209
6007
6698
7115
7105
5226
1063
-4645
-8963
-8062
-1937
5900
10519
8863
3525
-1769
-4452
-4513
-4001
-3070
-1583
326
2178
3002
2349
284
-3206
-6611
-7610
-5367
-612
3583
5289
4994
3659
2187
227
-2508
-4442
-4503
-2633
351
2617
3754
3250
1020
-1896
-4347
-4763
-3352
-605
2008
3173
3291
1504
-624
-2323
-3270
-2476
-1218
772
3009
7505
13328
15185
8954
-4770
-14720
-14635
-7815
-3211
-6092
-10071
-7371
1807
9570
10237
3146
-5063
-9542
-8346
-953
6996
12040
10081
2042
-5683
-9352
-8184
-6332
-6014
-4391
1765
11099
17579
15460
5258
-6114
-12313
-10643
-4221
1906
5402
6106
5686
5129
3639
832
-2528
-4847
-3829
450
6132
10529
11036
7718
1954
-3433
-5956
-5405
-3404
-1720
-688
196
815
19
-2342
-5414
-7137
-6086
-3016
716
3342
4181
3444
1907
330
-1296
-2664
-3181
-2146
-144
1923
2823
1758
-235
-2708
-4326
-4514
-3809
-1960
-574
535
1122
994
510
-841
-1764
-1991
-682
1587
5089
7421
9129
12784
15120
14208
4100
-9352
-15678
-13336
-6466
-5230
-9598
-11116
-5072
3787
7966
3001
-5933
-10912
-9830
-1673
7104
12989
14020
8128
-344
-8349
-12216
-12019
-10572
-8065
-2605
6491
15678
18444
11086
-1525
-11513
-12744
-6270
1519
6819
8738
8990
8593
6484
2138
-3317
-7565
-7999
-3753
3280
10059
13225
11389
5841
-357
-4311
-4949
-3449
-1695
-298
383
1002
1174
-62
-2283
-4660
-5435
-4087
-1373
1489
3276
2993
846
-2021
-4286
-4552
-3427
-1916
-480
709
1845
2259
1760
837
-172
-1130
-2496
-3634
-3974
-3055
-1781
-1777
-2392
-2863
-1644
0
927
833
849
2721
4542
8641
13813
16795
12996
272
-11015
-13220
-7395
-2676
-6095
-12383
-11165
-1333
8588
10177
1509
-8227
-12675
-8960
426
8566
13256
11626
4895
-3211
-9121
-10258
-8641
-6938
-4847
98
8059
15024
14221
4364
-8119
-14871
-11427
-2294
5602
9106
9038
7865
5901
2169
-2405
-5729
-6225
-3468
1275
6967
11876
13051
9255
1911
-4606
-6429
-4237
-977
908
935
523
-206
-1985
-3978
-5123
-4229
-1484
1229
3738
5506
5532
3439
-1028
-5286
-6815
-5661
-3228
-1362
-455
265
402
-179
-838
-1186
-673
-133
-322
-268
31
357
-253
-2066
-3494
-3804
-2700
-1260
55
1170
6359
14727
19582
14567
-529
-11886
-11956
-4649
-460
-4736
-9817
-7178
1659
7702
5635
-4095
-13470
-16941
-11720
856
12528
18060
13819
3530
-5670
-9846
-9211
-7620
-6409
-3783
2669
10930
15645
11564
-287
-11740
-15135
-8296
2593
9929
10872
7433
3604
949
-1268
-3495
-5051
-4658
-937
5210
10652
11955
7415
109
-4896
-4828
-1049
2519
4128
4416
3764
1903
-1661
-6169
-9116
-9166
-6190
-1390
3005
5758
5633
3155
343
-1661
-2585
-3028
-3327
-2527
-376
1631
2097
315
-2055
-3245
-3064
-1885
-564
752
1027
171
-1478
-2487
-2160
-1507
-715
-629
1279
3369
7364
13227
15456
11772
-695
-11298
-11720
-4448
1609
-1347
-8438
-9944
-2793
4743
6252
-908
-9354
-12547
-9216
383
8245
11552
8210
147
-6534
-9348
-7111
-3172
-570
982
3537
7412
9984
6854
-3078
-13194
-16320
-8956
3740
12940
14599
9942
3567
-1334
-3961
-4697
-3415
-770
2843
6975
9918
9979
6230
-407
-6755
-8524
-4728
2471
7922
8706
6270
2167
-1593
-4349
-6048
-6223
-5041
-2914
142
3026
4605
3689
388
-2517
-3605
-2754
-1324
-483
-310
-781
-1683
-2815
-3536
-3129
-2414
-2166
-1837
-991
1507
2906
2188
-204
-2674
-3131
-2225
-228
1941
7578
14737
18149
12159
-2375
-12166
-10947
-2946
594
-4209
-9317
-6676
1589
6303
3246
-5765
-12447
-13253
-6901
3772
11645
13730
7707
-1491
-7711
-8874
-6213
-4117
-3234
-929
4367
10299
11834
5266
-5894
-13716
-12638
-3333
6262
10069
7572
2693
-184
-405
109
-46
-309
692
4097
7981
9806
7722
1565
-4751
-7759
-5246
1017
6241
7534
3926
-1480
-4525
-3661
-1051
416
215
202
1378
1908
997
-1261
-2573
-1942
-562
1221
2421
3011
2214
-116
-3018
-4958
-5265
-3954
-1691
-446
-579
-2845
-4935
-4757
-3080
-814
-119
-298
248
621
1379
1464
3532
10313
16433
15556
4212
-8545
-10934
-3964
1529
-2326
-10679
-11741
-3453
4112
4267
-3558
-11273
-12872
-8140
2281
11565
14589
9311
-1296
-8753
-8872
-4120
178
770
183
2243
6129
8067
3619
-6307
-14203
-13074
-2529
9659
14668
10571
2347
-3635
-4657
-2524
413
3360
5888
7907
8924
8461
6363
2158
-3291
-7131
-6264
-594
5507
7043
3489
-2153
-6441
-7427
-5450
-1967
1284
2934
2785
1459
-154
-1396
-1930
-1253
496
2112
2464
1523
-14
-1401
-2489
-2793
-2476
-1711
-582
-56
-306
-1697
-3804
-4520
-3743
-1813
-858
-1248
-1211
-171
5980
13705
16949
10045
-3280
-8890
-2963
5430
4644
-4963
-12160
-8341
169
4421
1131
-7659
-14354
-16058
-8985
3712
12240
11545
1909
-7399
-9550
-5689
-724
1461
1790
3323
6229
8382
6951
127
-8383
-12366
-8003
2222
9731
9547
3051
-4027
-6479
-4366
-583
2669
4500
6000
8403
10211
9733
5810
-8
-2978
-1652
2497
5425
4433
2074
49
-1677
-3694
-5524
-4706
-1612
944
1632
258
-1825
-3409
-3993
-2001
2030
5145
4948
1925
-737
-1070
-709
-1476
-2556
-2068
184
1901
45
-4278
-7682
-7810
-4841
-1943
-184
888
1615
1635
4367
10346
14203
9287
-4415
-11366
-3832
8685
10756
-1452
-13261
-12133
-2215
3961
1118
-7057
-12325
-12481
-7214
2328
9021
8796
664
-8785
-10943
-6022
689
3126
1571
1871
6299
10801
9491
-73
-11627
-15354
-8088
4880
12753
10603
2503
-5294
-7796
-5499
-1555
2151
4515
5923
7560
9253
9085
5222
-1170
-4207
-277
7001
11060
8351
2699
-1293
-3328
-5152
-7373
-7311
-3967
513
3049
2850
1319
-95
-574
-98
1239
2085
1338
-700
-1888
-601
1812
2921
1328
-1505
-2606
-1644
-958
-2342
-4958
-5944
-4323
-2536
-1263
-1222
-704
4378
9428
10043
2216
-6785
-4577
5419
12313
7209
-5339
-12083
-8832
-2590
423
-2318
-7907
-11489
-11231
-3695
5005
6227
135
-8761
-11126
-6139
160
4167
4310
3424
4315
6016
6934
4551
-1797
-7103
-6339
643
7758
7467
324
-7191
-9279
-5242
113
2787
2591
1596
1926
4100
6631
7468
5782
3566
3930
7303
10120
8491
2922
-2633
-4559
-3170
-1245
-529
-1142
-1872
-1655
-1117
-1185
-1857
-1955
-161
1984
2416
1065
-556
-755
-298
103
1325
3245
4140
2678
-153
-1995
-2393
-2042
-2323
-3008
-4271
-4966
-4691
-3013
4175
11680
12753
3174
-9372
-9945
253
8929
6181
-3726
-8875
-4594
1262
2131
-2567
-10509
-14933
-13595
-4383
6478
8173
785
-10004
-14382
-10102
-3494
1135
2318
2074
2829
4479
5638
4492
157
-3404
-918
6636
12806
11068
2005
-6648
-9649
-7017
-2081
1694
3574
3393
1720
927
1892
2232
1284
1418
5686
12035
13543
8678
1927
-1696
-918
850
1003
89
-868
-1315
-1533
-2655
-3551
-3309
-2004
466
1516
724
-1005
-2659
-2039
-404
1177
2528
2328
1291
-88
-1063
-377
1267
2460
2847
1366
-735
-2222
-3695
-186
5919
9036
3934
-7844
-11702
-4242
5185
6183
-1291
-6603
-3424
2182
3498
-404
-7893
-12370
-12057
-5725
3709
5894
-89
-9417
-14361
-11230
-5836
-1764
1042
2497
3773
4316
3088
898
-2874
-5480
-2447
4683
10645
9514
1555
-5677
-7439
-4169
450
2751
3202
2900
2295
2741
2966
1667
160
1306
6989
12681
12137
5758
-1051
-2941
369
4757
7061
5954
1935
-2454
-5134
-5463
-4324
-2672
-218
3182
5115
2940
-1803
-5013
-2987
1722
3999
3084
723
-301
-558
-1175
-1322
30
1859
1915
-240
-2522
-2883
-2319
1481
6028
7383
2421
-5709
-5443
2013
7127
3767
-4359
-7258
-3531
352
942
-2007
-7893
-13671
-15436
-8651
2106
5202
-1551
-10500
-11992
-6339
-1844
-807
-197
1652
3396
2862
1143
-423
-2742
-4341
-1369
6217
12150
9534
-127
-7268
-6452
-1033
2602
1976
362
-224
-325
107
322
241
998
3599
8760
12564
10816
4972
-331
-490
3680
7119
6954
3752
162
-2150
-3693
-4413
-3241
-801
1360
1697
-283
-2410
-3618
-3070
-414
2867
5540
5712
3253
543
-655
-411
975
2507
3572
2924
367
-2844
-2971
2958
8261
5844
-5321
-12812
-6494
4750
7725
-77
-8222
-7736
-1672
2509
3730
1659
-4002
-10579
-12072
-3923
5166
4265
-5300
-13829
-13565
-8661
-5921
-5181
-3761
-1215
585
836
532
-301
-2532
-3201
1323
8949
13102
9000
185
-5719
-5881
-2366
1243
2916
2803
1184
-267
-109
-309
-1703
-2252
704
6313
8727
5683
1141
619
4610
7945
6951
3850
3166
4600
4918
2254
-1320
-2351
-1625
-922
-906
-1534
-1932
-2992
-4019
-2253
966
2658
1718
-326
-106
2206
3925
4506
3303
2303
3102
5321
10624
12686
7180
-4177
-11564
-4940
6815
9005
-991
-12652
-14851
-7970
-1984
-312
-1842
-5455
-7194
-5274
925
5386
976
-7611
-11791
-7921
-1811
-847
-3795
-6146
-6515
-5441
-3280
-865
-59
-2460
-5001
-2537
3323
5945
2235
-3546
-4012
1207
6020
6901
4193
981
-557
-737
1018
3027
2424
282
-1103
-153
1470
461
-1243
-120
3639
7484
7678
4544
1870
1657
4492
7689
7860
5063
962
-1770
-2223
-2352
-2805
-2530
-1284
316
592
-1191
-2517
-2378
-551
2806
5616
6440
3574
-594
-2093
1447
10122
15816
12162
-31
-9444
-5263
5622
8796
659
-9072
-10656
-4375
681
1192
-2087
-8222
-12173
-10442
-2200
5174
2792
-5894
-11949
-9806
-3344
-28
-780
-2571
-3757
-3749
-2136
-583
-1041
-4164
-6634
-3687
2534
5336
1613
-4960
-7113
-2961
2592
5302
4227
1490
31
433
2172
3561
2762
1031
620
1709
2570
1021
-1635
-1727
1479
5333
5643
2325
-397
406
3695
6109
5209
1911
-666
-1059
1081
3447
3774
2304
-73
-1457
-1772
-1739
-1044
260
2087
3365
3073
1105
-1200
-2010
218
8325
15412
13828
2783
-7816
-4100
8094
13112
5346
-5290
-8248
-3960
-931
-1404
-2243
-5269
-9568
-10392
-3734
5279
4471
-6528
-15758
-13724
-3942
2114
388
-3967
-6606
-6874
-4747
-1319
1053
634
-1413
-705
2693
3333
-1067
-6718
-7266
-1934
3547
5005
2630
-1707
-4967
-4806
-1079
3754
5332
3341
1010
169
-497
-2362
-3485
-796
4385
7242
5889
2157
-208
22
1950
4833
6826
5655
1242
-2948
-3353
-420
1876
1812
904
506
221
-1144
-1938
-478
2632
5097
4872
3632
2876
2677
5829
11022
12051
5693
-3653
-3562
6282
11890
5509
-5654
-9464
-3908
2013
2849
1242
-3313
-10002
-13797
-8602
2888
7417
390
-9237
-11652
-7192
-3401
-2885
-2368
-1725
-3477
-5742
-4609
-835
389
-2823
-4148
580
5489
3726
-3454
-7365
-3692
2148
4324
2847
189
-2447
-4020
-2879
1122
3966
2278
-1096
-2493
-1847
-1767
-2571
-1058
3022
5531
3439
-914
-2896
-866
2223
4471
5812
5283
2504
-1906
-3843
-1130
2533
3406
1180
-848
-864
-915
-1627
-1277
1186
3670
3197
988
1142
3846
6685
10133
11771
10050
3398
-2536
927
8632
10935
4524
-3317
-4876
-1271
1670
2390
318
-5598
-11533
-11337
-2754
4831
2061
-6991
-12774
-10915
-6653
-4520
-1763
2056
2927
-1217
-5820
-5071
-1488
-717
-2217
-691
4030
5688
751
-5996
-6955
-2349
2359
3900
3016
1210
-1408
-2964
-1214
1818
2447
226
-1387
-647
-318
-1716
-2359
-561
1875
2202
437
-1353
-2152
-1854
-133
2416
3772
2223
-1247
-2758
-1062
1488
2302
1144
-443
-1297
-1859
-1832
-729
697
1382
620
-446
882
3080
5376
9743
11784
9283
1550
-2209
5277
13946
12599
2305
-4688
-2263
3235
3992
2799
1259
-3051
-8861
-10177
-2158
5450
2262
-7311
-12607
-9011
-4056
-3423
-3465
-1761
-1384
-4441
-6802
-4427
-214
584
-203
1980
5293
3776
-2969
-7251
-3529
3209
5358
2778
-133
-1250
-2109
-2686
-168
3638
3565
-321
-3045
-1712
-525
-2489
-3316
-3
3866
2926
-2005
-5044
-3607
-121
2606
3905
3759
1890
-1561
-3397
-1732
693
1111
-837
-2154
-1564
-1150
-1306
-1470
-434
1155
1378
528
-40
1143
2549
5130
9133
10060
5927
-1466
-1322
7538
13679
9510
-609
-5131
-1458
4660
7610
7313
1937
-7369
-13414
-8793
3494
8642
1577
-8912
-12685
-9167
-6017
-4278
-917
1963
824
-3162
-4326
-1260
184
-2213
-2814
1632
6286
4831
-1387
-4827
-2647
880
2526
2628
2150
177
-3162
-3383
330
3265
1937
-1463
-2186
-1223
-1953
-3310
-2314
730
2412
1224
-691
-1346
-1118
-95
1688
3144
2350
-1661
-4833
-4198
-690
1898
792
-2023
-3701
-3840
-3056
-821
1378
2453
996
-2168
-1241
2794
6196
9658
8889
5425
198
-2772
3934
11289
10361
1977
-4771
-3080
2749
4623
4477
4166
769
-4317
-7242
-1678
6018
4975
-2946
-9672
-9386
-5852
-4267
-2680
138
716
-2849
-6914
-6415
-2390
-114
-100
1002
3179
2643
-1203
-3532
-447
4635
5877
3444
1210
1190
1131
171
814
2829
2793
-420
-3503
-3570
-2748
-3840
-4381
-2231
269
249
-2322
-3356
-1377
1220
2773
2670
1847
667
-765
-1015
447
1798
921
-2107
-4462
-3712
-2012
-1129
-1435
-1868
-1181
-971
-1525
-977
925
3372
7850
9727
7196
961
-3147
3271
11896
12413
3843
-4667
-4755
706
4280
5289
4241
-1044
-7597
-9524
-1852
7022
5564
-3327
-9793
-7894
-3352
-2688
-3068
-1004
932
-730
-4207
-4433
-1521
-62
-289
1025
4046
4075
-1104
-5768
-3487
3327
7132
4845
401
-1590
-809
1546
4261
5698
3618
-922
-3810
-2887
-804
-678
-1304
-1043
-572
-2017
-4615
-5112
-2765
94
1473
1545
1075
-452
-2946
-3584
-917
2749
3491
382
-2570
-2602
-1362
-1262
-2384
-1948
-193
364
-829
-372
1890
5676
8781
6529
1926
-3024
-515
7790
11313
6522
-1643
-4217
-566
3499
4174
3821
880
-4320
-7473
-3918
4643
6911
123
-7723
-8987
-5122
-3383
-4219
-3234
-459
89
-2349
-4306
-3505
-2110
-1162
1083
4744
5902
1852
-3365
-3879
1106
5309
5033
2569
526
43
645
2892
5546
4788
303
-3129
-2149
706
852
-1859
-2984
-1426
-303
-1473
-3388
-2983
-463
1183
862
-256
-1096
-1576
-2036
-1781
-626
-308
-1694
-3546
-3439
-1435
282
371
-1116
-1761
-1430
-903
-366
1276
3342
6271
9238
7785
3136
-2315
-515
7668
11588
6749
-1925
-5847
-3694
284
2528
4092
1727
-4776
-9342
-5970
3526
7025
1080
-6526
-8115
-4662
-2744
-3229
-2130
104
-206
-2804
-4133
-2080
-140
-220
399
2797
3787
478
-4095
-3912
1565
6232
6358
3402
728
-220
876
3678
5873
4942
1433
-723
-53
741
-432
-2352
-2114
-312
-392
-2892
-4844
-3647
-439
1407
869
-211
-1212
-2162
-2777
-1809
751
1752
-480
-3973
-4918
-2867
-545
-323
-932
-649
-512
-1716
-2713
-413
3133
7399
9160
6473
1740
-2266
1688
9598
11907
6039
-2045
-4651
-1688
1472
2620
3250
448
-5073
-8873
-5605
2130
3735
-1934
-7879
-8079
-4646
-3594
-4137
-2676
-534
-496
-2084
-2161
-343
356
31
1426
4053
3657
-411
-3420
-1103
4403
6421
4111
1017
-669
-421
1312
4533
7394
6044
1073
-2106
-1326
588
308
-901
489
2051
156
-3912
-5713
-2928
749
1503
144
-828
-1094
-1694
-2746
-2286
-194
645
-1172
-3806
-4304
-2360
-944
-870
-1494
-1622
-1338
-1352
-931
896
3307
3679
5851
7021
5320
869
-2401
3884
11425
10748
1645
-6117
-5085
746
3885
3660
1919
-3017
-8456
-9287
-1498
6582
4441
-4984
-11395
-9035
-4151
-3159
-3108
-556
1004
-1552
-5362
-4407
153
1900
840
1221
3661
3550
-650
-3375
120
5931
7199
3811
447
48
1651
3719
5883
6558
3729
-497
-2235
-909
311
-227
-394
839
861
-2431
-5409
-4461
-188
3035
2494
571
-1268
-2780
-3890
-2909
493
3032
1076
-3596
-6239
-4518
-1311
-130
123
-465
-1282
-2413
-3293
-565
2716
4965
8579
8735
5382
-657
-2531
5429
12357
9477
-273
-6200
-3639
1723
3166
2927
1393
-3966
-9914
-9778
-466
6528
2023
-8006
-12540
-8553
-4225
-4135
-3324
66
1203
-2123
-5458
-3567
433
1481
1029
2838
5140
2614
-3080
-4723
964
7510
7915
4094
752
80
750
2610
6450
8677
5507
-517
-2894
-399
1689
143
-1331
-95
810
-1285
-4166
-3398
197
2118
1078
-647
-1377
-1672
-2483
-1988
437
1551
-541
-4081
-5295
-2750
-371
127
-241
-917
-1252
-2488
-2300
-343
2851
3767
3778
6502
6778
4466
-815
-40
7925
11523
6046
-3479
-6143
-1448
3565
3801
2213
-1537
-7714
-10928
-6260
3543
6009
-2225
-10929
-11160
-5810
-3194
-3972
-2315
465
-983
-5075
-5764
-1092
2310
1153
50
2316
3736
268
-3443
-1272
5615
8893
5536
1176
-304
840
2304
4464
7374
6926
2053
-2951
-2809
528
1760
641
49
731
-505
-3562
-4252
-1169
2113
2333
728
-174
-728
-2333
-3218
-938
2209
1828
-2138
-5431
-4528
-1806
-794
-689
-472
-679
-2086
-3235
-1369
3347
5071
4784
6241
6596
4897
-223
-399
6905
11275
6464
-2777
-6056
-1724
3176
3510
2609
-132
-6115
-10837
-7765
1983
6227
-518
-9582
-11463
-7545
-5298
-5351
-2575
1159
-58
-5215
-7053
-3021
626
468
455
3481
4934
476
-4517
-2858
4403
8652
6275
2614
1320
1307
1259
3000
6683
7681
3381
-1853
-2229
579
1446
84
-64
1389
717
-2568
-4101
-1550
1513
1642
-105
-947
-935
-1760
-2555
-783
1980
2019
-1298
-4158
-3379
-1048
-383
-1300
-1200
-450
-901
-2141
-1981
1325
4162
3731
5108
7019
6556
2169
-1976
3517
11496
10903
1153
-7084
-5511
1082
3680
2299
752
-3221
-8338
-9604
-2795
4669
2295
-6647
-11280
-7867
-3986
-4725
-5379
-1794
615
-2478
-6413
-4938
-7
1349
-394
573
3676
2596
-2649
-4510
1130
7960
7746
3015
519
1250
2184
2839
4985
6924
4882
-157
-2261
-89
1748
706
-885
-198
894
-639
-3021
-2716
-252
1906
1921
934
-112
-2004
-3102
-1742
1315
2720
239
-3417
-4255
-2446
-1032
-636
-954
-965
-1242
-2068
-1256
1499
3682
3974
6275
7694
6261
1211
-1485
5140
11786
9848
267
-6150
-4011
1246
2642
2063
1368
-2948
-8863
-9823
-1775
5457
2158
-6969
-10893
-7513
-4751
-6034
-5525
-825
1141
-2883
-7168
-5321
-700
208
-683
1344
4469
2491
-3498
-5075
851
7315
7078
2915
805
1230
1653
2683
5564
7358
4592
-695
-2250
446
2047
424
-805
677
1886
-177
-3355
-3189
-374
1548
1352
331
-506
-2041
-3433
-1993
1337
2930
527
-3435
-4203
-2241
-468
-435
-964
-425
-362
-1504
-2263
28
2948
5846
8547
7434
4302
-513
494
7780
11431
7176
-1423
-5163
-2118
1911
2695
2678
252
-4906
-8950
-6517
1478
3943
-2240
-9226
-9441
-5418
-4263
-5833
-4466
-736
-387
-3578
-5385
-3301
-1170
-1019
67
2980
3864
-151
-4515
-3366
2598
6718
5613
2801
1132
674
1317
3314
5812
5797
2246
-807
-842
381
186
-1044
-184
1874
1638
-1147
-3652
-2915
367
2503
2461
897
-1314
-2951
-3073
-870
1896
1952
-859
-3962
-4257
-1801
-151
-348
-1220
-1764
-1309
-1441
-384
1535
4678
9033
8547
4778
-72
798
7608
10970
7128
107
-2880
-1282
1255
1618
2551
1589
-3159
-7445
-6102
811
3421
-1742
-8098
-8791
-5724
-5023
-6444
-5562
-2696
-1751
-3151
-3671
-2525
-2634
-3318
-1031
3617
5129
477
-4388
-3735
1296
5280
4996
3624
2275
647
401
2829
6364
6674
2704
-618
11
1559
831
-1302
-1429
859
1856
174
-2071
-2682
-1269
594
1677
1637
270
-1730
-2790
-1931
140
1298
512
-1474
-3121
-2839
-1674
-1112
-1378
-2056
-1389
-857
-943
-579
1004
6441
9694
7318
1828
-1244
4009
10036
9362
3190
-1598
-1410
669
1198
1702
2874
149
-5199
-7134
-1892
3640
1142
-6091
-9203
-6327
-3860
-5076
-5911
-3745
-2169
-3209
-3859
-1913
-681
-2870
-4070
-106
4919
3875
-2158
-4958
-1608
3308
4435
3286
2896
2101
636
811
3935
6809
5493
1443
-313
847
1255
-448
-1438
299
2328
1286
-1857
-3386
-2174
-247
862
913
446
-357
-1837
-2483
-1591
196
1419
518
-1598
-2900
-2834
-1827
-1123
-1258
-680
-551
-1043
-1300
-869
4209
9328
8471
3141
-1624
2103
9415
9912
3848
-1430
-967
2042
1898
785
2172
1370
-3137
-6799
-3242
3091
1961
-5446
-9710
-6688
-3394
-5114
-7127
-4400
-1252
-2541
-5208
-3594
14
-694
-3610
-1977
3771
5449
15
-4913
-3015
2390
4431
3099
2798
3368
2295
708
1860
5235
6092
3092
629
1078
1763
-21
-1911
-415
2557
2517
-897
-3665
-3222
-1080
187
429
299
-477
-1978
-2988
-2058
-259
709
21
-1177
-1727
-2035
-2423
-2523
-1870
-425
410
-73
-1007
-750
3937
8633
8294
3129
-1207
2780
8977
8894
3070
-1657
-533
2134
1812
1334
2288
751
-3529
-5770
-1160
4124
1135
-6683
-9985
-6420
-3173
-5209
-7259
-4741
-2111
-2992
-4580
-2669
-30
-1740
-4504
-1728
4342
5448
-94
-4606
-2097
3222
4668
3168
2912
3459
2723
1243
2278
5190
5253
2138
290
1480
2348
301
-1913
-382
2708
3156
164
-2919
-2989
-1231
454
1045
334
-1089
-2710
-3097
-1931
-818
-376
-873
-1160
-1458
-2325
-3367
-3731
-2630
-1145
-26
350
-628
-151
4073
7227
6822
2160
559
5678
9336
6602
469
-1402
1683
3742
1906
1232
1421
-890
-4701
-4523
1914
4931
-861
-9032
-10257
-5122
-2654
-5034
-6441
-4381
-2899
-3763
-3732
-831
576
-2239
-3955
-136
5023
4132
-1518
-4274
-856
3508
3837
2666
2606
2921
2375
1993
4053
5718
3944
1032
528
2280
2246
-534
-1626
1068
3554
2536
-1039
-2980
-2012
-558
431
506
-347
-2049
-3473
-2820
-864
-147
-1145
-2074
-1748
-1098
-1846
-3135
-3373
-2109
-999
-321
-287
-326
2382
4865
5051
2362
250
4151
8821
7781
2108
-1731
168
3650
3557
2581
2796
1223
-2673
-5020
-582
5249
3275
-4795
-10426
-8609
-4389
-3902
-5177
-4984
-4488
-5218
-5427
-2624
409
-446
-3098
-2107
2446
4455
1320
-2664
-2484
1240
3716
3862
3460
2775
1622
939
2452
5221
5743
3309
1000
681
1182
644
126
1228
2834
2486
123
-1569
-1296
146
768
452
-297
-1246
-2214
-2603
-1920
-962
-691
-1228
-1509
-1543
-1675
-2261
-3125
-3362
-2530
-985
365
263
963
3017
3835
2232
-203
2093
7299
8460
3496
-1865
-1614
2462
4130
3200
2984
2044
-729
-3926
-2070
3583
4724
-482
-6671
-8389
-6663
-5913
-5599
-3876
-3141
-4849
-6880
-5433
-1716
-856
-2318
-1814
1549
3455
1068
-2139
-2079
689
2829
3455
4138
4398
2937
1056
1062
3797
6087
5267
3212
1659
667
-271
-575
1502
4063
3830
1060
-1652
-1899
-375
1005
1443
736
-998
-2556
-2697
-1551
-839
-1569
-1831
-1255
-807
-1844
-3573
-3619
-2717
-2062
-1967
-1145
-140
1367
2609
2608
1563
-249
1552
5657
7414
4404
-582
-2084
204
2775
4090
4589
2846
-882
-3702
-1548
3709
4729
315
-4643
-6258
-5653
-6025
-5964
-3873
-2746
-4245
-6106
-5127
-2471
-2472
-3986
-2166
2217
4018
803
-3111
-2768
158
2237
3063
4163
4679
2703
288
655
3655
5517
4574
3327
3072
2322
99
-1227
450
3465
4368
2852
864
-658
-1468
-1319
478
2198
1362
-1538
-3629
-2749
-930
-867
-1874
-2236
-1231
-788
-1893
-3201
-3620
-2903
-1998
-754
83
1562
2884
2234
194
-1585
1041
5691
6677
2877
-1333
-1573
712
1504
1966
4025
4446
1300
-2767
-1663
3568
4829
535
-3671
-4217
-3719
-5803
-7331
-4720
-2045
-3273
-6133
-5569
-2188
-1874
-4688
-4014
1235
4755
2106
-2960
-3587
-383
1773
2248
3467
5229
4323
820
-501
2220
5065
4663
2740
2476
2867
1346
-682
-50
2686
3846
2386
813
861
879
-388
-1048
-18
1213
461
-1811
-2697
-1801
-1186
-1388
-1732
-1215
-775
-1873
-3058
-3400
-2845
-2185
-1741
-586
2133
3907
2690
-761
-2577
1090
5790
6204
2206
-1461
-1328
-89
-205
797
3609
4504
1418
-2258
-623
3756
3891
-139
-2918
-2156
-1767
-4835
-7217
-5349
-2604
-2805
-4847
-4603
-2581
-2742
-4834
-4062
270
3292
1795
-1730
-2713
-1148
526
1847
3648
5040
4078
1487
506
2212
4055
4068
2969
2597
2544
1484
331
565
2066
2968
2394
1603
1298
1132
548
-154
-378
-369
-444
-899
-1279
-1365
-1494
-1512
-1493
-1293
-1212
-1714
-2173
-2407
-2371
-2009
-1991
-938
1692
3502
2610
-1015
-2400
1017
4904
4778
946
-1685
-1015
-152
-543
200
2272
2816
372
-1497
960
4169
3165
-760
-3123
-2187
-1523
-3293
-4691
-4225
-3485
-3915
-4201
-2888
-1826
-2998
-4657
-3301
424
2340
862
-1731
-2451
-1182
390
2169
3854
4134
2916
1324
1181
2379
3057
2950
2734
2824
2762
1872
953
942
1853
2820
2964
2226
1295
863
765
536
-179
-763
-734
-393
-319
-827
-1618
-2003
-1593
-842
-377
-790
-1923
-2714
-2574
-1522
220
1266
1145
-130
-1298
-553
1096
2157
1659
556
-129
-716
-1292
-1208
-134
752
759
336
608
1319
1465
1321
1274
890
-387
-2239
-2961
-2410
-2249
-2686
-3302
-3128
-2675
-2925
-3055
-2672
-2047
-1497
-950
-162
82
-895
-2009
-1733
-36
1566
2343
2649
2936
2755
1841
1265
1752
2830
3340
2949
2364
2104
1984
1889
2094
2518
2686
2111
1383
1349
1560
1036
-427
-1435
-1047
-183
-148
-910
-1644
-1795
-1605
-1078
-241
-197
-1587
-3454
-3666
-1465
921
1150
-157
-1214
-929
-368
-186
618
1776
2145
877
-831
-1253
-472
109
494
1429
2383
2113
369
-613
713
2614
2608
498
-1623
-2237
-2286
-2629
-2901
-2771
-2781
-3517
-4011
-3204
-2027
-2084
-3110
-3179
-1543
78
-18
-1167
-1618
-1031
-151
598
1525
2452
2518
1912
1708
2325
2970
2774
2177
2066
2467
2880
2934
2939
2893
2527
1936
1405
1225
1214
911
401
131
49
-30
-382
-832
-1025
-1262
-1437
-1134
-383
15
-778
-1801
-1656
-299
654
210
-364
-194
333
96
-513
-13
963
964
-116
-571
224
539
-598
-1425
-119
1912
2162
335
-1064
-732
-154
-495
-1392
-1655
-1485
-2095
-3290
-3773
-3257
-2555
-2557
-2848
-2436
-1823
-1713
-1913
-1624
-805
-371
-778
-1101
-608
282
942
1290
1840
2478
2587
2191
1814
1792
2103
2303
2646
2887
2638
2154
1640
1764
2132
2068
1626
1096
926
1180
1325
963
198
-652
-967
-569
-99
-8
-385
-995
-918
-352
375
856
588
196
-75
91
339
424
351
247
147
-383
-884
-879
-245
452
401
-209
-702
-1036
-1015
-339
734
1265
107
-1933
-2892
-2288
-1430
-1573
-2272
-2411
-2101
-2247
-2805
-3025
-2676
-2104
-1719
-1184
-576
-721
-1583
-2231
-1651
-144
804
568
-24
51
975
1919
2193
2145
2096
2084
1877
1496
1596
2237
2832
2833
2227
1606
1318
1233
1399
1821
2084
1780
966
356
435
642
366
-278
-748
-726
-431
-324
-302
-232
25
584
1072
1188
792
409
326
519
635
460
287
-248
-1015
-1396
-902
115
272
-542
-1288
-1198
-690
-489
-314
66
116
-828
-2288
-2898
-2363
-1587
-1298
-1649
-2024
-2202
-2262
-2149
-2030
-1932
-1923
-1640
-995
-273
-118
-859
-1808
-2076
-1199
138
1057
1273
1012
703
637
960
1555
2055
2190
2223
2344
2330
2007
1687
1923
2455
2548
2018
1336
1091
1200
1396
1675
1844
1641
971
174
-348
-658
-864
-819
-493
-185
-303
-652
-577
71
709
778
503
332
560
871
862
594
-49
-722
-1001
-810
-290
-139
-374
-664
-1027
-1280
-1217
-633
-54
-316
-1213
-1800
-1799
-1938
-2484
-2719
-2057
-1158
-1114
-1694
-2069
-2007
-1814
-1606
-921
-52
-5
-793
-1419
-1163
-511
-264
-104
482
1047
968
586
746
1492
1951
1712
1480
1708
2236
2594
2583
2339
1862
1384
1308
1663
1917
1656
1082
736
841
1022
970
701
320
35
-165
-451
-844
-1259
-1254
-694
-66
272
315
231
66
-61
78
666
1171
1095
765
387
-59
-654
-960
-395
320
171
-675
-1305
-1108
-658
-552
-615
-794
-1349
-2257
-2805
-2466
-1735
-1689
-2333
-2614
-1988
-1105
-968
-1447
-1651
-1318
-914
-578
-157
235
-23
-975
-1345
-442
816
1096
527
498
1337
1825
1321
679
882
1625
1975
1993
2194
2546
2416
1844
1518
1612
1751
1496
1249
1423
1594
1347
800
585
914
972
441
-345
-696
-486
-388
-510
-664
-402
109
300
109
-141
-38
141
30
-241
-52
527
541
-242
-1054
-930
-335
-379
-873
-1065
-884
-898
-1217
-1052
-597
-1001
-2271
-3231
-2992
-2314
-2235
-2368
-1991
-1490
-1580
-2007
-1861
-1054
-553
-553
-336
313
649
112
-585
-588
-9
467
783
1322
1783
1666
1106
852
1329
1855
1918
1745
1692
1978
2207
2313
2372
2330
2130
1760
1460
1419
1604
1748
1731
1535
1228
787
186
-247
-224
9
-35
-628
-1201
-1236
-1007
-794
-633
-240
125
-163
-837
-1152
-731
-181
-107
-339
-578
-736
-879
-722
-334
-239
-568
-921
-813
-605
-759
-947
-930
-909
-1427
-2298
-2786
-2812
-2622
-2390
-1986
-1487
-1317
-1456
-1470
-1142
-603
-168
207
553
684
436
-120
-502
-354
372
1128
1461
1435
1338
1461
1515
1429
1397
1546
1828
1985
2023
2052
2161
2285
2364
2327
2134
1960
1935
2079
2126
1795
1284
955
873
745
283
-270
-569
-664
-696
-834
-867
-826
-1004
-1168
-1149
-717
-349
-467
-837
-1279
-1413
-1384
-1042
-594
-662
-1067
-1337
-871
-277
-420
-989
-1213
-793
-345
-219
-306
-525
-1088
-1955
-2459
-2364
-2094
-2128
-2367
-2293
-1769
-1217
-968
-1030
-989
-654
-159
355
553
581
420
35
-122
90
703
1390
1644
1647
1653
1605
1558
1601
1791
2070
2105
1912
1905
2091
2213
2190
2150
2325
2495
2345
2063
1993
2170
2195
1789
1141
626
340
33
-452
-919
-1107
-1010
-1011
-1324
-1696
-1739
-1371
-856
-394
-283
-592
-1206
-1717
-1622
-1133
-615
-474
-815
-1260
-1345
-899
-466
-493
-888
-1170
-1021
-738
-318
-10
-327
-1186
-2122
-2374
-2133
-2138
-2329
-2348
-1991
-1559
-1238
-895
-621
-538
-659
-677
-381
11
353
517
547
629
748
907
1088
1346
1716
2057
2270
2308
2253
2055
1735
1500
1463
1675
1892
1980
2010
2063
2289
2562
2708
2552
2089
1673
1529
1642
1678
1281
522
-370
-1036
-1264
-1206
-1002
-855
-902
-1053
-1350
-1578
-1540
-1317
-1027
-918
-1043
-1344
-1569
-1515
-1102
-712
-841
-1282
-1578
-1280
-722
-404
-379
-614
-900
-1175
-1074
-588
-317
-550
-1135
-1486
-1550
-1700
-1872
-1835
-1574
-1212
-805
-349
-18
-70
-328
-374
-154
36
98
202
515
851
929
793
636
645
843
1178
1617
1990
2174
2057
1711
1353
1115
1188
1447
1759
1994
2057
2127
2231
2293
2238
2018
1769
1610
1437
1303
1213
898
218
-718
-1343
-1228
-804
-712
-1024
-1474
-1665
-1668
-1657
-1429
-1187
-1080
-1148
-1137
-923
-928
-1203
-1399
-1103
-765
-872
-1048
-789
-216
-133
-485
-653
-511
-425
-457
-55
562
554
-284
-1277
-1768
-1991
-2198
-1995
-1328
-695
-481
-593
-542
-588
-851
-880
-503
112
286
189
315
561
554
160
-2
356
1027
1670
2137
2403
2245
1780
1409
1345
1414
1457
1534
1857
2262
2431
2393
2152
1855
1620
1572
1790
1884
1559
920
330
-26
-386
-802
-1110
-1171
-1080
-1162
-1290
-1419
-1643
-1972
-2225
-1916
-1252
-753
-711
-867
-911
-1013
-1121
-1011
-524
-238
-587
-1104
-1016
-341
-11
-179
-399
-230
14
-2
177
569
674
90
-807
-1368
-1528
-1634
-1677
-1419
-936
-517
-433
-565
-682
-635
-492
-358
-215
-22
192
250
200
164
258
389
553
999
1584
2038
2052
1749
1572
1554
1540
1409
1295
1372
1580
1700
1647
1594
1603
1632
1629
1614
1563
1242
583
-54
-192
57
109
-346
-998
-1324
-1296
-1243
-1310
-1413
-1568
-1781
-1899
-1597
-860
-304
-425
-976
-1291
-1190
-897
-642
-348
-120
-440
-1004
-1084
-444
276
408
241
203
245
181
273
627
750
311
-451
-928
-1078
-1171
-1159
-908
-406
22
103
-98
-346
-448
-395
-306
-190
8
163
147
63
88
205
263
268
440
811
1156
1336
1343
1273
1136
970
883
863
868
926
1137
1452
1600
1439
1163
1019
953
729
339
77
97
202
158
-33
-255
-538
-943
-1324
-1379
-1138
-984
-1147
-1459
-1557
-1501
-1566
-1748
-1660
-1079
-350
45
-37
-293
-515
-633
-538
-192
151
151
5
202
762
1059
845
593
708
990
1087
1119
1173
998
479
-12
-212
-412
-814
-1092
-869
-374
-143
-311
-584
-750
-783
-711
-597
-463
-364
-276
-143
-17
14
-55
-113
-15
326
747
1046
1137
1055
950
856
727
597
600
815
1127
1271
1105
786
492
273
96
-31
-60
-59
-148
-298
-376
-424
-615
-983
-1297
-1319
-1137
-997
-1005
-1090
-1169
-1225
-1248
-1169
-935
-561
-99
305
469
386
254
275
455
662
801
805
677
561
680
990
1216
1246
1170
1078
920
730
659
702
670
455
111
-284
-664
-888
-891
-767
-677
-669
-681
-715
-753
-733
-652
-661
-825
-947
-798
-398
-68
40
10
8
57
112
202
304
398
447
494
497
364
161
36
44
93
163
313
452
382
94
-164
-226
-223
-267
-272
-125
-13
-189
-517
-671
-582
-552
-645
-604
-304
-15
-30
-152
-116
1
-71
-218
-37
468
851
844
757
846
900
686
418
453
676
794
883
1167
1448
1264
652
147
33
141
280
476
626
472
12
-449
-713
-918
-1142
-1193
-906
-491
-332
-509
-799
-987
-1045
-998
-835
-553
-239
-19
31
-99
-339
-584
-693
-567
-207
220
461
403
148
-75
-179
-226
-253
-217
-78
45
28
-100
-215
-279
-342
-315
-51
353
522
273
-83
-179
-50
15
-32
0
123
178
139
163
287
319
173
17
62
272
447
525
616
775
850
736
568
573
761
928
988
995
968
828
598
453
448
472
442
423
442
380
184
-42
-179
-288
-475
-669
-727
-647
-630
-800
-1035
-1132
-1031
-865
-742
-686
-687
-773
-920
-997
-928
-772
-638
-533
-396
-262
-256
-433
-636
-661
-484
-274
-162
-127
-122
-168
-274
-336
-246
-55
112
238
407
602
652
446
138
23
199
500
701
752
710
596
433
301
285
340
376
387
404
412
370
349
446
599
641
534
456
537
738
947
1096
1145
1024
765
540
497
600
690
684
584
395
144
-66
-170
-228
-311
-402
-471
-567
-715
-828
-857
-875
-940
-977
-925
-880
-953
-1066
-1086
-1049
-1055
-1083
-1019
-871
-776
-785
-810
-794
-773
-761
-695
-556
-450
-440
-448
-383
-271
-213
-185
-105
6
79
130
252
433
530
474
380
384
502
688
914
1111
1172
1088
974
901
828
758
775
869
862
670
450
384
427
461
512
624
685
571
407
440
656
793
707
550
488
459
373
305
343
378
248
26
-73
-52
-97
-274
-433
-475
-515
-644
-761
-744
-663
-652
-689
-705
-738
-847
-933
-880
-777
-821
-1006
-1122
-1082
-1033
-1083
-1140
-1077
-958
-903
-868
-734
-537
-440
-451
-390
-194
-20
5
-13
66
171
160
92
159
354
472
434
434
639
904
995
932
904
938
894
749
664
718
766
676
536
468
431
345
271
315
427
485
506
588
704
701
578
493
534
593
565
512
522
560
530
426
329
274
222
152
96
69
4
-157
-358
-495
-556
-634
-755
-817
-762
-701
-757
-875
-908
-846
-825
-902
-982
-971
-923
-939
-1001
-1022
-988
-957
-933
-822
-597
-380
-293
-294
-242
-111
-21
-45
-76
-2
121
151
76
24
47
64
59
168
446
710
749
614
529
556
558
460
384
426
496
462
373
340
345
268
141
151
368
615
703
677
684
719
662
539
525
673
812
802
737
767
835
780
599
460
430
404
297
159
48
-82
-276
-452
-529
-556
-621
-701
-700
-632
-613
-688
-752
-734
-718
-811
-948
-979
-897
-846
-903
-973
-954
-857
-733
-578
-387
-235
-187
-183
-126
-31
-10
-79
-134
-114
-74
-84
-124
-136
-120
-96
-38
91
254
352
346
305
298
318
296
205
128
154
262
339
311
235
184
179
191
223
296
386
436
457
490
522
502
433
419
523
671
768
802
809
775
663
539
509
560
547
387
186
71
7
-113
-279
-386
-405
-417
-435
-388
-300
-286
-385
-469
-441
-393
-459
-599
-653
-594
-543
-574
-625
-611
-549
-474
-360
-200
-61
-19
-41
-40
-6
-12
-84
-156
-170
-130
-76
-32
-17
-50
-103
-104
-35
55
114
132
133
123
96
84
85
53
-23
-75
-41
27
28
-28
-60
-53
-70
-110
-95
0
79
88
89
132
175
164
170
265
389
442
428
440
493
486
397
315
290
276
223
152
100
42
-31
-71
-41
11
15
-19
-34
-33
-41
-47
-33
-36
-103
-185
-206
-178
-164
-193
-196
-140
-70
-28
-6
16
22
2
-3
40
91
76
4
-62
-79
-75
-72
-60
-46
-58
-103
-121
-61
30
62
6
-87
-138
-141
-128
-111
-99
-101
-133
-178
-195
-168
-127
-113
-116
-107
-92
-103
-143
-164
-132
-72
-34
-27
-24
-10
17
68
140
207
234
218
196
188
185
173
162
156
136
81
8
-35
-21
25
54
57
47
34
10
-10
9
65
112
99
42
0
-9
-10
-15
3
59
122
156
148
129
117
114
133
175
207
203
155
98
66
60
65
65
49
21
-5
-17
-18
-20
-26
-42
-73
-111
-138
-158
-169
-176
-174
-156
-144
-171
-229
-268
-258
-215
-185
-191
-210
-225
-224
-223
-212
-181
-160
-160
-163
-142
-88
-38
-19
-19
-8
9
18
26
40
58
70
74
75
72
62
55
65
100
136
144
130
112
105
126
158
188
200
183
143
106
94
114
146
168
168
159
165
173
168
160
160
171
177
167
148
126
95
64
54
66
68
47
20
6
2
-5
-16
-19
-24
-49
-90
-125
-140
-145
-158
-174
-186
-207
-233
-254
-259
-250
-255
-265
-259
-243
-230
-240
-260
-261
-241
-212
-180
-152
-127
-112
-107
-99
-79
-46
-7
17
19
14
30
58
62
38
18
28
54
81
110
132
145
145
141
147
159
176
197
214
217
201
186
185
192
203
233
275
293
267
224
213
231
244
239
233
236
220
172
141
160
192
177
120
78
68
59
40
26
20
-13
-82
-147
-166
-152
-146
-163
-185
-202
-235
-284
-324
-334
-310
-291
-296
-300
-290
-273
-289
-332
-344
-301
-242
-210
-210
-199
-175
-172
-188
-183
-128
-69
-51
-53
-28
11
19
-3
-14
9
30
23
9
30
80
112
106
89
88
93
97
113
149
187
193
174
161
164
170
173
187
214
226
212
195
201
226
242
221
187
160
149
154
163
168
152
117
76
41
20
19
28
32
23
3
-25
-56
-85
-102
-101
-91
-83
-94
-124
-151
-160
-151
-141
-148
-161
-165
-158
-151
-155
-157
-150
-139
-133
-128
-118
-110
-116
-125
-122
-98
-75
-75
-88
-92
-87
-83
-80
-72
-52
-43
-50
-54
-41
-17
-2
3
14
33
46
44
45
60
81
97
108
117
122
114
102
100
109
119
126
129
132
128
118
114
114
115
119
125
131
132
126
121
110
95
83
81
86
88
73
50
28
11
-6
-16
-14
-9
-15
-41
-69
-83
-82
-74
-71
-70
-73
-84
-95
-99
-93
-83
-77
-72
-70
-75
-78
-76
-73
-75
-82
-83
-76
-67
-62
-61
-64
-74
-83
-84
-72
-62
-58
-65
-69
-62
-50
-41
-35
-32
-30
-29
-27
-12
15
37
39
27
14
7
11
25
53
80
83
65
44
42
55
72
87
94
97
91
76
68
75
87
92
83
80
87
90
80
63
53
50
42
30
23
26
26
17
4
0
-2
-10
-20
-17
-3
5
-1
-11
-17
-19
-22
-25
-21
-17
-21
-31
-38
-40
-42
-52
-61
-65
-60
-55
-58
-65
-70
-71
-65
-60
-58
-57
-59
-60
-61
-53
-38
-29
-27
-29
-28
-20
-12
-2
6
11
13
14
14
15
15
18
23
24
20
17
18
26
34
31
22
18
20
21
15
15
17
20
20
20
24
23
15
6
6
17
27
32
32
25
17
11
12
21
27
28
27
27
29
22
16
18
24
26
18
12
15
22
22
15
11
11
6
1
-2
3
3
-6
-17
-21
-20
-26
-34
-37
-36
-35
-38
-43
-41
-41
-47
-55
-54
-45
-36
-34
-38
-42
-42
-38
-35
-29
-24
-25
-34
-39
-33
-24
-23
-28
-30
-27
-20
-17
-17
-18
-17
-15
-11
-4
-1
-4
-9
0
23
32
21
12
15
28
38
50
57
56
43
33
40
60
72
66
54
56
66
66
59
60
66
63
58
60
66
61
45
36
42
52
48
35
25
24
24
18
12
5
-5
-20
-29
-20
-12
-20
-31
-35
-40
-49
-54
-53
-44
-38
-41
-47
-51
-56
-62
-65
-56
-44
-43
-48
-53
-57
-56
-51
-46
-46
-44
-43
-48
-52
-49
-41
-34
-32
-35
-33
-29
-31
-33
-28
-13
-3
-3
-7
-6
4
8
15
27
40
42
33
32
47
59
62
64
68
72
68
61
61
65
69
70
75
78
70
60
58
62
68
67
58
51
45
41
35
31
30
23
11
-2
-9
-12
-19
-25
-26
-28
-36
-48
-53
-50
-46
-49
-50
-54
-60
-62
-61
-55
-48
-47
-50
-52
-52
-51
-49
-44
-37
-35
-32
-35
-39
-36
-30
-25
-19
-17
-18
-19
-21
-17
-14
-10
-6
-2
-3
-5
1
7
9
12
17
21
22
20
21
31
38
40
40
41
45
46
45
48
52
53
50
50
53
55
51
46
48
49
46
42
37
33
30
25
19
14
10
3
-5
-11
-15
-16
-17
-19
-22
-30
-34
-38
-40
-37
-37
-37
-38
-41
-43
-42
-37
-32
-30
-28
-30
-31
-30
-30
-29
-28
-26
-27
-31
-34
-34
-31
-28
-25
-23
-22
-23
-22
-18
-13
-10
-8
-9
-8
-4
3
8
11
13
16
19
21
27
35
42
46
43
43
43
43
45
46
44
41
37
32
29
30
31
30
32
33
31
27
25
25
25
25
22
17
12
8
2
-3
-7
-11
-14
-14
-16
-19
-23
-23
-23
-25
-27
-29
-33
-33
-33
-30
-25
-25
-25
-27
-27
-27
-24
-22
-19
-16
-16
-16
-16
-14
-12
-11
-8
-5
-6
-7
-8
-7
-7
-6
-4
-2
1
-1
0
-1
1
2
2
6
6
6
7
7
11
12
15
16
16
18
17
19
21
21
20
17
15
12
13
16
18
18
17
13
12
14
16
18
17
13
9
4
2
3
1
-1
-3
-1
-3
-6
-9
-9
-6
-9
-10
-12
-17
-17
-19
-18
-14
-13
-14
-17
-19
-16
-11
-9
-9
-8
-9
-11
-11
-8
-5
-3
-4
-5
-4
-2
-4
0
1
2
2
0
-2
-2
-1
-3
-1
1
2
4
2
4
7
9
11
12
14
16
13
11
12
13
12
11
9
8
9
5
5
5
1
-1
0
-2
-1
0
-1
-4
-6
-6
-5
-5
-7
-8
-10
-7
-5
-5
-4
-1
-2
-4
-3
-1
0
-1
-2
-3
-4
-7
-6
-6
-1
0
-3
-4
-4
-1
1
3
3
3
3
2
0
1
2
6
5
4
5
2
1
2
5
3
0
-1
-1
0
1
-1
1
2
3
4
2
1
1
3
3
1
2
7
8
8
7
3
0
0
-2
-4
-4
-3
-5
-7
-10
-8
-7
-6
-7
-6
-7
-5
-3
-3
-3
-2
-1
-3
