-12
-12
-7
-2
-1
-4
8
12
11
19
19
15
19
22
19
25
34
34
32
35
35
29
31
27
25
28
28
28
23
24
20
13
12
8
8
8
7
5
6
7
3
4
5
3
4
4
4
5
10
7
2
5
8
5
0
-1
3
-2
-8
-10
-11
-13
-20
-26
-26
-30
-39
-43
-42
-40
-41
-42
-41
-38
-41
-44
-44
-37
-33
-32
-27
-20
-16
-19
-19
-14
-12
-9
-4
4
12
17
19
22
25
26
26
28
35
41
43
49
53
51
53
52
54
57
55
55
54
52
53
42
41
37
30
26
25
21
16
14
1
-10
-22
-26
-51
-61
-48
-75
-68
-71
-101
-110
-105
-115
-139
-107
-153
-148
-96
-141
-166
-121
-148
-192
-100
-139
-170
-77
-81
-111
-38
-37
-64
-14
3
14
58
49
80
149
72
127
192
129
141
244
193
192
301
242
229
249
253
216
246
225
190
211
188
159
136
129
89
97
81
49
50
61
18
-14
25
-5
-74
-64
-63
-109
-106
-98
-105
-87
-69
-97
-105
-90
-125
-171
-182
-174
-173
-195
-212
-219
-236
-266
-330
-376
-358
-350
-373
-327
-283
-306
-322
-304
-303
-337
-332
-286
-251
-181
-111
-92
-55
-8
17
30
75
184
261
293
373
459
467
462
478
490
510
616
633
663
775
746
682
704
714
581
604
617
614
601
558
549
394
310
333
170
-10
110
30
-105
-167
-104
-242
-490
-436
-411
-765
-679
-450
-845
-717
-620
-731
-893
-757
-889
-999
-792
-868
-901
-699
-692
-831
-692
-647
-683
-724
-398
-597
-304
-335
-153
-253
-158
175
-432
273
161
12
328
585
105
438
791
41
575
758
421
549
804
687
572
610
754
518
580
621
525
593
369
618
382
233
443
239
187
145
276
172
39
108
137
176
-31
117
158
-58
-25
32
-7
-23
75
40
-72
-41
-53
-185
-192
-252
-236
-241
-270
-209
-257
-272
-429
-579
-584
-630
-651
-572
-538
-549
-556
-567
-605
-633
-586
-539
-500
-403
-199
-88
-81
-47
41
-67
-86
21
152
83
350
481
304
544
430
505
324
458
495
444
698
578
666
684
592
482
414
366
462
489
393
561
708
415
396
371
252
228
177
244
192
310
189
-108
8
-63
-464
-353
-284
-437
-349
-395
-409
-523
-530
-673
-925
-624
-695
-844
-696
-500
-649
-828
-626
-823
-711
-720
-729
-441
-506
-299
-345
-357
-89
-359
-123
-85
-131
350
-14
289
315
228
464
135
502
496
459
616
594
468
703
566
370
693
485
513
523
475
433
489
262
230
393
202
236
153
221
157
112
120
-20
106
79
-22
36
25
6
-29
-74
-1
-45
-79
-24
-87
-100
-69
-110
-134
-123
-148
-152
-138
-148
-186
-179
-195
-223
-204
-196
-204
-213
-170
-152
-165
-162
-172
-136
-100
-98
-81
-53
-34
-22
-8
13
-5
7
28
11
21
35
26
52
63
52
86
42
42
128
106
61
154
144
97
188
205
120
143
254
167
226
231
198
230
132
154
171
87
-8
111
85
-43
-43
42
-174
-194
-72
-303
-315
-112
-284
-436
-251
-297
-426
-450
-498
-438
-406
-665
-279
-538
-565
-384
-437
-598
-526
-120
-738
-264
-198
-167
-111
-332
72
305
-402
22
771
-335
238
705
88
180
687
307
279
639
458
733
616
553
906
758
390
738
942
116
663
766
157
614
120
92
422
-174
-253
366
17
-291
287
49
-211
148
-25
-282
211
71
-194
206
17
-130
153
-193
-244
234
-101
-182
113
122
-70
-148
-75
-58
-271
-342
-94
-315
-468
-361
-445
-696
-764
-536
-767
-822
-521
-599
-689
-533
-553
-589
-457
-513
-435
-192
-281
-125
-187
91
79
-171
258
145
383
87
518
533
266
675
445
513
625
704
639
636
851
935
514
780
882
696
550
564
899
475
369
536
425
348
115
248
29
259
185
-439
196
191
-500
-171
-229
-518
-127
-595
-880
-351
-334
-1187
-869
-198
-1308
-547
-560
-1459
-16
-489
-1591
-218
9
-1497
-438
92
-1104
-399
143
-1030
-96
175
-819
265
122
-354
464
449
-402
825
710
-432
1080
635
-32
1165
402
294
1299
33
640
1224
-101
729
1212
-70
248
1427
-171
-147
1300
-227
-188
977
-153
-174
711
7
-144
449
-33
-26
255
-50
85
216
11
129
125
-55
268
52
-101
123
30
-118
-73
-84
-233
-87
-415
-473
-215
-659
-706
-484
-862
-991
-709
-902
-1023
-805
-713
-973
-858
-652
-813
-613
-606
-526
-323
-382
-215
-13
-55
140
236
81
380
481
444
459
764
603
513
777
592
800
706
738
748
713
786
605
715
723
559
584
648
556
477
621
463
262
445
123
333
36
110
258
-352
255
-249
-508
61
-501
-571
-192
-801
-172
-704
-935
-69
-1032
-736
-636
-652
-626
-868
-531
-420
-973
-587
-318
-812
-696
-69
-590
-692
176
-433
-335
-148
-78
-128
167
-137
158
800
-232
272
642
131
302
566
332
265
1037
357
251
821
631
397
220
841
577
420
570
449
497
191
93
285
-136
194
293
-145
493
383
218
322
391
425
205
285
238
439
342
74
395
295
-5
-69
11
-35
-64
9
-234
-195
-76
-534
-787
-601
-835
-1129
-1199
-1073
-939
-995
-1089
-1217
-1035
-1061
-1430
-1084
-610
-715
-658
-477
-259
-259
-258
-159
-124
341
320
447
806
1053
1082
703
964
714
827
998
615
1018
1133
743
804
735
540
685
422
416
565
636
569
413
437
390
224
-81
320
125
-277
116
-62
-310
-277
152
-331
-671
200
-629
-652
155
-895
-332
-150
-882
-346
-446
-759
-588
-282
-956
-686
-35
-859
-553
-341
-717
-460
-529
-665
-94
-170
-503
-215
-136
-269
-38
40
-391
418
174
-64
410
96
359
602
153
68
783
265
411
876
425
566
531
449
250
223
589
457
114
157
375
133
-176
113
274
306
506
597
863
666
248
307
322
352
622
721
540
649
446
-244
-219
112
-83
-164
57
151
-41
-230
-764
-1165
-1074
-1531
-1600
-1024
-743
-707
-1014
-1400
-1444
-1532
-1677
-1272
-613
-328
-270
-342
-196
-227
-368
-333
-28
454
684
936
986
1097
1006
454
461
921
898
1267
1570
1358
1340
1106
572
414
697
544
539
844
811
741
443
2
58
-221
-399
-50
-2
129
-10
-331
-567
-911
-997
-1081
-895
-566
-401
-404
-643
-506
-725
-840
-653
-634
-211
-71
-173
-260
-354
-305
-627
-642
20
-40
-53
336
-61
-416
-128
-188
-778
-13
350
-181
259
274
-59
-63
-215
-297
321
537
268
782
615
25
465
50
293
787
641
598
774
526
-29
406
104
-133
489
384
58
391
209
243
259
537
836
1018
608
-353
124
532
159
534
846
614
664
-144
-719
-253
258
-157
-463
-44
410
238
-830
-1210
-1117
-1689
-2126
-1754
-806
-208
-803
-1601
-2063
-1940
-1939
-2005
-1046
-11
155
-316
-585
-391
-187
-311
-398
290
1301
1349
1233
1382
1341
1073
423
510
1539
2152
2040
2040
1907
1421
730
491
767
1164
1450
979
864
860
478
150
-103
156
318
1
-136
3
-183
-762
-1270
-1405
-1196
-999
-1175
-1036
-835
-1220
-1661
-1887
-1509
-1136
-1081
-1005
-800
-578
-916
-842
-813
-610
-52
-103
17
263
647
213
-225
219
499
535
538
789
759
518
157
57
370
317
316
483
374
263
266
-29
-176
202
229
32
406
673
466
174
-51
163
247
88
480
562
48
261
204
-72
271
1120
1565
1354
906
-312
-507
212
594
855
1213
1270
858
-169
-1116
-800
302
473
-152
-126
384
238
-1076
-1910
-1722
-1718
-1999
-2021
-1136
-17
-444
-2038
-3008
-2632
-1898
-1417
-903
135
668
-442
-1662
-1403
-364
261
405
756
1554
1795
1193
772
884
1282
1332
1214
1987
2888
2746
1854
1100
789
901
1202
1396
1988
2349
1506
385
-199
-134
121
315
512
614
540
-135
-1022
-1322
-1275
-1295
-1192
-903
-760
-944
-1463
-2096
-2277
-2219
-2095
-1686
-1091
-811
-1050
-1632
-1891
-1555
-1280
-862
-225
200
277
48
-276
-97
253
253
579
1190
1367
1309
743
142
492
579
467
1065
1600
1379
938
371
72
265
358
369
657
856
388
-18
-130
13
171
27
100
425
585
287
-133
-90
-190
-429
-186
-153
941
2077
1599
566
-975
-1185
30
856
1192
1634
1687
674
-936
-2189
-1429
662
892
84
-223
76
-10
-1356
-2239
-1943
-1057
-1284
-1919
-1011
201
-201
-2230
-3620
-2808
-1310
-534
-585
-150
404
-740
-2087
-1839
-90
1690
1657
678
919
1294
885
455
575
1654
2353
1789
1421
2111
2396
1714
716
497
1567
2399
1939
1556
1681
973
-102
-570
-47
1223
1628
661
-70
-240
-479
-940
-1232
-745
-37
-371
-1415
-1634
-1507
-1804
-2170
-2079
-1580
-1251
-1325
-1774
-1924
-1825
-2042
-2026
-1431
-460
-18
-510
-795
-592
-359
-200
196
924
1201
935
637
655
987
971
888
1031
1154
1256
891
565
802
727
455
426
511
878
830
154
-135
-78
52
196
311
353
486
52
-796
-668
-109
104
456
93
553
1609
1178
612
-704
-845
420
1310
1342
1324
1623
820
-818
-2280
-1802
846
1764
616
-505
-601
-302
-1264
-2278
-2000
-473
-636
-2260
-2289
-927
18
-1414
-3614
-3120
-1110
-197
-658
-673
252
-184
-2043
-2758
-736
2162
2512
900
197
903
1417
742
571
2172
3526
2639
932
1131
2408
2613
1412
414
1396
2758
2223
1014
1051
1597
1059
-292
-517
1056
1996
802
-881
-1236
-507
-429
-1244
-1271
-268
-370
-1955
-2911
-2285
-1303
-1373
-2201
-2148
-1345
-1353
-2323
-2784
-1947
-976
-1102
-1589
-1065
-274
-483
-1259
-1235
-137
745
771
572
832
1342
1100
635
829
1532
1942
1437
1115
1435
1396
798
241
581
1163
1136
743
189
419
275
-129
-109
-18
553
329
-420
-593
-380
-101
-401
-134
-188
271
1465
1071
652
-787
-1302
-110
954
1354
1318
1391
802
-414
-1994
-1814
1033
2113
638
-894
-1082
-393
-1192
-2429
-2084
-237
-204
-2046
-2746
-1363
45
-1368
-3650
-2985
-415
518
-651
-1272
-90
361
-1375
-2318
-79
2813
2819
363
-612
1102
2264
1310
834
2459
3770
2627
330
580
2931
3407
1610
538
1800
3030
2021
392
774
2271
1633
-415
-871
767
1816
229
-1647
-1378
-223
-705
-2232
-2219
-858
-634
-2320
-3440
-2384
-1143
-1781
-3192
-3089
-1719
-1397
-2453
-2600
-1526
-1019
-1690
-2315
-1229
245
73
-711
-562
608
1235
767
503
1096
1669
1239
944
1535
2226
2069
1173
1004
1761
1935
1486
1242
1333
1446
681
170
705
1147
715
-150
-551
-183
227
5
-272
-39
-85
-375
-1007
-80
1900
1886
379
-1901
-1955
225
1515
1207
869
1047
338
-1438
-2817
-1368
2098
2235
-718
-2503
-1617
-150
-947
-2726
-2266
-375
-1166
-3389
-3449
-1117
405
-1899
-4655
-3253
89
765
-1188
-2004
-316
619
-1170
-1843
995
3633
2671
-240
-699
2162
4051
2543
1349
2794
4114
2993
827
1469
4239
4465
2009
723
2224
3954
2834
396
536
2224
1914
10
-639
868
1573
-642
-2971
-2169
-102
-425
-2438
-3209
-2059
-1610
-3317
-4218
-2884
-1610
-2311
-4088
-4011
-2168
-1710
-2973
-3192
-1706
-687
-1327
-2176
-1361
306
485
-559
-420
1114
1929
1315
601
1189
2252
2063
1524
1746
2519
2544
1478
871
1418
2135
1773
953
1071
1381
974
139
-87
834
1184
258
-691
-635
147
258
-273
-285
-217
1074
1590
801
111
-1168
-562
1092
1486
967
1041
1212
276
-1405
-2695
-703
2465
1661
-1160
-2428
-1180
-337
-2017
-3427
-1718
312
-1776
-4845
-4203
-755
35
-3489
-5598
-2540
578
-710
-3252
-2533
569
359
-3103
-2877
1743
4406
1587
-1956
-373
3589
3758
986
1447
4897
5550
2033
-174
3066
6742
5190
1638
1718
4548
4724
1507
250
3066
4767
1859
-1366
-331
2576
1884
-1772
-2825
-361
632
-2124
-4471
-3029
-750
-2092
-5047
-4898
-2360
-1784
-4200
-5488
-3510
-1732
-2859
-4560
-3492
-1072
-1046
-2827
-2865
-603
831
-68
-866
466
2153
1505
12
591
2470
3147
2078
1442
2365
3026
2115
1242
1853
2759
2342
1074
916
1769
1827
481
-226
502
900
468
-446
-177
373
84
-1055
-455
2341
2455
917
-1731
-2415
447
1819
1026
1016
1891
1072
-1236
-3474
-2134
2272
2876
-425
-2615
-1726
-306
-1274
-3199
-2261
377
-841
-4384
-4946
-1647
725
-1845
-5251
-3752
-10
-81
-2660
-3153
-458
1057
-1833
-3364
66
3741
2676
-1308
-1788
1741
3727
1710
502
2924
4887
3124
172
1319
5109
5546
2364
683
2949
5027
3445
885
1577
3969
3267
131
-772
1635
2897
527
-2078
-1463
463
-434
-3007
-3311
-1380
-972
-3349
-5021
-3724
-1956
-2705
-4330
-3898
-2210
-2032
-3543
-3946
-2251
-1059
-1839
-2490
-1353
192
182
-1058
-975
919
2036
1609
993
1272
2024
1753
1176
1599
2605
2754
1587
996
1287
1858
1993
1199
1244
1651
834
245
318
607
1021
500
-833
-130
606
922
2465
1942
979
-441
-1640
22
2273
2242
1343
1055
85
-832
-1911
-1571
1418
1932
-1302
-3470
-2469
-691
-768
-2781
-3393
-1492
-2164
-4899
-4772
-1486
446
-1912
-5214
-4098
-347
-270
-2574
-2535
248
1502
-1147
-2489
827
3911
2249
-975
-220
3436
4567
1768
493
3270
4970
2949
772
2273
5308
4726
1551
950
3330
4100
1600
-238
1444
3441
1893
-926
-908
1190
1214
-1404
-2603
-815
448
-1423
-3593
-2806
-952
-1357
-3786
-4364
-2334
-1430
-2780
-3845
-2539
-901
-1702
-3277
-2814
-853
-258
-1489
-1877
-350
963
269
-791
-200
1089
1340
767
815
1762
1991
1054
578
1335
2060
1589
837
639
1188
1107
398
587
912
873
337
-165
273
871
284
-40
-104
1311
3095
2678
1763
-483
-1170
661
2021
2603
3153
2898
1089
-1251
-3402
-1847
2401
2965
316
-1850
-1935
-1374
-2323
-3622
-2306
-212
-2155
-5597
-5537
-2071
-182
-2823
-5761
-3921
-806
-1313
-3126
-2611
353
744
-2412
-2623
1597
4656
2319
-1295
-369
3428
4541
2227
2112
4722
4983
1741
-353
2819
6845
5603
1741
952
3175
3711
1000
-367
2136
3513
536
-2460
-1517
1334
902
-2853
-4063
-1475
-126
-2213
-4051
-2676
-717
-2060
-4821
-4162
-1213
-426
-2678
-4125
-2110
53
-842
-2384
-1465
398
545
-1048
-1310
967
2238
736
-655
182
1828
1795
372
121
1316
1575
321
-425
575
1609
665
-541
-435
642
1021
-197
-418
494
1017
319
-499
206
927
2387
2376
1824
2002
154
131
1608
2174
2508
2713
2081
1097
-232
-2005
-388
2300
1384
-959
-1754
-797
-60
-1520
-3367
-2060
-860
-3098
-5234
-3686
-276
2
-3439
-5435
-2749
-598
-2039
-3010
-1020
1589
209
-3110
-1997
2423
3839
718
-1131
1361
3743
2550
395
2094
5282
4172
397
-362
3093
5221
2955
679
1721
3746
2297
-680
-210
2466
2513
-661
-2296
-296
1335
-872
-3649
-2855
-585
-1056
-3413
-3508
-1182
-440
-2940
-4534
-2471
-240
-844
-2696
-2342
-185
-53
-1748
-1565
801
1927
374
-1161
128
2321
1850
117
238
1647
1931
584
-207
1006
1639
248
-930
-150
1243
701
-1235
-1854
-671
163
-727
-1101
-299
313
-640
-1651
-674
934
2821
2255
1481
1501
162
686
2207
2657
2941
2462
1880
2066
1012
-891
-29
1531
765
-722
-1149
163
1042
-1367
-4362
-3340
-1651
-2658
-4118
-3175
-543
-441
-3990
-5540
-2061
602
-1090
-3082
-1519
1823
1492
-1818
-1500
2499
4054
1218
-623
2158
5251
3527
96
1016
4661
4830
1365
292
3254
4820
1771
-1156
748
3786
2546
-1032
-1329
1296
1419
-1980
-3874
-1254
970
-862
-3436
-3046
-1179
-2199
-4739
-4299
-993
402
-1945
-3816
-2827
-1374
-1813
-2420
-851
1209
921
-954
-1300
170
1107
770
903
1879
2427
1609
409
562
1419
1995
1994
1691
1234
603
-142
-578
-171
299
664
195
-814
-1093
-1138
-940
-750
-707
-77
-5
-635
198
1422
2075
1134
-1157
-1180
1146
2470
2072
1727
1515
1329
173
-1761
-702
1885
1645
-525
-1806
-998
918
603
-1953
-2554
-2094
-2846
-3533
-2542
-19
1569
-823
-4200
-3853
-1428
17
-209
-393
807
1512
-102
-1087
1003
3326
2918
731
233
2582
4287
3032
1527
1968
2708
1953
653
1579
3611
3352
696
-1053
70
1500
911
-395
-139
381
-740
-2498
-2461
-403
119
-1939
-3455
-2692
-1367
-1772
-3141
-2919
-1457
-1489
-2776
-3093
-1764
-686
-1314
-2044
-1285
317
587
-121
-156
323
923
803
778
1765
2429
2131
1253
648
850
1381
1408
1170
1069
1057
1100
558
-90
-227
42
316
-77
-521
-386
-193
-235
-509
-506
111
227
-58
40
613
1133
322
-758
-551
524
1209
444
-300
257
688
-22
-1049
-969
133
189
-1191
-1815
-721
625
410
-942
-1725
-1816
-2089
-2407
-1480
552
1430
287
-1393
-1541
-411
70
-50
321
1273
1736
1177
931
1834
2502
1809
596
437
1477
2331
2245
1879
1892
1436
329
-236
95
995
1188
400
126
421
378
-150
-767
-1008
-1029
-1309
-1399
-734
17
-182
-1289
-2151
-2113
-1683
-1595
-1677
-1313
-942
-1120
-1625
-1672
-950
-684
-1256
-1658
-1314
-498
-156
-287
-86
409
512
68
65
808
1253
1003
568
583
1291
1832
1557
1215
980
573
649
1134
1387
1438
1024
506
618
615
316
392
483
311
-34
-308
-7
425
101
-711
-1051
-885
-689
-689
-657
-101
219
-239
-795
-840
-449
-541
-1111
-1127
-211
662
498
-144
-450
-287
-308
-606
-260
625
1141
795
118
16
267
-8
-586
-611
-66
423
384
203
449
736
276
-476
-597
-248
97
-45
-194
374
981
949
384
-65
-81
46
126
311
799
1023
581
-45
-305
-32
305
271
7
-236
-430
-461
-210
56
45
-334
-884
-1128
-1018
-823
-495
-240
-395
-735
-1028
-1020
-719
-722
-955
-843
-455
-234
-325
-463
-335
-81
-182
-348
193
1036
1212
664
134
412
1317
1694
1284
999
1104
1231
1312
1231
1229
1398
1057
551
614
912
1124
957
387
158
245
112
-105
-279
-363
-412
-673
-952
-937
-872
-1115
-1536
-1731
-1316
-541
-136
-370
-1093
-1773
-1875
-1523
-968
-441
-312
-398
-440
-558
-508
-331
-257
-159
-268
-379
105
918
1332
983
177
-376
-406
-326
-149
563
1379
1443
756
116
246
643
244
-369
24
1095
1736
1396
907
1231
1532
862
45
164
910
1182
619
237
734
998
234
-554
-480
-35
-167
-837
-878
-15
334
-462
-1245
-1177
-885
-1236
-1848
-1558
-391
95
-736
-1513
-1349
-941
-963
-1250
-1004
-194
-86
-658
-654
-111
228
1
-391
-55
636
773
722
1046
1311
1152
778
610
943
1136
900
1048
1412
1395
1176
841
649
499
16
60
847
1173
710
-15
-403
-265
-440
-1025
-962
-358
-107
-483
-1150
-1291
-908
-927
-1260
-1186
-681
-108
27
-327
-509
-474
-670
-858
-760
-370
209
395
143
43
-29
-263
-530
-764
-448
437
1054
1163
871
211
-504
-1249
-1607
-802
574
1399
1263
466
-11
91
94
56
312
703
965
785
523
903
1452
1369
819
411
591
997
874
566
665
805
602
184
22
268
162
-498
-815
-401
185
243
-236
-563
-726
-1205
-1664
-1509
-792
-254
-557
-1203
-1458
-1493
-1534
-1441
-1126
-675
-489
-626
-519
-150
-29
-182
-287
-159
109
295
488
907
1126
831
625
904
1233
1012
345
191
836
1290
1203
1205
1371
1138
157
-825
-531
567
898
407
-132
-398
-538
-908
-1015
-502
-374
-998
-1378
-1020
-311
130
248
746
1140
379
-770
-944
-115
556
295
34
904
1826
1187
-426
-1493
-1477
-1202
-1307
-774
809
1738
797
-1007
-2011
-1953
-2056
-2567
-2009
-240
999
816
204
384
746
-160
-1655
-1570
216
1774
2005
1776
2318
2876
2066
638
169
639
920
711
1127
2593
3371
2200
230
-801
-649
-487
-684
-334
606
1016
375
-456
-577
-535
-1338
-2422
-2481
-1547
-638
-452
-604
-591
-979
-1915
-2433
-2016
-1136
-681
-839
-609
144
489
232
-438
-989
-1055
-908
-351
683
1476
1607
1247
715
362
173
24
289
857
1198
1480
1742
1716
1400
632
-80
-3
194
117
157
234
346
288
-14
-42
50
-75
-81
497
1377
1551
802
-67
-435
-513
-661
-501
311
1020
445
-1189
-2352
-2329
-1869
-1820
-2033
-1678
-899
-782
-1287
-1810
-2373
-3202
-4161
-4006
-1963
460
1629
1612
1155
651
-85
-771
-230
1447
2708
2968
3017
3580
4128
3618
2399
1795
1947
2003
1820
1972
2583
2765
1866
784
566
732
241
-764
-1231
-845
-444
-612
-791
-572
-591
-1353
-2168
-2160
-1616
-1532
-2023
-2062
-1313
-633
-573
-738
-631
-633
-1282
-1939
-1608
-514
211
73
-210
-101
-211
-916
-1510
-1254
-499
-199
-420
-372
103
268
-79
-246
121
531
458
203
306
535
558
710
1240
1678
1446
730
347
530
632
771
1757
3445
4712
4266
2476
996
350
112
-89
-11
797
1706
1538
265
-1173
-2136
-2829
-3667
-4247
-3760
-2526
-1701
-1700
-2312
-3239
-4470
-5800
-6038
-4565
-2318
-658
-15
300
702
743
195
-183
359
1481
2391
2959
3769
4873
5403
4937
4083
3634
3497
3050
2472
2318
2575
2722
2403
2050
1890
1389
299
-917
-1631
-1670
-1466
-1356
-1172
-1009
-1099
-1381
-1778
-2118
-2278
-2266
-2000
-1568
-1289
-1111
-822
-532
-396
-372
-261
9
65
-406
-988
-1173
-1086
-896
-607
-215
66
-376
-1421
-2201
-2407
-2352
-2286
-1909
-1010
-121
185
18
14
73
-298
-774
-799
-26
858
1394
2032
2774
3814
4463
4768
5108
4464
3396
2403
2135
2859
3132
3159
3221
2986
1781
-599
-2410
-2970
-2831
-3006
-3471
-2845
-1864
-1899
-3199
-4898
-5953
-6753
-7232
-6604
-4337
-1682
-527
-301
-365
-359
-408
-887
-259
1175
1968
2091
2209
3443
4886
5301
4911
4474
4241
3081
1592
987
1246
1892
1679
1310
1588
1573
987
-87
-991
-1637
-2503
-3099
-2745
-1589
-877
-848
-745
-302
217
131
-156
15
177
56
137
974
2264
3016
2784
2252
1782
909
-192
-973
-1043
-698
-683
-690
-445
-590
-1597
-3112
-4053
-4129
-4064
-4288
-4136
-3329
-2557
-2153
-2019
-1478
-958
-1106
-1730
-1674
-985
-222
1446
3402
6064
7225
5779
4358
3322
3148
2637
1850
2373
3562
3755
2007
211
-496
-939
-1794
-3071
-3082
-2002
-1962
-2932
-3853
-3964
-3969
-4491
-4673
-3540
-1710
-1215
-1283
-630
697
2051
2162
2335
3345
3847
3350
2527
2922
4213
4872
4580
4053
4097
3517
1955
745
191
76
-804
-2177
-2417
-1858
-1529
-2056
-2848
-3376
-3984
-4695
-5108
-4468
-3427
-2845
-2300
-1388
-137
817
1115
1246
1599
1883
2047
2582
3454
4178
4278
3805
3338
2899
2322
1702
1195
764
103
-549
-847
-814
-936
-1465
-1979
-2305
-2651
-3214
-3695
-3653
-3174
-2716
-2407
-1831
-1108
-797
-565
-692
-85
1597
2792
4222
4229
3394
2984
2206
2126
1706
1309
1203
996
251
-1410
-2526
-3249
-3580
-4023
-4501
-3899
-2884
-2475
-3316
-4251
-4778
-5130
-4948
-4659
-3067
-936
137
1335
2536
4080
5289
5143
5052
5200
5326
4932
4726
5742
6864
7495
6981
6189
5911
4556
2561
823
-189
-478
-1293
-2083
-2174
-1744
-1776
-2717
-3485
-4358
-5243
-6199
-6841
-6116
-5042
-4068
-2968
-1586
-278
266
228
177
600
815
870
1482
2374
3104
2996
2465
2160
1835
1193
292
-155
-451
-906
-1328
-1633
-1426
-1537
-2048
-2143
-2014
-1747
-1861
-2079
-1604
-1092
-1006
-1037
-825
-175
538
628
1735
4058
6029
7340
6391
5070
4291
2931
1906
986
1285
2097
1877
316
-1897
-3132
-4128
-5306
-6450
-6903
-5954
-4698
-4296
-4536
-4728
-5106
-5625
-6020
-5805
-4221
-2539
-1274
372
2184
4222
5418
5649
5874
5754
5334
4584
4639
5757
6621
6754
6100
5814
5687
4681
3167
1777
944
-10
-1519
-2758
-2957
-2481
-2240
-2201
-1951
-1613
-1843
-2919
-3848
-4111
-4006
-3645
-2990
-1510
180
1254
1816
2074
2382
2221
1623
1182
965
933
702
492
469
319
-128
-689
-1036
-1499
-2237
-3106
-3670
-3757
-3841
-3843
-3502
-2635
-1757
-1314
-1041
-872
-574
-401
-290
-161
249
585
1412
3708
5669
7483
7592
6427
6125
4901
3411
1617
406
555
659
-127
-1598
-2427
-3035
-4048
-5367
-6205
-6037
-5254
-5178
-5590
-5310
-5149
-4909
-4556
-4068
-2640
-1289
-539
737
2335
3805
4876
5342
5927
6348
5921
4930
4687
5270
5678
5612
5180
5092
4905
3525
1560
313
-301
-1041
-2251
-3198
-3051
-2476
-2567
-3142
-3077
-2665
-2534
-2904
-3287
-2866
-2282
-2040
-1755
-816
477
1472
2085
2447
2876
2858
2351
2004
1877
1739
1085
248
-342
-732
-1023
-1455
-1478
-1379
-1580
-2016
-2769
-3235
-3646
-3910
-3788
-3231
-2403
-1663
-646
202
836
1097
1044
1033
1203
772
906
2799
4516
6651
6813
5845
6002
5019
3666
1707
118
-451
-1108
-2834
-4650
-5145
-5160
-5310
-5978
-6001
-5380
-4431
-4476
-5193
-4886
-4997
-5132
-4963
-4354
-2331
-243
1077
2921
4928
6205
6554
6001
5833
6081
5823
4991
4764
5171
5217
4990
4607
4712
4772
3385
1321
36
-690
-1549
-2749
-3727
-3545
-2832
-2683
-2640
-1983
-1299
-1190
-1663
-2146
-1934
-1610
-1780
-1658
-860
191
1224
1871
2381
2809
2608
2122
1879
1721
1327
421
-705
-1496
-2103
-2519
-2503
-2128
-1942
-2209
-2583
-2719
-2506
-2783
-3430
-3633
-3396
-2929
-2287
-1557
-263
1029
1722
2108
2283
2697
2257
2904
3756
4464
5612
4751
5175
5704
5023
3851
2188
1092
256
-1556
-4536
-5734
-6119
-6231
-6657
-7021
-5859
-4502
-3794
-4313
-4022
-3444
-3809
-4477
-4914
-3757
-1556
-22
1238
3477
5372
6498
6882
6778
7295
7121
5607
4227
3722
3435
3127
2753
2842
3505
3331
2227
1395
973
-30
-1526
-3014
-3634
-3420
-3780
-4111
-3394
-1877
-461
268
548
904
1037
333
-407
-527
-185
229
403
629
1187
1753
2143
2557
2689
2215
1221
-31
-1249
-2412
-3613
-4255
-4046
-3511
-2958
-2403
-1635
-1084
-1380
-2339
-3192
-3283
-3097
-3092
-2635
-1685
-339
822
1761
2722
3420
3687
2791
3226
4058
4547
5111
4033
4243
4576
3794
2659
1505
696
-363
-2212
-4812
-5602
-5759
-6250
-6925
-7216
-6269
-4868
-3894
-3850
-2958
-2377
-2693
-3025
-3070
-1803
-109
902
1524
3084
4594
5636
6477
6729
7243
7180
6025
4867
4157
3295
2384
1748
1411
1578
1331
606
287
245
-303
-1109
-1757
-2316
-2627
-3439
-4041
-3442
-2388
-1335
-649
-3
807
1360
1432
1253
1348
1385
1100
705
475
693
1169
1458
1608
1561
1202
873
433
-83
-800
-1759
-2650
-3429
-4101
-4634
-4455
-3728
-2799
-2152
-1871
-1425
-1093
-1130
-1576
-1846
-1568
-1126
-665
66
795
2004
2756
3394
5237
6047
6589
5891
4504
4305
3415
2339
1189
653
-3
-1360
-3351
-5148
-5396
-5828
-6613
-7100
-6579
-5580
-4597
-4117
-3567
-2244
-2203
-2902
-3322
-2781
-1368
-26
944
2299
4476
5819
6720
7449
7735
7652
6450
4794
3793
3232
2511
1967
1904
2128
2150
1724
1238
983
328
-1155
-2494
-3279
-3669
-3946
-4196
-3504
-2160
-1145
-665
-575
-202
125
7
-117
-11
350
465
374
516
1051
1674
1913
1932
1785
1471
1047
542
166
-233
-790
-1320
-1703
-2011
-2427
-2695
-2562
-2167
-1840
-1791
-1711
-1435
-1406
-1645
-1701
-1323
-590
-75
186
465
1126
1671
2380
3748
4589
5216
4932
4277
4299
3736
2601
1278
338
-756
-2281
-4042
-5371
-5475
-5880
-6905
-7294
-6593
-5453
-4465
-4091
-3529
-2296
-1972
-2424
-2525
-1887
-895
-83
398
1345
3184
4536
5695
7095
8119
8641
7974
6465
5154
3814
2288
1164
676
659
668
602
837
1463
1832
1282
430
-602
-1819
-2912
-4025
-4229
-3567
-2823
-2006
-1316
-423
543
1209
1462
1336
1215
767
154
-343
-809
-761
-520
-338
125
540
835
977
792
341
-277
-930
-1658
-2134
-2514
-2962
-2946
-2654
-2122
-1301
-722
-254
114
129
104
-91
-177
7
84
557
816
1537
3290
4508
5418
5217
4398
4336
3950
3103
1978
949
-83
-1589
-3485
-5092
-5710
-6206
-7155
-7885
-7714
-6860
-5742
-4707
-3455
-2066
-1636
-1962
-2309
-1998
-1351
-916
-374
668
2106
3212
4251
5557
7094
8091
7939
7338
6502
5427
3991
2421
1332
596
-305
-1015
-1079
-505
403
779
976
1092
797
240
-705
-1443
-2024
-2571
-2795
-2630
-1834
-944
-216
582
1281
1898
2205
2023
1708
1072
66
-985
-1830
-1972
-1611
-1224
-827
-527
-312
-223
-462
-697
-946
-1442
-2021
-2581
-2670
-2365
-2022
-1605
-1161
-555
147
682
1022
1300
1335
1279
1288
1193
1748
2764
3726
4494
4544
4307
4078
3675
2936
2180
1338
16
-1640
-3495
-4881
-5728
-6495
-7211
-7519
-7272
-6970
-6420
-5391
-4003
-2647
-2138
-2138
-1748
-1059
-484
-47
474
1343
2277
2863
3404
4322
5260
5758
6001
6137
6281
6159
5285
4136
3013
1722
460
-524
-1099
-1267
-1374
-1562
-1420
-780
-40
681
1183
1238
1014
376
-480
-999
-1186
-1286
-1383
-1430
-1107
-230
798
1511
1911
1987
1638
1037
148
-654
-1150
-1685
-2262
-2713
-2787
-2560
-2183
-1997
-1945
-1732
-1594
-1394
-1134
-919
-659
-531
-683
-766
-561
-180
331
806
1234
1770
2249
2552
3176
4057
4757
5034
4824
4598
4344
3631
2485
1530
849
-177
-1692
-3312
-4540
-5450
-6585
-7642
-7802
-7273
-6724
-6145
-5203
-3843
-2837
-2784
-2853
-2262
-1382
-914
-819
-284
838
1982
2857
3813
5046
5836
5751
5312
5177
5223
4944
4246
3515
2902
1951
808
19
-247
-413
-864
-1181
-957
-224
327
431
517
576
518
154
-280
-327
-249
-353
-669
-846
-527
38
566
1012
1367
1595
1518
1226
924
511
-128
-1058
-1984
-2557
-2943
-3196
-3275
-3202
-2961
-2793
-2652
-2229
-1646
-1125
-854
-743
-500
-243
-154
-145
-21
310
687
1075
1847
3040
4303
5181
5577
5907
6166
6129
5579
4629
3440
1799
-138
-1963
-3391
-4524
-5746
-6893
-7444
-7332
-6863
-6249
-5378
-4373
-3701
-3417
-3224
-2702
-2072
-1883
-1908
-1746
-1244
-511
359
1521
2913
4096
4787
5146
5357
5442
5267
4760
4013
3162
2309
1540
847
182
-331
-574
-532
-388
-211
121
598
1091
1283
1128
827
437
-14
-533
-1014
-1242
-1160
-822
-308
265
932
1620
2194
2528
2462
2136
1615
984
256
-610
-1480
-2286
-2879
-3273
-3474
-3426
-3209
-2811
-2418
-2099
-1779
-1480
-1145
-943
-895
-925
-948
-755
-504
-179
202
678
1512
2411
3267
3986
4576
5122
5317
5184
4856
4473
3858
2659
1123
-442
-1907
-3355
-4859
-5989
-6534
-6628
-6403
-5864
-4991
-4060
-3363
-2963
-2661
-2381
-2127
-1854
-1585
-1346
-1222
-1038
-600
68
846
1640
2588
3634
4520
5048
5190
5148
4963
4541
3901
3140
2450
1844
1188
519
3
-223
-255
-302
-376
-302
-7
285
358
214
34
-92
-251
-496
-769
-958
-1023
-928
-578
73
898
1607
2015
2089
1892
1505
899
184
-591
-1439
-2199
-2817
-3082
-2958
-2700
-2353
-2043
-1759
-1528
-1523
-1568
-1577
-1470
-1297
-1265
-1172
-915
-433
312
1048
1879
2800
3648
4393
4672
4590
4368
4021
3602
2863
1891
875
-218
-1310
-2402
-3238
-3706
-4005
-4155
-4234
-4150
-3883
-3612
-3265
-2895
-2590
-2334
-2202
-2050
-1722
-1234
-641
-131
211
502
865
1342
1843
2250
2519
2672
2771
2901
3059
3118
2971
2622
2210
1817
1436
1091
802
607
379
72
-153
-200
-71
33
-35
-135
-136
5
224
411
589
750
847
885
850
798
746
672
555
325
17
-247
-364
-364
-440
-665
-946
-1162
-1333
-1595
-1929
-2210
-2337
-2343
-2281
-2103
-1816
-1531
-1351
-1243
-1107
-918
-749
-625
-464
-203
215
800
1545
2351
3017
3418
3565
3603
3556
3359
2936
2315
1567
715
-200
-1072
-1762
-2295
-2741
-3106
-3282
-3194
-2977
-2779
-2659
-2588
-2547
-2536
-2456
-2208
-1800
-1372
-1043
-752
-386
92
571
918
1118
1273
1479
1730
1936
2096
2293
2571
2841
2951
2886
2752
2619
2418
2062
1644
1297
1040
743
311
-139
-448
-609
-765
-961
-1072
-977
-718
-424
-120
251
647
930
1005
934
792
533
137
-298
-620
-798
-937
-1049
-1043
-902
-733
-664
-683
-759
-939
-1228
-1517
-1665
-1708
-1827
-2027
-2134
-2007
-1716
-1382
-989
-497
-7
339
576
889
1326
1709
1920
2038
2235
2535
2798
2945
2983
2924
2688
2202
1510
694
-188
-1093
-1913
-2517
-2863
-2986
-2940
-2747
-2457
-2173
-1957
-1797
-1672
-1609
-1649
-1743
-1797
-1776
-1686
-1483
-1116
-616
-104
340
767
1264
1785
2196
2449
2609
2738
2799
2730
2572
2397
2215
1985
1710
1467
1305
1146
900
587
294
89
-47
-167
-289
-408
-512
-551
-465
-261
-51
60
92
137
233
314
299
169
-50
-340
-698
-1061
-1328
-1452
-1430
-1290
-1047
-731
-411
-194
-167
-374
-766
-1209
-1592
-1895
-2142
-2293
-2244
-1960
-1515
-975
-352
291
792
1035
1121
1242
1398
1459
1423
1484
1758
2109
2354
2496
2619
2632
2356
1827
1269
770
163
-671
-1537
-2118
-2333
-2336
-2256
-2090
-1864
-1682
-1607
-1578
-1532
-1529
-1652
-1851
-1931
-1760
-1365
-858
-323
211
727
1202
1625
1965
2153
2136
1948
1726
1580
1539
1561
1596
1626
1632
1612
1575
1506
1366
1128
799
428
35
-362
-714
-961
-1109
-1212
-1266
-1194
-963
-643
-325
-19
297
559
691
699
644
493
149
-369
-870
-1201
-1400
-1547
-1571
-1341
-906
-480
-195
-48
-31
-225
-630
-1088
-1453
-1720
-1952
-2065
-1918
-1513
-993
-453
119
685
1115
1352
1480
1593
1661
1627
1570
1621
1788
1951
2039
2118
2237
2310
2204
1883
1397
783
42
-767
-1512
-2073
-2423
-2596
-2600
-2415
-2067
-1663
-1354
-1214
-1225
-1321
-1433
-1505
-1493
-1359
-1106
-760
-317
247
901
1529
1988
2213
2234
2101
1874
1633
1465
1371
1283
1175
1133
1221
1343
1327
1121
815
474
62
-434
-894
-1197
-1381
-1544
-1643
-1517
-1128
-663
-309
-57
194
439
561
523
417
306
157
-59
-266
-380
-437
-513
-614
-654
-593
-494
-437
-433
-481
-617
-860
-1160
-1437
-1669
-1854
-1936
-1806
-1428
-908
-370
154
686
1190
1580
1834
1995
2067
1990
1768
1559
1513
1606
1694
1721
1761
1841
1859
1710
1439
1143
790
260
-448
-1188
-1844
-2399
-2826
-3017
-2903
-2581
-2207
-1827
-1417
-1009
-719
-591
-561
-573
-623
-676
-602
-326
77
478
821
1140
1422
1595
1642
1597
1491
1311
1056
814
663
590
548
503
456
388
278
141
6
-136
-331
-584
-818
-959
-979
-888
-699
-401
-37
324
646
902
1064
1065
894
635
369
116
-169
-467
-682
-749
-676
-552
-437
-346
-296
-291
-318
-384
-509
-723
-998
-1265
-1472
-1575
-1550
-1393
-1144
-835
-427
113
734
1305
1726
1997
2136
2130
1988
1783
1598
1426
1220
1000
840
755
664
505
305
81
-217
-627
-1090
-1496
-1801
-2028
-2153
-2121
-1936
-1695
-1478
-1247
-949
-621
-372
-245
-177
-121
-94
-86
-16
177
440
668
858
1086
1368
1603
1694
1646
1502
1280
994
695
453
277
139
16
-85
-152
-188
-204
-206
-228
-300
-395
-463
-482
-483
-469
-388
-190
93
383
635
848
1005
1049
947
733
462
156
-184
-533
-812
-950
-953
-879
-803
-741
-666
-571
-500
-505
-598
-733
-871
-1005
-1116
-1156
-1091
-938
-733
-466
-90
391
902
1343
1655
1827
1861
1760
1551
1273
958
625
307
52
-94
-125
-86
-37
-18
-43
-110
-221
-372
-554
-765
-991
-1201
-1340
-1377
-1314
-1181
-999
-751
-435
-98
178
339
407
432
435
397
323
257
239
269
338
463
677
946
1164
1241
1181
1068
928
724
427
86
-208
-410
-539
-597
-547
-376
-159
-2
63
78
98
111
92
75
106
198
308
398
472
534
553
482
310
63
-229
-530
-802
-997
-1089
-1086
-1009
-889
-742
-589
-449
-322
-222
-172
-184
-258
-379
-498
-556
-521
-398
-234
-53
168
462
818
1150
1386
1498
1485
1339
1067
727
402
126
-127
-378
-583
-672
-627
-526
-454
-433
-450
-496
-573
-664
-725
-742
-740
-745
-721
-624
-464
-303
-171
-33
144
328
444
488
502
507
486
419
348
329
362
414
468
561
705
851
921
874
732
539
328
113
-110
-331
-497
-569
-526
-400
-235
-47
150
333
465
546
597
615
567
443
290
177
129
113
103
93
82
40
-55
-190
-342
-508
-709
-940
-1142
-1261
-1280
-1218
-1098
-914
-689
-466
-304
-223
-206
-223
-239
-214
-121
39
210
335
415
523
715
953
1131
1164
1051
842
576
302
75
-72
-163
-255
-351
-393
-355
-290
-263
-270
-269
-264
-309
-409
-505
-550
-552
-535
-481
-377
-263
-203
-195
-170
-81
57
196
321
438
534
594
628
650
654
627
595
599
636
655
635
599
563
500
397
289
188
56
-132
-315
-397
-366
-304
-265
-216
-115
19
127
214
326
450
490
380
190
43
-37
-142
-302
-410
-393
-338
-364
-459
-526
-533
-545
-639
-797
-929
-977
-989
-1009
-958
-756
-470
-244
-108
10
111
134
93
78
141
255
374
469
551
645
758
843
862
828
751
618
435
256
125
37
-26
-63
-72
-62
-44
-24
-17
-52
-139
-246
-323
-364
-393
-422
-431
-396
-331
-261
-191
-106
-17
45
71
96
164
271
381
466
526
570
598
614
619
605
554
445
295
136
-10
-125
-200
-228
-228
-235
-248
-243
-197
-136
-97
-88
-85
-80
-92
-125
-143
-112
-39
27
61
72
59
7
-102
-247
-369
-437
-451
-434
-409
-380
-353
-344
-366
-406
-452
-504
-546
-570
-555
-490
-385
-249
-93
49
155
233
309
401
495
571
639
711
775
786
744
689
663
653
604
520
432
367
303
200
94
40
31
9
-70
-177
-268
-327
-373
-405
-411
-402
-422
-482
-533
-531
-461
-349
-235
-146
-108
-114
-118
-87
-14
71
157
251
349
428
477
515
543
531
452
322
185
58
-62
-174
-249
-262
-231
-186
-137
-86
-39
-11
-6
-8
-15
-35
-65
-94
-108
-114
-115
-107
-75
-31
4
27
44
38
-17
-118
-225
-291
-321
-346
-362
-339
-272
-212
-200
-216
-210
-187
-183
-202
-201
-136
-37
46
107
181
276
349
371
366
384
425
448
444
436
446
459
452
434
416
393
340
265
193
135
84
33
-6
-41
-99
-178
-251
-295
-334
-402
-482
-536
-552
-559
-555
-500
-375
-226
-111
-38
13
51
58
42
44
88
156
217
273
330
386
426
442
430
374
263
123
-4
-101
-166
-188
-157
-86
-22
4
6
18
35
22
-29
-87
-131
-173
-229
-273
-278
-236
-177
-131
-97
-71
-59
-70
-109
-165
-216
-249
-255
-233
-187
-112
-19
66
118
126
98
53
-3
-67
-115
-133
-111
-62
1
78
167
253
321
365
387
393
384
363
329
289
248
212
180
149
123
116
134
163
184
188
190
191
167
103
5
-89
-163
-230
-300
-354
-370
-355
-332
-323
-314
-288
-243
-201
-171
-141
-99
-48
-5
19
32
38
42
36
27
25
45
93
148
186
192
172
136
92
36
-20
-50
-42
-9
26
51
71
74
54
0
-77
-156
-222
-271
-310
-332
-329
-296
-238
-176
-125
-92
-73
-66
-69
-71
-54
-6
62
128
179
216
246
264
258
222
170
109
43
-25
-76
-88
-47
32
130
230
317
370
370
321
245
158
75
-3
-70
-120
-146
-131
-92
-31
44
115
161
172
145
85
16
-42
-88
-123
-146
-154
-145
-131
-125
-128
-131
-132
-136
-146
-162
-165
-152
-133
-113
-97
-71
-36
-3
23
35
44
51
51
45
37
42
67
96
118
128
137
145
141
119
84
51
23
2
-19
-31
-29
-19
-7
-8
-26
-55
-93
-141
-193
-241
-268
-282
-281
-270
-245
-203
-149
-94
-43
8
60
106
147
172
187
196
193
182
160
133
106
87
72
64
65
80
104
125
141
151
157
159
155
138
112
86
55
21
-18
-53
-80
-92
-92
-76
-49
-18
12
28
31
20
-3
-35
-68
-92
-106
-111
-107
-90
-68
-50
-45
-51
-67
-90
-120
-155
-182
-188
-174
-150
-110
-62
-8
42
73
87
84
69
47
21
5
6
21
49
80
113
142
163
172
163
145
117
82
44
8
-25
-48
-56
-57
-52
-51
-59
-76
-108
-149
-196
-232
-251
-253
-227
-179
-107
-23
61
138
194
222
218
186
136
72
8
-43
-73
-86
-79
-54
-14
33
78
110
133
152
161
160
150
129
106
78
48
22
5
-3
-6
-6
-4
6
19
25
21
9
-6
-20
-33
-41
-48
-53
-57
-57
-55
-53
-54
-60
-64
-67
-71
-69
-68
-70
-75
-81
-80
-69
-53
-33
-12
12
41
69
91
102
95
75
52
28
13
8
5
4
6
16
30
43
46
39
22
0
-22
-38
-50
-57
-62
-66
-64
-64
-67
-75
-85
-94
-107
-117
-114
-97
-67
-33
2
37
67
88
97
98
87
67
43
24
12
7
13
24
41
58
73
87
95
94
88
80
72
59
41
24
5
-12
-21
-23
-16
-5
5
17
26
31
33
28
18
2
-13
-27
-37
-43
-42
-41
