-13
-12
-3
2
1
-4
-7
-3
5
5
5
4
2
0
-9
-12
-11
-10
-5
-6
-14
-15
-14
-9
-3
-2
0
4
0
-4
-1
3
5
0
-1
4
6
6
3
-2
-8
-12
-15
-11
-7
-6
-1
-1
-4
-6
-4
-1
2
3
9
17
17
11
6
-2
-10
-12
-4
10
17
10
8
14
9
3
4
10
14
14
12
19
23
19
14
13
13
14
14
16
14
9
5
5
4
2
2
7
2
-6
-3
-3
-7
-7
-15
-17
-13
-13
-10
-12
-21
-20
-8
-2
7
11
8
5
1
-3
-3
1
3
1
2
4
3
2
0
-3
-4
-3
-6
-9
-2
4
-2
-7
-1
-6
-20
-21
-15
-12
-14
-16
-14
-9
-15
-22
-20
-15
-10
-5
-5
-7
-7
-7
-8
-5
-3
-4
-3
0
3
11
7
2
4
2
3
17
19
21
26
19
15
16
10
12
20
18
15
17
14
9
6
4
6
6
5
9
9
0
-3
-4
-13
-14
-6
7
10
1
5
13
9
9
11
7
2
2
-1
-5
-13
-6
3
-1
-6
-3
6
15
18
20
14
5
2
2
3
3
3
9
10
-2
-10
-10
-10
-15
-13
-8
-16
-14
-3
-13
-20
-10
-9
-12
-9
-9
-4
-1
1
4
2
-5
-8
-10
-6
-3
-9
-13
-16
-7
-4
0
14
12
16
16
5
-4
-9
1
6
-3
-14
-18
-13
-12
-8
-6
-3
5
11
12
11
6
-3
-6
-10
-12
-5
-6
2
8
15
15
5
4
-4
-5
-14
-14
-4
-11
1
3
-5
-3
-5
5
4
-14
-10
10
13
9
9
3
-2
4
9
-3
-9
2
7
4
5
8
12
8
-2
-8
-3
5
14
17
15
21
19
7
3
-1
-9
-5
0
3
10
16
20
17
6
-1
0
6
17
26
27
26
30
31
20
14
18
16
4
-1
-2
-6
-10
-9
-11
-10
-8
-9
-2
1
-10
-9
4
2
-4
-7
-11
-11
-8
-8
-6
-11
-17
-15
-19
-31
-31
-31
-30
-24
-17
-8
-9
-15
-14
-15
-17
-15
-20
-24
-24
-26
-32
-41
-52
-47
-38
-34
-33
-31
-28
-29
-36
-38
-32
-18
-11
-9
-3
2
3
5
6
11
11
12
26
35
33
26
12
10
17
21
24
25
34
51
56
62
64
59
61
62
60
61
64
77
93
91
81
72
63
56
45
39
40
40
38
41
44
40
27
19
17
19
21
16
8
4
2
-6
-10
-4
1
-4
-19
-30
-35
-35
-39
-42
-37
-29
-30
-33
-40
-50
-60
-67
-67
-56
-44
-38
-42
-47
-55
-59
-58
-57
-63
-56
-45
-39
-34
-33
-44
-51
-45
-40
-43
-44
-33
-20
-13
-16
-29
-34
-23
-3
4
-4
-12
-10
-5
-6
-10
-11
-10
-9
-3
2
1
-5
0
7
10
7
6
15
24
24
24
27
22
17
24
30
27
21
23
27
23
20
21
20
17
21
29
25
15
7
7
11
13
11
7
12
16
16
19
24
23
19
13
8
4
3
5
12
12
0
-6
4
13
13
5
0
4
9
10
11
18
19
11
12
5
-6
-5
-6
-1
13
12
11
15
17
18
7
-2
1
-2
-3
5
5
4
1
-6
-8
-9
-7
-7
-4
-3
-9
-3
6
-3
-6
0
-10
-14
-10
-16
-21
-18
-19
-15
-11
-9
-9
-7
0
-1
-8
-6
-3
-13
-5
6
2
-2
-8
-12
-12
-22
-21
-19
-30
-27
-16
-17
-17
-11
-10
-13
-13
-14
-16
-7
-1
-4
-12
-15
-13
-3
3
-5
-9
-7
-6
1
14
20
22
23
19
15
11
7
5
8
14
17
5
-9
-13
-16
-15
-10
4
18
25
21
14
10
8
5
3
1
1
-2
-4
-11
-19
-21
-13
-3
0
-5
-9
-9
-9
-13
-13
-8
-8
-13
-9
-1
4
6
7
6
4
-1
-5
1
8
9
15
26
24
15
12
4
-8
-11
-8
-14
-14
-7
3
6
7
5
0
-3
-5
-1
7
9
9
12
14
7
2
2
-1
-3
-4
-5
-1
14
26
29
30
26
22
15
6
1
10
23
26
23
22
22
20
15
7
2
0
5
7
8
8
7
12
18
14
6
0
1
5
8
10
12
6
3
-4
-12
-20
-31
-35
-16
-3
-4
-3
-1
-6
-6
-5
-5
-9
-14
-15
-20
-22
-23
-29
-23
-11
-13
-16
-6
-9
-15
-13
-19
-20
-7
-4
-9
-6
-5
-7
-14
-16
-9
-4
-7
0
5
1
-1
-1
3
6
-5
-18
-20
-20
-22
-21
-10
4
2
-12
-15
-11
-2
9
9
4
2
7
6
-1
1
9
17
17
11
16
20
16
15
17
12
8
6
1
-6
-7
4
10
13
13
5
-3
-4
2
11
10
0
-3
2
6
6
5
3
5
12
12
15
21
20
18
14
10
12
14
12
6
6
-1
-7
-8
-13
-6
9
12
14
13
-2
-6
-10
-18
-6
1
1
13
11
7
7
-9
-25
-27
-18
0
12
16
10
4
4
-5
-13
-9
-8
-5
-4
-11
-7
2
-1
-6
-6
0
8
9
10
11
15
10
1
-2
-4
-4
3
8
10
11
1
-2
-1
-7
-6
-5
-6
-5
-7
-10
-7
-4
-3
-6
-10
-7
-4
-1
-1
-3
-4
-1
3
4
0
-2
-7
-5
2
6
5
6
1
4
5
1
-3
-4
-6
-9
-11
-6
-8
-12
-12
-14
-12
-4
-5
-3
3
1
-1
0
0
1
2
-1
-2
-3
-7
-8
-6
-1
-2
-4
-1
7
15
18
15
13
12
10
7
2
-3
-6
-3
4
8
5
3
2
3
2
6
11
16
13
7
1
0
1
-2
-3
-4
-2
0
-3
-12
-22
-21
-9
4
9
-1
-12
-13
-6
-3
-4
2
16
27
26
22
20
19
14
6
5
11
17
15
5
-5
-7
-2
5
12
13
12
10
10
9
10
9
8
3
-4
-10
-11
-9
-5
-3
-4
-6
-2
-1
-5
-11
-14
-14
-10
-6
1
4
0
-7
-8
-5
-5
-5
-2
5
7
4
-2
-2
-3
-6
-7
-4
4
7
6
3
3
8
11
7
-4
-15
-17
-12
-5
-3
5
11
13
15
15
15
10
6
5
1
-8
-9
-5
1
1
-2
-6
-8
-11
-11
-9
-5
-11
-19
-16
-13
-16
-21
-20
-13
-7
-8
-4
3
12
15
8
5
5
3
5
1
-8
-7
-4
4
16
20
15
12
17
12
-2
7
19
18
21
14
6
13
13
15
19
11
7
10
9
8
3
-6
-9
-8
4
8
3
0
-1
-9
-12
-8
-3
-1
3
4
9
7
-3
-12
-16
-12
-10
-8
-5
4
11
14
11
10
9
0
-5
-10
-16
-13
-10
-11
-14
-18
-17
-18
-19
-20
-14
-6
0
-3
-5
-4
-1
-3
-11
-16
-16
-19
-18
-10
5
6
-2
-1
9
11
5
6
14
13
4
1
7
7
6
4
-1
-2
9
23
28
24
18
11
9
5
-3
-6
6
9
0
-2
2
1
-2
4
9
10
11
14
13
11
12
13
10
3
0
0
0
0
1
-2
-1
2
4
4
8
19
27
25
16
10
11
9
2
-2
-3
-9
-18
-20
-16
-13
-10
-13
-18
-19
-14
-16
-19
-18
-13
-10
-11
-14
-19
-21
-21
-21
-15
-4
4
2
-2
-6
-14
-19
-12
-2
1
-4
-8
-8
-3
4
11
12
14
18
15
6
-3
-8
-1
7
8
7
11
10
2
-3
-3
-1
-4
-9
-6
3
4
-4
-8
-9
-10
-11
-7
-2
4
9
16
21
23
19
11
3
-1
3
2
0
-2
-2
-1
7
16
17
11
8
5
0
3
11
11
0
-3
4
7
0
-5
-4
2
5
4
0
-2
-2
-1
-3
-2
-1
-4
-11
-8
-1
2
2
3
7
7
2
-3
-2
-1
-5
-11
-5
6
10
9
6
4
1
-1
3
8
10
13
18
18
10
0
0
3
1
-4
-4
-1
0
-5
-8
-9
-12
-13
-13
-10
-12
-13
-12
-2
4
4
1
-2
0
10
22
28
20
11
14
16
9
11
16
12
3
-4
-12
-13
-5
-2
-8
-17
-25
-26
-24
-17
-10
-6
-9
-7
3
9
5
2
7
9
3
-6
-7
-4
-3
-3
-6
-14
-18
-18
-10
0
6
6
11
10
-1
-7
-11
-17
-17
-6
1
1
3
7
1
-7
-2
1
-4
6
8
-1
-4
-5
1
4
4
11
9
-8
-13
-2
0
-6
-4
5
9
8
9
1
-3
8
14
12
16
20
13
11
11
2
-8
-6
7
14
8
6
6
3
0
-5
-12
-10
-2
-3
-10
-12
-5
0
0
-1
0
4
0
-2
7
3
-11
0
15
5
3
14
-5
-27
-17
-10
-16
-1
9
-13
-17
2
3
-10
2
10
6
12
12
12
21
23
17
27
36
19
18
8
0
20
16
16
22
10
-9
-12
-1
-10
-15
-7
-8
-5
1
-14
-10
-4
-23
-24
-9
-5
-5
-12
-16
-2
11
11
5
-3
-12
-15
-11
-14
-17
-5
-1
-17
-23
0
7
-15
-1
35
25
0
11
6
-7
2
16
-7
-36
-3
7
-44
-28
22
-11
-39
31
41
-35
-18
37
-22
-49
31
26
-24
13
38
-25
-37
50
27
-60
14
78
-40
-55
92
27
-86
60
105
-50
-46
45
-36
-73
84
94
-41
-2
61
-83
-133
41
47
-70
48
125
-77
-139
10
-32
-111
72
188
19
-87
-28
-68
-105
73
180
58
38
83
-84
-159
37
95
8
114
199
20
-128
-75
-53
-38
148
242
57
-87
-76
-135
-160
33
190
124
38
16
-68
-155
-95
24
83
126
126
-20
-169
-150
-106
-78
87
239
139
-47
-109
-119
-119
-9
150
162
40
-50
-106
-139
-79
20
57
82
96
-3
-131
-109
-12
9
49
143
109
-46
-124
-110
-65
35
126
112
32
-45
-122
-149
-37
80
41
-1
38
-19
-131
-113
-36
-10
40
111
86
-20
-86
-105
-88
6
75
20
-28
-44
-152
-210
-81
28
8
20
64
-15
-147
-137
-35
24
74
113
65
20
20
-39
-58
67
149
103
77
84
24
-48
-14
86
98
33
16
-3
-76
-76
-2
34
68
116
85
29
31
17
-11
43
121
111
51
40
47
-22
-74
26
103
38
9
27
-36
-70
-21
-16
-7
64
58
-28
-34
22
4
-38
39
125
62
-14
-7
-49
-88
-17
12
-45
-48
-25
-50
-74
-63
-38
-12
36
75
18
-81
-112
-125
-146
-87
-15
-66
-118
-66
-72
-166
-170
-96
-69
-34
22
-5
-76
-78
-49
-40
11
85
100
68
39
23
-2
-24
9
76
117
101
39
-5
4
-6
-21
9
53
77
21
-76
-53
13
-24
-29
75
133
81
8
-13
5
9
42
109
113
85
49
-50
-91
-9
25
-12
48
133
57
-67
-38
15
-43
-17
106
84
-14
-5
-16
-58
29
121
57
8
75
39
-83
-10
123
59
50
179
95
-105
-57
48
-21
23
170
63
-89
-30
-74
-202
-62
111
29
-33
31
-97
-317
-218
11
22
65
200
42
-226
-180
-65
-97
-25
111
77
-24
-137
-333
-441
-295
-27
164
170
-1
-260
-420
-310
-37
178
251
145
-26
-109
-227
-316
-85
225
256
242
266
20
-290
-264
-53
191
522
594
187
-177
-236
-313
-277
152
471
288
51
-39
-258
-408
-163
145
229
298
258
-133
-423
-278
-176
-136
320
680
274
-291
-387
-343
-278
127
545
441
122
-78
-333
-414
-81
203
236
310
297
-53
-374
-285
-55
82
269
410
277
-2
-199
-195
-9
221
413
455
208
-132
-212
-76
37
152
306
294
99
-38
-109
-174
-47
194
182
43
84
39
-185
-130
161
179
28
58
44
-177
-264
-105
-13
-56
-21
13
-143
-281
-238
-184
-53
139
-32
-425
-465
-324
-359
-264
84
108
-441
-779
-325
56
-244
-284
163
115
-218
-122
-62
-230
-43
306
305
337
451
-55
-623
-140
535
326
175
485
117
-592
-359
113
-32
58
412
91
-289
4
36
-472
-303
495
534
-14
-4
118
-282
-381
114
397
357
282
-47
-404
-197
182
123
79
321
200
-212
-94
263
94
-103
231
456
216
38
15
-55
91
371
323
179
271
160
-203
-54
523
542
46
-28
221
36
-225
125
517
229
-152
-28
107
-58
-119
-14
51
170
231
9
-131
-12
-98
-223
239
687
220
-423
-266
63
-51
43
479
373
-240
-456
-255
-184
-248
-279
-282
-186
-202
-680
-1118
-885
-579
-686
-371
318
-197
-1596
-1552
-277
-30
-416
47
340
-345
-671
-207
70
132
433
524
363
568
480
-358
-387
619
910
679
933
626
-440
-542
178
239
152
577
367
-582
-675
14
-119
-642
-46
665
163
-303
-124
-240
-313
59
154
146
448
219
-637
-586
435
531
-124
180
624
3
-326
259
393
56
261
500
216
168
385
163
47
551
721
255
180
397
36
-166
531
878
253
15
444
336
-107
133
556
396
173
216
66
-176
-161
-157
-106
337
507
-103
-453
-46
-5
-431
-118
614
444
-174
-109
128
-212
-479
-189
111
121
-59
-457
-712
-628
-820
-1145
-743
-391
-1050
-1380
-644
-636
-1723
-1893
-873
-282
-413
-462
-345
-447
-733
-717
-82
645
687
356
503
814
532
118
323
775
926
1075
1209
675
-82
-169
-37
17
360
596
361
-127
-622
-651
-284
-269
-450
-114
453
334
-434
-659
-131
-124
-464
173
1024
749
-67
-470
-348
1
119
50
311
762
574
-174
-387
-166
-354
-240
689
1089
410
-175
-193
-122
52
476
842
975
868
510
259
362
384
244
642
1499
1597
689
4
46
131
130
485
909
743
64
-441
-326
55
57
-109
230
667
304
-342
-265
134
47
-62
421
781
304
-409
-663
-584
-456
-275
-10
-56
-795
-1705
-2014
-1743
-1463
-1420
-1110
-647
-1335
-2810
-2958
-1876
-1229
-879
-338
-361
-895
-1039
-885
-614
178
1095
1363
1305
1420
1117
197
-10
934
1784
2245
2339
1190
-321
-394
215
296
640
1429
1055
-580
-1303
-714
-620
-1054
-620
436
810
-32
-1332
-1600
-642
-148
-455
248
1653
1114
-1050
-1722
-527
263
327
906
1475
772
-635
-1300
-761
443
1257
1075
645
647
328
-513
-473
697
1368
1115
1109
1283
679
-154
-113
559
1293
1941
1893
833
-210
-386
-23
630
1449
1543
537
-449
-642
-487
-270
137
426
397
376
138
-738
-1346
-814
6
316
585
914
466
-787
-1446
-855
59
579
502
-160
-844
-1525
-2514
-2813
-1865
-1215
-1623
-1707
-1362
-2219
-3864
-4154
-2642
-774
-136
-774
-1209
-1037
-1292
-1700
-740
1393
2544
1956
1312
1375
1195
884
1074
1629
2805
3782
2687
688
181
480
337
433
1242
1725
867
-772
-1762
-1368
-399
-522
-1251
-243
1383
173
-2335
-1817
463
390
-944
-215
1454
1164
-510
-884
632
1851
1260
499
1397
2335
1115
-582
10
1613
1333
-23
105
1056
655
-500
-450
596
981
318
-246
153
872
772
120
169
911
1064
422
306
1085
1300
458
266
1279
1497
191
-651
-126
380
175
-74
-136
-327
-713
-1037
-856
-223
-12
-427
-497
-66
-153
-729
-743
-329
-295
-307
-82
-385
-1194
-1618
-1963
-2819
-3120
-2265
-1778
-2249
-2436
-2475
-3439
-4440
-3797
-1903
-746
-1020
-1553
-1527
-1282
-1256
-1091
101
1780
2100
1353
1507
2080
1316
379
1423
3415
4018
3167
1944
793
143
285
770
1304
1783
1262
-597
-1964
-1628
-1171
-1691
-1770
-701
78
-445
-1624
-2078
-1131
5
96
336
1828
2573
914
-691
353
2290
2563
2014
2297
2677
1701
79
-25
1578
2483
1474
433
787
1017
-84
-907
-51
1156
955
16
81
797
538
-327
-28
1400
2080
1261
434
764
1287
1047
956
1792
2283
1259
-20
76
826
707
42
53
432
-54
-1120
-1307
-697
-691
-1168
-825
-59
-337
-1342
-1658
-1239
-975
-952
-644
-262
-683
-1903
-2702
-2643
-2712
-3075
-2665
-1653
-1575
-2740
-3963
-4496
-4309
-3325
-1867
-955
-1209
-1982
-2296
-2079
-1650
-699
911
2103
1989
1427
1492
1604
1041
905
2411
4300
4306
2583
1212
789
318
-12
797
1923
1567
-198
-1707
-2027
-1688
-1615
-1715
-1071
-37
-240
-1601
-1991
-808
194
189
478
1777
2679
1878
558
783
2220
2827
2363
2386
2972
2505
979
446
1553
2425
1783
800
763
950
325
-428
-171
651
622
-208
-393
197
358
-1
131
1087
1898
1548
714
781
1469
1707
1692
2047
2264
1638
690
323
520
795
847
482
-86
-570
-1258
-1925
-1595
-643
-443
-858
-942
-1103
-1884
-2385
-1903
-1166
-911
-1063
-1318
-1731
-2726
-4028
-4478
-3706
-2626
-1962
-1839
-2722
-4733
-5994
-4627
-2026
-775
-911
-1185
-1646
-2506
-2675
-1331
596
1717
1939
2042
2117
1475
274
-18
1444
3508
4460
3938
2559
772
-796
-1019
465
2296
2668
1165
-964
-2228
-2349
-2127
-1881
-1080
28
44
-1324
-2321
-1811
-933
-706
-122
1659
3106
2417
559
22
1216
2433
2975
3648
4235
3420
1497
590
1595
2881
2755
1710
1139
1012
418
-383
-359
302
470
-5
-201
167
275
-256
-417
670
2031
2093
1154
763
1112
1216
1205
1898
2566
1868
478
95
645
880
715
818
909
213
-948
-1395
-838
-309
-463
-709
-663
-1019
-2004
-2607
-2187
-1513
-1475
-1948
-2521
-3419
-4764
-5639
-5056
-3365
-1830
-1504
-2843
-5129
-6328
-5088
-2421
-325
271
-429
-1704
-2599
-2377
-1006
822
2170
2660
2693
2503
1646
296
-139
1261
3613
5187
4928
2947
355
-1174
-841
607
2157
2854
1692
-802
-2595
-2666
-1990
-1701
-1386
-366
395
-233
-1547
-2031
-1319
-288
574
1774
3154
3272
1630
125
644
2384
3402
3522
3501
2973
1610
602
955
1898
2271
1867
1060
401
176
-22
-303
-59
482
399
42
377
940
722
308
843
1749
1926
1593
1289
1136
1287
1771
2398
2678
2021
782
202
750
1424
1329
963
706
-45
-1114
-1370
-822
-585
-869
-973
-977
-1575
-2536
-2887
-2458
-1988
-1992
-2379
-3084
-4245
-5563
-6107
-5285
-3677
-2522
-2726
-4336
-6257
-6731
-5091
-2601
-943
-566
-934
-1565
-2146
-2117
-942
1002
2584
3291
3580
3465
2197
265
-69
2227
5069
5887
4525
2329
260
-1072
-1060
331
1941
1931
-147
-2324
-2874
-2683
-2999
-2982
-1674
-182
-64
-1125
-1876
-1477
-563
95
1022
2728
3869
2962
1167
896
2278
3472
3762
3864
3751
2686
1229
911
1900
2722
2378
1462
924
733
311
-177
27
779
987
412
45
286
454
361
693
1594
2269
2114
1488
1156
1361
1841
2471
3048
2875
1686
524
473
1189
1610
1388
794
18
-772
-1175
-1030
-759
-789
-1056
-1334
-1671
-2153
-2506
-2462
-2381
-2704
-3183
-3591
-4451
-5808
-6440
-5449
-3648
-2727
-3616
-5568
-6741
-6105
-4346
-2583
-1410
-1225
-1982
-2633
-2232
-1179
-112
1140
2449
3141
3294
3111
2058
797
1387
3730
5353
5136
3835
1984
53
-978
-503
1157
2504
1663
-959
-2665
-2638
-2761
-3347
-2524
-450
315
-839
-1760
-1343
-813
-807
-117
1913
3796
3750
2194
1243
1795
2629
2889
3422
4388
4104
2110
638
1194
2291
2236
1593
1421
1320
551
-427
-550
313
1089
880
245
266
721
708
572
1125
1823
1892
1886
2267
2372
2042
2068
2539
2775
2640
2274
1558
932
1101
1577
1325
524
-29
-346
-654
-701
-541
-607
-980
-1557
-2231
-2543
-2298
-2195
-2676
-3273
-3803
-4716
-5825
-6278
-5751
-4599
-3541
-3640
-5271
-6979
-6945
-5291
-3507
-2390
-1918
-2032
-2437
-2537
-2059
-995
593
2066
2763
3081
3293
2406
558
180
2309
4715
5300
4212
2303
309
-910
-957
12
1447
1954
462
-1725
-2599
-2662
-3316
-3553
-1963
-114
-241
-1543
-1957
-1446
-1085
-771
446
2554
3978
3316
1565
1056
2150
3190
3568
4039
4353
3435
1770
1119
1882
2640
2404
1776
1600
1551
849
-113
-85
965
1582
1200
961
1301
1156
487
742
1999
2602
2117
1770
2044
2268
2227
2372
2820
3020
2466
1521
1060
1157
1131
864
771
616
-66
-736
-696
-432
-672
-1148
-1416
-1699
-2125
-2382
-2385
-2449
-2961
-4005
-5089
-5710
-5997
-5927
-4934
-3525
-3574
-5538
-7244
-6776
-4775
-2966
-2098
-1963
-2136
-2363
-2542
-2155
-595
1351
2223
2342
2914
3297
2210
553
339
1992
4059
4727
3463
1458
-46
-1060
-1467
-406
1411
1466
-712
-2510
-2545
-2474
-3274
-3432
-1892
-7
333
-818
-1669
-1300
-744
-455
945
3494
4578
2949
946
966
2358
3318
3644
4086
4270
3211
1481
870
1714
2457
2148
1606
1554
1288
198
-616
63
1342
1552
968
956
1374
1198
786
1290
2516
3186
2881
2420
2322
2208
2056
2571
3563
3674
2486
1195
682
656
737
985
1258
1072
268
-602
-950
-1005
-1305
-1646
-1480
-1101
-1271
-2016
-2887
-3882
-5027
-5793
-5803
-5306
-4590
-3959
-4152
-5513
-7059
-7291
-5768
-3513
-2091
-2153
-2932
-3436
-3481
-2979
-1486
611
1935
2099
2065
2098
1572
768
738
1843
3552
4636
3801
1496
-277
-755
-742
-359
650
1113
-207
-2290
-3088
-2458
-2126
-2754
-2808
-1309
34
-603
-1929
-1537
10
422
66
1235
3511
3959
2083
748
1674
3231
3572
3327
3757
4043
2694
622
260
1775
2812
2134
1112
917
646
-416
-873
335
1673
1510
716
678
1070
1134
1089
1546
2601
3504
3386
2667
2464
2699
2729
2949
3581
3581
2526
1501
1131
870
542
570
772
550
-78
-720
-1247
-1611
-1764
-1878
-2012
-1992
-1938
-2288
-3226
-4530
-5776
-6523
-6485
-5569
-4074
-3080
-3776
-5876
-7489
-7010
-4672
-2156
-947
-1151
-1882
-2498
-2818
-2308
-523
1557
2509
2649
3020
3021
1687
95
177
2230
4589
5070
3126
557
-975
-1709
-1773
-389
1533
1488
-791
-2692
-2658
-2094
-2547
-3099
-1985
159
759
-760
-1940
-1279
-480
-720
-27
2747
4799
3551
943
415
2031
3362
3505
3618
4064
3524
1639
358
1085
2306
2028
991
933
1258
417
-905
-916
167
750
620
832
1436
1365
603
615
2002
3397
3566
2968
2488
2297
2411
2961
3591
3561
2692
1739
1470
1649
1546
1149
971
923
461
-358
-990
-1346
-1691
-1941
-1896
-1762
-1948
-2702
-3962
-5269
-6208
-6818
-6890
-5700
-3605
-2761
-4626
-7621
-8683
-6662
-3268
-974
-609
-1241
-1990
-2732
-2792
-1065
1637
3023
2890
3064
3623
2865
873
-147
1201
3904
5470
4382
1721
-544
-1934
-2501
-1458
936
2141
374
-2534
-3519
-2507
-1985
-2640
-2292
-18
1629
483
-1628
-1645
26
657
137
973
3268
3885
1794
141
1175
2871
2831
2091
2491
3048
1887
-107
-415
1127
2009
937
-325
-91
532
-53
-877
-222
1037
950
176
711
2037
2227
1663
2016
3020
3337
2882
2439
2517
3042
3356
3209
3138
3018
2099
1015
976
1423
1279
1027
1193
950
-113
-1089
-1488
-1736
-1894
-1738
-1674
-2222
-3269
-4485
-5698
-6816
-7626
-7378
-5512
-3386
-3330
-5498
-7750
-8315
-6701
-3421
-374
439
-607
-1626
-2016
-1951
-721
1720
3664
4222
4339
4281
3195
1236
-33
933
3942
6254
5356
2389
-113
-1937
-3247
-2424
587
2467
913
-2161
-3609
-3137
-2809
-3286
-2661
10
2149
1193
-1139
-1498
-254
-24
-355
1205
3808
4031
1475
-569
-1
1661
2259
2043
2366
2791
1810
-130
-736
601
1734
1189
431
916
1349
407
-367
563
1791
1693
1178
1562
2411
2743
2496
2310
2713
3346
3279
2618
2497
2908
2714
2143
2301
2494
1437
154
228
1048
1432
1466
1344
734
-351
-1523
-2284
-2117
-1340
-1072
-1684
-2721
-4253
-6284
-7675
-7641
-6826
-5562
-3823
-3277
-5557
-8717
-9369
-7038
-3628
-960
-64
-627
-1363
-1878
-2159
-1083
1658
4048
4695
4585
4427
3331
1242
1
1157
3963
5846
4891
2046
-229
-1391
-2410
-2518
-468
1726
987
-1760
-3210
-2972
-3150
-3881
-2980
92
2497
1612
-900
-1227
666
1284
285
1226
4289
4999
2043
-379
380
2023
2142
1601
1889
2294
1176
-948
-1517
249
1646
653
-738
-291
515
-143
-725
422
1759
1566
891
1313
2413
2950
2759
2762
3578
4407
3990
2710
2227
2841
3255
2967
2602
2200
1431
728
531
506
374
308
294
125
-291
-1074
-2153
-2874
-2644
-1900
-1745
-2689
-4285
-5920
-7328
-8185
-7687
-5425
-2881
-2753
-5712
-8969
-9260
-6467
-3176
-1343
-670
-347
-694
-1798
-2123
-443
2202
4115
5062
5587
5454
3859
1113
-466
1311
5115
6956
5210
2262
254
-1386
-2943
-2683
-204
1673
626
-1812
-2762
-2337
-2938
-4438
-3572
370
3101
1597
-1042
-877
668
514
-22
1963
5018
5178
2166
-306
94
1531
1435
617
1345
2568
1311
-1596
-2270
-406
452
-651
-941
503
1259
162
-810
-51
1360
1769
1560
2297
3817
4101
2732
2037
3303
4603
4239
3409
3501
3755
3339
2903
2831
2412
1343
290
-13
534
1174
928
-85
-928
-1413
-1967
-2430
-2411
-2113
-2009
-2442
-3675
-5525
-7270
-8232
-7866
-5765
-2877
-1931
-4589
-8627
-10012
-7547
-3667
-1007
-32
-96
-1023
-2531
-3171
-1549
1636
4288
5412
5530
4969
3338
1004
-245
1212
4660
7083
6113
2722
-254
-1777
-2578
-2324
-236
1994
1543
-1279
-3223
-2914
-2634
-3773
-3700
-427
2675
1758
-980
-1245
132
-184
-1226
626
4673
5971
2775
-633
-435
1298
1118
307
1672
3333
1649
-1859
-2645
-621
363
-802
-1469
-283
805
-25
-1458
-1012
912
1551
595
890
3124
4211
2813
1748
2917
4475
4698
4401
4464
4440
3961
3368
3097
3183
2969
1926
929
1149
1840
1316
-372
-1715
-2019
-1784
-1637
-1911
-2596
-3439
-4522
-6085
-7525
-7864
-7088
-5760
-4242
-3626
-5325
-8422
-9605
-7218
-3339
-864
-338
-653
-1170
-1890
-2261
-1184
1421
4003
5184
5252
4912
3741
1524
-17
1190
4597
7197
6742
3940
1022
-916
-1990
-1748
324
2587
2361
-176
-2083
-2269
-2689
-3929
-3481
-348
2285
1581
-610
-974
-60
-641
-2060
-742
3348
5431
2877
-757
-1308
58
77
-650
502
2588
2219
-653
-2552
-1825
-510
-592
-1178
-463
985
920
-825
-1748
-621
711
909
1342
2912
3885
3049
1954
2204
3243
3996
4286
4364
4457
4481
3972
3076
2727
3100
3232
2608
1789
1468
1488
824
-918
-2316
-1993
-937
-1020
-2241
-3476
-4709
-6592
-8536
-8912
-7124
-4483
-3038
-4004
-6909
-9617
-9717
-6897
-3373
-1285
-609
-475
-1047
-2489
-3254
-1624
1625
4203
5417
6018
5565
2953
-506
-1461
1440
5707
7715
6341
3318
450
-1890
-3062
-1647
1747
3829
2587
-227
-1993
-2737
-3869
-4440
-1898
2725
4453
1411
-2038
-2061
-710
-964
-1029
1850
5347
4847
652
-2318
-1643
-49
-131
-358
1315
2952
1451
-2096
-3757
-2438
-571
230
733
1367
965
-937
-2514
-1775
672
2439
2570
2279
2424
2326
1726
1714
2847
4195
4710
4267
3543
3398
3877
4038
3487
3046
3143
2992
2133
1338
1293
1382
585
-884
-1713
-1377
-1051
-1885
-3296
-4232
-5134
-6864
-8637
-8867
-7203
-4741
-3257
-4282
-7436
-10008
-9475
-6198
-2739
-827
-87
108
-762
-2537
-2976
-529
2953
4757
5068
5377
5003
2519
-505
-699
2549
6184
7247
5667
3043
225
-2459
-3574
-1667
1935
3870
2738
329
-1477
-2780
-3923
-3687
-871
2968
4391
2323
-402
-1155
-955
-1324
-639
2577
5510
4448
317
-2657
-2424
-751
91
340
1268
1935
243
-2980
-4356
-2840
-854
-129
202
796
591
-832
-1976
-1570
-48
1676
3067
3598
3062
2064
1404
1538
2675
4319
5266
4919
3935
3199
2964
2961
2814
2599
2839
3406
3266
2006
539
-426
-1193
-1821
-1609
-618
-321
-1941
-4935
-7586
-8823
-8886
-7867
-5242
-2311
-2433
-6413
-10515
-11001
-7959
-3863
-928
151
38
-760
-2386
-3965
-3389
116
4484
6723
6003
4060
2191
38
-1421
543
5485
8682
7142
3141
172
-1236
-2102
-1921
417
3468
4049
1688
-889
-2206
-3346
-4062
-2044
2406
5175
3801
704
-851
-899
-962
-675
1429
4637
5736
2858
-1625
-3639
-2214
116
1234
1539
1819
1233
-1152
-3918
-4450
-2310
207
1116
707
82
-623
-1586
-2141
-1276
1061
3449
4067
2812
1562
1536
1925
2115
2978
4678
5574
4621
3023
2351
2433
2232
1908
2526
3853
4112
2477
361
-648
-770
-933
-1186
-1216
-1245
-1795
-3308
-5776
-8251
-9450
-8823
-6536
-3567
-2298
-4732
-9289
-11718
-9851
-5522
-1656
522
1078
82
-2135
-4111
-3837
-661
3708
6651
6968
5318
2646
-315
-1890
-138
4243
7635
7286
4049
591
-1700
-2943
-2856
-696
2412
3630
2099
-162
-1871
-3570
-4554
-2733
1660
5272
5396
2889
582
-303
-630
-501
1466
4957
6803
4718
367
-2767
-3159
-1703
318
2119
2920
1864
-947
-3911
-5067
-3792
-1130
1231
2019
984
-853
-2089
-2223
-1450
272
2632
4164
3569
1652
558
1125
2272
2977
3467
4019
3997
2919
1541
1007
1400
1879
1944
1948
2239
2317
1361
-475
-1810
-1539
-248
410
-324
-1759
-3304
-5412
-8115
-9589
-7770
-3482
-603
-2231
-7151
-11032
-10914
-7530
-3490
-612
707
560
-1030
-3264
-4114
-2120
1717
5138
6805
6493
4458
1573
-666
-728
1940
5723
7453
5621
2012
-1000
-2937
-3751
-2539
352
2416
1984
150
-1477
-2865
-4257
-4338
-1584
2840
5379
4333
1879
507
-16
-413
422
3315
6391
6818
3980
-5
-2416
-2316
-894
537
1836
2617
1494
-1662
-4545
-4942
-2961
-259
1490
1489
187
-1334
-2288
-2172
-773
1329
3018
3642
3236
2194
1283
1354
2479
3810
4479
4251
3367
2322
1574
1124
760
779
1512
2221
1752
201
-1261
-1982
-2132
-1809
-1024
-347
-702
-2428
-4908
-7059
-7944
-7060
-4610
-1956
-1398
-4171
-8333
-10154
-8228
-4599
-1649
88
772
59
-2168
-4474
-4235
-382
4526
6894
6124
4055
1803
-306
-993
1093
4950
7384
6220
2745
-29
-1037
-1482
-1734
-648
1541
2510
1164
-926
-2333
-3408
-4111
-3008
167
3089
3496
1909
404
-245
-678
-682
1063
4364
6498
5294
1902
-842
-1605
-898
472
1988
3015
2698
632
-2221
-3881
-3177
-856
1244
1759
734
-608
-1232
-1229
-928
59
1859
3293
3119
1768
784
922
1680
2356
2754
2939
2883
2486
1827
1160
688
523
718
1107
1298
962
35
-1203
-2137
-2314
-1990
-1695
-1532
-1538
-2320
-4416
-6984
-7900
-5820
-2135
-157
-1872
-5724
-8335
-7981
-5531
-2564
21
1594
1384
-714
-3300
-4090
-1904
2067
5329
6304
5126
2773
337
-898
137
3067
5795
6280
4438
1778
-445
-1870
-2171
-942
1212
2576
2072
298
-1609
-3213
-4256
-3871
-1549
1441
2987
2448
928
-521
-1575
-1751
-321
2653
5580
6174
3632
-81
-2194
-1963
-446
1398
2874
3016
1385
-1174
-3277
-3882
-2559
44
2119
2184
525
-1316
-2099
-1632
-408
1113
2609
3370
2682
1114
262
798
1882
2559
2716
2676
2587
2209
1339
327
-160
128
799
1225
1021
183
-1001
-1970
-2120
-1535
-1040
-1093
-1344
-1742
-2916
-4872
-6232
-5451
-2690
-217
-450
-3406
-6614
-7614
-5986
-3090
-577
677
580
-698
-2690
-4070
-3171
182
3944
5713
4872
2591
434
-519
188
2283
4675
5868
4998
2655
319
-992
-1182
-566
521
1611
2055
1335
-412
-2264
-3214
-2892
-1527
280
1673
1978
1259
109
-1023
-1770
-1343
836
3765
5216
4100
1525
-726
-1681
-1116
555
2238
2821
1943
53
-1881
-2929
-2716
-1353
570
1798
1347
-204
-1388
-1571
-1027
15
1385
2497
2706
1976
956
389
499
931
1306
1600
1867
1895
1432
539
-481
-1247
-1375
-789
81
628
528
-196
-1269
-2223
-2550
-1972
-636
837
1528
756
-1209
-3060
-3556
-2738
-1706
-1174
-865
-546
-827
-2258
-4068
-4756
-3758
-1941
-481
123
-85
-958
-2205
-3059
-2618
-764
1528
3121
3599
3021
1512
-292
-1108
-99
2160
4199
4835
3750
1479
-879
-2208
-1968
-406
1589
2873
2668
1035
-1208
-2963
-3269
-1725
992
3249
3586
2024
-30
-1247
-1350
-593
823
2407
3253
2795
1415
-48
-1097
-1602
-1326
-144
1271
1733
861
-607
-1847
-2525
-2424
-1319
463
1821
1728
352
-1111
-1764
-1599
-838
428
1764
2363
1787
438
-797
-1249
-838
135
1274
2022
1716
255
-1391
-1949
-1124
201
1062
1173
687
-176
-963
-1030
-203
833
1212
837
299
11
-149
-351
-454
-305
-94
-197
-717
-1328
-1613
-1522
-1360
-1336
-1288
-1019
-735
-826
-1275
-1582
-1322
-610
89
423
372
121
-180
-463
-571
-202
702
1580
1638
758
-305
-734
-397
338
1169
1887
2024
1187
-181
-1010
-726
313
1376
1915
1765
1090
243
-343
-231
575
1401
1610
1331
1052
790
228
-451
-579
18
600
463
-154
-600
-806
-1080
-1295
-1050
-487
-190
-352
-636
-782
-862
-951
-896
-515
19
259
17
-391
-631
-717
-704
-438
116
613
659
157
-620
-1090
-752
203
983
1054
627
221
64
60
188
576
1045
1057
525
109
217
359
65
-252
-48
393
445
28
-380
-408
-187
-59
-122
-166
-67
-65
-286
-366
-112
113
47
-124
-186
-143
-32
125
223
169
5
-121
-167
-301
-526
-526
-295
-260
-527
-683
-506
-348
-488
-631
-440
-61
189
216
134
133
308
517
621
792
1163
1387
1150
761
652
695
556
380
518
808
650
-124
-904
-1118
-921
-684
-428
-113
69
-222
-997
-1635
-1514
-778
-9
415
371
-102
-735
-1149
-1099
-618
0
463
629
447
-51
-621
-880
-652
-139
371
697
673
260
-216
-420
-300
106
690
1157
1252
945
437
83
21
216
664
1118
1198
805
177
-328
-466
-261
120
438
500
307
-61
-385
-551
-511
-181
241
565
680
580
357
76
-145
-223
-71
268
593
660
371
-105
-531
-774
-860
-803
-562
-170
99
-163
-934
-1553
-1461
-815
-107
307
435
279
-202
-666
-577
202
1035
1338
1106
611
232
134
296
549
652
476
97
-204
-364
-519
-626
-546
-333
-277
-495
-803
-896
-736
-536
-347
-185
-89
-190
-510
-676
-466
-18
269
245
200
206
47
-285
-497
-296
205
574
582
338
9
-336
-590
-469
53
628
967
917
421
-261
-612
-282
486
1050
1113
860
477
9
-350
-284
184
616
685
448
75
-299
-490
-350
-5
203
82
-190
-253
-15
230
218
8
-185
-215
-39
231
363
265
84
-42
-136
-194
-106
156
401
391
81
-331
-597
-589
-357
-29
232
227
-101
-467
-484
-171
117
267
453
595
390
-63
-223
129
527
541
338
239
162
-88
-299
-162
145
253
63
-306
-650
-780
-636
-307
-38
-30
-255
-592
-820
-717
-398
-161
-65
-19
-7
-70
-227
-386
-423
-291
20
365
476
281
-39
-285
-365
-229
156
611
762
466
-30
-347
-336
-121
202
505
518
245
8
-58
-115
-229
-173
213
588
503
89
-192
-213
-114
27
195
335
316
100
-74
-26
67
-31
-241
-295
-75
231
323
135
-147
-326
-375
-283
35
491
733
449
-137
-497
-375
69
538
754
558
191
-141
-380
-343
-88
225
461
437
140
-200
-280
-112
161
410
486
413
209
-6
-100
-99
16
146
185
119
-12
-143
-275
-376
-390
-284
-88
94
86
-170
-502
-662
-575
-362
-127
48
27
-231
-556
-688
-503
-99
289
434
270
-17
-251
-316
-171
107
451
623
454
8
-414
-475
-192
221
456
334
-4
-283
-356
-291
-151
32
169
146
-7
-99
-93
-48
-23
-26
61
211
328
315
189
99
37
-25
-59
26
258
433
326
-22
-343
-439
-299
-42
227
415
366
102
-220
-423
-298
104
424
507
424
268
108
-68
-161
11
351
499
284
-60
-282
-344
-262
-135
-48
53
116
67
-30
-91
-72
-31
-26
60
209
223
77
-124
-283
-323
-187
39
117
-14
-177
-269
-274
-209
-153
-108
-39
-29
-101
-188
-267
-293
-229
-115
14
89
39
-82
-173
-127
22
84
76
179
318
279
74
-66
-9
122
183
175
124
39
-42
-92
-128
-149
-112
-36
28
67
31
-103
-219
-177
2
139
168
193
247
252
142
-31
-72
83
251
302
241
100
-23
-60
-81
-101
-57
48
112
47
-77
-141
-158
-186
-183
-61
155
232
100
-22
-81
-129
-86
65
240
310
171
-47
-153
-118
1
88
89
62
8
-81
-143
-141
-64
52
72
-28
-103
-74
2
28
-13
-32
7
32
3
-63
-121
-100
-37
-37
-71
-11
88
23
-194
-330
-283
-160
-62
45
131
89
-63
-202
-207
-38
171
287
267
85
-131
-188
-73
84
181
218
195
80
-51
-122
-111
3
119
141
88
-18
-97
-92
-50
-11
-18
-31
20
58
51
51
48
22
-8
-11
78
197
192
67
-30
-32
-13
-21
4
110
187
68
-168
-249
-113
2
22
90
170
140
8
-114
-73
70
128
105
76
33
-37
-118
-131
-95
-77
-8
87
67
-39
-105
-76
11
20
-31
-21
29
16
-28
-19
22
6
-34
26
135
137
20
-104
-113
-47
-40
-45
-8
-9
-57
-136
-178
-108
-1
51
55
18
-13
2
7
5
15
28
69
89
58
-2
-44
-32
-23
0
25
1
-37
-63
-50
-38
-24
26
62
38
-35
-59
-50
-26
6
3
-9
-29
-57
-53
18
87
43
-56
-92
-1
122
113
32
-12
12
45
31
8
-3
10
17
25
36
-5
-16
29
47
12
-41
-27
50
80
25
-16
9
30
40
77
107
94
35
-13
4
34
8
-55
-83
-54
-27
-33
-44
-64
-79
-47
-16
-2
37
78
79
37
-11
5
46
71
60
29
15
-18
-70
-93
-62
12
21
-25
-55
-64
-55
-59
-40
30
73
56
3
-22
-5
7
-8
-29
-10
27
16
-22
-47
-19
4
-38
-88
-70
9
35
-25
-76
-49
4
-12
-67
-54
11
35
12
-1
-11
-36
-50
-26
22
70
79
32
-9
10
59
85
74
53
27
13
13
20
21
4
-9
-25
-30
-24
-16
10
1
-43
-52
-9
9
-23
-49
-22
42
67
30
-11
-18
18
71
93
56
-3
-32
-14
10
12
-1
-22
-37
-29
7
28
8
-18
-20
-3
12
20
34
37
33
51
64
50
18
-27
-20
8
5
-26
-70
-65
-5
33
36
26
-1
-15
-15
-12
14
18
-3
-17
-27
-23
-12
-19
-24
-23
-25
-26
-33
-56
-60
-23
25
33
-12
-48
-30
22
49
32
13
12
12
-1
-15
-13
-6
-2
-1
-7
-15
-20
-19
-11
2
21
33
34
21
7
15
33
42
26
4
-6
-9
-10
-16
-28
-29
-21
-25
-36
-17
21
35
19
3
9
18
16
11
24
50
48
19
-4
-13
-27
-36
-29
-1
23
17
-12
-31
-28
-6
8
14
23
12
-14
-23
-14
7
28
17
-1
-5
-9
-13
-6
-6
-12
-13
-13
-7
9
13
1
-5
13
31
33
20
9
13
23
22
1
-17
-24
-24
-28
-29
-17
2
13
0
-20
-16
10
32
31
19
9
13
23
15
-10
-19
-8
-2
-9
-26
-32
-25
-11
-6
-8
-7
-6
-12
-14
2
20
21
12
8
17
26
17
-2
-5
16
28
12
-12
-17
-10
-11
-21
-32
-36
-26
-7
9
13
11
9
11
15
19
17
13
10
1
0
12
20
2
-29
-39
-21
-9
-18
-28
-21
-5
-1
-13
-15
1
20
27
21
18
13
7
1
3
5
5
4
9
20
31
33
22
15
21
23
11
7
22
32
20
2
-4
1
6
3
-3
-8
-12
-23
-33
-23
-2
4
-4
-8
-9
-15
-16
-5
10
20
23
18
10
-1
-10
-3
11
2
-26
-36
-16
-1
-8
-20
-21
-20
-26
-27
-13
5
13
9
0
-1
-1
-13
-28
-32
-18
2
5
-10
-21
-13
8
23
23
13
-1
-10
-11
-2
6
13
14
10
3
5
11
12
3
-8
-7
6
15
5
-8
-1
22
29
11
-14
-22
-6
11
10
-1
-6
-2
9
19
21
12
5
3
9
16
15
5
-10
-14
-8
7
17
4
-15
-6
32
49
24
-7
-6
13
21
15
6
0
1
8
14
7
-8
-19
-15
-3
2
-2
-15
-28
-14
15
26
13
-13
-26
-27
-21
1
-6
-14
-15
-8
5
-2
-9
-18
-11
9
14
6
-11
-18
-8
6
16
15
-2
-13
-14
-6
7
7
-7
-15
-4
14
9
-5
-3
-1
3
16
13
14
18
9
3
4
5
3
-6
-2
12
3
-12
-16
-14
-11
-10
-7
0
-3
-13
-20
-13
8
27
20
8
8
3
-11
-18
-16
-12
-4
5
13
10
-1
-6
-4
-3
-3
6
15
12
8
11
14
0
-13
-5
4
-4
-5
-7
-6
10
8
-3
0
3
-5
-10
-15
-14
-14
-16
-10
1
5
-6
-16
-8
3
8
3
-7
0
10
4
-1
1
0
7
14
10
11
17
16
19
22
15
12
4
-2
-1
11
24
24
16
18
25
25
17
-6
-15
2
13
10
0
-13
-11
3
2
-8
-16
-18
-11
-5
-8
-10
-7
-4
1
8
4
-5
-18
-27
-20
-10
-14
-25
-28
-16
4
8
-6
-21
-17
2
11
0
-11
-7
5
5
-2
-3
5
7
1
1
9
6
-4
-4
3
6
2
-3
0
3
3
10
15
2
-19
-26
-17
-12
-17
-18
-5
5
-1
-14
-16
-6
6
10
10
10
9
3
-2
-7
-5
6
13
15
11
3
0
5
5
1
1
6
9
7
9
20
29
26
15
9
7
-1
-8
-5
-1
0
1
10
14
14
16
13
6
3
4
7
8
3
-8
-11
-2
0
-7
-9
-7
-8
-13
-16
-12
-6
0
1
-8
-15
-21
-25
-26
-18
-8
0
2
3
8
18
18
7
6
18
17
4
1
8
9
3
-1
-4
-7
-7
0
2
-5
-9
-9
-10
-16
-18
-17
-17
-14
-5
3
5
2
-1
-6
-6
-2
-3
-10
-15
-20
-19
-14
-13
-17
-10
-1
1
1
10
13
13
13
14
17
23
25
21
16
19
27
30
17
2
2
10
10
7
1
-7
-10
-2
3
0
-2
6
17
19
12
2
-2
-3
-3
-6
-11
-13
-12
-7
-8
-11
-9
-3
-6
-10
-1
13
11
0
-6
-6
-5
-7
-11
-12
-8
1
8
6
3
3
3
-1
-2
-2
-2
-6
-13
-13
-3
8
12
7
4
3
3
6
17
21
10
-3
-7
1
3
-5
-17
-24
-15
-9
-18
-23
-11
1
5
5
-2
1
11
12
-4
-14
-10
1
2
-6
-15
-15
-6
-3
-9
-12
-14
-7
9
25
25
11
-2
-8
-10
0
13
14
8
7
15
14
0
-5
3
8
3
-1
0
-2
-11
-14
-3
-3
-9
-2
2
6
14
11
7
18
24
15
3
-10
-12
4
6
-3
-5
-6
3
21
19
8
13
23
17
10
3
-9
-13
-6
3
10
20
18
12
14
13
10
11
7
-4
-5
-7
-8
-4
-4
-9
-5
-5
-21
-31
-23
-15
-19
-29
-32
-28
-16
-1
-1
-3
1
-3
-8
-10
-20
-23
-16
-17
-22
-26
-27
-23
-18
-11
-8
0
16
15
-1
-5
-1
0
7
22
40
40
37
41
42
36
17
-1
1
12
13
3
-19
-38
-49
-56
-51
-37
-38
-43
-27
-6
0
-20
-29
-6
25
47
63
59
68
84
65
37
28
25
31
26
7
-1
-7
-17
-25
-30
-31
-27
-21
-13
-6
0
11
24
34
43
50
56
58
47
29
9
4
11
9
-5
-30
-60
-68
-72
-100
-121
-124
-96
-16
57
84
80
36
-10
-10
0
10
36
45
51
53
24
-7
-45
-95
-74
-6
39
41
-47
-153
-182
-199
-217
-162
-70
20
88
64
-44
-147
-179
-106
86
356
568
592
462
298
104
-129
-303
-298
-117
42
-27
-302
-620
-817
-844
-764
-560
-165
325
763
1042
935
420
-27
39
510
911
948
769
646
573
297
-267
-768
-764
-251
304
461
193
-304
-856
-1199
-1118
-774
-487
-362
-267
-51
127
-62
-511
-716
-386
297
844
974
842
652
491
386
307
248
254
332
492
541
183
-436
-900
-887
-585
-433
-475
-476
-214
-21
-229
-529
-600
-302
96
297
478
592
535
349
151
145
218
221
248
403
606
612
333
-82
-364
-411
-374
-336
-242
-131
-106
-202
-385
-542
-623
-660
-577
-299
33
226
224
108
61
114
140
189
367
641
887
943
790
561
292
20
-126
-84
52
105
27
-96
-262
-494
-743
-849
-702
-457
-293
-187
-108
-83
-139
-236
-209
4
291
509
620
674
634
437
194
45
45
176
294
343
362
292
67
-216
-375
-372
-349
-369
-360
-308
-286
-365
-507
-580
-515
-375
-205
14
242
382
390
319
277
301
334
344
401
505
525
414
248
59
-165
-361
-453
-428
-334
-275
-265
-296
-337
-394
-467
-420
-279
-122
6
114
204
186
116
76
123
236
366
477
551
599
579
427
176
21
-25
-87
-103
-147
-216
-231
-304
-370
-419
-540
-584
-453
-257
-106
-51
-54
27
180
243
224
245
354
478
532
524
469
348
204
76
-24
-69
-106
-142
-206
-275
-330
-408
-447
-444
-397
-296
-207
-96
6
63
88
76
112
202
292
349
320
283
275
264
253
157
12
-90
-92
-16
-21
-91
-176
-254
-235
-187
-191
-244
-283
-211
-97
-2
71
98
117
129
161
263
311
279
263
254
278
246
63
-113
-190
-143
-85
-116
-128
-128
-119
-124
-208
-272
-254
-197
-123
-44
47
145
161
93
60
55
47
72
126
146
103
35
-5
-19
-69
-112
-66
-11
-28
-88
-132
-124
-104
-149
-202
-180
-109
5
61
63
108
148
157
146
166
171
99
30
11
55
87
47
-32
-81
-42
-11
-69
-133
-109
-26
27
29
-14
-36
-59
-132
-125
-70
-23
1
-6
17
56
44
-42
-70
-4
58
100
103
69
65
91
90
75
53
21
3
23
68
76
14
-34
31
103
90
24
-17
50
70
7
-57
-103
-68
-31
-69
-87
-46
-52
-101
-115
-90
-26
4
-1
70
168
181
101
18
-6
19
36
24
24
23
43
33
-33
-116
-232
-287
-260
-173
-78
-77
-101
-94
-32
31
25
-4
11
90
190
264
287
247
158
85
62
54
38
-3
-30
-23
-25
-84
-180
-227
-186
-130
-120
-127
-102
-43
-37
-74
-68
-44
13
80
155
225
210
169
127
114
164
167
120
65
51
81
51
-40
-132
-159
-122
-66
-48
-58
-59
-62
-30
-24
-46
-64
-56
10
46
61
78
77
66
42
26
8
7
39
68
51
26
35
28
-6
-42
-75
-69
-29
-14
-29
-18
-23
-55
-57
-56
-46
-32
-24
3
10
16
30
15
1
-5
1
13
3
-14
-23
-9
24
36
22
3
19
35
14
-1
4
7
-5
-10
-20
-31
-21
-21
-16
-23
-38
-39
-36
-5
15
3
-19
-19
17
46
44
17
2
15
39
40
22
13
18
27
28
9
-32
-67
-65
-21
18
24
11
-7
-21
-17
-18
-30
-28
-12
25
73
91
52
10
-3
11
14
-2
9
35
54
62
48
17
-30
-52
-36
1
35
44
31
13
-11
-52
-87
-74
-47
-31
-17
18
37
9
-23
-45
-35
0
17
20
30
52
46
-2
-35
-27
-2
14
34
51
42
12
-21
-42
-51
-43
-36
-19
16
31
10
-20
-30
-24
-16
-6
10
42
58
44
7
-27
-31
-21
-26
-21
10
31
26
6
-16
-20
-20
-28
-22
-4
13
31
33
11
-13
-24
-14
0
6
15
21
15
6
2
-2
-14
-31
-33
-9
13
5
-8
-6
-3
1
4
4
14
23
25
26
12
-14
-23
-14
-6
-2
7
19
18
3
-10
-16
-18
-16
-13
6
28
32
27
31
34
15
-10
-11
0
3
0
4
15
18
1
-18
-29
-16
9
8
-4
4
21
6
-37
-55
-36
-19
-14
-9
0
17
7
-11
-24
-20
12
16
17
35
43
28
-4
-14
-1
17
17
6
11
16
6
-17
-36
-39
-26
-8
2
9
4
-13
-22
-18
-13
-2
9
21
34
23
-7
-24
-34
-39
-33
-26
-8
10
3
-6
-3
-5
-2
7
9
15
24
28
31
26
14
12
15
17
17
24
36
37
19
7
-3
-14
-10
-5
-13
-11
-11
-16
-21
-22
-7
5
11
33
44
31
17
15
14
4
-11
-12
2
5
-8
-27
-39
-33
-23
-18
-9
4
11
-2
-9
-4
-5
-16
-12
-7
-2
12
13
5
1
-10
-12
-14
-14
5
18
8
-4
-18
-22
-11
-10
-22
-26
-15
-3
-14
-22
-14
-9
-9
-4
5
9
-2
-16
-22
-14
4
14
16
20
21
15
14
15
8
0
2
12
13
10
15
18
2
-5
-2
-6
-9
0
9
6
3
6
-3
-7
6
1
-12
-10
2
15
15
7
-1
-9
0
13
0
-4
10
7
-2
6
20
16
3
9
23
26
20
11
4
13
18
9
5
15
12
0
-8
-6
-2
0
4
9
9
6
1
-5
-7
-9
-10
-6
1
7
8
5
11
4
-21
-40
-39
-35
-29
-21
-12
-1
0
-12
-19
-23
-27
-22
-11
6
17
8
2
-6
1
0
-20
-14
4
22
16
10
24
18
9
-1
-6
2
10
11
5
6
8
-8
-31
-32
-24
-19
-13
-5
-11
-16
-9
-3
-4
2
10
4
-11
-13
-9
-3
4
0
3
8
7
15
8
7
9
10
17
12
11
2
-13
-11
-6
-8
-8
-1
12
18
18
18
9
8
10
8
8
11
17
10
5
5
4
11
19
29
18
5
3
-5
-11
-11
-6
-4
-3
7
11
2
2
2
0
-2
8
11
-3
-11
-1
8
8
8
11
7
7
16
17
11
6
5
6
13
21
20
15
13
5
-8
-19
-26
-29
-21
-4
3
-4
-10
-8
-8
-13
-19
-19
-12
-9
-8
-3
3
5
2
5
14
16
6
-2
-2
-7
-17
-23
-22
-19
-16
-10
-3
-3
-8
-10
-5
-3
-5
-6
-3
-5
-8
-7
0
2
-4
-15
-17
-12
-6
-1
3
3
2
-2
-6
-3
2
-6
-12
-5
3
-3
-8
-6
-5
-4
0
5
4
4
7
9
8
9
14
20
21
18
11
6
2
1
0
-1
3
8
8
3
6
3
-5
-3
5
6
4
5
6
6
3
-2
1
8
7
2
4
10
10
10
14
18
11
1
0
2
-1
-3
2
7
2
-1
7
16
9
6
24
33
36
28
7
-6
-15
-17
-18
-24
-22
-11
-10
-18
-20
-22
-26
-33
-35
-25
-19
-8
5
10
-2
-13
-18
-10
1
11
11
8
10
14
12
5
-6
-15
-14
-13
-5
9
15
14
10
2
-8
-7
-6
-11
-11
-4
1
-4
