1
1
1
1
1
1
1
1
1
0
-1
0
-1
0
1
3
2
1
3
3
3
2
0
1
2
3
2
0
0
-1
0
0
2
1
0
-1
2
1
2
2
2
4
3
0
0
0
1
0
-3
-2
-1
-1
-1
0
1
1
2
1
1
-1
-3
-4
-2
0
-2
-3
-4
-2
-2
-1
0
2
3
2
2
5
4
2
-1
1
2
1
-1
0
1
0
0
1
-1
-1
-1
-1
0
0
2
2
3
2
1
1
0
0
0
-1
0
0
0
0
0
-1
0
2
0
0
1
3
1
1
0
2
3
2
2
1
1
1
-1
-1
0
2
2
1
2
-1
1
-1
1
-2
-1
-4
-2
0
1
3
0
-1
0
-2
1
0
-4
-3
5
2
2
-1
-1
0
-1
-2
1
-2
-4
0
-1
-1
0
1
1
0
1
-1
0
-3
1
-1
3
-3
0
-3
-1
-1
3
3
4
1
0
3
0
-1
-1
-1
2
0
0
-1
-1
0
1
3
3
1
2
0
-1
2
0
1
2
1
1
2
0
1
3
2
1
1
-2
2
0
0
-1
-1
2
-3
-4
-1
0
0
-1
1
2
1
1
0
0
-1
0
0
-1
-1
-1
0
0
-2
-1
1
1
-1
-1
1
2
1
0
2
3
2
1
0
1
0
1
0
0
-1
-1
0
0
1
1
0
0
-1
-1
0
0
1
4
4
2
-3
-3
-1
-1
-1
-1
1
3
2
1
0
1
1
2
1
1
1
-1
-1
-2
-1
0
-2
-1
2
-1
-3
1
2
1
2
4
2
-1
1
0
0
-1
1
0
-3
-4
-3
-2
0
-1
-1
0
1
0
0
-1
-1
1
0
-1
-2
-2
-1
-1
-3
-3
0
3
3
-1
0
-1
2
4
4
5
3
1
-1
-1
-2
-1
-1
-2
-1
-1
-1
1
5
4
5
5
4
1
1
1
0
1
1
0
2
0
1
0
1
-2
0
0
2
1
1
0
-1
1
2
1
-1
-2
-1
-1
-2
-2
0
1
0
-1
-1
0
0
-1
0
1
3
2
2
2
1
1
0
0
0
0
1
1
1
1
0
0
0
0
0
0
0
1
0
0
0
0
-1
0
0
1
0
0
0
0
0
-2
-1
0
1
0
-1
0
0
1
0
-2
1
2
1
0
2
3
2
1
0
2
3
3
1
0
-1
0
1
1
1
1
0
0
0
0
1
0
-2
1
0
0
-2
-3
-3
0
-1
0
1
2
2
1
1
1
-1
2
-1
-1
-2
-5
-2
3
-2
-1
4
3
1
0
1
2
3
1
1
2
0
1
4
2
2
3
1
1
5
4
5
4
-1
0
0
0
-3
0
-1
3
-1
1
1
1
2
0
1
1
0
2
2
0
-1
2
1
3
3
3
-1
-2
0
1
3
2
0
1
1
1
2
2
2
2
0
-1
0
-1
1
2
0
0
0
-3
-2
-1
-1
0
1
1
-2
-6
0
-2
-2
0
2
4
1
-1
-2
-1
0
0
1
1
1
0
0
-1
-2
-1
-2
-1
-2
-1
-1
-1
-2
0
2
0
-4
-1
2
2
-2
0
3
3
-1
-5
1
2
-1
-1
2
4
4
2
1
5
2
1
1
1
2
2
0
-1
0
2
1
3
5
1
0
4
3
-1
0
2
0
-2
-1
0
0
2
0
2
4
3
2
2
3
3
2
0
0
0
0
1
1
4
4
4
4
4
3
2
1
2
0
0
0
1
0
1
1
0
0
0
0
-2
-2
1
2
0
3
1
-1
2
-1
-3
0
-3
-3
-1
-4
-4
-2
-4
-3
-2
-3
-4
-4
-5
-5
-5
-5
-4
-2
-3
-4
-4
-4
-5
-5
-5
-5
-2
-1
0
1
0
-1
1
1
-1
-3
-1
2
1
-1
-3
0
3
1
-1
0
4
3
2
3
3
3
6
6
5
5
6
6
6
6
5
5
6
6
5
5
5
2
4
3
4
3
4
5
1
5
3
-2
0
1
4
0
1
2
-1
2
-1
0
4
0
4
-2
-1
-3
-5
-3
-6
-3
-2
0
2
4
4
4
3
3
4
4
4
4
1
0
1
1
1
0
1
1
1
2
2
2
3
3
3
2
2
2
4
5
6
4
4
3
2
3
2
0
-2
-2
-1
0
0
-1
-2
0
3
4
5
2
0
-2
-2
2
3
3
3
3
4
6
4
5
6
8
9
8
5
4
5
6
6
4
3
2
4
3
6
6
5
2
2
5
3
1
1
4
4
2
-1
0
2
2
3
2
2
1
0
-1
-2
-2
-3
-4
-5
-7
-8
-9
-9
-10
-9
-9
-10
-11
-13
-13
-14
-14
-16
-16
-16
-15
-15
-19
-22
-22
-22
-21
-20
-22
-24
-25
-24
-22
-20
-20
-19
-22
-21
-22
-22
-21
-22
-19
-19
-18
-15
-17
-14
-13
-10
-7
-9
-7
-7
-2
0
0
2
6
8
6
5
7
11
14
17
19
21
23
24
26
28
31
34
36
39
38
40
40
41
42
44
44
45
46
46
46
47
48
49
49
48
47
47
48
47
47
46
44
43
40
38
38
37
34
31
29
26
22
18
14
10
7
4
0
-5
-8
-13
-16
-18
-21
-27
-30
-34
-39
-46
-51
-57
-58
-60
-59
-62
-66
-71
-77
-79
-80
-81
-85
-84
-82
-86
-88
-87
-89
-92
-91
-91
-96
-95
-89
-91
-94
-93
-87
-86
-87
-85
-78
-74
-74
-71
-61
-47
-41
-40
-37
-30
-23
-13
-2
5
11
22
33
40
47
57
67
76
88
95
100
108
116
126
133
139
146
155
166
172
182
190
197
201
204
207
210
214
218
218
218
218
218
218
217
217
217
215
211
208
205
200
195
193
187
176
164
154
142
126
110
94
76
60
44
25
5
-11
-28
-50
-72
-92
-111
-128
-151
-178
-197
-207
-224
-251
-270
-282
-300
-325
-347
-360
-367
-377
-389
-395
-399
-408
-416
-417
-422
-432
-436
-435
-436
-441
-447
-444
-439
-436
-430
-418
-406
-400
-393
-381
-366
-353
-338
-318
-297
-276
-255
-234
-208
-181
-156
-131
-99
-64
-31
-4
25
69
99
127
159
193
231
251
288
326
349
375
399
435
459
479
501
527
554
577
594
611
630
639
655
663
662
663
668
673
664
655
643
633
627
615
600
582
571
552
523
497
471
445
414
378
351
321
289
254
217
181
142
106
76
39
-2
-46
-90
-125
-169
-216
-250
-281
-313
-357
-393
-419
-454
-485
-510
-537
-566
-594
-620
-646
-671
-687
-702
-717
-730
-740
-750
-765
-780
-790
-798
-804
-803
-797
-789
-785
-777
-766
-755
-745
-730
-709
-692
-664
-632
-600
-558
-509
-457
-408
-359
-305
-256
-201
-141
-80
-15
41
98
158
220
277
322
375
429
480
531
581
628
665
705
745
786
827
860
888
912
930
954
967
976
993
999
1002
1008
997
979
967
952
936
924
889
852
823
778
750
718
674
645
601
554
514
468
419
373
324
264
221
175
124
82
21
-24
-69
-123
-171
-229
-266
-309
-362
-407
-450
-490
-537
-584
-626
-666
-704
-737
-767
-801
-827
-849
-866
-889
-914
-936
-951
-961
-972
-992
-1012
-1023
-1024
-1027
-1034
-1032
-1029
-1026
-1014
-1004
-987
-972
-946
-911
-877
-828
-785
-742
-690
-630
-563
-510
-442
-361
-291
-213
-143
-71
-5
64
140
196
267
340
406
470
530
592
648
701
747
793
837
877
912
949
976
994
1015
1034
1055
1071
1079
1086
1094
1100
1097
1085
1074
1061
1038
1021
1004
971
933
903
872
831
792
763
728
677
623
576
532
485
432
384
334
280
228
179
127
79
35
-7
-55
-104
-148
-196
-244
-290
-342
-391
-429
-469
-509
-541
-578
-616
-647
-675
-700
-725
-752
-770
-785
-805
-824
-843
-862
-871
-876
-888
-895
-901
-909
-917
-922
-924
-924
-918
-911
-908
-900
-889
-882
-864
-837
-816
-784
-732
-689
-645
-588
-537
-488
-420
-354
-287
-215
-152
-93
-29
37
102
165
228
297
362
419
472
521
564
598
626
660
694
728
751
763
786
819
838
847
858
873
879
882
888
886
878
874
861
839
828
816
800
789
778
763
753
740
717
690
668
639
605
579
549
516
481
441
400
368
335
300
268
225
184
149
110
70
35
-2
-38
-76
-112
-138
-173
-206
-230
-269
-303
-328
-358
-384
-405
-433
-454
-477
-506
-530
-546
-563
-588
-607
-619
-637
-658
-682
-699
-715
-735
-751
-760
-775
-793
-803
-807
-822
-840
-850
-863
-872
-865
-869
-878
-867
-849
-838
-821
-804
-773
-724
-684
-643
-588
-534
-481
-416
-353
-293
-237
-188
-129
-65
-6
54
110
164
221
267
316
366
405
446
488
521
550
581
608
632
656
678
693
709
725
737
753
760
763
768
769
773
777
777
777
773
762
750
738
737
736
728
716
700
684
671
655
642
626
608
581
560
536
504
477
451
424
400
361
321
291
249
219
181
147
118
79
61
27
-3
-29
-65
-93
-129
-170
-207
-230
-259
-288
-309
-341
-362
-383
-414
-440
-472
-503
-534
-566
-590
-615
-639
-656
-679
-704
-730
-757
-778
-796
-813
-830
-846
-864
-888
-910
-924
-932
-931
-921
-909
-892
-874
-860
-837
-804
-766
-721
-672
-621
-564
-504
-441
-374
-304
-244
-183
-120
-63
0
59
117
171
223
281
333
385
424
457
503
535
575
608
633
662
677
699
714
725
740
753
763
766
772
787
798
794
795
800
797
798
791
776
772
771
777
782
774
761
757
748
729
717
689
677
646
606
586
548
519
481
447
425
375
341
299
258
225
174
138
107
64
23
-16
-49
-82
-117
-162
-205
-247
-285
-325
-369
-399
-438
-466
-497
-534
-556
-587
-616
-652
-684
-705
-729
-753
-772
-789
-806
-821
-841
-851
-862
-878
-895
-907
-917
-927
-931
-929
-928
-931
-933
-932
-930
-920
-909
-893
-869
-837
-800
-755
-704
-651
-598
-537
-476
-417
-356
-294
-239
-181
-118
-61
-9
54
127
188
235
287
334
375
418
466
509
546
585
618
650
687
714
728
746
766
777
793
806
820
839
851
857
867
869
862
858
849
839
825
823
819
804
802
784
768
751
723
701
667
639
605
579
556
525
505
481
449
417
375
343
311
258
218
181
131
102
74
34
-3
-38
-75
-114
-154
-181
-213
-247
-275
-303
-319
-339
-373
-398
-428
-456
-481
-503
-524
-554
-572
-588
-602
-618
-642
-655
-666
-677
-698
-718
-719
-741
-762
-772
-774
-778
-798
-806
-814
-825
-827
-822
-819
-820
-819
-815
-798
-773
-751
-720
-675
-626
-581
-531
-482
-428
-375
-322
-267
-216
-161
-100
-44
15
74
127
190
246
294
344
383
420
454
488
531
574
611
651
670
686
716
729
747
766
772
788
795
795
790
792
798
790
795
796
793
788
778
769
764
747
725
717
697
669
653
630
606
581
554
533
517
491
463
440
409
385
351
314
301
262
216
181
134
107
70
37
17
-19
-47
-81
-118
-146
-179
-202
-234
-255
-281
-314
-340
-380
-408
-442
-478
-493
-518
-540
-558
-578
-595
-618
-641
-663
-686
-709
-733
-758
-782
-800
-815
-831
-842
-850
-870
-894
-911
-920
-922
-930
-933
-932
-928
-923
-911
-895
-873
-831
-805
-768
-723
-676
-612
-558
-489
-426
-358
-278
-206
-129
-73
-10
58
109
179
240
295
360
413
464
512
562
602
625
663
697
718
744
761
780
796
811
819
818
818
819
824
820
809
809
812
810
800
793
788
773
762
752
733
715
699
682
655
630
614
585
560
540
514
485
455
426
390
355
323
294
269
236
212
192
158
127
103
80
46
17
-2
-34
-59
-84
-113
-138
-167
-202
-235
-267
-305
-345
-383
-420
-446
-482
-509
-525
-545
-561
-579
-603
-624
-641
-660
-673
-685
-704
-716
-735
-758
-780
-811
-831
-839
-860
-880
-893
-900
-910
-919
-908
-899
-895
-876
-848
-828
-809
-768
-723
-675
-614
-556
-489
-423
-356
-285
-228
-157
-95
-35
27
85
149
207
269
324
382
434
478
519
553
591
611
638
661
679
701
714
731
739
751
757
758
765
770
778
779
785
782
783
784
782
781
776
775
766
756
744
721
709
696
683
661
641
629
601
573
548
521
494
467
446
417
390
372
340
310
281
249
213
168
138
108
72
43
11
-14
-39
-78
-111
-147
-177
-209
-246
-272
-302
-334
-363
-393
-419
-447
-468
-490
-512
-530
-556
-580
-600
-619
-643
-668
-688
-709
-737
-761
-786
-811
-836
-862
-887
-913
-935
-959
-987
-1002
-1010
-1015
-1018
-1010
-991
-969
-947
-924
-896
-858
-805
-752
-700
-637
-566
-494
-431
-367
-297
-234
-170
-92
-17
50
116
171
226
282
329
371
412
450
485
515
537
560
579
601
628
647
660
681
699
712
726
739
742
742
744
751
753
757
768
773
776
779
780
769
756
754
757
745
737
728
708
698
687
669
645
624
610
590
564
538
509
481
455
419
387
356
319
288
261
232
210
181
143
108
70
31
-2
-46
-91
-127
-163
-194
-223
-257
-287
-317
-347
-369
-398
-432
-463
-504
-546
-578
-611
-646
-681
-716
-747
-783
-822
-856
-896
-934
-961
-998
-1039
-1072
-1106
-1132
-1147
-1170
-1185
-1190
-1195
-1188
-1170
-1139
-1099
-1045
-988
-920
-841
-764
-687
-614
-516
-439
-369
-280
-211
-137
-64
9
86
152
223
290
345
393
436
473
507
537
565
597
626
656
681
705
722
731
748
760
762
770
771
781
786
787
796
795
800
802
798
808
802
797
799
788
785
792
783
780
783
773
760
748
734
724
704
684
670
643
621
608
578
549
529
491
450
423
392
356
326
294
256
220
182
146
112
82
52
22
-6
-34
-66
-94
-121
-149
-183
-216
-244
-277
-315
-350
-390
-427
-465
-508
-546
-587
-635
-680
-730
-786
-836
-892
-941
-988
-1050
-1097
-1128
-1175
-1224
-1262
-1299
-1333
-1362
-1387
-1388
-1378
-1370
-1337
-1284
-1218
-1147
-1071
-986
-900
-812
-727
-642
-557
-479
-400
-319
-233
-151
-69
4
74
145
208
266
319
362
407
445
474
499
516
532
544
552
565
572
590
597
607
620
624
634
637
643
645
645
644
640
641
636
643
650
652
658
663
671
687
697
709
720
717
717
709
701
690
672
659
643
634
632
630
635
621
601
581
562
547
527
508
498
484
465
443
422
404
390
371
355
339
322
303
278
240
209
176
139
109
66
27
-14
-56
-91
-133
-184
-240
-298
-358
-426
-494
-572
-651
-729
-814
-899
-985
-1067
-1142
-1217
-1290
-1364
-1443
-1517
-1591
-1665
-1726
-1772
-1802
-1820
-1823
-1805
-1771
-1721
-1645
-1545
-1431
-1309
-1178
-1042
-915
-783
-651
-534
-431
-327
-220
-116
-12
100
202
290
373
452
521
579
623
657
679
686
700
705
705
699
680
678
678
688
706
707
718
717
719
729
725
733
734
729
736
742
764
781
793
811
826
845
867
893
908
911
904
901
899
894
889
881
870
862
856
848
852
851
846
826
794
776
748
726
697
659
632
597
570
546
526
509
483
461
439
414
384
358
333
307
275
243
207
159
105
55
9
-35
-86
-145
-193
-245
-317
-387
-454
-536
-618
-710
-816
-935
-1066
-1196
-1323
-1451
-1576
-1704
-1835
-1965
-2095
-2215
-2318
-2400
-2460
-2497
-2511
-2495
-2445
-2356
-2221
-2052
-1867
-1675
-1466
-1244
-1019
-800
-594
-400
-219
-52
103
251
391
513
613
701
776
832
872
897
896
865
822
785
758
732
695
650
610
583
565
560
577
597
598
586
593
616
638
645
646
637
622
611
607
604
597
583
565
559
580
615
649
689
728
762
803
868
940
990
1011
1017
1007
995
988
974
937
887
841
807
789
787
783
759
730
711
702
689
672
654
630
606
578
553
542
533
523
499
461
436
436
439
416
363
309
252
186
135
82
-6
-99
-196
-311
-416
-516
-646
-809
-986
-1162
-1336
-1514
-1701
-1905
-2127
-2356
-2588
-2811
-3001
-3171
-3315
-3404
-3447
-3449
-3387
-3255
-3068
-2848
-2601
-2312
-2000
-1673
-1334
-993
-651
-331
-42
239
511
782
1041
1254
1428
1569
1675
1730
1732
1694
1617
1486
1315
1117
923
747
560
376
213
72
-12
-53
-86
-94
-65
-23
39
113
196
279
355
435
530
642
773
895
991
1080
1176
1255
1324
1366
1345
1286
1215
1117
1030
983
953
931
921
924
979
1079
1176
1233
1225
1177
1117
1038
954
859
745
629
526
489
533
616
698
764
813
857
908
966
978
928
855
780
713
690
700
722
729
719
728
749
757
751
695
570
404
215
16
-190
-416
-663
-921
-1177
-1415
-1643
-1880
-2132
-2412
-2730
-3085
-3450
-3801
-4142
-4451
-4681
-4798
-4809
-4725
-4545
-4253
-3849
-3356
-2818
-2265
-1719
-1190
-691
-230
191
565
878
1139
1380
1627
1879
2092
2224
2295
2330
2316
2232
2063
1812
1494
1105
680
286
-68
-404
-695
-926
-1095
-1171
-1157
-1087
-971
-827
-675
-487
-266
-48
179
409
630
853
1098
1378
1685
1933
2103
2244
2350
2396
2392
2305
2106
1827
1494
1140
835
616
458
326
219
173
216
330
454
521
519
493
463
427
421
439
442
437
457
552
741
992
1236
1400
1495
1578
1657
1680
1648
1576
1434
1230
1076
1058
1112
1122
1069
1001
950
914
859
723
488
216
-66
-382
-717
-1017
-1288
-1580
-1916
-2259
-2565
-2843
-3154
-3536
-3968
-4427
-4880
-5286
-5615
-5817
-5827
-5666
-5405
-5044
-4489
-3709
-2821
-1946
-1115
-359
303
901
1403
1777
2078
2266
2309
2317
2358
2370
2341
2275
2121
1889
1627
1313
903
411
-97
-604
-1161
-1666
-1956
-2098
-2201
-2189
-2017
-1709
-1281
-780
-278
206
655
1047
1390
1719
2040
2274
2391
2499
2641
2774
2923
3041
2992
2800
2560
2273
1953
1569
1016
324
-348
-922
-1344
-1539
-1491
-1275
-1023
-790
-434
127
745
1268
1611
1719
1719
1742
1736
1694
1708
1698
1568
1444
1510
1739
1928
1941
1799
1611
1484
1417
1315
1145
939
749
649
709
952
1302
1533
1496
1367
1379
1432
1291
963
538
45
-423
-833
-1209
-1534
-1903
-2426
-3007
-3513
-3932
-4358
-4889
-5537
-6225
-6788
-7102
-7151
-6860
-6237
-5505
-4758
-3809
-2504
-1034
228
1176
1868
2307
2624
2944
3136
3059
2787
2430
2033
1711
1570
1435
1089
606
91
-507
-1113
-1615
-2136
-2742
-3257
-3517
-3507
-3182
-2543
-1849
-1247
-506
399
1225
1961
2620
2995
3044
2991
3021
3069
3035
2967
2831
2603
2464
2411
2255
1985
1591
955
173
-500
-1069
-1646
-2144
-2501
-2712
-2546
-1835
-891
-15
834
1652
2403
3134
3753
3998
3723
3150
2603
2109
1707
1415
1013
536
277
232
262
344
434
413
251
119
165
350
608
900
1180
1517
2024
2628
3100
3324
3313
3040
2550
2058
1621
1028
195
-666
-1354
-1857
-2287
-2777
-3342
-3921
-4532
-5222
-5903
-6477
-7023
-7528
-7870
-7968
-7574
-6508
-5120
-3818
-2571
-1151
436
1884
3014
3793
4028
3800
3516
3230
2853
2468
1920
1077
331
-69
-427
-931
-1506
-2214
-3035
-3765
-4251
-4451
-4383
-4084
-3625
-3012
-1991
-475
1070
2267
3246
4091
4587
4662
4519
4267
3761
2964
2133
1554
1237
948
572
239
21
-233
-580
-885
-1147
-1519
-1955
-2269
-2395
-2275
-1846
-1241
-584
345
1687
3014
3842
4307
4654
4753
4539
4152
3562
2623
1528
596
-124
-550
-663
-887
-1250
-1318
-1066
-693
-349
-123
150
483
793
1277
2016
2852
3547
3943
4235
4630
4936
4868
4404
3742
3009
2146
1220
430
-208
-896
-1708
-2408
-2780
-2987
-3358
-3979
-4650
-5211
-5708
-6184
-6527
-6631
-6575
-6478
-6229
-5500
-4152
-2550
-1238
-310
577
1596
2555
3137
3231
3036
2635
1928
1187
836
683
183
-638
-1367
-1864
-2101
-2237
-2734
-3378
-3662
-3800
-3849
-3407
-2483
-1466
-609
248
1384
2637
3695
4346
4498
4352
4023
3381
2579
1944
1396
579
-387
-968
-1100
-1145
-1309
-1532
-1670
-1697
-1607
-1406
-1186
-891
-580
-415
-79
560
1101
1438
1659
1754
1868
2117
2475
2812
2919
2756
2359
1875
1622
1529
1085
150
-798
-1319
-1488
-1486
-1296
-960
-596
-181
423
1237
2116
2792
3077
3091
3159
3409
3672
3782
3792
3776
3649
3350
3034
2800
2398
1562
466
-534
-1324
-1958
-2475
-2902
-3286
-3620
-3845
-3991
-4125
-4258
-4472
-4863
-5331
-5574
-5453
-5159
-4690
-3802
-2590
-1402
-459
366
1361
2289
2721
2715
2315
1659
1121
590
-38
-437
-810
-1382
-1737
-1917
-2156
-2236
-2386
-2861
-3169
-3061
-2758
-2278
-1529
-576
355
1181
2122
3165
3925
4169
4022
3662
3104
2387
1663
994
333
-374
-1081
-1585
-1771
-1827
-1961
-2119
-2155
-2001
-1596
-985
-392
63
486
950
1417
1865
2187
2157
1777
1278
786
368
276
653
1155
1371
1326
1227
1286
1598
1791
1394
476
-385
-776
-846
-707
-287
139
435
854
1438
2158
2870
3164
2997
2728
2647
2844
3091
3227
3378
3447
3205
2903
2924
2891
2149
885
-222
-1016
-1706
-2278
-2618
-2770
-2921
-3177
-3368
-3400
-3476
-3766
-4329
-5037
-5500
-5485
-5069
-4474
-3690
-2456
-1105
-176
560
1375
2149
2554
2228
1513
1011
629
176
-162
-247
-395
-841
-1198
-1365
-1659
-1987
-2355
-2861
-3140
-3013
-2641
-2018
-1066
79
1039
1708
2406
3192
3702
3681
3273
2784
2275
1679
1040
511
155
-273
-872
-1367
-1621
-1701
-1823
-2150
-2344
-2179
-1866
-1442
-897
-265
407
825
980
1186
1404
1481
1506
1650
1966
2318
2426
2169
1915
1955
1789
1089
250
-425
-943
-1376
-1645
-1436
-872
-381
11
506
1207
1951
2267
2116
2035
2177
2239
2192
2295
2650
3035
3112
3005
3171
3368
2960
2066
1200
569
19
-732
-1399
-1534
-1513
-1809
-2242
-2450
-2458
-2713
-3410
-4144
-4611
-4892
-5099
-5139
-4896
-4403
-3555
-2228
-752
408
1095
1446
1721
2006
2198
2126
1608
870
410
225
-16
-287
-460
-717
-1280
-1973
-2402
-2522
-2629
-2782
-2730
-2364
-1702
-815
136
1132
2035
2535
2874
3333
3569
3426
3051
2467
1796
1187
708
310
-203
-794
-1320
-1821
-2244
-2507
-2572
-2400
-2207
-2076
-1635
-789
73
767
1415
2066
2497
2511
2356
2281
2123
1752
1235
732
440
252
-37
-380
-727
-998
-1061
-955
-783
-573
-219
290
740
1104
1550
1991
2170
2099
2047
2014
1841
1736
1738
1669
1645
1740
1884
2042
2048
1901
1707
1370
944
566
165
-211
-491
-810
-1091
-1297
-1629
-2042
-2541
-3247
-4000
-4681
-5244
-5567
-5707
-5656
-5206
-4178
-2622
-994
308
1284
2023
2699
3315
3520
3187
2468
1580
933
588
179
-236
-546
-1099
-1837
-2309
-2491
-2643
-2799
-2797
-2638
-2293
-1454
-251
834
1763
2543
3044
3401
3672
3751
3558
3054
2428
1786
1064
515
256
-152
-843
-1464
-1774
-1807
-1832
-1846
-1514
-1034
-664
-150
549
1150
1452
1455
1272
918
502
57
-600
-1267
-1606
-1549
-1008
-196
487
960
1104
913
802
960
1023
575
-181
-579
-466
-213
92
470
715
784
750
750
967
1263
1447
1461
1384
1632
2233
2601
2597
2499
2366
2074
1624
1268
1023
615
21
-614
-1079
-1357
-1784
-2375
-2976
-3770
-4659
-5372
-5972
-6322
-6242
-6021
-5699
-4789
-2999
-757
995
1874
2449
3085
3658
4027
3941
3373
2623
1789
1001
551
287
-228
-1090
-2103
-3006
-3479
-3409
-3130
-2932
-2610
-2000
-1214
-207
984
2024
2742
3079
3140
3233
3361
3324
3058
2536
1954
1412
806
351
125
-320
-1121
-1826
-2089
-2036
-1870
-1544
-1089
-680
-288
209
789
1422
2043
2432
2519
2507
2504
2336
1873
1248
620
14
-603
-1164
-1416
-1373
-1471
-1590
-1333
-889
-483
-120
114
333
604
795
897
1027
1308
1555
1445
1233
1314
1405
1131
744
659
708
532
298
346
595
744
723
697
736
711
508
110
-457
-1135
-1880
-2682
-3434
-3962
-4409
-5120
-5949
-6367
-6355
-6314
-6066
-4949
-3016
-1148
154
1242
2530
3879
4831
5042
4571
3805
3030
2242
1491
957
560
-92
-1119
-2043
-2421
-2503
-2776
-3118
-3057
-2587
-1926
-935
425
1744
2670
3208
3541
3834
4041
3945
3360
2476
1629
889
302
-190
-621
-784
-982
-1437
-1601
-1375
-1032
-692
-645
-601
-4
865
1533
1875
1987
1963
1569
853
419
514
834
1077
1163
1032
658
340
370
500
280
-345
-986
-1207
-869
-261
124
173
169
176
65
74
487
981
1043
823
862
1254
1673
1852
1753
1503
1197
867
597
535
661
516
-104
-565
-472
-276
-444
-1001
-1628
-2224
-3108
-4142
-4859
-5401
-6107
-6873
-7294
-7063
-6237
-4935
-3190
-1407
-118
630
1261
2181
3239
3827
3772
3257
2502
2022
1971
1811
1244
335
-776
-1798
-2444
-2581
-2397
-2284
-2226
-1890
-1181
-182
1014
2219
3107
3445
3440
3537
3786
3858
3531
2859
2040
1170
408
6
-295
-902
-1627
-2143
-2294
-2075
-1645
-987
-199
304
619
1243
2204
3033
3298
3056
2707
2489
2375
2213
1854
1337
740
109
-379
-611
-708
-799
-954
-1116
-1077
-697
37
683
836
914
1163
1239
1150
1101
1119
1011
524
86
161
337
372
455
440
358
434
538
609
681
713
753
590
229
238
472
197
-684
-1727
-2430
-2841
-3448
-4302
-5228
-6254
-7332
-8170
-8327
-7753
-6612
-4891
-2973
-1350
35
1312
2539
3659
4267
4109
3385
2494
1904
1651
1309
741
-31
-1036
-1987
-2662
-3040
-3037
-2850
-2639
-2209
-1427
-241
1200
2488
3456
4088
4425
4575
4647
4707
4435
3596
2571
1571
643
45
-443
-1178
-1927
-2366
-2438
-2198
-1732
-1125
-506
25
551
1228
2022
2614
2767
2622
2380
2081
1854
1787
1843
1934
1722
1103
541
289
328
450
114
-720
-1360
-1353
-861
-325
90
474
726
832
1039
1448
1832
1897
1656
1256
832
657
682
615
467
317
309
466
487
430
544
554
258
-35
-41
21
-323
-1085
-1869
-2510
-3088
-3738
-4570
-5543
-6542
-7410
-7839
-7463
-6211
-4473
-2793
-1503
-636
60
928
2016
2888
3054
2528
1842
1469
1409
1313
861
-82
-1412
-2686
-3365
-3415
-3213
-2956
-2542
-1919
-1139
-72
1202
2208
2740
3082
3492
3861
4041
4189
4187
3721
2990
2063
1007
299
-183
-783
-1342
-1735
-1719
-1233
-758
-363
202
778
1224
1583
1934
2353
2588
2473
2225
1822
1242
561
-308
-981
-1106
-727
387
1677
2174
2102
1846
1712
1976
2159
2044
1568
618
75
306
511
333
-174
-731
-900
-601
54
819
1342
1597
1664
1665
1811
1993
1855
1327
749
558
738
886
891
694
132
-695
-1706
-2613
-3036
-3468
-4374
-5449
-6445
-7067
-7267
-7442
-7354
-6496
-4899
-2797
-751
645
1499
2144
2606
2853
2839
2365
1397
429
-79
-378
-804
-1368
-2215
-3215
-3935
-4313
-4196
-3500
-2618
-1577
-455
425
1311
2224
2762
2962
2954
2932
3162
3460
3489
3122
2472
1757
950
117
-424
-660
-936
-1311
-1369
-935
-417
-62
307
736
1094
1381
1703
2115
2536
2722
2505
2092
1730
1277
661
171
17
173
507
840
1093
1297
1426
1250
889
926
1275
1297
928
648
944
1424
1277
865
716
651
660
687
692
977
1270
1180
955
900
1100
1331
1264
986
818
824
757
470
184
-1
-374
-1102
-1878
-2249
-2303
-2660
-3692
-5094
-6358
-7319
-8009
-8174
-7371
-5564
-3371
-1543
-307
596
1388
2044
2498
2706
2539
1974
1326
939
709
253
-640
-1871
-3121
-4000
-4280
-4026
-3462
-2797
-2084
-1242
-290
574
1248
1772
2128
2324
2538
2903
3264
3312
2878
2043
1065
201
-394
-677
-784
-931
-1109
-1081
-737
-255
134
338
482
841
1599
2566
3292
3513
3331
2960
2469
1871
1245
719
345
91
-26
43
228
387
523
695
824
889
1112
1617
2142
2336
2154
1850
1633
1452
1154
814
664
719
750
699
752
895
859
628
519
679
897
993
1036
1134
1223
1128
770
197
-500
-1256
-2004
-2641
-3110
-3522
-4186
-5299
-6563
-7481
-7833
-7495
-6299
-4384
-2408
-1087
-450
100
1034
2194
2868
2732
2170
1560
1161
898
382
-431
-1542
-2850
-3803
-4137
-3830
-3033
-2333
-1864
-1297
-564
348
1215
1764
2185
2611
3033
3493
3803
3658
2876
1550
146
-935
-1645
-2032
-2187
-2148
-1814
-1315
-837
-415
-148
108
661
1440
2313
3199
3858
4178
4110
3598
2870
2141
1429
791
278
-97
-281
-334
-457
-650
-686
-496
-181
338
1081
1736
2247
2711
2792
2433
2026
1699
1493
1352
1147
1034
1046
978
764
464
240
77
-131
-197
-39
214
389
431
638
965
893
455
-35
-547
-1048
-1568
-2139
-2741
-3617
-4893
-6151
-6952
-7063
-6411
-5199
-3637
-2193
-1527
-1366
-766
451
1687
2362
2301
1791
1294
1100
1052
604
-478
-1830
-2968
-3572
-3524
-3025
-2518
-2250
-1946
-1214
-181
840
1690
2196
2436
2704
3162
3800
4170
3767
2757
1539
424
-271
-627
-975
-1423
-1943
-2346
-2372
-2088
-1742
-1451
-1126
-556
223
1148
2244
3096
3362
3318
3142
2917
2775
2632
2457
1996
1028
58
-481
-626
-606
-784
-995
-786
-197
643
1596
2324
2640
2575
2367
2288
2302
2217
1983
1678
1362
1017
677
360
55
-152
-181
-82
95
267
281
107
-18
80
215
98
-244
-570
-796
-1101
-1628
-2341
-3277
-4493
-5748
-6542
-6525
-5765
-4491
-2982
-1730
-1140
-1134
-1034
-165
1136
1986
2104
1741
1380
1300
1148
599
-313
-1419
-2326
-2778
-2853
-2663
-2455
-2480
-2550
-2209
-1280
-71
1030
1909
2594
3140
3615
4000
4124
3787
3029
2202
1590
1145
639
-38
-825
-1568
-2104
-2333
-2319
-2248
-2172
-1869
-1166
-269
543
1352
2269
3043
3397
3430
3347
3174
2857
2390
1817
1208
582
-116
-847
-1440
-1771
-1858
-1727
-1350
-716
125
1058
1890
2430
2680
2859
3082
3193
3059
2779
2480
2103
1551
870
250
-139
-313
-418
-495
-443
-302
-280
-420
-522
-491
-481
-576
-643
-598
-586
-839
-1452
-2341
-3387
-4542
-5663
-6361
-6264
-5365
-3987
-2586
-1652
-1398
-1445
-1117
-158
968
1607
1582
1257
1036
942
694
92
-769
-1585
-2094
-2205
-2009
-1802
-1912
-2286
-2421
-1929
-956
106
1105
2046
2879
3536
4003
4292
4237
3664
2830
2175
1803
1489
959
168
-690
-1425
-1922
-2172
-2270
-2249
-2028
-1470
-616
275
1065
1745
2270
2727
3213
3565
3537
3133
2587
2067
1525
893
194
-544
-1267
-1763
-1866
-1741
-1619
-1441
-1098
-572
112
756
1169
1454
1802
2246
2720
3110
3306
3236
2875
2328
1740
1165
682
347
105
-27
-7
97
127
52
8
-55
-360
-899
-1382
-1575
-1606
-1804
-2228
-2830
-3673
-4649
-5466
-5847
-5646
-4945
-3870
-2688
-1857
-1484
-1079
-211
909
1691
1816
1451
935
532
265
-162
-929
-1708
-2136
-2290
-2341
-2347
-2437
-2680
-2851
-2624
-1918
-933
158
1309
2370
3204
3890
4453
4665
4439
3989
3574
3298
3025
2489
1645
779
51
-658
-1333
-1777
-2007
-2161
-2128
-1704
-996
-353
113
660
1491
2374
2890
2958
2908
3043
3301
3369
3013
2246
1280
364
-376
-994
-1585
-2096
-2335
-2199
-1771
-1247
-812
-572
-419
-78
528
1145
1607
2065
2574
2918
2963
2801
2539
2226
1903
1573
1223
867
550
340
280
270
119
-267
-771
-1179
-1418
-1681
-2178
-2782
-3246
-3634
-4193
-4859
-5230
-5013
-4298
-3408
-2655
-2235
-2087
-1794
-912
382
1361
1527
1115
720
657
683
327
-479
-1295
-1728
-1862
-2019
-2358
-2840
-3318
-3581
-3412
-2764
-1890
-1099
-385
481
1531
2511
3193
3569
3754
3814
3770
3707
3701
3610
3218
2579
1960
1464
939
254
-497
-1054
-1216
-1044
-744
-430
-57
409
865
1157
1185
1010
818
782
933
1222
1549
1820
1972
1922
1653
1163
647
290
2
-218
-344
-408
-668
-1221
-1600
-1553
-1202
-900
-734
-403
32
539
973
1253
1492
1651
1915
2074
2069
2044
1925
1827
1724
1756
1808
1642
1330
759
127
-439
-872
-1216
-1641
-1885
-2219
-2845
-3828
-4883
-5459
-5685
-5298
-4421
-3305
-2385
-1988
-1662
-1309
-584
389
1186
1436
1108
932
1069
1235
849
-113
-996
-1472
-1704
-2163
-2882
-3521
-3889
-3858
-3462
-2932
-2390
-1866
-1159
-238
654
1483
2127
2662
3184
3739
4246
4274
3793
3120
2648
2359
1903
1283
663
242
-60
-398
-692
-836
-683
-372
-37
402
882
1356
1747
2096
2399
2539
2651
2803
2865
2614
2038
1450
1027
644
172
-262
-492
-536
-544
-645
-917
-1305
-1573
-1521
-1157
-656
-218
112
470
897
1208
1226
1061
976
1078
1308
1553
1661
1562
1352
1152
955
746
556
346
76
-145
-232
-287
-533
-1040
-1675
-2357
-3138
-3995
-4689
-4984
-4825
-4177
-3217
-2560
-2572
-2905
-2855
-1928
-531
407
690
847
1208
1584
1616
1212
513
-179
-535
-650
-888
-1441
-2193
-2728
-2818
-2697
-2589
-2528
-2369
-1902
-1184
-428
263
832
1346
1939
2552
2945
2959
2764
2704
2785
2732
2506
2191
1696
970
282
76
280
293
15
-99
111
470
781
838
587
315
522
1291
2049
2254
1978
1689
1708
1916
1883
1343
608
294
520
763
581
108
-329
-615
-796
-871
-861
-810
-678
-373
44
304
179
-200
-358
3
648
1135
1367
1535
1710
1757
1585
1291
1052
1016
1222
1519
1582
1170
411
-330
-875
-1375
-2045
-2908
-3735
-4229
-4300
-4164
-4025
-3904
-3791
-3757
-3720
-3386
-2625
-1671
-861
-402
-245
-86
334
839
1033
832
556
495
609
584
169
-539
-1167
-1459
-1526
-1642
-1874
-1995
-1801
-1384
-985
-702
-429
-76
270
496
668
917
1196
1439
1799
2350
2767
2678
2214
1836
1760
1839
1851
1765
1714
1734
1652
1317
844
463
198
-31
-74
280
880
1288
1246
880
433
139
157
437
690
724
613
482
411
265
29
-267
-444
-296
-35
212
256
185
23
-239
-374
-348
-111
148
397
557
549
496
405
367
346
529
851
1153
1457
1679
1899
1952
1728
1399
1176
1100
1024
876
622
291
-73
-462
-911
-1445
-1941
-2291
-2463
-2521
-2573
-2669
-2807
-2932
-3037
-3021
-2867
-2718
-2574
-2467
-2241
-1921
-1741
-1722
-1791
-1704
-1448
-1215
-1108
-1108
-1092
-1022
-936
-888
-884
-970
-1141
-1262
-1175
-905
-641
-422
-140
190
447
537
465
408
549
859
1232
1572
1793
1864
1738
1488
1345
1370
1410
1400
1458
1676
1904
1946
1851
1814
1913
2064
2191
2291
2316
2220
2038
1858
1682
1473
1271
1149
1113
1124
1106
932
617
344
276
347
368
339
396
514
622
686
689
709
669
548
466
438
422
303
165
136
216
253
105
-37
-35
39
-13
-172
-211
-152
-38
-45
-331
-737
-1162
-1518
-1731
-1809
-1789
-1881
-2208
-2686
-3213
-3682
-3962
-3978
-3799
-3563
-3387
-3210
-2976
-2797
-2728
-2706
-2611
-2272
-1673
-974
-368
-44
16
2
8
22
5
-71
-186
-226
-143
-17
-15
-156
-203
-107
47
172
282
461
686
981
1281
1424
1403
1383
1531
1772
1939
1965
1881
1786
1773
1847
1896
1812
1624
1515
1586
1764
1929
1900
1719
1557
1467
1422
1362
1326
1302
1305
1249
1101
999
844
628
526
582
734
830
834
826
801
712
623
571
522
423
273
126
-45
-254
-419
-441
-308
-97
114
275
334
303
260
209
144
18
-162
-413
-823
-1320
-1822
-2211
-2484
-2699
-2850
-3012
-3197
-3336
-3346
-3240
-3146
-3091
-3019
-2808
-2363
-1778
-1359
-1274
-1350
-1305
-1066
-802
-644
-557
-474
-384
-269
-102
0
-100
-287
-298
-61
252
461
536
574
648
730
740
696
743
880
1008
1029
1005
1094
1242
1410
1566
1720
1834
1813
1806
1935
2142
2230
2109
1908
1742
1658
1629
1551
1363
1150
1035
999
939
820
685
543
450
525
722
856
782
647
652
770
908
953
920
851
767
693
539
290
-35
-363
-565
-596
-533
-524
-598
-649
-586
-429
-266
-129
53
339
686
968
1072
998
823
641
516
366
97
-241
-556
-802
-1010
-1303
-1704
-2112
-2442
-2625
-2671
-2684
-2711
-2693
-2557
-2313
-2091
-2001
-2037
-2095
-2057
-1915
-1762
-1681
-1648
-1548
-1308
-999
-792
-765
-802
-743
-557
-335
-181
-133
-160
-164
-39
151
234
186
103
74
89
42
-43
-67
-20
132
400
683
872
980
1106
1326
1573
1732
1781
1820
1924
2032
2024
1867
1655
1505
1433
1356
1230
1088
992
942
922
934
964
965
909
863
904
1038
1189
1314
1431
1516
1470
1273
1045
892
796
688
511
278
61
-77
-175
-286
-394
-455
-454
-378
-220
-15
185
334
432
508
589
678
741
722
601
417
214
-2
-200
-371
-599
-930
-1275
-1548
-1760
-1930
-2041
-2102
-2138
-2145
-2140
-2178
-2288
-2407
-2432
-2352
-2270
-2301
-2411
-2441
-2300
-2054
-1833
-1729
-1702
-1609
-1394
-1106
-857
-705
-579
-427
-258
-35
155
178
110
71
49
-35
-191
-332
-377
-319
-176
-7
120
216
351
536
740
972
1237
1480
1699
1958
2213
2304
2172
1973
1860
1821
1758
1611
1412
1226
1057
931
857
769
715
751
852
1028
1239
1371
1403
1418
1521
1667
1667
1534
1435
1385
1280
1101
888
640
375
191
128
114
51
-104
-281
-342
-267
-145
-40
60
173
301
434
532
547
465
331
239
241
272
229
94
-71
-228
-399
-594
-755
-823
-818
-831
-933
-1122
-1354
-1576
-1744
-1840
-1894
-1981
-2148
-2354
-2493
-2507
-2459
-2466
-2551
-2600
-2481
-2192
-1872
-1653
-1564
-1517
-1388
-1110
-752
-462
-335
-293
-221
-127
-125
-288
-513
-633
-608
-488
-362
-338
-396
-434
-375
-178
49
207
388
677
1051
1388
1520
1414
1244
1193
1291
1430
1507
1507
1457
1393
1336
1277
1184
1061
1010
1128
1348
1492
1476
1366
1289
1312
1401
1473
1501
1515
1535
1536
1483
1348
1169
1024
969
990
1007
927
739
550
454
422
390
350
314
287
282
305
326
294
201
91
12
-29
-55
-91
-138
-201
-252
-274
-331
-431
-502
-508
-458
-435
-495
-570
-625
-694
-759
-865
-1069
-1326
-1602
-1875
-2089
-2245
-2372
-2478
-2601
-2684
-2623
-2447
-2241
-2093
-2048
-2008
-1873
-1623
-1269
-956
-799
-733
-678
-594
-446
-333
-371
-499
-566
-488
-315
-225
-305
-414
-412
-301
-122
20
92
187
356
565
727
746
682
690
807
964
1068
1041
919
814
821
899
923
875
877
1015
1242
1449
1545
1523
1456
1463
1583
1707
1737
1721
1727
1779
1805
1719
1602
1534
1479
1465
1502
1509
1431
1277
1120
1016
933
848
786
757
747
703
579
408
268
198
151
80
13
-27
-84
-160
-226
-284
-369
-489
-566
-533
-468
-452
-446
-435
-453
-470
-499
-579
-686
-824
-1016
-1212
-1396
-1593
-1786
-1987
-2204
-2370
-2438
-2416
-2378
-2407
-2478
-2470
-2311
-2071
-1861
-1741
-1683
-1607
-1432
-1175
-952
-876
-911
-925
-837
-668
-513
-450
-457
-428
-291
-118
-40
-90
-146
-72
120
310
433
501
551
622
708
757
731
680
697
808
957
1039
995
894
843
869
927
986
1036
1071
1103
1155
1217
1241
1218
1209
1284
1431
1564
1616
1578
1485
1414
1405
1425
1405
1352
1323
1329
1334
1325
1303
1248
1136
1008
917
869
819
722
574
401
234
75
-79
-220
-325
-374
-369
-351
-376
-425
-435
-393
-349
-321
-281
-208
-124
-67
-65
-121
-232
-387
-549
-667
-760
-893
-1057
-1187
-1282
-1410
-1601
-1802
-1932
-1960
-1923
-1855
-1792
-1784
-1834
-1858
-1753
-1554
-1420
-1434
-1531
-1565
-1481
-1362
-1276
-1220
-1191
-1163
-1111
-996
-826
-715
-690
-613
-426
-191
-22
28
48
114
202
277
306
307
311
313
347
392
390
358
346
383
456
519
543
570
660
812
970
1085
1121
1135
1260
1476
1674
1813
1884
1932
2014
2098
2157
2170
2118
2075
2117
2175
2131
1974
1814
1744
1720
1645
1502
1342
1205
1090
963
794
574
363
232
180
122
-4
-163
-267
-291
-283
-291
-349
-426
-443
-376
-280
-246
-321
-438
-510
-535
-578
-680
-815
-920
-986
-1036
-1103
-1196
-1311
-1418
-1478
-1478
-1448
-1429
-1436
-1459
-1475
-1504
-1562
-1630
-1670
-1686
-1699
-1705
-1685
-1633
-1559
-1486
-1457
-1494
-1543
-1528
-1415
-1250
-1092
-970
-857
-704
-498
-303
-194
-171
-139
-31
128
259
317
321
306
290
281
280
271
244
233
279
369
441
468
477
515
589
659
712
788
922
1082
1199
1247
1247
1252
1306
1404
1491
1538
1569
1623
1710
1795
1831
1797
1716
1659
1684
1766
1797
1711
1562
1420
1281
1122
974
863
753
606
452
336
243
128
-3
-89
-96
-57
-26
-22
-39
-80
-135
-205
-299
-406
-480
-521
-571
-646
-743
-838
-886
-886
-888
-930
-969
-968
-930
-870
-804
-758
-749
-762
-759
-727
-706
-753
-859
-983
-1101
-1200
-1271
-1316
-1366
-1446
-1550
-1656
-1717
-1681
-1580
-1481
-1397
-1301
-1189
-1062
-957
-875
-776
-683
-589
-430
-249
-114
-48
-40
-44
-39
-49
-57
-50
-25
30
86
97
61
18
18
70
121
162
227
331
464
579
634
671
728
787
876
1000
1125
1226
1310
1403
1522
1621
1653
1680
1774
1892
1966
1982
1960
1944
1932
1886
1780
1648
1525
1419
1330
1236
1117
968
809
708
676
644
578
487
399
355
308
217
108
-4
-77
-92
-142
-260
-401
-526
-604
-634
-663
-723
-792
-819
-807
-769
-735
-737
-747
-711
-624
-509
-449
-492
-582
-643
-654
-653
-696
-790
-895
-980
-1057
-1172
-1339
-1508
-1599
-1594
-1535
-1486
-1473
-1496
-1510
-1463
-1382
-1337
-1323
-1281
-1192
-1053
-920
-855
-832
-831
-832
-762
-639
-543
-475
-425
-386
-316
-272
-297
-339
-342
-277
-164
-80
-26
33
79
128
194
244
276
323
404
525
655
754
837
915
993
1085
1182
1293
1422
1544
1655
1756
1833
1884
1924
1957
1981
1978
1945
1901
1869
1812
1702
1580
1492
1444
1421
1388
1311
1200
1075
966
892
801
667
516
387
296
224
129
2
-128
-233
-304
-384
-500
-592
-642
-683
-712
-724
-726
-703
-661
-621
-610
-658
-723
-744
-701
-643
-632
-674
-743
-801
-833
-875
-947
-1045
-1123
-1150
-1170
-1208
-1263
-1343
-1391
-1380
-1356
-1334
-1332
-1347
-1328
-1270
-1226
-1212
-1247
-1307
-1317
-1262
-1176
-1083
-1030
-1018
-979
-903
-805
-721
-658
-550
-415
-263
-116
-38
-1
17
51
109
160
217
280
356
423
452
477
498
523
586
688
819
950
1072
1178
1273
1372
1480
1593
1695
1791
1882
1974
2052
2076
2045
2000
1978
1967
1934
1876
1805
1714
1616
1551
1493
1434
1332
1196
1098
1007
914
813
686
531
360
225
117
-1
-135
-254
-339
-385
-428
-510
-574
-623
-646
-645
-658
-691
-752
-784
-785
-788
-792
-835
-889
-910
-920
-900
-883
-915
-965
-990
-971
-939
-925
-930
-930
-892
-837
-797
-801
-841
-871
-894
-924
-955
-1035
-1138
-1233
-1294
-1291
-1286
-1319
-1350
-1367
-1373
-1353
-1288
-1199
-1093
-973
-843
-709
-577
-458
-358
-271
-198
-140
-89
-26
21
29
32
33
4
-12
24
94
180
265
346
442
541
616
689
790
883
966
1079
1216
1326
1385
1402
1422
1461
1500
1550
1605
1639
1662
1676
1686
1696
1670
1601
1521
1454
1416
1410
1384
1324
1228
1095
980
919
837
696
542
423
361
320
239
117
-4
-80
-106
-133
-180
-234
-267
-272
-292
-359
-466
-577
-638
-667
-704
-769
-846
-881
-868
-848
-821
-804
-812
-800
-745
-679
-633
-601
-557
-508
-488
-509
-584
-690
-788
-848
-875
-921
-1033
-1189
-1312
-1390
-1468
-1523
-1532
-1555
-1571
-1493
-1362
-1257
-1196
-1148
-1069
-934
-804
-698
-583
-470
-395
-333
-268
-253
-285
-285
-209
-101
-19
27
61
121
213
290
344
394
459
578
758
904
963
984
1013
1065
1135
1177
1201
1240
1298
1368
1437
1465
1463
1463
1482
1515
1558
1589
1601
1607
1613
1594
1519
1414
1336
1296
1259
1187
1073
951
844
753
678
595
471
350
291
259
196
107
42
-7
-73
-148
-238
-339
-423
-482
-521
-565
-650
-728
-742
-741
-751
-774
-807
-822
-793
-713
-610
-535
-504
-493
-472
-439
-436
-465
-474
-450
-439
-483
-592
-741
-889
-1006
-1094
-1176
-1268
-1356
-1404
-1388
-1334
-1309
-1337
-1364
-1361
-1309
-1216
-1142
-1106
-1079
-1042
-1001
-977
-963
-916
-821
-712
-613
-532
-473
-437
-400
-312
-192
-109
-37
75
193
295
382
442
475
499
550
636
721
778
828
882
934
981
1017
1033
1060
1122
1223
1335
1403
1420
1451
1507
1566
1626
1667
1661
1644
1627
1581
1507
1427
1358
1300
1218
1119
1053
1012
953
883
816
732
642
570
508
435
326
188
70
-29
-135
-242
-340
-433
-511
-566
-622
-688
-729
-738
-751
-752
-728
-700
-670
-648
-638
-616
-585
-548
-502
-478
-491
-507
-522
-565
-637
-704
-756
-825
-911
-976
-1017
-1062
-1101
-1133
-1177
-1225
-1257
-1242
-1188
-1149
-1155
-1201
-1253
-1259
-1232
-1208
-1205
-1190
-1120
-1022
-929
-841
-779
-710
-599
-450
-284
-143
-49
49
165
282
363
387
408
464
537
608
644
660
684
721
767
815
844
873
933
1025
1133
1222
1260
1272
1314
1404
1491
1528
1544
1562
1572
1562
1543
1496
1400
1277
1206
1198
1171
1093
1011
941
903
881
851
802
723
655
635
598
490
360
257
162
49
-63
-168
-274
-362
-431
-479
-524
-604
-664
-654
-648
-674
-688
-679
-661
-637
-600
-570
-552
-524
-497
-484
-487
-506
-523
-552
-608
-644
-670
-710
-746
-786
-841
-904
-961
-979
-991
-1034
-1074
-1101
-1135
-1160
-1175
-1208
-1254
-1293
-1291
-1247
-1212
-1202
-1184
-1137
-1056
-939
-811
-700
-625
-562
-468
-346
-244
-176
-111
-34
40
109
172
240
281
306
345
394
450
501
575
678
770
842
894
955
1024
1103
1186
1260
1294
1308
1331
1351
1359
1325
1289
1266
1258
1271
1270
1252
1207
1161
1124
1094
1091
1062
1037
1024
990
974
935
853
774
696
622
543
444
320
203
101
27
-42
-146
-253
-356
-414
-437
-467
-501
-532
-540
-543
-532
-514
-513
-526
-536
-521
-498
-500
-524
-542
-538
-516
-514
-521
-520
-542
-580
-604
-627
-661
-708
-773
-837
-893
-957
-1025
-1094
-1158
-1201
-1216
-1240
-1279
-1311
-1321
-1293
-1240
-1182
-1116
-1034
-946
-860
-770
-675
-576
-484
-395
-298
-204
-118
-71
-50
-14
10
32
65
117
188
252
333
418
485
556
633
727
818
905
992
1067
1118
1154
1174
1179
1178
1165
1153
1148
1148
1152
1151
1123
1100
1091
1083
1086
1098
1098
1093
1082
1056
1032
1004
969
934
888
823
754
693
630
542
445
351
254
153
56
-33
-124
-200
-254
-277
-310
-366
-396
-418
-438
-463
-480
-485
-511
-526
-531
-547
-577
-603
-583
-557
-553
-559
-561
-546
-538
-523
-509
-536
-605
-688
-751
-805
-856
-898
-949
-1012
-1077
-1130
-1165
-1196
-1209
-1191
-1172
-1166
-1152
-1122
-1070
-1006
-951
-890
-810
-724
-642
-564
-504
-468
-435
-388
-329
-271
-220
-186
-147
-84
-16
54
113
185
271
364
473
568
668
755
827
916
996
1057
1082
1109
1153
1190
1212
1215
1205
1185
1171
1173
1195
1202
1213
1224
1229
1228
1214
1204
1175
1149
1140
1119
1076
1010
950
884
802
719
637
552
453
359
285
224
155
87
34
-19
-76
-127
-177
-248
-320
-373
-403
-445
-499
-543
-592
-641
-690
-717
-736
-770
-797
-811
-807
-804
-806
-797
-795
-803
-817
-822
-829
-848
-876
-901
-938
-995
-1060
-1106
-1135
-1151
-1159
-1163
-1162
-1153
-1140
-1119
-1087
-1025
-949
-865
-779
-699
-622
-544
-473
-413
-354
-309
-270
-218
-157
-111
-95
-64
-29
20
90
158
227
301
397
492
567
630
687
755
840
923
990
1040
1090
1143
1188
1214
1228
1230
1231
1251
1288
1310
1305
1295
1303
1322
1331
1325
1300
1270
1255
1255
1240
1180
1086
999
933
865
777
684
596
518
454
405
343
261
186
131
90
46
-14
-86
-157
-213
-268
-346
-441
-533
-624
-694
-749
-824
-904
-975
-1034
-1071
-1103
-1154
-1214
-1266
-1296
-1311
-1326
-1346
-1384
-1426
-1444
-1454
-1462
-1471
-1495
-1494
-1456
-1415
-1383
-1353
-1332
-1287
-1203
-1119
-1036
-950
-852
-730
-602
-474
-351
-265
-198
-118
-25
57
115
163
213
262
305
341
385
438
500
580
668
746
816
879
947
1030
1107
1162
1212
1264
1324
1381
1424
1457
1480
1494
1497
1495
1488
1475
1453
1438
1440
1423
1384
1342
1291
1241
1205
1155
1102
1051
990
931
859
771
682
597
506
403
298
206
119
31
-48
-111
-160
-226
-289
-325
-373
-434
-499
-574
-645
-727
-816
-896
-988
-1093
-1177
-1260
-1328
-1398
-1480
-1547
-1603
-1665
-1717
-1761
-1799
-1814
-1798
-1769
-1750
-1729
-1698
-1667
-1622
-1549
-1469
-1411
-1365
-1291
-1195
-1102
-1015
-922
-819
-711
-595
-475
-374
-285
-181
-71
36
135
216
300
385
453
522
589
633
680
745
819
887
949
1010
1077
1147
1224
1300
1374
1438
1499
1564
1618
1659
1695
1710
1717
1723
1704
1678
1648
1598
1547
1495
1439
1385
1323
1255
1195
1151
1117
1084
1039
986
924
854
781
706
637
567
487
396
300
209
118
17
-90
-191
-276
-350
-438
-530
-610
-670
-714
-771
-833
-913
-989
-1060
-1131
-1205
-1304
-1406
-1505
-1600
-1676
-1771
-1861
-1935
-1987
-2006
-2030
-2047
-2042
-2034
-1982
-1915
-1860
-1800
-1724
-1610
-1484
-1351
-1231
-1143
-1044
-927
-808
-698
-597
-505
-404
-291
-183
-81
-10
69
162
268
385
478
572
669
768
869
956
1033
1106
1181
1268
1356
1431
1497
1561
1622
1683
1728
1754
1779
1800
1822
1848
1860
1844
1809
1757
1705
1654
1596
1523
1443
1362
1282
1205
1118
1022
923
830
748
681
616
549
480
409
341
272
200
126
51
-29
-110
-195
-277
-367
-471
-582
-693
-799
-890
-973
-1057
-1135
-1201
-1258
-1315
-1372
-1434
-1500
-1558
-1604
-1644
-1679
-1707
-1737
-1764
-1779
-1795
-1801
-1805
-1788
-1755
-1710
-1645
-1589
-1528
-1458
-1370
-1258
-1161
-1059
-957
-841
-711
-588
-471
-378
-297
-217
-139
-57
16
87
159
223
306
386
455
520
593
701
797
883
964
1036
1121
1199
1288
1361
1411
1465
1514
1575
1630
1670
1698
1716
1734
1748
1755
1751
1735
1712
1692
1675
1646
1602
1539
1468
1395
1326
1262
1191
1104
1003
906
822
730
617
497
387
286
200
122
35
-54
-135
-203
-264
-327
-408
-500
-581
-651
-720
-806
-903
-1011
-1102
-1185
-1282
-1362
-1439
-1506
-1570
-1615
-1659
-1722
-1758
-1785
-1792
-1777
-1773
-1760
-1729
-1689
-1637
-1572
-1510
-1453
-1396
-1322
-1223
-1126
-1040
-954
-873
-794
-694
-593
-508
-425
-343
-254
-153
-57
18
74
136
207
279
355
421
463
513
572
626
687
746
786
838
912
995
1068
1135
1190
1242
1307
1354
1399
1436
1449
1477
1496
1513
1517
1492
1472
1451
1440
1425
1379
1336
1283
1231
1196
1138
1073
1009
936
872
813
737
659
591
510
423
340
251
147
41
-58
-152
-238
-332
-441
-549
-649
-733
-818
-895
-969
-1056
-1138
-1190
-1247
-1318
-1396
-1483
-1552
-1601
-1654
-1710
-1765
-1802
-1803
-1788
-1775
-1758
-1736
-1695
-1616
-1523
-1442
-1363
-1267
-1153
-1032
-909
-791
-683
-578
-459
-333
-224
-133
-50
36
114
182
259
332
391
449
516
589
663
733
800
867
937
1006
1062
1114
1154
1185
1218
1258
1290
1302
1308
1320
1331
1345
1355
1344
1332
1329
1317
1304
1282
1247
1218
1194
1162
1129
1077
1018
971
928
880
830
775
711
649
587
526
457
386
314
250
189
122
38
-48
-119
-187
-258
-347
-451
-546
-639
-734
-826
-921
-1021
-1112
-1199
-1277
-1343
-1413
-1493
-1565
-1615
-1651
-1689
-1739
-1790
-1820
-1833
-1829
-1813
-1796
-1774
-1734
-1673
-1598
-1525
-1460
-1371
-1267
-1149
-1010
-888
-768
-644
-517
-384
-262
-144
-41
57
180
298
393
470
531
605
687
751
811
861
920
984
1049
1123
1167
1201
1250
1307
1370
1405
1435
1465
1482
1504
1504
1490
1463
1416
1394
1363
1314
1264
1210
1176
1123
1063
1013
949
879
816
766
708
638
570
519
461
393
338
274
221
164
101
50
-19
-77
-127
-179
-244
-317
-373
-428
-490
-548
-601
-665
-729
-785
-848
-925
-1006
-1075
-1143
-1212
-1280
-1348
-1420
-1484
-1524
-1556
-1598
-1631
-1637
-1631
-1625
-1607
-1573
-1534
-1478
-1400
-1329
-1267
-1192
-1104
-1013
-922
-830
-740
-644
-537
-428
-332
-241
-147
-49
50
145
236
320
408
511
613
701
779
862
946
1020
1089
1156
1224
1292
1354
1405
1448
1493
1534
1566
1590
1615
1633
1639
1638
1632
1616
1583
1540
1489
1429
1369
1314
1256
1189
1109
1023
943
874
807
730
647
567
498
427
350
265
181
97
14
-62
-139
-225
-309
-384
-452
-522
-593
-670
-747
-813
-870
-924
-981
-1042
-1105
-1163
-1211
-1259
-1315
-1370
-1420
-1468
-1514
-1551
-1591
-1641
-1685
-1708
-1721
-1732
-1731
-1714
-1686
-1644
-1584
-1515
-1453
-1388
-1305
-1206
-1102
-1001
-906
-814
-722
-622
-514
-417
-344
-274
-182
-78
5
84
177
271
357
450
545
630
711
803
904
999
1077
1147
1233
1328
1406
1480
1562
1626
1666
1716
1774
1810
1818
1818
1809
1800
1794
1780
1758
1714
1659
1613
1566
1494
1410
1325
1231
1143
1061
967
869
769
659
561
477
381
288
209
125
40
-38
-125
-220
-309
-392
-470
-547
-638
-739
-832
-916
-992
-1076
-1169
-1265
-1346
-1408
-1464
-1526
-1591
-1647
-1686
-1705
-1734
-1762
-1768
-1767
-1755
-1730
-1705
-1664
-1609
-1565
-1510
-1434
-1359
-1292
-1222
-1132
-1032
-943
-851
-754
-661
-561
-453
-347
-256
-175
-94
-1
87
155
223
292
344
409
493
564
627
698
768
844
919
984
1053
1124
1187
1250
1311
1361
1401
1441
1488
1528
1554
1575
1587
1588
1580
1567
1550
1521
1484
1450
1410
1367
1323
1277
1223
1154
1087
1030
967
888
803
724
643
556
471
389
299
203
110
26
-56
-150
-240
-321
-399
-482
-579
-673
-762
-853
-937
-1022
-1114
-1209
-1302
-1376
-1450
-1531
-1604
-1676
-1738
-1795
-1845
-1878
-1911
-1928
-1932
-1920
-1886
-1859
-1817
-1755
-1677
-1581
-1496
-1404
-1313
-1211
-1087
-975
-862
-752
-641
-527
-418
-303
-195
-103
-14
86
187
269
337
413
493
566
639
714
779
843
919
1007
1081
1138
1198
1265
1344
1415
1473
1519
1560
1599
1621
1642
1657
1655
1649
1642
1638
1611
1565
1519
1466
1411
1353
1294
1237
1177
1123
1070
1016
960
892
829
772
723
675
613
544
468
385
299
214
131
37
-60
-153
-241
-329
-425
-529
-631
-718
-801
-896
-998
-1094
-1180
-1259
-1332
-1403
-1480
-1553
-1618
-1660
-1701
-1741
-1780
-1817
-1821
-1819
-1804
-1792
-1774
-1734
-1688
-1621
-1557
-1488
-1406
-1322
-1227
-1125
-1017
-917
-822
-719
-607
-498
-402
-310
-216
-119
-23
74
167
256
343
438
533
616
704
797
876
948
1029
1107
1176
1238
1306
1366
1413
1466
1509
1544
1572
1588
1610
1613
1610
1602
1570
1546
1507
1464
1419
1351
1294
1226
1144
1059
967
893
815
729
655
583
517
453
384
311
248
199
142
75
19
-29
-88
-154
-220
-285
-349
-415
-487
-566
-647
-728
-803
-880
-967
-1058
-1136
-1200
-1258
-1318
-1379
-1435
-1480
-1513
-1545
-1585
-1620
-1634
-1629
-1616
-1602
-1585
-1564
-1527
-1473
-1408
-1344
-1282
-1217
-1136
-1041
-947
-861
-772
-677
-583
-488
-393
-309
-229
-147
-62
29
111
187
276
364
442
526
612
694
770
847
935
1024
1103
1183
1260
1334
1403
1465
1521
1560
1598
1637
1670
1697
1704
1695
1686
1664
1628
1589
1538
1486
1437
1380
1316
1249
1179
1103
1026
948
866
793
720
634
554
479
394
317
236
146
65
-8
-79
-144
-208
-289
-378
-460
-534
-609
-690
-766
-840
-912
-970
-1032
-1109
-1188
-1265
-1326
-1378
-1448
-1524
-1578
-1621
-1652
-1684
-1728
-1754
-1758
-1755
-1736
-1715
-1694
-1652
-1587
-1515
-1449
-1381
-1304
-1220
-1131
-1043
-951
-850
-743
-640
-541
-444
-354
-266
-175
-88
-4
72
146
228
312
398
472
544
634
724
800
879
958
1032
1113
1185
1251
1313
1376
1439
1491
1531
1565
1602
1635
1651
1656
1653
1643
1624
1594
1554
1506
1458
1408
1350
1282
1214
1142
1066
994
929
858
782
706
633
558
481
399
315
238
160
79
-1
-79
-155
-231
-307
-386
-466
-542
-620
-703
-787
-868
-937
-1011
-1093
-1162
-1224
-1278
-1330
-1389
-1438
-1485
-1539
-1565
-1587
-1623
-1637
-1645
-1641
-1618
-1605
-1576
-1536
-1489
-1423
-1360
-1283
-1202
-1139
-1053
-956
-876
-789
-706
-623
-532
-456
-368
-277
-208
-127
-43
27
99
173
239
310
387
466
543
622
709
794
881
969
1050
1130
1204
1269
1331
1392
1445
1484
1517
1540
1551
1558
1565
1565
1551
1528
1497
1461
1421
1382
1339
1287
1233
1186
1141
1092
1033
972
918
866
810
752
687
615
538
465
394
316
234
157
75
-11
-99
-182
-270
-359
-447
-533
-623
-713
-799
-882
-968
-1047
-1119
-1184
-1250
-1315
-1378
-1431
-1485
-1535
-1575
-1601
-1631
-1660
-1674
-1674
-1667
-1658
-1637
-1603
-1559
-1511
-1459
-1400
-1335
-1269
-1201
-1127
-1045
-962
-881
-801
-716
-624
-536
-452
-371
-286
-197
-120
-45
36
117
188
264
349
429
504
588
675
752
825
906
988
1064
1139
1210
1270
1325
1375
1420
1460
1488
1504
1508
1507
1514
1501
1478
1460
1431
1404
1378
1329
1284
1241
1190
1148
1099
1046
991
921
874
832
762
692
623
559
500
417
338
274
198
123
55
-23
-106
-189
-268
-349
-438
-526
-608
-692
-780
-862
-926
-997
-1074
-1148
-1222
-1283
-1339
-1397
-1459
-1507
-1554
-1590
-1602
-1625
-1626
-1607
-1589
-1540
-1494
-1448
-1396
-1342
-1262
-1181
-1094
-1021
-966
-876
-787
-700
-604
-526
-453
-363
-272
-183
-103
-45
14
88
171
246
308
368
431
510
588
661
732
804
884
953
1027
1093
1151
1212
1257
1292
1329
1355
1375
1387
1381
1380
1376
1353
1327
1287
1245
1209
1168
1120
1060
997
933
869
810
757
699
631
565
513
459
398
335
277
218
156
101
42
-30
-102
-165
-220
-275
-335
-394
-451
-506
-560
-614
-664
-721
-780
-828
-864
-902
-945
-986
-1020
-1053
-1079
-1092
-1106
-1124
-1135
-1136
-1134
-1132
-1133
-1128
-1108
-1077
-1054
-1027
-992
-954
-910
-855
-802
-756
-705
-642
-581
-528
-480
-431
-376
-313
-255
-205
-156
-107
-51
8
65
112
155
205
264
325
385
442
495
544
597
652
705
749
791
834
871
906
944
975
997
1020
1044
1061
1069
1072
1070
1062
1051
1043
1031
1012
994
975
953
931
901
869
836
801
763
725
690
648
598
542
491
438
381
323
266
221
170
111
44
-22
-72
-130
-194
-255
-312
-364
-420
-474
-526
-590
-656
-704
-752
-809
-865
-904
-932
-975
-1014
-1041
-1070
-1096
-1117
-1130
-1141
-1152
-1142
-1124
-1111
-1101
-1080
-1044
-1006
-971
-932
-893
-850
-801
-748
-697
-658
-617
-558
-498
-441
-387
-326
-255
-188
-118
-50
12
83
157
236
306
371
443
514
581
647
717
787
847
898
945
989
1028
1064
1097
1115
1120
1124
1126
1121
1108
1099
1080
1060
1051
1032
996
955
920
886
842
792
739
686
642
589
536
484
428
376
318
274
224
150
94
34
-20
-78
-140
-191
-259
-317
-373
-438
-493
-552
-612
-663
-703
-741
-792
-846
-881
-914
-938
-964
-986
-993
-1009
-1013
-1008
-997
-980
-969
-943
-914
-888
-859
-838
-813
-785
-754
-716
-678
-641
-609
-574
-529
-481
-451
-418
-368
-316
-267
-219
-166
-117
-72
-15
38
94
152
200
252
313
373
428
485
540
583
632
681
723
757
785
816
840
868
890
903
923
929
933
934
921
905
891
876
864
839
822
800
764
735
700
669
635
596
567
532
494
458
418
381
335
290
251
214
178
137
88
46
7
-45
-103
-158
-202
-251
-299
-340
-382
-418
-465
-519
-561
-600
-638
-675
-703
-725
-755
-772
-778
-794
-816
-828
-829
-824
-828
-845
-843
-821
-808
-796
-775
-757
-749
-732
-704
-681
-666
-643
-611
-578
-546
-516
-476
-429
-386
-338
-281
-240
-205
-161
-110
-48
7
48
107
174
224
279
339
391
434
481
539
589
630
672
709
744
781
802
822
844
851
865
885
890
884
883
885
878
870
863
845
818
788
764
747
719
676
640
604
565
527
481
430
383
336
286
239
188
130
70
9
-53
-117
-181
-248
-305
-354
-403
-456
-506
-551
-596
-632
-661
-691
-725
-751
-772
-788
-795
-807
-825
-831
-825
-829
-833
-826
-821
-822
-818
-805
-793
-779
-760
-745
-728
-701
-668
-645
-620
-581
-538
-496
-447
-392
-347
-307
-253
-187
-126
-74
-21
39
102
159
213
267
315
367
428
484
523
559
607
660
701
732
761
794
825
845
863
882
892
890
888
892
889
884
871
856
836
820
806
779
761
738
709
671
629
598
556
513
473
435
393
347
310
264
206
150
100
42
-18
-74
-123
-174
-227
-274
-327
-381
-420
-466
-512
-544
-577
-614
-653
-702
-739
-757
-780
-810
-825
-833
-844
-847
-846
-855
-846
-826
-819
-809
-787
-778
-765
-742
-724
-709
-689
-663
-630
-591
-549
-517
-487
-444
-403
-366
-326
-286
-242
-186
-136
-91
-35
15
66
111
166
212
246
294
344
396
441
471
506
539
568
591
622
656
678
695
711
728
742
751
745
738
736
731
728
710
701
690
666
658
635
620
603
567
540
517
492
453
422
403
375
339
308
282
242
198
153
114
90
53
9
-29
-61
-99
-136
-174
-213
-251
-278
-307
-342
-373
-403
-437
-474
-498
-523
-553
-567
-580
-594
-617
-626
-644
-647
-638
-661
-657
-653
-648
-645
-654
-635
-621
-610
-595
-577
-561
-529
-500
-486
-455
-425
-395
-355
-322
-294
-256
-220
-177
-125
-82
-39
3
47
87
116
161
195
227
261
291
332
363
388
410
437
479
497
520
543
554
560
563
580
585
580
586
592
593
587
581
576
564
545
533
521
503
481
462
446
427
406
369
339
325
305
273
248
210
174
147
111
86
58
20
-8
-42
-71
-102
-132
-165
-199
-220
-250
-279
-301
-323
-342
-363
-381
-398
-421
-440
-452
-460
-465
-470
-480
-492
-498
-497
-497
-500
-500
-495
-494
-488
-474
-462
-454
-444
-429
-407
-395
-375
-346
-326
-301
-269
-243
-208
-167
-143
-119
-91
-62
-28
3
28
62
96
123
150
185
208
225
260
287
303
325
341
355
369
371
377
385
380
383
387
385
379
373
369
359
350
348
330
316
313
295
280
272
257
241
228
215
203
191
185
166
145
145
132
108
97
78
62
51
26
10
9
-8
-31
-44
-58
-71
-83
-99
-110
-115
-128
-140
-152
-156
-161
-178
-187
-187
-191
-195
-195
-195
-202
-206
-198
-197
-201
-198
-194
-195
-198
-198
-207
-215
-210
-203
-211
-206
-195
-195
-191
-179
-175
-170
-157
-147
-139
-131
-120
-103
-93
-90
-74
-57
-44
-30
-24
-12
10
29
44
54
59
68
79
96
106
104
115
128
135
146
140
139
152
152
153
153
144
142
135
136
151
145
137
144
146
149
151
145
148
148
142
139
138
131
124
118
113
104
95
84
73
67
63
56
47
40
30
26
26
20
4
-7
-10
-18
-25
-27
-29
-36
-45
-48
-51
-56
-65
-76
-85
-89
-97
-106
-108
-110
-121
-125
-126
-134
-144
-142
-137
-142
-142
-136
-137
-142
-139
-129
-128
-133
-132
-125
-122
-122
-118
-110
-104
-97
-87
-74
-61
-49
-38
-29
-21
-14
-9
-2
9
15
16
17
23
28
28
29
29
29
34
41
46
48
53
58
65
71
78
78
78
85
93
96
100
106
109
110
120
127
126
126
130
124
116
116
118
111
102
100
99
93
89
83
78
69
62
58
55
52
49
45
42
41
38
31
29
24
16
9
6
5
1
-6
-12
-17
-20
-25
-29
-32
-38
-44
-52
-61
-70
-80
-87
-91
-94
-98
-105
-105
-103
-105
-108
-106
-102
-99
-100
-101
-100
-100
-98
-89
-79
-79
-83
-77
-63
-57
-60
-61
-53
-46
-46
-45
-40
-34
-34
-31
-28
-25
-23
-22
-17
-14
-12
-9
-3
3
7
9
15
20
28
33
40
47
55
63
68
69
69
74
80
81
81
80
81
82
82
84
86
83
78
74
74
72
70
67
66
64
59
56
54
50
44
40
41
41
40
33
27
22
20
16
10
-1
-8
-14
-18
-21
-25
-27
-28
-33
-38
-39
-38
-39
-44
-46
-45
-43
-47
-48
-48
-44
-43
-40
-35
-35
-34
-31
-28
-29
-31
-31
-27
-21
-21
-23
-23
-22
-20
-21
-19
-18
-20
-22
-21
-21
-24
-27
-27
-25
-27
-28
-26
-23
-21
-20
-19
-18
-15
-12
-10
-9
-8
-6
-2
3
6
7
7
10
17
23
24
22
23
30
35
35
38
40
45
46
45
47
50
52
51
51
54
55
54
50
49
52
53
52
47
44
44
43
42
36
28
23
20
17
12
4
-2
-6
-8
-13
-20
-23
-29
-30
-31
-35
-36
-37
-38
-40
-41
-41
-43
-40
-39
-34
-33
-38
-30
-28
-28
-25
-25
-24
-20
-19
-15
-10
-11
-12
-6
-7
-6
-5
-7
-2
1
-2
-2
0
6
10
10
5
3
6
8
7
9
4
0
7
7
4
8
5
6
9
4
2
3
1
5
5
4
4
4
2
2
3
4
5
6
9
9
8
8
8
10
11
10
10
12
12
10
10
12
14
11
8
9
9
6
7
6
6
6
4
3
1
-1
-3
-4
-6
-7
-8
-9
-10
-12
-14
-15
-14
-15
-16
-16
-16
-16
-15
-17
-17
-17
-14
-11
-11
-10
-12
-13
-8
-4
-3
-5
-5
-1
1
0
5
6
12
12
9
16
14
16
18
13
20
20
17
19
14
16
16
15
21
16
14
10
8
11
9
7
6
4
4
4
1
-1
-1
-2
-3
-5
-6
-5
-7
-9
-9
-8
-8
-9
-8
-6
-8
-11
-10
-5
-3
-6
-9
-8
-4
-1
1
-3
0
1
-1
0
0
0
4
4
2
3
1
-1
1
1
1
2
2
-1
-2
-2
-5
-3
-2
-6
-10
-8
-6
-9
-10
-8
-8
-7
-6
-5
-4
-4
-4
-2
-3
-3
-2
-1
0
2
3
4
4
7
7
9
10
12
14
15
15
15
15
14
16
15
15
15
14
15
14
15
13
12
12
11
11
11
7
2
2
4
5
1
-2
-3
-3
-7
-9
-9
-9
-9
-8
-6
-10
-12
-14
-12
-13
-15
-16
-11
-9
-11
-14
-13
-11
-10
-10
-9
-6
-5
-5
-4
-5
-3
0
3
-1
-5
-5
1
1
-1
-3
-1
-1
-1
-2
-2
-2
-2
-3
-1
0
-1
-3
-4
-4
-5
-4
-2
-1
0
0
-2
-3
-1
-2
0
0
0
-1
-1
0
1
1
2
3
4
3
5
5
8
8
10
9
7
7
7
8
8
8
8
10
11
11
10
8
8
9
11
11
10
9
9
9
9
8
6
5
7
6
2
2
4
3
-1
0
3
1
-1
0
-1
-4
-2
0
-4
-7
-7
-6
-6
-6
-2
-4
-5
-1
-5
-6
-1
-5
-5
-1
-4
-2
0
0
0
2
0
-1
-1
-2
-3
-1
1
1
-1
-2
-2
0
-1
-1
-2
-1
-1
-2
-2
-4
-5
-6
-7
-9
-9
-8
-7
-7
-6
-6
-6
-5
-3
-4
-6
-6
-6
-6
-6
-5
-4
-5
-5
-5
-5
-5
-7
-6
-5
-4
-4
0
2
1
4
4
5
4
6
9
5
5
6
7
7
6
8
5
6
9
7
11
11
8
10
10
7
8
8
7
7
6
6
5
4
4
4
4
4
4
5
5
5
6
5
6
6
6
4
3
2
3
1
0
-1
-2
-3
-3
-3
-3
-3
-1
-2
1
1
0
0
1
2
2
3
1
-1
-2
-3
-3
-5
-2
-4
-3
-1
-7
-2
-8
-4
-5
-9
-6
-11
-10
-11
-14
-13
-16
-15
-14
-12
-13
-14
-17
-16
-14
-12
-10
-11
-12
-12
-12
-10
-9
-8
-6
-6
-5
-3
-3
0
1
0
2
3
1
2
4
5
9
11
11
12
15
15
15
18
17
17
18
17
15
16
16
16
14
14
14
14
13
11
11
13
13
10
8
7
6
5
2
1
1
-1
-3
-3
-3
0
-2
-4
-6
-4
-2
-4
-7
-6
-6
-5
-8
-9
-8
-8
-8
-6
-7
-7
-9
-9
-8
-6
-7
-6
-5
-5
-5
-6
-4
-4
-4
-3
-2
-3
-3
-3
-2
-2
0
0
0
0
1
2
3
3
2
0
0
-2
-1
-1
0
2
1
0
0
-1
1
5
4
3
5
6
5
3
3
7
9
7
3
3
5
5
5
4
5
4
5
5
4
5
4
5
5
5
4
2
2
1
-2
-2
-2
-1
-3
-5
-5
-3
-3
-5
-7
-5
-4
-4
-5
-5
-4
-3
-5
-5
-6
-6
-7
-8
-8
-8
-7
-6
-5
-5
-3
-3
-5
-3
-4
-5
0
-3
-2
2
-1
0
4
4
4
5
1
1
2
2
3
4
4
3
4
5
7
6
6
7
7
6
7
5
6
4
3
2
1
3
3
3
4
5
3
1
1
1
1
1
0
1
1
1
0
0
-1
-2
0
0
-1
-3
-3
0
2
-2
-1
2
4
3
1
2
3
3
3
2
1
0
-2
-4
-5
-4
-3
-4
-3
-3
-6
-4
-5
-7
-4
-5
-8
