-2
-1
-1
1
1
1
0
-2
-3
-1
2
5
5
2
0
-3
-6
-6
-4
-2
1
2
3
2
0
-4
-3
-3
0
5
6
5
5
3
0
-2
-1
1
3
1
-2
-3
-1
-1
-4
-3
0
2
1
0
0
0
1
2
4
3
0
2
2
4
0
-5
1
2
0
2
-2
-3
2
-5
-7
-4
-4
-2
2
0
1
1
-2
0
0
-3
-3
-3
0
1
-2
-1
1
2
3
2
0
3
4
-2
-4
-3
-2
-1
-3
-3
1
3
0
0
0
2
2
2
2
1
1
0
-1
0
0
0
1
1
-2
-2
-2
-1
1
0
0
0
1
-1
-3
-2
-2
-1
-2
-3
-2
-1
-1
-1
-1
1
2
-1
-3
-3
-4
-2
-1
1
4
4
4
5
-1
-3
1
0
-4
1
0
-2
0
-3
-4
1
-2
-2
4
5
3
3
1
0
-3
-2
3
2
1
5
4
-1
-1
2
1
1
3
3
3
4
3
0
-1
-1
2
3
5
5
3
1
-1
-3
-2
-2
0
4
5
3
1
-2
-3
-2
-1
-1
2
3
3
1
-1
-5
-5
-1
3
6
5
5
3
2
1
0
0
0
0
1
0
-1
-1
-2
-4
-2
0
0
0
4
1
-5
-3
0
-3
-4
0
3
-2
-3
-3
-3
-3
0
0
-1
1
3
2
-2
-3
-1
-3
-3
-3
-3
-1
-1
-1
0
0
0
-1
2
2
0
0
0
1
-2
-3
-3
-1
0
0
0
2
2
0
-2
-1
1
1
0
0
2
-1
-2
-4
-3
-1
1
0
0
4
5
3
1
2
0
0
4
2
-2
1
2
-1
-3
-1
-2
0
5
8
3
0
2
4
2
-4
-3
2
5
-1
-4
-1
1
0
0
3
6
5
4
3
1
-1
-2
-2
-1
-1
-1
3
3
-1
-2
0
2
0
-1
0
1
0
-2
-3
-1
0
1
3
2
1
1
1
0
-1
-2
0
1
2
1
1
1
1
2
-1
3
1
0
0
-2
2
2
0
-1
-2
3
5
4
1
-2
-3
-1
1
3
5
5
6
5
2
0
-1
0
2
5
4
2
-4
-5
-3
-1
1
2
0
-1
-4
-2
-2
-4
-2
0
5
5
0
-4
-3
-1
-3
0
4
0
-1
0
0
-4
-2
0
0
2
4
4
0
-1
-2
-3
-2
0
1
2
1
0
-2
-3
-4
-3
-2
-1
0
1
0
-3
-5
-4
-2
1
3
6
8
7
3
0
1
2
3
5
7
7
4
-1
-2
-1
1
2
5
4
1
-1
-3
-4
-3
-1
1
1
1
1
2
-1
-2
-3
0
2
0
1
1
1
-4
-6
-6
-2
0
1
2
-2
-6
-7
-5
-3
-2
-2
1
3
2
0
0
1
1
3
3
2
0
3
7
7
3
2
2
3
2
0
2
2
1
-1
-2
0
1
2
3
5
6
4
3
4
2
1
-2
0
2
1
-1
0
2
4
3
1
2
3
1
-2
-4
-3
-4
-4
-4
-3
-2
-1
1
-1
-3
-5
-4
-4
-2
0
1
3
5
1
-4
-4
-4
-4
-5
-1
-1
-3
-3
0
0
-2
0
5
7
3
-1
0
1
-2
-3
2
4
7
9
7
5
2
-2
-3
-3
-2
-3
3
5
3
1
1
-2
2
5
2
-1
1
1
-7
-8
-3
0
-1
4
10
6
0
-1
-2
-6
-5
0
4
6
6
5
1
-3
-4
-2
0
2
2
3
1
0
-1
-2
2
3
4
8
3
1
-5
-7
-6
-5
2
3
6
6
0
1
-5
-4
-4
-3
1
-1
2
1
-1
-1
-4
-5
-1
4
3
-1
-5
-6
-6
-3
-3
0
6
4
5
5
-1
-6
-4
-6
-2
-1
0
6
7
5
2
1
2
1
7
1
-6
-4
-2
-2
-5
-1
4
2
6
6
0
-2
-1
2
0
-4
-2
1
2
1
-2
-1
1
2
0
-1
-2
-3
-4
-3
-2
-2
1
4
0
-3
-4
-5
-5
-4
-1
-3
-4
-1
1
-1
0
3
4
-1
0
-1
-6
-6
1
5
1
5
5
2
-2
-4
-3
-4
-3
-2
-4
1
2
3
5
0
3
-1
-1
0
-3
4
2
4
6
1
6
5
3
4
2
0
-4
-4
-7
-4
0
0
4
7
5
0
1
1
-1
0
4
4
-1
1
3
2
3
4
5
2
4
2
-1
0
-5
0
5
3
9
4
2
2
-4
-1
-4
-2
0
1
5
0
2
1
0
-1
-3
-5
-2
1
-1
-5
-5
-7
-1
0
2
2
1
3
-6
-2
-5
-11
-5
-1
4
-1
1
4
-1
1
-1
-6
-10
-8
1
1
1
3
6
2
-5
-2
7
4
-1
0
2
0
-3
-4
-4
-2
3
6
7
6
1
-3
-5
-6
-3
4
6
6
5
2
-5
-6
-4
-3
0
5
3
1
5
2
-2
-1
4
6
8
8
2
-3
-6
-6
-5
-3
3
7
10
9
5
-1
-6
-8
-7
-2
2
5
7
1
-4
-10
-11
-8
-5
3
8
9
3
-5
-8
-9
-7
-4
2
10
11
4
-6
-11
-12
-9
-3
5
12
13
8
0
-8
-11
-8
-2
6
11
10
5
-3
-10
-11
-8
-2
6
12
15
10
2
-6
-11
-10
-3
5
9
8
4
-1
-5
-9
-9
-5
2
7
11
10
4
-4
-9
-8
-1
4
6
7
6
2
-7
-14
-10
-4
5
8
10
9
4
-1
-5
-7
-5
2
8
7
4
-1
-6
-7
-5
-1
3
6
6
2
-4
-10
-12
-8
-2
7
11
9
2
-4
-9
-10
-8
0
5
8
6
3
0
-6
-10
-9
-1
5
9
9
6
-2
-7
-8
-4
0
5
9
11
8
1
-6
-8
-7
-1
6
12
15
10
1
-7
-11
-8
-2
5
10
10
6
1
-5
-6
-4
3
6
10
11
5
-2
-9
-11
-7
0
6
9
11
7
-1
-11
-16
-14
-9
-2
4
7
4
-1
-6
-10
-9
-6
0
5
7
5
0
-5
-7
-6
-1
4
8
9
7
-1
-7
-11
-7
-3
3
10
12
10
6
-1
-6
-7
-6
0
7
10
10
7
0
-4
-4
1
5
9
10
7
5
0
-5
-7
-4
2
7
12
10
4
-2
-7
-7
-6
1
6
9
6
3
-3
-6
-6
-1
4
4
3
2
-2
-7
-8
-6
-6
-5
0
2
-2
-8
-8
-4
-2
-3
0
5
7
2
-2
-1
-2
-5
-3
1
3
4
1
-1
-4
-8
-5
1
2
2
3
5
4
0
-5
-4
0
3
6
6
6
3
-1
-2
-3
-3
-1
1
2
0
-1
-2
-3
-1
4
8
10
5
4
3
-2
-6
-5
1
7
7
5
2
-1
-5
-6
-3
1
4
4
3
-3
-7
-8
-4
0
7
8
6
1
-4
-9
-10
-5
1
7
10
7
3
-4
-8
-9
-7
-4
2
5
6
3
-4
-8
-8
-4
2
9
12
7
-1
-8
-13
-13
-7
1
9
12
9
1
-8
-14
-14
-7
2
9
12
10
3
-4
-9
-8
-4
5
12
14
10
2
-5
-9
-7
2
10
15
16
9
-1
-9
-13
-11
-3
8
16
17
11
0
-10
-14
-11
-3
6
12
12
5
-5
-12
-16
-10
-1
9
13
14
7
-2
-11
-14
-12
-6
6
14
13
5
-6
-16
-21
-15
-5
5
14
15
7
-3
-16
-19
-14
-3
10
17
16
7
-4
-14
-19
-14
-6
7
13
15
7
-6
-16
-18
-11
1
12
18
15
6
-5
-14
-15
-8
3
15
20
15
5
-8
-18
-16
-7
7
17
20
15
1
-13
-21
-18
-8
7
18
20
12
-1
-13
-21
-17
-6
8
21
23
14
0
-15
-23
-21
-10
2
13
17
11
-1
-13
-20
-18
-5
9
18
19
11
-3
-14
-19
-15
-4
11
20
20
10
-5
-18
-22
-15
0
12
19
18
9
-4
-14
-17
-12
0
14
19
17
6
-7
-14
-14
-7
4
15
19
17
7
-5
-12
-12
-4
5
15
16
12
3
-7
-14
-13
-6
4
11
12
7
-2
-11
-16
-14
-7
3
10
13
9
0
-8
-14
-12
-5
5
12
15
9
1
-8
-12
-11
-4
4
13
15
10
2
-6
-12
-10
-4
6
12
13
7
-2
-12
-14
-12
-4
4
9
9
6
-3
-10
-12
-7
0
4
6
4
-1
-8
-12
-13
-10
-3
3
9
8
0
-6
-7
-9
-5
1
8
11
8
3
-1
-4
-5
-2
3
6
6
0
-2
-4
-2
1
4
7
9
7
3
-1
-4
-3
1
6
8
7
3
-1
-3
-5
-4
0
3
4
4
2
0
-3
-2
0
2
6
6
3
-1
-4
-4
-2
2
4
5
5
3
0
-3
-4
-3
-2
2
4
4
1
-2
-4
-3
0
4
5
3
-1
-6
-8
-9
-5
-1
6
9
6
1
-6
-9
-7
-4
2
7
8
4
0
-5
-10
-9
0
6
9
10
5
-4
-9
-9
-7
-3
8
14
9
2
-5
-12
-15
-6
2
4
9
13
7
-6
-14
-11
-5
4
10
12
9
5
-4
-12
-13
-7
3
14
22
14
0
-8
-10
-12
-7
5
15
17
11
0
-12
-16
-13
-5
5
14
16
11
-2
-12
-18
-15
-3
12
19
15
7
-4
-17
-20
-10
1
12
20
20
8
-7
-15
-18
-14
-1
11
17
13
1
-13
-20
-21
-11
4
17
20
13
-1
-14
-21
-17
-6
11
21
23
15
2
-11
-18
-13
-1
14
24
23
12
-4
-17
-22
-16
-2
11
21
20
11
-5
-17
-21
-15
-3
13
20
18
6
-9
-20
-20
-13
0
14
22
19
7
-10
-22
-24
-14
1
17
23
19
7
-10
-20
-21
-12
4
16
22
16
3
-11
-20
-19
-9
4
15
18
11
0
-12
-21
-18
-8
5
17
20
12
-1
-14
-21
-20
-8
7
18
20
13
1
-10
-16
-14
-4
8
16
18
12
1
-11
-17
-12
-1
10
17
16
10
0
-9
-12
-8
-1
7
13
15
9
-2
-11
-14
-11
-3
3
10
12
7
0
-7
-12
-11
-5
3
10
10
6
-2
-10
-13
-10
-3
4
8
9
4
-1
-7
-11
-10
-4
2
8
10
7
1
-4
-9
-7
-4
4
12
11
6
-1
-8
-10
-9
-5
4
12
12
7
0
-5
-7
-8
-5
5
13
15
9
2
-3
-5
-7
-3
4
10
13
9
2
-4
-7
-6
-1
6
12
12
9
2
-5
-11
-11
-6
2
7
9
4
-2
-11
-14
-11
-3
5
10
9
7
1
-7
-13
-10
-1
9
14
12
4
-5
-10
-9
-5
2
10
14
11
3
-5
-11
-13
-10
-1
7
8
6
0
-5
-10
-10
-6
4
9
9
4
-3
-6
-8
-8
-4
3
9
11
3
-4
-8
-9
-8
-5
5
9
9
4
-1
-6
-8
-6
0
5
6
3
0
-7
-13
-14
-9
-1
6
8
4
-2
-9
-12
-10
-3
3
9
11
6
1
-4
-6
-4
1
8
11
10
5
-2
-8
-7
-2
4
10
13
9
2
-6
-9
-6
-2
3
4
4
0
-5
-8
-7
-3
3
7
8
6
2
-4
-7
-7
-2
5
9
9
2
-5
-10
-9
-4
3
8
10
7
4
-2
-6
-6
0
5
11
12
7
-1
-7
-11
-6
0
7
12
12
5
-3
-9
-10
-5
4
14
17
16
6
-4
-12
-13
-6
5
15
18
13
3
-8
-13
-12
-5
5
13
15
10
1
-10
-15
-14
-4
9
18
20
11
-2
-14
-18
-15
-3
10
18
17
6
-7
-17
-19
-12
2
13
20
15
3
-9
-18
-20
-10
2
14
17
13
1
-12
-20
-17
-8
6
14
19
12
1
-12
-20
-18
-7
5
17
17
11
0
-8
-13
-9
-1
8
14
13
5
-7
-17
-20
-14
-1
11
18
17
10
-1
-11
-15
-12
-2
9
16
14
6
-6
-13
-14
-8
1
11
14
8
0
-8
-15
-14
0
12
14
16
11
-1
-10
-12
-9
-2
8
14
12
5
-5
-13
-14
-9
-1
6
12
11
2
-5
-10
-11
-2
10
15
15
8
-4
-9
-14
-9
-2
6
11
10
4
-3
-10
-10
-6
1
7
8
7
-1
-7
-9
-10
-1
6
9
11
5
-2
-5
-5
-3
2
6
6
6
2
-1
-1
-1
2
5
7
3
0
0
-3
-2
3
6
8
9
5
-1
-4
-9
-7
2
4
5
8
-1
-4
-3
-7
-4
2
3
4
2
-5
-8
-9
-6
2
7
12
11
5
-3
-12
-14
-9
1
10
13
11
5
-3
-11
-10
-5
5
11
12
8
-2
-10
-13
-9
-2
9
13
10
3
-8
-16
-16
-6
5
15
18
12
0
-9
-15
-15
-8
2
9
13
7
-1
-12
-13
-9
4
14
19
14
4
-8
-18
-19
-11
1
13
18
13
2
-9
-16
-14
-6
4
11
14
10
-1
-10
-15
-10
2
13
20
16
5
-9
-18
-18
-10
4
16
22
18
6
-8
-19
-21
-13
1
13
19
16
4
-7
-13
-11
-3
8
15
17
7
-5
-16
-20
-13
-2
13
19
16
4
-11
-21
-25
-16
-3
10
18
17
8
-6
-15
-18
-11
2
13
18
13
1
-11
-17
-15
-6
6
15
17
10
-1
-13
-18
-15
-6
7
15
15
8
-1
-10
-11
-9
1
10
15
15
10
0
-8
-10
-7
-1
9
12
11
6
-2
-9
-11
-10
-3
4
9
10
7
3
-3
-6
-5
-1
3
6
6
4
0
-3
-5
-6
-4
-1
2
4
3
-1
-7
-11
-12
-10
-3
4
11
10
6
-4
-13
-15
-13
-3
8
16
18
13
2
-8
-15
-13
-4
9
17
17
8
-3
-15
-18
-15
-3
12
22
22
12
-5
-20
-24
-17
0
20
31
30
16
-6
-24
-28
-19
3
23
35
31
13
-11
-29
-33
-18
7
31
40
33
10
-17
-35
-36
-19
8
33
42
29
1
-29
-46
-42
-18
14
37
45
28
-2
-36
-52
-45
-17
20
46
49
29
-8
-38
-52
-38
-3
37
61
55
24
-23
-58
-68
-43
1
44
66
53
14
-37
-70
-71
-41
9
53
69
51
7
-39
-68
-62
-25
24
63
71
42
-8
-57
-80
-64
-18
38
74
76
41
-16
-63
-81
-60
-10
45
76
70
31
-21
-62
-71
-47
2
49
75
62
21
-31
-67
-69
-37
12
57
72
53
11
-36
-65
-60
-25
23
60
69
45
-1
-43
-65
-55
-22
22
56
64
43
3
-35
-52
-41
-9
26
47
45
21
-11
-39
-48
-35
-5
29
50
49
28
-7
-34
-44
-34
-7
24
43
42
23
-6
-33
-42
-35
-11
17
39
41
25
-4
-30
-42
-35
-12
18
40
44
29
2
-28
-44
-38
-13
18
43
48
32
1
-27
-43
-38
-13
21
46
53
37
3
-32
-52
-46
-16
21
52
57
34
-6
-42
-60
-48
-13
30
59
61
34
-10
-47
-66
-51
-10
34
63
59
25
-25
-62
-73
-46
1
50
74
63
21
-34
-71
-73
-41
12
57
76
57
11
-38
-68
-64
-28
22
59
64
38
-11
-56
-76
-60
-18
31
64
64
32
-15
-54
-66
-46
-3
41
64
55
22
-21
-51
-55
-31
10
46
58
41
5
-32
-49
-42
-11
24
49
51
31
-2
-32
-44
-32
-3
29
45
41
19
-7
-25
-25
-12
9
27
32
19
-3
-24
-31
-20
0
18
26
21
6
-7
-19
-18
-9
6
16
18
9
-4
-12
-13
-4
7
14
14
6
-5
-12
-11
-4
7
15
17
9
-3
-15
-19
-11
4
17
22
15
-2
-18
-24
-17
-1
18
27
23
6
-17
-34
-36
-23
3
28
37
27
5
-23
-39
-35
-13
16
38
40
21
-9
-35
-41
-28
5
36
53
44
13
-23
-46
-45
-18
20
52
58
37
-3
-41
-58
-47
-12
28
56
54
23
-22
-59
-69
-46
-3
39
60
49
13
-30
-59
-61
-33
10
48
59
40
-2
-42
-61
-51
-16
24
49
48
21
-19
-50
-57
-34
8
47
62
45
8
-30
-52
-45
-16
22
51
54
32
-3
-34
-49
-38
-7
26
44
40
16
-16
-38
-39
-21
6
30
36
24
2
-21
-32
-23
-2
21
33
31
13
-8
-24
-25
-12
7
23
28
20
1
-16
-25
-20
-4
12
22
20
8
-9
-22
-23
-14
2
14
19
15
2
-9
-14
-9
2
15
18
15
4
-8
-11
-8
0
7
12
7
-2
-12
-18
-15
-7
4
11
12
5
-5
-15
-16
-9
4
17
21
16
3
-9
-15
-16
-7
3
12
11
4
-8
-20
-22
-16
-4
7
11
6
-2
-9
-12
-8
1
11
16
13
4
-7
-13
-12
-3
8
16
16
7
-6
-18
-22
-17
-4
10
18
15
4
-10
-19
-17
-6
7
18
21
14
1
-12
-17
-11
2
15
20
15
1
-13
-18
-15
-2
12
19
16
3
-12
-23
-25
-14
2
17
22
17
0
-14
-21
-16
-2
14
24
23
12
-4
-16
-18
-9
6
18
21
11
-7
-23
-30
-23
-5
13
22
17
1
-18
-29
-26
-9
12
30
34
23
1
-19
-27
-20
1
25
36
32
12
-14
-35
-36
-22
2
23
30
19
-4
-25
-34
-24
-1
24
40
37
19
-6
-26
-29
-11
16
39
45
28
-2
-31
-45
-38
-14
14
34
35
16
-15
-41
-45
-26
7
37
48
35
8
-19
-34
-31
-11
19
39
40
19
-12
-36
-38
-21
8
33
38
25
-2
-28
-45
-39
-13
17
39
38
13
-21
-47
-51
-30
6
38
52
40
10
-24
-46
-41
-14
20
49
52
29
-9
-43
-56
-40
-4
32
49
37
3
-36
-60
-52
-22
21
53
58
34
-5
-39
-50
-29
12
52
70
55
17
-28
-57
-59
-33
7
38
48
29
-11
-51
-71
-58
-19
29
62
64
36
-7
-41
-50
-28
15
57
72
57
15
-32
-62
-61
-30
13
47
54
27
-16
-56
-72
-55
-12
33
62
61
29
-14
-46
-52
-29
12
51
66
50
11
-31
-57
-51
-22
16
46
48
27
-9
-43
-57
-44
-12
24
46
45
20
-15
-41
-46
-26
7
37
48
37
9
-20
-35
-30
-8
21
40
41
23
-7
-32
-38
-28
-3
22
34
30
9
-15
-32
-33
-19
5
21
28
20
3
-13
-19
-12
2
18
25
23
12
-3
-14
-15
-10
1
10
9
2
-8
-18
-21
-18
-10
0
6
7
3
-2
-5
-4
4
11
15
15
8
1
-3
-3
1
3
2
-1
-6
-11
-13
-11
-4
3
8
8
2
-5
-7
-6
2
12
18
19
11
0
-11
-16
-11
-1
10
15
11
-1
-15
-24
-23
-12
4
16
18
11
-2
-14
-18
-13
-1
14
22
22
14
-2
-17
-23
-16
-1
16
24
20
7
-9
-21
-22
-11
7
22
27
18
2
-16
-22
-18
-3
12
21
21
10
-5
-19
-23
-16
-1
16
26
23
11
-5
-16
-18
-12
1
14
19
15
4
-9
-19
-21
-13
0
10
16
13
2
-9
-16
-15
-6
7
18
23
17
6
-6
-14
-15
-8
3
12
16
10
1
-10
-17
-16
-9
3
12
15
11
1
-11
-17
-15
-5
8
19
23
17
6
-8
-17
-19
-12
1
12
17
15
4
-11
-22
-24
-15
2
19
27
22
6
-15
-26
-23
-12
8
21
23
13
-5
-22
-31
-29
-12
8
23
25
13
-7
-23
-27
-17
1
21
31
29
14
-8
-26
-31
-20
1
24
33
25
3
-21
-36
-33
-14
12
33
40
27
1
-24
-37
-29
-7
20
39
38
21
-8
-30
-37
-26
-2
22
36
33
13
-13
-31
-35
-19
5
29
40
30
10
-16
-33
-33
-18
7
27
32
19
-6
-26
-35
-24
-3
19
30
29
14
-7
-21
-21
-11
6
23
28
21
3
-14
-26
-23
-11
6
16
16
6
-9
-18
-20
-10
6
21
27
22
12
0
-7
-7
1
10
15
11
2
-12
-20
-20
-13
-2
6
6
3
-6
-13
-14
-7
5
16
21
18
11
1
-3
-2
3
11
15
11
1
-11
-18
-20
-15
-5
2
5
2
-8
-13
-13
-4
7
18
25
22
15
4
-8
-8
1
12
22
19
2
-9
-18
-29
-22
-9
7
17
11
-3
-16
-25
-23
-7
13
27
26
16
1
-12
-20
-17
-2
15
23
18
-2
-22
-31
-28
-16
4
16
18
11
-4
-18
-21
-17
2
21
31
29
15
-7
-20
-22
-11
8
22
24
20
3
-14
-23
-22
-6
19
25
24
12
-10
-21
-23
-16
6
20
25
24
5
-15
-25
-27
-7
19
28
26
10
-11
-20
-23
-15
6
22
27
22
3
-15
-23
-27
-12
11
20
21
6
-16
-22
-28
-17
0
16
29
20
7
-9
-19
-14
-4
18
24
19
12
-7
-26
-21
-15
-6
16
14
7
6
-22
-27
-15
-7
14
22
21
19
-2
-20
-11
-4
-5
18
24
11
3
-14
-19
-15
-15
6
16
8
13
2
-13
-9
-8
-1
17
21
18
13
-2
-11
-14
-17
-1
8
13
16
4
-13
-20
-19
-11
0
18
26
17
10
0
-19
-22
-9
6
16
19
7
-9
-25
-29
-18
-10
4
15
10
8
-4
-9
-7
-8
3
18
22
22
15
-3
-14
-12
-11
1
16
9
8
-2
-24
-28
-26
-15
3
14
23
11
-2
-11
-13
-2
5
26
34
16
11
-7
-18
-15
-20
6
17
8
13
0
-20
-21
-19
-7
11
17
16
15
-5
-11
-4
-11
3
16
21
16
0
-7
-15
-14
-10
-1
17
9
5
9
-12
-11
-4
-3
8
11
12
5
-9
-15
-19
-11
1
8
14
11
3
-16
-14
-3
-2
15
21
7
11
0
-16
-8
-11
0
15
7
6
-6
-30
-30
-17
-6
7
18
10
1
-7
-14
-6
1
15
32
23
9
5
-9
-20
0
0
8
13
-5
-6
-21
-31
-19
-10
8
17
13
6
-1
-17
-13
4
14
28
36
32
-1
-21
-18
-26
-12
26
37
27
0
-28
-19
-37
-27
17
19
29
13
0
-12
-41
-20
19
36
32
28
5
-28
-43
-35
0
11
22
39
22
-15
-32
-32
-31
-13
32
57
40
8
-22
-34
-38
-32
9
36
30
27
-2
-34
-44
-39
0
41
48
45
8
-30
-43
-46
-12
21
31
48
41
-17
-65
-66
-38
0
21
62
52
-13
-36
-71
-63
-5
35
94
93
46
-1
-55
-66
-49
20
73
78
74
6
-39
-81
-105
-18
37
64
82
37
-21
-94
-108
-44
25
66
102
95
0
-55
-84
-102
-41
32
86
102
48
-22
-85
-124
-79
7
83
133
94
18
-36
-87
-87
-30
48
98
96
71
-17
-87
-120
-117
-1
75
79
90
13
-83
-103
-105
-32
50
84
120
73
-1
-56
-112
-77
8
47
96
110
16
-46
-74
-84
-50
2
83
70
26
24
-42
-70
-34
-9
37
57
44
42
-13
-58
-57
-42
5
32
50
30
-24
-57
-70
-22
11
23
57
27
-6
-21
-36
-16
-16
5
60
44
5
3
-30
-61
-13
30
66
59
-10
-16
-37
-61
-12
11
36
57
31
11
-38
-57
-37
-14
41
60
58
0
-60
-61
-75
-19
37
50
61
36
-32
-71
-42
-34
11
71
81
42
-19
-20
-58
-77
-1
53
68
80
32
-51
-66
-48
-39
16
82
81
55
6
-80
-80
-42
-34
43
113
72
3
-53
-87
-84
-62
22
104
97
43
-26
-82
-90
-74
-24
116
134
49
59
-54
-134
-58
-24
61
104
79
86
-20
-138
-112
-42
-12
60
145
69
-20
-57
-111
-74
-57
8
122
78
47
-2
-88
-83
-73
-35
75
113
37
19
-7
-106
-93
-24
17
60
95
73
-7
-44
-81
-58
13
15
80
75
-4
-20
-53
-50
-27
-1
41
49
22
-12
-13
-56
-49
15
-16
14
27
3
18
-28
-40
-26
-12
15
22
22
-1
-7
4
8
10
3
15
28
-16
-15
43
8
9
60
3
-43
-21
-6
24
34
41
51
-7
-44
-40
-53
-33
7
44
66
23
-10
-18
-75
-90
-21
36
71
84
41
-15
-70
-111
-61
31
83
97
76
18
-63
-141
-111
-10
57
123
119
61
-23
-124
-131
-106
-26
72
108
140
32
-79
-109
-163
-97
16
111
136
83
32
-101
-152
-122
-35
112
134
141
97
-41
-113
-159
-95
74
107
127
170
30
-100
-112
-117
-63
33
130
143
76
-12
-134
-134
-115
-38
95
100
88
10
-44
-95
-153
-38
56
60
94
113
-6
-99
-79
-83
-18
87
100
75
49
-34
-135
-49
16
1
101
104
32
-33
-72
-54
-43
-3
73
113
-6
-32
-9
-99
-49
21
48
63
26
-5
-38
-60
-62
-22
45
43
43
41
-48
-67
-78
-35
79
43
69
66
-61
-58
-58
-33
37
39
61
52
-11
-37
-53
-54
-6
37
68
97
15
-48
-38
-76
-23
38
49
78
7
-16
-39
-85
-36
-20
53
83
17
38
-16
-92
-68
-21
54
71
51
33
-26
-77
-53
10
15
24
46
50
0
-54
-30
-59
-16
79
49
60
3
-100
-54
-42
-36
35
65
52
-2
-59
-56
-62
-57
52
70
9
41
18
-64
-88
-57
11
70
63
77
58
-76
-118
-56
9
69
98
100
5
-48
-58
-104
-4
15
24
128
63
1
-69
-121
-82
-40
54
106
81
-7
-70
-78
-106
-70
55
124
53
39
54
-86
-121
-61
11
87
68
138
99
-104
-124
-67
-32
64
116
133
81
-68
-95
-103
-104
2
94
137
66
-12
-61
-98
-109
-82
45
109
123
97
-30
-135
-177
-79
98
146
108
95
23
-125
-129
-53
-19
39
113
189
77
-98
-125
-129
-68
23
127
168
72
1
-120
-178
-87
-15
83
123
83
43
-54
-111
-106
-55
32
99
124
93
55
-115
-196
-11
17
32
128
94
73
-82
-161
-34
-49
9
118
91
45
-17
-85
-127
-96
-14
97
125
29
-9
-50
-112
-85
1
76
92
48
-3
-47
-82
-54
-13
15
67
87
15
-44
-57
-85
-31
48
48
56
55
-43
-82
-50
-41
21
29
64
83
3
-28
-112
-92
14
48
116
102
50
-80
-144
-52
-42
64
117
93
44
-72
-35
-107
-92
-8
34
189
69
27
-17
-214
-110
-18
82
175
99
68
-85
-142
-79
-84
91
110
113
130
-71
-58
-111
-114
34
59
162
121
56
-52
-178
-84
-62
50
122
94
101
-63
-98
-93
-86
-17
29
191
119
41
-48
-230
-93
-44
58
198
66
71
-25
-146
-90
-88
50
101
63
99
4
-69
-138
-150
-57
19
130
150
99
-59
-230
-158
-74
30
130
89
74
-19
-109
-100
-70
-53
-10
155
154
60
4
-152
-154
-88
26
176
112
74
10
-95
-100
-82
24
67
77
86
46
22
-80
-118
-61
3
70
114
121
29
-82
-108
-59
-21
25
110
106
5
-54
-31
-30
-68
-62
40
122
73
20
0
-89
-120
9
79
50
44
37
-13
-76
-51
19
15
-19
7
22
16
-15
-41
22
-19
-18
65
25
1
-47
-23
-8
-16
54
38
6
-55
-86
5
26
-15
52
58
-10
-17
-53
-37
-35
-1
83
62
2
-29
-19
-83
-91
-8
71
112
26
9
-15
-130
-97
10
44
53
63
46
29
-44
-125
-68
7
55
132
121
18
-78
-79
-34
-52
-4
70
103
78
-12
-27
-91
-128
-18
74
143
63
6
56
-90
-148
-59
11
109
108
99
27
-129
-110
-33
14
33
40
92
38
-42
-63
-54
-50
-44
100
141
12
-27
-51
-55
-54
-27
60
50
10
-3
23
-24
-127
-27
54
24
27
27
27
-52
-84
-9
19
16
22
59
39
-44
-44
-25
-26
0
45
85
9
-64
-43
-47
-25
28
42
33
-25
-29
15
-15
-27
-13
11
52
26
-20
-13
-45
-87
12
91
46
2
-39
-51
-39
-45
-4
24
6
7
17
16
-45
-78
-13
-6
-6
53
64
-9
-86
-59
-15
-27
27
84
50
-17
-38
-18
-34
-51
-2
55
49
18
31
-10
-81
-55
-5
55
71
29
16
-40
-77
-27
16
27
39
40
45
29
-47
-53
-17
-6
55
91
66
8
-40
-46
-31
16
66
93
59
-13
-1
12
-23
4
35
43
62
54
45
9
-56
-32
25
65
96
72
16
-41
-45
3
29
37
28
37
22
-20
-15
-17
-32
-11
17
44
38
-35
-63
-66
-78
-9
59
44
-23
-62
-66
-73
-44
-6
21
10
-26
-25
-36
-59
-68
-37
12
28
55
27
-44
-105
-101
-16
23
59
63
8
-30
-71
-72
-34
-13
0
36
54
11
-34
-67
-78
-63
-20
70
87
31
-4
-68
-97
-67
-18
61
64
25
19
-4
-18
-50
-50
-18
10
85
78
34
-15
-89
-48
-14
25
77
67
54
2
-13
-20
-29
23
23
44
62
33
30
-25
-58
-24
13
64
65
42
17
-29
-32
-15
20
42
22
18
22
16
-12
-27
-24
-1
20
31
46
3
-26
-22
-6
11
3
24
25
-6
-23
-22
-11
-15
-8
15
12
-4
1
-6
-35
-31
6
16
-2
6
6
-27
-44
-35
-14
9
8
-4
-15
-43
-43
-18
-16
-21
-12
-9
-7
-22
-47
-45
-37
-36
-12
3
-15
-41
-65
-73
-60
-43
-25
-19
-51
-74
-73
-76
-100
-96
-60
-53
-49
-65
-78
-97
-112
-97
-74
-36
-61
-47
-57
-118
-98
-106
-71
-8
-2
10
-2
-34
-43
-20
1
31
89
124
108
107
104
68
97
148
195
261
258
222
223
190
166
213
255
284
297
280
278
257
203
193
218
239
280
303
284
251
207
181
185
193
237
290
282
256
245
227
201
201
244
278
268
261
271
242
177
142
155
157
151
166
148
76
4
-29
-47
-64
-71
-81
-107
-125
-172
-236
-255
-280
-310
-314
-338
-353
-354
-403
-450
-508
-594
-620
-633
-699
-760
-820
-921
-1035
-1136
-1233
-1338
-1432
-1461
-1445
-1442
-1481
-1520
-1542
-1527
-1454
-1303
-1115
-985
-818
-614
-472
-297
-104
121
344
545
827
1027
1164
1278
1321
1419
1475
1571
1671
1668
1646
1548
1474
1346
1192
1103
1005
936
844
754
627
463
319
203
163
170
189
194
183
169
170
202
248
320
423
538
619
688
757
789
795
844
931
988
990
988
999
934
847
813
782
725
624
578
532
389
260
173
93
5
-54
-71
-199
-415
-497
-525
-623
-684
-672
-728
-937
-1124
-1222
-1372
-1520
-1619
-1717
-1840
-2072
-2309
-2478
-2759
-2973
-2909
-2782
-2735
-2783
-2809
-2814
-2809
-2601
-2174
-1688
-1359
-1068
-684
-396
-152
208
654
1067
1442
1904
2270
2347
2297
2290
2341
2407
2526
2653
2559
2224
1864
1591
1322
1024
798
665
483
199
-78
-334
-659
-965
-1054
-957
-863
-819
-791
-826
-914
-893
-673
-339
-32
195
398
589
713
837
1037
1208
1334
1515
1736
1819
1703
1586
1442
1245
1177
1231
1234
1012
690
465
229
-4
-105
-149
-226
-363
-462
-494
-616
-804
-843
-749
-676
-545
-363
-314
-350
-372
-261
-3
195
400
615
642
634
728
788
812
887
1010
1063
1017
984
890
683
450
346
376
314
203
88
-142
-441
-653
-810
-996
-1207
-1436
-1561
-1706
-1976
-2202
-2474
-2813
-3037
-3091
-3025
-2953
-2935
-2891
-2899
-2947
-2821
-2471
-2024
-1603
-1132
-711
-463
-209
145
575
985
1402
1857
2169
2326
2399
2419
2376
2329
2421
2532
2500
2294
1965
1625
1214
834
684
581
367
127
-112
-416
-798
-1084
-1154
-1147
-1114
-1006
-900
-879
-934
-892
-680
-459
-215
144
447
619
753
879
1020
1141
1295
1488
1619
1644
1554
1466
1330
1157
1112
1141
1086
892
699
557
329
64
-42
-38
-117
-215
-246
-275
-365
-467
-429
-267
-172
-95
96
229
214
267
454
668
819
961
1194
1311
1207
1179
1259
1268
1266
1316
1349
1227
925
715
597
394
198
77
-109
-484
-903
-1248
-1564
-1908
-2172
-2343
-2662
-3133
-3652
-3973
-4140
-4262
-4098
-3928
-4003
-4130
-4077
-3735
-3262
-2744
-2113
-1551
-1222
-828
-250
286
717
1181
1729
2222
2544
2793
2959
2774
2570
2677
2827
2804
2533
2179
1728
1160
725
533
350
-95
-494
-693
-940
-1242
-1472
-1619
-1717
-1680
-1438
-1100
-919
-910
-833
-621
-279
216
742
1152
1453
1679
1870
2045
2173
2293
2447
2579
2646
2665
2453
2050
1696
1439
1316
1180
1003
781
302
-170
-462
-663
-730
-752
-724
-716
-865
-991
-963
-880
-783
-590
-350
-126
63
150
184
219
325
578
902
1166
1254
1170
1078
1095
1174
1248
1315
1342
1270
1135
1024
902
692
500
451
447
331
140
-48
-289
-578
-752
-805
-973
-1278
-1584
-1836
-2071
-2316
-2518
-2733
-3059
-3434
-3640
-3718
-3781
-3676
-3511
-3458
-3491
-3511
-3260
-2814
-2281
-1651
-1137
-758
-459
-102
429
978
1510
1985
2358
2630
2769
2823
2799
2707
2641
2678
2728
2576
2125
1590
1074
587
297
188
69
-239
-649
-956
-1158
-1388
-1500
-1343
-1182
-1036
-857
-636
-450
-473
-365
-14
363
768
1166
1495
1664
1635
1584
1656
1798
1965
2139
2155
1982
1656
1248
936
727
615
554
410
218
-80
-500
-821
-951
-954
-830
-690
-650
-689
-805
-815
-622
-428
-177
135
331
429
527
662
716
751
985
1272
1378
1367
1367
1312
1157
1163
1390
1469
1308
1139
1039
864
632
610
674
529
318
232
116
-194
-469
-594
-798
-1090
-1269
-1395
-1690
-2075
-2361
-2574
-2936
-3370
-3572
-3701
-3849
-3783
-3595
-3569
-3770
-3872
-3565
-3042
-2489
-1913
-1452
-1218
-1034
-652
-46
554
988
1403
1798
2052
2266
2368
2325
2306
2337
2505
2620
2330
1783
1284
872
507
319
328
170
-341
-826
-999
-1121
-1340
-1315
-1013
-873
-880
-749
-502
-414
-428
-51
618
1006
1160
1399
1585
1533
1580
1988
2411
2479
2290
2116
1962
1765
1611
1541
1411
1077
779
593
311
-7
-267
-503
-698
-717
-594
-586
-824
-1132
-1227
-1037
-707
-441
-313
-282
-300
-210
97
425
568
601
713
966
1183
1243
1271
1296
1224
1184
1357
1574
1517
1233
1087
1126
1037
863
828
756
498
299
330
346
37
-370
-484
-517
-642
-734
-833
-1139
-1654
-1941
-1932
-2014
-2225
-2454
-2758
-3180
-3498
-3557
-3540
-3566
-3496
-3263
-3154
-3259
-3268
-3020
-2568
-2030
-1372
-721
-433
-349
-81
430
1018
1550
2007
2334
2446
2444
2476
2432
2327
2305
2352
2265
1966
1543
1048
591
158
-98
-104
-228
-590
-946
-1157
-1350
-1520
-1415
-1069
-858
-841
-663
-338
-177
-138
109
565
878
1068
1404
1657
1598
1525
1709
2024
2130
1981
1875
1773
1552
1412
1370
1223
941
637
409
213
-9
-203
-397
-622
-750
-715
-664
-784
-976
-990
-829
-652
-446
-189
-71
-140
-109
164
428
554
724
958
1049
997
1000
1040
988
929
1004
1103
1059
900
736
592
486
484
571
632
575
374
145
43
62
57
9
14
16
-124
-298
-379
-494
-710
-899
-935
-928
-1138
-1516
-1836
-2186
-2615
-2916
-3043
-3155
-3321
-3396
-3314
-3343
-3596
-3713
-3432
-2906
-2338
-1770
-1339
-1210
-1135
-710
-8
615
1105
1552
1851
1973
2119
2284
2240
2091
2176
2405
2394
2081
1679
1270
815
441
353
370
165
-224
-579
-806
-976
-1091
-1017
-892
-851
-708
-513
-417
-352
-286
-106
268
675
1035
1259
1255
1179
1218
1428
1774
2090
2189
1973
1586
1361
1352
1351
1280
1196
1049
747
424
267
146
-132
-394
-369
-197
-229
-470
-662
-755
-802
-685
-356
-110
-173
-341
-329
-173
-6
178
363
451
458
503
612
688
676
610
591
701
846
840
705
599
552
558
708
896
838
591
505
579
542
464
538
573
360
129
85
-5
-285
-484
-497
-610
-892
-1157
-1376
-1684
-2055
-2329
-2562
-2874
-3222
-3475
-3722
-3945
-3836
-3652
-3682
-3769
-3778
-3512
-3064
-2539
-1875
-1384
-1190
-941
-427
256
843
1299
1692
1942
2156
2482
2775
2825
2675
2600
2703
2695
2386
2067
1792
1340
897
738
715
391
-174
-526
-682
-890
-1104
-1095
-971
-1008
-1039
-819
-547
-509
-573
-319
177
542
809
1079
1249
1202
1173
1415
1785
2124
2257
2175
1981
1763
1591
1438
1413
1452
1347
1059
702
416
98
-257
-422
-333
-197
-284
-509
-753
-1038
-1192
-1099
-803
-518
-510
-598
-607
-661
-696
-558
-212
169
319
358
426
368
261
325
592
893
1039
1040
1013
906
793
839
920
1028
1170
1206
1065
834
702
572
377
376
551
537
235
-59
-263
-536
-768
-741
-655
-820
-1184
-1530
-1822
-2120
-2310
-2328
-2401
-2713
-3139
-3483
-3702
-3797
-3646
-3291
-3075
-3054
-3121
-3122
-2821
-2277
-1562
-886
-513
-229
69
418
957
1519
1951
2272
2497
2660
2738
2687
2521
2322
2276
2348
2199
1830
1423
886
338
37
-18
-67
-341
-702
-975
-1235
-1398
-1346
-1238
-1157
-1004
-734
-466
-308
-189
5
306
709
1149
1520
1713
1729
1715
1785
1965
2221
2445
2495
2334
2068
1800
1555
1384
1359
1320
1101
676
230
-50
-309
-587
-736
-698
-656
-874
-1153
-1229
-1275
-1374
-1297
-925
-604
-688
-833
-678
-491
-417
-199
230
535
495
467
620
689
760
958
1163
1245
1181
1106
1026
892
832
873
856
847
853
668
376
171
92
78
51
83
38
-270
-552
-592
-580
-613
-653
-636
-675
-937
-1230
-1350
-1450
-1627
-1755
-1823
-2042
-2474
-2853
-3098
-3351
-3473
-3242
-2899
-2865
-3090
-3219
-3145
-2883
-2335
-1578
-947
-659
-568
-400
-21
546
1124
1566
1951
2268
2400
2415
2398
2356
2336
2368
2468
2500
2252
1774
1220
705
431
466
538
382
45
-298
-641
-944
-997
-793
-578
-428
-248
-103
-82
-66
88
379
778
1236
1615
1807
1811
1701
1628
1722
1952
2194
2316
2202
1834
1359
965
776
760
692
429
107
-163
-500
-916
-1213
-1278
-1229
-1163
-1073
-1014
-1112
-1375
-1549
-1343
-828
-369
-176
-152
-127
-125
-162
-20
344
652
733
694
747
821
667
458
521
718
804
803
793
685
356
0
-36
219
421
397
243
42
-189
-307
-175
58
170
173
169
143
63
-1
-13
2
78
208
219
-15
-381
-715
-978
-1158
-1261
-1426
-1815
-2367
-2887
-3329
-3704
-3850
-3651
-3368
-3358
-3584
-3767
-3764
-3540
-2979
-2115
-1320
-865
-646
-397
58
681
1371
2054
2598
2982
3271
3386
3327
3256
3239
3241
3193
3061
2868
2492
1798
1055
660
549
385
96
-148
-486
-1116
-1591
-1570
-1450
-1418
-1261
-992
-818
-791
-645
-356
-163
168
749
1249
1673
2011
2074
1995
2009
2231
2508
2606
2634
2566
2176
1706
1505
1410
1100
596
183
-106
-505
-979
-1331
-1617
-1962
-2393
-2715
-2686
-2561
-2474
-2061
-1511
-1281
-1364
-1480
-1154
-325
535
1198
1546
1498
1194
921
1200
1906
2209
2086
1953
1714
1372
1147
980
782
722
812
722
432
212
-76
-586
-807
-395
98
129
-28
-93
-312
-585
-377
240
599
533
420
354
127
-132
-149
-101
-332
-725
-999
-1275
-1746
-2247
-2590
-2928
-3374
-3792
-4153
-4530
-4701
-4388
-3853
-3713
-4039
-4187
-3782
-3066
-2158
-1072
-217
-14
-76
339
1218
2145
2840
3097
3201
3416
3521
3607
3670
3404
3069
2959
2924
2698
2264
1885
1263
308
-32
265
255
-169
-596
-849
-1123
-1436
-1300
-876
-724
-657
-460
-238
31
347
584
726
991
1466
1870
2127
2379
2431
2176
2020
2223
2428
2306
2040
1803
1416
815
302
104
-55
-525
-1091
-1405
-1697
-2242
-2597
-2310
-1822
-1818
-2195
-2408
-2252
-1849
-1283
-657
-200
-67
-155
-122
272
823
1105
1091
1120
1279
1369
1312
1174
1006
843
734
715
803
853
606
91
-262
-205
9
148
241
236
40
-133
-62
134
325
543
680
632
575
635
615
490
513
671
635
362
123
-56
-402
-885
-1205
-1315
-1497
-1907
-2388
-2794
-3205
-3675
-4017
-4133
-4212
-4312
-4205
-3856
-3594
-3612
-3633
-3311
-2643
-1833
-1081
-465
41
423
756
1235
1927
2602
2932
3087
3387
3560
3493
3412
3331
3280
3117
2765
2558
2332
1824
1298
946
749
442
25
-76
-175
-571
-790
-840
-960
-996
-825
-494
-348
-421
-306
-110
-15
235
622
885
1005
1128
1289
1395
1480
1610
1684
1662
1598
1512
1451
1412
1274
998
692
378
1
-314
-437
-546
-826
-1137
-1402
-1752
-2141
-2379
-2310
-1870
-1212
-695
-681
-1139
-1558
-1552
-979
62
933
1193
997
513
101
221
749
1242
1455
1445
1357
1181
914
619
361
306
460
600
702
828
735
223
-353
-482
-177
241
597
767
614
173
-280
-437
-210
216
487
419
183
-75
-405
-754
-938
-925
-980
-1188
-1293
-1420
-1835
-2320
-2690
-2922
-2967
-2975
-3052
-3211
-3512
-3718
-3545
-3104
-2667
-2435
-2330
-2134
-1766
-1252
-603
73
571
870
1085
1436
1944
2361
2659
2823
2913
2997
2994
3016
3005
2888
2686
2305
1990
1921
1969
1866
1460
992
574
169
-118
-97
22
-65
-345
-642
-792
-900
-845
-617
-430
-294
-215
-135
-70
18
155
244
348
563
822
988
1055
1057
950
733
597
705
934
1018
823
502
239
15
-177
-211
-108
-128
-394
-622
-608
-613
-680
-742
-797
-744
-714
-632
-452
-365
-334
-395
-481
-468
-388
-205
-35
55
31
-89
-97
-21
13
60
176
309
374
362
378
498
555
549
646
772
846
832
772
789
777
670
611
584
547
486
340
193
46
-137
-274
-418
-600
-749
-890
-1004
-1077
-1221
-1440
-1626
-1834
-2054
-2166
-2138
-2058
-2176
-2402
-2546
-2766
-2946
-2835
-2461
-2000
-1738
-1707
-1700
-1730
-1618
-1149
-504
112
517
695
801
868
1052
1457
1844
2057
2170
2259
2370
2352
2195
2139
2114
2010
1862
1760
1824
1791
1500
1204
1009
886
758
622
577
504
238
-16
-102
-78
-27
-137
-251
-256
-337
-436
-453
-340
-180
-151
-222
-212
-149
-151
-155
-112
24
148
193
245
235
157
60
13
149
373
484
438
285
148
65
5
57
171
232
258
208
122
33
-60
-82
-89
-87
-73
-122
-167
-200
-275
-359
-402
-404
-376
-285
-116
33
17
-61
-45
-28
15
228
479
567
506
392
319
314
374
463
502
453
337
199
75
33
20
-20
-111
-255
-371
-469
-549
-619
-699
-754
-818
-852
-847
-884
-981
-1089
-1165
-1204
-1212
-1255
-1386
-1620
-1862
-2002
-2151
-2197
-1980
-1675
-1455
-1492
-1698
-1777
-1707
-1410
-857
-304
54
176
175
283
589
997
1442
1776
1979
2164
2216
2271
2377
2443
2512
2402
2270
2263
2205
2044
1763
1491
1325
1149
932
731
556
321
39
-202
-374
-489
-585
-672
-709
-724
-794
-926
-1002
-945
-816
-694
-608
-533
-461
-398
-342
-271
-189
-106
3
139
259
359
441
456
405
383
449
565
685
753
714
594
503
506
551
636
710
697
584
436
357
281
220
233
274
279
170
3
-159
-239
-186
-111
-111
-162
-213
-290
-382
-375
-259
-180
-185
-161
-84
-60
-131
-192
-179
-153
-111
-41
5
-27
-153
-299
-374
-360
-255
-130
-103
-145
-192
-286
-389
-374
-221
-64
-6
-4
-32
-108
-225
-339
-379
-372
-384
-426
-539
-754
-1084
-1502
-1796
-1852
-1771
-1629
-1538
-1606
-1801
-1984
-1977
-1755
-1431
-1039
-684
-487
-352
-144
191
573
865
1091
1343
1607
1831
2019
2209
2364
2337
2143
1984
1921
1906
1790
1627
1465
1257
1003
721
541
376
229
99
-143
-337
-472
-550
-621
-741
-779
-787
-866
-916
-832
-682
-555
-481
-415
-333
-277
-223
-126
30
187
254
268
348
486
602
709
821
861
759
630
647
729
739
715
719
729
653
507
415
423
436
441
490
449
307
130
16
35
27
-33
-88
-167
-274
-386
-491
-583
-664
-737
-755
-750
-755
-745
-795
-877
-853
-768
-683
-562
-460
-406
-379
-345
-252
-141
-47
79
227
338
369
363
383
409
428
515
646
657
514
370
331
334
329
352
371
301
153
-15
-178
-324
-451
-567
-674
-824
-1069
-1448
-1852
-2099
-2153
-2054
-1912
-1892
-1991
-2122
-2199
-2064
-1711
-1315
-985
-759
-605
-418
-130
255
639
891
1050
1220
1427
1621
1783
1920
1996
1921
1721
1585
1562
1533
1398
1175
1004
832
591
395
298
282
181
-9
-129
-224
-295
-296
-232
-144
-161
-294
-395
-375
-282
-86
126
213
162
48
32
109
250
413
529
576
538
504
516
533
539
531
518
550
607
555
460
414
366
335
358
435
496
458
371
276
146
61
39
5
-7
-17
-130
-332
-505
-596
-645
-720
-769
-749
-762
-859
-979
-1084
-1099
-1023
-919
-787
-676
-636
-596
-524
-414
-214
34
242
371
460
544
607
680
788
878
922
943
950
936
893
815
707
593
499
443
420
417
350
188
-27
-219
-378
-530
-634
-707
-802
-993
-1273
-1561
-1813
-2007
-2136
-2061
-1874
-1811
-1881
-2021
-2097
-2044
-1840
-1506
-1166
-918
-781
-706
-561
-255
150
529
790
921
967
1012
1141
1364
1626
1812
1818
1660
1446
1286
1211
1177
1160
1133
1038
873
683
535
472
412
318
248
206
206
219
196
173
139
65
42
94
168
248
254
157
40
-18
9
90
175
251
248
111
-31
-77
-45
74
209
272
283
269
245
238
255
313
417
494
481
419
400
408
390
353
310
253
152
-11
-149
-213
-301
-435
-541
-613
-658
-707
-810
-908
-956
-987
-955
-852
-739
-625
-562
-571
-542
-435
-266
-44
165
300
352
368
407
470
569
725
866
902
850
788
735
686
677
719
740
675
535
368
218
123
95
96
71
-13
-182
-414
-625
-775
-881
-958
-1054
-1228
-1469
-1738
-1984
-2100
-2052
-1942
-1864
-1828
-1809
-1805
-1795
-1710
-1549
-1342
-1112
-877
-645
-392
-142
39
125
213
390
617
846
1073
1262
1369
1348
1235
1174
1210
1263
1276
1252
1209
1132
984
834
795
827
827
783
716
625
508
409
376
375
364
343
296
232
168
117
112
113
59
23
69
127
142
125
87
48
37
67
138
201
218
204
191
215
295
385
429
428
390
341
354
431
514
549
527
456
348
221
122
56
-13
-106
-217
-333
-463
-600
-695
-748
-802
-863
-909
-913
-872
-812
-728
-634
-564
-501
-401
-255
-83
87
229
319
376
433
493
560
635
693
703
675
657
633
573
525
481
393
300
222
155
129
116
96
58
-19
-122
-245
-391
-496
-538
-570
-654
-810
-1036
-1329
-1647
-1883
-1954
-1887
-1789
-1759
-1820
-1946
-2051
-2045
-1907
-1658
-1379
-1149
-974
-847
-699
-431
-100
173
405
619
781
933
1104
1264
1402
1469
1452
1423
1432
1468
1475
1422
1344
1245
1146
1093
1068
1057
1007
867
704
576
495
500
546
543
459
301
129
15
-26
-1
57
81
10
-133
-247
-271
-221
-135
-49
-1
6
3
28
91
180
277
336
365
405
487
573
614
610
582
555
551
574
584
552
467
326
170
64
15
-33
-100
-176
-287
-447
-606
-703
-722
-674
-610
-578
-585
-588
-549
-461
-340
-224
-135
-67
-11
61
161
270
381
456
476
476
472
475
485
492
530
549
496
449
401
321
263
200
125
82
30
-38
-91
-151
-206
-276
-417
-556
-634
-715
-801
-907
-1105
-1392
-1726
-2005
-2102
-2054
-1977
-1941
-2015
-2169
-2298
-2315
-2166
-1890
-1582
-1310
-1116
-981
-810
-531
-180
153
419
632
804
962
1166
1414
1670
1857
1890
1810
1734
1679
1652
1649
1637
1598
1473
1268
1107
1015
917
792
642
494
395
349
338
323
279
191
48
-95
-143
-107
-56
-5
14
-26
-46
-7
49
114
161
142
83
25
22
113
218
273
305
303
256
233
251
272
300
334
349
337
346
390
408
355
263
195
141
53
-29
-50
-67
-151
-265
-355
-437
-512
-530
-512
-497
-472
-450
-407
-323
-236
-134
-12
75
148
225
277
331
398
450
501
542
537
504
465
439
411
345
266
202
104
13
-16
-44
-88
-107
-128
-167
-240
-351
-499
-644
-743
-786
-818
-907
-1115
-1444
-1841
-2208
-2437
-2457
-2323
-2186
-2179
-2316
-2494
-2573
-2472
-2193
-1843
-1524
-1273
-1086
-864
-531
-133
273
619
841
1011
1201
1437
1743
2032
2197
2217
2133
2025
1963
1940
1914
1841
1702
1516
1323
1170
1064
959
804
597
384
222
152
159
174
143
42
-118
-265
-303
-223
-89
33
98
93
49
22
46
122
227
315
368
392
387
364
365
388
378
310
202
95
16
-25
-30
-39
-113
-281
-492
-657
-690
-554
-315
-109
-37
-68
-129
-170
-144
-32
103
198
239
238
227
246
292
309
269
225
225
256
301
364
418
402
318
258
271
337
439
530
548
498
445
399
354
374
460
501
449
371
303
222
128
44
-46
-160
-271
-340
-393
-490
-664
-891
-1131
-1340
-1463
-1524
-1642
-1897
-2260
-2655
-2989
-3130
-2996
-2702
-2518
-2587
-2794
-2925
-2853
-2560
-2090
-1547
-1123
-907
-750
-479
-38
473
914
1236
1455
1636
1874
2148
2433
2724
2839
2660
2400
2285
2300
2327
2280
2124
1870
1565
1255
993
825
692
460
125
-151
-279
-305
-297
-301
-371
-513
-636
-670
-612
-428
-147
66
115
92
141
283
414
534
695
820
849
815
760
747
761
713
581
432
345
290
209
97
-106
-425
-757
-1001
-1045
-811
-453
-231
-265
-505
-779
-917
-829
-498
-95
138
170
68
-39
19
190
313
355
337
368
518
685
817
873
776
568
374
342
532
787
909
841
645
448
334
313
375
453
449
354
208
104
120
173
162
70
-108
-288
-401
-465
-495
-570
-777
-1066
-1370
-1608
-1733
-1825
-1953
-2148
-2463
-2840
-3183
-3429
-3447
-3236
-3026
-2936
-2908
-2883
-2788
-2576
-2215
-1714
-1183
-732
-393
-91
311
791
1242
1603
1852
2066
2274
2472
2705
2892
2959
2922
2744
2542
2460
2425
2325
2088
1789
1531
1224
893
656
471
256
-28
-327
-511
-602
-686
-773
-857
-900
-886
-864
-787
-565
-282
-105
-25
86
248
439
678
919
1094
1211
1257
1223
1194
1197
1142
1009
866
781
727
608
369
15
-385
-753
-1021
-1022
-730
-436
-363
-533
-853
-1085
-1065
-777
-300
127
311
244
41
-78
26
257
423
483
558
687
757
760
782
783
654
458
425
652
955
1075
938
669
418
271
278
447
660
729
562
283
106
110
198
224
146
11
-162
-344
-463
-517
-626
-888
-1267
-1649
-1918
-2024
-2105
-2339
-2706
-3122
-3543
-3832
-3881
-3715
-3479
-3370
-3421
-3467
-3362
-3048
-2580
-2059
-1539
-1065
-637
-210
278
850
1406
1818
2092
2353
2693
3044
3293
3409
3414
3290
3015
2729
2638
2653
2511
2182
1780
1357
931
559
320
178
-19
-284
-534
-759
-919
-978
-992
-965
-890
-809
-690
-509
-309
-115
61
217
407
651
923
1176
1329
1365
1337
1289
1255
1267
1313
1339
1258
1055
809
606
480
379
242
89
-53
-206
-350
-453
-507
-523
-571
-634
-630
-567
-478
-386
-320
-257
-211
-216
-212
-134
-15
49
74
171
280
327
368
403
389
370
412
537
667
738
759
719
624
557
532
508
512
579
628
563
447
365
265
121
41
48
39
-47
-190
-410
-703
-979
-1183
-1376
-1561
-1701
-1893
-2252
-2731
-3179
-3519
-3765
-3864
-3735
-3485
-3321
-3374
-3566
-3613
-3368
-2899
-2214
-1405
-724
-316
-98
141
535
1089
1747
2347
2796
3115
3268
3271
3233
3235
3255
3155
2937
2756
2572
2219
1706
1211
851
536
206
-67
-275
-478
-765
-1116
-1330
-1331
-1234
-1114
-993
-858
-697
-556
-424
-214
95
435
708
906
1100
1290
1445
1603
1746
1822
1839
1774
1640
1524
1449
1371
1243
1067
905
736
488
205
-34
-215
-341
-392
-390
-433
-564
-716
-847
-941
-926
-745
-506
-325
-193
-105
-82
-56
65
234
370
504
660
751
759
775
806
799
809
896
953
864
709
580
451
340
349
418
366
197
49
-59
-158
-199
-172
-169
-268
-414
-549
-729
-958
-1189
-1413
-1605
-1764
-1974
-2305
-2796
-3332
-3693
-3837
-3814
-3618
-3410
-3459
-3784
-4098
-4021
-3410
-2512
-1657
-1034
-741
-691
-567
-93
748
1700
2438
2818
2915
2936
3006
3088
3153
3252
3358
3322
3065
2693
2289
1771
1144
663
522
525
328
-130
-671
-1174
-1564
-1690
-1473
-1082
-823
-826
-953
-989
-836
-523
-98
394
840
1108
1216
1310
1468
1639
1804
1991
2160
2208
2106
1937
1743
1507
1271
1116
1024
876
606
270
-53
-347
-562
-616
-538
-483
-575
-775
-963
-1049
-982
-792
-563
-364
-298
-335
-333
-279
-181
6
241
467
665
790
785
664
636
843
1073
1204
1338
1388
1188
907
835
918
908
849
867
770
428
102
-22
-108
-267
-371
-419
-557
-732
-827
-985
-1279
-1498
-1555
-1623
-1770
-1923
-2157
-2673
-3348
-3747
-3797
-3732
-3595
-3413
-3449
-3834
-4267
-4258
-3637
-2739
-1931
-1355
-1111
-1114
-988
-439
495
1516
2249
2528
2540
2593
2795
3045
3272
3445
3498
3387
3080
2604
2102
1654
1189
788
622
553
229
-388
-1006
-1405
-1572
-1522
-1283
-1006
-909
-1027
-1148
-1053
-728
-271
241
719
1034
1147
1182
1281
1488
1770
2068
2315
2421
2281
1899
1519
1399
1471
1498
1413
1241
885
369
-10
-75
-17
-96
-292
-438
-533
-677
-813
-802
-690
-618
-572
-495
-425
-385
-333
-243
-117
26
118
167
250
359
451
543
621
612
565
579
658
771
902
954
871
779
792
837
820
782
741
620
432
342
368
301
87
-79
-136
-238
-379
-463
-582
-857
-1156
-1349
-1513
-1706
-1901
-2212
-2753
-3355
-3742
-3890
-3938
-3906
-3806
-3819
-4050
-4276
-4191
-3729
-3021
-2244
-1614
-1295
-1176
-935
-382
428
1313
2024
2373
2411
2421
2605
2893
3132
3272
3313
3209
2898
2447
2038
1746
1437
1079
827
670
338
-226
-697
-890
-955
-989
-900
-749
-746
-854
-816
-550
-188
167
509
830
1073
1187
1223
1310
1507
1740
1934
2077
2112
1938
1589
1298
1232
1273
1208
1007
750
434
71
-171
-197
-178
-302
-499
-623
-681
-738
-780
-777
-714
-575
-402
-291
-243
-200
-179
-199
-151
7
131
157
208
314
351
327
345
376
363
410
573
710
712
644
588
581
651
740
737
656
601
559
452
367
383
361
196
37
-12
-93
-299
-499
-628
-800
-1040
-1214
-1293
-1408
-1649
-2014
-2463
-2900
-3209
-3370
-3430
-3386
-3291
-3335
-3595
-3872
-3891
-3555
-2943
-2217
-1607
-1290
-1215
-1099
-678
50
845
1452
1765
1827
1781
1793
1943
2159
2317
2354
2266
2026
1642
1244
969
785
621
537
522
353
-72
-495
-628
-496
-278
-25
217
319
258
227
407
746
1101
1413
1654
1766
1730
1622
1550
1599
1755
1878
1818
1562
1180
789
535
494
534
473
259
-32
-300
-447
-414
-268
-166
-198
-296
-320
-236
-100
15
88
120
126
128
147
166
148
93
64
88
86
-16
-156
-196
-115
-22
-17
-78
-155
-180
-95
101
316
430
401
307
276
374
550
717
844
901
813
603
435
387
357
292
253
195
-16
-343
-617
-774
-891
-999
-1092
-1244
-1530
-1877
-2159
-2385
-2640
-2909
-3116
-3248
-3274
-3166
-3043
-3095
-3285
-3333
-3016
-2366
-1603
-989
-713
-744
-788
-510
129
845
1353
1556
1476
1268
1147
1179
1235
1233
1209
1145
965
668
333
29
-157
-147
19
196
250
112
-130
-208
47
505
951
1291
1452
1430
1412
1568
1834
2065
2195
2241
2231
2156
1978
1771
1652
1578
1433
1228
1014
806
593
361
143
-2
-121
-259
-304
-213
-167
-239
-237
-111
-41
-50
36
237
386
409
385
331
214
114
131
171
80
-106
-297
-517
-723
-774
-699
-684
-725
-716
-698
-712
-622
-365
-99
79
263
486
653
778
965
1162
1270
1340
1414
1385
1233
1093
972
741
454
262
114
-135
-434
-681
-943
-1280
-1578
-1736
-1833
-1954
-2100
-2290
-2567
-2894
-3150
-3218
-3052
-2723
-2421
-2329
-2477
-2672
-2588
-2048
-1226
-507
-189
-278
-475
-425
-14
576
1064
1240
1058
703
444
367
350
287
212
149
-7
-330
-728
-1029
-1143
-1048
-763
-423
-245
-285
-337
-152
326
942
1517
1935
2136
2177
2261
2524
2845
3031
3044
2936
2726
2457
2181
1898
1627
1394
1172
893
577
285
32
-156
-208
-158
-144
-208
-236
-125
83
299
471
605
721
803
835
862
912
909
779
580
385
160
-110
-336
-489
-663
-906
-1148
-1338
-1476
-1520
-1450
-1328
-1198
-1027
-827
-659
-504
-275
32
349
653
930
1097
1140
1174
1260
1322
1322
1296
1214
1019
778
582
407
217
57
-91
-322
-606
-833
-1041
-1288
-1436
-1425
-1477
-1728
-1963
-2056
-2198
-2455
-2563
-2449
-2356
-2286
-2060
-1746
-1686
-1866
-1838
-1410
-737
-161
136
141
-89
-241
-92
317
702
767
511
61
-307
-437
-468
-516
-600
-649
-751
-1011
-1304
-1472
-1416
-1164
-779
-345
-58
-16
-30
220
798
1443
1941
2281
2460
2449
2423
2594
2846
2909
2771
2593
2384
2087
1792
1597
1443
1227
960
703
510
415
385
353
323
332
363
415
528
699
866
988
1065
1098
1078
1001
915
901
947
932
747
393
-38
-419
-662
-762
-808
-923
-1157
-1427
-1620
-1725
-1747
-1651
-1474
-1274
-1033
-777
-640
-606
-472
-139
287
693
981
1071
973
847
852
985
1099
1087
947
723
434
108
-180
-368
-462
-528
-602
-667
-750
-932
-1180
-1311
-1248
-1120
-1046
-1008
-1020
-1173
-1449
-1668
-1710
-1623
-1464
-1228
-1030
-1096
-1431
-1696
-1563
-1085
-568
-246
-169
-313
-551
-659
-482
-129
135
169
28
-180
-405
-610
-725
-723
-673
-662
-750
-972
-1215
-1320
-1180
-873
-569
-311
-160
-64
123
485
976
1400
1734
1992
2140
2269
2418
2583
2633
2529
2364
2158
1965
1736
1539
1446
1340
1126
796
561
471
489
609
781
956
969
853
788
913
1182
1377
1508
1569
1485
1261
985
841
790
731
631
412
58
-425
-869
-1113
-1196
-1219
-1249
-1307
-1446
-1656
-1797
-1710
-1420
-1099
-860
-681
-515
-375
-255
-109
81
294
509
673
717
641
518
410
333
297
274
194
25
-186
-363
-485
-579
-637
-649
-654
-664
-652
-642
-656
-646
-607
-634
-718
-695
-555
-509
-676
-960
-1245
-1473
-1526
-1303
-965
-874
-1133
-1459
-1563
-1389
-980
-463
-128
-174
-409
-515
-407
-197
15
139
130
6
-179
-370
-580
-712
-681
-559
-500
-641
-844
-1016
-1085
-951
-672
-379
-219
-133
26
286
616
941
1249
1518
1707
1814
1912
2028
2117
2154
2148
2093
1945
1712
1484
1346
1292
1259
1196
1071
887
745
764
916
1050
1084
1054
1010
982
988
1056
1191
1316
1320
1197
1036
870
686
541
499
468
282
-73
-435
-702
-912
-1071
-1130
-1145
-1239
-1390
-1470
-1456
-1385
-1223
-958
-716
-588
-510
-396
-228
-3
262
452
497
481
490
495
451
376
263
84
-115
-275
-413
-554
-649
-678
-722
-838
-955
-987
-948
-829
-591
-330
-230
-303
-376
-331
-192
-40
30
-75
-367
-750
-1064
-1185
-1128
-1016
-988
-1134
-1455
-1782
-1889
-1645
-1137
-645
-454
-572
-744
-741
-517
-132
258
451
369
159
-26
-151
-224
-218
-152
-135
-292
-608
-914
-1049
-991
-799
-506
-223
-127
-205
-198
68
505
963
1381
1695
1824
1800
1776
1859
2014
2145
2200
2157
1968
1636
1295
1135
1205
1328
1285
1081
874
737
655
687
896
1133
1183
1077
1008
1010
1004
1017
1124
1233
1183
952
664
425
262
147
44
-99
-339
-665
-970
-1163
-1246
-1261
-1251
-1260
-1295
-1306
-1274
-1186
-991
-695
-409
-234
-188
-186
-105
71
272
389
366
239
122
82
75
6
-117
-222
-345
-467
-569
-668
-728
-756
-715
-683
-713
-679
-631
-580
-442
-223
-37
-45
-118
-66
31
94
85
35
-124
-502
-956
-1256
-1368
-1408
-1401
-1368
-1513
-1880
-2216
-2138
-1645
-1055
-645
-584
-718
-825
-672
-219
266
570
589
418
226
112
72
-15
-129
-143
-67
-133
-464
-866
-1056
-976
-760
-489
-223
-104
-162
-146
167
660
1070
1321
1505
1671
1812
1942
2107
2289
2376
2325
2210
2053
1826
1610
1529
1544
1506
1331
1057
814
711
726
768
835
906
871
736
674
756
861
913
989
1040
891
544
248
174
242
274
174
-73
-421
-766
-1010
-1097
-1089
-1067
-1036
-1028
-1090
-1182
-1239
-1177
-937
-606
-316
-171
-224
-367
-409
-255
41
296
341
171
-88
-290
-373
-363
-321
-318
-389
-513
-662
-808
-917
-928
-804
-598
-426
-371
-375
-307
-111
154
387
475
393
256
214
278
332
262
-13
-513
-1124
-1656
-1961
-1989
-1792
-1580
-1643
-2081
-2599
-2702
-2167
-1279
-544
-285
-464
-752
-747
-279
430
976
1120
939
638
334
70
-97
-114
-15
80
-15
-419
-992
-1381
-1374
-1041
-562
-144
9
-97
-176
21
469
1005
1507
1895
2094
2125
2093
2120
2244
2427
2571
2588
2427
2089
1690
1390
1253
1210
1175
1089
945
765
584
429
376
461
585
651
685
717
683
617
650
762
742
562
420
375
332
208
64
-86
-312
-541
-723
-834
-949
-1089
-1103
-1016
-984
-1119
-1320
-1381
-1269
-958
-594
-402
-433
-614
-684
-539
-212
160
320
251
73
-110
-211
-169
-43
42
31
-91
-286
-565
-841
-867
-624
-346
-178
-165
-295
-407
-334
-57
296
514
509
377
212
78
12
-37
-180
-467
-886
-1377
-1825
-2056
-1974
-1749
-1716
-2022
-2423
-2517
-2128
-1431
-792
-498
-550
-650
-480
-10
497
774
795
719
672
618
449
169
-47
-33
103
54
-314
-805
-1154
-1240
-1021
-570
-165
-80
-225
-259
2
457
978
1505
1930
2154
2217
2229
2249
2303
2433
2618
2716
2558
2145
1645
1233
1017
995
1066
1070
917
605
237
31
142
463
746
865
833
701
558
520
637
836
944
853
678
506
332
100
-107
-174
-232
-352
-568
-844
-1118
-1335
-1335
-1190
-1116
-1215
-1380
-1437
-1344
-1113
-821
-621
-576
-588
-555
-434
-225
-24
51
10
-45
-94
-159
-199
-195
-206
-258
-308
-373
-500
-621
-595
-410
-203
-78
-55
-115
-171
-75
199
459
505
367
193
34
-108
-168
-178
-336
-746
-1279
-1757
-2069
-2097
-1831
-1562
-1642
-2028
-2325
-2210
-1688
-995
-455
-287
-405
-468
-246
160
500
658
694
682
625
477
199
-118
-252
-108
63
-71
-509
-959
-1175
-1097
-769
-330
-15
61
39
178
535
972
1385
1783
2133
2347
2411
2381
2329
2308
2349
2410
2372
2155
1794
1417
1134
972
901
875
834
718
504
280
205
366
624
765
750
686
633
615
703
886
983
868
666
572
553
430
204
22
-102
-278
-512
-763
-1076
-1406
-1536
-1396
-1223
-1261
-1480
-1656
-1628
-1384
-1019
-684
-511
-502
-514
-403
-189
-5
104
200
289
281
135
-57
-189
-240
-229
-179
-147
-255
-529
-769
-745
-497
-239
-88
-35
-52
-47
85
299
457
507
478
382
225
55
-109
-298
-557
-915
-1359
-1781
-2017
-1987
-1826
-1785
-2006
-2346
-2472
-2152
-1497
-852
-515
-520
-614
-505
-130
316
617
703
651
581
511
338
20
-241
-220
-14
44
-215
-646
-1008
-1125
-911
-438
24
227
213
244
476
837
1224
1609
1946
2166
2263
2254
2138
1981
1949
2092
2236
2179
1904
1534
1197
969
876
897
967
981
858
644
474
443
548
716
860
915
873
768
680
681
740
740
658
588
548
437
194
-103
-330
-428
-447
-493
-676
-986
-1264
-1351
-1263
-1198
-1285
-1436
-1478
-1355
-1114
-846
-659
-597
-602
-494
-267
-30
122
167
201
210
177
108
41
13
-53
-122
-147
-210
-414
-673
-744
-567
-322
-173
-134
-185
-278
-262
-30
285
463
475
392
241
60
-74
-160
-286
-511
-869
-1341
-1784
-1988
-1910
-1768
-1830
-2115
-2364
-2301
-1867
-1263
-827
-729
-772
-637
-261
185
525
651
584
498
527
550
394
134
2
56
90
-87
-416
-722
-865
-761
-435
-92
62
65
117
336
696
1096
1449
1733
1939
2050
2090
2083
2027
1991
2085
2227
2196
1940
1600
1303
1099
1028
1074
1140
1129
1021
855
686
589
615
757
935
1054
1036
874
664
540
553
586
530
433
376
267
18
-280
-525
-667
-668
-543
-534
-797
-1191
-1492
-1501
-1285
-1069
-1034
-1098
-1123
-1127
-1013
-818
-699
-631
-481
-216
-27
-65
-214
-273
-201
-49
109
172
59
-179
-336
-322
-222
-119
-50
-78
-187
-251
-217
-149
-63
64
172
214
194
162
133
63
-2
-9
-101
-375
-737
-1139
-1553
-1818
-1749
-1491
-1465
-1807
-2181
-2278
-2046
-1546
-963
-578
-594
-752
-699
-387
39
387
606
594
424
301
205
89
-5
43
171
163
-85
-494
-793
-785
-559
-331
-142
-3
18
4
130
443
829
1153
1469
1811
1959
1846
1774
1900
2070
2223
2419
2474
2168
1757
1576
1553
1510
1413
1276
1123
933
700
508
369
244
188
217
241
251
316
453
604
670
618
524
531
714
910
852
480
-13
-377
-483
-406
-387
-642
-1129
-1542
-1666
-1582
-1523
-1589
-1571
-1364
-1109
-1013
-1067
-1048
-913
-615
-153
235
340
140
-93
-76
157
362
432
393
230
19
-139
-220
-269
-276
-168
-19
-12
-167
-333
-382
-286
-35
293
481
379
139
-26
-85
-103
-79
-8
-112
-507
-1010
-1425
-1680
-1798
-1686
-1470
-1513
-1847
-2164
-2157
-1858
-1431
-997
-739
-729
-811
-741
-485
-195
30
202
282
202
41
-89
-183
-239
-178
-32
2
-176
-425
-550
-514
-381
-185
49
236
326
414
572
756
962
1251
1582
1806
1868
1869
1869
1841
1886
2061
2178
2076
1808
1565
1500
1531
1478
1356
1261
1178
1105
1078
1037
935
842
838
875
863
795
709
616
571
595
578
435
263
197
203
140
-57
-315
-519
-617
-665
-758
-944
-1190
-1397
-1454
-1370
-1312
-1398
-1516
-1495
-1356
-1207
-1074
-931
-800
-696
-585
-466
-343
-206
-97
-60
-60
-28
19
-12
-71
-37
-15
-102
-166
-149
-131
-144
-114
-23
43
34
57
162
263
355
467
510
468
396
349
326
251
103
-56
-280
-628
-1059
-1511
-1872
-1974
-1825
-1684
-1773
-2027
-2253
-2271
-1944
-1350
-785
-540
-614
-664
-484
-194
66
236
303
337
356
316
175
-83
-302
-270
-64
30
-104
-388
-662
-767
-637
-333
1
185
216
304
507
682
840
1086
1409
1709
1912
2021
2032
1951
1893
1980
2148
2252
2224
2067
1792
1465
1247
1232
1298
1271
1130
959
789
632
518
471
474
506
559
605
592
480
300
166
189
333
424
355
156
-124
-420
-623
-693
-733
-835
-983
-1134
-1281
-1409
-1501
-1558
-1572
-1511
-1358
-1194
-1123
-1122
-1108
-1057
-926
-621
-220
7
-43
-162
-162
-65
80
249
318
210
60
7
-21
-115
-169
-89
30
88
91
41
-22
-1
175
420
521
455
371
267
137
74
86
27
-226
-601
-948
-1257
-1489
-1549
-1460
-1419
-1595
-1848
-1929
-1838
-1623
-1274
-935
-776
-742
-648
-438
-242
-124
-30
78
216
351
368
192
-72
-223
-197
-111
-93
-172
-328
-522
-615
-495
-292
-196
-140
23
245
423
588
788
975
1143
1378
1667
1886
1960
1968
2026
2084
2064
2040
2018
1923
1758
1606
1532
1462
1294
1095
942
821
763
771
734
589
418
330
336
403
447
388
269
195
201
231
211
127
5
-120
-214
-304
-427
-562
-709
-814
-834
-865
-978
-1132
-1268
-1329
-1306
-1250
-1191
-1176
-1231
-1275
-1209
-1041
-871
-761
-660
-530
-396
-293
-212
-134
-57
11
57
98
160
218
232
204
164
143
177
256
281
203
127
144
210
262
308
316
249
192
216
223
131
5
-90
-194
-327
-488
-696
-913
-1039
-1053
-1056
-1137
-1284
-1397
-1403
-1321
-1201
-1098
-1073
-1111
-1108
-986
-804
-649
-533
-467
-473
-491
-431
-282
-140
-77
-99
-184
-239
-206
-159
-152
-145
-123
-72
4
67
132
206
260
381
605
800
908
1028
1206
1380
1499
1577
1668
1760
1816
1839
1835
1780
1681
1573
1494
1460
1448
1419
1352
1248
1130
1037
998
1008
1025
1008
918
765
629
572
552
499
426
367
302
214
122
8
-138
-257
-285
-276
-310
-382
-500
-668
-798
-823
-796
-826
-927
-1031
-1111
-1145
-1105
-1084
-1119
-1108
-1026
-912
-794
-699
-643
-638
-637
-534
-353
-223
-176
-150
-116
-74
1
110
174
166
151
176
201
175
110
9
-115
-179
-187
-236
-365
-554
-745
-880
-983
-1057
-1112
-1173
-1196
-1186
-1226
-1287
-1266
-1141
-978
-845
-776
-791
-849
-817
-618
-364
-245
-306
-394
-368
-242
-97
11
48
2
-70
-88
-63
-70
-120
-130
-67
10
39
39
56
114
231
430
658
822
911
1005
1138
1276
1414
1574
1712
1794
1838
1847
1819
1784
1768
1756
1731
1678
1586
1451
1302
1178
1113
1074
982
860
763
676
586
523
494
472
430
396
369
315
271
222
121
27
-22
-54
-61
-108
-264
-452
-597
-673
-679
-695
-792
-932
-1071
-1152
-1147
-1155
-1231
-1300
-1282
-1167
-1025
-931
-878
-827
-754
-644
-500
-352
-252
-207
-149
-64
-16
-14
8
73
136
184
218
222
195
167
163
186
216
240
256
237
163
65
-1
-36
-67
-94
-116
-170
-297
-479
-686
-863
-937
-896
-845
-873
-959
-1065
-1169
-1209
-1140
-1030
-957
-906
-837
-773
-746
-744
-719
-641
-524
-398
-290
-225
-220
-250
-278
-265
-181
-39
66
63
-13
-81
-101
-61
63
231
370
465
548
618
663
710
811
994
1230
1428
1512
1492
1441
1420
1474
1602
1730
1795
1788
1707
1564
1424
1348
1323
1328
1349
1332
1219
1014
806
666
609
616
656
673
618
509
397
290
207
202
232
204
127
21
-141
-320
-458
-514
-533
-570
-623
-709
-845
-1000
-1125
-1167
-1140
-1092
-1013
-962
-1008
-1059
-1025
-936
-830
-691
-531
-414
-358
-337
-333
-325
-278
-176
-33
84
105
36
-72
-157
-149
-21
132
202
185
107
-13
-109
-145
-153
-153
-130
-114
-172
-339
-550
-734
-874
-925
-864
-791
-811
-924
-1077
-1198
-1230
-1154
-1007
-898
-891
-927
-949
-934
-845
-700
-575
-491
-420
-334
-256
-231
-250
-257
-210
-100
39
123
98
2
-62
-36
80
241
370
430
472
539
629
743
871
984
1102
1246
1398
1522
1572
1546
1540
1620
1742
1825
1822
1758
1690
1635
1607
1601
1555
1460
1378
1316
1224
1080
925
776
666
624
612
544
390
202
59
19
54
91
72
-30
-167
-252
-296
-346
-389
-428
-494
-584
-671
-755
-875
-993
-1082
-1154
-1178
-1168
-1183
-1219
-1271
-1312
-1267
-1174
-1072
-944
-838
-773
-689
-574
-455
-330
-187
-68
17
123
229
282
286
267
253
274
335
402
395
315
222
158
160
208
226
218
188
97
-4
-59
-103
-161
-231
-321
-447
-615
-775
-865
-904
-940
-982
-1036
-1107
-1168
-1190
-1175
-1142
-1119
-1082
-974
-838
-754
-710
-664
-617
-550
-434
-298
-181
-117
-122
-158
-163
-138
-87
-9
50
71
91
107
122
183
293
412
527
637
740
820
878
973
1108
1233
1365
1487
1553
1577
1591
1637
1710
1727
1709
1708
1685
1629
1565
1491
1395
1270
1158
1077
992
889
748
551
367
244
161
128
119
62
-17
-79
-130
-167
-197
-229
-247
-264
-298
-358
-449
-553
-640
-697
-719
-748
-832
-949
-1063
-1141
-1135
-1090
-1078
-1058
-1021
-1000
-956
-886
-818
-722
-582
-427
-296
-221
-176
-102
-10
81
203
330
400
431
449
448
464
473
450
440
452
453
439
383
282
169
78
26
1
-33
-118
-289
-495
-691
-852
-932
-955
-973
-1000
-1084
-1203
-1312
-1380
-1350
-1230
-1101
-1023
-1037
-1084
-1078
-1005
-880
-773
-723
-699
-692
-659
-575
-536
-559
-570
-535
-467
-387
-321
-308
-331
-306
-187
-10
155
267
351
427
521
675
857
1008
1147
1300
1443
1551
1608
1642
1689
1766
1867
1946
1943
1872
1771
1684
1648
1654
1656
1621
1510
1354
1224
1125
1039
986
928
834
740
659
552
426
315
212
133
102
68
-42
-215
-380
-492
-529
-522
-556
-669
-826
-957
-1018
-1032
-1081
-1173
-1252
-1302
-1324
-1288
-1241
-1257
-1280
-1234
-1129
-999
-891
-841
-813
-772
-707
-592
-441
-318
-237
-171
-111
-50
14
75
153
241
335
426
472
456
417
409
451
514
578
612
565
474
415
379
334
281
221
152
65
-45
-179
-329
-460
-561
-666
-779
-882
-963
-1024
-1068
-1106
-1133
-1126
-1065
-969
-870
-813
-811
-812
-753
-643
-526
-432
-388
-410
-456
-445
-362
-273
-225
-204
-191
-195
-193
-154
-93
-42
18
112
214
288
346
405
460
521
635
801
954
1057
1137
1216
1277
1324
1393
1483
1554
1595
1615
1596
1533
1456
1395
1355
1334
1319
1276
1183
1040
876
733
641
586
530
450
339
201
46
-96
-203
-255
-249
-221
-218
-273
-390
-533
-629
-633
-563
-491
-498
-593
-729
-842
-861
-822
-800
-792
-785
-794
-816
-827
-831
-822
-767
-662
-552
-471
-433
-433
-409
-338
-247
-138
-20
94
192
258
289
316
380
480
586
679
715
680
622
546
474
467
494
469
364
209
44
-121
-250
-312
-369
-453
-574
-757
-965
-1136
-1247
-1246
-1176
-1155
-1185
-1225
-1279
-1291
-1216
-1117
-1021
-916
-819
-746
-697
-692
-710
-713
-665
-567
-450
-379
-386
-440
-489
-510
-484
-395
-284
-190
-140
-120
-96
-39
70
228
415
586
723
836
947
1058
1174
1320
1495
1659
1771
1834
1852
1830
1800
1800
1831
1848
1810
1728
1616
1497
1385
1287
1203
1118
1024
929
832
728
615
512
443
411
390
344
257
147
46
-30
-85
-133
-199
-292
-384
-453
-522
-627
-759
-867
-922
-928
-926
-969
-1075
-1201
-1281
-1285
-1238
-1186
-1160
-1161
-1163
-1140
-1071
-978
-879
-770
-657
-559
-468
-394
-338
-266
-169
-67
25
96
158
214
249
271
299
326
353
384
428
461
440
371
306
270
274
307
328
308
249
172
139
147
151
151
138
102
60
17
-38
-104
-171
-238
-311
-403
-507
-611
-701
-767
-805
-826
-853
-890
-907
-898
-887
-861
-827
-794
-733
-648
-562
-482
-444
-436
-397
-310
-208
-100
-22
-4
-15
-10
25
95
179
230
248
270
313
362
424
495
558
631
713
781
840
879
900
942
1002
1049
1084
1120
1150
1163
1163
1165
1176
1186
1189
1184
1166
1106
1026
959
891
837
808
758
689
602
495
403
347
318
277
212
148
79
15
-20
-47
-78
-112
-169
-220
-245
-261
-288
-347
-422
-474
-509
-531
-545
-576
-635
-690
-700
-677
-655
-633
-626
-626
-621
-609
-568
-508
-461
-406
-362
-340
-317
-299
-280
-256
-240
-220
-216
-247
-276
-295
-327
-368
-403
-438
-482
-533
-568
-601
-659
-745
-843
-936
-996
-988
-939
-918
-942
-974
-961
-880
-744
-608
-536
-516
-475
-379
-245
-94
18
66
74
96
182
292
335
325
309
294
293
302
299
283
270
282
321
359
378
384
416
499
605
702
790
858
909
984
1097
1198
1251
1276
1291
1308
1335
1346
1323
1269
1198
1136
1088
1045
984
891
796
708
604
510
426
344
280
231
166
81
-4
-94
-150
-160
-146
-134
-173
-237
-305
-348
-358
-358
-344
-369
-409
-447
-503
-528
-530
-553
-589
-638
-672
-675
-679
-680
-689
-712
-697
-643
-582
-518
-481
-474
-452
-391
-310
-217
-131
-67
-19
22
44
71
108
140
185
224
228
205
160
125
125
120
105
96
65
20
-28
-67
-89
-107
-134
-161
-174
-185
-209
-274
-374
-471
-545
-581
-619
-652
-681
-764
-840
-885
-886
-834
-774
-712
-680
-678
-668
-627
-536
-437
-340
-257
-219
-208
-185
-121
-40
25
78
112
129
140
152
159
172
208
271
344
392
426
460
493
548
629
715
811
899
953
997
1039
1072
1109
1137
1157
1182
1199
1191
1158
1096
1023
969
950
952
927
866
787
691
599
542
496
454
413
359
309
253
185
127
85
56
52
50
13
-63
-167
-248
-271
-262
-262
-289
-371
-473
-550
-596
-602
-599
-621
-645
-655
-649
-637
-641
-657
-641
-589
-518
-445
-390
-371
-376
-359
-302
-234
-186
-165
-170
-192
-218
-235
-239
-251
-272
-282
-281
-301
-356
-432
-486
-513
-513
-488
-488
-552
-644
-721
-784
-820
-824
-809
-793
-801
-827
-843
-833
-801
-720
-612
-542
-506
-460
-408
-344
-258
-171
-104
-51
-3
55
111
136
129
120
132
167
219
263
276
261
258
291
358
439
516
581
634
683
744
819
895
975
1069
1164
1232
1255
1251
1249
1283
1340
1390
1397
1342
1254
1178
1133
1107
1059
970
879
793
698
608
525
420
318
251
198
164
126
47
-62
-145
-167
-164
-154
-188
-258
-339
-421
-452
-468
-487
-523
-582
-634
-677
-705
-767
-833
-882
-895
-855
-833
-830
-856
-882
-850
-781
-680
-588
-528
-480
-437
-377
-307
-229
-169
-92
-2
43
78
83
79
106
139
184
204
167
112
86
68
39
-7
-55
-98
-125
-130
-148
-215
-309
-390
-429
-426
-414
-436
-491
-548
-608
-648
-656
-623
-585
-569
-565
-592
-611
-595
-533
-454
-410
-382
-374
-367
-342
-303
-260
-243
-220
-173
-124
-87
-59
-59
-49
-4
56
127
185
213
229
246
283
371
490
606
709
782
834
888
945
1018
1112
1197
1264
1311
1330
1329
1305
1273
1254
1232
1219
1208
1158
1073
981
895
822
764
715
658
594
522
440
356
280
217
181
174
161
109
22
-77
-169
-227
-251
-277
-344
-437
-525
-610
-692
-757
-817
-863
-884
-884
-896
-936
-982
-1009
-989
-915
-837
-788
-765
-759
-741
-692
-633
-555
-455
-368
-300
-245
-221
-210
-191
-162
-125
-85
-40
-14
-34
-83
-138
-175
-182
-175
-181
-212
-268
-336
-402
-450
-489
-511
-479
-447
-443
-457
-503
-526
-507
-448
-363
-297
-268
-268
-270
-261
-232
-196
-157
-124
-103
-97
-116
-129
-143
-142
-122
-94
-57
-36
-27
-18
3
49
111
186
260
322
367
412
463
523
594
671
755
835
895
930
947
966
999
1046
1096
1133
1142
1123
1097
1080
1081
1073
1048
1024
992
971
928
869
803
735
692
657
614
548
453
363
297
248
194
139
59
-27
-110
-198
-273
-344
-422
-484
-530
-577
-628
-692
-768
-824
-854
-875
-881
-890
-898
-896
-893
-887
-863
-822
-771
-723
-689
-664
-639
-613
-583
-545
-494
-431
-365
-306
-257
-225
-204
-184
-158
-121
-91
-89
-101
-128
-153
-164
-183
-201
-229
-286
-336
-370
-388
-376
-372
-377
-374
-379
-363
-312
-275
-261
-256
-231
-174
-120
-86
-81
-100
-112
-94
-59
-38
-47
-68
-94
-98
-80
-83
-99
-103
-104
-86
-40
8
50
86
129
203
289
376
466
546
611
673
735
809
877
926
968
1005
1032
1050
1040
1017
1007
1016
1032
1041
1014
960
909
892
908
929
911
847
766
711
691
683
662
611
541
476
430
383
311
224
139
61
-9
-79
-165
-270
-377
-463
-527
-579
-637
-705
-766
-810
-843
-876
-905
-926
-930
-920
-909
-902
-899
-899
-894
-874
-842
-804
-771
-753
-737
-714
-677
-625
-565
-506
-461
-428
-393
-354
-304
-244
-196
-153
-102
-75
-59
-39
-25
2
26
35
44
36
28
32
14
-11
-29
-42
-36
-18
-20
-39
-70
-92
-86
-56
-31
-27
-47
-69
-65
-63
-59
-65
-85
-82
-88
-101
-104
-125
-137
-149
-150
-132
-117
-101
-107
-111
-96
-63
-7
34
87
162
209
250
304
358
411
476
541
597
641
660
682
701
716
754
779
808
830
819
816
812
808
808
821
814
810
833
836
824
802
768
743
739
728
702
643
564
502
434
371
309
221
136
49
-46
-116
-188
-269
-333
-411
-480
-527
-576
-621
-673
-728
-793
-831
-847
-873
-883
-888
-899
-906
-903
-908
-910
-888
-849
-795
-747
-726
-723
-703
-644
-569
-522
-500
-485
-475
-455
-423
-397
-386
-385
-383
-362
-342
-336
-335
-342
-346
-321
-275
-226
-190
-168
-139
-86
-24
39
89
124
152
184
223
257
275
277
271
275
290
305
297
261
226
197
173
162
153
138
134
129
125
133
149
165
185
216
264
313
349
381
420
473
538
608
662
695
712
735
771
805
825
829
823
809
793
785
774
751
717
685
658
636
619
603
581
555
542
545
548
540
524
507
487
464
436
400
348
284
218
154
86
2
-102
-208
-306
-403
-490
-578
-677
-772
-852
-910
-952
-1001
-1044
-1063
-1075
-1081
-1072
-1064
-1053
-1035
-1007
-987
-958
-925
-896
-886
-878
-854
-822
-803
-793
-783
-763
-736
-699
-650
-603
-574
-547
-489
-412
-343
-281
-216
-144
-74
4
95
179
245
309
364
418
478
523
559
602
626
630
643
654
654
645
635
632
623
595
574
556
523
500
488
474
455
426
389
359
339
319
297
273
253
231
204
178
153
128
112
95
76
66
43
7
-23
-42
-42
-30
-30
-39
-42
-42
-37
-23
-1
17
31
42
47
64
81
88
108
131
139
152
177
194
207
218
232
256
282
302
310
307
302
300
291
289
286
263
254
245
202
156
115
75
39
11
-14
-34
-65
-119
-174
-216
-246
-278
-308
-338
-383
-437
-474
-496
-526
-563
-600
-633
-663
-682
-692
-715
-742
-763
-783
-799
-800
-799
-800
-800
-797
-782
-757
-731
-709
-685
-645
-597
-563
-530
-476
-416
-362
-306
-246
-182
-129
-82
-17
46
106
171
224
272
321
358
410
469
515
568
612
649
690
716
743
783
818
854
885
892
897
900
900
906
913
907
898
883
858
842
830
799
765
736
700
655
624
591
547
496
450
407
370
334
284
233
196
151
106
76
42
5
-31
-87
-139
-185
-234
-274
-310
-341
-376
-420
-461
-507
-544
-571
-597
-602
-601
-607
-631
-650
-646
-650
-649
-633
-618
-609
-596
-588
-586
-575
-559
-532
-509
-485
-488
-487
-471
-469
-448
-427
-407
-393
-373
-337
-319
-291
-260
-224
-177
-137
-109
-85
-51
-20
0
29
72
107
128
136
144
161
169
176
195
218
234
234
235
240
245
247
238
246
272
291
296
292
286
285
294
309
309
306
308
308
292
277
263
252
244
238
226
213
198
186
169
152
141
125
111
96
87
83
66
63
60
58
55
47
57
51
48
50
38
50
58
55
60
55
68
78
93
109
103
106
119
125
128
132
134
137
147
149
148
161
162
148
145
157
154
147
142
134
121
108
99
83
71
62
43
26
15
-14
-36
-46
-83
-133
-152
-164
-191
-225
-260
-297
-332
-363
-397
-432
-461
-488
-521
-547
-574
-606
-624
-629
-637
-644
-643
-640
-644
-646
-631
-615
-603
-577
-551
-536
-519
-502
-490
-469
-430
-392
-356
-315
-278
-251
-217
-174
-132
-86
-33
13
57
112
175
231
289
345
387
434
492
543
587
645
688
713
751
782
791
807
817
817
822
830
828
817
806
785
750
714
696
673
652
634
606
569
531
497
460
425
388
336
297
278
246
196
149
97
42
-13
-72
-116
-151
-194
-239
-278
-330
-378
-415
-452
-479
-486
-492
-510
-517
-515
-521
-526
-528
-521
-522
-508
-470
-441
-419
-412
-405
-393
-386
-366
-358
-335
-305
-282
-250
-230
-220
-220
-202
-168
-152
-128
-107
-71
-33
-31
-31
-16
-6
6
31
57
77
83
88
93
78
64
66
63
53
54
59
60
44
21
12
-2
-29
-41
-51
-61
-50
-46
-61
-61
-62
-70
-61
-52
-59
-52
-29
-19
-16
-12
-13
-9
-4
4
17
40
60
75
85
95
101
104
108
119
141
168
198
227
245
253
259
268
278
288
294
311
337
356
358
341
325
324
312
297
293
288
279
273
262
246
222
199
177
161
153
141
124
117
105
76
35
0
-26
-53
-71
-76
-93
-114
-127
-151
-179
-198
-222
-235
-239
-249
-254
-235
-227
-244
-251
-240
-238
-241
-227
-210
-199
-179
-167
-168
-172
-175
-179
-174
-163
-150
-131
-107
-95
-100
-104
-103
-104
-91
-68
-50
-33
-20
-8
-6
-30
-36
-26
-31
-17
8
9
3
-10
-26
-46
-75
-84
-84
-102
-109
-108
-128
-145
-160
-182
-197
-206
-214
-213
-200
-182
-170
-163
-159
-154
-155
-153
-134
-114
-97
-74
-71
-70
-59
-64
-71
-47
-21
1
31
68
105
122
127
141
162
196
235
267
301
330
362
382
393
405
419
444
461
476
489
498
503
493
481
468
456
449
440
425
409
389
370
350
331
310
278
256
240
219
200
196
177
129
98
60
17
-19
-61
-67
-94
-123
-142
-197
-228
-271
-320
-343
-366
-375
-402
-404
-402
-431
-458
-473
-460
-482
-483
-433
-423
-424
-405
-383
-395
-421
-401
-377
-364
-360
-319
-280
-294
-279
-260
-247
-243
-243
-192
-159
-137
-110
-76
-50
-78
-77
-41
-33
-3
63
115
115
112
132
140
142
155
193
216
209
227
228
202
158
137
159
156
165
186
194
189
159
167
173
160
155
157
173
167
146
142
146
146
126
114
113
98
93
94
81
54
48
64
56
36
32
32
11
-7
4
19
32
42
51
44
31
35
33
32
36
29
45
55
45
37
22
6
-1
3
7
20
36
29
37
29
10
16
8
17
33
40
49
48
45
28
13
4
-5
0
6
21
34
19
-4
-24
-34
-42
-52
-35
-24
-30
-37
-42
-56
-85
-76
-76
-84
-59
-42
-45
-54
-68
-80
-96
-107
-105
-105
-123
-124
-126
-141
-143
-148
-151
-164
-193
-182
-168
-174
-163
-139
-130
-154
-164
-160
-164
-150
-137
-116
-84
-85
-84
-78
-87
-91
-97
-74
-52
-49
-34
-21
-21
-46
-55
-51
-37
-8
13
41
56
79
102
102
114
127
148
161
180
218
229
224
220
220
211
189
191
194
193
194
200
206
193
180
168
160
159
154
160
167
176
178
164
140
111
97
98
92
85
81
79
64
38
12
-22
-50
-60
-57
-54
-59
-50
-60
-83
-107
-122
-121
-132
-119
-99
-90
-84
-92
-91
-107
-122
-114
-96
-72
-61
-52
-54
-71
-81
-88
-77
-67
-61
-51
-43
-38
-42
-31
-22
-26
-26
-15
-5
-8
1
14
15
16
20
27
19
13
14
13
23
26
35
32
5
-18
-55
-66
-69
-71
-51
-39
-41
-53
-68
-79
-86
-84
-68
-52
-55
-52
-52
-73
-92
-101
-102
-95
-90
-82
-76
-74
-68
-62
-62
-55
-40
-26
-15
-6
14
24
30
39
43
50
45
55
63
65
91
112
125
125
121
125
110
108
126
144
152
160
171
155
145
131
120
129
127
142
147
139
136
120
104
77
70
65
50
65
56
41
34
15
4
-13
-27
-33
-35
-34
-32
-18
-32
-49
-60
-88
-106
-109
-89
-74
-67
-57
-66
-69
-88
-108
-106
-97
-76
-70
-53
-43
-53
-60
-68
-70
-77
-69
-38
-20
-20
-14
-9
-17
-23
-23
-14
-9
-8
14
34
26
24
25
16
2
-3
3
3
7
22
22
12
6
-6
-18
-19
-22
-8
10
8
9
17
8
-11
-23
-27
-26
-21
-12
-2
-5
-21
-34
-43
-55
-62
-52
-33
-20
-14
-8
-8
-19
-28
-24
-21
-14
-6
5
14
12
10
9
2
0
8
10
17
26
31
38
45
48
47
41
34
38
48
60
78
90
83
69
57
43
35
35
40
55
65
58
50
40
26
15
10
11
20
35
41
34
22
8
-5
-12
-10
-3
0
1
-1
-9
-22
-31
-36
-38
-37
-31
-24
-17
-17
-19
-21
-21
-25
-32
-34
-34
-34
-29
-21
-16
-19
-24
-28
-35
-39
-29
-13
0
10
19
15
5
0
1
0
3
16
28
27
20
12
0
-15
-17
-9
-4
-1
6
8
1
-9
-14
-19
-21
-16
-6
0
1
-1
-5
-13
-19
-23
-22
-25
-28
-25
-23
-26
-25
-20
-26
-37
-40
-39
-40
-31
-13
-4
0
-1
-8
-12
-12
-10
-6
6
21
29
33
34
24
12
8
15
23
33
47
53
46
37
32
23
21
31
43
47
48
50
47
40
35
36
34
32
36
42
41
38
37
31
19
10
5
-3
-8
-4
-2
-4
-5
-6
-17
-26
-31
-32
-31
-23
-15
-11
-10
-18
-26
-35
-38
-34
-26
-19
-15
-14
-20
-23
-27
-32
-32
-28
-22
-16
-12
-9
-9
-10
-11
-13
-13
-9
1
10
19
21
19
16
11
6
4
4
9
16
22
23
16
9
4
2
4
7
11
14
14
11
7
4
1
1
3
4
5
4
4
3
1
-2
-8
-13
-17
-17
-14
-9
-4
-2
-4
-10
-16
-24
-25
-24
-17
-9
-7
-6
-13
-21
-26
-28
-23
-14
-6
-1
-1
-3
-9
-10
-10
-5
-1
3
5
5
4
6
5
6
7
8
8
6
7
7
14
20
25
24
17
10
6
10
17
25
32
35
32
23
12
4
1
6
16
23
25
20
11
1
-6
-7
-3
4
10
12
12
6
2
-3
-3
-2
-1
-3
-5
-4
-4
-2
-3
-6
-9
-15
-18
-19
-15
-9
-5
-2
-3
-8
-17
-19
-21
-15
-8
0
3
2
-5
-12
-17
-20
-17
-11
-5
1
2
-1
-6
-12
-13
-14
-8
-3
0
0
-1
-3
-6
-7
-9
-8
-8
-6
-5
-4
-4
-4
-6
-7
-8
-8
-6
-3
0
6
9
7
4
-1
-3
-2
2
8
10
12
11
11
6
3
1
3
8
12
16
18
17
20
19
16
11
12
14
19
26
29
26
21
14
9
7
7
7
9
12
14
11
4
-4
-8
-7
-6
-3
0
2
4
1
-6
-15
-22
-27
-25
-24
-22
-18
-16
-16
-19
-25
-29
-30
-28
-23
-18
-12
-8
-9
-14
-20
-25
-25
-21
-14
-5
2
5
4
1
-2
-7
-7
1
13
22
24
24
24
20
15
13
15
19
22
27
34
34
29
22
19
18
18
20
23
24
24
24
24
20
13
7
8
4
2
5
10
12
8
-1
-9
-15
-18
-19
-15
-10
-7
-7
-11
-15
-21
-24
-27
-25
-23
-17
-12
-12
-15
-20
-27
-30
-29
-24
-21
-17
-11
-8
-7
-10
-16
-14
-9
-4
-3
0
7
10
8
7
4
2
1
3
6
10
14
20
20
17
16
12
10
12
17
22
26
28
25
19
20
11
5
11
12
13
20
19
15
8
1
-1
-1
-3
2
11
12
10
4
2
2
-1
-6
-8
-5
2
2
3
-1
-6
-10
-14
-14
-12
-12
-11
-7
-4
-4
-6
-8
-14
-20
-19
-16
-12
-8
-2
-3
-8
-15
-18
-20
-17
-11
-6
-1
2
0
-3
-8
-13
-15
-10
2
6
6
6
5
-4
-10
-10
-8
-3
2
3
5
9
12
10
6
5
7
10
14
17
18
20
18
13
9
6
5
7
10
14
16
17
14
12
8
8
8
12
16
20
20
21
19
15
11
5
2
2
5
8
11
10
8
3
-4
-6
-8
-7
0
5
6
3
-4
-10
-15
-17
-19
-17
-13
-10
-10
-15
-22
-27
-27
-24
-20
-18
-18
-18
-19
-19
-19
-21
-21
-20
-17
-16
-14
-14
-13
-11
-10
-11
-10
-10
-10
-9
-8
-5
0
4
7
6
4
3
5
11
16
20
22
21
19
17
14
14
16
22
25
25
24
23
23
22
22
21
20
22
24
25
21
17
12
12
11
10
7
4
3
0
-1
-2
-3
-3
-6
-9
-14
-18
-17
-13
-9
-11
-17
-19
-19
-21
-25
-26
-23
-18
-17
-19
-21
-23
-22
-20
-19
-18
-17
-17
-13
-12
-14
-16
-18
-15
-9
-3
1
0
-2
2
5
6
7
7
8
11
12
11
13
14
16
17
19
16
18
21
25
22
17
17
20
19
16
13
14
16
15
14
13
12
11
12
11
9
7
9
10
7
2
-2
-2
-3
-6
-10
-8
-5
-6
-8
-10
-10
-11
-13
-15
-13
-11
-9
-8
-11
-14
-13
-14
-14
-13
-13
-10
-7
-6
-6
-10
-12
-14
-11
-8
-7
-4
-2
-3
-8
-4
-1
1
0
0
1
1
3
5
6
5
6
7
6
4
3
3
7
11
11
7
5
2
1
3
6
10
11
13
13
10
8
4
0
4
5
8
15
14
8
8
1
-1
0
-3
1
8
9
4
0
2
0
-4
-1
-1
2
10
7
3
7
2
-5
-6
-5
-5
-5
-3
2
0
-3
-3
-5
-7
-8
-6
-2
1
1
-1
-3
-6
-9
-11
-12
-11
-6
-2
-4
-6
-4
-6
-10
-11
-11
-8
-6
-2
-1
-2
-5
-9
-12
-12
-8
-7
-2
0
-2
-4
-3
-3
-7
-8
-2
0
0
2
6
9
7
4
4
9
11
10
11
17
17
15
11
12
14
12
12
12
15
14
11
10
11
12
11
9
7
8
8
10
12
9
5
2
1
0
-1
-2
-3
-4
-6
-6
-9
-8
-9
-8
-8
-8
-8
-9
-9
-10
-11
-12
-13
-14
-15
-15
-15
-15
-14
-15
-15
-15
-14
-13
-8
-8
-4
-6
-5
0
0
3
0
3
1
-1
5
3
7
4
6
11
2
5
11
9
9
16
15
15
16
16
14
13
12
11
11
14
13
12
12
10
7
6
6
6
3
0
0
-1
-2
-5
-4
-4
-5
-8
-9
-7
-6
-7
-6
-7
-10
-9
-13
-16
-10
-10
-9
-4
-8
-10
-8
-13
-13
-10
-10
-6
-1
-2
-1
-1
-4
-7
-7
-8
-5
-4
0
4
2
-1
3
1
-1
0
4
5
3
9
11
4
5
5
2
4
7
7
6
4
7
8
7
7
5
0
0
3
5
6
7
7
1
-4
-3
-2
-4
2
3
0
1
4
2
-3
-5
-4
0
2
0
0
5
2
-3
-4
-1
-3
-3
1
3
2
2
4
4
5
4
4
3
2
5
2
4
5
3
5
5
1
0
-2
-2
1
3
3
4
0
2
-3
-3
-1
-3
1
-2
1
3
-6
-1
-3
-9
-5
-4
0
-3
-1
3
-7
-6
-5
-7
-5
-3
-4
-3
0
-1
-2
-2
-3
-3
-6
-7
-4
-1
0
2
1
-1
0
-1
0
3
5
5
6
6
6
5
3
2
4
3
5
6
7
5
5
3
3
3
3
10
7
9
10
5
6
-1
0
-1
-2
1
-1
5
3
1
2
-4
-5
-4
-10
-9
-6
-8
-6
-2
-6
-8
-8
-10
-9
-5
-3
1
1
-3
-4
-8
-12
-10
-10
-5
-1
-2
-2
-2
3
3
1
1
5
8
8
4
2
7
6
7
6
1
3
4
4
9
9
11
11
7
6
3
3
5
7
11
11
10
7
4
2
0
-1
4
6
6
3
2
3
0
-3
-5
-2
-2
-4
-7
-7
-5
-4
-5
-7
-7
-9
-10
-9
-6
-7
-5
-4
-5
-7
-10
-11
-9
-6
-2
-4
-5
-2
-3
-9
-8
-2
0
-1
4
10
7
3
5
7
3
2
5
6
6
8
8
5
3
1
0
7
9
4
5
5
6
8
4
0
1
0
-1
5
2
1
5
4
2
-2
-6
-7
-4
-2
-2
0
-3
-4
-3
-5
-3
-4
-4
-1
-1
-2
-1
0
1
0
-2
-2
0
1
2
3
4
4
4
4
4
3
1
1
5
8
6
3
2
5
5
2
3
5
8
4
1
2
3
1
1
0
0
1
-1
0
-1
-3
0
1
-3
-4
-4
-2
-1
-5
-6
-3
-3
-5
-9
-6
-4
-4
-4
-3
-2
-2
-3
-3
-2
-2
0
0
0
0
0
-2
-2
-1
-2
-1
0
0
1
0
1
2
5
4
3
4
5
6
7
7
9
8
9
7
8
7
3
4
6
5
5
7
6
2
1
4
5
5
4
4
4
2
0
-1
1
3
2
0
-2
-3
-4
-5
-3
-3
-5
-4
-1
-1
-4
-4
-1
-1
-4
-5
-3
0
0
-1
-2
0
0
-3
-6
-5
-2
1
2
3
3
2
1
2
2
4
7
8
7
7
4
4
2
2
4
6
5
3
3
7
5
2
0
1
3
1
0
0
-1
-3
-4
-4
-6
-4
-4
-4
-3
-3
-4
-5
-6
-8
-9
-8
-6
-4
-3
-4
-3
-3
-5
-8
-9
-8
-7
-7
-5
-4
-1
-1
-2
-3
-3
-4
-1
3
3
5
5
7
5
3
2
1
3
5
7
9
7
6
6
7
5
2
3
6
10
12
11
8
4
1
-1
0
3
5
6
6
5
6
5
4
0
0
1
1
3
4
4
3
1
-2
-4
-2
-3
-3
0
3
4
1
-2
-5
-6
-7
-6
-3
0
3
3
1
-2
-4
-6
-5
-3
0
0
1
2
2
0
-1
-3
-3
-3
1
3
5
5
1
-2
1
1
-1
-3
-4
2
8
8
4
4
4
-1
-6
-4
-5
-4
3
4
0
-5
-6
-8
-9
-4
-1
0
-1
1
2
-1
-7
-11
-8
-8
-9
-8
1
5
2
-4
-4
-3
-4
-4
-1
4
7
6
4
2
0
-5
-7
0
3
3
9
14
12
8
4
0
-2
1
8
9
7
6
6
4
4
1
-1
0
1
5
7
7
6
4
1
-2
-2
-3
-1
1
2
3
1
-1
-4
-6
-6
-6
-5
0
3
1
-3
-3
-4
-5
-9
-8
-4
2
1
1
2
2
0
-2
-2
-1
1
2
4
4
3
1
0
-1
-1
0
3
5
5
4
3
1
2
0
-2
-1
2
6
9
11
8
4
-2
-2
-1
0
1
2
3
3
3
2
2
2
2
1
0
1
1
0
0
1
-3
-6
-6
-4
-4
-5
-2
-1
0
-1
-3
-4
-5
-4
-5
-4
5
7
0
-2
-6
-6
-2
-3
-2
3
1
1
1
-3
-4
-3
-4
-4
-1
0
0
1
1
-1
-1
-1
-1
0
1
2
3
3
3
1
1
0
0
1
1
2
1
4
6
5
3
3
5
4
4
5
5
6
3
3
-1
-2
0
0
3
4
6
3
1
-1
-5
-3
-4
-3
0
1
1
2
-2
-2
0
-5
-2
-4
-4
0
-7
-1
-1
-1
2
-5
-2
-2
-3
-1
-5
-2
0
-1
-3
-6
0
1
-2
-1
0
0
3
-4
-6
-2
-5
-2
1
0
2
5
3
-3
-2
-4
3
5
-1
5
2
2
2
-5
2
2
2
5
1
5
4
3
5
0
3
5
2
3
-4
0
9
3
2
2
4
2
-3
0
1
-1
2
2
1
-2
-4
-1
4
5
4
2
4
3
-1
-3
-1
-1
0
3
4
-1
-1
0
3
7
3
3
1
3
2
-2
1
-1
2
6
3
3
0
2
5
3
1
-4
-4
0
0
0
-2
-2
2
-2
-4
-2
-6
2
-2
0
2
-11
-3
2
-3
-3
-2
2
1
-1
1
-5
-2
0
-2
-1
-2
2
5
4
4
2
6
2
-3
0
2
2
2
-3
6
5
-1
0
-1
-1
2
-4
0
4
-2
0
-4
1
5
2
4
-2
1
2
0
4
0
2
-1
-5
-2
-6
-3
-4
-3
0
0
-1
-2
-4
-5
-3
-2
0
3
3
5
1
2
0
-3
0
-1
1
3
1
4
0
-1
0
-4
1
1
4
9
5
7
5
5
4
1
5
4
3
5
5
9
7
0
1
-2
1
0
-3
4
4
4
5
0
3
-1
-1
2
-1
3
3
2
2
-2
-1
-2
-3
-1
2
3
3
0
-1
-1
-5
-9
-6
0
4
-1
-1
-4
-1
-3
-7
-4
-3
1
3
0
1
-5
-3
-1
-3
-3
-6
-4
-2
-2
0
-1
-1
-4
-4
-1
-2
-4
0
7
8
3
-2
-3
-2
-5
-3
-3
0
6
3
5
-2
-5
-2
-6
1
-1
-2
1
-2
-1
-2
-9
-6
-6
-6
-2
-3
1
1
-2
1
-2
2
1
-6
0
0
2
8
0
4
1
-5
1
1
-1
1
5
7
0
4
3
-6
0
1
-1
5
4
5
5
0
0
1
-1
4
2
6
7
6
4
1
2
-1
-2
6
7
3
6
7
5
3
1
1
-4
0
5
0
-1
-1
3
3
-4
-3
-6
-2
1
-6
3
1
-1
1
-5
-2
-5
-6
0
-2
4
3
1
1
-4
-3
-2
-1
5
5
5
4
2
1
-2
-3
-1
-2
6
5
-2
4
0
-2
0
-6
0
2
-1
-2
-1
3
2
1
-1
-4
-3
-4
-3
-3
-4
-5
-5
-5
-4
-6
-4
0
-1
1
0
1
2
-2
-1
-5
-2
-1
-5
-1
-3
0
0
-3
-2
-5
-5
-1
3
3
2
-2
-1
-3
-1
-1
-2
-1
-3
-1
2
1
4
1
3
4
4
5
4
5
6
4
6
3
3
4
3
3
3
4
5
5
4
1
-1
0
1
-1
-3
0
5
6
4
0
1
-1
-4
-4
-4
3
2
1
0
-4
-3
-5
-3
1
0
2
2
1
1
2
1
0
1
4
7
4
0
0
3
4
2
2
3
4
1
1
1
1
1
-1
4
0
-3
2
1
-1
0
-2
2
5
-2
-3
2
2
1
-1
0
0
-2
-5
-4
-1
0
1
2
1
-2
-4
-5
-6
-4
-2
1
1
0
0
-4
-2
-3
-3
-1
-3
-2
-3
-4
-2
-2
-1
-3
-2
-1
-4
-3
-1
-1
1
2
-1
1
-1
-3
0
0
3
2
1
-1
-4
-5
-3
-3
1
2
2
2
-1
0
-1
0
0
2
1
0
0
1
3
1
4
4
4
5
0
5
2
2
4
-2
4
2
0
3
-1
3
5
2
0
-4
-3
-1
-1
-2
2
4
5
4
-2
-1
-3
0
2
-6
3
1
-4
-2
-4
2
-3
1
5
-2
0
2
4
4
0
0
-4
-4
-5
-3
-1
0
1
3
3
1
0
-1
0
1
2
5
4
4
4
2
-1
-1
1
2
3
0
1
5
4
0
-1
0
2
2
0
2
3
-1
1
0
-2
-3
-6
4
0
-2
-1
-4
3
-1
-3
1
-2
4
5
3
4
0
1
0
-4
-5
-4
3
7
4
0
-1
1
3
5
5
3
1
0
2
2
1
-3
-4
-2
-1
-2
-3
0
5
8
4
3
2
1
1
-3
-4
-3
-3
-2
-3
-2
-2
-4
-5
-2
-1
2
0
0
-3
-5
-5
-1
2
2
-2
-3
-4
-4
-3
-2
0
-1
-6
-8
-6
-4
-5
-3
0
1
-1
-1
-2
-2
1
6
6
3
3
5
3
-1
0
0
0
2
3
-2
0
4
2
-2
2
5
3
2
3
5
2
-1
-1
0
2
4
2
0
-3
-2
0
1
2
1
0
-1
-3
-2
0
0
-2
-4
-3
-1
-1
0
2
3
4
6
3
1
1
4
3
7
7
0
-1
3
4
1
3
5
3
3
4
1
-1
1
1
1
-1
0
2
3
1
-4
0
2
-1
1
-5
-5
0
-3
-3
0
0
0
0
-2
0
1
2
-2
-3
2
0
-2
1
-4
-3
1
-3
0
-1
-5
2
-1
-1
3
-2
-1
0
-5
-5
-3
-1
2
-1
-4
-4
-4
-3
-2
-1
0
-1
-1
1
2
1
0
1
2
1
0
0
-4
-3
1
2
2
0
0
0
0
-1
-1
0
1
1
0
-1
0
2
1
1
1
2
2
2
4
3
3
4
3
4
4
7
6
4
1
4
6
6
3
1
0
2
4
4
5
5
0
-2
4
4
1
1
2
-2
-2
-1
0
-3
1
3
2
0
-1
1
0
-2
-3
-1
1
0
-5
-3
-1
-3
-1
0
-3
-1
0
0
1
3
4
1
0
-1
-3
-2
2
-1
-3
1
5
1
-2
1
1
0
-2
-1
1
2
2
-1
-2
-3
-3
1
3
2
-1
-2
-4
-4
-5
-6
-7
-4
3
-2
-6
-3
-6
-4
1
-2
-2
0
-4
-3
1
-2
-2
-3
-2
2
3
-3
-2
-1
0
0
-1
0
5
4
4
3
2
0
2
1
2
4
5
6
7
5
4
4
5
5
5
6
4
4
2
0
-3
-2
-2
1
2
2
2
-1
-2
-4
-3
-2
0
1
1
1
0
0
0
0
4
5
5
3
0
0
-1
-3
-2
-1
1
3
1
2
2
3
4
5
4
2
-1
0
1
2
2
0
1
1
0
0
-2
-3
0
-1
0
2
1
2
2
1
2
2
-1
-3
-7
-6
-1
-1
-4
-7
-7
-4
-4
-6
-5
-1
2
1
0
-1
-4
-6
-3
0
1
-2
-2
0
-1
-4
-3
0
5
3
1
0
0
-3
-4
-2
0
1
3
3
5
1
5
2
3
5
-2
6
2
4
7
6
5
0
3
2
4
6
6
5
2
3
3
0
0
3
5
1
1
-1
-1
-2
-2
0
2
4
2
0
0
-3
-1
-1
2
3
1
2
-1
-2
-3
-4
0
2
0
-2
-1
2
0
-3
0
4
5
3
3
6
5
-2
1
0
1
-1
-3
5
2
1
-2
-4
1
-3
-5
-3
0
0
-2
3
-3
-6
1
2
2
2
-3
-2
1
-4
-3
0
1
1
0
2
-1
-5
1
2
0
2
-1
3
5
-2
-3
1
0
1
1
-1
1
-1
1
2
1
-1
-1
5
6
2
-1
-5
-1
3
1
2
3
5
1
-5
2
-1
-3
0
2
4
5
5
1
-1
2
3
3
1
0
-1
0
1
0
-1
2
5
6
3
1
-1
-1
0
2
5
5
2
-2
-2
1
4
4
0
2
2
2
-1
-1
0
1
-2
-1
1
4
4
-1
0
-3
0
-1
1
1
-4
0
-1
-1
-2
-3
5
1
-2
-1
0
5
-2
2
3
1
-1
-3
2
3
1
-2
-4
-1
1
1
3
0
-5
-1
-3
-4
-2
-6
-2
3
-1
-2
0
-1
4
4
0
1
1
-4
-5
0
2
-1
-1
2
2
-3
-5
1
-2
-9
-4
-2
-4
-1
-2
-4
-1
-2
0
4
2
2
0
-3
-4
4
6
6
2
1
2
1
-2
-3
0
3
3
2
2
0
0
3
4
5
5
2
3
3
1
2
1
1
4
3
1
0
-1
0
3
4
3
0
0
1
3
4
4
2
4
1
0
0
1
2
3
0
1
0
-1
2
-1
1
-2
-1
-2
-5
-1
-5
-4
-3
-4
0
-3
-1
-2
-2
-3
-4
-3
-3
-2
-1
1
-1
-1
1
-1
-2
-3
-1
-4
-5
-5
-6
-5
-4
-1
0
2
1
0
0
-2
0
2
2
3
3
0
1
-1
-3
-2
-2
-1
2
2
1
-1
-4
-4
-3
1
0
1
2
3
1
-1
-2
2
3
0
0
3
4
1
0
0
1
5
5
1
3
5
1
0
4
2
-3
1
4
2
-1
0
-2
-2
-1
2
3
3
1
0
2
1
2
2
3
4
3
2
1
1
0
-1
-1
0
0
1
1
2
0
0
-1
-1
0
1
1
3
2
-2
1
3
-2
-5
0
1
0
1
1
-2
-2
0
-1
-2
2
4
0
-3
-3
-2
-3
-4
-2
1
2
-2
-5
-2
-2
-4
-7
-2
2
1
0
0
1
-1
-1
2
1
-1
0
1
-1
0
2
-1
-2
1
1
1
3
-2
-2
-3
1
1
-3
3
0
2
1
-4
0
-2
0
-2
2
5
1
2
2
0
-2
-3
1
2
2
2
2
0
-3
-5
-1
0
-2
3
2
-2
-1
-3
-4
0
-1
1
6
3
4
3
0
0
1
1
1
1
3
4
2
-1
-3
-2
-1
-3
-1
1
1
1
-1
-1
-1
-1
2
0
0
0
-1
0
-4
-5
-4
-5
1
0
-2
1
-3
-3
2
-1
-1
4
3
2
5
-1
-4
-2
-2
0
3
5
2
-1
-1
-1
-2
-1
2
3
3
4
5
0
-5
-3
-2
0
5
7
2
-2
-1
-4
-5
1
5
3
3
2
-3
