-4
-2
3
5
4
0
-1
-2
-3
-3
-1
-1
3
4
-1
-6
-6
-2
2
5
1
-4
-5
-1
-1
-1
3
4
-1
-5
-3
-3
-3
0
3
-1
-5
-5
-5
-6
-2
-1
0
2
1
0
1
2
3
3
2
0
-3
-4
-2
3
4
3
4
5
0
-5
-2
3
2
-2
2
2
-1
-1
4
2
-2
0
3
2
0
2
1
-2
0
2
0
-1
3
6
2
-1
-1
0
6
4
0
1
1
-2
-1
0
-1
0
0
-2
-3
-2
4
5
4
1
2
2
-1
-3
-3
0
2
1
0
-2
-1
3
5
5
0
-3
-2
1
2
0
0
5
4
-2
-1
-3
-4
0
-3
-2
2
-1
0
0
-4
-5
-1
-1
0
-1
-1
2
-1
-3
-2
1
3
0
-2
-2
0
1
-1
-1
0
-1
-2
-2
-3
-2
0
3
3
1
0
0
0
0
-2
-2
-1
1
2
2
-1
-2
-1
3
2
-2
-3
0
-2
-4
-1
3
4
4
-1
-5
-2
1
0
1
3
4
5
1
-4
-3
1
3
3
4
-1
-1
4
2
-1
2
5
3
1
3
4
3
3
3
2
-1
0
0
3
1
3
1
1
3
-4
-1
-1
2
-2
-3
-1
-5
3
0
-2
5
2
1
2
-1
0
3
-1
-2
0
1
2
1
-1
1
0
0
-1
-1
-1
0
1
2
0
-1
-2
-2
-1
0
2
2
2
-1
-1
2
0
-1
2
3
1
1
1
3
1
0
-1
-3
-1
1
2
2
1
0
-2
0
0
2
1
1
2
4
3
1
-1
-1
1
1
-3
-5
-3
1
0
-2
-4
-1
-1
-3
-2
-1
-1
0
0
1
-1
-2
-2
0
2
0
-2
-1
0
0
0
2
2
0
-1
-2
-2
-2
-1
0
0
2
2
2
1
0
0
-1
-1
1
3
5
5
4
5
5
4
0
0
1
0
0
-1
-1
1
0
-2
-2
-1
2
1
0
1
1
3
1
-1
-2
-1
0
1
2
0
-2
2
3
-2
-4
-1
3
3
5
4
0
2
6
2
-3
-3
1
1
-1
-2
0
1
1
-2
-2
0
2
4
2
-1
-3
0
3
4
3
2
3
2
1
0
1
0
0
0
1
3
0
-3
-1
-2
-1
3
-2
-5
-3
-4
-1
3
-1
-1
2
1
0
0
0
1
0
0
0
0
-1
0
1
2
-1
-1
0
2
0
0
0
1
0
-2
-2
0
1
2
-1
-2
-3
-1
-1
0
-1
0
3
2
-1
-2
-2
0
0
-1
-2
-2
0
-1
0
-1
-1
-1
-1
1
3
3
4
3
2
0
-1
0
3
1
-1
-1
-2
1
-2
-2
-1
-4
-1
-7
-5
-3
0
2
-4
0
0
-2
-1
-2
4
3
2
5
0
-2
3
2
2
5
-2
-1
3
-1
0
1
3
3
2
2
3
2
1
0
3
4
2
0
-1
0
0
-1
2
0
-2
3
3
2
3
2
-1
4
1
-5
2
-5
-1
-1
-5
1
-1
1
1
-2
1
-1
1
1
-1
-2
-1
-2
-1
-2
-1
0
1
1
1
-2
-2
-1
1
2
1
2
2
2
0
0
2
4
2
2
1
1
2
3
3
2
0
-2
-3
1
0
-1
1
-1
-1
3
1
0
2
0
1
1
-4
-2
0
0
0
2
1
0
-1
-2
-1
-1
0
1
0
-1
-3
0
3
3
3
0
3
5
6
4
0
-1
0
0
1
1
0
0
1
-1
-2
-2
2
1
0
1
1
0
0
4
6
3
2
2
0
-2
-4
-2
2
2
0
-2
0
-1
-1
-1
1
2
0
-1
0
1
0
-1
0
1
1
-2
0
0
-2
-2
-2
-2
0
-1
0
-1
-5
2
3
0
2
2
1
2
2
4
6
6
3
1
2
1
2
3
4
2
0
0
1
1
-1
0
4
6
4
1
0
0
0
-1
-2
0
1
1
0
0
-3
-1
1
1
1
0
-1
0
0
0
0
1
3
4
2
0
2
1
0
1
1
1
-1
-2
-2
0
3
1
-1
-2
0
0
-2
-5
-4
-2
0
0
0
-1
0
0
1
0
0
0
-1
-3
-4
-4
-2
-2
-2
0
1
0
-2
-2
1
3
1
0
1
3
3
3
1
2
1
1
1
1
-1
0
1
-1
-3
-3
0
-2
-2
-2
1
2
1
2
0
1
0
1
2
2
2
1
2
2
0
0
1
3
2
2
2
3
3
3
4
1
-1
0
3
2
2
2
5
5
3
1
0
0
-1
0
0
1
-1
0
3
3
0
1
2
4
2
2
1
2
0
1
0
2
-1
0
-2
-2
-1
0
1
1
-3
-2
-3
-2
-3
-3
-1
0
-1
-3
-3
-2
-1
-1
-1
-2
-4
-4
-4
-4
-2
-1
0
1
0
0
-1
-3
-1
-1
1
1
2
1
2
2
1
0
-1
0
0
1
0
0
1
0
0
-1
-2
0
2
4
3
3
5
4
3
1
-1
0
0
1
2
3
2
-1
-3
-4
-4
-2
1
2
1
-1
-2
-2
-3
1
0
-1
-3
-3
-1
-1
-2
-2
0
0
-1
-3
-2
-2
-2
1
1
3
2
2
4
3
2
2
4
6
3
3
2
3
2
2
2
2
3
3
3
1
0
3
5
5
4
4
4
3
2
2
2
3
2
1
2
0
-1
-4
-4
-2
-3
-1
-1
-2
-2
-2
-3
-3
-4
-5
-5
-4
-4
-4
0
-1
-5
0
0
0
2
-3
-1
4
1
-1
2
-1
0
2
2
5
4
2
1
-1
-1
0
1
1
1
1
0
1
4
5
4
2
0
-2
0
2
1
3
4
1
1
2
5
1
0
-1
1
0
0
-1
-1
-2
-1
-1
-1
-1
-2
-2
1
0
-2
-2
-1
0
-2
-3
-3
-2
-3
-4
-3
-2
0
-1
0
1
1
0
0
1
1
2
2
3
3
3
2
1
0
-1
-1
0
1
2
1
0
0
0
-2
2
4
5
5
4
3
1
-1
0
4
3
4
6
2
0
1
1
1
2
3
1
1
-1
1
0
-2
-3
-2
0
-1
0
0
1
3
2
0
1
2
-1
-2
-1
-2
-3
-1
2
-1
0
-1
-1
1
2
1
2
-1
-1
0
1
0
0
1
2
-1
0
-3
0
3
-1
0
4
0
-1
0
-1
0
1
1
1
2
-1
-3
-2
0
-3
-2
0
0
-3
-2
0
1
1
1
3
2
0
-1
0
0
-1
0
2
0
-2
1
1
1
-2
1
3
0
0
2
4
2
4
1
3
2
1
1
-2
0
2
4
6
3
3
1
0
1
1
2
3
0
-1
0
-1
1
4
4
4
3
0
2
1
-1
-1
0
-1
-2
-2
0
-3
-3
0
0
-4
-5
-5
-3
-3
-4
-5
-3
-1
-1
-3
-5
-3
-2
0
0
0
-1
2
3
2
-2
-2
2
4
1
0
0
6
6
5
4
3
3
2
3
2
2
4
7
5
2
2
4
4
1
1
4
5
4
1
1
0
0
1
1
1
0
-2
-2
-2
-2
0
1
1
0
0
0
-1
-2
-1
-3
-2
-3
-4
-3
-2
-1
0
0
0
-1
-2
-3
-1
-1
1
1
1
1
0
0
0
1
1
1
2
5
4
1
0
1
0
0
-1
-1
-1
0
1
3
3
4
4
5
5
4
3
2
1
2
2
1
-1
-4
-4
-3
-2
0
-1
-2
-4
-4
-3
-2
0
2
1
0
0
0
-1
0
1
0
1
0
-1
-1
1
2
3
3
3
4
3
3
4
5
3
5
5
3
2
2
3
3
4
5
6
4
6
5
2
0
1
0
0
-1
1
1
-1
-2
-2
-1
0
-3
-5
-5
-1
-3
-5
0
-1
-5
-2
-5
-6
1
-4
-5
1
-3
-7
-6
-1
-1
-2
-2
2
0
0
3
2
1
0
1
1
-1
0
2
3
2
1
3
4
2
1
0
0
-1
1
3
4
4
4
2
1
4
5
4
4
3
1
0
5
3
-1
-1
3
-1
-1
1
0
-1
-2
-1
-1
-1
-1
-1
-2
-2
-4
-3
-3
-5
-3
-3
-3
-3
-2
0
-1
-3
-3
-2
-3
-4
-4
-1
1
0
-1
0
-2
-1
0
2
1
-1
-1
-1
2
0
2
3
5
3
1
2
3
3
4
6
5
4
5
4
1
1
5
5
3
3
2
1
0
0
0
2
4
2
-1
-1
-1
-2
0
1
2
2
0
-2
-4
-3
-2
1
-1
-2
-2
-3
-4
-5
-5
-3
-3
-5
-5
-3
-2
-4
-4
-2
1
-2
0
-1
1
1
0
2
1
0
1
0
0
-2
-1
2
4
4
2
1
1
1
2
3
3
1
2
1
1
1
0
0
-1
0
0
-1
-2
-2
-1
0
2
1
2
1
0
0
1
1
2
1
0
-1
-2
-1
0
2
3
4
3
2
1
3
4
3
4
3
2
3
2
0
1
1
0
0
0
0
-2
-2
0
-1
-2
-4
-4
-2
0
0
-1
0
0
0
-2
-1
-1
0
-3
-3
-3
-2
-3
-3
-1
-2
-2
-3
-3
-3
-5
-4
-3
-1
-1
-3
1
5
5
1
-3
-1
0
2
2
1
-2
3
4
0
1
3
6
4
2
3
5
4
3
4
3
1
3
8
7
3
2
5
6
5
2
3
1
0
1
-4
-2
-1
-5
1
2
-4
-1
-1
1
0
-8
0
1
-3
0
-5
-4
-5
-4
0
-6
-3
-3
-5
-4
-7
-5
-5
-6
-2
-2
-4
1
6
2
0
1
0
2
4
4
4
1
-3
2
5
2
0
2
6
2
1
9
7
1
6
10
6
5
7
6
7
3
2
6
2
-1
4
2
-3
0
0
-2
4
6
-2
1
3
-2
-2
3
1
-2
1
0
-2
-2
-5
-4
0
-3
-4
1
-3
-4
3
-3
-9
-4
-5
-6
0
-2
-6
-4
-4
-3
-3
-1
-1
-3
1
-2
-8
-2
-2
-2
4
3
-3
1
1
-1
-4
-6
-5
-3
4
4
3
5
-1
-1
6
-1
-2
7
6
5
7
1
0
1
-1
3
7
1
-3
4
4
-3
4
6
-1
1
4
4
8
5
2
4
-4
-5
5
0
-2
4
-1
-4
5
5
2
0
-4
-5
-3
0
3
4
0
-1
-1
2
5
5
3
0
-2
-3
-2
-2
-2
-2
-2
-2
0
-2
-2
-2
-5
-4
-3
-3
-1
1
4
7
6
3
0
-1
2
5
8
9
5
3
1
-1
-4
-6
-5
-5
-3
-2
-2
-4
-3
-1
-1
-3
-3
-1
2
1
-4
-5
-2
0
1
5
5
-2
-7
-7
-9
-3
9
1
-9
3
2
-14
-4
13
5
-7
5
11
-3
7
17
13
25
17
9
17
5
1
14
8
1
-1
1
-8
-13
-15
-13
-13
-41
-13
-19
-27
-12
-27
34
-46
-15
71
-74
40
56
-80
41
48
-44
-22
50
4
-101
44
78
-103
0
81
-24
-67
35
56
-77
14
35
33
-75
-47
177
-184
-23
203
-137
107
202
3
40
55
-38
-113
96
123
-96
109
289
59
40
185
-73
-290
-87
-87
-297
-305
-260
-488
-922
-979
-692
-529
-136
573
940
931
789
448
248
470
676
630
675
733
408
116
68
-79
-243
-227
-216
-422
-395
-302
-566
-956
-1100
-962
-934
-570
-120
162
546
355
-18
57
387
618
606
682
786
587
264
204
227
106
-39
-90
-122
-189
-122
-5
-80
-256
-317
-307
-387
-439
-248
19
28
-142
-120
100
164
97
239
430
303
121
202
319
247
181
158
6
-122
-165
-146
-33
27
-100
-212
-228
-341
-359
-262
-199
-227
-292
-90
25
-86
65
270
161
69
223
351
288
278
432
357
145
79
67
78
28
-20
-76
-166
-276
-384
-293
-193
-269
-309
-201
-162
-209
-112
29
70
61
33
2
5
30
56
92
119
112
79
131
217
106
-19
28
-32
-177
-141
-85
-149
-193
-170
-124
-95
-89
-32
108
202
157
146
234
194
33
-23
-47
-112
-50
70
97
110
109
36
9
106
199
134
7
-23
-111
-253
-180
-54
-121
-177
-95
-108
-183
-13
203
198
87
27
20
126
274
241
225
167
-50
-106
-7
125
186
107
-48
-180
-202
-106
22
113
139
16
-122
-84
-39
-25
72
136
149
143
79
26
-70
-187
-114
16
6
-46
-47
-13
-52
-133
-50
88
32
-104
-140
-103
-41
1
1
7
-21
-172
-281
-150
40
65
126
305
268
77
89
176
179
199
182
57
-72
-197
-341
-357
-225
-203
-283
-238
-188
-223
-150
24
137
159
271
428
315
161
168
-57
-358
-375
-403
-518
-517
-432
-304
-47
328
524
481
515
441
116
57
211
121
40
32
-258
-501
-350
-231
-315
-222
92
261
253
359
488
472
488
454
272
146
21
-227
-455
-526
-457
-422
-402
-235
33
267
318
215
176
186
243
403
398
236
140
-105
-466
-444
-30
330
342
117
-35
-177
-337
-12
582
682
378
1
-421
-649
-481
-87
120
-67
-325
-349
-189
20
242
494
465
-20
-370
-265
-62
48
46
-40
-55
-94
-312
-413
-196
16
42
70
100
29
-58
-155
-260
-175
25
5
-191
-294
-256
-143
-77
-78
31
202
207
108
68
137
237
191
45
-8
-90
-270
-283
-105
50
163
177
71
73
225
278
215
141
50
-111
-353
-510
-369
-95
-25
-115
-64
63
25
42
282
531
709
631
236
15
40
-72
-158
-30
26
-86
-165
-162
-134
-30
181
333
327
228
77
-25
-94
-175
-78
138
105
-132
-228
-234
-214
-33
106
134
120
8
44
230
276
266
274
100
-231
-389
-352
-307
-303
-190
-9
33
32
80
216
362
408
328
136
-45
-198
-283
-265
-141
-105
-193
-101
1
0
75
118
96
123
217
296
284
132
-92
-161
-130
-241
-277
-134
-160
-385
-417
-182
-86
-149
-89
-46
-69
32
208
346
282
-23
-314
-373
-344
-261
-12
75
-83
-220
-315
-418
-512
-368
11
154
-23
-49
74
93
192
316
307
222
115
91
119
137
118
74
23
-143
-235
-13
191
157
140
202
121
-58
-80
160
423
435
327
237
130
20
-84
-105
32
188
182
67
46
129
138
152
231
152
3
4
-7
-85
33
274
353
203
-19
-70
-83
-174
-183
-75
-34
-164
-280
-183
52
151
102
79
-17
-216
-232
-19
120
89
39
4
-136
-257
-173
-156
-294
-315
-232
-212
-252
-239
-245
-228
-107
-88
-111
-84
-72
-73
-101
-42
-7
-56
-105
-222
-312
-296
-266
-248
-147
14
150
188
185
209
107
-65
-150
-199
-148
85
158
-26
-148
-232
-364
-432
-357
-258
-277
-321
-422
-551
-510
-334
-256
-340
-340
-257
-289
-295
-172
25
178
272
336
348
373
368
265
172
191
165
82
142
325
526
683
794
794
732
748
766
755
694
578
486
466
515
651
850
943
857
726
659
688
801
887
889
933
974
832
652
689
772
682
608
691
765
763
856
1057
1173
1162
1062
843
574
416
341
165
-134
-395
-683
-1101
-1337
-1163
-802
-552
-514
-569
-767
-1256
-1768
-2187
-2706
-3304
-4120
-5364
-6733
-7724
-7844
-6838
-5025
-2952
-1026
488
1552
2328
2993
3500
3600
3167
2297
1220
236
-440
-810
-1090
-1457
-1815
-1918
-1694
-1220
-515
387
1237
1750
1971
2200
2515
2689
2574
2255
1840
1344
845
536
467
489
459
362
306
323
383
579
828
938
981
1041
1098
1158
1189
1208
1199
966
682
712
842
852
1019
1300
1435
1552
1664
1594
1445
1216
819
426
140
-101
-244
-234
-21
357
532
423
490
796
1044
1277
1472
1373
1027
654
387
186
-138
-468
-511
-320
76
721
1208
1195
870
344
-510
-1516
-2299
-2965
-4169
-6171
-8646
-11253
-13178
-13238
-11043
-7240
-3151
-7
2034
3417
4465
5465
6358
6612
5836
4197
2218
445
-711
-1299
-1997
-3284
-4722
-5650
-5943
-5640
-4554
-2802
-1019
355
1552
2969
4534
5710
6039
5612
4758
3619
2416
1472
829
216
-623
-1504
-2000
-2022
-1695
-1179
-609
79
742
1257
1997
2951
3619
3826
3548
2810
1915
1249
939
763
570
478
462
418
468
687
845
643
139
-278
-348
-145
219
777
1409
1679
1467
1040
624
401
421
508
511
444
452
454
314
252
165
-272
-797
-1100
-1225
-1148
-916
-600
-170
271
639
1015
1488
2066
2625
3128
3635
3932
3659
2830
1679
286
-1334
-2956
-4349
-5784
-7633
-9746
-11927
-13860
-14539
-12988
-9196
-4286
180
3363
5199
5978
6413
6919
7141
6709
5525
3631
1509
-164
-1214
-2129
-3449
-5035
-6433
-7381
-7436
-6357
-4470
-2092
175
1716
2849
4110
5489
6450
6480
5961
5329
4465
3563
2861
2158
1188
-258
-1897
-3063
-3548
-3532
-3157
-2457
-1441
-255
938
2077
3061
3721
3821
3339
2640
2127
1885
1675
1268
630
-168
-995
-1527
-1380
-618
85
81
-451
-732
-272
757
1899
2765
3071
2618
1558
495
50
241
473
299
39
157
449
562
550
489
91
-709
-1344
-1492
-1300
-737
6
582
1163
1981
2992
3916
4556
5093
5205
4400
3184
1991
608
-986
-2784
-4897
-7458
-10457
-13345
-15481
-16261
-14795
-10806
-5541
-972
1925
3702
5144
6399
7487
8353
8546
7662
5858
3705
1772
242
-1270
-3515
-6522
-8917
-9629
-9105
-7883
-5907
-3431
-1103
571
1767
3173
4790
5853
6065
5913
5916
5905
5320
4341
3395
1995
-241
-2591
-4243
-4984
-5116
-4863
-3999
-2566
-1066
163
1186
2200
3056
3431
3372
3097
2888
3020
3150
2832
2302
1925
1683
1308
518
-454
-1226
-1993
-2740
-2782
-1917
-716
335
1109
1691
2065
2065
1780
1652
1933
2291
2260
1848
1352
852
174
-719
-1520
-1945
-2015
-1863
-1528
-1121
-762
-376
182
952
1853
2651
3136
3427
3744
3988
4057
4143
4191
3787
2939
2131
1437
486
-666
-1618
-2436
-3484
-4619
-5525
-6537
-8152
-10100
-11708
-12496
-11842
-9097
-4736
-504
2156
3209
3481
3716
4230
4976
5702
6093
5771
4551
2812
1188
-308
-2228
-4695
-7083
-8651
-9042
-8305
-6748
-4672
-2380
-420
862
1943
3467
5143
6194
6544
6709
6790
6398
5341
3823
2013
-66
-2190
-3763
-4338
-4139
-3721
-3253
-2528
-1618
-811
-62
930
2127
3180
3938
4482
4786
4722
4251
3413
2331
1256
420
-145
-562
-1010
-1473
-1713
-1732
-1765
-1625
-921
88
915
1602
2205
2335
1905
1434
1310
1387
1366
1097
656
175
-420
-1244
-2063
-2434
-2252
-1828
-1402
-905
-288
269
643
992
1467
1853
1925
1957
2318
2784
3042
3320
3749
3849
3358
2627
1756
501
-912
-1952
-2612
-3313
-4297
-5573
-7112
-8826
-10466
-11607
-11697
-10162
-6956
-3095
-83
1466
2159
2759
3404
4029
4834
5885
6696
6640
5544
3754
1693
-548
-3096
-5606
-7190
-7426
-6812
-5895
-4728
-3393
-2300
-1693
-1195
-206
1391
3123
4619
5914
6928
7293
6856
5822
4391
2649
772
-826
-1757
-2195
-2751
-3565
-4089
-4028
-3738
-3437
-2759
-1425
250
1743
2860
3666
4145
4232
4058
3908
3927
4031
3994
3557
2498
949
-629
-1872
-2681
-2971
-2703
-2118
-1459
-727
23
516
717
946
1434
2113
2801
3238
3205
2803
2203
1276
-4
-1150
-1803
-2135
-2276
-2107
-1787
-1591
-1362
-852
-236
319
1010
1910
2788
3521
4107
4390
4319
4041
3514
2631
1648
791
-154
-1259
-2136
-2553
-2761
-3108
-3703
-4483
-5411
-6488
-7602
-8531
-8944
-8191
-5750
-2426
-70
475
133
62
482
1256
2400
3692
4547
4455
3396
1969
902
102
-1187
-2824
-3541
-2919
-2159
-2263
-2794
-2976
-2895
-2926
-2707
-1525
360
1765
2201
2469
3229
3953
3904
3386
3181
3216
2768
1875
1338
1212
599
-779
-2019
-2449
-2446
-2511
-2433
-1837
-909
-95
541
1199
1881
2408
2712
2883
3064
3421
3907
4097
3583
2522
1393
427
-302
-550
-293
-102
-443
-933
-1010
-882
-992
-1100
-726
-48
401
457
397
522
761
666
169
-192
-132
-23
-42
95
362
268
-261
-562
-134
661
1270
1761
2249
2308
1759
1163
842
527
217
255
601
951
1258
1509
1508
1142
489
-328
-1148
-1787
-2305
-2994
-4028
-5395
-7068
-8711
-9405
-8405
-6285
-4614
-4347
-4916
-5029
-3930
-1703
1116
3836
5750
6424
5939
4929
4190
3774
2944
1576
643
582
427
-662
-2209
-3409
-4321
-5375
-6193
-5820
-4235
-2624
-1705
-866
504
1948
2827
3364
4159
5131
5601
5387
5071
4884
4302
3148
2131
1730
1428
615
-509
-1373
-1874
-2290
-2705
-2879
-2592
-1907
-1106
-400
187
723
1246
1774
2370
3155
4060
4613
4393
3604
2677
1689
686
35
-144
-290
-818
-1634
-2298
-2435
-2140
-1899
-1938
-1819
-1178
-330
245
522
718
947
1254
1538
1593
1416
1163
849
544
533
864
1181
1322
1398
1313
926
550
578
873
1116
1414
1936
2411
2516
2323
1890
1004
-219
-1148
-1468
-1586
-2011
-2806
-3845
-5119
-6626
-8103
-8930
-8485
-6930
-5422
-4939
-5126
-4877
-3706
-1922
80
2023
3517
4178
4022
3559
3388
3617
3772
3442
2808
2239
1644
634
-832
-2390
-3672
-4436
-4498
-3899
-3028
-2344
-2039
-1985
-1858
-1349
-399
889
2402
3878
4882
5257
5313
5325
5146
4521
3628
3023
2908
2719
1863
618
-337
-969
-1735
-2601
-3091
-3111
-2954
-2691
-2166
-1429
-683
26
767
1510
2118
2496
2660
2672
2552
2323
2143
2197
2373
2226
1370
-42
-1370
-2035
-2063
-1866
-1659
-1379
-1079
-886
-779
-682
-617
-438
108
901
1537
1843
1894
1712
1422
1292
1350
1357
1311
1388
1425
1098
632
566
912
1284
1587
1928
2140
2000
1603
1109
539
51
-121
-154
-565
-1528
-2808
-4240
-5840
-7503
-8891
-9484
-8860
-7369
-6201
-6162
-6671
-6472
-5024
-2744
-313
1785
3285
4086
4268
4231
4539
5242
5654
5311
4598
3900
2870
1113
-1006
-2703
-3558
-3730
-3596
-3387
-3228
-3346
-3801
-4090
-3529
-2080
-313
1339
2739
3677
3999
3941
3900
3959
3928
3670
3308
3067
2835
2232
1219
251
-316
-578
-751
-887
-991
-1090
-1143
-1029
-695
-186
370
679
473
-55
-305
-20
487
929
1358
1674
1570
1179
1010
1085
931
489
238
474
985
1293
1044
491
216
220
-13
-460
-564
-248
57
232
380
375
167
-26
-199
-440
-453
-100
213
352
740
1394
1856
2123
2513
2896
3070
3296
3686
3838
3610
3422
3309
2736
1589
393
-623
-1734
-2968
-4137
-5456
-7228
-9113
-10433
-10887
-10423
-9012
-7195
-6152
-6393
-6859
-6036
-3618
-558
2090
3837
4592
4548
4261
4350
4896
5310
5076
4457
4034
3728
2941
1549
71
-996
-1514
-1689
-1945
-2444
-2893
-3139
-3404
-3555
-3073
-2073
-1327
-1099
-899
-473
-28
500
1438
2658
3589
3872
3728
3602
3601
3500
3300
3273
3338
3090
2412
1548
723
112
-87
78
197
-77
-622
-1096
-1475
-1940
-2345
-2285
-1706
-1072
-837
-1040
-1308
-1102
-200
944
1678
1976
2216
2407
2372
2207
2068
1980
1966
1923
1620
1180
828
296
-567
-1218
-1370
-1569
-2132
-2542
-2319
-1707
-1211
-949
-647
-97
551
1079
1651
2501
3329
3721
3934
4328
4520
4099
3578
3597
3754
3194
1881
526
-505
-1502
-2664
-3847
-5058
-6465
-7938
-9143
-9837
-9700
-8576
-7197
-6796
-7578
-8165
-7094
-4417
-1546
315
1150
1674
2385
3315
4315
5213
5826
6090
6017
5566
4842
4050
3085
1891
1139
1385
1794
1106
-568
-2132
-3029
-3417
-3478
-3363
-3281
-3314
-3416
-3463
-3197
-2540
-1823
-1172
-282
707
1239
1508
2147
2945
3333
3547
4052
4592
4704
4408
3938
3379
2858
2594
2490
2091
1279
477
-118
-812
-1621
-2003
-1718
-1294
-1393
-2005
-2526
-2465
-1948
-1506
-1393
-1369
-1105
-498
409
1364
1922
1987
2089
2661
3425
3707
3184
2258
1716
1749
1685
1098
345
-275
-799
-1092
-1092
-1257
-1817
-2200
-1870
-1033
-122
694
1309
1666
1988
2472
2916
3106
3200
3384
3609
3807
3795
3159
1868
603
-69
-382
-852
-1747
-3194
-5103
-6910
-8063
-8499
-8299
-7527
-6841
-7205
-8514
-9385
-8681
-6564
-4015
-1982
-905
-513
-118
696
1914
3359
4693
5406
5384
5164
5199
5251
4860
4118
3667
3865
4001
3057
1254
-246
-1038
-1469
-1488
-1052
-985
-1948
-3276
-3886
-3671
-3264
-3005
-2763
-2478
-2275
-2106
-1759
-1153
-391
439
1330
2272
3144
3746
4072
4360
4760
5185
5503
5492
4922
4043
3439
3114
2541
1661
918
302
-559
-1504
-2064
-2348
-2832
-3433
-3644
-3365
-2879
-2314
-1702
-1236
-1016
-816
-344
489
1511
2294
2490
2280
2217
2481
2702
2505
1889
1167
757
834
1087
977
344
-370
-663
-475
-102
221
420
553
768
1158
1624
1918
1817
1393
1092
1283
1602
1286
262
-704
-1046
-979
-1045
-1575
-2673
-4203
-5662
-6456
-6402
-5749
-4887
-4334
-4667
-5881
-7010
-6934
-5485
-3464
-1824
-1129
-1366
-1892
-1850
-953
355
1515
2262
2563
2580
2630
2909
3266
3432
3421
3560
4009
4313
3789
2528
1515
1415
1800
1929
1521
565
-788
-2031
-2741
-3002
-3017
-2898
-2919
-3273
-3625
-3458
-2780
-2069
-1540
-851
287
1516
2334
2801
3245
3742
4272
4826
5197
5093
4516
3797
3293
3046
2749
2178
1419
556
-446
-1367
-1783
-1639
-1382
-1424
-1732
-2003
-2036
-1842
-1466
-959
-446
-49
255
522
710
743
650
663
1013
1553
1858
1746
1417
1164
1216
1520
1720
1657
1517
1397
1394
1747
2280
2423
2125
1741
1290
799
643
808
773
519
441
372
-185
-1089
-1776
-2097
-2179
-2069
-2109
-2889
-4324
-5539
-6026
-6000
-5605
-4803
-4187
-4726
-6332
-7486
-6812
-4575
-2337
-1430
-1888
-2670
-2819
-2183
-1005
544
2095
3009
3098
2937
3097
3488
3679
3613
3773
4489
5226
5046
3845
2519
1780
1532
1510
1544
1193
125
-1225
-2141
-2502
-2593
-2566
-2508
-2605
-2872
-3034
-2848
-2384
-1868
-1365
-733
42
713
1154
1602
2260
2933
3435
3969
4590
4841
4433
3814
3562
3595
3417
2841
2072
1378
801
187
-507
-1033
-1227
-1326
-1611
-1912
-1919
-1670
-1379
-1072
-716
-428
-310
-257
-113
128
376
564
694
823
915
841
653
623
885
1253
1564
1838
2049
2149
2209
2278
2263
2121
1933
1701
1427
1231
1089
732
132
-372
-668
-1061
-1627
-2103
-2372
-2531
-2577
-2541
-2781
-3623
-4813
-5677
-5756
-5110
-4165
-3554
-3886
-5192
-6517
-6564
-5002
-2913
-1769
-2038
-2909
-3250
-2624
-1338
143
1424
2126
2132
1946
2226
2940
3476
3526
3497
3930
4730
5138
4631
3605
2780
2322
2069
2024
2039
1551
313
-1054
-1771
-1797
-1638
-1709
-2156
-2915
-3590
-3675
-3155
-2525
-2133
-1836
-1403
-864
-334
201
729
1205
1693
2269
2844
3303
3640
3823
3806
3622
3325
2977
2729
2687
2682
2430
1902
1305
820
474
214
-10
-211
-449
-825
-1276
-1493
-1315
-1027
-1025
-1321
-1624
-1707
-1493
-1050
-549
-129
248
704
1242
1718
2048
2297
2553
2805
2990
3065
2975
2759
2532
2293
1973
1660
1470
1229
685
-28
-511
-644
-675
-814
-1089
-1534
-2137
-2707
-3106
-3527
-4229
-5119
-5820
-6039
-5725
-5171
-4997
-5627
-6655
-7080
-6319
-4656
-2854
-1700
-1607
-2178
-2411
-1644
-96
1499
2474
2593
2208
2005
2388
3129
3707
3813
3552
3299
3351
3586
3555
3085
2503
2172
2110
2192
2250
1975
1184
176
-555
-790
-647
-484
-738
-1472
-2234
-2626
-2712
-2636
-2371
-2048
-1950
-1991
-1765
-1160
-467
93
565
1099
1747
2366
2764
2937
3044
3130
3122
3083
3189
3376
3281
2717
2030
1659
1542
1340
971
589
265
-15
-297
-616
-918
-1053
-1011
-962
-1029
-1156
-1238
-1288
-1330
-1234
-878
-422
-136
-20
138
424
713
924
1175
1608
2154
2546
2620
2462
2218
1953
1791
1890
2137
2184
1898
1463
1036
614
165
-387
-1138
-1940
-2461
-2742
-3223
-4074
-4979
-5688
-6151
-6221
-5860
-5497
-5638
-6213
-6603
-6220
-4987
-3406
-2185
-1705
-1798
-1947
-1690
-898
283
1489
2261
2412
2288
2374
2722
3044
3185
3230
3349
3589
3807
3827
3600
3143
2519
1945
1670
1697
1739
1466
792
-62
-770
-1132
-1145
-1071
-1245
-1686
-2131
-2441
-2574
-2355
-1821
-1414
-1356
-1266
-856
-389
-140
59
417
865
1267
1629
1991
2321
2511
2451
2246
2220
2478
2693
2542
2124
1694
1290
910
734
880
1116
1038
502
-271
-901
-1098
-838
-386
-93
-121
-370
-661
-859
-832
-517
-108
81
23
36
318
673
821
796
849
1084
1418
1747
2000
2089
1981
1773
1649
1767
2111
2365
2163
1538
885
460
177
-100
-362
-621
-991
-1586
-2415
-3393
-4350
-5105
-5542
-5578
-5213
-4779
-4836
-5562
-6405
-6654
-6125
-5092
-3900
-2886
-2387
-2446
-2652
-2444
-1557
-214
1038
1783
2109
2389
2769
3094
3306
3617
4060
4318
4277
4205
4228
4137
3668
2903
2281
2061
2063
2005
1723
1149
370
-401
-994
-1341
-1485
-1503
-1489
-1584
-1855
-2152
-2220
-2012
-1718
-1439
-1063
-612
-324
-239
-100
217
596
1000
1467
1892
2097
2117
2115
2124
2113
2108
2171
2264
2244
2075
1767
1318
907
696
630
589
434
217
49
-123
-253
-271
-294
-413
-624
-784
-763
-638
-502
-434
-496
-508
-350
-78
197
369
524
739
902
1050
1251
1378
1347
1261
1293
1452
1611
1713
1674
1378
953
695
658
565
236
-184
-506
-756
-1100
-1644
-2370
-3182
-3962
-4535
-4725
-4534
-4309
-4475
-5046
-5635
-5847
-5564
-4928
-4129
-3471
-3213
-3139
-2847
-2218
-1369
-529
128
566
898
1406
2101
2651
2964
3189
3328
3375
3469
3718
3944
3877
3579
3267
2978
2684
2410
2146
1801
1349
871
427
33
-315
-652
-1002
-1319
-1577
-1804
-1985
-2028
-1928
-1816
-1771
-1753
-1654
-1400
-1026
-583
-130
288
716
1089
1295
1461
1740
2031
2197
2252
2311
2370
2311
2140
1955
1768
1587
1444
1299
1098
895
742
543
265
88
99
118
-36
-279
-432
-485
-530
-566
-557
-525
-457
-293
-94
-8
10
118
287
403
517
714
912
992
1001
1048
1116
1123
1084
1072
1068
990
854
727
578
321
-37
-406
-742
-1096
-1568
-2161
-2726
-3122
-3361
-3540
-3700
-3867
-4107
-4461
-4822
-4965
-4742
-4281
-3855
-3622
-3491
-3286
-2923
-2439
-1895
-1356
-875
-464
-23
577
1321
2017
2489
2749
2936
3140
3338
3477
3543
3574
3579
3491
3288
3056
2835
2556
2191
1795
1443
1171
970
762
474
153
-154
-562
-1119
-1544
-1559
-1343
-1276
-1363
-1358
-1276
-1294
-1312
-1072
-592
-99
341
769
1102
1243
1267
1318
1433
1588
1765
1894
1901
1778
1561
1298
1075
971
978
1014
1004
899
720
531
384
276
199
180
209
206
80
-132
-298
-344
-330
-347
-374
-341
-247
-152
-87
-22
89
259
406
467
507
589
651
623
545
511
593
732
750
595
411
205
-159
-559
-672
-523
-497
-791
-1254
-1757
-2316
-2872
-3233
-3282
-3139
-3080
-3277
-3619
-3863
-3936
-3928
-3868
-3680
-3361
-3022
-2750
-2494
-2132
-1663
-1231
-923
-651
-266
228
740
1219
1681
2126
2469
2609
2616
2664
2834
3046
3131
3100
3054
2960
2791
2603
2392
2123
1761
1299
851
534
347
156
-183
-634
-1005
-1190
-1254
-1289
-1248
-1082
-908
-863
-864
-709
-363
-19
171
263
365
479
571
661
766
850
875
876
920
1012
1108
1129
1062
1008
1055
1201
1329
1332
1292
1239
1079
873
732
652
587
480
330
187
93
26
-85
-217
-231
-110
13
31
8
67
196
300
332
313
360
462
478
411
347
299
262
190
89
11
-78
-255
-506
-722
-813
-837
-932
-1174
-1539
-1911
-2202
-2415
-2559
-2604
-2562
-2581
-2768
-3027
-3170
-3180
-3161
-3150
-3084
-2956
-2840
-2746
-2583
-2269
-1863
-1493
-1180
-842
-466
-110
226
611
1061
1524
1955
2315
2565
2706
2800
2859
2837
2745
2688
2722
2791
2795
2668
2372
1930
1477
1179
1044
959
835
656
392
52
-236
-340
-333
-364
-433
-455
-466
-540
-620
-615
-513
-325
-61
176
269
231
152
111
177
399
723
1001
1135
1112
975
830
802
894
998
1052
1078
1075
998
856
733
662
596
493
383
310
253
186
109
42
-6
6
111
263
366
380
345
298
269
283
336
404
448
407
238
1
-205
-343
-402
-373
-315
-309
-401
-541
-667
-780
-857
-902
-1010
-1198
-1427
-1669
-1916
-2209
-2485
-2607
-2656
-2797
-2996
-3144
-3215
-3239
-3199
-3067
-2876
-2679
-2478
-2242
-1945
-1607
-1265
-956
-708
-486
-212
139
519
870
1168
1425
1659
1909
2167
2381
2512
2575
2596
2581
2561
2600
2666
2616
2359
2008
1731
1540
1341
1106
889
683
411
95
-109
-139
-138
-231
-374
-473
-521
-555
-571
-545
-481
-417
-370
-300
-174
-40
40
98
197
330
453
548
613
653
651
630
646
724
825
869
849
831
779
648
562
603
689
696
610
553
557
528
477
465
468
461
441
387
290
220
232
247
182
106
92
84
33
-11
-34
-106
-222
-265
-194
-111
-115
-222
-403
-643
-897
-1072
-1090
-1015
-1028
-1252
-1619
-1980
-2285
-2539
-2668
-2605
-2466
-2436
-2524
-2629
-2698
-2737
-2726
-2644
-2481
-2237
-1967
-1743
-1568
-1376
-1133
-882
-642
-364
1
385
684
898
1119
1395
1686
1958
2203
2385
2471
2491
2494
2483
2464
2463
2447
2337
2111
1852
1629
1437
1249
1059
864
631
360
135
36
26
-19
-142
-264
-323
-320
-284
-243
-234
-258
-277
-273
-229
-120
27
119
118
81
81
136
240
398
581
726
802
850
899
929
946
961
937
869
832
841
804
686
560
456
341
224
167
197
249
244
216
223
247
245
206
149
87
48
82
124
98
54
37
58
123
178
193
193
180
184
217
230
230
255
274
251
207
172
140
84
10
-82
-216
-401
-572
-702
-846
-1030
-1228
-1439
-1698
-2003
-2288
-2492
-2617
-2684
-2718
-2737
-2744
-2732
-2682
-2590
-2474
-2306
-2088
-1885
-1693
-1468
-1232
-993
-722
-409
-69
251
536
783
974
1136
1317
1525
1709
1837
1941
2037
2102
2116
2101
2087
2060
1981
1883
1775
1620
1438
1270
1123
987
825
609
368
148
-8
-100
-170
-234
-281
-337
-410
-446
-422
-366
-296
-199
-69
66
166
235
300
351
405
480
566
641
673
623
539
488
486
522
544
497
416
336
251
190
185
204
196
152
117
108
93
64
23
-21
-38
-28
-10
24
39
29
0
-22
21
105
196
247
263
286
300
317
324
324
309
260
185
89
-27
-178
-372
-578
-764
-955
-1167
-1379
-1583
-1812
-2065
-2293
-2477
-2581
-2593
-2544
-2496
-2465
-2410
-2317
-2179
-2039
-1865
-1648
-1455
-1258
-1047
-832
-622
-411
-154
136
399
623
845
1072
1284
1475
1659
1838
1973
2043
2065
2057
2043
2035
1996
1910
1800
1653
1456
1223
997
808
651
506
365
228
95
-14
-95
-153
-180
-192
-217
-270
-301
-268
-193
-108
-18
68
149
229
285
336
402
469
544
622
678
716
741
730
701
700
714
696
640
580
515
442
383
349
327
266
144
24
-61
-131
-165
-153
-143
-148
-157
-157
-127
-95
-85
-53
8
77
157
262
373
446
468
448
416
397
376
324
262
203
127
38
-76
-227
-403
-587
-786
-1007
-1224
-1409
-1589
-1794
-2012
-2218
-2372
-2477
-2549
-2582
-2585
-2565
-2499
-2399
-2272
-2104
-1906
-1693
-1475
-1262
-1029
-773
-516
-226
114
445
720
932
1092
1225
1350
1482
1636
1779
1875
1930
1931
1884
1844
1809
1742
1643
1526
1404
1277
1129
971
817
669
518
360
222
109
-2
-99
-170
-213
-222
-215
-197
-180
-165
-95
32
158
263
352
427
510
601
694
764
783
760
723
681
651
627
583
528
464
369
263
167
80
8
-41
-80
-96
-105
-146
-195
-233
-266
-273
-266
-270
-268
-246
-223
-208
-200
-174
-127
-77
-29
24
66
101
127
132
142
164
163
138
92
31
-15
-64
-145
-258
-405
-588
-785
-975
-1137
-1282
-1440
-1620
-1798
-1955
-2091
-2200
-2248
-2238
-2188
-2103
-1981
-1835
-1674
-1511
-1353
-1177
-967
-725
-480
-270
-89
106
315
531
745
919
1053
1161
1242
1322
1413
1483
1518
1522
1485
1429
1365
1291
1215
1127
1021
917
802
661
524
405
300
210
133
75
40
12
-7
-2
25
85
162
230
297
376
454
535
636
738
809
847
868
890
904
892
850
799
736
645
546
474
407
330
251
169
73
-6
-71
-147
-229
-283
-303
-297
-271
-239
-206
-191
-177
-163
-147
-102
-44
34
93
133
191
240
273
281
279
271
255
251
249
249
241
201
114
6
-100
-203
-304
-410
-518
-630
-766
-952
-1165
-1363
-1539
-1697
-1826
-1911
-1981
-2045
-2088
-2092
-2050
-1980
-1895
-1802
-1679
-1511
-1315
-1114
-911
-701
-500
-332
-183
-36
122
288
454
604
743
865
959
1013
1030
1038
1048
1063
1076
1060
1029
989
936
885
830
790
748
692
628
541
483
473
474
467
449
446
456
475
513
570
649
720
758
790
832
867
884
899
915
916
892
854
805
747
666
556
436
336
254
176
102
49
11
-47
-133
-213
-261
-292
-326
-362
-401
-435
-443
-433
-414
-377
-329
-306
-299
-280
-236
-177
-110
-60
-37
-10
41
99
149
188
213
215
204
186
172
161
129
70
-7
-93
-188
-299
-424
-561
-704
-853
-1002
-1154
-1302
-1445
-1571
-1671
-1743
-1790
-1812
-1817
-1805
-1767
-1698
-1607
-1499
-1377
-1233
-1075
-922
-773
-620
-463
-303
-155
-21
116
251
362
465
552
624
683
714
725
741
750
747
732
717
695
657
608
568
541
532
535
547
547
536
541
565
595
648
718
790
860
909
927
964
1025
1076
1118
1153
1179
1207
1215
1192
1163
1134
1093
1040
977
916
864
812
747
670
593
500
396
306
225
164
118
57
-13
-90
-178
-249
-293
-334
-372
-418
-464
-483
-482
-478
-471
-468
-463
-447
-428
-407
-370
-325
-288
-259
-247
-236
-218
-220
-242
-267
-300
-332
-359
-413
-470
-541
-634
-728
-832
-929
-1024
-1117
-1207
-1301
-1377
-1443
-1490
-1526
-1545
-1536
-1506
-1459
-1405
-1345
-1272
-1176
-1069
-958
-838
-722
-594
-443
-293
-143
-4
112
217
317
396
479
567
639
701
743
763
787
811
823
829
836
847
862
861
841
826
831
850
868
860
841
834
841
855
869
883
905
921
924
919
925
940
952
950
937
925
912
895
867
836
805
763
720
681
632
573
506
454
416
366
302
221
119
31
-45
-127
-194
-241
-310
-391
-466
-549
-622
-679
-743
-809
-844
-843
-822
-799
-788
-784
-765
-736
-698
-651
-598
-545
-498
-464
-437
-403
-363
-346
-353
-351
-343
-345
-359
-390
-427
-482
-549
-617
-693
-761
-816
-879
-923
-953
-997
-1040
-1089
-1136
-1139
-1117
-1078
-1018
-970
-922
-870
-813
-729
-618
-504
-387
-284
-188
-70
61
184
294
381
446
512
598
683
746
805
859
892
914
937
950
966
988
1004
1008
1002
983
953
926
913
907
903
890
869
842
812
783
776
782
781
774
760
741
725
723
734
741
739
737
725
705
702
670
636
608
576
574
550
494
413
334
273
202
131
58
-9
-97
-194
-268
-351
-433
-499
-576
-668
-740
-794
-822
-851
-892
-914
-945
-968
-973
-957
-924
-884
-839
-815
-787
-756
-739
-724
-696
-662
-628
-578
-529
-501
-486
-476
-475
-478
-469
-457
-447
-449
-463
-478
-491
-512
-541
-567
-589
-614
-642
-654
-660
-639
-609
-595
-558
-526
-492
-445
-377
-288
-204
-114
-34
47
127
208
300
385
470
561
648
739
815
865
928
984
1010
1041
1067
1080
1092
1087
1077
1070
1051
1019
976
918
867
831
790
758
723
688
679
655
630
611
584
583
574
562
564
550
564
574
563
558
551
528
490
459
422
382
342
301
244
173
105
19
-53
-123
-198
-265
-353
-453
-559
-657
-747
-830
-885
-935
-991
-1040
-1089
-1136
-1169
-1189
-1202
-1213
-1210
-1186
-1168
-1139
-1096
-1057
-1008
-958
-911
-839
-759
-695
-624
-550
-485
-432
-385
-337
-291
-248
-213
-180
-150
-137
-140
-143
-145
-159
-177
-191
-188
-190
-195
-193
-205
-219
-238
-234
-195
-155
-111
-69
-21
21
58
121
213
308
391
460
520
583
659
731
809
863
907
953
975
1011
1047
1063
1070
1062
1035
995
952
908
873
841
806
758
700
643
578
529
490
448
412
383
375
360
350
358
357
347
341
330
318
311
307
310
311
309
290
272
261
226
183
143
98
44
-12
-59
-121
-195
-274
-359
-444
-531
-617
-699
-772
-839
-900
-953
-1007
-1054
-1105
-1133
-1144
-1158
-1153
-1146
-1121
-1094
-1070
-1026
-982
-919
-840
-758
-670
-594
-525
-461
-395
-309
-214
-130
-64
-12
33
72
101
122
138
151
159
153
148
139
118
93
61
43
22
4
-5
-14
-15
-20
-22
-11
-2
16
38
56
82
122
179
249
316
371
411
448
492
533
572
617
667
703
726
732
729
735
736
733
718
697
671
636
599
555
518
485
449
405
370
341
317
301
282
263
242
228
218
215
225
235
244
252
259
252
238
229
228
228
227
233
220
189
149
110
66
10
-32
-77
-135
-204
-280
-358
-442
-518
-588
-666
-742
-811
-874
-930
-973
-1015
-1053
-1075
-1086
-1083
-1090
-1076
-1048
-1021
-960
-909
-857
-809
-755
-671
-600
-521
-434
-352
-272
-203
-145
-85
-24
29
80
109
147
177
189
211
224
238
240
225
213
189
168
150
134
130
124
122
112
102
97
97
106
123
148
178
208
227
243
275
316
352
389
429
456
476
503
527
538
558
580
589
585
582
575
567
560
548
523
490
454
421
395
369
335
297
262
231
201
179
155
132
118
106
102
108
105
109
121
124
132
151
152
150
148
145
156
156
144
151
134
102
77
38
0
-29
-73
-126
-193
-265
-321
-372
-423
-486
-556
-613
-666
-720
-768
-813
-842
-853
-854
-854
-860
-861
-853
-833
-793
-749
-703
-647
-593
-528
-466
-417
-347
-268
-208
-138
-62
1
56
104
150
203
244
273
300
319
327
328
321
313
309
309
299
282
261
242
216
200
190
181
175
171
164
163
165
170
184
195
207
220
236
251
263
278
298
315
324
328
334
338
334
331
323
307
294
279
261
242
209
181
158
120
91
63
35
19
-12
-41
-55
-81
-93
-93
-97
-90
-78
-73
-60
-42
-29
-7
28
49
71
95
114
139
163
173
183
186
186
186
173
164
132
95
68
22
-21
-62
-108
-145
-185
-225
-276
-330
-384
-446
-497
-520
-542
-557
-566
-584
-595
-598
-611
-605
-575
-541
-507
-464
-424
-379
-332
-295
-255
-211
-158
-100
-42
8
47
88
128
162
182
199
218
234
251
250
250
246
227
216
191
172
161
143
136
111
91
71
54
56
61
65
63
57
48
54
63
78
99
108
124
131
143
157
162
183
185
190
197
191
200
196
181
176
159
142
127
107
91
69
42
15
-11
-24
-38
-49
-55
-66
-69
-66
-67
-64
-61
-45
-25
-2
24
47
70
86
101
123
155
180
195
219
244
258
265
265
259
255
248
229
212
191
154
118
76
30
-6
-39
-73
-113
-158
-203
-247
-281
-310
-338
-355
-375
-400
-415
-429
-426
-415
-407
-387
-377
-361
-330
-307
-280
-247
-222
-182
-130
-93
-56
-21
5
27
48
58
75
100
118
134
146
149
150
146
136
127
118
114
108
98
81
61
48
44
37
30
33
29
33
31
18
24
28
32
46
47
49
53
50
52
62
63
70
73
66
64
63
63
66
60
49
37
28
23
12
0
-10
-19
-30
-40
-51
-53
-56
-60
-59
-56
-56
-44
-30
-15
0
6
35
68
69
85
114
135
166
178
191
208
209
227
240
236
232
226
223
212
199
174
150
137
113
85
48
7
-29
-69
-105
-133
-156
-181
-215
-247
-265
-293
-312
-317
-319
-311
-314
-306
-298
-296
-278
-269
-247
-211
-173
-137
-105
-73
-54
-30
-2
16
42
60
81
105
114
125
126
124
120
105
97
102
103
99
96
81
65
58
42
33
26
9
-6
-15
-29
-37
-44
-49
-48
-46
-50
-57
-66
-67
-61
-56
-51
-46
-45
-38
-39
-40
-39
-41
-35
-30
-28
-20
-24
-23
-22
-29
-33
-37
-37
-28
-36
-42
-36
-35
-28
-26
-22
0
9
27
42
55
77
82
93
111
129
153
168
180
196
205
214
223
233
240
244
236
232
224
209
194
168
150
136
114
99
72
42
14
-17
-39
-65
-92
-113
-133
-150
-166
-191
-207
-216
-221
-222
-225
-218
-207
-201
-195
-187
-170
-154
-137
-114
-91
-69
-53
-34
-10
9
25
35
51
69
85
96
102
106
105
106
105
104
99
96
92
81
68
53
40
28
17
7
-5
-17
-29
-38
-45
-52
-61
-64
-65
-69
-75
-78
-80
-82
-81
-79
-81
-81
-77
-78
-79
-75
-69
-67
-61
-56
-51
-50
-46
-39
-36
-37
-31
-23
-19
-16
-11
-2
6
14
24
33
39
53
70
86
96
109
125
134
140
144
149
155
164
173
179
184
188
189
192
185
171
160
156
141
122
109
100
79
60
47
33
12
-6
-21
-35
-50
-68
-86
-99
-111
-122
-134
-147
-153
-151
-149
-152
-149
-139
-131
-127
-120
-111
-105
-95
-84
-74
-63
-51
-40
-27
-18
-7
5
15
24
36
47
51
51
55
58
59
54
49
48
47
45
36
29
25
18
13
11
5
-1
-6
-11
-20
-25
-28
-32
-39
-43
-46
-48
-53
-51
-50
-60
-67
-66
-63
-62
-58
-50
-52
-63
-63
-58
-54
-50
-40
-34
-34
-33
-26
-21
-16
-8
2
6
13
21
30
37
48
56
62
71
80
86
92
98
102
106
112
116
117
119
122
123
121
121
119
113
107
104
98
88
80
73
61
47
33
19
9
2
-4
-14
-26
-37
-46
-51
-57
-65
-72
-76
-82
-85
-90
-94
-97
-96
-93
-90
-86
-82
-78
-72
-62
-55
-53
-47
-38
-34
-28
-15
-5
-2
5
13
16
18
24
29
31
33
35
37
40
38
41
44
42
40
38
34
31
28
16
16
20
14
8
7
0
-8
-13
-23
-27
-28
-35
-37
-38
-42
-45
-48
-49
-48
-51
-51
-50
-48
-47
-50
-48
-45
-46
-43
-38
-37
-28
-19
-20
-14
-6
0
10
17
21
31
41
45
49
54
56
61
66
70
75
81
89
90
89
92
88
83
82
78
74
75
67
64
63
54
45
38
34
25
15
11
5
-5
-12
-21
-30
-34
-42
-48
-46
-51
-58
-58
-57
-61
-63
-62
-63
-62
-62
-64
-60
-55
-57
-53
-45
-43
-40
-35
-28
-26
-25
-21
-14
-8
-3
1
8
15
19
22
26
29
32
33
40
38
35
41
44
42
41
36
36
38
33
24
22
16
8
7
5
0
-6
-7
-14
-20
-22
-25
-32
-39
-41
-47
-46
-44
-49
-55
-52
-47
-49
-49
-44
-41
-42
-38
-38
-33
-21
-15
-14
-4
0
3
15
26
31
33
39
43
44
48
57
62
69
72
69
66
69
70
72
71
72
74
66
61
59
47
45
49
39
25
20
13
3
-6
-11
-15
-23
-29
-31
-33
-38
-44
-49
-54
-59
-63
-65
-66
-67
-68
-69
-67
-63
-64
-63
-59
-57
-54
-51
-48
-38
-30
-25
-20
-15
-8
1
7
12
14
17
20
26
32
40
45
47
50
51
51
53
57
61
61
60
59
58
53
45
40
38
34
26
19
15
12
8
3
-3
-9
-13
-19
-26
-31
-36
-40
-42
-42
-41
-40
-38
-37
-38
-39
-38
-36
-34
-34
-34
-33
-28
-21
-16
-12
-10
-7
-3
6
16
23
28
32
35
40
42
46
49
53
57
57
57
57
55
56
54
53
51
49
46
42
37
33
28
26
22
17
10
2
-5
-8
-11
-15
-21
-25
-33
-40
-45
-47
-48
-52
-55
-56
-55
-55
-61
-67
-68
-67
-64
-64
-62
-61
-57
-53
-49
-42
-35
-28
-22
-14
-12
-11
-5
6
11
12
16
19
25
28
33
43
48
45
48
55
59
57
55
58
60
55
50
45
45
45
41
36
31
28
23
15
10
7
1
-4
-11
-15
-15
-22
-27
-26
-33
-41
-41
-37
-39
-42
-44
-45
-49
-46
-44
-42
-38
-33
-28
-25
-19
-12
-10
-4
-2
1
8
16
17
23
31
36
41
42
45
50
51
49
46
48
53
50
47
42
44
45
42
38
37
29
24
28
22
13
13
7
-3
-5
-14
-24
-25
-27
-28
-30
-38
-43
-47
-51
-52
-55
-57
-58
-60
-59
-57
-58
-56
-53
-49
-49
-47
-42
-38
-33
-25
-20
-19
-17
-13
-8
-4
1
10
14
17
19
22
26
30
31
35
36
36
37
37
38
37
39
36
37
37
33
34
31
29
28
27
25
23
21
19
15
12
10
8
5
2
0
-2
-4
-7
-10
-9
-9
-9
-13
-16
-14
-11
-14
-15
-16
-12
-10
-9
-10
-7
-2
-3
-5
-1
0
0
6
4
-1
3
4
6
10
8
9
9
8
11
12
10
10
10
9
7
6
4
3
1
1
1
0
0
1
0
-1
-1
-4
-5
-4
-7
-8
-8
-9
-13
-12
-11
-14
-16
-11
-11
-13
-12
-10
-13
-14
-12
-13
-14
-14
-12
-12
-12
-11
-13
-12
-11
-11
-10
-10
-10
-10
-8
-6
-3
-4
-3
-4
-1
2
3
5
8
10
11
12
14
12
11
15
14
13
17
19
16
16
19
16
16
17
15
14
16
13
11
11
9
9
8
6
8
6
5
6
0
-1
-4
-3
0
-2
-2
-10
-8
-4
-7
-3
-7
-8
-8
-4
-6
-10
-5
-1
-5
-8
-2
-2
-3
-4
-2
0
2
4
4
3
1
1
4
6
5
3
3
5
5
5
4
5
5
5
5
6
4
4
4
2
2
3
1
-1
0
-1
-5
-5
-4
-8
-12
-10
-10
-15
-12
-8
-11
-14
-14
-16
-17
-15
-12
-14
-13
-15
-15
-11
-9
-12
-8
-8
-9
-3
-4
-6
-1
-1
1
8
6
5
8
8
9
11
14
12
14
15
12
17
16
13
17
15
15
17
14
13
17
14
9
12
10
10
9
6
6
9
9
6
5
3
2
2
6
1
1
1
3
4
-2
-3
1
-4
-4
3
1
-4
2
0
-4
3
2
0
2
-3
-1
-2
0
3
-4
-2
-2
-3
2
-5
-3
-3
-3
1
-2
0
-4
-9
-4
1
-3
-4
-4
-4
-5
-2
-3
-6
-5
0
-5
-11
-9
-4
-7
-8
-6
-3
-9
-7
-4
-4
-6
-5
-6
-7
-7
-6
-8
-9
-8
-8
-6
-6
-6
-9
-9
-7
-7
-1
-3
-3
-2
-5
0
-2
0
1
-2
2
-1
3
4
2
4
3
5
6
8
7
9
8
8
9
10
11
12
12
9
9
10
9
9
10
11
10
8
7
7
6
7
8
11
10
6
5
9
8
4
5
9
6
2
7
5
2
8
9
4
5
1
-2
2
-1
-4
1
-1
-5
-10
-6
-4
-6
-5
-6
-8
-10
-6
-7
-9
-8
-9
-8
-8
-7
-6
-7
-7
-5
-2
1
0
-1
-1
-1
-1
1
0
-2
-3
-4
0
-2
-4
1
0
-3
1
1
-4
-5
-3
-2
-1
-1
-2
-3
-2
-5
-4
-6
-5
-3
-3
-2
-3
-5
-5
-5
-4
-3
-3
-4
-4
-3
-4
-2
2
-1
-6
0
2
-1
1
-1
1
7
1
-3
6
7
4
6
9
9
6
4
5
5
5
5
7
6
9
9
7
7
12
13
16
16
14
12
13
16
15
15
14
12
14
13
15
12
12
9
10
9
9
7
6
6
3
4
5
2
-2
0
5
-1
1
-4
-4
3
-6
-4
-3
-5
-4
-5
-3
-4
-4
-2
-7
-10
-5
-9
-8
-4
-8
-8
-7
-10
-7
-6
-10
-7
-5
-9
-9
-5
-7
-9
-7
-5
-9
-9
-7
-10
-11
-7
-10
-10
-8
-9
-9
-9
-9
-9
-9
-10
-9
-10
-10
-7
-6
-8
-6
-5
-3
-5
-5
-5
-3
-2
-4
-3
-1
0
0
1
0
0
1
3
5
5
5
5
4
4
3
5
5
4
1
3
5
8
6
6
7
9
8
9
8
8
9
9
9
12
10
9
8
10
10
11
11
11
11
10
10
11
14
11
10
10
13
11
6
8
10
13
10
3
6
3
4
3
0
3
-1
1
1
-1
0
-2
-1
-1
-3
-2
-3
-4
-4
-6
-7
-6
-6
-5
-5
-7
-5
-5
-4
-4
-4
-6
-9
-11
-10
-10
-8
-9
-11
-11
-13
-14
-14
-15
-14
-12
-13
-15
-16
-14
-13
-13
-9
-8
-9
-8
-12
-15
-9
-11
-9
-6
-8
-7
-4
-6
-3
-1
-1
-1
-1
-1
-1
-1
0
1
1
2
2
4
5
4
4
6
7
6
3
5
7
7
4
3
6
7
4
3
3
7
7
6
6
7
7
6
7
8
10
9
11
12
11
11
9
9
9
9
11
10
10
10
11
11
11
12
11
11
11
10
10
9
9
9
9
7
7
6
4
4
7
7
4
7
8
3
1
4
4
0
1
1
-4
-5
-6
-3
-7
-7
-7
-10
-8
-10
-10
-9
-12
-13
-12
-12
-14
-9
-14
-15
-11
-14
-14
-10
-13
-14
-10
-11
-10
-9
-8
-8
-7
-4
-4
-5
-5
-4
-3
-4
-6
-3
-2
0
-3
-5
2
0
-6
-2
-1
-1
-1
-5
-2
1
-3
-5
-3
-1
-1
-2
-1
0
-3
0
-3
-4
-1
-5
-5
1
0
1
4
2
2
3
4
7
6
6
7
8
8
9
10
12
10
12
12
8
9
13
14
12
9
9
11
12
11
11
12
14
12
9
9
12
10
7
6
7
7
5
3
0
2
4
4
5
1
-6
-10
-9
-12
-8
-10
-12
-13
-15
-15
-13
-12
-15
-15
-17
-18
-19
-19
-19
-18
-17
-15
-14
-14
-14
-14
-13
-13
-11
-10
-10
-9
-7
-9
-8
-5
-4
-5
-4
-3
-5
-5
2
4
1
1
4
1
0
1
0
0
2
4
2
2
2
2
1
3
3
5
2
-2
0
3
2
0
-2
1
3
3
3
5
8
9
8
9
10
10
10
11
11
12
11
11
12
14
13
11
13
14
16
15
16
17
18
17
14
13
12
10
9
8
8
7
8
8
9
8
7
6
5
5
4
3
2
-1
-4
-5
-5
-4
-5
-8
-8
-9
-9
-7
-9
-11
-15
-15
-13
-9
-11
-14
-14
-14
-14
-15
-16
-13
-11
-13
-15
-14
-13
-14
-15
-15
-14
-16
-15
-16
-14
-12
-11
-8
-7
-7
-6
-5
-2
-2
-4
-5
-4
-2
-1
-2
-2
-2
-3
-4
-1
2
6
4
2
1
3
5
4
4
4
3
4
4
3
1
4
6
8
6
5
8
10
8
10
11
6
6
13
17
15
17
18
16
15
19
18
16
17
19
21
22
21
19
18
20
21
19
21
20
13
8
10
12
9
8
9
6
3
3
3
2
3
5
