-1
0
1
0
3
3
5
4
2
0
-2
-1
1
2
3
2
0
-2
-2
-2
-1
0
-1
-2
-4
-4
-4
-4
-2
-3
-1
0
2
2
1
0
1
2
4
4
1
0
0
0
0
0
-1
-1
0
3
3
2
-2
-3
-2
1
5
5
6
7
5
3
2
1
1
0
0
-1
-1
-1
0
0
3
2
2
1
0
-1
-1
0
2
4
3
1
1
2
4
3
2
2
1
0
2
1
-3
-2
1
1
-3
-3
1
4
2
0
2
5
6
0
-2
4
3
0
0
3
2
-1
-1
-2
-3
-3
-3
-3
-6
-4
-5
-5
-4
-2
-1
-1
0
-2
-2
-3
-2
-1
0
2
2
4
4
2
0
1
-1
-4
-3
-2
-4
-5
0
2
-1
2
4
2
0
1
1
-2
-2
-1
-1
-1
1
0
1
1
2
1
1
0
-1
-2
-2
-1
-4
-3
-1
1
3
-1
2
4
4
0
-1
3
-2
-4
1
3
3
5
7
5
4
4
2
0
1
2
1
0
1
2
3
4
1
1
2
2
6
4
5
4
4
5
2
4
2
3
0
-2
-1
-2
-1
0
3
5
5
4
7
9
6
3
3
5
5
2
-1
2
3
0
-3
-3
-3
-3
-3
-4
-4
-5
-4
-5
-6
-7
-7
-8
-7
-9
-10
-10
-10
-9
-7
-7
-6
-5
-6
-4
-3
-3
-1
1
0
2
3
1
2
-1
-1
1
1
1
4
7
7
3
3
7
6
3
1
2
3
3
4
6
5
4
5
8
8
4
5
7
6
3
-1
-2
-2
0
-1
-1
1
1
1
1
0
0
-1
-1
-1
-2
-3
-4
-3
-4
-2
-1
-1
0
1
1
-1
-1
0
2
-1
-4
-3
0
0
-2
-2
0
2
-1
-3
-2
-1
-1
0
0
1
1
1
1
1
0
1
1
2
1
0
2
3
5
6
7
8
7
6
4
3
3
3
1
2
2
0
0
-1
-1
-3
-3
-1
3
0
-2
-4
-5
-3
-3
-4
-5
-6
-5
-6
-6
-4
-4
-6
-5
-6
-5
-4
-6
0
1
0
-1
-2
7
2
1
1
-1
3
0
2
3
4
5
2
1
1
0
0
0
0
2
4
6
5
4
4
4
5
5
4
2
2
1
3
1
2
2
1
1
1
0
0
0
0
2
3
3
2
0
0
0
0
0
-1
-2
-3
-4
-4
-4
-6
-5
-2
0
-1
-4
-3
-2
-2
-5
-8
-7
-5
-4
-7
-6
0
3
2
5
4
4
7
2
-1
4
2
0
2
2
3
4
3
2
1
2
0
-2
3
1
0
6
4
4
7
3
1
1
-3
-4
-3
-3
-3
-2
-1
0
0
0
0
-4
-5
-5
-7
-5
-4
-4
-4
-4
-5
-3
-2
-3
-1
-4
-6
-7
-5
-5
-4
-5
-5
-4
-1
3
4
3
1
0
0
3
4
5
6
6
6
6
9
10
9
8
6
6
6
4
2
0
-1
-1
0
1
1
1
3
4
4
4
2
1
0
0
1
4
7
5
8
10
6
3
4
1
-1
0
-1
-7
-7
-2
-1
-5
-4
-1
0
-4
-6
-8
-7
-4
-5
-2
0
1
2
2
5
5
2
4
2
0
2
-4
-4
-1
-2
1
0
-7
-1
-1
-5
-2
-5
-4
2
-1
-4
-3
-1
0
3
1
1
-1
1
-1
-3
0
0
-2
2
6
4
-1
5
6
3
3
2
-3
-1
-1
-2
1
-1
-2
1
-2
-2
0
-4
-5
-3
0
-1
-4
1
5
4
2
4
5
5
4
2
0
0
0
-2
0
2
4
6
7
7
5
2
2
0
-2
-2
-3
-3
-1
-1
1
3
3
3
4
1
0
-3
-3
-5
-4
-3
-2
-2
1
3
1
1
0
-1
-2
-5
-5
-5
-4
-2
4
6
5
3
-1
-1
-1
2
0
0
-3
-1
-1
0
4
6
6
5
1
-2
-4
-5
-4
-4
-3
-4
-4
2
3
4
8
4
1
1
-2
-3
1
0
1
4
0
0
4
4
5
5
1
-2
-4
-7
-8
-7
-6
-3
1
3
5
4
2
2
1
2
0
0
0
0
1
2
3
4
3
4
3
1
-1
-1
-2
-2
-1
0
3
4
4
5
6
6
2
2
2
1
-2
-6
-6
-2
0
2
2
0
0
1
1
1
0
-1
1
0
0
1
3
4
5
5
5
4
1
2
2
-1
-2
-3
-3
-3
-3
-3
2
0
-1
-1
-1
-5
-9
-4
-5
-3
1
3
4
2
6
5
2
1
-5
-4
0
-2
-2
0
1
0
4
7
3
-2
-2
1
-4
-2
0
-3
-3
1
-3
-2
2
-1
-1
2
-2
-3
-2
-2
-1
1
1
3
3
3
3
1
1
0
-2
-2
-2
-5
-3
0
-1
2
2
2
2
1
-3
-2
-2
-1
0
2
5
8
9
7
5
6
5
0
-3
-1
2
1
0
2
6
6
6
4
5
4
3
0
1
0
-1
1
0
4
2
3
3
0
1
0
-2
-3
-3
0
3
2
0
3
6
7
3
3
5
3
-1
-5
-6
-5
-2
0
-3
1
4
1
-2
0
-1
-6
-4
-2
-5
-5
-2
0
0
1
1
0
-1
-4
-6
-7
-9
-8
-6
-5
-3
2
5
3
2
4
-1
-3
1
-1
-3
-4
-5
-1
1
3
5
4
3
2
2
0
-2
-4
-3
0
1
2
5
5
3
5
7
4
0
-1
-2
-5
0
6
6
4
5
4
2
2
4
3
2
0
0
-2
2
3
2
0
1
2
2
1
0
2
3
1
2
3
1
0
3
6
3
-1
-1
-1
-2
-1
1
3
0
1
1
2
4
4
4
4
3
1
-2
0
0
-2
-4
-5
-4
-2
-2
-3
-2
-4
-5
-5
-1
0
-1
-1
0
0
-2
-2
1
4
4
3
2
3
1
2
1
1
1
0
2
2
3
2
2
0
-1
-3
-3
-3
-2
-4
-2
0
0
1
0
1
3
2
-1
-1
1
-2
-3
1
2
-1
1
2
-1
-4
-2
-3
-5
-4
-1
-1
-1
0
1
1
0
0
4
4
3
0
-1
0
1
1
2
1
2
1
1
2
0
-2
1
1
0
-1
-1
2
3
3
4
4
2
1
0
1
0
1
3
0
0
-1
-2
-2
-2
-1
0
3
5
4
4
2
3
0
1
1
1
1
4
5
4
1
0
0
-1
-1
1
2
3
3
4
4
2
0
-1
-1
-2
-2
-3
-4
-3
-1
0
2
2
3
5
3
1
0
-1
-4
-3
-4
-3
-2
-2
-1
0
0
-1
-1
-2
-4
-3
-4
-4
-4
-3
-1
-1
-1
0
0
-1
-1
-1
-3
-6
-5
-2
-5
-5
0
1
-2
-1
4
0
0
2
1
1
2
0
2
4
2
1
5
4
-1
0
3
2
0
4
2
2
5
6
2
2
3
5
3
0
0
0
1
-1
-5
-1
3
3
2
3
0
0
-2
-2
-2
-2
-2
-1
-1
0
1
1
1
1
1
1
-2
-5
-3
0
-1
-1
1
6
6
2
-2
-2
1
-3
-6
0
2
-1
2
3
4
6
0
-3
1
0
0
1
-3
-3
0
2
2
1
-1
-4
-3
0
-1
-4
-3
-2
-4
-5
0
2
-1
3
5
4
1
0
-1
-2
-1
-2
-3
-2
1
0
1
3
3
3
3
1
-3
-2
-2
-3
-1
1
2
2
4
5
3
4
3
1
2
-1
0
0
-1
0
3
5
3
0
1
3
3
-2
-2
0
5
5
4
5
6
5
4
3
0
-3
-4
-2
-1
-4
-5
1
2
-1
0
-1
-2
-1
-6
-7
-2
-4
-4
-1
-6
-5
-1
2
3
2
0
-1
-2
-1
-1
-4
-4
-3
-3
0
1
1
6
4
2
1
-5
-3
-4
-3
1
-4
2
0
-1
5
-1
2
1
1
2
-3
0
0
-2
1
2
3
3
5
5
4
3
4
2
1
0
-1
-2
0
1
0
-1
0
0
1
-1
-4
-7
-9
-8
-7
-5
-7
-7
-8
-8
-5
-5
-2
-2
2
1
2
5
3
4
1
2
3
-1
1
-1
2
1
-6
-3
-5
1
2
1
4
4
5
3
3
1
1
1
3
4
6
7
7
7
6
4
3
2
1
1
1
1
0
-2
0
4
9
9
8
8
11
7
2
0
2
3
3
1
1
2
2
0
0
-1
-3
-6
-8
-9
-11
-11
-9
-8
-5
-1
2
4
7
5
6
4
2
1
-2
-4
-6
-8
-10
-11
-12
-12
-10
-10
-7
-8
-4
0
3
6
4
2
1
2
5
6
8
8
9
10
10
10
12
12
11
9
4
-3
-11
-14
-14
-14
-13
-14
-17
-16
-13
-7
-1
3
4
1
-2
-6
-10
-12
-13
-12
-11
-9
-6
-5
-3
-2
-1
0
1
3
4
6
9
11
13
15
16
19
20
21
19
19
16
13
11
8
5
4
1
0
0
0
1
3
5
9
11
15
16
20
22
23
25
27
26
23
20
17
11
4
0
-6
-9
-13
-12
-14
-14
-11
-9
-5
-2
0
3
4
4
6
4
3
6
0
3
0
-5
1
-9
-6
-6
-14
-7
-20
-14
-17
-24
-8
-22
-10
-11
-17
-3
-15
-2
-12
0
12
-18
3
-17
-31
-26
-28
-6
-52
-23
-33
-90
-60
-104
-108
-134
-129
-63
-70
38
95
133
219
202
204
90
-21
-126
-304
-373
-482
-557
-657
-791
-796
-764
-468
2
564
1145
1428
1489
1260
920
647
417
414
382
329
176
-182
-428
-638
-595
-276
120
612
817
779
501
122
-22
-86
60
126
25
-116
-368
-418
-320
-57
215
296
251
-49
-306
-411
-447
-356
-307
-296
-366
-448
-377
-293
-94
153
240
230
74
-150
-361
-471
-454
-449
-412
-403
-419
-411
-326
-111
70
218
211
14
-193
-392
-438
-386
-311
-212
-213
-204
-186
-143
-27
80
200
268
307
270
166
76
-34
-24
68
202
365
403
375
313
282
291
339
481
520
486
404
274
167
106
160
201
266
302
305
368
365
311
187
39
-12
53
176
257
286
253
211
202
249
347
453
502
471
404
345
301
248
158
30
-113
-226
-261
-218
-121
-38
-8
-42
-114
-217
-328
-447
-567
-664
-754
-770
-760
-736
-709
-759
-788
-863
-966
-1081
-1201
-1278
-1401
-1439
-1370
-1288
-1218
-1148
-1050
-921
-746
-521
-272
-62
107
144
125
109
94
167
242
395
580
753
936
1062
1236
1386
1481
1563
1603
1572
1441
1284
1135
982
845
816
850
850
886
972
1088
1263
1386
1375
1302
1166
992
878
823
782
694
563
432
302
284
393
524
679
788
781
684
481
204
-59
-342
-597
-774
-976
-1198
-1464
-1685
-1843
-1989
-2104
-2248
-2360
-2528
-2702
-2841
-2951
-2930
-2935
-2871
-2742
-2606
-2346
-2067
-1720
-1372
-1074
-788
-560
-273
-32
197
440
619
854
1037
1209
1412
1577
1720
1770
1796
1768
1724
1672
1534
1425
1284
1137
1000
835
741
590
406
268
91
-81
-197
-240
-287
-312
-293
-270
-169
27
250
456
673
867
1013
1146
1301
1474
1631
1729
1794
1884
1961
2077
2194
2289
2353
2342
2366
2325
2225
2123
1948
1707
1402
1123
823
520
306
18
-227
-368
-503
-629
-833
-1082
-1496
-2074
-2678
-3306
-3838
-4223
-4504
-4743
-4920
-4957
-4878
-4681
-4401
-4068
-3735
-3460
-3223
-2995
-2786
-2548
-2257
-1988
-1733
-1412
-991
-463
131
682
1177
1627
1954
2183
2392
2553
2605
2561
2436
2283
2145
2003
1877
1687
1486
1280
1055
917
772
635
437
207
-1
-233
-371
-452
-480
-449
-381
-251
-72
185
497
819
1155
1516
1814
2084
2410
2757
3103
3426
3662
3800
3929
3976
3986
3971
3877
3749
3533
3359
3184
2966
2741
2402
1990
1511
1043
607
187
-235
-753
-1379
-2054
-2743
-3454
-4115
-4689
-5194
-5629
-5991
-6283
-6469
-6532
-6533
-6471
-6394
-6214
-5968
-5659
-5177
-4685
-4184
-3711
-3275
-2809
-2311
-1676
-1002
-351
223
714
1192
1658
2108
2525
2890
3166
3331
3383
3431
3432
3372
3287
3113
2928
2660
2381
2114
1770
1425
1040
659
326
55
-152
-309
-433
-550
-602
-586
-541
-425
-262
-87
154
466
806
1187
1582
1974
2365
2747
3152
3568
3928
4240
4502
4675
4767
4762
4687
4591
4424
4173
3871
3483
3040
2584
2085
1568
1033
408
-288
-1043
-1892
-2794
-3681
-4496
-5216
-5879
-6484
-6994
-7382
-7632
-7740
-7689
-7497
-7265
-6981
-6611
-6209
-5766
-5275
-4801
-4361
-3933
-3475
-2918
-2288
-1634
-986
-326
355
1018
1629
2193
2722
3129
3459
3697
3819
3908
3885
3795
3632
3428
3221
2944
2723
2488
2190
1917
1660
1464
1236
1012
822
620
479
346
271
276
310
391
453
601
811
1048
1365
1698
2100
2494
2843
3257
3605
3900
4176
4337
4472
4517
4507
4463
4307
4153
3872
3515
3156
2773
2407
1933
1392
712
-70
-909
-1820
-2678
-3568
-4421
-5239
-6052
-6726
-7272
-7622
-7817
-7904
-7871
-7779
-7513
-7123
-6720
-6286
-5847
-5367
-4957
-4578
-4081
-3540
-2946
-2392
-1820
-1206
-606
57
684
1329
1899
2352
2754
3076
3411
3593
3657
3639
3535
3399
3175
2990
2789
2534
2250
1917
1676
1476
1302
1129
919
753
553
396
353
348
339
285
312
421
552
753
1040
1383
1718
2061
2446
2873
3316
3741
4117
4425
4665
4816
4885
4901
4861
4725
4471
4127
3736
3327
2907
2491
2045
1534
929
202
-597
-1412
-2265
-3119
-3950
-4772
-5550
-6255
-6849
-7259
-7510
-7667
-7711
-7613
-7360
-6995
-6584
-6150
-5696
-5241
-4815
-4411
-3965
-3459
-2958
-2511
-2075
-1585
-1041
-492
54
615
1161
1641
2063
2487
2897
3199
3352
3417
3412
3300
3104
2898
2682
2409
2080
1758
1501
1304
1115
914
743
640
562
487
465
518
575
585
610
710
850
981
1137
1364
1617
1861
2147
2533
2964
3352
3697
4044
4353
4567
4713
4826
4874
4805
4598
4284
3904
3469
2977
2466
1988
1494
923
287
-377
-1062
-1800
-2559
-3293
-3998
-4714
-5415
-6031
-6516
-6882
-7173
-7314
-7335
-7243
-7024
-6737
-6329
-5894
-5436
-4953
-4498
-3999
-3534
-3056
-2585
-2158
-1681
-1198
-674
-169
297
785
1185
1556
1916
2277
2617
2813
2953
3008
2982
2922
2792
2683
2523
2307
2056
1768
1567
1356
1127
911
733
627
497
438
483
579
661
711
826
987
1136
1300
1496
1713
1932
2127
2369
2689
2988
3260
3544
3837
4101
4306
4446
4547
4571
4460
4235
3961
3682
3276
2803
2335
1850
1321
667
-2
-691
-1417
-2148
-2888
-3513
-4156
-4787
-5338
-5859
-6234
-6556
-6796
-6889
-6947
-6870
-6650
-6342
-5968
-5570
-5135
-4744
-4340
-3886
-3409
-2900
-2459
-1996
-1522
-1058
-549
-106
353
770
1107
1448
1747
2062
2345
2543
2666
2738
2761
2716
2663
2592
2461
2233
1934
1655
1396
1097
775
521
348
220
140
133
200
306
411
527
712
941
1149
1373
1649
1913
2119
2338
2608
2874
3148
3464
3789
4068
4293
4482
4656
4782
4786
4720
4560
4344
4033
3614
3182
2685
2199
1624
942
246
-545
-1366
-2181
-2930
-3644
-4359
-4997
-5570
-6087
-6511
-6805
-6967
-7021
-6990
-6885
-6671
-6365
-6023
-5660
-5264
-4841
-4429
-3995
-3504
-2979
-2501
-2055
-1581
-1092
-593
-147
339
816
1192
1538
1840
2192
2487
2674
2829
2884
2888
2812
2701
2591
2423
2180
1878
1571
1284
1023
763
542
390
222
66
30
90
139
177
275
455
665
879
1121
1387
1648
1884
2133
2444
2802
3144
3454
3781
4125
4411
4616
4788
4932
5001
4958
4828
4635
4356
3978
3537
3049
2477
1796
1048
266
-535
-1351
-2175
-2984
-3702
-4380
-5069
-5681
-6175
-6582
-6875
-7044
-7123
-7113
-7018
-6831
-6574
-6266
-5904
-5517
-5125
-4686
-4185
-3657
-3129
-2609
-2093
-1562
-1009
-457
63
552
1011
1393
1723
2069
2391
2653
2861
2988
3056
3073
3029
2961
2854
2663
2412
2131
1856
1597
1304
1008
750
536
319
106
14
32
38
41
146
316
502
704
907
1187
1457
1694
1985
2315
2683
3011
3313
3640
3915
4148
4332
4506
4640
4648
4589
4493
4348
4103
3763
3410
3020
2554
1973
1274
537
-246
-1083
-1948
-2766
-3530
-4287
-5019
-5659
-6171
-6562
-6825
-6985
-7062
-7055
-6954
-6733
-6451
-6109
-5743
-5377
-4971
-4554
-4073
-3572
-3087
-2579
-2097
-1590
-1059
-534
-20
477
951
1351
1755
2176
2534
2825
2996
3109
3183
3151
3090
2993
2802
2528
2205
1867
1556
1269
973
712
486
270
80
-37
-55
-46
-48
-10
105
277
445
623
879
1196
1454
1700
2043
2397
2743
3066
3378
3771
4087
4309
4541
4716
4820
4818
4778
4699
4521
4261
3908
3542
3112
2612
2014
1337
638
-156
-971
-1796
-2587
-3357
-4148
-4840
-5461
-5980
-6380
-6686
-6868
-6986
-7030
-6955
-6778
-6493
-6181
-5861
-5492
-5096
-4687
-4241
-3721
-3189
-2708
-2237
-1720
-1177
-681
-172
335
766
1147
1502
1909
2295
2592
2811
2939
3038
3072
3026
2931
2789
2578
2278
1954
1669
1408
1107
779
499
288
113
-23
-66
-31
-11
7
87
245
447
642
847
1111
1372
1626
1936
2271
2615
2946
3238
3550
3857
4119
4358
4540
4644
4702
4706
4660
4546
4316
4023
3673
3274
2794
2201
1544
798
12
-811
-1635
-2389
-3129
-3855
-4585
-5245
-5775
-6192
-6515
-6771
-6928
-6968
-6903
-6747
-6504
-6198
-5858
-5512
-5148
-4743
-4285
-3787
-3295
-2823
-2342
-1859
-1358
-830
-330
144
608
1031
1462
1898
2277
2603
2865
3030
3124
3176
3189
3139
3003
2785
2502
2182
1865
1573
1231
884
577
301
77
-113
-178
-193
-231
-217
-138
14
187
358
574
839
1103
1358
1675
2011
2314
2619
2967
3334
3671
3979
4252
4462
4587
4676
4744
4746
4670
4491
4234
3949
3607
3206
2697
2080
1397
618
-187
-1008
-1821
-2589
-3393
-4149
-4844
-5435
-5908
-6323
-6639
-6857
-6918
-6885
-6757
-6503
-6208
-5900
-5612
-5262
-4884
-4473
-3986
-3507
-3039
-2585
-2101
-1607
-1109
-594
-108
348
784
1214
1636
2042
2399
2679
2881
3013
3074
3073
3025
2907
2690
2405
2096
1771
1435
1093
748
438
197
8
-163
-274
-298
-294
-302
-263
-115
81
249
409
641
932
1205
1475
1825
2220
2571
2891
3247
3639
4000
4290
4526
4740
4916
5003
4996
4944
4833
4608
4293
3967
3622
3169
2597
1955
1246
460
-380
-1202
-1981
-2784
-3611
-4386
-5074
-5663
-6171
-6589
-6849
-7016
-7153
-7148
-6961
-6707
-6440
-6138
-5770
-5376
-5000
-4568
-4038
-3505
-3046
-2590
-2053
-1488
-989
-525
-33
432
839
1224
1630
2021
2364
2599
2747
2925
3023
2997
2912
2784
2619
2337
1991
1709
1465
1152
795
505
287
101
-85
-206
-202
-179
-200
-151
38
261
430
626
924
1241
1506
1783
2138
2513
2821
3105
3469
3878
4205
4430
4642
4863
4999
5025
5026
5015
4891
4623
4291
3962
3597
3098
2469
1799
1103
314
-536
-1338
-2099
-2912
-3772
-4544
-5224
-5824
-6351
-6754
-6982
-7157
-7272
-7247
-7033
-6731
-6486
-6182
-5772
-5337
-4928
-4492
-3958
-3432
-2993
-2572
-2067
-1510
-1006
-550
-70
426
855
1238
1655
2091
2441
2649
2807
2942
2993
2931
2791
2664
2456
2149
1830
1547
1275
923
591
348
122
-115
-302
-376
-404
-452
-464
-340
-111
88
248
488
833
1159
1439
1782
2211
2603
2932
3295
3717
4108
4399
4637
4872
5052
5160
5192
5195
5167
5002
4746
4455
4165
3788
3260
2680
2033
1290
463
-374
-1179
-2011
-2866
-3690
-4451
-5156
-5792
-6325
-6720
-7000
-7218
-7339
-7296
-7112
-6894
-6663
-6353
-5974
-5590
-5189
-4709
-4167
-3654
-3190
-2715
-2187
-1640
-1134
-677
-193
299
715
1094
1490
1903
2226
2422
2613
2765
2836
2816
2728
2644
2469
2214
1955
1688
1413
1074
747
494
237
-1
-179
-270
-316
-350
-301
-158
34
245
481
747
1065
1412
1753
2089
2452
2837
3182
3487
3829
4205
4518
4738
4946
5173
5336
5402
5424
5407
5285
5051
4753
4418
4017
3509
2898
2229
1492
640
-272
-1138
-1967
-2829
-3704
-4513
-5234
-5895
-6483
-6941
-7249
-7467
-7646
-7696
-7549
-7326
-7107
-6814
-6413
-5971
-5556
-5137
-4610
-4036
-3542
-3096
-2592
-2006
-1451
-988
-507
14
468
858
1267
1716
2113
2380
2582
2788
2932
2936
2868
2822
2727
2489
2176
1905
1676
1374
968
605
356
118
-141
-329
-407
-429
-438
-383
-204
50
316
588
911
1289
1669
2035
2450
2887
3256
3566
3908
4298
4627
4851
5056
5292
5484
5572
5602
5629
5595
5405
5102
4781
4439
3998
3432
2791
2097
1307
432
-439
-1293
-2194
-3129
-4030
-4855
-5626
-6344
-6932
-7347
-7666
-7925
-8056
-7997
-7803
-7571
-7287
-6892
-6447
-6016
-5567
-5051
-4485
-3943
-3451
-2924
-2353
-1817
-1318
-814
-305
159
564
971
1404
1795
2098
2363
2621
2815
2918
2959
2941
2858
2693
2444
2183
1940
1637
1247
864
537
246
-26
-249
-378
-430
-445
-407
-271
-58
184
440
746
1126
1552
1961
2361
2788
3192
3553
3908
4273
4640
4935
5143
5344
5529
5647
5683
5664
5629
5521
5268
4950
4624
4244
3751
3164
2525
1823
1012
124
-768
-1641
-2539
-3461
-4326
-5110
-5855
-6555
-7139
-7551
-7850
-8092
-8203
-8119
-7909
-7646
-7327
-6921
-6437
-5964
-5525
-5008
-4402
-3852
-3380
-2888
-2337
-1813
-1366
-917
-412
63
457
836
1260
1683
2013
2246
2464
2669
2781
2781
2736
2684
2548
2296
2019
1760
1462
1098
742
460
218
-11
-183
-258
-263
-235
-155
33
316
621
922
1284
1729
2179
2596
3010
3456
3876
4212
4515
4850
5168
5392
5542
5698
5847
5911
5893
5856
5786
5608
5308
4947
4571
4125
3568
2940
2252
1452
550
-390
-1311
-2244
-3218
-4169
-5030
-5832
-6587
-7234
-7737
-8115
-8393
-8560
-8578
-8439
-8185
-7857
-7455
-6975
-6459
-5944
-5393
-4792
-4192
-3632
-3098
-2555
-2020
-1525
-1033
-534
-72
341
728
1121
1542
1925
2228
2478
2702
2869
2955
2959
2904
2797
2612
2343
2038
1733
1400
1015
630
308
37
-222
-428
-525
-535
-508
-410
-182
132
452
784
1194
1676
2133
2543
2973
3427
3843
4180
4491
4823
5132
5362
5540
5715
5879
5961
5948
5904
5832
5670
5410
5095
4735
4282
3698
3052
2385
1624
738
-203
-1135
-2073
-3044
-4027
-4925
-5723
-6509
-7253
-7849
-8243
-8521
-8731
-8792
-8682
-8448
-8150
-7773
-7294
-6752
-6211
-5673
-5091
-4459
-3849
-3296
-2758
-2207
-1691
-1217
-743
-264
174
563
942
1335
1733
2089
2373
2607
2805
2935
2980
2979
2930
2813
2607
2326
2036
1738
1433
1082
738
464
231
52
-66
-73
5
112
297
563
901
1265
1623
2038
2482
2925
3345
3741
4140
4481
4749
5016
5292
5507
5622
5705
5799
5834
5775
5694
5620
5466
5172
4800
4446
4072
3580
2968
2313
1612
797
-121
-1049
-1962
-2908
-3886
-4830
-5690
-6497
-7241
-7871
-8356
-8686
-8912
-9014
-8943
-8733
-8431
-8083
-7653
-7131
-6571
-6004
-5443
-4843
-4232
-3658
-3123
-2607
-2059
-1534
-1058
-610
-163
301
702
1097
1512
1911
2245
2487
2731
2940
3062
3094
3045
2977
2817
2567
2292
2021
1745
1383
1020
722
482
270
87
38
90
190
331
568
917
1271
1617
2012
2486
2939
3319
3700
4101
4461
4709
4911
5160
5389
5546
5621
5697
5787
5793
5718
5612
5511
5325
5011
4639
4236
3762
3163
2506
1841
1122
291
-632
-1549
-2452
-3399
-4364
-5247
-6037
-6792
-7523
-8123
-8544
-8846
-9054
-9133
-9028
-8814
-8533
-8151
-7655
-7077
-6521
-5962
-5344
-4700
-4070
-3490
-2896
-2295
-1742
-1233
-758
-264
205
638
1032
1406
1809
2177
2485
2727
2948
3126
3212
3248
3241
3199
3049
2820
2563
2290
2024
1702
1381
1083
829
623
437
365
378
436
537
699
996
1321
1659
2031
2442
2880
3254
3613
3974
4301
4571
4781
4996
5185
5306
5356
5387
5413
5367
5237
5071
4909
4686
4360
3978
3585
3140
2581
1960
1349
701
-47
-901
-1751
-2574
-3434
-4324
-5169
-5909
-6601
-7288
-7886
-8307
-8577
-8774
-8882
-8818
-8590
-8305
-7965
-7519
-6959
-6394
-5867
-5289
-4653
-4010
-3442
-2901
-2341
-1823
-1364
-931
-461
3
400
754
1110
1501
1858
2160
2436
2688
2908
3030
3106
3153
3133
3038
2852
2665
2463
2230
1967
1683
1443
1212
1009
886
859
905
967
1086
1285
1566
1863
2154
2502
2895
3280
3594
3889
4215
4485
4688
4840
5014
5171
5230
5237
5221
5203
5097
4922
4738
4544
4290
3924
3530
3128
2695
2193
1620
1039
413
-278
-1051
-1851
-2633
-3439
-4277
-5105
-5842
-6502
-7134
-7702
-8176
-8509
-8737
-8845
-8814
-8666
-8386
-8026
-7563
-7033
-6460
-5851
-5256
-4639
-4032
-3438
-2870
-2338
-1828
-1371
-920
-475
-43
352
701
1062
1393
1712
2008
2283
2562
2758
2919
3029
3099
3121
3062
2982
2845
2681
2483
2263
2027
1768
1546
1339
1196
1103
1075
1119
1184
1323
1513
1767
2059
2338
2677
3032
3372
3661
3910
4191
4415
4559
4650
4732
4800
4770
4705
4656
4608
4495
4308
4139
3964
3694
3331
2954
2590
2169
1664
1150
623
34
-659
-1411
-2137
-2877
-3668
-4480
-5234
-5909
-6579
-7210
-7739
-8134
-8425
-8621
-8676
-8593
-8406
-8135
-7760
-7272
-6712
-6147
-5585
-4988
-4378
-3818
-3306
-2793
-2278
-1810
-1380
-939
-475
-42
324
665
1027
1397
1737
2068
2416
2746
3005
3206
3390
3521
3581
3553
3491
3417
3284
3119
2915
2712
2502
2253
2046
1893
1794
1724
1689
1728
1805
1926
2108
2338
2572
2812
3100
3377
3618
3804
3977
4124
4191
4229
4237
4273
4270
4182
4068
3936
3804
3595
3398
3203
2964
2675
2330
2003
1598
1150
662
142
-385
-1004
-1653
-2321
-3016
-3724
-4459
-5124
-5716
-6292
-6836
-7323
-7693
-7964
-8153
-8227
-8186
-8058
-7850
-7553
-7148
-6668
-6164
-5633
-5104
-4566
-4030
-3510
-2980
-2494
-2022
-1572
-1119
-621
-167
240
607
993
1406
1780
2134
2451
2754
3051
3314
3544
3700
3832
3924
3948
3904
3781
3663
3503
3284
3042
2792
2599
2394
2210
2102
2038
2026
2001
2029
2127
2234
2352
2480
2669
2869
3035
3182
3312
3425
3467
3516
3581
3634
3643
3575
3514
3422
3301
3155
2968
2804
2592
2342
2061
1751
1441
1020
553
57
-440
-939
-1502
-2075
-2691
-3317
-3928
-4557
-5122
-5671
-6196
-6702
-7154
-7467
-7715
-7862
-7912
-7867
-7723
-7511
-7166
-6752
-6297
-5823
-5339
-4821
-4289
-3722
-3157
-2600
-2062
-1566
-1096
-649
-181
286
716
1123
1514
1927
2336
2717
3076
3398
3681
3909
4098
4257
4386
4442
4436
4394
4310
4172
3967
3758
3536
3269
3009
2772
2571
2375
2196
2059
1974
1937
1925
1934
1974
2033
2099
2189
2289
2376
2447
2514
2573
2606
2621
2642
2653
2626
2571
2518
2473
2396
2263
2091
1897
1660
1377
1070
749
392
13
-360
-729
-1139
-1609
-2127
-2682
-3271
-3872
-4460
-5002
-5515
-6020
-6508
-6924
-7238
-7466
-7615
-7667
-7617
-7484
-7266
-6936
-6516
-6044
-5552
-5046
-4534
-4020
-3490
-2934
-2376
-1847
-1354
-848
-305
200
663
1121
1556
1984
2426
2847
3261
3654
3988
4292
4560
4759
4900
5004
5066
5039
4899
4714
4530
4286
3950
3581
3245
2953
2636
2297
2046
1874
1712
1559
1454
1431
1462
1470
1489
1567
1674
1779
1897
2022
2129
2206
2263
2318
2372
2397
2381
2351
2308
2209
2060
1905
1759
1580
1351
1106
854
570
249
-88
-437
-799
-1222
-1683
-2180
-2736
-3323
-3940
-4525
-5075
-5620
-6135
-6613
-6974
-7263
-7492
-7626
-7659
-7544
-7359
-7081
-6677
-6215
-5703
-5207
-4671
-4086
-3520
-2937
-2364
-1788
-1245
-746
-233
278
761
1195
1597
2025
2476
2899
3289
3675
4046
4362
4610
4836
5030
5128
5137
5088
5002
4836
4588
4322
4017
3659
3252
2857
2493
2135
1808
1515
1274
1071
916
836
814
832
868
947
1070
1203
1332
1458
1589
1678
1730
1783
1857
1927
1946
1953
1953
1932
1871
1794
1747
1660
1527
1358
1181
1009
775
502
184
-165
-536
-994
-1487
-2033
-2628
-3241
-3868
-4457
-5035
-5594
-6098
-6563
-6954
-7257
-7437
-7494
-7471
-7360
-7149
-6828
-6423
-5974
-5490
-4963
-4405
-3830
-3231
-2620
-2035
-1490
-966
-432
124
674
1193
1705
2199
2651
3100
3567
4013
4398
4719
4996
5245
5437
5541
5578
5555
5445
5245
4986
4694
4357
3942
3471
3002
2559
2116
1674
1279
943
644
386
207
117
88
91
139
238
365
509
665
832
994
1140
1282
1430
1579
1701
1766
1782
1765
1743
1735
1712
1670
1601
1496
1384
1255
1066
832
563
247
-112
-496
-917
-1405
-1969
-2564
-3174
-3792
-4402
-4978
-5533
-6075
-6566
-6960
-7238
-7397
-7449
-7397
-7235
-6961
-6598
-6166
-5667
-5126
-4567
-3986
-3368
-2726
-2085
-1456
-829
-228
363
947
1502
2014
2479
2898
3308
3710
4085
4462
4775
5046
5267
5419
5540
5570
5533
5417
5208
4930
4566
4175
3725
3227
2710
2188
1709
1235
790
415
80
-186
-386
-505
-533
-528
-466
-351
-196
2
191
406
645
862
1051
1204
1388
1572
1700
1791
1856
1917
1959
1956
1927
1886
1817
1722
1609
1467
1282
1043
766
456
88
-339
-811
-1313
-1861
-2463
-3080
-3669
-4242
-4805
-5343
-5833
-6253
-6593
-6843
-6995
-7048
-7016
-6898
-6681
-6350
-5927
-5442
-4915
-4352
-3764
-3154
-2514
-1862
-1226
-610
-13
578
1151
1681
2170
2628
3039
3426
3801
4152
4482
4785
5025
5179
5264
5304
5278
5173
4993
4745
4455
4124
3739
3320
2876
2411
1941
1460
986
563
180
-164
-462
-691
-816
-860
-851
-805
-724
-576
-384
-159
67
270
475
660
850
1040
1219
1401
1530
1635
1737
1798
1863
1920
1941
1924
1868
1784
1655
1469
1244
988
686
337
-47
-456
-907
-1422
-1994
-2594
-3183
-3747
-4279
-4786
-5273
-5725
-6109
-6406
-6595
-6663
-6633
-6521
-6331
-6048
-5679
-5251
-4757
-4216
-3634
-3026
-2418
-1801
-1186
-578
6
581
1156
1704
2208
2662
3077
3457
3797
4101
4376
4616
4808
4937
4994
5004
4961
4846
4684
4440
4126
3765
3360
2930
2450
1945
1437
945
496
69
-309
-633
-905
-1117
-1263
-1304
-1279
-1205
-1081
-899
-657
-380
-91
185
456
736
987
1238
1460
1652
1819
1950
2068
2145
2212
2257
2243
2206
2143
2057
1925
1729
1512
1253
963
614
219
-202
-695
-1234
-1801
-2380
-2949
-3508
-4047
-4564
-5036
-5467
-5826
-6085
-6275
-6357
-6356
-6267
-6095
-5844
-5484
-5052
-4565
-4040
-3476
-2864
-2251
-1645
-1049
-446
144
695
1203
1681
2136
2552
2922
3245
3550
3835
4074
4262
4378
4451
4497
4476
4398
4251
4053
3837
3557
3216
2839
2426
1991
1546
1092
629
196
-215
-592
-922
-1198
-1354
-1435
-1464
-1433
-1349
-1189
-978
-724
-458
-173
168
487
772
1051
1321
1580
1808
2007
2183
2324
2430
2513
2567
2576
2545
2484
2391
2279
2119
1913
1676
1402
1062
669
277
-127
-584
-1096
-1639
-2175
-2724
-3280
-3812
-4300
-4730
-5138
-5492
-5761
-5953
-6060
-6087
-6018
-5860
-5621
-5277
-4870
-4393
-3887
-3346
-2766
-2177
-1574
-980
-388
165
686
1194
1676
2120
2497
2840
3130
3388
3608
3785
3947
4056
4120
4123
4088
4014
3866
3675
3438
3160
2840
2464
2080
1663
1222
769
313
-93
-481
-836
-1141
-1386
-1552
-1670
-1708
-1662
-1551
-1378
-1160
-870
-543
-216
117
445
786
1114
1421
1720
1988
2223
2412
2564
2685
2762
2817
2842
2840
2797
2702
2571
2394
2169
1904
1611
1299
936
510
40
-453
-972
-1522
-2083
-2636
-3174
-3711
-4222
-4684
-5101
-5455
-5748
-5941
-6037
-6047
-5965
-5808
-5543
-5201
-4781
-4291
-3762
-3174
-2572
-1961
-1354
-764
-153
410
930
1412
1849
2262
2597
2883
3112
3307
3485
3620
3733
3801
3829
3806
3730
3628
3477
3280
3035
2745
2405
2028
1634
1225
799
370
-45
-449
-821
-1151
-1437
-1647
-1781
-1838
-1826
-1730
-1540
-1315
-1029
-697
-327
78
469
866
1251
1621
1952
2238
2498
2714
2893
3029
3133
3179
3166
3142
3079
2996
2876
2703
2505
2268
1980
1646
1298
927
509
76
-405
-920
-1466
-2043
-2609
-3172
-3725
-4230
-4702
-5129
-5488
-5792
-6007
-6120
-6146
-6073
-5906
-5650
-5286
-4852
-4358
-3817
-3244
-2648
-2046
-1435
-842
-281
235
703
1144
1535
1891
2221
2497
2719
2919
3066
3178
3278
3339
3378
3363
3301
3225
3110
2952
2750
2496
2210
1900
1543
1149
742
328
-80
-469
-839
-1165
-1424
-1617
-1727
-1762
-1739
-1631
-1459
-1210
-905
-565
-165
246
655
1053
1429
1810
2159
2464
2756
3012
3217
3380
3483
3545
3560
3531
3475
3365
3231
3071
2847
2592
2302
1988
1651
1268
852
382
-131
-681
-1267
-1858
-2458
-3054
-3628
-4179
-4691
-5154
-5569
-5887
-6110
-6259
-6308
-6250
-6097
-5838
-5490
-5061
-4566
-4020
-3437
-2847
-2242
-1637
-1049
-482
45
541
987
1390
1764
2072
2338
2567
2767
2933
3045
3151
3219
3250
3245
3183
3103
2974
2796
2592
2314
1985
1632
1256
874
460
27
-373
-756
-1101
-1386
-1596
-1733
-1809
-1792
-1696
-1533
-1298
-997
-632
-242
172
610
1055
1487
1898
2304
2682
3002
3267
3499
3679
3778
3833
3850
3841
3783
3656
3534
3374
3154
2897
2603
2288
1921
1490
1039
573
59
-491
-1064
-1661
-2272
-2896
-3510
-4099
-4659
-5177
-5625
-5998
-6284
-6463
-6540
-6519
-6396
-6184
-5869
-5451
-4958
-4417
-3847
-3252
-2640
-2024
-1427
-859
-307
217
688
1112
1502
1855
2158
2401
2622
2811
2946
3053
3131
3166
3159
3099
3019
2940
2799
2585
2344
2066
1753
1415
1052
692
330
-65
-435
-733
-995
-1229
-1400
-1484
-1494
-1452
-1348
-1151
-888
-584
-242
145
577
1023
1456
1881
2291
2672
3019
3326
3594
3814
3962
4043
4082
4091
4043
3927
3784
3629
3433
3174
2877
2556
2185
1756
1297
828
335
-209
-784
-1368
-1966
-2587
-3209
-3800
-4365
-4922
-5445
-5889
-6249
-6541
-6742
-6822
-6788
-6671
-6475
-6165
-5755
-5284
-4761
-4195
-3576
-2944
-2315
-1679
-1069
-488
53
552
1027
1450
1819
2126
2380
2599
2776
2916
3030
3105
3143
3137
3098
3035
2938
2796
2611
2389
2139
1858
1538
1193
828
459
94
-248
-554
-819
-1041
-1208
-1304
-1330
-1292
-1166
-954
-668
-350
8
428
883
1348
1799
2228
2645
3027
3368
3660
3913
4127
4271
4358
4410
4398
4307
4147
3961
3737
3445
3120
2771
2401
1983
1523
1066
576
33
-557
-1148
-1723
-2337
-2967
-3579
-4144
-4681
-5213
-5698
-6110
-6454
-6734
-6917
-6978
-6929
-6788
-6547
-6211
-5798
-5317
-4768
-4160
-3515
-2862
-2207
-1546
-904
-305
250
756
1215
1623
1973
2251
2469
2656
2807
2906
2980
3048
3086
3073
3024
2955
2856
2704
2500
2268
2023
1750
1440
1111
787
460
129
-181
-443
-667
-861
-1001
-1057
-1040
-958
-806
-579
-294
21
377
788
1224
1645
2047
2451
2848
3198
3497
3762
3995
4179
4284
4317
4306
4243
4108
3913
3688
3428
3114
2745
2349
1936
1490
1015
535
56
-436
-964
-1514
-2059
-2608
-3180
-3747
-4276
-4766
-5240
-5683
-6054
-6350
-6589
-6758
-6824
-6785
-6664
-6459
-6144
-5716
-5224
-4688
-4098
-3464
-2801
-2147
-1502
-869
-288
243
735
1176
1576
1912
2174
2398
2585
2730
2839
2911
2956
2974
2976
2953
2883
2798
2708
2580
2417
2228
2000
1740
1454
1151
843
531
219
-67
-306
-492
-628
-710
-715
-654
-541
-378
-160
114
434
798
1206
1621
2007
2358
2702
3043
3349
3597
3807
3977
4076
4090
4039
3953
3828
3631
3367
3088
2793
2450
2050
1635
1217
778
318
-137
-596
-1079
-1586
-2105
-2624
-3151
-3685
-4200
-4684
-5150
-5590
-5975
-6290
-6537
-6714
-6807
-6794
-6673
-6459
-6162
-5770
-5277
-4713
-4113
-3481
-2820
-2162
-1523
-898
-297
256
761
1219
1627
1972
2257
2498
2696
2851
2966
3039
3090
3120
3110
3073
3013
2935
2841
2710
2552
2375
2162
1921
1652
1349
1044
739
441
182
-47
-242
-403
-511
-556
-546
-482
-352
-153
109
400
724
1093
1489
1881
2255
2596
2915
3203
3430
3597
3727
3810
3818
3753
3643
3498
3300
3048
2761
2456
2121
1755
1364
956
527
87
-348
-778
-1224
-1694
-2169
-2639
-3132
-3626
-4088
-4528
-4953
-5356
-5728
-6043
-6276
-6459
-6566
-6573
-6474
-6276
-5991
-5628
-5178
-4649
-4098
-3511
-2878
-2242
-1609
-1000
-400
168
682
1140
1527
1870
2150
2368
2540
2687
2811
2887
2931
2963
2986
2978
2940
2890
2832
2754
2633
2472
2307
2127
1895
1637
1367
1100
822
543
299
70
-105
-218
-303
-313
-272
-185
-39
144
393
687
1012
1377
1741
2094
2416
2714
2981
3208
3377
3494
3559
3571
3526
3402
3246
3052
2808
2536
2230
1917
1570
1190
790
393
5
-399
-814
-1216
-1624
-2059
-2513
-2963
-3411
-3860
-4300
-4719
-5110
-5463
-5774
-6019
-6177
-6281
-6319
-6264
-6123
-5895
-5575
-5188
-4704
-4135
-3526
-2901
-2262
-1610
-985
-400
160
697
1187
1617
1986
2291
2545
2717
2846
2961
3037
3098
3121
3132
3136
3086
3012
2938
2850
2736
2576
2382
2184
1963
1700
1416
1138
859
558
260
-6
-230
-416
-561
-636
-630
-570
-460
-291
-66
198
491
796
1135
1503
1829
2153
2455
2699
2906
3047
3152
3215
3205
3125
2999
2846
2651
2412
2144
1863
1568
1248
908
558
214
-138
-513
-891
-1271
-1674
-2085
-2495
-2897
-3301
-3721
-4130
-4502
-4843
-5159
-5425
-5634
-5777
-5842
-5825
-5709
-5515
-5248
-4901
-4478
-3992
-3475
-2902
-2295
-1684
-1072
-483
67
583
1059
1488
1856
2171
2452
2671
2836
2958
3033
3079
3078
3060
3033
3000
2956
2864
2753
2627
2481
2321
2131
1928
1705
1458
1193
914
643
376
127
-96
-295
-438
-545
-595
-566
-511
-415
-262
-46
217
480
770
1064
1386
1703
1979
2224
2432
2613
2745
2820
2850
2826
2764
2655
2503
2313
2098
1854
1591
1307
1007
682
355
48
-276
-621
-984
-1338
-1696
-2082
-2455
-2801
-3128
-3462
-3815
-4145
-4444
-4732
-4986
-5169
-5290
-5347
-5332
-5250
-5078
-4826
-4512
-4126
-3673
-3177
-2636
-2079
-1521
-948
-388
131
623
1073
1453
1791
2077
2321
2517
2653
2761
2825
2859
2880
2869
2848
2795
2726
2653
2556
2449
2308
2146
1975
1773
1542
1277
1005
739
469
207
-40
-252
-417
-536
-625
-678
-680
-624
-514
-369
-179
61
347
668
990
1302
1607
1889
2124
2315
2469
2585
2663
2708
2708
2649
2547
2416
2254
2055
1834
1593
1336
1065
781
489
195
-106
-415
-743
-1092
-1447
-1797
-2153
-2496
-2822
-3147
-3478
-3790
-4072
-4332
-4568
-4746
-4845
-4877
-4853
-4776
-4623
-4386
-4087
-3744
-3344
-2888
-2387
-1874
-1361
-854
-357
118
566
980
1352
1673
1945
2169
2337
2448
2514
2559
2581
2582
2557
2519
2470
2400
2302
2188
2062
1907
1728
1539
1333
1102
865
627
382
137
-88
-292
-472
-622
-728
-778
-767
-713
-629
-504
-330
-109
147
407
684
989
1300
1587
1838
2069
2269
2435
2574
2669
2721
2721
2686
2601
2470
2317
2119
1916
1708
1467
1220
941
656
375
83
-233
-565
-877
-1199
-1528
-1865
-2212
-2553
-2868
-3182
-3495
-3760
-4002
-4213
-4387
-4506
-4554
-4561
-4501
-4390
-4206
-3958
-3680
-3332
-2915
-2477
-2024
-1549
-1067
-606
-171
235
618
965
1255
1498
1710
1889
2014
2108
2157
2180
2185
2142
2091
2034
1959
1878
1783
1680
1566
1437
1293
1139
990
806
607
427
234
47
-134
-299
-411
-487
-528
-532
-501
-413
-281
-107
117
365
639
937
1237
1538
1820
2070
2306
2512
2672
2789
2863
2904
2908
2851
2745
2600
2425
2228
2012
1772
1513
1242
967
687
408
130
-154
-443
-742
-1074
-1421
-1759
-2092
-2427
-2752
-3056
-3347
-3622
-3870
-4083
-4258
-4385
-4454
-4464
-4411
-4293
-4118
-3890
-3603
-3263
-2882
-2466
-2025
-1578
-1133
-680
-240
162
517
833
1110
1328
1510
1652
1766
1841
1880
1915
1920
1908
1869
1815
1740
1624
1516
1396
1267
1112
949
799
629
455
271
86
-76
-225
-355
-462
-533
-562
-559
-508
-416
-296
-131
80
325
573
829
1110
1404
1706
1996
2232
2430
2616
2765
2876
2961
3001
2995
2936
2837
2716
2560
2365
2164
1948
1686
1400
1112
804
482
169
-150
-484
-804
-1131
-1464
-1800
-2138
-2461
-2782
-3069
-3315
-3544
-3747
-3933
-4069
-4166
-4223
-4226
-4181
-4068
-3908
-3701
-3442
-3134
-2791
-2422
-2034
-1631
-1222
-816
-421
-46
296
598
869
1106
1302
1450
1558
1641
1698
1725
1719
1683
1637
1580
1503
1418
1326
1221
1119
1009
894
780
656
518
382
254
144
60
-4
-43
-64
-65
-38
24
123
269
438
631
856
1079
1306
1554
1790
2027
2238
2416
2586
2721
2812
2865
2892
2890
2832
2731
2599
2455
2283
2070
1830
1581
1317
1032
740
431
126
-193
-533
-863
-1183
-1516
-1838
-2139
-2432
-2723
-3008
-3252
-3484
-3704
-3886
-4042
-4145
-4206
-4229
-4200
-4127
-4007
-3836
-3615
-3361
-3064
-2735
-2393
-2027
-1646
-1271
-903
-538
-189
138
426
692
937
1135
1306
1429
1523
1593
1621
1639
1633
1611
1568
1487
1405
1305
1199
1086
964
866
765
664
561
471
403
337
288
261
270
305
352
432
532
655
792
942
1123
1310
1509
1711
1902
2109
2288
2438
2583
2709
2818
2876
2897
2898
2852
2785
2680
2532
2356
2142
1907
1640
1355
1061
748
437
113
-216
-539
-858
-1170
-1488
-1802
-2104
-2394
-2670
-2933
-3168
-3377
-3567
-3736
-3869
-3966
-4035
-4074
-4070
-4016
-3920
-3786
-3620
-3411
-3163
-2891
-2594
-2282
-1960
-1623
-1290
-966
-645
-353
-90
167
403
604
777
930
1065
1170
1245
1302
1338
1358
1362
1343
1318
1294
1258
1210
1150
1081
1006
941
886
840
804
787
782
787
809
841
900
976
1073
1176
1272
1392
1522
1679
1833
1970
2109
2223
2333
2422
2499
2568
2601
2619
2614
2588
2540
2452
2341
2198
2023
1827
1600
1361
1108
830
551
268
-19
-312
-619
-905
-1182
-1468
-1737
-2007
-2261
-2486
-2702
-2893
-3077
-3246
-3384
-3502
-3604
-3668
-3697
-3716
-3700
-3637
-3542
-3408
-3255
-3079
-2887
-2671
-2426
-2173
-1908
-1651
-1403
-1166
-933
-695
-475
-259
-67
94
250
392
524
647
742
820
896
956
1014
1058
1097
1131
1143
1156
1161
1179
1207
1216
1226
1219
1225
1250
1272
1315
1357
1418
1496
1570
1660
1738
1822
1908
1990
2082
2164
2250
2332
2394
2436
2454
2468
2469
2455
2422
2357
2278
2179
2061
1941
1792
1608
1402
1184
959
725
468
206
-49
-312
-580
-841
-1097
-1350
-1588
-1821
-2047
-2269
-2473
-2649
-2817
-2959
-3086
-3191
-3255
-3302
-3320
-3313
-3291
-3235
-3164
-3069
-2956
-2826
-2670
-2507
-2327
-2125
-1927
-1731
-1528
-1329
-1132
-926
-725
-534
-374
-227
-74
82
208
325
451
542
626
695
751
819
868
907
945
987
1026
1065
1122
1171
1207
1247
1295
1342
1404
1481
1542
1611
1683
1740
1815
1886
1952
2005
2041
2089
2116
2142
2180
2186
2193
2189
2162
2133
2098
2054
1981
1896
1807
1699
1580
1438
1274
1097
909
715
515
310
100
-129
-363
-581
-808
-1031
-1235
-1435
-1616
-1790
-1965
-2109
-2224
-2325
-2418
-2498
-2555
-2606
-2648
-2659
-2662
-2654
-2619
-2584
-2525
-2449
-2368
-2271
-2185
-2085
-1965
-1838
-1695
-1549
-1387
-1229
-1091
-941
-797
-668
-537
-413
-308
-207
-102
-11
76
167
247
318
386
454
526
588
647
717
800
893
985
1077
1175
1264
1349
1451
1553
1652
1756
1841
1912
1974
2026
2069
2102
2114
2114
2110
2098
2072
2042
2021
1989
1960
1932
1888
1833
1748
1662
1571
1476
1382
1257
1116
965
802
627
442
249
43
-149
-338
-547
-735
-891
-1044
-1185
-1305
-1425
-1537
-1632
-1712
-1784
-1848
-1894
-1936
-1983
-2015
-2038
-2054
-2066
-2099
-2124
-2108
-2072
-2031
-1978
-1916
-1838
-1744
-1645
-1529
-1385
-1238
-1102
-966
-825
-692
-576
-461
-356
-277
-195
-112
-40
27
90
138
188
240
279
312
357
423
494
565
632
697
772
864
945
1014
1095
1176
1246
1305
1365
1422
1477
1516
1540
1562
1583
1584
1574
1577
1574
1551
1531
1501
1464
1434
1390
1337
1289
1235
1179
1107
1009
901
785
659
539
422
293
156
20
-116
-257
-397
-523
-645
-765
-874
-959
-1028
-1088
-1143
-1193
-1238
-1276
-1308
-1340
-1371
-1400
-1425
-1446
-1462
-1471
-1459
-1429
-1394
-1353
-1311
-1264
-1204
-1141
-1068
-978
-890
-793
-692
-610
-538
-460
-387
-330
-279
-227
-181
-140
-90
-34
21
79
137
192
238
284
337
390
445
494
538
591
640
675
715
749
773
796
812
836
870
902
920
938
972
1011
1026
1033
1053
1061
1053
1035
1035
1025
992
966
916
851
766
680
610
520
436
354
280
215
151
99
50
-14
-91
-163
-225
-288
-352
-400
-445
-506
-568
-614
-663
-727
-801
-862
-905
-933
-948
-941
-920
-911
-908
-891
-852
-804
-759
-722
-695
-673
-645
-597
-537
-488
-460
-437
-428
-435
-430
-396
-356
-327
-293
-251
-204
-141
-71
-6
57
114
143
166
215
278
316
330
344
366
381
377
374
384
398
406
414
444
485
510
521
542
573
600
624
663
698
703
681
666
660
636
590
545
503
444
369
317
301
285
249
200
154
106
52
3
-31
-62
-106
-163
-215
-250
-279
-320
-369
-414
-456
-501
-552
-592
-609
-615
-634
-658
-659
-643
-633
-626
-614
-601
-584
-554
-516
-466
-406
-355
-328
-299
-246
-199
-167
-144
-112
-78
-55
-29
16
70
106
114
127
157
190
208
237
288
328
339
357
395
426
430
430
440
446
434
417
414
414
400
371
350
337
325
312
306
309
304
294
290
301
313
312
305
296
284
262
232
198
161
121
76
24
-21
-62
-105
-148
-180
-208
-245
-285
-306
-317
-327
-339
-347
-353
-355
-356
-369
-390
-405
-418
-443
-473
-476
-459
-465
-477
-475
-459
-437
-413
-383
-351
-300
-265
-236
-180
-143
-109
-83
-55
-19
1
28
60
87
109
121
127
142
164
177
175
181
200
220
239
268
306
337
331
320
342
359
366
362
346
338
333
312
298
288
274
262
235
212
192
190
212
210
206
200
184
173
161
145
129
108
78
62
57
46
33
15
-14
-50
-72
-95
-105
-130
-172
-187
-194
-211
-231
-248
-250
-267
-291
-305
-297
-284
-291
-306
-307
-297
-292
-302
-310
-291
-267
-270
-273
-255
-217
-180
-172
-175
-159
-133
-119
-105
-89
-70
-57
-54
-23
15
40
56
70
101
121
121
134
160
179
196
211
208
207
208
198
200
212
216
207
198
196
206
211
212
216
224
223
211
205
203
194
186
184
182
173
155
131
116
103
84
59
47
49
45
29
19
25
31
21
8
1
-13
-36
-47
-50
-60
-78
-98
-113
-128
-141
-151
-160
-166
-174
-182
-183
-177
-176
-182
-186
-189
-183
-181
-185
-191
-183
-168
-162
-158
-151
-143
-127
-105
-82
-65
-48
-32
-16
11
34
49
66
80
77
61
53
60
75
87
89
77
70
80
102
118
125
129
133
130
125
133
147
149
132
106
80
59
46
41
25
-1
-20
-22
-20
-20
-14
-4
9
25
30
31
34
34
27
17
16
7
-3
-14
-32
-58
-75
-76
-72
-75
-80
-80
-64
-51
-42
-28
-10
1
0
-1
0
-2
-11
-20
-29
-35
-45
-57
-67
-76
-80
-79
-68
-56
-50
-45
-28
-8
3
8
21
36
34
29
37
50
49
42
41
42
39
37
31
28
27
31
41
51
56
59
60
58
49
46
53
55
49
39
30
25
28
29
25
8
-8
-17
-17
-17
-18
-14
-9
-12
-21
-26
-23
-29
-40
-48
-43
-25
-11
-9
-14
-16
-20
-22
-21
-14
-13
-19
-23
-22
-18
-11
-8
-16
-15
-16
-26
-28
-20
-15
-16
-11
-6
-10
-13
-8
-2
0
-2
-9
-12
-5
0
-3
-7
-6
-3
-4
-7
-11
-8
-5
-4
-1
4
12
12
12
12
15
18
17
17
19
20
18
16
13
11
11
13
16
15
12
11
15
18
17
17
17
18
17
17
12
8
6
6
4
-1
-5
-5
-3
-3
-7
-10
-10
-10
-14
-15
-13
-11
-10
-9
-9
-10
-11
-10
-8
-9
-11
-12
-9
-7
-8
-8
-6
-5
-4
-3
-1
2
1
0
1
4
8
8
7
6
6
7
5
1
0
1
3
3
3
3
4
-1
-4
-4
-2
0
0
0
1
0
-2
-3
-4
-4
-3
-4
-6
-4
0
4
7
7
9
9
10
7
7
8
9
7
3
5
5
2
-3
-7
-5
-2
-5
-8
-9
-7
-3
-1
-2
-2
-2
-4
-7
-8
-6
-6
-8
-9
-8
-5
-4
-3
-5
-6
-6
-5
-3
-2
-4
-8
-8
-2
5
6
4
5
7
7
5
5
10
12
10
7
7
9
8
8
7
7
8
7
5
2
4
2
0
-2
-1
1
2
1
2
5
7
5
3
5
4
2
-3
-2
1
-1
-7
-9
-6
-3
-3
-2
4
5
4
3
4
4
3
4
6
4
1
0
1
-2
-7
-9
-7
-7
-11
-12
-10
-10
-11
-9
-9
-8
-6
-4
-3
0
3
5
5
5
1
-2
-5
-7
-9
-9
-9
-9
-8
-7
-5
-6
-4
-1
0
0
3
5
7
9
11
14
14
12
7
5
7
4
0
1
4
5
4
0
1
3
4
3
1
5
11
15
16
15
12
12
12
9
5
0
-2
-1
-1
-1
-2
-4
-5
-6
-7
-5
-1
4
6
4
4
6
10
8
5
3
4
6
3
-1
-8
-10
-14
-16
-14
-13
-13
-13
-15
-17
-14
-12
-10
-7
-4
-2
3
7
1
-7
-8
-6
-10
-13
-10
-10
-14
-15
-13
-12
-12
-12
-14
-13
-6
2
7
10
10
8
9
15
15
12
13
17
14
9
10
12
9
5
5
4
0
1
6
7
3
3
9
14
15
16
17
17
16
13
7
4
1
-3
-2
2
-1
-5
-2
-3
-11
-17
-13
-8
-4
0
4
7
10
9
7
5
3
0
0
2
1
-1
-4
-6
-11
-16
-20
-19
-17
-17
-17
-16
-13
-12
-12
-11
-7
-3
-1
0
0
0
-1
-1
-2
-2
-4
-3
-5
-7
-9
-11
-12
-9
-7
-4
0
7
12
12
8
8
9
8
7
9
12
15
15
8
8
8
1
-1
-4
-4
1
5
6
6
4
5
6
4
4
7
14
19
17
14
14
12
9
5
1
0
1
-3
-6
-5
-4
-7
-8
-3
-1
-3
0
3
0
-1
0
2
0
0
4
0
-5
-3
-10
-15
-12
-16
-15
-9
-10
-9
-6
-9
-10
-7
-10
-8
-5
-2
1
4
4
2
-1
-3
-6
-5
-5
-2
-2
0
-3
-4
-6
-5
-3
-3
-1
1
3
6
11
10
7
4
6
10
12
10
5
5
4
2
0
1
6
9
8
8
8
5
2
2
3
5
11
15
15
12
9
0
-7
-7
-5
-7
-7
-4
-3
-6
-3
-2
-9
-12
-7
-5
-2
1
3
-2
-6
-9
-13
-16
-13
-7
-4
-4
-6
-6
-5
-5
-7
-7
0
4
6
9
3
1
-1
-5
-3
5
4
5
1
-3
-6
-7
-10
-8
-4
-5
-3
5
7
3
3
3
1
-1
3
7
8
12
14
10
7
2
-1
-1
2
5
7
9
8
4
5
6
3
0
6
12
11
8
9
8
3
2
3
4
7
7
5
4
1
-3
-8
-9
-9
-8
-6
-1
0
-2
-3
-5
-4
3
2
4
12
9
7
6
0
-5
-8
-11
-9
-5
-7
-9
-13
-13
-15
-20
-20
-15
-11
-5
2
5
3
-1
-4
-5
-5
-5
-4
-6
-6
-7
-8
-9
-11
-12
-10
-7
-5
-1
2
3
5
7
9
13
16
19
21
21
19
15
10
7
6
6
4
6
7
6
4
3
1
-3
-1
10
15
15
14
13
15
14
11
9
11
11
8
6
4
1
-5
-8
-11
-10
-9
-7
-5
-3
-2
1
3
2
0
2
6
7
5
1
-1
-4
-11
-15
-14
-13
-13
-15
-16
-16
-15
-13
-12
-11
-9
-4
0
2
-1
0
2
1
-5
-7
-5
-3
-3
-5
-8
-10
-11
-13
-12
-9
-7
-5
-4
-1
4
5
5
7
10
8
9
14
13
7
11
11
4
5
3
2
2
-2
-2
2
1
5
5
3
10
13
15
19
19
13
10
13
11
8
9
10
7
3
2
-2
-4
-4
-7
-3
1
-1
-1
2
2
-1
-1
1
-1
-2
0
0
-4
-5
-9
-14
-13
-15
-12
-6
-9
-12
-6
-4
-10
-13
-8
-4
-4
-3
-3
-3
0
-1
-5
-8
-10
-9
-5
-3
-3
-4
-6
-7
-4
-3
-4
0
6
7
8
11
10
5
6
9
8
9
12
15
14
12
12
8
6
7
5
7
15
11
7
8
3
3
5
1
5
5
2
5
6
1
-3
-2
-4
-5
0
5
5
0
-4
-9
-11
-8
-6
-4
-2
-1
0
0
-1
-4
-8
-8
-6
-3
0
1
1
0
-3
-5
-7
-6
-6
-5
-2
-3
-7
-6
-5
-11
-14
-12
-9
-9
-3
1
-3
-6
-6
-5
-5
-2
1
2
2
0
-2
-3
-6
-6
-5
0
5
8
9
8
7
6
4
3
6
11
16
18
18
14
10
6
2
4
8
11
14
17
16
8
2
1
4
5
7
10
15
13
5
1
0
-3
-6
-3
4
5
1
-2
-1
-2
-8
-10
-4
2
6
5
3
-1
-5
-8
-8
-9
-8
-6
-4
0
-2
-6
-7
-10
-12
-11
-7
-3
-2
-3
-3
-5
-10
-13
-11
-6
-4
0
4
1
0
-4
-9
-13
-14
-8
-1
4
4
2
1
1
-1
-5
-2
4
9
9
7
3
1
-2
-2
1
2
3
6
9
9
6
4
3
4
4
3
6
11
13
9
7
6
5
3
2
7
8
7
3
0
-2
-6
-7
-3
-1
1
5
9
10
4
-1
-2
0
1
1
4
2
0
-1
-3
-4
-8
-8
-6
-5
-4
-3
-1
-2
-4
-7
-8
-6
-4
-2
-1
0
-3
-6
-12
-12
-10
-10
-10
-9
-6
-6
-9
-11
-11
-9
-6
-1
3
5
5
5
5
2
-1
-1
2
3
5
4
6
6
3
1
2
4
6
8
11
13
13
11
12
10
9
10
13
14
13
12
11
7
2
-1
0
2
4
4
5
5
2
-2
-4
-5
-3
-1
1
3
2
-1
-2
-3
-3
-4
-4
1
3
2
0
-3
-4
-5
-7
-7
-4
-1
0
1
-1
-4
-9
-11
-8
-8
-9
-6
-1
0
-5
-11
-13
-14
-14
-13
-10
-6
-3
-4
-4
-6
-10
-12
-8
0
4
8
7
3
-1
-2
-3
-2
0
5
9
8
7
5
4
4
5
4
6
12
17
15
14
12
10
7
1
6
12
13
10
9
10
5
-1
-2
3
6
4
7
11
11
3
-2
-1
-1
-4
-2
4
4
-1
-4
-3
-7
-12
-10
-3
0
-1
-1
4
2
-5
-8
-7
-5
-7
-3
5
6
0
-4
-4
-7
-10
-9
-3
3
2
0
-4
-4
-7
-8
-4
-1
1
4
5
5
2
-2
-7
-7
-6
-1
4
7
4
-2
-5
-7
-5
-3
1
5
8
9
7
5
2
-2
-3
0
4
7
9
10
10
3
-1
-2
1
3
5
5
7
9
10
4
1
-1
-2
-1
4
8
10
5
-3
-4
-6
-4
-5
-4
5
5
2
0
-5
-7
-3
-5
-2
2
-1
1
3
0
-4
-8
-11
-5
-2
-2
-1
4
2
-6
-6
-5
-6
-6
-1
1
1
0
0
-3
-6
-8
-6
-3
1
0
0
2
1
-3
-9
-12
-6
0
4
4
4
-2
-3
-3
-4
-7
-2
6
8
3
4
5
2
-3
-5
2
6
4
8
13
6
1
2
3
4
7
10
12
11
7
6
1
-2
-1
2
7
8
6
4
3
2
-2
-5
-8
-3
0
4
3
-1
-5
-10
-11
-11
-8
-5
-3
-1
-1
-2
-4
-6
-6
-3
-1
1
4
5
4
2
-1
-4
-6
-5
-4
-2
2
4
2
-1
-5
-7
-7
-2
2
3
4
3
0
-3
-5
-7
-9
-3
1
2
2
1
-4
-6
-4
-3
-5
-1
5
4
-1
-3
1
-1
-4
-3
0
3
4
8
12
5
-3
-2
5
6
3
5
11
9
6
4
7
4
-5
-5
3
6
4
4
7
1
-7
-6
0
2
0
3
3
0
-1
-2
-4
-4
0
4
1
-1
1
1
-3
-8
-7
-2
0
-1
2
5
5
1
-3
-3
-3
-5
-6
-3
0
-1
-4
-7
-10
-10
-8
-5
-3
-1
-1
-1
-1
-1
-4
-7
-6
-4
0
3
5
3
0
-5
-5
-3
-1
0
1
3
4
3
0
-2
2
3
4
3
5
7
8
1
1
0
1
2
-1
6
4
7
6
1
6
1
4
4
5
8
8
11
5
-1
-2
0
0
-1
1
4
7
6
-1
-1
0
-2
-2
0
0
1
2
-1
-4
-8
-8
-6
-5
-2
0
-1
-3
-7
-11
-2
-1
-4
2
1
2
5
-1
-2
-1
-4
-4
1
-1
-2
4
2
-4
-5
-4
-5
-2
0
-1
0
3
3
-2
-5
-4
-3
-6
-3
5
5
-2
-4
-6
-8
-8
-1
3
1
1
8
9
3
4
5
5
5
4
5
8
8
4
3
4
4
3
3
3
4
5
4
3
1
0
2
3
6
5
6
4
1
1
2
-2
0
0
-1
-1
1
-2
-5
-5
-2
0
-1
0
0
1
1
0
0
1
0
-2
-3
0
1
2
1
-1
-3
-1
2
