-1
0
1
2
4
4
3
2
0
0
0
1
2
4
5
4
5
3
0
-2
0
0
-1
-2
0
1
0
-1
-2
-2
2
2
-3
-3
1
1
-4
-2
2
0
1
3
3
1
-1
-1
-2
-2
-2
-1
0
1
1
1
2
1
2
3
3
1
-1
-1
0
1
0
-2
-5
-5
-4
-3
-2
-2
-4
-4
-2
-1
0
1
0
0
0
2
0
-1
-1
1
1
0
0
0
1
0
1
1
0
-1
1
1
-1
-1
1
3
2
2
5
4
1
0
1
-1
-3
-2
-2
-1
0
1
1
-2
-2
-1
0
0
-1
0
0
0
0
1
3
2
1
1
0
0
1
2
3
5
6
4
4
3
2
1
1
1
3
3
2
0
0
3
1
-2
-4
-2
2
3
3
2
0
-1
-2
-1
0
1
-1
-1
-1
-1
-1
-1
1
2
0
-1
-1
1
0
0
1
3
1
-1
-4
-2
-2
-2
-2
0
0
-3
-6
-3
-2
0
-1
-1
-1
0
2
2
0
-1
1
3
0
0
0
1
0
-1
-1
0
1
0
0
0
1
2
2
0
1
0
0
0
-1
0
0
-1
0
-1
0
1
3
4
3
3
4
5
2
1
-1
1
1
2
2
1
-1
-2
-1
-1
0
1
1
2
2
1
1
0
1
1
1
1
-1
-1
0
1
1
1
0
0
-1
0
0
3
0
-1
2
2
-1
-4
-3
-4
-6
-1
2
1
0
3
3
0
1
4
5
4
3
2
3
3
3
3
2
0
1
2
2
0
1
4
5
5
4
5
4
3
0
2
2
4
1
-1
0
-1
-2
0
1
0
-1
-2
0
0
1
0
0
-2
-3
-3
-2
-3
-4
-2
-3
-1
-1
-2
-3
-3
-1
0
1
0
-1
1
1
0
-2
0
1
1
0
2
0
0
0
3
4
1
0
2
2
0
0
2
3
2
2
2
3
3
4
4
2
1
1
0
0
-1
1
2
-1
-4
-3
-2
-3
-3
-3
-1
-1
-5
-5
-3
-2
-4
-3
0
1
2
1
2
2
1
3
4
5
2
-1
0
2
1
0
0
1
2
1
0
-1
-1
0
0
3
-1
-1
0
0
1
2
3
2
2
2
1
1
0
-1
-1
0
1
1
1
-1
-1
-1
0
-1
0
-2
-4
-3
-1
-1
-1
1
2
2
2
3
3
-1
1
2
0
-2
0
1
1
1
3
2
0
4
2
1
3
1
-1
1
2
3
3
-1
2
3
1
3
4
0
0
3
4
2
3
4
1
0
1
1
1
3
2
2
3
0
-1
2
1
2
0
2
3
-1
0
-1
-2
0
-1
2
1
-1
-1
-2
2
4
4
3
1
3
3
1
1
2
2
1
0
1
2
2
1
0
1
2
0
-3
-2
-1
-2
-2
0
0
-1
0
0
-1
-1
-1
-2
1
0
1
-1
-2
-2
-1
0
1
0
0
0
2
1
1
-1
2
2
1
0
-1
-2
-2
0
1
1
1
2
1
1
3
4
3
2
0
0
0
0
2
2
2
1
0
1
-1
-1
-2
0
-2
-3
-2
-3
-5
-4
-3
-6
-3
-1
-2
-1
1
-2
-2
3
5
0
-2
1
3
1
1
4
5
4
3
3
3
2
2
4
3
1
1
3
3
2
1
1
1
-1
-2
-2
-2
0
-1
1
0
-1
-1
1
0
0
-1
-1
1
4
-1
-1
4
3
-2
-1
2
-1
0
2
1
-1
-1
-1
-3
-3
-3
-3
-2
-2
-3
-2
-1
0
0
-1
0
-1
-1
-3
-1
-1
0
0
0
1
1
1
0
1
-1
0
1
1
1
2
1
0
-2
-1
-4
-3
-2
-3
-1
0
-4
-3
-5
-6
-2
1
0
2
1
1
0
-1
-1
0
-1
-1
0
2
1
-1
-2
-1
0
0
0
1
4
3
3
2
1
1
2
0
1
1
-1
0
-1
-1
0
0
1
2
3
3
3
3
0
1
-1
1
0
0
0
-2
-3
-2
-1
0
1
1
1
1
0
0
0
1
2
4
3
1
1
0
0
0
1
1
1
2
2
0
0
-1
0
1
2
2
1
2
1
2
3
5
5
5
3
2
1
2
2
2
3
4
4
1
1
3
3
1
-1
1
2
-3
-2
-7
-4
-3
-5
-4
-4
-2
-5
0
-2
-5
2
-4
-2
-1
-3
-2
-2
-3
-2
-1
-4
-6
-4
0
1
0
1
0
0
0
-1
-1
-1
1
0
0
2
2
1
1
1
1
0
0
1
1
1
2
3
3
3
3
3
2
1
1
0
-1
-2
-2
-2
-1
-1
0
1
1
-1
-3
-3
-3
-4
-4
-3
-3
-4
-4
-5
-5
-5
-6
-5
-3
-4
-5
-2
-2
-5
-4
0
1
0
0
1
2
2
-2
-4
-3
1
0
0
-1
3
5
4
-1
-3
-1
-4
-6
-1
-2
-6
-2
-2
-9
-6
-6
-7
-6
-10
-9
-3
-5
-7
-7
-3
1
-2
-2
6
12
7
6
5
4
-1
-1
4
2
-3
-1
1
3
3
3
4
3
4
12
13
7
9
15
15
14
15
15
14
16
15
16
11
6
4
4
3
0
-3
-3
1
1
-2
-4
0
8
7
6
2
-2
-2
-9
-12
-15
-16
-14
-19
-16
-20
-16
-11
-12
-3
-2
3
8
5
11
4
4
7
3
8
-2
3
8
-1
1
-5
-2
6
8
5
8
14
4
5
0
-10
8
-7
-11
-1
-19
-9
-14
-24
-11
-17
-9
-18
-16
-4
-26
-6
6
-17
6
8
-3
11
5
9
10
-2
18
22
0
16
15
-15
-6
4
-5
-1
-14
-3
-20
-52
-28
-40
-69
-39
-38
-80
-52
-58
-81
-54
-61
-16
7
15
72
52
42
108
154
175
241
252
183
156
145
147
126
122
154
60
6
15
-86
-118
-110
-128
-80
-84
-175
-205
-204
-276
-281
-177
-112
-157
-158
-84
-116
-135
-13
24
12
51
40
211
252
72
201
253
112
212
331
217
258
268
97
159
182
220
193
175
324
62
63
211
-102
-81
-36
-164
-184
-228
-396
-585
-607
-804
-580
-293
-371
-104
-101
-127
84
243
255
222
515
452
378
665
480
190
228
163
-40
42
2
-223
-120
-408
-558
-359
-764
-596
-504
-896
-584
-706
-651
-301
-585
-420
-358
-237
114
-62
352
545
356
954
1109
868
964
1066
1078
1026
990
990
798
560
491
235
69
-113
-305
-297
-643
-746
-657
-813
-871
-921
-951
-899
-670
-608
-560
-388
-709
-807
-629
-580
-378
-451
-286
-169
-484
-285
-299
-359
159
774
1373
1266
983
990
979
1252
1431
1869
2162
1756
1648
1236
618
597
443
495
680
321
35
-276
-802
-1273
-1442
-1131
-1033
-1108
-1048
-1229
-1541
-1648
-1421
-1075
-918
-783
-345
-117
-316
-287
-195
-44
337
520
790
1199
1023
636
693
649
564
811
902
889
769
398
233
-129
-438
-234
-223
5
40
-318
-533
-903
-891
-966
-812
-258
-356
-584
-631
-587
-828
-786
-347
-304
-45
85
-85
-132
-209
-31
138
269
516
422
396
497
227
52
190
255
352
480
279
56
17
88
274
174
-49
155
258
33
93
113
-178
-250
-41
-64
-250
-199
-198
-300
-243
-26
-115
-42
289
-74
-86
402
384
324
358
307
117
103
241
208
233
68
118
229
-2
33
-30
3
-25
-49
209
108
-68
-143
-27
-97
-57
177
86
199
88
-135
-122
-106
17
-26
-44
210
181
-59
96
93
-171
-113
34
46
22
18
-3
-29
-134
-256
-173
31
-15
-157
-92
-67
-72
-204
-144
-45
-409
-330
-128
-152
-129
-459
-365
8
-184
-216
-176
-310
-63
20
52
269
12
-207
-26
113
-19
5
156
118
222
112
-34
120
29
-98
84
147
20
67
95
-106
-274
-106
-20
-75
200
165
-109
-3
33
-72
-29
143
129
-87
-28
75
-51
-159
-172
-54
131
244
297
236
-66
-253
-65
139
304
352
140
92
188
-26
-176
38
42
-129
-8
113
53
-32
-122
-208
-247
-117
32
90
47
-251
-266
-20
38
123
91
109
217
244
364
308
147
70
84
290
351
194
238
124
-177
-87
-42
-44
145
103
-45
-9
66
36
-65
-170
-113
-46
-26
169
192
-57
-251
-308
-208
-146
-156
-70
-103
-218
-185
-246
-330
-209
-120
-70
144
227
-52
-241
-81
-52
-111
110
279
143
-41
-123
-169
-100
-65
-13
193
135
-29
-36
1
27
13
108
265
392
271
2
-1
-178
-380
-2
206
77
72
-33
-158
-252
-254
-159
-80
103
89
65
137
-76
-214
-123
-38
61
204
250
122
-27
-195
-298
-206
-69
39
146
137
-68
-203
-157
-187
-120
205
367
250
231
182
-179
-190
127
139
299
521
361
100
-89
-176
-173
36
201
134
126
-76
-247
-196
-319
-298
-103
108
258
122
-135
-311
-221
-126
-34
329
385
74
-49
-118
-261
-166
57
105
232
336
195
63
11
-7
-50
37
259
362
332
30
-210
-210
-287
-163
57
38
-78
-279
-371
-283
-291
-238
-70
-22
2
66
12
-106
-249
-263
21
198
281
325
50
-129
-153
-162
25
241
282
182
185
221
88
-24
93
210
121
187
266
82
-116
-267
-242
-182
-120
-24
-109
-151
-327
-407
-144
-91
-125
-27
54
-56
-146
-21
33
69
28
45
197
133
99
57
75
161
118
232
228
118
61
15
79
84
34
10
39
-30
-128
-100
-103
-121
-108
-87
-107
-86
-6
-36
-39
12
17
75
117
99
49
-5
-3
21
104
101
-38
3
73
-64
-26
103
39
-22
1
18
-63
-98
-41
-13
-5
-5
18
-25
-75
-95
-69
2
-48
-21
37
-12
-48
-111
-57
32
-49
-44
54
49
-7
-18
82
91
57
90
33
45
56
1
23
100
114
97
188
153
66
9
-90
-33
52
48
25
20
-22
-85
-76
-104
-128
-74
-25
1
-11
-92
-146
-88
-70
-106
-23
9
-31
-35
-80
-57
2
23
68
81
73
-2
-40
11
-32
-14
97
114
70
51
46
27
1
28
115
101
8
-14
-42
-105
-74
-21
-10
39
8
-62
-61
-62
-65
-18
44
24
57
97
27
4
-9
-8
35
40
102
129
51
64
54
-11
19
14
32
55
36
34
-17
-47
-80
-131
-110
-66
-61
-74
-64
-82
-154
-172
-84
-33
-38
-21
1
6
-30
-60
-14
36
35
78
107
63
78
100
72
41
88
118
108
128
84
31
-30
-10
38
-40
-21
4
-64
-62
-25
-67
-116
-107
-95
-54
-25
-55
-101
-119
-90
-78
-99
-54
15
6
32
69
85
47
32
147
148
118
163
181
144
82
74
62
80
103
78
38
-44
-106
-105
-85
-70
-74
-91
-77
-61
-130
-158
-113
-112
-96
-38
-1
-36
-71
-103
-143
-62
-1
25
46
64
66
14
68
113
66
63
132
161
145
111
64
64
15
48
121
70
65
16
-67
-66
-60
-59
-32
1
-71
-83
-5
-79
-101
-81
-101
-34
12
5
-17
-57
-100
-62
9
35
37
36
46
5
7
56
11
27
75
36
39
48
-10
-36
-2
-14
-8
53
35
4
-28
-69
-60
-41
-15
3
8
-12
-22
-6
-28
-13
2
5
53
54
43
18
-6
-3
3
19
46
65
12
-3
16
-28
-29
-5
13
22
24
17
-8
-8
-42
-37
11
4
18
21
18
17
-21
-18
3
23
24
12
7
-7
-18
-28
-14
-20
-30
-9
-11
-21
-37
-64
-45
-8
-19
-7
29
18
-11
-17
2
-1
8
38
25
36
17
-14
18
7
-9
-2
6
12
6
16
5
-9
-12
-3
25
49
31
3
19
-12
-24
6
-5
0
-18
-38
-18
-22
-55
-74
-41
-49
-59
-18
-29
-40
-48
-53
-30
-7
25
19
40
60
9
20
54
60
66
63
88
82
69
67
37
8
2
8
9
5
-12
-25
-57
-80
-67
-70
-65
-49
-40
-42
-26
-26
-32
-2
-11
0
52
53
46
48
49
53
48
68
91
64
67
74
33
30
25
6
28
35
0
0
1
-36
-57
-58
-55
-54
-46
-25
-47
-77
-82
-94
-61
-50
-43
0
-7
-38
-49
-46
-45
-32
-2
30
59
50
29
38
48
17
35
85
80
86
61
14
1
-14
-33
-20
-9
-30
-51
-59
-76
-118
-126
-98
-76
-78
-87
-70
-83
-96
-86
-62
-26
-3
10
28
63
34
13
69
109
115
117
150
146
108
84
88
97
86
94
76
62
28
-43
-54
-43
-37
-48
-48
-41
-89
-108
-96
-88
-67
-52
1
22
-5
-3
-4
-9
28
77
102
151
162
128
130
110
113
152
158
179
181
158
140
111
97
74
62
70
41
38
27
-23
-48
-52
-62
-82
-57
-47
-59
-50
-75
-87
-83
-67
-55
-64
-29
3
12
35
42
36
51
67
71
90
117
105
74
80
66
32
32
15
-24
-42
-47
-60
-82
-108
-145
-203
-210
-182
-214
-220
-210
-225
-228
-250
-228
-205
-218
-156
-128
-133
-126
-133
-122
-129
-93
-47
-34
-2
-9
-38
-59
-48
-16
5
46
42
19
8
-22
-15
-20
-28
18
25
-11
-2
-21
-80
-77
-71
-53
-11
-23
-34
-56
-79
-78
-74
-25
-5
4
44
32
34
61
53
54
97
153
190
206
215
189
163
215
248
249
268
256
226
212
240
236
216
244
248
252
268
246
222
207
214
247
255
269
253
194
192
180
215
250
225
248
225
218
239
190
158
183
194
175
183
141
47
12
-14
-47
-34
-63
-107
-133
-223
-262
-272
-293
-264
-297
-331
-309
-329
-354
-335
-374
-403
-344
-313
-299
-298
-347
-396
-353
-350
-371
-323
-365
-388
-398
-451
-452
-461
-470
-533
-578
-595
-647
-625
-664
-717
-705
-745
-729
-709
-726
-726
-729
-697
-654
-586
-523
-502
-475
-420
-370
-295
-143
-42
32
149
189
253
359
461
560
614
723
807
847
919
901
902
966
1009
1058
1064
1078
1046
960
976
996
975
983
1002
971
929
904
865
852
840
803
805
858
897
843
799
809
787
770
804
832
779
754
743
718
706
622
604
569
493
488
436
363
278
182
78
-7
-65
-162
-236
-311
-433
-538
-630
-750
-847
-913
-989
-1029
-1057
-1120
-1185
-1247
-1301
-1316
-1290
-1254
-1223
-1224
-1277
-1312
-1359
-1376
-1397
-1444
-1476
-1611
-1732
-1863
-2011
-2071
-2130
-2164
-2191
-2248
-2353
-2397
-2327
-2247
-2080
-1858
-1702
-1542
-1342
-1124
-829
-512
-206
143
455
755
1077
1316
1525
1754
1949
2160
2371
2498
2569
2564
2479
2413
2359
2280
2187
2046
1868
1696
1497
1289
1097
889
734
674
595
504
439
343
252
266
344
449
583
682
764
803
877
1024
1115
1271
1417
1467
1546
1577
1532
1470
1469
1478
1425
1434
1373
1171
991
784
636
568
475
401
239
-27
-287
-479
-609
-722
-742
-798
-960
-1099
-1284
-1424
-1484
-1519
-1452
-1406
-1387
-1410
-1522
-1555
-1578
-1552
-1421
-1352
-1306
-1293
-1372
-1461
-1519
-1572
-1619
-1632
-1668
-1794
-1966
-2191
-2403
-2510
-2575
-2615
-2655
-2717
-2735
-2716
-2659
-2582
-2468
-2221
-1930
-1649
-1288
-972
-702
-370
-35
360
810
1229
1593
1867
2107
2329
2550
2759
2897
3012
3090
3079
3038
2971
2815
2643
2475
2285
2145
1996
1740
1476
1231
937
712
555
397
224
20
-127
-256
-365
-388
-360
-303
-239
-146
10
171
266
387
560
724
945
1161
1286
1389
1455
1464
1532
1608
1612
1596
1543
1434
1333
1264
1144
980
800
617
508
376
251
151
-27
-191
-333
-485
-581
-654
-731
-762
-772
-813
-843
-890
-940
-898
-842
-768
-688
-705
-703
-706
-728
-648
-592
-555
-539
-649
-736
-808
-920
-994
-1088
-1254
-1441
-1662
-1934
-2186
-2427
-2633
-2754
-2887
-3022
-3149
-3295
-3327
-3264
-3158
-2998
-2788
-2560
-2345
-2063
-1716
-1373
-990
-580
-178
246
675
1075
1408
1708
2026
2288
2561
2833
2953
3030
3082
3016
2945
2884
2774
2639
2419
2172
1930
1641
1347
1037
763
524
284
121
-53
-260
-444
-615
-706
-720
-681
-639
-622
-556
-504
-441
-272
-124
18
216
402
593
786
962
1111
1225
1306
1399
1538
1610
1625
1636
1579
1492
1429
1338
1244
1185
1067
921
832
706
550
440
314
214
153
62
-43
-145
-266
-334
-330
-296
-271
-271
-242
-253
-279
-221
-174
-132
-114
-133
-173
-164
-180
-268
-305
-415
-563
-662
-801
-943
-1140
-1406
-1687
-1983
-2268
-2546
-2810
-3028
-3255
-3479
-3638
-3783
-3888
-3915
-3859
-3719
-3563
-3324
-3015
-2743
-2397
-1996
-1579
-1086
-601
-156
276
688
1080
1456
1809
2117
2402
2617
2762
2894
2974
3021
3012
2955
2868
2700
2543
2346
2102
1916
1705
1452
1214
950
691
467
257
104
-28
-130
-216
-313
-344
-367
-347
-282
-222
-109
-34
17
130
223
332
469
584
665
735
803
874
1005
1140
1233
1303
1263
1177
1142
1118
1149
1184
1113
1019
906
770
679
571
486
458
376
291
254
176
90
28
-19
-17
-6
-6
-4
-20
-21
10
45
97
128
112
113
128
128
133
96
10
-54
-135
-218
-274
-382
-532
-661
-806
-959
-1100
-1243
-1410
-1604
-1809
-2012
-2226
-2451
-2669
-2861
-2993
-3090
-3193
-3294
-3383
-3412
-3329
-3202
-3056
-2892
-2738
-2513
-2190
-1864
-1512
-1121
-775
-451
-81
287
663
1076
1448
1746
2043
2313
2503
2684
2817
2870
2910
2973
2970
2914
2801
2567
2362
2177
1963
1790
1576
1315
1066
838
596
377
195
-2
-130
-211
-315
-376
-409
-441
-455
-423
-394
-329
-214
-127
0
100
149
226
296
386
477
571
686
763
785
782
751
702
715
725
696
671
615
537
475
370
257
199
121
56
29
-11
-75
-151
-213
-266
-281
-308
-309
-247
-252
-267
-271
-299
-255
-173
-108
-41
-26
-20
-14
-17
17
-5
-6
61
30
-38
-66
-83
-118
-176
-236
-275
-312
-373
-427
-517
-650
-743
-792
-831
-894
-992
-1062
-1090
-1140
-1220
-1285
-1309
-1308
-1308
-1309
-1310
-1312
-1318
-1317
-1265
-1203
-1169
-1096
-1002
-947
-903
-844
-736
-590
-472
-380
-302
-245
-166
-78
-7
93
191
265
355
397
370
390
462
532
606
643
653
694
729
752
804
857
911
977
1013
1063
1119
1129
1167
1238
1254
1272
1309
1320
1336
1306
1282
1273
1241
1240
1194
1143
1098
1018
956
883
787
710
675
616
545
476
386
320
268
228
216
206
177
140
102
92
96
77
95
128
106
104
128
116
106
104
95
133
167
140
117
90
28
-22
-55
-88
-132
-207
-293
-372
-462
-548
-637
-728
-793
-893
-968
-1011
-1103
-1190
-1266
-1317
-1363
-1384
-1374
-1385
-1375
-1378
-1369
-1322
-1268
-1214
-1175
-1111
-1040
-998
-956
-891
-819
-724
-641
-603
-548
-490
-452
-384
-318
-294
-258
-202
-178
-174
-167
-167
-166
-161
-169
-154
-117
-101
-88
-66
-62
-50
-16
32
102
173
227
288
358
420
497
589
696
827
936
1004
1074
1156
1243
1330
1391
1437
1493
1521
1517
1507
1484
1469
1459
1406
1336
1281
1191
1067
961
883
821
751
661
576
499
402
305
253
215
152
98
57
11
-16
-64
-117
-119
-133
-157
-159
-157
-170
-169
-173
-191
-188
-195
-203
-186
-194
-236
-258
-275
-314
-345
-390
-419
-418
-462
-511
-547
-595
-631
-650
-679
-714
-739
-746
-749
-752
-774
-793
-773
-754
-727
-703
-695
-676
-651
-603
-560
-534
-498
-473
-435
-392
-352
-318
-280
-236
-235
-244
-233
-235
-224
-212
-226
-244
-265
-282
-301
-321
-332
-362
-381
-381
-405
-447
-466
-454
-444
-434
-418
-393
-362
-334
-288
-214
-144
-77
5
95
191
285
371
468
576
667
744
817
894
962
1024
1099
1152
1164
1165
1163
1161
1151
1118
1082
1041
971
891
812
753
704
646
599
524
451
404
361
341
295
246
222
177
136
120
110
106
102
92
83
81
67
67
82
75
60
53
48
40
35
13
-3
-5
-35
-50
-63
-103
-124
-168
-206
-239
-291
-314
-344
-378
-400
-425
-444
-446
-456
-455
-428
-413
-388
-369
-350
-323
-307
-262
-232
-212
-190
-189
-184
-177
-187
-206
-224
-251
-282
-318
-352
-400
-439
-464
-513
-552
-599
-651
-668
-681
-693
-701
-714
-729
-730
-732
-726
-709
-691
-661
-623
-581
-523
-456
-390
-330
-266
-191
-109
-27
54
130
216
298
368
434
494
565
617
639
676
717
730
737
728
713
715
707
693
676
647
626
608
582
559
528
485
447
413
385
362
342
319
305
301
296
293
287
275
286
299
300
321
330
327
352
371
367
369
369
356
331
295
271
248
198
134
80
32
-21
-93
-160
-202
-246
-297
-338
-376
-402
-424
-458
-473
-465
-475
-474
-451
-437
-417
-369
-330
-300
-256
-210
-147
-92
-58
-29
-3
29
49
61
68
53
21
-16
-40
-77
-136
-192
-244
-296
-345
-395
-448
-475
-522
-577
-594
-614
-626
-625
-629
-620
-608
-582
-550
-514
-473
-422
-365
-316
-262
-194
-125
-54
4
56
118
188
246
292
330
354
359
367
376
362
328
296
269
236
195
155
118
81
38
1
-28
-56
-79
-81
-77
-79
-77
-70
-48
-19
13
47
90
152
191
232
286
326
370
410
451
500
527
534
555
572
564
563
563
555
546
513
488
465
424
391
363
322
263
211
168
119
86
42
1
-27
-64
-90
-110
-117
-122
-122
-115
-108
-77
-63
-54
-26
-6
23
41
56
78
87
96
87
74
77
58
39
8
-41
-86
-139
-198
-253
-309
-366
-421
-467
-505
-546
-589
-619
-648
-664
-676
-695
-685
-675
-668
-632
-601
-568
-516
-469
-421
-373
-315
-245
-169
-97
-45
13
71
119
164
188
212
249
265
263
258
236
217
210
176
136
110
74
36
3
-41
-76
-101
-129
-144
-154
-168
-160
-140
-116
-96
-81
-38
15
51
113
185
221
263
297
321
377
408
419
464
484
473
482
482
475
471
452
435
413
369
343
323
272
227
200
166
138
109
64
28
3
-21
-38
-50
-66
-83
-92
-94
-98
-91
-64
-35
-19
-12
2
29
49
58
87
103
86
83
89
70
37
14
-7
-28
-59
-96
-107
-142
-179
-214
-270
-301
-332
-363
-399
-437
-434
-442
-441
-446
-453
-420
-392
-364
-352
-318
-257
-238
-201
-168
-131
-90
-69
-23
18
69
94
111
166
168
186
189
172
196
131
88
119
106
63
53
79
61
10
1
9
-38
-84
-79
-66
-102
-132
-88
-66
-96
-82
-29
-41
-49
11
59
47
73
189
153
93
160
199
199
126
141
172
125
162
156
134
47
11
103
-92
-225
-216
-285
-210
-228
-221
-224
-446
-401
-267
-348
-182
211
474
501
279
178
290
396
523
527
455
532
595
441
219
123
198
276
265
222
152
230
249
69
-33
-7
106
66
31
122
84
1
-29
49
48
-59
-7
-39
-184
-102
-148
-277
-313
-418
-305
-444
-635
-525
-667
-605
-303
-88
-35
-93
33
4
-63
144
223
204
261
300
315
81
-127
21
-49
-202
-68
-28
-88
-153
-267
-437
-542
-367
-291
-345
-243
-174
-229
-317
-285
-240
-198
-39
15
-24
96
180
-51
-145
76
125
55
125
150
50
-40
-25
38
33
235
739
835
422
320
490
373
335
656
795
639
601
524
130
-168
-82
83
96
-48
-126
-27
-249
-711
-696
-517
-529
-354
-235
-359
-359
-327
-394
-398
-457
-301
115
174
107
243
285
178
112
151
352
587
766
982
711
352
464
434
579
760
682
864
654
139
100
155
-69
-300
-70
204
16
-353
-568
-567
-720
-896
-637
-309
-444
-561
-480
-807
-1017
-628
-388
-518
-421
-221
-270
-287
-193
-278
-398
-219
-12
123
157
80
49
-118
-21
266
157
102
386
443
61
-54
216
219
125
272
285
106
-122
-128
61
-125
-132
79
26
126
176
-47
-310
-249
168
369
191
150
213
43
12
-16
-22
117
317
546
233
-105
47
182
174
84
78
265
372
318
47
-393
-268
156
11
-178
140
334
-55
-448
-419
-193
-240
-236
112
54
-197
-125
-50
-288
-363
69
167
-36
137
302
10
-311
-118
214
275
255
336
289
28
10
63
26
272
373
205
140
151
104
-145
-137
201
283
170
42
21
9
-174
-273
-202
-31
60
-23
-67
-138
-275
-311
-163
-70
-160
-113
26
16
-235
-321
24
156
-38
-183
13
191
-81
-237
-150
-7
78
19
75
56
-114
-204
-193
-66
6
82
57
-256
-210
37
-133
-271
-126
101
72
-82
23
87
-8
2
77
30
67
249
215
9
-33
138
169
22
100
241
112
32
137
97
-5
-20
-12
7
48
26
-43
-109
-153
-89
-144
-168
0
62
-31
-91
9
-106
-150
126
192
31
-101
107
259
-29
-123
153
261
82
14
162
192
47
72
144
22
14
146
149
77
83
87
-28
-92
63
127
-55
-73
124
125
-14
13
33
-93
-84
77
110
17
38
115
28
-140
-103
97
127
83
115
114
78
85
72
-45
-19
72
76
89
-3
-116
-178
-204
-173
-166
-135
-80
-111
-234
-295
-234
-204
-270
-200
-100
-211
-295
-286
-315
-343
-347
-287
-193
-205
-236
-236
-299
-331
-299
-153
-71
-116
-50
-67
-168
-147
-7
60
-9
79
248
204
61
103
236
288
311
323
312
283
351
419
243
148
386
508
357
310
400
414
339
275
282
310
317
324
274
170
174
240
168
27
-7
55
45
-80
-158
-115
-115
-185
-171
-72
-69
-239
-296
-193
-160
-220
-191
-50
-102
-192
-176
-223
-267
-263
-187
-111
-136
-177
-149
-161
-263
-287
-227
-145
-107
-125
-91
-92
-218
-281
-161
-30
-13
-22
49
87
64
17
-86
-100
30
105
43
50
135
64
-154
-253
-70
46
-7
33
46
0
-66
-110
-41
-41
-18
105
140
90
-19
-48
-20
-51
-17
43
58
89
57
-53
-66
-4
8
59
159
192
132
77
97
136
176
172
254
360
284
279
336
319
268
293
454
515
445
420
438
362
320
381
448
450
372
389
318
175
233
242
183
210
220
178
97
4
-72
-97
-122
-163
-128
-178
-257
-232
-277
-355
-329
-279
-274
-308
-316
-272
-301
-381
-354
-289
-330
-434
-382
-246
-331
-470
-389
-291
-337
-386
-328
-249
-287
-378
-397
-342
-288
-332
-363
-283
-276
-359
-391
-393
-363
-313
-297
-287
-304
-341
-320
-345
-431
-384
-245
-187
-203
-255
-284
-217
-159
-170
-137
-37
64
70
-43
-65
67
136
129
158
190
247
303
266
226
261
335
417
430
417
473
500
454
429
466
553
615
591
589
626
575
507
543
587
578
571
598
631
596
515
492
527
579
625
614
587
599
589
545
518
528
589
573
476
473
461
374
359
340
281
278
259
196
123
11
-54
-70
-145
-228
-253
-281
-332
-391
-470
-510
-503
-560
-642
-623
-584
-628
-682
-713
-782
-844
-862
-890
-924
-953
-1017
-1073
-1101
-1170
-1253
-1301
-1388
-1480
-1496
-1523
-1604
-1663
-1680
-1668
-1656
-1665
-1646
-1580
-1493
-1394
-1291
-1167
-1005
-829
-671
-523
-322
-62
157
292
449
710
971
1138
1295
1477
1616
1721
1818
1901
1964
2001
2047
2042
1978
1933
1847
1746
1685
1561
1419
1317
1152
994
845
638
503
403
278
169
58
-43
-128
-168
-196
-229
-198
-188
-144
-66
-88
-49
97
210
270
350
491
611
667
675
762
898
959
980
1051
1132
1087
1014
966
921
854
799
765
620
500
441
288
89
-50
-142
-223
-339
-494
-560
-678
-822
-890
-990
-1025
-1003
-1063
-1157
-1152
-1140
-1155
-1162
-1169
-1139
-1159
-1200
-1234
-1252
-1260
-1282
-1294
-1371
-1484
-1553
-1618
-1738
-1815
-1831
-1862
-1849
-1887
-1987
-2063
-2050
-1929
-1872
-1796
-1600
-1464
-1343
-1174
-1006
-776
-515
-285
-28
245
481
722
969
1153
1372
1633
1839
2002
2128
2248
2321
2385
2481
2494
2504
2522
2440
2320
2208
2094
1977
1817
1627
1495
1332
1043
805
633
433
264
134
1
-197
-397
-501
-598
-698
-772
-808
-801
-794
-768
-744
-719
-635
-525
-384
-247
-168
-108
-4
144
257
348
479
620
706
723
752
793
827
867
885
892
882
846
761
647
566
501
474
438
345
253
115
-17
-74
-164
-198
-165
-235
-306
-385
-487
-499
-475
-426
-398
-431
-438
-445
-490
-521
-489
-417
-380
-420
-495
-586
-685
-778
-858
-942
-1052
-1181
-1332
-1534
-1756
-1917
-1993
-2037
-2131
-2267
-2356
-2410
-2476
-2498
-2451
-2356
-2194
-2014
-1893
-1767
-1567
-1334
-1105
-838
-506
-152
152
397
614
828
1076
1353
1603
1829
2027
2154
2227
2264
2305
2404
2460
2413
2370
2335
2222
2066
1892
1724
1629
1541
1377
1166
947
753
577
390
261
211
131
-8
-146
-239
-285
-334
-371
-335
-273
-258
-249
-238
-231
-190
-102
5
118
228
320
353
389
507
627
741
869
931
946
973
1017
1095
1125
1119
1152
1131
1043
971
893
825
775
718
672
595
481
358
213
93
14
-57
-93
-132
-241
-388
-500
-537
-535
-550
-571
-590
-640
-716
-787
-823
-808
-816
-897
-975
-1013
-1080
-1208
-1351
-1459
-1580
-1752
-1926
-2081
-2219
-2353
-2495
-2614
-2722
-2851
-2917
-2898
-2876
-2859
-2798
-2679
-2521
-2356
-2154
-1911
-1659
-1394
-1081
-723
-370
-72
199
508
868
1202
1460
1695
1963
2207
2360
2474
2605
2727
2798
2817
2793
2751
2699
2617
2496
2349
2192
2052
1879
1642
1431
1285
1127
920
702
512
357
203
25
-160
-262
-286
-361
-469
-510
-512
-509
-505
-517
-496
-392
-268
-180
-118
-55
39
149
232
346
529
649
668
719
803
860
906
945
970
972
923
870
856
807
725
656
581
513
451
368
254
170
112
7
-88
-144
-154
-188
-245
-267
-324
-371
-369
-355
-341
-357
-372
-382
-420
-467
-453
-451
-509
-564
-624
-732
-844
-956
-1094
-1211
-1312
-1464
-1660
-1880
-2092
-2236
-2335
-2447
-2571
-2699
-2797
-2855
-2902
-2903
-2815
-2672
-2517
-2382
-2257
-2081
-1835
-1573
-1318
-1015
-653
-305
-10
283
594
907
1222
1550
1834
2031
2201
2362
2477
2575
2679
2771
2801
2763
2679
2607
2521
2375
2234
2058
1905
1760
1517
1273
1081
895
681
484
329
189
60
-89
-234
-349
-436
-481
-486
-510
-542
-519
-483
-464
-405
-291
-184
-80
19
152
289
355
461
598
721
843
931
992
1025
1044
1055
1100
1152
1137
1089
1038
989
924
841
773
731
691
620
520
426
347
256
165
125
105
61
14
-34
-113
-205
-258
-254
-217
-206
-251
-316
-381
-450
-496
-510
-523
-570
-682
-825
-946
-1060
-1199
-1346
-1487
-1669
-1884
-2094
-2288
-2437
-2536
-2653
-2809
-2962
-3053
-3073
-3072
-3084
-3063
-2940
-2747
-2585
-2432
-2223
-1993
-1734
-1413
-1063
-700
-340
-15
306
641
959
1289
1610
1863
2068
2263
2427
2557
2683
2785
2825
2788
2713
2668
2628
2512
2333
2182
2046
1876
1698
1513
1308
1103
887
695
562
401
222
92
-34
-172
-293
-360
-371
-380
-416
-437
-424
-389
-360
-285
-159
-61
24
143
250
320
382
497
665
778
827
903
983
1019
1031
1041
1080
1121
1096
1042
1004
936
837
738
639
564
499
413
320
216
113
43
-36
-142
-202
-197
-196
-254
-347
-403
-407
-419
-456
-494
-492
-470
-523
-626
-660
-652
-673
-719
-789
-877
-970
-1079
-1183
-1284
-1421
-1550
-1661
-1841
-2047
-2185
-2284
-2389
-2518
-2677
-2792
-2793
-2764
-2800
-2833
-2763
-2615
-2449
-2283
-2097
-1855
-1607
-1390
-1126
-803
-471
-126
204
484
747
1040
1357
1636
1840
2017
2201
2361
2463
2538
2604
2621
2563
2495
2475
2455
2329
2140
2004
1894
1739
1558
1378
1214
1011
770
602
490
335
187
81
-37
-178
-289
-334
-347
-377
-395
-361
-320
-295
-260
-195
-113
-37
39
158
279
339
395
516
640
705
748
821
898
915
898
928
973
968
954
956
930
861
789
752
707
638
583
548
496
408
310
277
276
216
127
86
75
53
6
-27
-44
-112
-201
-204
-169
-205
-287
-358
-398
-437
-484
-519
-572
-684
-822
-935
-1009
-1108
-1273
-1452
-1631
-1841
-2050
-2210
-2316
-2424
-2604
-2796
-2913
-2999
-3080
-3093
-3072
-3053
-2986
-2850
-2662
-2464
-2287
-2063
-1741
-1383
-1049
-729
-387
-43
253
546
905
1264
1533
1744
1960
2166
2323
2445
2575
2688
2714
2672
2659
2658
2599
2461
2308
2191
2066
1886
1684
1490
1276
1058
871
716
562
376
206
91
-35
-194
-267
-263
-318
-417
-454
-416
-360
-333
-303
-239
-178
-127
-28
122
252
326
396
515
664
773
834
916
1005
1033
1053
1126
1187
1183
1151
1123
1082
1018
959
911
835
711
597
545
504
403
285
195
110
20
-47
-80
-113
-192
-286
-326
-334
-381
-428
-432
-450
-521
-599
-646
-677
-714
-759
-800
-853
-965
-1127
-1261
-1340
-1427
-1573
-1770
-1998
-2222
-2400
-2522
-2608
-2717
-2900
-3084
-3165
-3180
-3187
-3163
-3091
-2979
-2859
-2730
-2535
-2275
-2019
-1765
-1471
-1126
-762
-401
-63
250
583
940
1286
1607
1892
2117
2316
2501
2649
2766
2867
2912
2885
2825
2802
2806
2715
2514
2341
2233
2100
1886
1654
1455
1251
1023
816
636
469
297
118
-41
-170
-266
-309
-349
-430
-491
-469
-411
-382
-365
-317
-250
-168
-74
39
176
278
340
439
570
679
765
842
923
971
974
977
1002
1031
1006
945
917
881
801
738
669
583
523
471
405
312
203
115
55
6
-39
-86
-121
-151
-184
-212
-240
-271
-284
-266
-233
-212
-237
-305
-366
-372
-359
-369
-417
-534
-704
-857
-966
-1034
-1131
-1318
-1565
-1833
-2094
-2281
-2387
-2478
-2649
-2895
-3093
-3183
-3206
-3231
-3256
-3210
-3103
-3003
-2866
-2662
-2413
-2146
-1868
-1529
-1134
-779
-451
-111
233
596
998
1389
1683
1874
2066
2299
2515
2690
2838
2928
2926
2866
2826
2820
2782
2664
2492
2329
2163
1966
1739
1515
1313
1125
921
702
475
249
77
-42
-163
-272
-334
-399
-504
-599
-611
-518
-419
-397
-399
-366
-297
-191
-47
108
234
317
400
508
609
702
820
950
1031
1031
1013
1026
1039
1034
1043
1050
1001
883
753
686
659
599
529
473
378
245
146
110
101
58
-22
-79
-112
-141
-145
-125
-153
-215
-238
-216
-195
-221
-282
-313
-341
-389
-418
-444
-512
-634
-790
-911
-980
-1101
-1284
-1463
-1654
-1900
-2164
-2354
-2469
-2596
-2783
-3006
-3188
-3293
-3335
-3334
-3328
-3322
-3248
-3103
-2947
-2772
-2548
-2261
-1932
-1600
-1276
-938
-579
-219
124
486
884
1254
1541
1766
2004
2260
2477
2663
2838
2942
2950
2908
2891
2919
2896
2770
2615
2477
2314
2115
1930
1774
1591
1363
1133
920
705
511
390
298
137
-55
-169
-208
-260
-337
-330
-257
-262
-331
-328
-237
-138
-89
-18
112
182
181
224
332
438
498
554
641
680
654
648
667
685
694
684
660
603
514
464
453
409
336
309
299
221
103
72
122
124
42
-15
-4
-9
-49
-50
0
6
-54
-85
-51
-33
-55
-67
-67
-104
-180
-210
-210
-286
-421
-538
-645
-784
-964
-1131
-1268
-1476
-1757
-2001
-2182
-2321
-2467
-2645
-2834
-3025
-3165
-3218
-3228
-3233
-3227
-3152
-3010
-2875
-2733
-2522
-2234
-1895
-1571
-1257
-899
-535
-196
142
499
904
1301
1605
1834
2049
2275
2488
2669
2840
2964
2979
2922
2889
2920
2913
2786
2622
2495
2354
2160
1928
1715
1531
1329
1095
873
661
441
250
96
-63
-209
-296
-357
-446
-544
-576
-520
-484
-514
-502
-422
-349
-297
-224
-98
23
67
114
232
341
403
482
592
675
691
689
725
774
790
780
770
751
700
648
624
612
581
540
492
423
350
330
348
331
268
221
230
245
220
197
233
276
247
174
159
185
180
142
105
57
-22
-109
-147
-184
-308
-478
-623
-747
-893
-1083
-1283
-1482
-1734
-2041
-2304
-2479
-2635
-2839
-3072
-3283
-3434
-3512
-3537
-3547
-3549
-3513
-3405
-3233
-3054
-2878
-2637
-2318
-1990
-1672
-1331
-935
-531
-193
122
504
931
1296
1544
1764
2027
2270
2447
2618
2788
2879
2870
2848
2895
2940
2864
2697
2552
2436
2298
2107
1896
1718
1542
1327
1112
912
709
532
404
269
94
-56
-123
-187
-315
-394
-338
-276
-327
-413
-382
-258
-191
-169
-81
26
59
69
170
345
449
464
497
555
586
613
678
744
741
678
637
633
598
544
527
526
467
374
333
322
258
183
199
256
210
80
34
92
120
92
107
159
137
51
35
126
205
185
129
94
42
-47
-99
-93
-131
-265
-423
-549
-674
-831
-987
-1125
-1309
-1545
-1780
-2001
-2208
-2399
-2565
-2715
-2900
-3113
-3238
-3249
-3244
-3284
-3302
-3210
-3041
-2891
-2747
-2521
-2214
-1919
-1656
-1349
-965
-597
-297
6
388
793
1113
1355
1602
1868
2107
2300
2469
2618
2717
2770
2796
2808
2811
2794
2741
2624
2476
2336
2197
2040
1824
1602
1440
1280
1088
885
703
563
416
270
159
67
-27
-146
-234
-258
-255
-268
-300
-303
-281
-241
-173
-112
-41
30
76
165
266
344
398
437
501
566
617
644
634
633
658
681
661
607
571
566
541
484
449
448
417
334
262
259
293
296
254
210
195
197
192
197
213
208
181
151
131
118
96
72
55
19
-38
-96
-173
-270
-353
-421
-510
-662
-856
-1045
-1222
-1410
-1610
-1812
-2033
-2290
-2524
-2692
-2844
-3025
-3199
-3291
-3302
-3325
-3392
-3399
-3289
-3118
-2939
-2767
-2573
-2324
-2037
-1750
-1437
-1067
-686
-343
-44
256
618
1002
1303
1533
1762
1996
2186
2320
2464
2625
2708
2704
2697
2707
2679
2576
2450
2364
2284
2136
1933
1727
1539
1376
1250
1128
948
725
568
471
349
234
186
140
25
-119
-184
-157
-166
-236
-246
-176
-121
-109
-61
39
112
136
201
326
399
394
408
495
591
637
657
679
691
690
696
712
703
662
630
608
562
503
452
413
373
323
292
283
243
173
137
150
157
123
90
88
86
46
-6
-17
17
33
-15
-89
-129
-136
-171
-256
-359
-451
-544
-650
-778
-939
-1111
-1288
-1476
-1678
-1902
-2110
-2282
-2448
-2624
-2819
-3015
-3137
-3176
-3190
-3222
-3277
-3298
-3209
-3038
-2846
-2646
-2426
-2201
-1971
-1698
-1348
-950
-574
-258
19
317
652
998
1316
1585
1817
2028
2221
2384
2526
2659
2757
2804
2822
2815
2774
2678
2546
2454
2404
2298
2106
1887
1703
1566
1421
1252
1092
935
753
564
410
311
237
146
23
-92
-148
-164
-180
-192
-197
-167
-127
-124
-106
-42
36
100
130
181
250
276
298
357
431
489
490
473
489
513
537
547
513
471
452
440
426
401
387
374
335
301
307
327
317
281
265
276
269
236
216
228
238
211
162
134
116
81
49
30
5
-58
-137
-202
-268
-365
-472
-571
-685
-822
-991
-1166
-1340
-1526
-1720
-1948
-2155
-2317
-2469
-2645
-2868
-3060
-3160
-3165
-3143
-3182
-3245
-3235
-3101
-2896
-2671
-2437
-2215
-1992
-1764
-1467
-1088
-688
-343
-94
173
494
826
1132
1401
1665
1892
2067
2213
2364
2504
2595
2641
2673
2716
2694
2607
2493
2404
2356
2274
2137
1930
1713
1544
1419
1300
1151
976
793
608
440
320
249
186
94
-20
-105
-155
-196
-228
-227
-195
-169
-171
-169
-131
-67
-5
56
133
215
276
307
340
405
488
546
565
584
610
617
602
591
587
579
557
523
469
420
397
384
372
355
332
306
257
208
214
250
242
193
147
129
104
56
38
38
-3
-71
-135
-189
-243
-304
-368
-447
-546
-646
-747
-875
-1027
-1179
-1321
-1479
-1689
-1916
-2107
-2270
-2426
-2585
-2769
-2972
-3143
-3217
-3180
-3141
-3180
-3223
-3186
-3064
-2868
-2627
-2388
-2183
-1985
-1727
-1393
-1027
-663
-320
-20
248
543
893
1233
1499
1743
1992
2197
2339
2465
2600
2716
2773
2800
2824
2795
2690
2583
2523
2476
2368
2195
2009
1826
1651
1510
1395
1251
1062
869
707
559
428
335
260
156
24
-89
-136
-157
-191
-221
-207
-182
-194
-208
-176
-117
-65
-5
94
197
244
244
271
359
445
486
508
524
527
526
540
554
547
532
521
490
431
386
385
393
370
337
332
322
269
221
227
266
274
247
218
178
117
73
85
113
61
-47
-122
-166
-213
-280
-351
-419
-527
-669
-793
-912
-1060
-1204
-1335
-1509
-1735
-1955
-2109
-2218
-2353
-2539
-2737
-2899
-2993
-3018
-2992
-2980
-3022
-3053
-2974
-2802
-2624
-2447
-2248
-2019
-1773
-1504
-1172
-787
-443
-158
125
437
772
1093
1372
1626
1851
2040
2230
2409
2538
2620
2675
2720
2760
2751
2674
2584
2507
2425
2321
2165
1958
1752
1582
1444
1301
1131
950
770
596
429
274
165
95
-5
-143
-246
-282
-293
-320
-359
-360
-328
-317
-308
-242
-162
-106
-36
70
187
253
264
309
416
507
564
631
667
655
638
637
658
687
674
626
574
524
501
489
457
418
384
359
328
280
232
211
206
195
154
107
68
12
-33
-46
-62
-104
-180
-260
-308
-339
-390
-471
-581
-704
-813
-900
-993
-1130
-1314
-1504
-1688
-1867
-2028
-2169
-2312
-2487
-2701
-2900
-3009
-3044
-3051
-3068
-3120
-3171
-3145
-3000
-2776
-2570
-2419
-2251
-2007
-1727
-1442
-1112
-736
-396
-127
138
458
804
1117
1402
1670
1902
2084
2238
2399
2558
2656
2709
2771
2805
2760
2661
2573
2530
2488
2387
2217
2006
1791
1617
1497
1385
1212
1001
826
685
523
360
271
242
169
27
-111
-180
-188
-181
-169
-152
-145
-158
-170
-143
-72
2
67
136
181
196
223
291
388
479
528
541
536
520
529
580
617
605
571
520
475
456
452
454
437
374
313
294
289
275
258
231
196
166
147
126
80
16
-38
-68
-85
-119
-193
-286
-359
-400
-448
-536
-662
-795
-911
-1020
-1150
-1299
-1472
-1675
-1885
-2066
-2188
-2262
-2374
-2577
-2812
-2972
-2997
-2935
-2904
-2949
-3002
-2984
-2846
-2625
-2397
-2188
-1997
-1795
-1546
-1241
-901
-567
-266
24
307
587
893
1180
1436
1707
1951
2128
2266
2377
2488
2589
2649
2679
2691
2659
2560
2430
2337
2276
2182
2026
1830
1631
1452
1294
1161
1022
861
682
488
324
200
109
63
7
-95
-197
-279
-325
-324
-297
-246
-211
-242
-280
-256
-175
-91
-33
30
98
129
135
177
275
377
430
446
454
454
455
473
506
542
555
531
476
426
424
464
488
464
418
389
392
383
348
326
323
306
267
226
204
183
129
68
45
20
-43
-127
-208
-275
-344
-442
-543
-653
-801
-956
-1087
-1215
-1369
-1570
-1788
-1976
-2114
-2224
-2373
-2588
-2813
-2972
-3015
-2987
-2988
-3042
-3121
-3152
-3051
-2834
-2598
-2405
-2259
-2100
-1858
-1532
-1169
-815
-492
-196
83
367
687
1028
1347
1616
1824
1986
2144
2302
2449
2570
2643
2675
2683
2633
2534
2450
2403
2367
2272
2081
1863
1679
1522
1389
1262
1104
916
709
532
411
313
209
113
27
-59
-138
-198
-235
-252
-239
-216
-202
-193
-189
-174
-120
-35
54
121
151
155
187
273
368
424
458
471
473
489
514
545
567
567
570
570
543
522
522
520
504
473
442
416
389
378
381
363
310
262
250
242
206
158
116
70
26
-6
-43
-106
-204
-302
-355
-407
-512
-634
-749
-874
-1026
-1203
-1392
-1594
-1789
-1940
-2063
-2222
-2439
-2680
-2870
-2956
-2956
-2938
-2967
-3048
-3110
-3069
-2897
-2666
-2472
-2338
-2200
-1994
-1698
-1346
-999
-675
-357
-46
237
517
838
1189
1510
1760
1948
2110
2266
2403
2532
2656
2734
2758
2734
2648
2545
2479
2445
2391
2243
2007
1769
1598
1481
1362
1204
1021
827
631
456
339
263
179
68
-42
-132
-209
-270
-293
-264
-206
-191
-244
-284
-257
-185
-106
-39
23
62
56
48
106
213
302
339
336
320
322
370
445
475
455
438
427
418
422
425
429
430
400
368
353
336
320
323
328
303
257
224
216
229
230
191
142
102
65
37
12
-30
-82
-152
-234
-320
-421
-542
-665
-794
-948
-1139
-1354
-1565
-1742
-1889
-2027
-2204
-2432
-2671
-2842
-2896
-2881
-2903
-3001
-3117
-3144
-3032
-2836
-2640
-2475
-2341
-2190
-1954
-1623
-1247
-894
-611
-356
-70
241
564
886
1179
1445
1669
1829
1970
2110
2251
2395
2480
2499
2467
2395
2340
2311
2259
2180
2077
1938
1758
1574
1436
1339
1240
1108
938
746
566
436
370
316
233
115
-9
-74
-76
-81
-86
-77
-69
-64
-71
-70
-33
14
68
140
193
185
157
176
243
301
333
347
340
327
326
341
369
381
364
321
285
276
287
301
293
271
254
251
255
263
262
264
249
201
167
176
187
179
164
145
134
126
100
74
51
8
-41
-102
-204
-320
-421
-515
-629
-771
-938
-1159
-1405
-1580
-1680
-1780
-1957
-2224
-2476
-2624
-2672
-2673
-2699
-2796
-2913
-2946
-2852
-2670
-2483
-2339
-2232
-2098
-1885
-1604
-1281
-950
-660
-399
-125
174
472
766
1062
1334
1560
1749
1905
2038
2160
2286
2400
2463
2460
2407
2343
2296
2272
2228
2135
1987
1801
1640
1520
1436
1325
1164
998
824
674
559
479
410
310
215
135
62
3
-21
2
27
19
-16
-37
-27
10
61
109
128
111
100
124
173
209
225
245
263
263
244
229
233
249
256
250
231
200
176
188
227
252
249
224
189
164
182
234
265
249
217
197
202
223
244
243
222
186
143
105
95
90
41
-58
-159
-255
-351
-446
-552
-690
-867
-1081
-1291
-1458
-1584
-1690
-1843
-2084
-2327
-2488
-2568
-2599
-2633
-2706
-2809
-2891
-2869
-2715
-2518
-2369
-2277
-2194
-2026
-1742
-1408
-1085
-813
-575
-315
-35
240
528
835
1124
1355
1521
1656
1782
1920
2076
2220
2299
2278
2177
2090
2083
2109
2086
1985
1827
1644
1472
1360
1293
1199
1059
894
712
549
447
398
369
309
200
90
11
-29
-18
33
70
68
28
2
27
87
154
213
246
235
219
227
258
318
375
387
374
359
338
329
338
343
335
304
250
197
156
146
163
154
121
103
84
47
29
52
79
87
88
87
71
49
66
119
158
148
104
74
66
49
32
18
-41
-149
-256
-328
-402
-526
-691
-881
-1082
-1241
-1370
-1531
-1722
-1932
-2121
-2242
-2326
-2399
-2458
-2534
-2607
-2630
-2577
-2450
-2310
-2196
-2077
-1946
-1769
-1509
-1203
-916
-672
-440
-208
48
344
640
921
1136
1282
1422
1582
1757
1891
1975
2046
2081
2064
2010
1957
1937
1918
1839
1721
1603
1461
1321
1235
1175
1082
938
770
623
526
474
446
396
309
212
152
147
160
166
180
211
201
181
200
258
325
364
416
442
418
407
441
524
576
568
529
487
473
481
490
468
397
306
251
229
205
164
115
68
25
-12
-43
-63
-67
-68
-79
-92
-98
-101
-93
-69
-50
-56
-70
-75
-72
-79
-96
-96
-111
-176
-269
-350
-411
-492
-579
-701
-868
-1040
-1204
-1308
-1399
-1564
-1759
-1952
-2097
-2171
-2209
-2236
-2298
-2382
-2429
-2404
-2302
-2171
-2047
-1934
-1821
-1682
-1485
-1227
-948
-703
-498
-290
-58
192
451
713
950
1120
1248
1381
1527
1658
1770
1858
1914
1887
1826
1804
1800
1795
1741
1638
1522
1393
1268
1160
1065
959
836
703
569
456
358
280
223
173
110
54
24
0
-9
13
60
96
110
114
132
188
260
319
371
416
436
438
479
548
593
597
580
568
557
537
519
501
458
381
301
261
237
181
117
50
-1
-33
-74
-83
-93
-129
-149
-151
-149
-163
-186
-189
-166
-154
-151
-154
-182
-206
-218
-213
-208
-259
-355
-437
-493
-562
-663
-774
-903
-1052
-1184
-1304
-1424
-1560
-1713
-1831
-1901
-1963
-2015
-2056
-2086
-2091
-2080
-2017
-1893
-1765
-1648
-1530
-1396
-1216
-996
-765
-534
-329
-145
54
273
502
711
905
1084
1215
1323
1443
1568
1661
1703
1749
1770
1732
1684
1650
1630
1576
1473
1362
1231
1089
985
921
849
726
587
451
348
290
252
224
188
123
61
46
51
54
76
111
148
175
191
233
302
356
414
489
537
547
558
608
683
725
725
706
672
642
639
651
645
590
503
417
361
337
317
281
223
143
53
-9
-28
-33
-57
-95
-136
-184
-226
-235
-227
-232
-254
-280
-322
-364
-372
-372
-391
-426
-486
-566
-656
-745
-824
-919
-1037
-1149
-1267
-1391
-1491
-1594
-1731
-1866
-1947
-1991
-2035
-2076
-2105
-2117
-2100
-2043
-1935
-1784
-1646
-1525
-1394
-1231
-1018
-784
-565
-350
-143
46
241
458
687
904
1073
1198
1304
1401
1495
1588
1690
1749
1740
1709
1662
1620
1584
1555
1493
1374
1231
1087
971
885
805
723
616
481
340
246
207
187
157
106
47
14
11
22
64
113
132
136
161
204
264
326
375
422
463
474
492
537
579
603
622
630
597
552
523
510
489
457
408
323
260
208
170
158
110
44
-22
-74
-99
-108
-121
-136
-179
-241
-268
-284
-274
-265
-289
-306
-327
-346
-364
-375
-387
-414
-456
-521
-598
-681
-763
-858
-986
-1125
-1235
-1343
-1461
-1563
-1664
-1774
-1894
-1972
-2000
-2012
-2016
-2028
-2017
-1971
-1884
-1747
-1599
-1457
-1309
-1159
-980
-739
-484
-249
-24
179
372
580
800
1036
1242
1396
1538
1652
1732
1820
1900
1952
1983
1969
1928
1851
1759
1697
1635
1544
1407
1251
1098
972
892
818
706
552
407
299
220
181
161
118
62
10
-26
-17
3
28
69
114
153
151
172
237
327
418
470
500
514
527
564
641
719
741
706
656
641
618
615
613
588
533
431
336
264
217
173
108
23
-91
-209
-293
-344
-386
-434
-492
-577
-677
-760
-810
-842
-875
-924
-991
-1080
-1202
-1326
-1406
-1444
-1489
-1565
-1672
-1812
-1958
-2064
-2095
-2065
-2058
-2100
-2145
-2156
-2124
-2017
-1834
-1625
-1456
-1336
-1199
-995
-735
-447
-152
119
329
496
685
928
1183
1413
1601
1727
1790
1832
1900
1994
2075
2104
2061
1965
1858
1758
1682
1631
1554
1422
1245
1043
870
752
664
586
481
319
133
-23
-116
-137
-139
-177
-254
-341
-403
-407
-356
-284
-223
-202
-191
-166
-116
-25
71
166
243
268
295
325
378
464
523
551
527
482
453
451
478
479
449
377
294
238
215
221
207
169
107
32
-12
-24
-21
-29
-78
-169
-227
-234
-235
-229
-222
-254
-333
-413
-445
-442
-459
-505
-575
-680
-821
-964
-1069
-1137
-1209
-1317
-1467
-1642
-1806
-1915
-1944
-1945
-1977
-2041
-2118
-2163
-2133
-2025
-1853
-1692
-1602
-1517
-1372
-1164
-905
-626
-359
-135
55
258
489
753
1039
1292
1497
1652
1766
1893
2048
2194
2308
2364
2343
2274
2214
2192
2174
2109
1997
1848
1667
1484
1345
1247
1133
963
756
544
354
193
83
16
-79
-221
-358
-453
-494
-504
-515
-506
-486
-497
-491
-431
-336
-245
-159
-61
23
74
132
222
328
413
463
489
505
518
536
569
600
598
542
489
445
403
370
328
278
196
93
22
-43
-117
-173
-188
-231
-330
-412
-468
-512
-561
-589
-606
-689
-799
-897
-978
-1051
-1141
-1221
-1323
-1458
-1610
-1758
-1866
-1940
-1986
-2027
-2096
-2174
-2205
-2184
-2106
-1994
-1873
-1765
-1672
-1534
-1347
-1119
-865
-642
-427
-209
0
214
453
703
948
1159
1322
1458
1567
1695
1855
1984
2072
2127
2127
2098
2094
2117
2130
2077
1976
1858
1725
1589
1477
1379
1261
1097
917
762
622
481
364
269
166
37
-78
-167
-219
-252
-290
-299
-318
-360
-362
-339
-315
-303
-289
-256
-202
-172
-145
-84
-28
14
70
127
168
191
210
237
266
284
286
278
259
229
192
157
129
90
34
-19
-69
-129
-196
-236
-257
-298
-351
-397
-449
-505
-539
-545
-558
-600
-667
-752
-847
-929
-984
-1023
-1079
-1168
-1277
-1405
-1518
-1563
-1569
-1586
-1629
-1688
-1742
-1754
-1705
-1614
-1521
-1453
-1386
-1301
-1187
-1029
-842
-656
-485
-336
-178
0
174
356
554
731
876
988
1098
1239
1381
1494
1604
1693
1723
1727
1765
1829
1865
1857
1829
1794
1733
1653
1598
1569
1501
1384
1269
1162
1039
927
864
802
684
546
434
349
276
215
185
153
73
-10
-50
-77
-91
-81
-66
-64
-84
-112
-112
-75
-33
-10
-11
-16
-26
-38
-17
45
88
71
22
-17
-36
-49
-58
-62
-100
-174
-258
-325
-353
-376
-397
-432
-481
-551
-631
-665
-678
-682
-699
-769
-859
-949
-1024
-1068
-1101
-1137
-1191
-1275
-1382
-1485
-1551
-1567
-1564
-1549
-1557
-1623
-1663
-1638
-1553
-1425
-1325
-1232
-1137
-1054
-933
-742
-513
-310
-146
1
150
299
461
650
834
974
1070
1145
1222
1307
1404
1496
1547
1535
1490
1440
1408
1403
1410
1386
1309
1196
1085
1001
946
917
872
806
721
626
557
503
484
471
436
381
309
278
278
290
310
318
308
291
290
310
338
360
368
363
360
367
372
367
360
346
324
291
268
247
210
164
127
100
58
5
-54
-91
-121
-161
-189
-236
-290
-346
-387
-409
-446
-477
-517
-564
-607
-647
-674
-693
-717
-766
-828
-898
-973
-1052
-1127
-1188
-1254
-1330
-1399
-1473
-1558
-1632
-1681
-1694
-1693
-1708
-1724
-1722
-1699
-1629
-1508
-1375
-1261
-1148
-1017
-858
-670
-446
-213
0
176
346
536
735
918
1093
1250
1365
1438
1515
1606
1684
1737
1759
1744
1704
1645
1575
1531
1491
1414
1317
1203
1098
995
888
823
753
642
535
451
387
322
279
244
204
183
156
160
182
192
224
253
286
333
355
385
423
438
456
490
519
534
517
505
511
514
502
461
414
361
315
279
230
160
66
-18
-83
-149
-201
-244
-285
-332
-376
-420
-475
-520
-552
-605
-701
-822
-935
-1005
-1060
-1136
-1197
-1271
-1348
-1413
-1458
-1469
-1482
-1474
-1462
-1472
-1480
-1483
-1451
-1363
-1249
-1160
-1082
-993
-883
-734
-544
-334
-167
-24
117
273
479
667
839
993
1087
1175
1277
1379
1475
1546
1606
1644
1641
1613
1596
1594
1585
1568
1525
1448
1353
1262
1193
1151
1083
986
892
772
668
604
557
523
457
373
302
248
225
227
228
209
182
177
186
211
240
272
300
307
310
328
359
374
387
410
409
372
329
318
306
263
217
173
108
24
-47
-112
-159
-195
-280
-369
-465
-573
-645
-692
-721
-767
-846
-927
-984
-1015
-1035
-1041
-1062
-1111
-1193
-1274
-1304
-1312
-1327
-1348
-1392
-1456
-1520
-1566
-1587
-1573
-1550
-1536
-1547
-1565
-1552
-1494
-1396
-1269
-1147
-1043
-953
-857
-709
-507
-295
-93
70
188
325
505
702
888
1043
1152
1230
1304
1391
1492
1587
1651
1666
1648
1624
1598
1574
1568
1567
1519
1414
1303
1224
1163
1100
1029
955
862
757
669
606
562
524
464
400
343
291
268
272
265
262
261
249
252
277
316
354
394
438
463
466
476
497
520
537
539
515
475
431
396
359
312
257
184
97
9
-84
-172
-241
-315
-398
-481
-579
-685
-772
-833
-873
-923
-992
-1065
-1119
-1160
-1185
-1195
-1205
-1243
-1286
-1330
-1381
-1414
-1431
-1462
-1499
-1537
-1571
-1607
-1636
-1639
-1612
-1593
-1586
-1574
-1547
-1492
-1397
-1277
-1157
-1044
-927
-801
-667
-497
-288
-83
82
223
372
546
724
893
1048
1176
1279
1364
1442
1524
1587
1631
1656
1647
1621
1588
1542
1509
1487
1437
1365
1266
1152
1056
983
925
869
798
709
615
534
480
440
405
366
320
278
251
241
248
265
286
306
318
331
352
396
451
489
504
519
536
552
568
588
606
603
580
548
507
469
442
398
322
228
135
41
-44
-108
-173
-276
-407
-525
-612
-676
-732
-799
-889
-987
-1069
-1125
-1162
-1182
-1204
-1246
-1309
-1376
-1431
-1467
-1502
-1543
-1590
-1632
-1671
-1713
-1746
-1759
-1752
-1725
-1701
-1692
-1669
-1615
-1542
-1433
-1301
-1167
-1041
-922
-777
-602
-407
-206
-5
178
348
529
726
914
1076
1229
1363
1458
1526
1597
1684
1742
1752
1756
1761
1739
1696
1648
1594
1541
1475
1393
1308
1209
1099
1021
961
879
778
673
578
516
471
421
362
296
231
182
163
163
171
183
179
162
164
192
223
256
296
327
343
362
393
426
456
482
501
503
484
468
469
462
432
395
350
278
195
130
67
-10
-84
-174
-281
-378
-466
-531
-584
-663
-761
-859
-941
-987
-1019
-1058
-1112
-1189
-1278
-1347
-1382
-1407
-1457
-1526
-1588
-1634
-1672
-1706
-1736
-1767
-1788
-1783
-1755
-1722
-1691
-1652
-1597
-1513
-1404
-1278
-1153
-1038
-916
-757
-565
-373
-188
-9
159
323
502
687
852
993
1112
1217
1318
1418
1495
1545
1577
1609
1629
1629
1609
1588
1567
1535
1488
1436
1374
1296
1211
1139
1076
1014
942
855
759
676
616
570
520
459
396
342
302
285
290
292
280
261
251
255
261
271
290
305
312
311
313
330
335
346
350
331
306
273
258
239
203
169
123
69
10
-45
-79
-115
-165
-232
-306
-365
-417
-461
-502
-546
-602
-662
-720
-756
-772
-791
-832
-891
-952
-997
-1036
-1087
-1150
-1209
-1267
-1326
-1380
-1416
-1456
-1510
-1550
-1560
-1559
-1566
-1573
-1562
-1526
-1466
-1380
-1285
-1187
-1077
-952
-815
-659
-491
-316
-161
-9
162
332
508
670
812
932
1039
1146
1229
1303
1366
1412
1440
1464
1470
1450
1427
1408
1400
1362
1317
1246
1170
1115
1058
1016
957
894
836
759
697
643
615
597
551
518
499
483
462
430
432
449
442
417
404
425
447
457
474
490
484
465
456
460
466
452
415
370
329
290
246
203
151
85
4
-85
-167
-234
-292
-352
-421
-503
-584
-651
-695
-718
-747
-783
-833
-892
-934
-966
-967
-979
-1007
-1039
-1077
-1104
-1139
-1177
-1206
-1224
-1252
-1299
-1355
-1392
-1408
-1421
-1411
-1398
-1395
-1405
-1409
-1357
-1265
-1162
-1073
-1002
-924
-825
-688
-516
-345
-201
-77
49
187
335
492
644
770
856
925
1002
1090
1160
1204
1234
1255
1256
1240
1225
1220
1212
1188
1149
1101
1045
983
934
901
880
836
766
706
667
652
636
621
596
558
525
497
501
511
510
519
525
526
539
555
571
579
585
598
609
608
598
577
560
543
519
485
422
360
304
239
185
106
17
-63
-159
-240
-320
-402
-467
-537
-613
-699
-760
-794
-835
-863
-893
-928
-959
-992
-1012
-1016
-1013
-1025
-1051
-1081
-1115
-1142
-1147
-1140
-1152
-1181
-1218
-1253
-1274
-1272
-1255
-1237
-1231
-1236
-1230
-1188
-1111
-1014
-913
-816
-723
-632
-521
-380
-217
-63
71
196
321
441
564
690
810
907
979
1033
1084
1141
1187
1218
1239
1238
1205
1160
1132
1109
1074
1025
965
897
831
779
741
704
657
599
539
485
448
429
422
409
387
365
359
371
396
424
446
464
481
502
527
558
596
631
654
667
666
664
671
678
668
646
611
558
496
440
387
324
248
157
57
-40
-131
-221
-307
-395
-493
-595
-685
-758
-824
-882
-944
-1005
-1064
-1121
-1169
-1199
-1222
-1251
-1279
-1302
-1316
-1325
-1333
-1340
-1353
-1359
-1355
-1346
-1336
-1329
-1323
-1310
-1280
-1238
-1193
-1145
-1086
-1013
-935
-843
-734
-614
-498
-386
-261
-116
34
169
293
421
548
670
784
888
981
1067
1134
1190
1240
1274
1283
1271
1256
1245
1228
1190
1136
1079
1021
961
895
825
757
689
621
562
507
452
405
365
328
298
276
258
247
239
244
267
281
279
286
311
346
384
427
468
498
527
562
591
622
646
653
661
663
647
621
592
563
528
469
398
321
233
143
57
-31
-128
-231
-343
-453
-551
-640
-726
-808
-880
-949
-1018
-1073
-1120
-1170
-1216
-1252
-1280
-1312
-1345
-1361
-1364
-1381
-1405
-1414
-1412
-1406
-1391
-1373
-1359
-1335
-1294
-1240
-1171
-1102
-1030
-946
-859
-768
-658
-534
-408
-276
-152
-30
96
221
350
480
603
713
804
888
966
1038
1104
1158
1194
1215
1217
1208
1195
1176
1160
1127
1080
1027
970
927
873
816
754
687
636
577
527
483
442
417
367
333
331
309
298
293
288
302
304
315
335
354
374
394
425
435
446
481
513
531
539
551
553
550
550
540
527
502
455
405
362
307
241
170
107
32
-63
-143
-229
-312
-401
-487
-562
-647
-721
-800
-871
-932
-994
-1047
-1102
-1153
-1195
-1243
-1282
-1310
-1344
-1356
-1364
-1395
-1418
-1427
-1431
-1426
-1414
-1401
-1384
-1362
-1321
-1264
-1192
-1109
-1029
-938
-843
-737
-612
-484
-347
-221
-93
44
177
322
458
577
687
788
883
966
1042
1106
1154
1194
1221
1221
1208
1203
1195
1172
1136
1093
1041
982
934
892
851
804
745
677
617
573
537
507
478
446
408
382
382
392
395
395
392
385
382
394
420
436
446
469
489
498
510
519
534
549
538
529
528
508
482
463
433
389
335
278
218
150
79
8
-67
-145
-229
-317
-400
-480
-567
-645
-708
-779
-861
-929
-984
-1037
-1081
-1109
-1144
-1193
-1234
-1259
-1271
-1284
-1303
-1318
-1349
-1385
-1391
-1371
-1348
-1327
-1315
-1304
-1276
-1231
-1167
-1090
-1003
-921
-845
-756
-643
-521
-396
-268
-144
-34
77
208
353
487
602
706
804
883
954
1030
1102
1143
1166
1185
1194
1193
1190
1179
1154
1123
1079
1016
954
906
853
797
743
678
609
560
528
496
461
422
387
366
358
351
351
357
356
358
370
385
402
426
454
470
491
519
543
563
585
606
617
617
604
584
561
544
518
474
416
348
272
196
135
68
-19
-110
-218
-331
-427
-524
-610
-681
-760
-841
-921
-1000
-1060
-1100
-1140
-1180
-1234
-1287
-1322
-1344
-1356
-1361
-1371
-1394
-1420
-1430
-1425
-1405
-1370
-1340
-1322
-1301
-1271
-1225
-1156
-1066
-981
-909
-824
-732
-633
-509
-371
-233
-109
1
128
266
393
529
652
739
823
897
968
1048
1112
1164
1196
1196
1188
1185
1171
1157
1130
1082
1024
955
891
838
788
731
660
583
516
467
434
406
372
333
293
255
242
248
258
277
288
289
301
316
351
402
442
476
497
516
551
589
626
657
660
656
655
646
641
628
607
575
516
440
370
299
228
152
73
-12
-114
-221
-320
-402
-480
-568
-665
-764
-862
-947
-1013
-1063
-1113
-1174
-1248
-1312
-1352
-1373
-1391
-1401
-1410
-1439
-1466
-1469
-1451
-1412
-1374
-1346
-1305
-1257
-1207
-1136
-1043
-947
-862
-790
-705
-605
-494
-369
-240
-128
-34
57
165
295
427
537
627
706
779
842
907
986
1051
1082
1090
1102
1110
1099
1082
1071
1049
1001
945
893
842
789
739
688
630
562
498
447
414
387
348
307
284
272
263
265
283
302
304
305
329
362
391
412
443
474
489
493
516
549
565
562
563
564
549
517
499
490
468
412
353
304
252
182
115
56
-15
-112
-214
-298
-368
-444
-530
-614
-697
-789
-870
-927
-974
-1034
-1099
-1150
-1192
-1230
-1259
-1273
-1280
-1293
-1307
-1317
-1313
-1291
-1256
-1213
-1172
-1134
-1086
-1034
-984
-921
-837
-754
-679
-598
-511
-422
-327
-221
-119
-26
61
148
239
332
419
502
577
640
693
746
797
844
887
919
933
932
926
916
908
894
871
849
824
789
745
701
671
647
619
588
548
509
479
463
446
429
410
391
372
368
378
374
385
401
397
403
408
420
419
418
433
429
429
419
399
385
378
365
347
318
274
235
193
146
101
42
-27
-94
-157
-219
-277
-342
-420
-498
-574
-643
-704
-763
-819
-879
-932
-979
-1022
-1060
-1086
-1108
-1122
-1125
-1127
-1126
-1121
-1102
-1067
-1046
-1021
-994
-957
-908
-856
-785
-719
-663
-604
-542
-471
-390
-318
-239
-154
-96
-33
47
118
193
261
323
386
439
496
560
602
638
670
686
715
733
744
772
781
770
770
764
757
749
742
750
743
706
667
652
633
603
575
544
522
503
493
485
472
460
436
438
448
444
445
440
445
440
435
430
415
400
379
361
351
338
310
280
252
222
184
141
96
50
5
-32
-72
-126
-186
-241
-297
-358
-417
-471
-524
-574
-635
-693
-740
-794
-852
-899
-950
-1004
-1038
-1063
-1077
-1091
-1117
-1127
-1114
-1110
-1110
-1086
-1047
-1018
-989
-945
-887
-830
-774
-704
-619
-543
-479
-410
-330
-244
-165
-87
-10
58
113
174
252
329
395
459
529
595
635
672
731
794
828
839
856
878
886
884
891
900
885
859
843
831
799
760
728
694
649
596
550
519
487
438
397
377
345
319
306
294
279
262
241
237
231
211
207
212
199
179
162
155
145
125
109
98
89
70
45
21
6
-13
-44
-81
-114
-153
-189
-215
-243
-283
-326
-364
-405
-450
-492
-534
-578
-632
-691
-738
-774
-809
-838
-866
-893
-916
-934
-942
-941
-936
-925
-908
-889
-867
-839
-795
-744
-696
-648
-596
-539
-480
-414
-339
-267
-203
-141
-77
2
82
149
213
273
331
393
448
497
558
612
650
681
713
741
765
792
817
836
843
836
833
832
821
811
797
766
729
690
659
635
601
567
535
493
458
419
376
348
309
261
226
196
164
134
104
75
51
29
14
-2
-21
-43
-59
-66
-76
-95
-111
-127
-146
-154
-152
-158
-168
-181
-195
-202
-209
-226
-255
-280
-302
-322
-342
-359
-377
-397
-417
-441
-461
-475
-484
-495
-505
-512
-524
-534
-532
-537
-551
-554
-545
-543
-547
-535
-518
-508
-499
-483
-456
-434
-414
-392
-356
-319
-290
-260
-221
-180
-140
-97
-48
1
44
81
120
164
202
241
274
302
327
352
374
392
414
436
454
468
484
500
511
520
527
534
540
543
538
528
522
519
515
501
480
463
448
431
407
380
351
324
294
262
230
204
175
141
111
91
71
49
26
9
-7
-28
-51
-67
-78
-88
-94
-97
-106
-126
-143
-150
-156
-159
-162
-170
-182
-193
-200
-200
-199
-204
-212
-215
-216
-224
-228
-220
-214
-220
-227
-227
-220
-220
-229
-236
-238
-240
-252
-267
-272
-275
-285
-295
-301
-303
-301
-300
-300
-299
-296
-293
-295
-291
-281
-270
-249
-220
-199
-179
-148
-119
-99
-77
-46
-15
16
46
77
107
130
153
172
198
224
249
270
289
308
329
346
354
364
375
384
386
386
384
381
380
377
373
367
359
348
334
316
288
261
237
214
187
155
122
93
67
48
36
27
10
-11
-25
-36
-53
-68
-70
-68
-74
-82
-82
-78
-75
-73
-71
-71
-72
-72
-71
-68
-66
-70
-75
-77
-81
-83
-79
-73
-72
-76
-81
-84
-80
-74
-78
-88
-98
-106
-117
-128
-141
-155
-174
-191
-204
-222
-231
-234
-250
-266
-274
-289
-297
-291
-297
-301
-293
-286
-274
-257
-241
-224
-203
-190
-177
-161
-143
-123
-102
-77
-47
-15
14
43
69
90
111
141
169
187
206
224
239
255
277
281
280
297
311
313
314
312
319
318
297
283
280
261
238
225
207
182
161
138
127
120
93
68
67
62
40
19
13
5
-14
-23
-26
-36
-41
-44
-43
-43
-48
-42
-30
-27
-23
-19
-16
-11
-8
-8
1
15
24
32
45
57
56
55
65
71
64
55
49
40
29
19
5
-13
-23
-33
-45
-56
-65
-81
-97
-107
-122
-145
-160
-169
-186
-201
-206
-214
-225
-233
-231
-236
-240
-237
-231
-225
-222
-219
-211
-203
-197
-191
-176
-157
-137
-118
-98
-84
-68
-46
-24
-6
14
34
49
61
75
95
107
116
126
140
147
147
150
155
162
164
163
162
160
153
144
135
131
123
114
109
111
114
105
92
83
77
63
49
40
36
29
22
16
12
4
-1
-6
-11
-12
-12
-14
-10
-4
3
7
11
14
19
23
28
33
40
48
52
58
66
70
72
75
75
70
64
59
56
55
47
40
32
24
13
4
-6
-14
-28
-38
-44
-51
-58
-66
-74
-84
-93
-97
-100
-107
-116
-124
-127
-126
-131
-138
-145
-152
-153
-156
-156
-155
-152
-146
-138
-131
-124
-114
-97
-80
-67
-59
-51
-41
-30
-19
-12
-7
-2
9
20
28
34
38
43
50
53
56
57
60
63
64
62
60
61
67
73
77
76
75
74
74
73
68
63
57
54
50
47
44
42
42
42
44
44
44
44
42
39
39
37
41
46
52
56
59
57
58
60
64
69
71
72
72
72
70
68
62
55
47
39
35
33
29
24
16
6
-3
-10
-15
-20
-27
-35
-45
-54
-63
-72
-79
-85
-85
-87
-88
-91
-97
-105
-111
-113
-110
-110
-110
-112
-112
-103
-95
-89
-84
-76
-69
-64
-58
-56
-52
-46
-36
-29
-25
-23
-18
-10
-5
-1
3
8
13
15
16
18
20
22
21
21
24
30
37
41
41
38
40
42
43
40
39
39
38
34
32
33
35
34
32
31
32
32
34
37
38
38
38
39
40
41
40
39
42
48
51
53
53
53
55
58
56
52
48
47
44
40
37
36
33
27
19
13
10
8
7
1
-5
-11
-15
-22
-28
-32
-37
-40
-48
-56
-54
-53
-55
-63
-66
-68
-69
-73
-75
-75
-76
-75
-72
-70
-69
-69
-64
-56
-53
-51
-48
-41
-33
-31
-30
-26
-18
-13
-11
-8
-1
4
5
10
14
13
12
16
20
23
25
27
27
28
29
30
31
33
30
26
25
25
25
26
29
28
24
24
23
22
18
15
13
10
6
6
7
5
3
5
7
6
6
7
8
10
12
14
15
17
18
21
21
20
19
19
21
24
24
28
28
29
31
37
38
37
38
36
27
24
26
24
17
16
13
7
4
3
1
-1
-4
-9
-17
-26
-33
-36
-36
-42
-48
-56
-65
-71
-72
-72
-73
-76
-75
-76
-77
-78
-77
-75
-72
-68
-62
-59
-56
-49
-43
-39
-36
-31
-24
-14
-6
-1
3
8
14
21
27
31
35
39
46
50
54
55
53
53
53
52
54
55
53
56
52
46
44
38
32
34
26
24
24
17
14
14
11
10
9
7
5
5
4
-1
-7
-7
-6
-6
-3
-3
-7
-9
-7
-9
-11
-5
1
-3
-6
-5
-1
1
1
0
2
7
3
0
4
6
2
3
4
4
3
4
3
-1
-3
-2
-5
-6
-7
-9
-10
-14
-14
-13
-16
-22
-20
-17
-19
-24
-25
-23
-26
-27
-29
-29
-26
-24
-23
-23
-21
-20
-20
-19
-17
-16
-19
-16
-13
-10
-9
-9
-10
-7
-3
3
7
8
9
11
9
6
9
15
17
15
13
15
20
23
24
24
24
25
26
27
26
24
21
22
20
19
20
19
15
15
17
20
20
16
15
15
11
9
9
12
11
7
0
-1
1
1
0
-3
-4
-5
-8
-7
-7
-10
-12
-12
-11
-11
-12
-14
-13
-12
-11
-13
-12
-12
-10
-9
-10
-9
-9
-9
-9
-9
-10
-10
-9
-10
-10
-9
-9
-8
-6
-5
-6
-5
-4
-4
-6
-5
-5
-7
-5
-7
-9
-8
-8
-9
-6
-9
-12
-6
-7
-3
1
-3
-6
-5
-6
-2
1
1
2
2
3
2
4
6
6
5
8
9
10
12
13
16
18
19
21
22
21
21
22
21
21
20
20
19
18
19
19
17
17
16
16
17
16
13
10
8
11
11
10
9
6
4
5
6
6
4
2
0
-3
-5
-7
-8
-9
-9
-11
-12
-14
-13
-14
-14
-12
-13
-12
-12
-11
-13
-14
-16
-14
-14
-15
-18
-19
-14
-14
-18
-18
-14
-12
-15
-15
-15
-15
-14
-11
-12
-11
-16
-14
-10
-9
-9
-10
-7
-4
-5
-6
-5
-1
-1
-2
-2
2
5
3
3
5
7
7
7
7
8
10
10
9
9
10
11
11
13
12
13
15
13
12
15
14
12
16
14
12
17
15
16
18
15
17
19
16
16
15
13
16
17
20
18
18
16
17
20
19
18
14
12
13
13
14
12
12
10
8
7
5
3
1
0
-2
-4
-6
-8
-10
-11
-14
-17
-19
-22
-25
-27
-28
-28
-30
-30
-31
-32
-33
-32
-33
-33
-34
-32
-33
-32
-30
-32
-28
-28
-28
-26
-27
-26
-23
-22
-19
-17
-13
-10
-8
-5
-5
-2
1
3
4
5
6
7
6
6
10
9
12
10
14
17
14
17
13
18
19
17
20
18
21
22
19
20
18
21
22
24
25
26
24
23
24
26
29
27
27
25
19
21
26
29
25
21
19
22
19
17
17
18
17
15
10
11
9
6
6
4
1
4
2
-3
-2
-3
-5
-7
-9
-8
-8
-11
-13
-14
-18
-18
-21
-21
-20
-21
-21
-19
-20
-24
-23
-22
-26
-27
-23
-21
-25
-21
-20
-24
-25
-23
-23
-24
-22
-21
-20
-20
-20
-20
-19
-18
-18
-16
-17
-18
-17
-16
-14
-12
-10
-8
-7
-5
-4
-4
0
3
5
7
8
8
9
11
12
12
13
15
15
16
17
19
19
23
25
26
26
26
25
23
24
25
26
27
26
26
26
24
25
23
23
23
21
20
19
19
19
18
18
17
15
14
12
11
9
7
9
7
4
0
-1
1
1
-2
-2
-2
0
-4
-11
-9
-9
-12
-11
-10
-13
-14
-14
-15
-15
-17
-20
-18
-19
-18
-19
-21
-24
-25
-24
-22
-23
-25
-25
-27
-26
-24
-23
-22
-24
-24
-24
-25
-25
-25
-21
-19
-20
-21
-19
-15
-14
-15
-15
-11
-9
-8
-8
-7
-3
-2
-2
-1
0
1
1
2
4
4
5
6
6
6
6
7
8
9
11
13
15
16
16
16
19
19
20
20
20
19
19
20
20
20
20
21
25
27
27
26
26
26
28
30
29
26
24
22
21
21
21
19
18
17
13
13
10
8
6
4
2
-1
-2
-2
-3
-4
-4
-3
-5
-7
-8
-10
-14
-15
-13
-15
-17
-17
-15
-16
-19
-19
-20
-18
-19
-22
-21
-20
-23
-25
-24
-19
-16
-17
-19
-21
-20
-18
-16
-15
-18
-21
-18
-14
-13
-15
-17
-16
-14
-16
-18
-16
-13
-12
-12
-10
-8
-7
-6
-5
-4
-3
-2
-1
1
3
4
6
5
7
6
6
8
10
11
12
13
15
16
16
17
17
18
20
20
20
18
18
20
23
24
24
20
20
20
21
21
20
18
17
17
18
19
17
17
17
17
16
15
13
12
11
10
7
7
7
6
6
5
4
2
-1
-3
-4
-5
-7
-7
-8
-9
-9
-10
-12
-13
-15
-14
-12
-15
-17
-15
-14
-15
-19
-20
-18
-17
-19
-20
-19
-16
-15
-15
-16
-17
-20
-21
-21
-21
-17
-15
-12
-10
-10
-10
-10
-8
-7
-8
-7
-7
-6
-5
-3
-1
1
1
2
2
2
1
1
1
2
6
8
7
6
7
9
11
11
10
10
11
12
13
11
9
10
12
14
15
13
12
10
13
15
15
14
14
15
15
14
14
14
13
13
14
17
15
13
14
14
15
11
8
7
6
4
4
3
5
5
5
3
2
2
0
-1
-1
0
-2
-4
-3
-4
-5
-6
-8
-7
-8
-8
-8
-8
-8
-8
-10
-12
-10
-10
-10
-13
-13
-15
-12
-10
-10
-11
-13
-14
-12
-10
-8
-8
-9
-9
-10
-12
-12
-10
-9
-7
-5
-5
-5
-4
-4
-5
-4
-4
-4
-4
-5
-3
-3
-2
-2
-3
-1
0
-1
2
2
1
2
4
2
4
4
3
4
5
4
7
6
7
8
8
9
9
9
10
10
10
9
9
8
7
7
7
7
8
9
10
12
10
8
8
8
9
9
9
5
7
7
11
12
11
9
4
5
4
2
4
2
0
3
1
-1
4
1
1
4
0
0
0
-3
-4
-5
-6
-6
-5
-5
-4
-6
-6
-6
-6
-5
-7
-8
-8
-8
-7
-6
-8
-7
-9
-10
-9
-8
-8
-6
-5
-5
-5
-4
-5
-4
-5
-4
-5
-3
-6
-4
-4
-4
-4
-4
-3
0
0
0
-2
-2
-2
-2
-1
0
0
-1
-3
-3
-1
1
0
-1
0
3
3
3
3
5
6
5
6
6
6
4
6
6
4
4
6
3
2
5
4
2
5
5
0
1
5
6
3
1
5
5
3
3
2
5
5
4
5
5
6
5
3
2
1
1
2
3
3
1
0
-1
-1
0
1
1
1
-1
-2
-2
-2
1
-1
-1
0
-2
0
2
0
1
2
2
5
3
0
-2
-1
1
0
-1
-3
-3
-3
-3
-3
-3
-4
-4
-4
-3
-4
-2
-3
-2
-2
-3
-3
-5
-4
-5
-4
-3
-2
-3
-2
-2
-3
-4
-3
-3
-4
-3
-1
-1
-1
-2
-2
-2
1
1
-2
-1
0
-2
0
2
2
2
4
4
3
-1
-1
1
4
5
2
3
5
4
2
0
3
4
3
-2
-1
3
5
3
6
5
2
4
2
0
4
2
2
5
3
3
4
2
4
5
3
3
1
-1
0
0
0
0
0
0
2
0
1
0
0
-1
0
0
-1
-2
-1
-1
-2
-3
-3
-1
0
0
0
-1
-3
-3
-2
-3
-4
-5
-6
-4
-4
-4
-4
-5
-4
-5
-4
-3
-1
1
1
-1
-3
-4
-5
-4
-4
-5
-5
-4
-2
-1
-1
-2
-2
0
0
1
1
0
-1
0
1
3
4
4
4
3
1
0
2
4
6
6
6
4
1
4
5
3
6
4
1
3
0
-1
3
0
-1
4
0
-1
1
0
0
1
-1
-1
-1
-1
-3
-3
-1
-1
-3
-1
0
2
0
-2
-3
0
0
0
-2
-3
-1
2
2
3
5
5
1
1
-1
0
0
0
1
2
0
-1
-1
-1
0
1
4
3
2
2
1
0
1
0
1
1
1
0
0
0
0
0
0
-1
-2
-2
-2
-2
-1
0
1
3
3
4
4
4
4
2
2
2
2
3
3
1
3
3
2
3
6
3
3
3
1
-4
0
3
-1
-2
0
-1
-3
-2
0
2
0
0
2
1
0
1
1
2
-1
-3
1
-1
-3
-5
-4
-4
-4
-6
-3
-2
-1
-1
-1
-2
-4
-4
-3
-2
-3
-3
-1
-1
-2
-4
-3
-2
0
0
0
1
-1
-1
-2
-1
-1
1
2
2
1
2
0
2
1
0
0
1
2
1
1
-1
0
-2
0
1
1
0
-3
-1
-1
0
0
-1
0
2
2
