12
7
3
-5
-11
-15
-17
-15
-11
-4
3
13
21
30
36
39
40
39
35
29
20
14
6
-3
-10
-17
-21
-18
-15
-11
-5
-2
0
3
1
-3
-11
-18
-25
-31
-38
-45
-51
-57
-63
-63
-61
-53
-43
-33
-22
-16
-12
-11
-13
-18
-27
-36
-47
-57
-65
-74
-80
-84
-83
-78
-66
-52
-37
-26
-16
-8
-4
-1
-2
-5
-10
-17
-24
-25
-25
-24
-21
-18
-11
-2
6
13
23
33
41
47
51
51
45
39
30
26
23
22
27
27
34
41
47
54
61
68
75
82
90
93
96
94
89
81
73
65
60
59
59
62
70
81
88
98
107
112
117
120
115
109
101
92
85
80
70
64
54
49
48
52
58
65
68
71
72
70
65
58
51
37
23
9
-9
-26
-38
-46
-53
-55
-59
-61
-61
-61
-57
-53
-52
-52
-54
-56
-63
-74
-90
-108
-122
-134
-141
-142
-144
-144
-146
-145
-142
-137
-129
-121
-115
-109
-105
-104
-107
-113
-121
-129
-130
-130
-129
-126
-124
-118
-109
-97
-87
-80
-75
-75
-73
-72
-71
-71
-73
-73
-74
-75
-73
-71
-65
-54
-40
-24
-9
6
19
29
39
46
48
52
51
52
53
56
61
66
70
80
90
101
114
126
138
149
158
169
176
182
184
182
180
178
178
177
177
179
187
196
200
202
204
201
198
200
204
209
211
211
209
205
195
188
181
176
171
171
175
175
171
165
160
157
153
147
137
124
110
100
90
84
75
65
55
45
36
29
22
17
9
5
-3
-16
-30
-46
-60
-78
-91
-103
-119
-136
-149
-162
-173
-179
-184
-188
-190
-190
-187
-187
-188
-193
-197
-207
-220
-228
-236
-251
-266
-277
-279
-282
-283
-279
-281
-278
-287
-290
-290
-294
-291
-289
-283
-279
-281
-278
-279
-281
-282
-279
-269
-263
-254
-246
-235
-226
-221
-213
-208
-203
-205
-195
-187
-183
-179
-169
-159
-147
-138
-121
-110
-94
-84
-69
-48
-36
-19
-10
0
2
6
15
24
35
45
56
75
82
92
103
116
135
149
172
185
196
204
205
215
212
215
213
212
216
212
217
224
226
240
245
261
268
272
277
274
281
283
284
296
292
295
295
294
296
286
293
297
297
303
296
301
296
285
285
276
279
270
263
264
251
245
241
238
242
233
236
234
229
223
207
204
193
172
159
142
128
109
90
89
76
70
65
59
57
35
27
16
5
-9
-25
-32
-45
-62
-75
-95
-98
-120
-134
-140
-157
-160
-174
-168
-167
-178
-184
-197
-208
-217
-243
-247
-269
-281
-292
-306
-298
-317
-319
-323
-336
-332
-347
-344
-346
-358
-350
-368
-362
-368
-387
-380
-398
-390
-404
-410
-399
-408
-392
-394
-389
-375
-384
-367
-359
-346
-329
-330
-302
-305
-298
-287
-293
-270
-275
-254
-237
-222
-193
-194
-171
-156
-151
-131
-120
-101
-88
-83
-56
-58
-45
-35
-22
0
-2
17
24
31
56
65
93
121
124
160
166
187
200
201
231
226
236
249
260
283
285
307
318
323
347
351
379
400
392
415
411
423
431
422
446
429
421
424
414
441
435
454
461
463
473
461
483
484
481
476
457
461
445
430
436
412
395
373
354
363
347
338
322
300
291
270
266
264
245
224
188
181
168
139
147
107
105
76
51
57
37
31
11
-2
-6
-35
-49
-65
-89
-101
-126
-135
-150
-185
-202
-228
-239
-250
-275
-266
-285
-291
-290
-309
-304
-333
-344
-363
-375
-367
-388
-390
-398
-433
-430
-451
-437
-438
-451
-446
-479
-460
-465
-455
-449
-456
-462
-477
-473
-462
-457
-446
-453
-451
-426
-433
-387
-389
-380
-362
-388
-358
-355
-336
-320
-324
-303
-308
-287
-268
-255
-232
-241
-216
-216
-205
-169
-171
-137
-113
-119
-93
-87
-78
-55
-55
-25
-9
3
35
41
76
86
98
103
115
143
148
178
206
211
239
230
258
275
271
300
293
316
319
338
355
381
387
399
422
429
439
424
450
459
481
483
511
524
506
518
501
532
539
531
534
532
545
542
548
570
553
553
529
528
533
511
517
494
486
491
473
486
466
441
417
402
412
396
400
370
349
334
310
322
324
295
275
233
220
223
200
188
158
139
114
97
93
68
42
-13
-21
-30
-40
-42
-79
-114
-135
-156
-161
-152
-189
-210
-242
-262
-267
-281
-274
-309
-330
-354
-361
-368
-401
-407
-431
-444
-445
-474
-472
-485
-518
-483
-525
-499
-517
-540
-538
-570
-530
-539
-511
-537
-554
-546
-570
-566
-541
-537
-521
-552
-568
-532
-566
-516
-522
-508
-503
-537
-505
-508
-481
-492
-486
-460
-462
-426
-421
-405
-388
-417
-372
-336
-310
-265
-291
-259
-246
-236
-193
-186
-142
-140
-149
-126
-109
-67
-88
-54
-32
-7
18
-1
38
49
78
115
139
165
177
164
200
228
258
277
261
268
255
295
310
328
339
333
344
324
347
345
338
361
356
387
378
377
382
367
394
400
424
420
410
404
409
411
401
405
393
380
380
369
357
341
325
333
340
319
317
302
263
273
269
296
269
250
260
222
249
217
209
218
161
193
180
158
152
103
120
98
91
114
94
61
28
26
49
14
11
-7
-13
-27
-81
-34
-56
-62
-70
-121
-93
-152
-168
-152
-188
-135
-219
-222
-256
-285
-253
-293
-264
-294
-315
-318
-336
-310
-328
-347
-360
-347
-355
-357
-390
-391
-425
-424
-406
-404
-397
-459
-451
-458
-451
-441
-468
-460
-463
-453
-398
-425
-407
-444
-445
-405
-380
-343
-345
-377
-390
-358
-328
-301
-310
-312
-313
-300
-249
-237
-195
-233
-230
-200
-197
-115
-112
-105
-101
-78
-68
-24
-20
4
22
38
58
103
97
90
88
79
152
134
205
192
188
158
165
198
205
277
260
314
266
280
311
327
360
356
384
373
402
415
447
430
395
391
410
444
475
494
481
464
433
455
495
497
503
494
500
522
514
504
479
466
471
482
515
532
493
451
430
423
454
424
443
410
413
395
392
403
334
309
278
325
338
346
342
263
211
144
180
200
205
178
144
128
57
72
49
31
11
-28
12
11
-18
-51
-113
-140
-181
-148
-115
-105
-143
-200
-227
-270
-261
-292
-260
-278
-292
-291
-314
-321
-367
-412
-400
-382
-351
-333
-323
-354
-401
-428
-420
-392
-392
-377
-382
-367
-423
-433
-433
-473
-456
-453
-403
-364
-420
-431
-441
-462
-441
-429
-379
-369
-370
-369
-365
-351
-386
-392
-376
-339
-284
-266
-254
-280
-326
-332
-324
-268
-212
-232
-211
-244
-231
-240
-254
-196
-207
-190
-172
-104
-68
-97
-123
-122
-137
-109
-50
20
66
11
-8
-25
-17
12
49
133
134
108
131
133
124
137
128
190
204
254
308
307
294
233
244
270
341
392
424
417
393
379
391
431
466
485
471
481
515
514
524
485
470
489
496
570
623
625
592
553
534
537
556
600
623
582
582
561
534
509
490
523
500
487
519
510
503
430
427
407
352
348
391
435
419
357
316
247
200
184
257
293
211
178
101
69
23
19
43
25
3
-51
-35
-68
-125
-129
-185
-178
-209
-209
-193
-235
-282
-322
-377
-397
-391
-378
-358
-366
-388
-461
-486
-516
-489
-455
-442
-369
-440
-517
-557
-603
-528
-529
-505
-469
-531
-555
-594
-503
-493
-574
-571
-567
-498
-507
-479
-486
-567
-631
-603
-501
-437
-405
-490
-471
-498
-476
-428
-446
-385
-443
-455
-420
-383
-382
-446
-429
-377
-314
-322
-323
-289
-333
-352
-324
-243
-225
-264
-255
-212
-190
-194
-128
-82
-116
-121
-135
-101
-46
-44
-30
-12
-36
-4
50
76
108
152
123
158
182
201
239
202
251
245
270
299
378
467
443
432
402
465
521
567
616
570
471
416
491
594
652
654
594
593
631
662
728
703
683
638
623
718
744
699
600
578
637
650
699
735
713
676
550
580
606
555
509
499
588
552
528
495
458
376
343
429
452
441
295
218
174
171
205
179
163
146
122
64
68
28
-23
-108
-103
-51
-98
-200
-274
-248
-263
-273
-228
-223
-269
-334
-363
-304
-342
-434
-465
-486
-428
-450
-466
-432
-506
-569
-568
-469
-425
-470
-481
-513
-539
-567
-583
-524
-503
-535
-559
-544
-522
-552
-546
-505
-508
-557
-567
-521
-513
-533
-520
-519
-521
-542
-536
-507
-480
-449
-460
-480
-491
-497
-503
-470
-416
-423
-449
-439
-385
-341
-358
-381
-408
-403
-357
-293
-222
-244
-328
-374
-342
-232
-170
-174
-173
-179
-180
-145
-67
-13
-35
-70
-44
11
55
91
84
62
96
97
151
257
309
279
219
252
319
386
420
448
427
384
404
485
555
554
515
514
611
644
675
704
684
647
634
707
739
750
748
732
704
694
718
712
710
754
766
729
673
660
685
658
669
651
630
569
540
615
607
585
496
445
410
389
433
461
459
375
275
222
223
217
250
244
199
124
60
56
15
-12
-30
-39
-60
-82
-95
-147
-187
-209
-209
-219
-268
-272
-282
-268
-282
-347
-344
-394
-406
-385
-360
-342
-425
-442
-482
-524
-524
-497
-443
-416
-442
-506
-564
-598
-550
-493
-427
-434
-505
-537
-543
-517
-483
-480
-476
-489
-467
-440
-443
-466
-498
-502
-482
-469
-443
-432
-454
-464
-450
-432
-436
-426
-389
-368
-372
-364
-349
-375
-388
-378
-348
-311
-293
-260
-297
-323
-324
-304
-256
-257
-273
-278
-280
-242
-219
-187
-185
-184
-136
-96
-44
-9
8
10
4
18
43
47
70
122
139
159
151
137
131
144
156
182
224
224
242
233
260
296
314
339
388
455
520
540
526
508
462
457
511
605
630
623
594
587
644
704
789
849
888
865
834
848
834
820
795
818
842
841
825
768
731
684
631
605
578
587
602
594
603
582
546
535
575
637
669
645
598
543
452
369
338
311
279
230
147
68
-45
-138
-202
-238
-234
-231
-268
-290
-292
-329
-348
-330
-267
-222
-199
-156
-124
-128
-206
-248
-244
-266
-308
-333
-334
-370
-423
-477
-524
-542
-556
-551
-533
-574
-650
-678
-683
-654
-557
-515
-479
-477
-540
-580
-637
-708
-787
-861
-898
-921
-900
-914
-965
-993
-1043
-1065
-1080
-1049
-1018
-1015
-1004
-1042
-1049
-1057
-1064
-999
-965
-910
-860
-798
-734
-700
-642
-598
-546
-545
-490
-402
-361
-329
-352
-376
-357
-302
-244
-201
-202
-239
-275
-310
-265
-226
-237
-260
-297
-275
-197
-128
-26
114
216
322
446
597
692
750
794
816
803
797
807
790
839
837
762
771
793
806
809
805
805
809
828
811
772
682
666
661
728
842
833
848
745
615
656
671
738
784
748
715
670
629
655
655
612
601
536
542
662
727
801
848
820
851
885
977
1113
1161
1184
1153
1120
1104
992
842
755
656
489
410
304
189
145
83
106
173
302
406
537
661
704
784
849
879
810
749
666
488
319
140
-58
-298
-531
-681
-754
-739
-743
-816
-865
-919
-971
-998
-1014
-1035
-1064
-1071
-1151
-1223
-1284
-1396
-1514
-1606
-1728
-1808
-1810
-1841
-1823
-1855
-1924
-1912
-1998
-2058
-2088
-2213
-2305
-2450
-2581
-2485
-2335
-2211
-1990
-1876
-1828
-1749
-1541
-1102
-871
-639
-658
-757
339
1599
2601
3502
3817
3881
3717
3891
4379
4503
3804
2457
1375
730
448
-208
-1085
-1848
-3096
-3854
-3769
-3401
-3170
-3250
-3124
-2658
-1850
-717
555
1568
2040
2231
2512
3251
3748
3629
3400
2857
2160
1555
1171
822
27
-1054
-2011
-2465
-2450
-2259
-2033
-1567
-1099
-795
70
1175
1970
2436
2638
2823
2872
2928
2921
2611
2151
1456
763
443
346
38
-342
-478
-568
-616
-534
-351
-301
-478
-620
-662
-583
-509
-608
-763
-840
-946
-1175
-1246
-1412
-1788
-2227
-2673
-2879
-3128
-3416
-3585
-3635
-3630
-3460
-2830
-2337
-1836
-1539
-619
1784
3698
5377
6689
7086
7216
7071
7454
7948
7614
5969
3890
2539
1301
225
-1179
-2610
-3986
-5726
-6274
-5897
-5356
-4951
-4773
-4042
-2799
-1224
486
2381
3669
3940
4217
4681
5335
5266
4404
3523
2088
530
-634
-1510
-2426
-3765
-5125
-5919
-5927
-5749
-5448
-4734
-4105
-3412
-2048
-25
1984
3495
4243
4402
4527
4553
4475
4255
3634
2426
1014
124
-388
-984
-1717
-2395
-2932
-3096
-2561
-1754
-1079
-658
-576
-467
-100
411
766
846
772
485
153
-108
-403
-971
-1837
-2704
-3585
-4253
-4614
-4902
-5148
-5350
-5463
-5316
-4923
-4449
-3874
-3386
-3014
-2499
-1716
374
3073
5088
6968
8172
8580
8797
9018
9288
9022
7582
5266
3340
1997
781
-507
-2027
-3474
-4985
-5982
-5699
-4987
-4352
-3736
-2898
-1457
508
2743
5024
6954
7746
7853
7970
7986
7628
6354
4722
2982
956
-711
-1929
-2962
-4132
-5376
-6234
-6335
-5929
-5442
-4508
-3412
-2208
-689
909
2789
4236
4766
5152
5575
5829
5724
5180
4137
2658
1191
38
-675
-1263
-1901
-2469
-2745
-2408
-1818
-1196
-623
-372
-330
-202
233
755
1047
1054
840
577
420
318
-63
-843
-1810
-2756
-3376
-3705
-3974
-4200
-4510
-4693
-4709
-4738
-4563
-4602
-4866
-4966
-4842
-4349
-3836
-3291
-2631
-1330
1274
4052
6382
8092
8583
8219
7863
7922
7884
7169
5347
2927
984
-450
-1614
-3035
-4781
-6532
-8135
-8592
-7769
-6504
-5182
-3784
-2194
-126
2469
4886
6799
7825
7576
6860
6264
5680
4693
2995
989
-1069
-2917
-4267
-5212
-6208
-7446
-8591
-9218
-8908
-7995
-6982
-5631
-4035
-2277
-93
2247
4300
5693
6055
5916
5805
5561
5144
4293
3019
1652
280
-797
-1554
-2314
-3124
-3858
-4141
-3696
-2736
-1752
-872
-112
548
1310
2076
2684
2866
2522
2078
1689
1370
1069
390
-528
-1309
-1952
-2393
-2524
-2711
-3138
-3527
-3777
-3874
-3853
-4001
-4404
-4677
-4655
-4062
-3050
-2067
-1167
-479
962
3888
7061
9475
10908
11129
10558
10105
10025
9959
9137
6805
3762
1348
-242
-1468
-3002
-4845
-6587
-7860
-7800
-6102
-3955
-2290
-1025
248
2146
4532
6594
8022
8496
7732
6597
5967
5612
4721
2782
219
-2300
-4471
-6050
-6955
-7760
-8787
-9685
-9855
-8766
-6990
-5418
-3945
-2577
-1355
456
2921
5177
6783
7401
7060
6560
6179
5577
4550
3074
1225
-802
-2358
-3276
-4140
-5017
-5539
-5535
-4900
-3507
-1773
-263
893
1696
2354
2966
3319
3314
2933
2300
1598
904
319
-293
-1319
-2579
-3537
-4118
-4322
-4232
-4067
-3995
-4103
-4224
-4155
-4024
-4066
-4251
-4408
-4347
-3916
-3068
-2081
-1239
-801
-472
1159
4150
6757
8443
9145
8604
7696
7225
7395
7648
6728
4187
1390
-320
-1180
-1947
-3306
-4941
-6488
-7563
-6999
-5041
-3162
-1962
-1143
-40
2010
4513
6518
7785
7779
6540
5410
5086
5048
4152
2082
-410
-2746
-4508
-5554
-6240
-7185
-8478
-9583
-9623
-8182
-6139
-4365
-2800
-1330
192
2096
4512
7204
8714
8810
8745
8290
7540
6796
5493
3465
1184
-1002
-2957
-4116
-4601
-5129
-5615
-5426
-4515
-3307
-1486
577
1967
2987
3949
4881
5711
6291
6277
5481
4392
3264
2138
1129
256
-894
-2247
-3097
-3662
-4098
-4273
-4515
-4875
-5074
-4976
-4581
-4047
-3719
-3635
-3544
-3133
-2427
-1466
-648
-253
-350
-645
615
3445
6018
7727
8076
7083
5883
5322
5461
5743
5041
2656
84
-1445
-2053
-2508
-3916
-5943
-8063
-9645
-9486
-7746
-5633
-4009
-3029
-2052
-147
2276
4314
5749
5938
5026
4102
3650
3469
2703
732
-1853
-4268
-6266
-7616
-8511
-9459
-10364
-10942
-10465
-8414
-5784
-3349
-1229
562
2367
4298
6179
7657
8633
9262
9063
8388
7632
5940
3481
1197
-766
-2455
-3589
-4412
-5363
-5842
-5595
-4906
-3588
-1741
318
2253
4177
6166
7631
8565
8962
8613
7721
6509
5136
3634
2129
540
-1004
-2152
-2998
-3650
-4249
-4668
-4836
-4769
-4471
-4032
-3457
-2987
-2534
-1983
-1290
-707
-567
-677
-1332
-2204
-2575
-2648
-2458
-2273
-2002
-407
2509
5095
6770
7334
6558
5634
5480
6199
7323
7291
5379
2912
1080
-258
-1747
-3951
-6529
-8779
-10212
-9923
-7906
-5465
-3452
-2159
-1079
751
2962
4758
6040
6458
6007
5769
6182
6535
5983
4016
929
-2409
-5306
-7311
-8418
-9099
-9434
-9257
-8274
-6203
-3813
-1867
-285
902
1833
3054
4813
6704
8357
9443
9743
9379
8348
6715
4250
1314
-1365
-3746
-5477
-6196
-6177
-5756
-4860
-3663
-2239
-331
1493
2902
4078
5178
6282
7132
7706
7747
7033
5874
4412
2895
1398
-295
-2133
-3866
-5266
-6231
-6620
-6540
-6209
-5673
-5119
-4453
-3696
-3155
-2942
-2899
-2734
-2626
-2521
-2328
-2392
-2795
-3130
-3160
-2979
-2834
-2411
-334
2730
5016
6315
6416
5779
5387
5786
7115
8409
8030
5381
2249
113
-1483
-3527
-6259
-8692
-10467
-11317
-10309
-7967
-5622
-4032
-3165
-1948
505
3388
5969
8306
9596
9677
9432
9191
8441
6444
3099
-738
-4002
-6368
-7754
-8263
-8481
-8963
-9598
-9365
-8068
-6576
-5072
-3358
-1393
1001
3869
7081
10153
12013
12286
11558
9997
7882
5539
2819
270
-1553
-2923
-3874
-4195
-4476
-5112
-5595
-5417
-4303
-2337
138
2815
5295
7411
9087
9928
9968
9431
8198
6559
4942
3178
1235
-697
-2728
-4659
-6265
-7501
-8079
-7947
-7250
-6010
-4674
-3586
-2582
-1942
-1722
-1524
-1427
-1417
-1457
-1483
-1598
-1918
-2454
-3063
-3436
-3862
-4421
-3991
-1094
2810
5375
6581
6556
6009
5989
6786
8183
9234
8280
5024
1976
430
-790
-2941
-5826
-8207
-9947
-10506
-9176
-6767
-4542
-3366
-2761
-1392
1241
4040
6334
8087
8504
7758
6893
6539
6080
4350
1495
-1479
-3916
-5628
-6606
-7260
-8291
-9865
-11243
-11172
-9605
-7464
-5094
-2551
-50
2267
4391
6504
7899
8353
8219
7250
6386
5660
4165
2366
1002
-337
-2083
-3503
-4806
-6267
-6809
-6145
-4435
-1927
979
3390
4998
6511
7371
7249
6729
6053
5146
4298
3947
3257
2010
284
-2158
-4636
-6469
-7543
-8117
-7951
-7173
-6254
-5141
-4176
-3410
-3124
-3006
-2831
-2766
-2096
-1068
-558
-573
-816
-1915
-3261
-3798
-4195
-4370
-4142
-2809
766
4754
7277
7950
7093
6048
5753
6676
9020
11068
10220
7129
4242
2275
747
-1714
-5003
-7547
-9202
-9609
-8090
-5578
-3691
-3296
-3416
-2285
367
3503
6681
9179
10088
9930
9526
9493
9416
7876
5164
2529
176
-1688
-2890
-4148
-6150
-8840
-11183
-11796
-10639
-8554
-6109
-3631
-1557
160
1636
3302
5181
6207
7125
8290
9249
9973
9534
7995
5787
2934
-142
-2668
-4321
-5331
-5435
-4779
-3479
-2156
-1315
-572
-211
212
1053
2268
4008
5759
6916
7059
6189
4356
1775
-905
-3213
-4956
-6182
-6880
-7137
-7223
-7173
-7306
-7730
-7891
-7557
-6762
-5413
-3814
-2473
-1518
-1049
-977
-1168
-1327
-1383
-1883
-2302
-2335
-2533
-2391
-358
3058
5556
6587
6090
4927
4723
5642
7640
10024
10867
8886
5487
2989
1488
-481
-3472
-6268
-8103
-9044
-8714
-7599
-6544
-6140
-6387
-5726
-3247
110
3313
6019
7669
8093
8074
8431
9204
9434
8533
6963
4974
2558
-48
-2696
-5418
-8349
-10953
-12014
-11260
-9801
-8240
-6662
-5478
-4701
-3900
-2428
152
3149
6086
8953
11609
13444
13132
11476
9193
6343
4116
2860
2240
1690
736
-597
-1810
-2577
-3286
-3874
-3820
-2948
-1645
-124
1714
2906
3110
3001
2662
2285
1992
1465
616
-308
-1416
-2820
-4032
-4716
-5003
-4968
-4698
-4306
-4144
-4186
-4193
-4209
-3943
-3518
-2896
-2414
-2345
-2305
-2517
-2846
-3095
-3591
-3622
-2906
-2068
-994
1306
4618
6760
7254
6636
5818
6012
7420
9763
11820
12025
9403
5163
1816
-284
-2156
-4262
-5820
-6727
-7532
-7877
-7998
-8121
-8176
-7963
-6569
-3727
-296
2734
5028
6213
6259
6125
6570
7576
8339
8365
7395
5137
2065
-1002
-3635
-5894
-7829
-9383
-10206
-10265
-10114
-9819
-9412
-9228
-8920
-7598
-4565
-415
3719
7225
9242
9663
9017
8156
8141
8920
9757
9954
9232
7585
5150
2503
368
-1242
-2730
-3568
-3542
-3186
-2889
-3096
-3643
-3878
-3389
-2225
-784
420
858
484
-68
-251
-113
207
561
669
503
77
-822
-1903
-2913
-3731
-3916
-3640
-3181
-2976
-3463
-4704
-6223
-6975
-7013
-6370
-5329
-5022
-4974
-4565
-4008
-3148
-850
2998
6122
7555
7479
6820
7107
8596
10992
13183
13840
12024
8448
5575
3921
1935
-1037
-3994
-6240
-7852
-8693
-9200
-9911
-10664
-10971
-9952
-7539
-4668
-2247
-436
1265
2934
4884
7359
9808
11508
12213
12006
10688
8423
5884
3580
1568
-330
-2090
-3843
-5902
-8245
-10186
-11216
-11445
-11222
-10414
-8477
-5799
-2911
91
2733
4595
5991
7625
9703
12065
13947
14420
13672
12051
10046
8491
7548
6586
4841
2461
-198
-2966
-5238
-6685
-7221
-6972
-6199
-5432
-4958
-4705
-4867
-5046
-4513
-3084
-1185
662
1986
2427
2273
1840
1246
797
458
309
-22
-688
-1721
-3232
-4812
-6422
-7287
-7414
-7373
-7080
-7275
-8184
-9075
-9135
-8073
-6230
-4165
-1779
1715
4748
5859
5829
5626
6519
8532
11254
14120
14975
12490
7986
4323
2631
1770
229
-1834
-3576
-5674
-7889
-9559
-11084
-12379
-12950
-12060
-9733
-7356
-5815
-4661
-3263
-1506
856
3814
6779
8748
9274
9376
9368
8922
8345
7584
6442
4869
2715
252
-2299
-4836
-6884
-7785
-7848
-7624
-7357
-6863
-5557
-4331
-2925
-710
1233
3032
5142
7272
8980
9883
9858
9300
9202
9277
9029
8446
7121
5047
2553
885
190
-397
-760
-1164
-1778
-2467
-3224
-4046
-4803
-5076
-4861
-4065
-2832
-2047
-2100
-2584
-2951
-3096
-3002
-2663
-2373
-2132
-1868
-1562
-1225
-1084
-1166
-1445
-1599
-1432
-1477
-1711
-2131
-2825
-3402
-3500
-2873
-2349
-2258
-1901
-547
1512
2476
2148
1526
1748
3596
6363
9365
10980
9773
6855
4796
4855
5314
4737
3145
1231
-275
-1713
-2878
-3915
-5498
-7350
-8403
-7883
-6995
-6741
-6599
-5856
-4367
-2566
-550
1247
2240
2525
2693
3508
4605
5289
5351
4819
3709
1917
87
-1330
-2455
-3065
-2958
-2503
-2337
-2783
-3331
-3152
-2308
-1188
233
1427
2013
2328
2663
3208
3538
3207
2681
2615
2890
3186
3184
2674
1933
1160
840
1348
2016
2433
2750
2867
2720
2333
1779
1173
485
-229
-737
-998
-1398
-2274
-3586
-4844
-5539
-5883
-5979
-5757
-5442
-5047
-4667
-4210
-3490
-2839
-2195
-1742
-1521
-1100
-844
-548
-305
-711
-1274
-1761
-1991
-1840
-1386
46
1879
2680
2064
1243
1567
3256
5980
8669
10370
9848
6943
4382
3842
4576
4931
4052
2879
1536
-297
-2090
-3443
-4691
-5988
-6582
-6074
-5059
-4680
-5031
-4866
-3979
-2903
-1633
-277
844
1392
1774
2579
3485
3891
3688
3134
2242
1190
279
-216
-186
-50
40
104
-468
-1681
-2721
-2869
-1762
-244
808
1498
1422
710
517
1051
1677
1854
1433
1023
1081
1386
1690
1895
1842
1595
1267
1265
1867
2231
2200
2423
2672
2572
2136
1422
600
-199
-797
-1078
-1210
-1815
-3138
-4644
-5641
-6107
-6373
-6201
-5744
-5452
-5264
-4848
-4315
-3821
-3411
-3178
-2642
-1970
-1775
-1650
-1763
-2189
-2410
-2268
-1514
-37
1893
3236
3298
2373
1761
2753
4969
7593
9626
9923
8659
6605
5358
5816
6484
6016
4521
2728
950
-868
-2415
-3487
-4307
-5143
-5578
-5449
-5525
-6005
-6513
-6376
-5211
-3904
-2937
-2133
-1573
-1033
-91
1386
2702
3114
2932
2698
2642
2608
2426
2047
1633
1346
1173
1183
1067
322
-586
-894
-612
-99
192
79
-261
-490
-316
157
496
437
114
56
480
1145
1777
2153
2123
1841
1638
1670
1842
2151
2680
3319
3641
3357
2592
1657
786
145
-291
-651
-1077
-1861
-2929
-3994
-4937
-5683
-6083
-5972
-5712
-5563
-5373
-5259
-5042
-4748
-4655
-4393
-4053
-3688
-3077
-2637
-2287
-2396
-3015
-3099
-2680
-1762
102
2210
3181
2540
1600
1943
4112
7044
9296
10570
10226
8552
7389
7710
9144
9416
7504
5210
3395
1788
363
-656
-1355
-2282
-3370
-4051
-4313
-4936
-6183
-6947
-6626
-5544
-4509
-3873
-3079
-2312
-1605
-353
1102
2072
2199
1922
1880
2304
2896
3221
3298
3099
2811
2712
2547
2178
1420
440
134
503
865
777
225
-492
-880
-704
-139
281
189
-177
-328
30
862
1619
1599
1106
591
329
766
1603
2292
2791
3070
2989
2501
1839
1148
406
-258
-620
-764
-1134
-1783
-2623
-3674
-4545
-5056
-5309
-5175
-5020
-5190
-5362
-5420
-5258
-5038
-4999
-4754
-4369
-4018
-3612
-3512
-3774
-4100
-4294
-4194
-3747
-2868
-1264
415
991
670
707
1974
4130
6374
8285
9601
9490
8251
7786
8929
10259
10050
7979
5681
3982
2366
1122
402
-521
-2227
-4280
-5736
-6476
-7291
-8272
-8626
-8292
-7678
-6920
-6007
-4812
-3674
-2811
-1651
-153
995
1574
1843
2188
2833
3633
4148
4184
3756
3080
2584
2307
2238
2186
1882
1645
1839
2119
1994
1428
703
261
379
819
1326
1557
1216
676
433
886
1653
1815
1367
864
647
1039
1958
2850
3355
3346
3100
2908
2723
2335
1654
875
397
321
150
-433
-1375
-2741
-4066
-4812
-5160
-5308
-5499
-5765
-5878
-5876
-5763
-5611
-5533
-5547
-5520
-5292
-4839
-4326
-4239
-4551
-4810
-4629
-3941
-2988
-1897
-480
620
769
541
826
2285
4497
6764
8806
9949
9583
8230
7458
8283
9579
9636
8171
6251
4589
3004
1774
1058
165
-1442
-3568
-5266
-6042
-6496
-6986
-7377
-7477
-7135
-6553
-5783
-4850
-4059
-3404
-2552
-1248
247
1324
1605
1405
1418
1852
2434
2924
3168
2993
2326
1648
1488
1703
1735
1598
1781
2062
2065
1737
1287
1179
1468
1855
2257
2449
1993
986
325
748
1660
2009
1629
988
574
752
1384
2149
2667
2545
2021
1619
1664
1910
1803
1451
1162
765
77
-741
-1685
-2857
-3958
-4566
-4651
-4559
-4655
-5014
-5477
-5801
-5799
-5562
-5198
-4854
-4669
-4365
-3749
-3296
-3351
-3790
-4319
-4388
-3774
-2819
-1723
-555
216
180
-170
140
1737
4169
6506
8191
8726
7915
6577
6069
7238
9089
9600
8359
6466
4608
3035
1939
1436
947
-278
-2190
-3859
-4722
-5260
-5914
-6503
-6546
-5948
-5238
-4670
-4113
-3677
-3364
-2737
-1462
163
1228
1181
666
508
856
1535
2286
2791
2734
1975
1120
960
1397
1775
1922
2115
2406
2666
2558
2252
2068
1843
1578
1577
1824
1830
1197
406
159
352
700
920
877
704
598
748
1375
2225
2676
2540
2188
2014
1938
1784
1542
1084
278
-670
-1392
-1853
-2273
-2905
-3705
-4336
-4513
-4449
-4460
-4645
-4816
-4966
-4898
-4531
-4088
-3667
-3438
-3518
-3670
-3625
-3397
-3123
-2971
-2992
-3252
-3210
-2693
-1934
-923
274
1068
1166
998
1351
2595
4256
5808
6980
7439
7022
5991
5424
5999
6795
6709
5626
4242
2914
1532
511
30
-424
-1345
-2670
-3730
-4248
-4569
-4901
-5176
-5133
-4692
-4136
-3633
-3162
-2906
-3069
-3429
-3275
-2315
-1072
-100
385
568
618
536
622
1064
1633
1909
1907
2051
2488
2679
2523
2616
2969
3144
3058
2784
2447
2159
1919
2000
2407
2525
1843
956
601
862
1339
1830
2217
2237
1951
1692
1776
2081
2216
2016
1665
1372
1067
509
-151
-709
-1250
-1679
-1948
-2219
-2644
-3229
-3790
-4117
-4021
-3575
-3091
-2847
-2830
-2922
-2927
-2818
-2745
-2755
-2804
-2790
-2667
-2495
-2423
-2602
-3007
-3344
-3181
-2612
-2047
-1524
-860
-198
78
125
558
1650
3052
4496
5723
6354
5928
4842
4222
4828
6015
6493
5993
4829
3245
1458
112
-384
-491
-1007
-2027
-2925
-3376
-3653
-3975
-4237
-4334
-4262
-4082
-3669
-3132
-2760
-2736
-2857
-2584
-1863
-1068
-596
-436
-374
-233
40
466
985
1332
1446
1393
1364
1544
1791
1970
2156
2426
2757
2964
3041
3009
2775
2405
2159
2282
2643
2921
2863
2573
2248
2190
2334
2444
2341
1794
953
330
141
195
108
-328
-969
-1592
-1884
-1836
-1817
-2064
-2519
-3033
-3261
-3116
-2671
-2154
-1837
-1700
-1747
-1868
-1875
-1863
-1869
-1816
-1759
-1679
-1686
-1922
-2435
-3161
-3567
-3426
-2936
-2484
-2376
-2790
-3322
-3378
-2768
-1759
-681
498
1421
1812
1817
2007
2559
3384
4317
5494
6619
6825
5926
4697
4184
4293
4298
4101
3961
3569
2675
1581
881
513
-35
-785
-1236
-1243
-1206
-1382
-1824
-2403
-3063
-3558
-3467
-2823
-2142
-1920
-2275
-2682
-2706
-2316
-1645
-869
-192
169
159
-18
-3
366
946
1440
1886
2335
2598
2544
2399
2342
2294
2246
2261
2409
2609
2704
2671
2779
2952
2937
2669
2281
1833
1351
954
727
586
178
-485
-1196
-1656
-1949
-2219
-2529
-2866
-3081
-3106
-2895
-2541
-2240
-2140
-2141
-2135
-1953
-1627
-1226
-905
-853
-994
-1077
-1069
-1139
-1357
-1744
-2072
-2132
-1925
-1709
-1741
-2004
-2375
-2611
-2509
-2174
-1828
-1706
-1961
-2253
-2224
-1863
-1396
-892
-276
280
597
779
1104
1554
2012
2667
3708
4686
5043
4726
4340
4326
4489
4574
4636
4708
4417
3618
2685
1973
1325
495
-411
-991
-1283
-1558
-1910
-2421
-2971
-3467
-3747
-3620
-3146
-2727
-2553
-2449
-2169
-1666
-1305
-1191
-1038
-675
-175
324
809
1345
1670
1599
1299
1140
1282
1535
1799
2214
2606
2771
2678
2614
2676
2646
2491
2346
2313
2229
2144
2059
1941
1501
657
-279
-846
-1024
-1066
-1085
-1191
-1398
-1699
-1915
-1943
-1926
-1957
-1873
-1640
-1187
-713
-492
-538
-763
-954
-1028
-967
-906
-938
-1065
-1121
-981
-743
-600
-714
-1083
-1499
-1763
-1881
-1804
-1765
-1897
-2240
-2649
-2990
-3240
-3562
-3965
-4232
-4326
-4123
-3828
-3550
-3281
-2702
-1847
-1007
-404
123
809
1600
2496
3636
4969
5881
6140
6048
6118
6239
5984
5349
4824
4503
4052
3481
2824
2078
1054
-155
-1082
-1410
-1470
-1594
-1844
-2175
-2570
-2988
-3291
-3402
-3322
-3196
-2988
-2604
-2013
-1454
-1152
-1109
-1122
-1048
-784
-168
707
1592
2188
2513
2728
3023
3358
3632
3853
3996
3938
3730
3519
3368
3102
2505
1783
1107
585
204
15
-102
-250
-568
-923
-1106
-1069
-962
-985
-1008
-815
-422
-93
154
246
263
266
286
402
578
669
596
379
185
90
-39
-234
-464
-638
-795
-897
-891
-814
-810
-1013
-1436
-1961
-2391
-2735
-2957
-3071
-3136
-3189
-3320
-3543
-3846
-4186
-4479
-4728
-4850
-4704
-4295
-3728
-3079
-2275
-1438
-633
117
893
1759
2574
3312
4146
5125
5926
6350
6499
6627
6578
6231
5703
5222
4736
4096
3388
2808
2263
1360
155
-1026
-1886
-2501
-2921
-3233
-3575
-4054
-4599
-4903
-4845
-4530
-4209
-3933
-3592
-3125
-2530
-1869
-1113
-329
426
1176
1951
2763
3478
3959
4119
4063
3946
3829
3750
3574
3207
2732
2270
1867
1459
1017
482
-118
-641
-912
-953
-823
-654
-546
-518
-548
-626
-690
-619
-422
-175
32
210
364
497
634
785
918
963
934
864
763
687
610
571
533
448
313
27
-414
-930
-1359
-1631
-1824
-2080
-2367
-2618
-2923
-3315
-3783
-4198
-4423
-4484
-4450
-4405
-4356
-4329
-4306
-4245
-4083
-3862
-3580
-3144
-2642
-2164
-1749
-1108
-214
734
1550
2272
3017
3734
4380
5074
5885
6426
6575
6584
6685
6725
6454
5855
5099
4343
3473
2512
1618
788
-211
-1343
-2348
-3045
-3511
-3917
-4251
-4496
-4664
-4723
-4571
-4146
-3524
-2867
-2195
-1489
-731
-30
494
867
1227
1617
1989
2375
2686
2818
2707
2460
2224
2106
2023
1817
1489
1137
841
602
453
314
142
-66
-287
-516
-751
-974
-1231
-1416
-1408
-1180
-797
-443
-237
-142
-111
-28
184
483
871
1309
1751
2051
2202
2267
2237
2078
1804
1507
1278
1048
734
325
-72
-361
-622
-909
-1243
-1623
-2145
-2692
-3154
-3390
-3410
-3396
-3434
-3540
-3678
-3850
-3974
-4048
-4023
-3930
-3773
-3552
-3205
-2806
-2421
-2011
-1542
-960
-378
234
974
1797
2563
3309
4082
4759
5223
5538
5872
6182
6201
5847
5323
4867
4465
3973
3357
2661
1831
834
-133
-896
-1504
-2049
-2495
-2778
-2897
-2922
-3003
-3128
-3192
-3112
-2869
-2505
-2081
-1697
-1516
-1425
-1202
-776
-292
91
373
550
635
676
852
1201
1551
1682
1621
1543
1488
1403
1244
1049
781
421
92
-149
-325
-508
-717
-847
-933
-1008
-1100
-1191
-1193
-1053
-717
-238
189
528
877
1209
1572
1888
2079
2222
2367
2541
2831
3149
3239
2996
2527
2029
1557
1097
611
109
-367
-840
-1387
-1954
-2482
-2959
-3325
-3553
-3608
-3613
-3612
-3655
-3702
-3674
-3541
-3293
-2948
-2607
-2393
-2245
-2158
-2008
-1749
-1437
-1156
-877
-611
-403
-274
-198
-46
256
788
1380
1897
2301
2649
2963
3131
3213
3294
3291
3113
2906
2777
2731
2567
2157
1622
1090
631
188
-182
-521
-903
-1340
-1704
-1886
-1916
-1886
-1850
-1838
-1841
-1838
-1690
-1412
-1124
-888
-740
-532
-281
-78
54
220
459
722
987
1258
1499
1537
1382
1198
1094
1068
1022
953
835
642
343
101
149
368
516
518
415
301
244
281
491
803
1121
1471
1868
2262
2552
2658
2677
2780
2934
2997
2981
2887
2687
2364
1990
1678
1438
1204
932
589
157
-375
-982
-1556
-1950
-2196
-2404
-2642
-2955
-3281
-3579
-3784
-3847
-3702
-3442
-3187
-3025
-2960
-2916
-2903
-2899
-2848
-2678
-2408
-2093
-1769
-1456
-1237
-1196
-1226
-1213
-1121
-1106
-1201
-1251
-1086
-665
-162
302
702
1007
1274
1551
1855
2127
2161
2004
1896
1934
1997
1969
1836
1607
1270
802
376
46
-288
-702
-1134
-1334
-1335
-1311
-1283
-1262
-1239
-1245
-1218
-1028
-764
-612
-573
-509
-389
-195
-79
-96
-116
-125
-142
-127
-45
31
48
46
78
181
270
271
205
178
291
489
665
877
1142
1401
1658
1923
2203
2413
2559
2678
2798
2906
3035
3155
3256
3303
3260
3182
3166
3123
2951
2700
2445
2229
1913
1584
1251
847
466
127
-146
-326
-459
-634
-830
-1044
-1333
-1677
-1951
-2047
-2034
-2020
-2040
-2100
-2087
-2007
-1881
-1707
-1588
-1604
-1745
-1881
-1951
-1927
-1910
-1863
-1794
-1742
-1733
-1771
-1754
-1722
-1630
-1525
-1393
-1252
-1086
-858
-601
-388
-201
61
392
741
1052
1224
1288
1327
1430
1664
1849
1852
1716
1544
1385
1258
1140
1031
904
711
508
335
187
-3
-223
-427
-641
-842
-1066
-1296
-1506
-1622
-1648
-1586
-1461
-1431
-1512
-1601
-1638
-1601
-1499
-1358
-1177
-984
-792
-487
-82
306
544
587
642
793
1034
1261
1485
1779
2072
2328
2506
2621
2660
2591
2532
2536
2573
2578
2499
2386
2252
2083
1821
1446
1025
653
385
239
150
33
-143
-370
-610
-822
-909
-916
-896
-838
-781
-740
-707
-709
-761
-801
-787
-801
-858
-946
-1099
-1263
-1436
-1537
-1571
-1591
-1585
-1595
-1643
-1693
-1739
-1841
-1945
-2043
-2083
-2093
-2069
-2005
-1950
-1797
-1610
-1425
-1249
-1068
-801
-458
-74
304
719
1174
1633
2093
2456
2693
2821
2853
2926
3094
3177
3164
3046
2831
2591
2295
2001
1652
1246
811
335
-66
-425
-798
-1165
-1480
-1724
-1941
-2180
-2456
-2720
-2888
-2907
-2812
-2571
-2316
-2173
-2072
-1948
-1712
-1376
-949
-510
-116
247
572
891
1215
1503
1736
1957
2164
2296
2379
2443
2509
2531
2454
2358
2243
2068
1851
1658
1492
1346
1128
904
705
466
188
-127
-357
-428
-429
-417
-345
-281
-296
-329
-284
-190
-72
-3
3
7
-34
-126
-219
-328
-479
-718
-952
-1151
-1342
-1528
-1683
-1791
-1884
-2026
-2187
-2349
-2505
-2611
-2722
-2777
-2811
-2858
-2971
-3081
-3083
-3048
-2980
-2833
-2631
-2403
-2167
-1937
-1669
-1373
-1050
-640
-189
269
707
1131
1597
2036
2442
2794
3064
3252
3337
3356
3303
3160
2960
2759
2553
2329
1983
1571
1139
715
329
-14
-303
-629
-990
-1342
-1622
-1823
-1991
-2111
-2189
-2203
-2134
-1997
-1799
-1537
-1244
-922
-539
-122
278
635
1010
1381
1725
2071
2348
2543
2696
2799
2894
2997
3031
3007
2958
2889
2801
2628
2408
2202
2024
1891
1736
1548
1351
1082
827
687
646
678
697
738
798
787
741
687
650
600
536
488
465
464
437
392
298
151
-3
-173
-366
-570
-794
-1037
-1294
-1579
-1788
-2007
-2247
-2477
-2697
-2852
-2969
-3051
-3102
-3096
-3055
-2969
-2897
-2792
-2679
-2557
-2427
-2291
-2129
-1934
-1738
-1579
-1415
-1217
-957
-635
-295
82
456
783
1060
1337
1636
1844
1969
2085
2245
2404
2475
2447
2321
2114
1797
1445
1073
650
180
-327
-782
-1125
-1386
-1630
-1824
-1975
-2108
-2222
-2254
-2205
-2091
-1980
-1857
-1689
-1463
-1220
-1005
-746
-481
-210
90
378
685
928
1081
1195
1303
1437
1536
1556
1567
1573
1511
1442
1400
1371
1341
1291
1245
1250
1248
1212
1165
1131
1083
991
903
831
789
767
735
719
730
748
750
768
763
708
676
618
551
476
405
325
210
94
-67
-233
-432
-658
-859
-1073
-1281
-1481
-1673
-1836
-1977
-2096
-2197
-2249
-2236
-2179
-2121
-2083
-2010
-1879
-1719
-1546
-1357
-1191
-1038
-933
-837
-687
-517
-336
-184
-53
110
261
399
575
803
1013
1141
1290
1468
1616
1725
1794
1855
1899
1880
1830
1754
1573
1314
1067
854
670
487
260
-4
-271
-497
-664
-759
-767
-715
-642
-571
-501
-456
-448
-446
-427
-373
-298
-218
-128
-28
109
267
418
539
606
649
693
761
817
878
909
919
910
876
845
769
707
634
568
499
446
384
297
214
153
153
206
257
264
265
294
348
430
526
627
711
720
655
554
439
280
86
-73
-211
-372
-574
-834
-1096
-1350
-1606
-1824
-2001
-2139
-2210
-2224
-2215
-2188
-2176
-2171
-2157
-2137
-2086
-1999
-1880
-1773
-1681
-1611
-1549
-1478
-1360
-1193
-1016
-839
-665
-483
-284
-76
81
191
257
292
306
348
430
478
497
493
520
563
555
544
519
487
441
420
428
464
488
482
493
501
518
547
578
615
658
696
757
824
895
938
900
862
809
743
737
767
818
849
849
842
823
799
802
840
906
992
1070
1108
1132
1141
1133
1103
1059
1070
1126
1188
1272
1349
1409
1424
1395
1364
1339
1317
1305
1311
1303
1293
1235
1135
1046
990
912
809
706
612
534
469
396
305
196
54
-59
-151
-242
-352
-477
-622
-769
-952
-1166
-1375
-1569
-1762
-1957
-2097
-2175
-2205
-2207
-2164
-2080
-1983
-1890
-1770
-1631
-1484
-1344
-1194
-1024
-846
-677
-568
-504
-479
-504
-531
-570
-591
-574
-548
-538
-569
-635
-743
-849
-944
-1021
-1030
-1002
-953
-888
-760
-587
-436
-288
-154
-37
40
91
134
152
174
185
215
265
271
298
320
368
410
381
346
325
344
390
443
514
572
614
649
660
636
591
523
455
394
325
245
162
111
85
96
117
141
157
184
229
315
425
545
682
782
839
868
905
932
925
868
778
688
583
470
380
297
211
150
114
90
50
9
-18
-17
-25
-76
-125
-176
-258
-341
-437
-506
-545
-615
-695
-777
-858
-972
-1052
-1057
-1038
-1018
-990
-937
-866
-802
-763
-685
-536
-369
-191
-14
134
254
347
409
461
504
479
409
318
213
126
52
-9
-55
-89
-97
-92
-63
-26
14
64
95
166
271
428
578
672
758
843
929
1007
1062
1072
1019
897
786
688
572
444
310
165
45
-29
-70
-106
-161
-208
-232
-222
-179
-115
-41
28
90
128
170
190
169
141
101
110
143
175
220
229
209
172
131
134
177
217
245
238
238
249
238
217
174
103
11
-76
-152
-209
-248
-257
-247
-218
-191
-195
-234
-331
-423
-471
-448
-386
-355
-352
-391
-478
-600
-719
-824
-923
-1031
-1136
-1213
-1267
-1320
-1369
-1396
-1401
-1402
-1396
-1343
-1250
-1155
-1014
-854
-712
-590
-514
-467
-438
-431
-408
-343
-246
-162
-141
-142
-160
-187
-201
-211
-196
-184
-167
-99
16
129
231
340
443
549
667
783
868
928
982
1030
1090
1139
1174
1174
1151
1111
1063
1044
1032
1022
1001
957
934
926
935
923
880
830
772
738
744
755
744
684
627
596
577
592
619
643
664
673
708
767
828
861
853
833
818
804
776
738
670
578
463
345
234
130
29
-78
-163
-218
-257
-302
-336
-350
-327
-287
-232
-156
-81
-1
85
177
257
307
304
253
176
61
-74
-197
-292
-374
-463
-558
-644
-707
-792
-898
-1014
-1109
-1162
-1174
-1135
-1057
-974
-905
-848
-803
-768
-760
-791
-839
-853
-845
-833
-800
-766
-752
-787
-855
-927
-1018
-1088
-1104
-1071
-989
-873
-745
-624
-528
-471
-434
-416
-388
-331
-244
-153
-69
9
94
171
225
247
222
189
152
135
160
184
187
177
168
148
112
63
16
-8
-18
-25
-20
-19
-16
-1
31
80
139
195
257
333
420
502
568
624
680
736
766
793
811
816
813
784
737
666
572
463
362
287
226
151
61
-6
-24
-15
7
54
130
199
229
262
313
376
434
480
533
588
622
633
624
611
587
536
460
395
335
272
222
178
154
136
133
144
146
126
70
15
-3
7
19
11
-3
-19
-62
-118
-178
-249
-317
-379
-419
-420
-421
-431
-463
-491
-501
-515
-531
-536
-520
-494
-459
-411
-340
-275
-231
-207
-174
-141
-102
-50
19
107
166
210
246
274
297
293
276
257
235
194
117
13
-78
-165
-244
-314
-375
-426
-491
-555
-595
-592
-553
-499
-430
-343
-247
-155
-58
27
120
201
257
314
371
415
427
417
372
300
211
97
-17
-125
-208
-260
-265
-226
-187
-179
-204
-245
-269
-270
-259
-223
-170
-118
-73
-35
10
46
43
11
-31
-67
-83
-84
-44
13
64
98
93
69
31
-5
-9
25
100
185
259
321
349
333
291
236
186
144
113
92
95
106
97
73
37
-1
-53
-113
-157
-182
-175
-150
-116
-71
-42
-39
-59
-68
-62
-48
-31
-4
40
81
105
124
163
216
267
308
352
391
425
448
462
472
471
465
461
450
425
390
356
321
283
239
182
99
10
-77
-153
-212
-248
-247
-228
-202
-160
-117
-74
-34
14
64
114
165
225
303
383
472
541
577
577
526
440
327
209
96
-6
-92
-166
-234
-294
-345
-386
-419
-440
-451
-452
-440
-411
-370
-316
-254
-195
-145
-124
-135
-154
-166
-146
-107
-58
-12
6
-14
-56
-98
-136
-172
-194
-197
-185
-174
-172
-172
-176
-195
-229
-262
-277
-281
-286
-280
-271
-252
-232
-228
-237
-264
-302
-325
-323
-300
-265
-233
-198
-174
-160
-163
-168
-162
-154
-134
-111
-82
-59
-60
-70
-73
-55
-13
31
75
117
156
190
213
228
230
219
193
167
148
139
146
155
158
141
95
24
-59
-155
-236
-290
-308
-284
-235
-179
-134
-107
-88
-74
-49
-6
48
113
183
264
350
429
479
495
473
425
365
304
244
190
149
114
86
56
20
-22
-69
-99
-110
-107
-96
-80
-52
-8
50
109
159
203
235
252
259
264
271
282
289
290
283
261
228
191
154
122
95
72
58
45
30
13
1
-9
-21
-31
-35
-34
-29
-27
-24
-23
-29
-43
-70
-92
-110
-117
-108
-88
-60
-31
-9
0
-2
-4
-5
-8
-6
6
24
40
50
62
74
79
85
92
99
103
101
102
106
109
106
92
77
57
30
-5
-36
-56
-75
-101
-137
-181
-239
-307
-369
-408
-433
-440
-430
-403
-361
-323
-292
-261
-229
-197
-165
-135
-90
-42
6
51
92
125
135
117
78
28
-25
-72
-107
-129
-143
-163
-187
-202
-204
-203
-199
-190
-173
-154
-140
-120
-91
-55
-9
39
88
132
161
170
171
165
156
144
126
107
92
73
54
46
45
43
26
-5
-35
-69
-108
-143
-168
-183
-198
-209
-214
-216
-221
-234
-244
-248
-245
-241
-233
-214
-184
-149
-108
-59
-9
36
71
111
154
194
229
259
286
307
315
314
313
316
313
300
286
273
258
231
198
166
138
112
81
52
26
-4
-33
-56
-66
-65
-59
-53
-43
-36
-32
-25
-13
8
39
73
111
152
189
217
234
246
254
255
245
236
227
215
208
205
204
197
177
146
113
86
66
55
52
63
80
104
133
166
197
219
236
249
261
269
278
294
314
337
356
363
356
328
280
221
158
99
42
-14
-66
-116
-165
-218
-273
-327
-387
-452
-514
-571
-619
-662
-699
-723
-738
-745
-751
-763
-769
-773
-777
-775
-765
-744
-724
-700
-666
-625
-577
-523
-464
-402
-344
-292
-248
-206
-164
-125
-88
-50
-9
33
66
95
116
127
127
118
102
83
63
44
32
36
52
69
84
98
107
111
117
130
157
195
237
282
330
373
411
444
473
499
516
531
547
566
581
585
582
573
553
521
484
448
425
406
398
398
404
408
406
396
384
375
371
374
389
412
438
463
484
496
499
488
466
436
400
364
331
306
286
267
232
184
121
44
-43
-127
-205
-277
-343
-406
-465
-524
-580
-632
-675
-711
-742
-772
-798
-820
-837
-842
-844
-842
-834
-827
-822
-815
-810
-804
-797
-791
-785
-781
-778
-774
-763
-736
-693
-637
-577
-514
-453
-397
-343
-286
-227
-167
-99
-27
48
123
196
259
310
346
364
369
364
358
355
356
360
372
383
386
384
374
363
356
363
380
404
430
455
476
490
496
492
486
474
471
471
474
481
492
507
516
522
515
501
485
464
444
432
430
437
448
456
460
455
446
430
409
386
358
334
314
292
273
254
231
207
176
140
100
59
24
-5
-29
-53
-79
-112
-148
-187
-233
-285
-340
-392
-445
-496
-547
-599
-641
-674
-701
-720
-738
-754
-775
-797
-821
-844
-858
-864
-861
-849
-836
-822
-805
-787
-772
-763
-757
-753
-747
-736
-717
-684
-636
-574
-506
-433
-360
-287
-214
-139
-60
22
105
190
270
345
413
471
517
553
580
600
616
628
639
651
661
667
669
660
640
618
593
572
554
541
533
528
524
519
515
509
500
488
471
449
422
399
379
363
349
340
331
318
306
295
281
266
254
247
242
239
236
233
227
220
208
194
178
159
138
117
101
92
88
90
94
96
92
82
68
46
17
-15
-45
-71
-94
-112
-133
-152
-175
-205
-246
-301
-364
-433
-500
-558
-605
-641
-668
-686
-699
-710
-725
-742
-758
-776
-794
-814
-832
-845
-852
-856
-856
-854
-853
-852
-849
-845
-836
-822
-797
-762
-722
-679
-633
-581
-523
-460
-390
-318
-245
-169
-96
-21
53
126
198
265
324
379
426
463
492
517
539
556
574
590
607
623
638
648
656
661
661
654
643
628
612
597
587
581
579
577
575
567
554
540
527
516
514
516
519
523
526
526
520
506
483
460
439
417
401
393
393
394
395
391
376
359
334
309
286
267
256
251
252
257
268
278
283
279
264
238
204
166
126
88
51
24
-2
-27
-57
-88
-124
-170
-215
-263
-312
-357
-399
-439
-473
-502
-530
-556
-582
-613
-648
-682
-718
-757
-797
-836
-873
-902
-924
-940
-947
-951
-948
-943
-938
-931
-921
-898
-871
-835
-792
-742
-688
-635
-584
-541
-498
-458
-416
-372
-324
-274
-220
-165
-113
-68
-31
-1
27
51
78
105
131
157
181
204
225
242
258
278
298
323
352
383
413
437
453
458
458
452
445
438
437
442
455
473
494
514
526
532
534
532
530
523
516
510
506
508
512
520
530
536
538
539
536
530
517
500
479
457
435
421
412
406
400
393
380
363
339
312
281
252
228
207
191
180
168
154
137
115
91
59
23
-19
-66
-112
-157
-201
-243
-285
-327
-366
-405
-448
