0
2
1
1
-4
-1
1
0
-3
-4
-1
2
-1
-1
0
3
4
5
6
7
8
9
10
11
13
15
16
17
16
16
15
15
14
12
10
10
10
8
6
5
7
7
6
2
2
1
0
1
5
4
4
2
2
6
2
3
4
7
11
6
5
6
8
9
5
4
4
2
0
-4
-5
-4
-6
-7
-8
-9
-11
-11
-11
-13
-14
-12
-11
-13
-16
-17
-14
-14
-18
-12
-7
-8
-10
-12
-9
-6
-9
-10
-7
-4
-4
-7
-6
-5
-4
-3
-6
-6
-7
-8
-8
-9
-9
-8
-7
-5
-5
-4
-5
-3
-3
-1
1
3
6
6
8
6
7
8
10
12
13
14
13
13
15
15
14
12
10
9
10
7
7
4
5
7
8
9
9
9
11
13
15
17
16
14
12
9
10
10
9
12
14
10
6
10
9
5
7
10
5
0
1
0
-1
-2
-2
-2
-3
-3
-5
-4
-6
-7
-4
-6
-7
-4
-8
-9
-3
-8
-9
-5
-7
-7
-5
-8
-8
-7
-8
-10
-10
-13
-14
-15
-13
-15
-14
-13
-14
-14
-13
-12
-11
-10
-9
-9
-10
-10
-9
-8
-7
-6
-5
-5
-5
-6
-6
-5
-4
-2
0
0
1
1
2
4
4
3
2
1
1
3
4
2
2
4
6
6
6
9
11
10
8
9
12
14
12
10
10
14
15
15
15
16
16
15
15
14
14
14
14
12
10
9
9
11
13
11
11
10
9
8
9
8
8
8
7
8
7
6
5
4
4
4
2
0
-2
-4
-4
-3
-3
-4
-6
-6
-7
-8
-10
-10
-11
-9
-10
-9
-10
-11
-11
-10
-11
-13
-15
-15
-15
-12
-13
-13
-13
-14
-14
-13
-14
-14
-15
-15
-16
-17
-17
-19
-19
-19
-19
-18
-15
-15
-11
-9
-6
-4
-5
-4
-3
-2
-3
-3
-2
0
1
2
2
4
7
9
8
12
14
11
12
13
11
7
5
8
12
12
11
9
11
13
13
12
14
15
16
16
18
18
18
20
21
19
18
19
20
20
16
16
19
16
11
9
9
8
6
2
4
4
3
1
0
0
-1
-2
-1
-1
0
1
0
-2
-5
-6
-6
-4
-2
-3
-4
-4
-6
-7
-7
-8
-10
-9
-8
-8
-11
-9
-11
-13
-13
-12
-13
-15
-15
-14
-17
-17
-19
-20
-20
-19
-18
-18
-15
-16
-14
-15
-15
-15
-16
-16
-17
-14
-14
-11
-8
-7
-5
-3
-1
1
2
5
5
4
3
3
4
5
5
7
6
6
8
10
10
13
13
10
11
11
11
16
15
16
22
19
19
24
24
24
24
24
25
27
24
22
22
22
21
19
18
18
16
15
13
12
9
7
6
4
2
0
-2
-3
0
1
2
-1
-1
0
2
3
2
-2
-5
-3
-2
-3
-7
-8
-8
-9
-9
-7
-8
-15
-19
-17
-14
-15
-18
-18
-16
-17
-18
-18
-19
-17
-15
-16
-18
-16
-17
-17
-19
-16
-16
-15
-12
-14
-16
-12
-17
-19
-13
-18
-20
-15
-17
-20
-18
-14
-11
-12
-8
-4
-6
-5
-2
-1
0
3
5
8
10
12
13
15
18
20
17
19
20
18
19
20
18
22
23
21
22
21
19
18
19
17
17
19
19
19
17
16
13
16
17
19
19
17
15
13
14
13
15
15
13
10
6
3
3
5
5
5
2
-2
-5
-5
-5
-3
-3
-3
-4
-4
-6
-9
-11
-14
-17
-14
-10
-12
-15
-14
-15
-10
-9
-10
-8
-7
-10
-11
-11
-13
-14
-14
-12
-13
-14
-17
-19
-18
-14
-14
-17
-17
-18
-19
-18
-16
-16
-18
-17
-16
-16
-15
-13
-11
-9
-8
-8
-5
0
-1
2
6
8
7
8
10
8
9
8
11
11
11
9
10
14
14
14
14
18
21
20
17
17
20
21
21
19
19
20
18
15
16
19
17
11
13
17
15
11
13
14
10
7
10
12
6
6
10
10
7
9
8
6
5
4
4
4
4
5
4
2
1
1
2
2
1
-1
-1
-4
-4
-5
-5
-6
-6
-5
-5
-5
-6
-8
-7
-7
-6
-7
-8
-9
-10
-10
-10
-11
-12
-13
-14
-17
-14
-14
-16
-17
-16
-17
-21
-20
-20
-21
-21
-21
-21
-22
-24
-26
-22
-19
-20
-22
-18
-14
-12
-12
-10
-4
2
1
-2
4
7
6
8
6
4
8
6
8
15
11
9
11
11
14
16
13
12
12
12
9
8
11
13
12
14
16
12
12
19
20
14
16
18
16
14
15
15
16
16
16
15
16
16
16
17
16
16
15
13
11
7
7
5
5
5
4
4
5
5
5
5
3
7
7
4
3
-1
6
0
-2
-2
-5
2
-3
-5
-5
-4
-3
-6
-7
-8
-9
-10
-12
-11
-14
-11
-13
-12
-12
-16
-12
-17
-15
-15
-19
-15
-19
-19
-20
-24
-22
-23
-20
-23
-27
-27
-24
-25
-28
-28
-25
-23
-24
-24
-20
-14
-10
-8
-6
-4
-4
-2
-3
-3
1
5
6
8
9
8
11
16
14
12
17
21
16
13
14
15
13
13
13
13
13
13
13
14
15
15
15
15
14
14
14
15
15
15
15
16
17
18
19
19
21
21
21
20
17
16
14
14
15
14
12
11
10
10
11
9
7
6
4
3
3
5
6
5
4
3
2
1
1
0
1
0
0
0
0
0
-3
-3
-3
-5
-5
-6
-7
-8
-9
-8
-9
-8
-8
-8
-11
-10
-12
-14
-14
-14
-14
-14
-14
-15
-15
-16
-19
-20
-18
-19
-21
-23
-24
-23
-24
-25
-25
-25
-27
-28
-27
-27
-26
-26
-22
-20
-18
-14
-7
-7
-6
2
3
5
4
9
8
5
12
8
11
11
11
14
10
13
11
11
12
12
14
11
11
12
12
15
15
15
14
15
14
15
16
16
15
16
19
19
19
20
22
18
18
19
16
16
17
19
18
16
15
15
16
13
11
13
17
13
10
10
12
10
5
4
5
5
1
-2
1
2
0
-2
0
1
1
0
0
0
0
-1
-1
-3
-5
-3
-3
-4
-6
-6
-2
-2
-7
-7
-5
-6
-8
-10
-11
-8
-11
-16
-14
-17
-21
-19
-24
-27
-23
-27
-28
-28
-30
-29
-29
-35
-33
-29
-32
-33
-31
-26
-25
-26
-23
-20
-20
-20
-18
-16
-15
-13
-10
-6
-7
-4
-3
-1
1
3
6
8
11
12
14
14
15
16
18
19
20
20
20
20
20
21
22
23
24
23
21
19
20
19
21
19
19
17
16
18
18
16
16
18
20
19
15
17
19
18
15
15
19
17
13
12
14
14
13
12
13
12
9
6
5
7
3
-1
2
7
5
0
3
5
-1
-5
3
6
2
-2
1
5
4
4
6
5
5
3
1
-1
-1
-3
-4
-7
-9
-12
-13
-14
-16
-20
-20
-19
-18
-18
-20
-22
-21
-19
-18
-20
-23
-27
-28
-26
-26
-27
-28
-29
-29
-31
-31
-33
-33
-31
-28
-29
-30
-28
-26
-23
-26
-30
-31
-28
-26
-27
-26
-18
-13
-16
-14
-9
-7
-11
-10
-2
0
-5
0
8
12
13
11
17
26
25
29
40
40
39
43
50
58
60
61
68
70
71
73
77
74
74
78
86
88
89
97
101
104
107
113
118
112
116
121
123
124
119
121
123
125
126
123
121
116
110
109
107
107
100
94
93
90
85
75
73
74
68
61
63
63
52
39
34
34
28
17
9
5
-3
-19
-33
-41
-51
-69
-86
-99
-112
-133
-152
-161
-173
-188
-209
-224
-241
-260
-272
-281
-290
-320
-346
-356
-366
-378
-395
-409
-422
-438
-443
-449
-461
-465
-472
-479
-489
-493
-484
-476
-473
-465
-450
-428
-416
-397
-366
-335
-307
-283
-249
-211
-183
-156
-128
-93
-64
-49
-23
5
28
55
87
113
135
152
185
210
221
246
260
278
290
305
338
353
371
389
402
418
435
451
456
461
464
470
474
479
484
486
492
493
495
503
505
508
513
512
513
514
503
493
483
466
459
449
431
420
410
400
385
363
348
330
306
283
260
231
195
164
137
108
79
52
23
-11
-48
-73
-89
-113
-129
-141
-161
-174
-194
-223
-234
-241
-259
-272
-289
-305
-321
-340
-361
-372
-381
-403
-435
-450
-458
-478
-504
-520
-536
-557
-585
-612
-629
-648
-673
-696
-711
-718
-717
-714
-712
-708
-706
-710
-713
-713
-710
-698
-677
-660
-637
-602
-560
-525
-484
-428
-371
-324
-279
-222
-178
-152
-117
-70
-28
8
51
107
161
205
244
292
331
361
396
428
455
476
494
524
545
552
576
605
622
634
649
675
690
685
689
698
693
681
680
688
682
670
673
682
678
666
666
669
664
649
643
637
615
588
574
558
539
523
509
488
465
444
432
416
396
379
361
328
292
252
213
173
125
79
38
-13
-66
-99
-124
-159
-193
-221
-249
-284
-321
-351
-376
-399
-416
-436
-465
-487
-497
-511
-526
-532
-540
-550
-565
-577
-584
-596
-615
-623
-622
-635
-659
-667
-661
-668
-690
-696
-688
-694
-707
-714
-718
-720
-722
-726
-717
-703
-712
-710
-693
-682
-662
-629
-599
-561
-519
-481
-440
-397
-348
-293
-252
-216
-168
-118
-75
-33
1
44
104
151
186
238
287
324
358
391
427
459
486
511
548
568
582
621
646
668
683
699
722
719
722
722
719
710
691
672
666
660
644
632
625
617
602
588
589
585
571
560
548
531
513
489
467
456
437
414
404
392
366
337
324
315
288
246
217
197
171
132
97
70
42
-3
-44
-56
-68
-102
-140
-163
-184
-216
-247
-279
-307
-321
-348
-373
-378
-401
-426
-433
-448
-468
-484
-498
-511
-521
-532
-546
-558
-558
-568
-585
-583
-582
-582
-580
-569
-554
-548
-570
-580
-578
-590
-594
-616
-623
-605
-623
-633
-622
-606
-600
-602
-586
-570
-564
-558
-545
-524
-507
-492
-460
-412
-374
-335
-282
-221
-174
-136
-89
-36
12
51
88
130
174
215
267
319
358
388
434
475
503
532
561
582
600
614
622
637
659
676
681
691
709
713
701
704
709
706
702
695
685
686
671
655
657
648
631
624
620
618
598
582
585
576
551
531
511
491
465
438
423
407
378
346
322
295
256
224
203
175
132
93
67
45
13
-27
-60
-90
-128
-171
-209
-246
-285
-320
-343
-366
-397
-429
-448
-463
-486
-509
-521
-531
-549
-567
-577
-583
-597
-612
-616
-615
-615
-624
-628
-626
-623
-622
-623
-624
-627
-632
-633
-627
-624
-625
-624
-621
-619
-627
-635
-637
-639
-644
-651
-645
-637
-636
-636
-621
-596
-574
-553
-525
-491
-451
-401
-349
-293
-235
-179
-117
-64
-1
65
122
187
240
295
352
392
450
495
536
582
610
646
668
685
712
725
743
757
766
776
783
790
794
789
783
782
775
765
754
740
731
715
695
680
660
642
644
649
643
628
604
584
566
539
507
480
457
438
422
399
365
335
310
283
262
246
223
186
149
117
88
60
29
-4
-37
-70
-109
-137
-157
-176
-195
-214
-237
-272
-310
-345
-366
-391
-413
-438
-465
-474
-490
-502
-516
-529
-527
-542
-554
-565
-570
-570
-585
-586
-581
-578
-581
-591
-582
-570
-562
-558
-552
-547
-552
-555
-548
-547
-559
-565
-566
-569
-577
-596
-603
-605
-607
-610
-616
-611
-608
-604
-589
-568
-541
-522
-491
-439
-385
-336
-292
-227
-161
-101
-46
16
92
152
210
275
341
398
444
498
544
583
625
663
698
725
751
775
797
816
828
834
836
839
840
841
835
825
815
805
794
777
763
751
735
725
712
701
685
663
652
637
614
593
573
554
530
503
478
442
411
383
354
323
295
268
241
199
156
134
109
70
29
7
-11
-59
-109
-138
-156
-182
-217
-242
-260
-290
-334
-362
-374
-396
-430
-455
-468
-487
-509
-520
-528
-540
-551
-558
-567
-579
-587
-581
-570
-565
-562
-557
-550
-548
-545
-534
-521
-512
-502
-485
-469
-454
-441
-431
-428
-434
-427
-427
-428
-436
-451
-445
-448
-447
-456
-472
-480
-495
-498
-503
-509
-503
-491
-470
-454
-434
-397
-357
-312
-254
-186
-127
-74
-17
46
105
155
205
254
304
353
406
461
507
542
577
613
641
663
688
710
726
741
761
774
773
779
794
799
786
775
768
750
720
697
679
648
614
592
577
559
521
485
458
433
426
413
406
399
371
355
334
318
306
275
261
247
230
215
192
178
157
137
134
121
94
61
33
-2
-40
-71
-104
-124
-140
-159
-181
-201
-228
-272
-287
-306
-331
-345
-373
-384
-396
-412
-415
-422
-428
-431
-431
-422
-413
-413
-420
-418
-404
-390
-392
-396
-396
-390
-376
-360
-356
-357
-357
-353
-339
-335
-352
-362
-364
-380
-399
-414
-439
-457
-471
-490
-502
-521
-553
-572
-586
-608
-626
-636
-639
-636
-632
-622
-590
-544
-506
-463
-389
-298
-215
-137
-59
8
71
135
190
251
308
352
409
480
540
594
640
686
726
744
752
760
757
762
775
776
764
758
763
764
763
765
765
763
756
736
712
685
643
606
578
552
529
495
446
404
375
341
309
278
219
152
110
73
28
9
1
7
16
13
25
29
34
43
32
28
7
-15
-25
-51
-74
-96
-122
-128
-132
-122
-115
-141
-162
-190
-231
-268
-312
-334
-365
-405
-423
-414
-389
-378
-380
-378
-369
-358
-346
-329
-306
-299
-297
-272
-254
-236
-212
-199
-184
-169
-164
-152
-136
-122
-106
-100
-108
-117
-132
-160
-190
-220
-255
-287
-299
-307
-325
-347
-376
-422
-468
-498
-524
-566
-624
-678
-713
-739
-757
-768
-761
-743
-711
-667
-602
-523
-447
-368
-299
-214
-126
-46
46
128
216
281
326
388
451
517
567
613
652
676
689
698
704
701
686
670
658
651
641
620
593
571
562
564
563
559
555
543
510
469
446
441
428
401
373
356
336
301
270
257
239
196
145
109
72
16
-35
-69
-108
-157
-180
-169
-142
-116
-97
-71
-33
7
39
69
88
73
45
32
22
2
-27
-54
-78
-89
-89
-85
-86
-98
-131
-164
-181
-187
-202
-226
-243
-249
-248
-234
-199
-166
-150
-142
-121
-90
-67
-45
-17
12
24
24
32
51
63
68
73
73
64
52
40
29
8
-34
-85
-132
-173
-217
-265
-310
-366
-429
-484
-527
-580
-643
-700
-753
-819
-895
-960
-1015
-1069
-1116
-1136
-1128
-1110
-1074
-1002
-897
-772
-645
-520
-379
-240
-111
29
167
282
386
480
558
637
708
759
811
858
878
894
912
915
889
843
794
737
678
612
557
519
472
420
398
387
375
363
346
344
340
319
308
305
296
284
268
271
282
291
302
306
313
313
288
264
237
181
131
99
62
22
-23
-64
-87
-99
-98
-78
-38
-5
16
39
80
119
136
126
97
65
27
-13
-35
-50
-78
-101
-115
-119
-105
-94
-99
-108
-129
-152
-160
-145
-121
-109
-105
-84
-44
3
49
90
121
133
138
156
182
191
179
163
149
135
117
111
116
101
60
7
-29
-53
-101
-163
-217
-286
-363
-425
-477
-528
-599
-697
-774
-830
-881
-925
-975
-1046
-1156
-1272
-1348
-1395
-1420
-1428
-1432
-1411
-1361
-1279
-1126
-923
-735
-574
-415
-237
-48
130
294
439
559
655
752
866
993
1099
1159
1183
1191
1195
1190
1158
1092
991
865
735
620
534
454
358
252
161
100
86
92
80
54
24
27
39
41
70
86
105
132
173
253
343
422
486
537
568
592
611
598
557
492
424
367
313
254
210
137
43
-19
-51
-35
-14
-14
-10
-22
-21
14
51
61
23
-31
-66
-94
-104
-103
-123
-145
-177
-198
-156
-91
-53
-43
-42
-24
2
41
76
90
85
76
109
182
246
281
293
279
258
255
261
262
241
190
129
91
60
27
0
-52
-103
-168
-232
-264
-314
-390
-500
-602
-674
-734
-790
-842
-908
-1010
-1102
-1146
-1168
-1227
-1346
-1491
-1610
-1694
-1735
-1701
-1632
-1600
-1557
-1440
-1235
-955
-657
-394
-172
16
197
397
615
814
954
1033
1096
1195
1336
1448
1507
1523
1481
1409
1337
1248
1138
988
759
495
286
151
43
-69
-161
-253
-323
-342
-315
-233
-170
-162
-165
-150
-71
54
173
267
358
440
542
695
857
979
1030
1031
1022
1024
1009
979
899
753
590
428
325
255
152
10
-146
-281
-380
-422
-427
-426
-425
-443
-426
-320
-159
3
131
187
210
252
299
338
361
323
224
138
118
145
187
225
229
185
152
183
236
235
184
121
65
36
45
80
108
108
92
86
107
161
190
160
101
34
-14
-35
-64
-92
-149
-267
-365
-428
-489
-542
-624
-748
-884
-1024
-1136
-1240
-1378
-1518
-1622
-1702
-1777
-1877
-1987
-2084
-2175
-2222
-2160
-2011
-1867
-1727
-1523
-1244
-878
-460
-98
197
468
716
943
1139
1306
1472
1547
1513
1514
1583
1640
1656
1608
1472
1310
1154
960
755
571
313
-17
-268
-408
-493
-522
-516
-523
-529
-459
-301
-114
38
160
274
381
509
701
918
1096
1231
1328
1398
1494
1587
1609
1541
1416
1267
1078
877
728
547
293
78
-116
-317
-421
-483
-644
-834
-959
-1040
-1060
-978
-831
-661
-496
-342
-130
182
512
747
822
790
753
698
613
549
439
242
66
-27
-66
-37
43
52
-73
-205
-222
-181
-165
-176
-204
-251
-254
-137
55
247
402
469
455
464
520
555
501
367
221
65
-86
-137
-134
-232
-400
-548
-695
-825
-926
-1060
-1247
-1456
-1674
-1844
-1947
-2035
-2108
-2127
-2130
-2184
-2247
-2255
-2245
-2238
-2164
-1990
-1773
-1549
-1283
-933
-486
19
477
829
1093
1318
1497
1610
1677
1695
1635
1499
1351
1287
1305
1312
1208
998
796
624
384
134
-52
-273
-540
-724
-780
-723
-552
-336
-166
-21
182
435
677
851
941
1004
1067
1139
1246
1364
1451
1503
1477
1412
1400
1379
1243
1004
729
449
189
-14
-172
-329
-485
-607
-675
-655
-558
-457
-426
-470
-540
-547
-419
-184
37
189
310
471
688
929
1160
1285
1181
937
715
515
342
182
-65
-360
-530
-566
-544
-462
-339
-280
-342
-410
-354
-236
-146
-84
-54
-22
101
334
589
751
822
829
728
612
583
515
320
80
-142
-321
-412
-416
-447
-588
-766
-908
-1064
-1234
-1366
-1491
-1674
-1887
-2041
-2130
-2183
-2186
-2133
-2060
-2028
-2050
-2088
-2119
-2127
-2079
-1936
-1670
-1389
-1158
-853
-419
86
621
1051
1268
1367
1430
1490
1548
1544
1452
1318
1135
943
907
995
971
818
612
343
134
21
-136
-290
-388
-513
-580
-418
-93
224
489
715
871
1029
1237
1418
1531
1532
1450
1445
1494
1516
1573
1611
1532
1369
1169
990
845
607
261
-80
-345
-494
-567
-593
-515
-436
-461
-427
-296
-175
-60
-1
-73
-198
-271
-246
-128
34
217
392
500
557
632
748
797
675
399
58
-222
-388
-517
-632
-666
-637
-644
-629
-450
-176
-20
-5
-3
39
107
209
334
430
513
615
709
788
886
942
822
554
310
138
-41
-210
-313
-396
-508
-580
-565
-545
-585
-675
-828
-1065
-1319
-1475
-1530
-1597
-1738
-1889
-1990
-2044
-2027
-1927
-1856
-1930
-2097
-2260
-2380
-2382
-2178
-1799
-1373
-1045
-790
-431
133
760
1241
1518
1559
1391
1269
1281
1308
1322
1244
1030
822
701
721
830
767
407
-32
-289
-399
-487
-451
-343
-357
-328
-60
360
851
1276
1441
1418
1398
1455
1581
1676
1647
1529
1391
1330
1374
1398
1335
1223
965
532
160
-16
-149
-380
-596
-642
-590
-492
-237
44
146
155
146
149
250
356
330
185
-5
-114
-22
290
604
647
504
355
222
197
253
219
-7
-427
-806
-875
-697
-479
-384
-440
-526
-518
-366
-111
108
208
200
133
161
443
866
1071
967
838
840
831
793
775
637
272
-133
-376
-441
-382
-297
-364
-585
-725
-647
-523
-537
-672
-852
-1090
-1333
-1393
-1220
-1054
-1136
-1431
-1721
-1863
-1874
-1847
-1898
-2102
-2435
-2764
-2928
-2796
-2340
-1690
-1152
-908
-721
-262
455
1142
1536
1619
1496
1291
1208
1333
1512
1551
1304
866
576
534
550
473
177
-330
-770
-962
-963
-723
-273
-14
-62
64
565
1122
1557
1837
1868
1763
1699
1681
1788
2010
2041
1749
1416
1300
1309
1178
828
404
-37
-448
-663
-663
-605
-561
-521
-467
-348
-70
335
591
563
528
620
648
666
822
946
875
646
376
213
113
-138
-507
-770
-818
-734
-670
-693
-692
-499
-157
30
13
34
123
99
6
92
344
449
389
386
493
690
820
688
530
583
603
455
408
561
633
504
390
398
396
343
235
-31
-389
-569
-520
-475
-540
-512
-355
-338
-429
-415
-430
-632
-955
-1205
-1247
-1269
-1469
-1710
-1872
-2010
-2144
-2179
-2159
-2371
-2809
-3197
-3439
-3368
-2760
-1827
-1061
-704
-458
114
937
1647
2060
2044
1641
1230
1090
1186
1323
1276
996
587
185
-27
-54
-186
-557
-1055
-1485
-1589
-1266
-701
-117
367
734
1076
1542
2123
2559
2639
2432
2109
1828
1751
1910
2052
1873
1435
1079
869
612
299
-15
-414
-879
-1168
-1068
-724
-407
-114
165
364
628
988
1266
1383
1315
1107
925
875
952
1055
1006
691
208
-218
-496
-765
-1053
-1225
-1306
-1394
-1430
-1319
-1024
-610
-264
-133
-228
-240
89
408
464
564
666
556
554
796
967
969
820
496
254
283
404
392
276
240
256
158
135
342
412
153
-138
-311
-413
-413
-277
-141
-233
-371
-250
-126
-188
-237
-344
-602
-897
-1087
-993
-846
-1049
-1416
-1639
-1826
-2068
-2243
-2363
-2606
-2963
-3263
-3447
-3407
-2927
-2039
-1141
-638
-463
-131
611
1459
1966
2000
1727
1387
1198
1231
1350
1304
940
351
-200
-545
-706
-804
-978
-1294
-1570
-1555
-1195
-575
85
530
803
1151
1629
2111
2576
2917
2836
2489
2276
2123
1999
1957
1665
1073
521
149
-70
-278
-550
-770
-980
-1165
-1076
-667
-168
163
322
533
839
1138
1447
1660
1674
1594
1412
1132
1009
1001
814
446
-71
-667
-1023
-1198
-1517
-1817
-1808
-1532
-1144
-859
-715
-465
-48
351
580
649
682
722
748
780
809
831
812
625
391
399
504
350
87
91
220
167
92
244
451
476
388
360
360
293
215
145
-46
-300
-384
-338
-370
-372
-217
-125
-248
-393
-493
-664
-878
-1015
-1103
-1237
-1463
-1728
-1927
-2033
-2147
-2322
-2546
-2821
-3149
-3476
-3690
-3569
-2894
-1858
-994
-527
-192
336
1046
1695
2099
2080
1594
1029
750
764
907
812
283
-393
-869
-1036
-1069
-1261
-1470
-1477
-1491
-1490
-962
45
852
1280
1591
1899
2392
3023
3306
3221
3088
2800
2296
1923
1862
1809
1335
555
3
-245
-455
-624
-709
-816
-914
-809
-388
160
593
956
1217
1267
1389
1719
1882
1776
1553
1204
858
647
468
349
111
-587
-1442
-1897
-1975
-1951
-1822
-1463
-1026
-793
-702
-417
205
840
1101
948
492
109
255
590
546
354
259
49
-186
-122
200
398
156
-222
-177
190
508
722
799
755
715
647
612
771
918
666
110
-248
-272
-244
-294
-380
-513
-708
-852
-824
-805
-944
-1069
-1157
-1298
-1496
-1657
-1618
-1620
-1916
-2127
-2126
-2225
-2462
-2759
-3059
-3296
-3349
-2864
-1825
-897
-537
-399
1
578
1145
1665
1770
1323
780
483
473
578
484
128
-422
-987
-1224
-1167
-1177
-1314
-1429
-1471
-1283
-704
63
811
1476
1756
1773
2203
2901
3192
3138
3025
2722
2189
1759
1679
1626
1133
393
-119
-396
-572
-621
-550
-497
-549
-521
-171
369
854
1205
1343
1392
1609
1855
1945
1917
1622
1117
766
503
218
85
-142
-804
-1587
-2019
-2005
-1703
-1285
-780
-224
126
143
165
546
1063
1250
959
418
70
165
384
338
143
28
-124
-347
-336
-16
229
141
-57
-32
319
807
1073
991
859
889
887
751
729
821
631
104
-312
-385
-342
-411
-557
-714
-869
-914
-842
-832
-913
-970
-1030
-1221
-1513
-1647
-1612
-1808
-2243
-2481
-2447
-2437
-2598
-2881
-3176
-3398
-3321
-2584
-1416
-602
-374
-293
27
631
1274
1667
1607
1066
466
240
314
388
246
-220
-889
-1405
-1483
-1326
-1279
-1356
-1476
-1448
-1000
-272
524
1380
1989
2108
2195
2651
3204
3450
3327
2973
2473
1908
1531
1430
1250
761
178
-270
-523
-547
-389
-225
-262
-380
-175
393
973
1377
1598
1694
1775
1811
1805
1818
1617
1026
337
-175
-459
-527
-581
-896
-1464
-1992
-2091
-1603
-835
-198
172
367
509
640
796
1114
1387
1174
580
132
77
254
281
-3
-375
-636
-722
-580
-238
165
397
371
356
614
1017
1248
1185
967
770
705
795
925
936
743
333
-149
-420
-387
-318
-479
-820
-1104
-1210
-1176
-1049
-881
-868
-1182
-1621
-1834
-1820
-1846
-2045
-2404
-2804
-3038
-3109
-3224
-3295
-3004
-2323
-1550
-978
-724
-579
-213
363
842
1044
975
779
656
623
550
442
201
-371
-1039
-1399
-1519
-1609
-1608
-1534
-1432
-1153
-716
-248
363
977
1200
1267
1694
2287
2592
2719
2880
2897
2657
2282
1950
1750
1400
763
230
44
68
55
-25
58
232
384
664
953
1210
1453
1392
1317
1582
1738
1732
1752
1447
1014
843
567
146
-156
-556
-1086
-1641
-2090
-1967
-1328
-680
-97
358
581
633
587
728
1148
1371
1049
429
48
89
258
264
-5
-485
-879
-975
-883
-726
-459
-157
-66
-23
414
1116
1501
1422
1222
1091
982
932
942
828
524
216
42
-50
-82
-54
-107
-399
-849
-1163
-1174
-1072
-1108
-1246
-1348
-1449
-1606
-1718
-1737
-1784
-1954
-2303
-2742
-3054
-3249
-3479
-3549
-3024
-1896
-851
-373
-279
-213
131
612
782
666
393
122
113
136
163
311
76
-520
-1007
-1366
-1513
-1445
-1385
-1331
-1141
-665
-91
456
1217
1723
1572
1535
1877
2101
2244
2375
2311
2134
1890
1692
1726
1642
1164
666
328
45
-60
56
271
465
560
731
1076
1417
1723
1895
1803
1682
1532
1361
1375
1206
723
377
106
-166
-268
-430
-804
-1341
-1941
-2259
-2009
-1174
-55
822
1271
1412
1382
1390
1467
1379
996
455
-71
-464
-552
-368
-321
-639
-1021
-1131
-991
-736
-381
-8
219
343
583
981
1316
1417
1313
1139
1039
1064
1116
1045
803
428
15
-285
-362
-289
-242
-314
-465
-598
-668
-723
-850
-1094
-1440
-1802
-2060
-2123
-2005
-1855
-1906
-2254
-2699
-3069
-3446
-3777
-3635
-2810
-1768
-1121
-888
-608
-16
665
1023
919
493
-18
-337
-326
-165
-128
-394
-940
-1465
-1634
-1441
-1219
-1140
-1102
-1030
-742
-190
340
965
1665
1778
1552
1836
2381
2676
2682
2317
1846
1583
1281
994
1027
1035
714
370
305
518
774
876
900
945
1063
1367
1751
2116
2427
2426
2233
2149
1956
1675
1377
740
36
-366
-634
-696
-644
-841
-1258
-1805
-2234
-2096
-1291
-46
1157
1817
1938
1779
1554
1511
1656
1584
949
-49
-754
-884
-804
-810
-1084
-1604
-1870
-1716
-1259
-484
174
433
510
460
609
1135
1419
1250
960
709
616
700
864
898
561
7
-373
-442
-272
-34
53
-160
-475
-500
-324
-432
-915
-1421
-1750
-1972
-2091
-2066
-2121
-2504
-3115
-3674
-3943
-3763
-3054
-2028
-1201
-870
-821
-581
105
904
1355
1255
621
-40
-192
80
372
171
-604
-1500
-2280
-2574
-2210
-1866
-1738
-1551
-1401
-996
-109
746
1251
1531
1712
1893
2166
2561
2892
2884
2489
1818
1128
752
709
649
330
-49
-130
59
203
312
528
753
905
1103
1682
2554
2993
2975
2928
2773
2597
2365
1773
1128
631
97
-336
-681
-1085
-1498
-1943
-2359
-2496
-2003
-715
732
1427
1369
1203
1307
1555
1663
1552
1231
685
161
-182
-356
-332
-542
-1193
-1640
-1588
-1175
-598
-205
109
428
381
225
391
635
713
571
312
276
483
535
263
-103
-364
-568
-643
-405
-60
80
20
-120
-65
202
84
-526
-1179
-1677
-1795
-1644
-1673
-1840
-2212
-3004
-3763
-4124
-4017
-3277
-2297
-1621
-1194
-991
-825
-296
333
675
668
288
2
153
346
354
16
-845
-1741
-2198
-2315
-2213
-1964
-1740
-1587
-1400
-1189
-933
-330
457
717
574
955
1899
2570
2757
2881
2816
2327
1928
1931
1852
1555
1616
2188
2680
2729
2517
2253
1981
1653
1373
1356
1374
1050
543
274
366
459
346
329
421
602
1204
2052
2733
3140
3118
2915
2903
2857
2724
2528
1903
1191
910
738
609
485
-58
-789
-1478
-2033
-1882
-1065
64
1260
1871
1825
1452
934
863
1154
1170
1001
657
61
-354
-474
-583
-881
-1322
-1526
-1328
-878
-253
232
315
197
-55
-223
139
594
590
388
245
254
288
-51
-635
-1158
-1609
-1747
-1391
-817
-348
-179
-224
-300
-523
-855
-1163
-1588
-1909
-1864
-1751
-1720
-1880
-2320
-2794
-3390
-3866
-3248
-1677
-391
-51
-387
-568
-71
708
1175
1120
663
175
-80
-123
-124
-375
-1002
-1863
-2668
-2879
-2418
-1994
-1856
-1701
-1470
-1159
-741
-184
449
861
1025
1290
1985
2882
3131
2572
1912
1347
750
310
246
487
574
311
63
47
132
130
128
415
854
1317
2085
2901
3166
2996
2766
2547
2368
2216
2054
1877
1566
1098
577
-83
-806
-1218
-1211
-942
-429
385
1264
1686
1513
1222
1215
1391
1427
1234
1000
854
693
414
46
-365
-779
-1036
-1032
-846
-513
-133
-73
-404
-541
-153
258
282
264
498
657
472
187
38
-131
-505
-922
-1160
-1180
-1052
-923
-932
-1102
-1265
-1243
-1174
-1228
-1362
-1542
-1669
-1730
-1859
-1988
-2229
-2838
-3515
-3831
-3629
-2841
-1707
-701
-204
-326
-547
-197
634
1291
1356
1003
703
597
539
448
62
-812
-1868
-2593
-2613
-2085
-1689
-1687
-1800
-1803
-1472
-868
-389
-26
488
1076
1585
2064
2568
2891
2648
1971
1395
1068
886
688
352
41
-191
-291
-113
-15
-92
68
364
687
1267
2049
2766
3036
2796
2614
2713
2772
2634
2299
1902
1601
1232
714
211
-323
-827
-1021
-816
-209
624
1235
1423
1280
1026
1055
1469
1872
1871
1492
1100
964
979
796
225
-416
-676
-604
-475
-211
279
549
272
-39
140
443
353
84
-10
-41
-117
-79
-37
-340
-873
-1180
-1183
-1076
-820
-476
-493
-965
-1310
-1223
-1139
-1388
-1731
-1923
-2009
-2077
-2202
-2506
-3022
-3652
-4254
-4584
-4281
-3177
-1714
-786
-855
-1346
-1278
-387
729
1390
1431
1161
899
742
672
537
-14
-1109
-2204
-2570
-2225
-1822
-1844
-2183
-2334
-2051
-1555
-989
-342
230
682
1219
1908
2593
2982
2865
2431
1961
1577
1475
1614
1583
1140
393
-254
-486
-499
-506
-427
-200
151
587
1147
1848
2370
2399
2183
2179
2450
2712
2755
2507
1960
1272
641
101
-310
-403
-99
359
637
627
473
396
527
793
1046
1222
1326
1292
1067
771
559
414
208
-50
-162
27
375
497
269
58
136
264
275
441
826
973
677
347
325
397
249
-99
-419
-578
-629
-701
-817
-898
-931
-985
-1003
-822
-536
-531
-959
-1479
-1706
-1715
-1843
-2198
-2657
-3178
-3759
-4189
-4217
-3829
-3162
-2396
-1800
-1563
-1484
-1115
-295
646
1203
1174
806
526
547
677
498
-162
-1033
-1753
-2124
-2117
-1942
-1994
-2320
-2453
-2189
-1778
-1318
-721
-136
235
614
1345
2196
2701
2799
2731
2664
2474
2058
1717
1562
1366
983
472
224
264
24
-401
-469
-165
375
918
1224
1394
1484
1656
2265
2988
3238
3005
2454
1957
1976
2251
2197
1668
902
465
563
600
308
19
-139
-106
74
165
325
619
739
739
800
935
1210
1355
1113
761
617
745
863
571
185
184
284
226
214
332
399
150
-308
-430
-237
-282
-542
-635
-500
-330
-338
-436
-436
-445
-508
-449
-293
-215
-312
-586
-967
-1341
-1616
-1965
-2748
-3802
-4498
-4673
-4623
-4403
-3879
-3164
-2704
-2767
-2858
-2262
-973
313
962
1012
981
1172
1399
1298
756
72
-452
-805
-1039
-1191
-1423
-1887
-2505
-2953
-2993
-2724
-2319
-1833
-1262
-564
149
724
1196
1549
1759
1995
2321
2690
3003
3001
2616
2182
1848
1424
891
456
189
23
-40
124
472
661
552
409
351
479
966
1496
1637
1516
1481
1714
2059
2180
2066
1862
1615
1520
1643
1655
1367
1003
773
630
406
26
-368
-551
-480
-268
-62
119
415
694
608
316
286
587
954
1163
1259
1354
1331
1163
992
806
588
484
483
388
165
-20
-174
-443
-706
-723
-553
-436
-407
-372
-373
-488
-619
-704
-875
-1185
-1530
-1943
-2489
-2965
-3186
-3299
-3432
-3332
-2868
-2484
-2536
-2751
-2576
-1826
-920
-279
22
-39
-254
-263
-111
-54
-202
-477
-683
-788
-793
-787
-1129
-1829
-2390
-2498
-2218
-1819
-1531
-1322
-1111
-883
-591
-270
25
384
858
1330
1593
1630
1652
1730
1696
1519
1337
1274
1346
1354
1181
1041
988
863
680
548
576
810
1035
1130
1230
1312
1264
1167
1198
1509
1981
2320
2463
2461
2388
2423
2466
2224
1742
1282
1045
1006
836
436
73
-230
-490
-583
-564
-493
-390
-270
-23
287
564
837
1021
1164
1417
1631
1668
1600
1526
1510
1408
1082
769
557
190
-260
-555
-704
-809
-959
-1093
-1097
-1046
-918
-638
-386
-340
-404
-382
-230
-168
-369
-806
-1422
-2109
-2639
-2854
-2889
-2904
-2778
-2542
-2513
-2722
-2805
-2427
-1677
-1013
-644
-420
-232
-13
240
269
-48
-474
-738
-738
-663
-781
-1116
-1615
-2054
-2113
-1966
-1912
-1911
-1864
-1673
-1314
-949
-610
-263
55
363
598
727
879
1025
1050
1054
1158
1291
1260
992
701
540
429
457
698
902
905
822
786
878
1116
1411
1572
1487
1353
1499
1922
2219
2067
1676
1469
1569
1788
1913
1855
1592
1312
1300
1419
1273
882
546
415
373
240
76
-5
-67
-91
-33
7
26
106
230
404
565
622
745
1017
1171
1096
982
981
1059
1063
904
601
164
-245
-418
-497
-725
-1057
-1312
-1371
-1254
-1078
-899
-797
-881
-947
-769
-517
-383
-373
-529
-788
-1043
-1321
-1591
-1776
-1820
-1714
-1741
-2123
-2521
-2489
-2071
-1659
-1527
-1617
-1712
-1603
-1170
-644
-443
-605
-776
-666
-328
-114
-210
-419
-557
-571
-504
-574
-849
-1158
-1393
-1505
-1440
-1213
-917
-729
-710
-711
-632
-506
-369
-195
116
536
867
1084
1259
1339
1367
1401
1397
1424
1555
1722
1831
1773
1582
1435
1341
1228
1140
1076
1026
1029
1050
1077
1125
1136
1167
1324
1489
1528
1485
1452
1537
1727
1831
1802
1650
1371
1152
1083
1056
1026
902
678
481
303
187
143
-4
-183
-236
-194
-48
193
387
477
501
564
751
960
1052
1031
972
933
889
726
409
21
-371
-696
-893
-1009
-1057
-1053
-1115
-1272
-1461
-1592
-1530
-1325
-1191
-1142
-1064
-907
-793
-884
-1098
-1294
-1496
-1664
-1711
-1646
-1530
-1507
-1684
-1986
-2253
-2324
-2166
-1966
-1811
-1591
-1328
-1172
-1152
-1142
-1010
-821
-700
-593
-449
-295
-154
-157
-385
-678
-843
-834
-766
-728
-650
-539
-540
-578
-471
-287
-206
-228
-137
221
663
958
1148
1352
1570
1731
1773
1737
1743
1830
1919
1957
1983
1995
1852
1503
1144
992
1026
1092
1120
1172
1280
1352
1293
1158
1117
1233
1405
1558
1665
1693
1595
1336
1013
799
699
613
533
496
508
467
239
-108
-358
-422
-375
-302
-182
39
276
369
298
203
241
411
559
621
627
580
490
344
116
-121
-326
-539
-738
-891
-1006
-1102
-1203
-1251
-1215
-1246
-1409
-1502
-1409
-1248
-1127
-1056
-1031
-1054
-1120
-1166
-1150
-1141
-1202
-1280
-1351
-1465
-1562
-1582
-1584
-1612
-1636
-1651
-1625
-1543
-1429
-1260
-1056
-919
-840
-714
-542
-433
-462
-561
-600
-571
-512
-429
-382
-416
-532
-663
-691
-638
-592
-536
-490
-390
-156
24
44
59
212
510
833
1116
1396
1609
1718
1811
1908
1955
1927
1883
1851
1780
1681
1585
1464
1293
1107
1008
997
978
996
1093
1187
1271
1343
1433
1588
1727
1799
1792
1690
1584
1519
1436
1336
1205
1027
811
535
248
47
-87
-201
-273
-281
-253
-239
-201
-84
59
168
255
301
355
522
734
814
693
449
218
49
-86
-202
-377
-665
-969
-1172
-1293
-1416
-1534
-1607
-1659
-1717
-1733
-1682
-1593
-1491
-1376
-1256
-1177
-1150
-1128
-1083
-1040
-1033
-1080
-1198
-1342
-1403
-1347
-1278
-1290
-1355
-1423
-1443
-1356
-1147
-939
-839
-791
-684
-514
-327
-151
-40
-61
-168
-210
-139
-46
-45
-132
-208
-246
-268
-261
-243
-232
-185
-110
-31
47
128
270
465
620
781
1019
1249
1409
1519
1570
1595
1651
1715
1747
1727
1632
1512
1421
1305
1158
1015
866
768
741
740
777
823
851
902
966
1028
1099
1136
1138
1150
1159
1150
1087
926
746
639
575
504
386
197
24
-86
-146
-142
-113
-110
-86
-9
105
225
284
278
292
329
350
340
281
207
144
51
-78
-223
-395
-581
-780
-979
-1120
-1200
-1311
-1486
-1620
-1640
-1629
-1658
-1707
-1724
-1699
-1658
-1621
-1559
-1432
-1259
-1142
-1168
-1302
-1369
-1306
-1229
-1222
-1218
-1198
-1248
-1357
-1378
-1294
-1212
-1188
-1194
-1122
-931
-723
-572
-514
-549
-544
-427
-256
-102
-19
29
86
105
71
38
14
-24
-51
-12
74
170
275
366
411
452
561
734
919
1135
1398
1610
1766
1923
2016
1989
1888
1786
1759
1764
1725
1660
1555
1382
1186
1012
871
754
704
778
937
1072
1144
1160
1115
1023
957
996
1098
1163
1174
1147
1065
898
675
448
276
184
133
60
-33
-70
-47
-45
-99
-127
-76
25
135
257
378
431
384
298
231
181
127
91
78
33
-105
-333
-571
-726
-820
-952
-1135
-1290
-1367
-1415
-1463
-1479
-1465
-1493
-1592
-1679
-1651
-1531
-1399
-1268
-1153
-1134
-1233
-1328
-1311
-1228
-1173
-1165
-1188
-1219
-1212
-1144
-1073
-1091
-1189
-1248
-1204
-1089
-963
-875
-862
-905
-898
-761
-564
-436
-409
-399
-323
-161
26
146
155
112
120
202
308
369
396
456
565
673
743
810
892
971
1050
1165
1316
1470
1595
1680
1720
1726
1719
1717
1717
1717
1716
1668
1539
1374
1248
1148
1027
946
983
1053
1017
923
909
958
960
924
946
1017
1060
1082
1111
1077
933
766
661
583
477
376
298
202
75
-16
-62
-115
-171
-174
-117
-54
-15
17
40
41
45
75
124
144
103
16
-74
-163
-292
-470
-659
-846
-1052
-1260
-1426
-1538
-1641
-1766
-1887
-1957
-1972
-1972
-1990
-2004
-1952
-1806
-1622
-1498
-1456
-1442
-1402
-1349
-1306
-1266
-1231
-1222
-1237
-1220
-1150
-1095
-1125
-1203
-1243
-1212
-1147
-1084
-1045
-1038
-1041
-993
-880
-744
-629
-539
-445
-312
-125
74
200
225
221
265
364
487
610
697
732
760
837
919
952
959
1007
1110
1223
1330
1445
1523
1576
1628
1637
1633
1648
1683
1759
1806
1784
1747
1655
1504
1380
1303
1296
1318
1246
1107
981
881
855
879
835
752
738
800
883
902
871
861
819
728
651
611
604
599
545
440
320
206
104
15
-44
-62
-74
-106
-131
-104
-53
-44
-74
-101
-104
-88
-68
-57
-82
-153
-269
-413
-551
-657
-770
-924
-1095
-1220
-1305
-1424
-1566
-1656
-1678
-1696
-1766
-1827
-1771
-1645
-1533
-1450
-1424
-1466
-1504
-1481
-1372
-1235
-1178
-1159
-1096
-1036
-996
-968
-996
-1064
-1135
-1153
-1049
-924
-882
-907
-970
-986
-899
-810
-764
-725
-648
-484
-286
-143
-26
72
136
204
301
428
561
654
757
913
1026
1052
1064
1082
1099
1119
1162
1244
1322
1363
1403
1459
1484
1448
1406
1422
1483
1575
1670
1727
1709
1615
1498
1419
1380
1381
1387
1335
1240
1177
1153
1097
977
848
772
757
801
882
938
891
762
652
608
597
587
571
527
452
385
346
282
154
10
-87
-144
-190
-207
-189
-212
-312
-384
-370
-352
-394
-450
-485
-515
-567
-625
-674
-775
-941
-1070
-1165
-1288
-1435
-1589
-1707
-1762
-1785
-1809
-1881
-1999
-2051
-1970
-1812
-1673
-1611
-1608
-1602
-1536
-1394
-1254
-1215
-1254
-1248
-1155
-1032
-936
-905
-975
-1116
-1183
-1101
-969
-903
-914
-969
-974
-881
-767
-703
-693
-716
-680
-525
-305
-109
7
50
104
214
352
482
592
694
807
937
1066
1149
1161
1163
1215
1300
1358
1390
1437
1506
1563
1580
1579
1573
1572
1590
1639
1717
1778
1791
1778
1737
1679
1620
1566
1519
1466
1394
1350
1313
1220
1079
934
818
751
743
782
796
728
630
583
580
577
560
547
536
506
478
460
388
226
51
-57
-99
-131
-189
-258
-357
-490
-576
-578
-569
-590
-618
-643
-662
-652
-647
-695
-774
-900
-1044
-1138
-1221
-1298
-1360
-1473
-1607
-1689
-1748
-1790
-1824
-1839
-1771
-1669
-1596
-1548
-1538
-1509
-1411
-1309
-1227
-1130
-1030
-940
-859
-805
-781
-807
-873
-892
-815
-698
-597
-554
-591
-646
-658
-619
-548
-512
-509
-451
-333
-208
-113
-72
-53
-8
82
250
436
566
650
728
828
943
1015
1041
1059
1097
1199
1316
1349
1313
1267
1226
1169
1131
1149
1200
1239
1231
1237
1282
1311
1321
1303
1284
1324
1399
1454
1469
1442
1387
1329
1243
1146
1079
1007
924
852
804
780
736
665
625
623
611
594
601
657
727
740
697
637
578
505
433
359
254
133
13
-87
-183
-293
-396
-492
-564
-637
-720
-777
-809
-838
-867
-883
-915
-1008
-1116
-1195
-1302
-1444
-1542
-1584
-1619
-1688
-1787
-1863
-1925
-1979
-1972
-1900
-1837
-1805
-1777
-1722
-1632
-1549
-1472
-1387
-1336
-1304
-1227
-1119
-1053
-1026
-1024
-1009
-950
-896
-835
-789
-776
-742
-686
-606
-546
-510
-463
-377
-256
-148
-62
3
74
194
337
455
552
648
737
842
963
1076
1173
1242
1287
1354
1443
1484
1476
1460
1434
1391
1353
1308
1254
1211
1185
1182
1192
1168
1110
1088
1109
1160
1225
1258
1261
1254
1235
1228
1227
1170
1080
1009
957
916
860
776
686
593
499
447
429
415
424
455
489
506
473
422
405
406
411
424
394
321
241
157
75
-29
-165
-273
-346
-411
-448
-501
-609
-731
-830
-874
-890
-936
-989
-1049
-1145
-1229
-1283
-1338
-1386
-1445
-1526
-1586
-1603
-1578
-1529
-1532
-1614
-1676
-1669
-1632
-1572
-1475
-1381
-1319
-1289
-1271
-1230
-1164
-1139
-1148
-1130
-1064
-932
-800
-748
-746
-774
-814
-774
-661
-568
-507
-443
-343
-239
-174
-112
-57
-43
11
163
358
512
603
670
738
814
910
1029
1135
1214
1296
1409
1504
1543
1532
1495
1457
1448
1481
1519
1496
1435
1403
1395
1389
1383
1362
1344
1338
1354
1394
1415
1387
1357
1335
1311
1287
1259
1222
1176
1119
1047
973
906
827
727
640
588
561
540
495
418
350
320
296
251
204
174
145
87
0
-73
-135
-212
-289
-374
-480
-580
-670
-750
-808
-880
-996
-1103
-1184
-1248
-1303
-1372
-1469
-1567
-1626
-1640
-1637
-1645
-1675
-1711
-1720
-1691
-1651
-1614
-1594
-1612
-1632
-1597
-1526
-1454
-1385
-1345
-1319
-1268
-1197
-1116
-1042
-1003
-975
-923
-847
-753
-679
-640
-599
-555
-516
-458
-375
-300
-253
-204
-126
-43
25
87
152
220
293
400
521
592
642
718
791
858
942
1035
1106
1143
1185
1250
1296
1298
1291
1284
1245
1184
1155
1167
1164
1126
1087
1056
1017
992
997
1005
1000
987
980
978
983
984
963
944
944
943
946
932
882
823
755
693
663
634
583
531
480
447
443
428
396
367
338
326
331
326
309
282
235
191
159
109
43
-35
-113
-167
-218
-309
-416
-531
-644
-732
-820
-911
-985
-1079
-1190
-1285
-1358
-1393
-1411
-1446
-1475
-1479
-1455
-1407
-1375
-1374
-1398
-1445
-1474
-1455
-1395
-1331
-1309
-1331
-1347
-1316
-1252
-1205
-1194
-1204
-1198
-1129
-1007
-906
-865
-871
-872
-844
-769
-664
-580
-541
-499
-414
-303
-216
-156
-89
-27
54
184
326
462
554
624
738
832
894
1010
1107
1167
1265
1371
1464
1531
1537
1534
1552
1564
1578
1595
1594
1570
1558
1561
1536
1494
1461
1418
1373
1354
1367
1366
1327
1270
1237
1224
1212
1189
1155
1138
1103
1079
1049
975
889
780
722
661
578
522
461
409
329
252
190
100
16
-32
-46
-69
-116
-170
-226
-292
-353
-404
-482
-585
-666
-708
-750
-834
-932
-1032
-1150
-1273
-1355
-1415
-1493
-1581
-1629
-1642
-1664
-1701
-1725
-1729
-1707
-1643
-1564
-1503
-1467
-1421
-1349
-1296
-1255
-1209
-1175
-1136
-1073
-1007
-951
-929
-943
-941
-899
-839
-780
-739
-703
-651
-590
-527
-459
-402
-346
-279
-202
-104
-7
49
88
127
166
229
310
376
421
473
550
638
709
768
826
884
935
984
1045
1106
1158
1196
1202
1191
1172
1139
1115
1107
1092
1072
1033
974
939
926
899
877
854
821
818
834
849
854
824
784
779
789
809
831
818
788
763
745
740
713
647
584
537
496
474
458
406
345
305
286
280
265
239
211
180
144
106
57
-11
-77
-132
-179
-221
-289
-386
-475
-555
-629
-688
-766
-857
-966
-1097
-1190
-1256
-1329
-1388
-1449
-1505
-1527
-1535
-1500
-1441
-1441
-1439
-1395
-1353
-1269
-1171
-1145
-1121
-1082
-1051
-979
-914
-910
-911
-942
-963
-897
-852
-847
-826
-856
-877
-819
-759
-690
-617
-587
-527
-427
-332
-205
-93
-34
50
154
238
349
464
554
627
682
764
870
930
984
1075
1133
1168
1233
1306
1350
1351
1324
1318
1318
1291
1296
1331
1319
1282
1243
1193
1175
1185
1183
1174
1137
1085
1076
1075
1068
1062
1018
967
965
984
1007
1016
963
884
838
812
785
741
669
595
554
533
502
443
357
269
217
198
180
138
84
32
-16
-59
-104
-169
-259
-339
-388
-427
-487
-572
-676
-783
-874
-952
-1056
-1187
-1303
-1369
-1409
-1460
-1527
-1607
-1683
-1717
-1701
-1640
-1572
-1543
-1521
-1462
-1392
-1325
-1260
-1214
-1175
-1123
-1043
-953
-885
-871
-897
-908
-887
-868
-842
-817
-825
-831
-809
-780
-745
-704
-677
-609
-513
-429
-325
-210
-137
-63
29
110
193
259
322
432
542
639
758
849
890
936
983
1037
1120
1186
1236
1265
1252
1243
1254
1243
1221
1200
1175
1163
1159
1149
1126
1080
1037
1017
1009
1017
1028
997
944
909
896
897
894
860
824
814
811
808
788
727
672
624
573
557
552
506
462
411
356
316
256
187
150
115
85
71
31
-45
-118
-189
-263
-339
-414
-467
-512
-587
-668
-751
-863
-984
-1083
-1159
-1215
-1282
-1350
-1382
-1417
-1461
-1456
-1429
-1414
-1386
-1343
-1282
-1215
-1153
-1076
-988
-931
-890
-830
-769
-725
-681
-632
-599
-585
-572
-551
-541
-555
-557
-536
-526
-515
-482
-436
-397
-374
-328
-259
-198
-131
-51
32
123
202
254
313
375
426
497
582
649
703
751
788
817
835
840
860
883
888
893
889
838
780
760
751
730
696
662
633
604
591
595
585
567
567
585
603
600
597
601
579
571
593
608
613
615
623
632
627
619
610
590
570
570
579
580
576
579
584
584
581
570
560
558
559
557
544
532
519
473
413
358
267
180
102
19
-57
-159
-265
-369
-502
-641
-734
-819
-930
-1007
-1072
-1134
-1171
-1219
-1258
-1281
-1322
-1333
-1282
-1246
-1221
-1178
-1156
-1147
-1135
-1120
-1088
-1068
-1076
-1052
-1005
-982
-967
-974
-997
-1002
-994
-976
-950
-937
-910
-851
-794
-739
-682
-635
-577
-496
-404
-298
-193
-100
5
110
200
279
342
419
517
626
725
801
844
880
926
985
1030
1050
1059
1056
1087
1122
1108
1090
1055
1025
1016
1008
983
936
902
879
877
868
830
790
746
703
685
693
686
662
643
632
620
608
587
548
519
499
482
485
487
449
407
379
344
316
279
238
215
188
149
124
112
61
15
-11
-40
-81
-157
-227
-278
-347
-416
-471
-559
-687
-800
-881
-931
-992
-1061
-1091
-1122
-1151
-1138
-1127
-1142
-1137
-1103
-1044
-975
-932
-885
-843
-821
-772
-707
-679
-664
-634
-607
-578
-547
-526
-517
-525
-537
-535
-520
-508
-486
-455
-408
-368
-339
-308
-265
-212
-145
-74
-5
68
125
184
264
319
364
407
452
502
550
602
658
704
721
749
790
788
782
803
816
830
852
852
845
838
804
784
770
723
692
688
673
651
606
551
518
484
461
460
440
418
412
414
426
411
379
369
359
368
389
392
391
387
378
390
401
386
351
320
309
308
304
297
267
213
159
111
50
-18
-72
-130
-202
-271
-348
-440
-546
-653
-720
-786
-875
-922
-957
-1014
-1044
-1063
-1084
-1072
-1069
-1062
-1019
-992
-980
-929
-868
-825
-785
-743
-707
-672
-625
-563
-510
-487
-479
-469
-444
-407
-377
-357
-335
-308
-274
-231
-182
-152
-136
-104
-46
7
55
105
147
191
241
288
350
394
415
458
520
566
608
650
669
676
684
703
705
688
672
662
655
645
646
640
588
532
512
491
461
439
414
385
345
307
288
248
194
168
149
125
112
99
94
92
76
65
66
61
58
67
78
90
104
111
114
126
141
152
162
174
186
193
193
185
168
151
131
101
68
27
-16
-60
-125
-194
-253
-334
-402
-442
-496
-551
-599
-654
-689
-707
-730
-738
-747
-760
-743
-710
-686
-661
-642
-638
-618
-579
-543
-503
-476
-466
-435
-399
-375
-343
-326
-323
-297
-265
-238
-208
-187
-172
-150
-128
-93
-48
-21
9
52
84
117
155
188
213
247
287
332
375
416
450
473
491
511
536
556
566
575
574
563
564
576
572
558
540
526
519
507
496
491
467
431
405
381
353
325
294
270
255
224
193
178
148
114
102
98
85
68
49
51
55
48
61
91
99
100
116
131
137
143
156
177
179
176
181
189
183
162
128
100
72
22
-18
-59
-117
-176
-238
-306
-365
-415
-483
-541
-597
-662
-697
-714
-719
-727
-735
-739
-748
-737
-723
-693
-676
-676
-631
-580
-543
-504
-503
-513
-488
-454
-416
-376
-365
-354
-334
-308
-262
-229
-219
-199
-167
-128
-75
-32
5
50
93
143
198
238
268
297
329
378
423
452
479
500
524
552
568
573
587
600
602
599
600
584
552
533
531
521
490
459
450
439
407
382
341
294
266
255
241
219
186
150
119
100
93
81
53
21
-4
-10
1
2
-11
-21
-26
-23
-12
-17
-22
-9
5
26
50
60
64
70
64
72
87
72
58
57
45
22
-4
-58
-110
-146
-186
-225
-268
-313
-355
-388
-431
-480
-511
-541
-542
-535
-529
-536
-562
-555
-544
-517
-489
-481
-471
-450
-421
-383
-367
-382
-375
-370
-345
-303
-295
-292
-303
-292
-246
-224
-212
-199
-183
-139
-97
-68
-27
-2
21
65
123
167
184
223
264
299
354
385
399
415
424
453
480
491
493
501
515
516
502
487
476
462
442
430
419
401
368
342
329
296
266
257
239
216
205
184
156
130
104
94
91
72
56
53
36
18
9
-14
-35
-46
-60
-58
-50
-46
-33
-35
-43
-25
-12
-22
-21
-12
3
11
2
7
16
-6
-26
-25
-33
-58
-91
-121
-140
-173
-205
-217
-251
-297
-312
-318
-335
-342
-343
-347
-332
-337
-343
-328
-317
-287
-261
-252
-238
-234
-230
-207
-189
-190
-194
-197
-187
-161
-156
-162
-162
-165
-157
-139
-109
-100
-90
-68
-48
-11
11
28
48
75
108
148
195
199
217
250
273
300
309
321
334
349
355
357
362
343
322
313
302
289
270
243
230
222
201
185
167
140
118
100
85
76
58
32
19
22
15
-6
-18
-19
-21
-24
-34
-48
-63
-66
-66
-68
-75
-83
-86
-84
-76
-81
-88
-89
-77
-57
-40
-24
-20
-9
3
2
13
13
11
19
21
24
29
12
-21
-51
-88
-102
-106
-125
-139
-155
-173
-177
-189
-206
-212
-223
-214
-195
-190
-180
-184
-193
-185
-184
-185
-176
-174
-163
-140
-131
-121
-107
-112
-115
-104
-92
-89
-88
-80
-63
-42
-34
-22
-9
-8
20
47
68
99
108
129
166
185
212
230
235
257
270
278
291
291
298
300
289
277
268
244
216
208
191
155
127
104
80
56
36
18
0
-27
-44
-38
-50
-74
-85
-96
-103
-97
-98
-102
-105
-117
-116
-96
-88
-101
-112
-108
-96
-75
-53
-49
-45
-29
-13
18
54
65
76
95
122
158
183
193
202
216
232
240
236
228
231
228
219
212
188
152
131
113
83
51
10
-29
-55
-86
-107
-126
-168
-200
-209
-218
-224
-236
-258
-264
-265
-263
-249
-246
-257
-275
-287
-283
-287
-305
-309
-308
-322
-334
-338
-336
-331
-338
-336
-316
-313
-306
-278
-257
-244
-219
-186
-151
-113
-66
-15
34
79
118
158
199
233
265
296
323
349
371
393
421
440
443
450
467
481
489
491
492
487
484
486
490
482
470
464
454
443
428
410
398
387
363
338
314
281
245
210
184
163
124
83
50
18
-13
-48
-83
-107
-136
-174
-207
-236
-265
-300
-334
-361
-391
-421
-444
-476
-510
-538
-569
-601
-623
-651
-673
-678
-686
-701
-700
-690
-682
-649
-614
-592
-548
-518
-471
-407
-365
-323
-289
-245
-185
-120
-71
-31
12
44
86
127
158
179
196
223
254
278
298
314
315
323
350
371
382
386
399
418
427
447
454
456
474
493
516
524
529
533
518
509
520
519
498
481
462
445
424
378
348
323
276
240
221
192
158
131
96
63
32
6
-7
-29
-38
-45
-58
-66
-90
-104
-122
-140
-144
-158
-171
-186
-194
-199
-214
-222
-227
-236
-247
-247
-237
-245
-250
-250
-263
-269
-270
-273
-275
-283
-291
-298
-314
-329
-335
-358
-382
-389
-404
-421
-424
-430
-436
-436
-436
-428
-412
-401
-383
-357
-329
-317
-293
-256
-237
-203
-166
-135
-98
-67
-47
-32
-8
11
17
31
44
70
87
98
130
144
151
158
188
227
243
273
303
330
356
386
432
463
482
510
536
568
599
609
624
627
624
644
651
630
612
597
587
576
547
518
493
460
435
408
370
335
297
259
233
199
157
131
112
86
59
30
-4
-42
-83
-121
-154
-180
-209
-256
-290
-311
-345
-374
-384
-412
-440
-448
-468
-488
-504
-532
-545
-552
-577
-597
-605
-622
-638
-646
-657
-669
-680
-698
-698
-678
-672
-683
-674
-660
-641
-609
-580
-551
-519
-487
-452
-392
-338
-295
-243
-199
-142
-99
-51
10
48
84
115
166
212
240
269
296
330
350
377
410
435
459
483
510
531
553
574
597
619
637
655
667
680
688
692
697
703
706
705
717
701
675
671
640
615
599
568
538
499
472
443
416
379
333
294
259
221
184
147
105
66
33
-3
-34
-70
-113
-146
-181
-219
-250
-280
-313
-337
-362
-391
-422
-449
-464
-479
-502
-520
-530
-540
-547
-550
-547
-558
-570
-567
-560
-547
-556
-564
-571
-571
-566
-577
-571
-568
-563
-552
-561
-543
-530
-531
-511
-480
-450
-434
-393
-350
-313
-281
-259
-214
-181
-147
-111
-77
-29
3
35
66
94
114
136
160
177
207
239
257
277
305
315
331
366
394
418
445
468
495
527
549
561
585
602
613
636
657
658
653
647
650
654
642
639
634
609
596
587
560
541
520
498
484
452
420
409
378
334
307
283
249
212
176
145
115
82
41
0
-43
-85
-133
-176
-207
-243
-290
-327
-353
-379
-412
-434
-455
-478
-504
-519
-541
-575
-595
-600
-612
-633
-664
-676
-675
-674
-673
-689
-693
-696
-707
-704
-699
-686
-683
-685
-665
-637
-612
-591
-570
-544
-527
-500
-462
-422
-384
-346
-302
-258
-216
-169
-123
-87
-54
-17
17
52
92
124
152
192
236
271
302
333
368
406
437
467
504
533
551
575
605
627
646
667
681
685
694
709
719
714
701
698
700
683
668
659
644
618
592
575
553
519
492
471
440
402
375
350
327
299
262
224
194
162
124
88
52
14
-22
-60
-97
-125
-158
-201
-237
-262
-295
-325
-355
-392
-423
-441
-465
-492
-514
-534
-546
-558
-578
-582
-588
-611
-624
-622
-622
-628
-634
-640
-647
-639
-630
-629
-623
-612
-602
-581
-554
-532
-509
-485
-460
-423
-393
-375
-342
-297
-266
-242
-204
-163
-133
-102
-60
-21
7
34
65
91
119
147
174
199
223
255
290
317
347
369
387
410
437
464
485
505
525
547
567
588
600
605
614
622
626
634
623
612
613
604
594
582
557
541
531
506
487
471
443
415
394
367
338
314
285
260
232
200
172
144
106
74
47
16
-15
-46
-79
-106
-133
-167
-200
-232
-262
-295
-322
-342
-360
-387
-411
-427
-440
-455
-473
-491
-502
-513
-534
-547
-549
-561
-573
-574
-577
-577
-579
-589
-590
-579
-583
-583
-566
-551
-539
-521
-500
-481
-461
-430
-400
-379
-353
-321
-298
-270
-233
-206
-180
-144
-127
-123
-104
-86
-67
-32
-1
29
70
103
137
177
210
241
273
302
338
374
405
435
456
476
502
523
540
557
577
593
601
606
611
610
609
609
609
603
591
579
568
557
541
519
502
485
464
439
415
390
360
333
312
283
244
214
185
154
126
92
51
15
-12
-44
-79
-106
-135
-171
-203
-229
-258
-290
-318
-336
-353
-376
-398
-416
-433
-454
-470
-479
-492
-508
-516
-519
-524
-531
-538
-544
-546
-546
-550
-548
-539
-532
-525
-507
-484
-468
-456
-436
-408
-386
-371
-351
-323
-295
-273
-247
-214
-186
-164
-140
-111
-86
-62
-33
-5
19
43
69
96
121
151
179
202
226
257
282
303
326
347
362
376
395
415
428
443
462
473
476
481
489
494
500
506
507
503
497
493
488
482
472
462
451
439
425
408
392
373
351
333
317
298
272
242
215
187
160
137
113
82
52
25
-4
-33
-59
-84
-112
-134
-158
-187
-216
-243
-271
-296
-310
-322
-343
-364
-379
-396
-414
-425
-430
-442
-457
-465
-469
-480
-486
-484
-485
-485
-481
-471
-466
-460
-449
-443
-440
-432
-416
-398
-379
-359
-341
-322
-308
-290
-267
-242
-219
-192
-159
-132
-109
-81
-49
-20
4
29
53
73
94
118
147
175
197
217
241
261
274
288
305
318
328
348
375
393
401
415
428
435
444
455
465
469
471
473
473
476
469
459
450
443
440
428
416
401
388
378
361
346
327
304
281
251
227
199
172
145
116
92
67
48
25
-2
-27
-63
-87
-115
-137
-159
-193
-211
-240
-259
-280
-304
-320
-347
-366
-388
-403
-413
-426
-437
-452
-456
-463
-470
-481
-489
-487
-486
-481
-476
-468
-457
-451
-444
-430
-412
-393
-380
-361
-340
-321
-303
-282
-253
-227
-205
-180
-156
-127
-100
-74
-44
-22
4
32
60
91
110
135
159
186
215
236
262
280
301
326
346
368
379
392
407
416
428
438
447
454
452
449
453
452
452
447
439
436
428
420
410
392
378
364
350
335
317
299
282
263
243
223
200
179
154
124
100
74
50
29
3
-22
-41
-65
-88
-113
-141
-161
-183
-210
-231
-248
-265
-282
-305
-320
-330
-342
-359
-377
-387
-393
-397
-400
-404
-408
-410
-414
-411
-408
-410
-406
-398
-391
-376
-362
-352
-345
-340
-326
-307
-289
-272
-253
-231
-210
-193
-175
-150
-126
-105
-84
-61
-34
-15
3
24
47
67
85
100
122
146
164
185
209
232
256
272
282
298
311
320
335
345
353
362
371
377
386
392
386
378
375
367
363
361
354
351
350
338
326
315
302
294
291
278
264
249
227
215
195
171
158
131
113
91
67
63
38
18
6
-23
-40
-58
-78
-100
-120
-131
-149
-168
-181
-196
-215
-230
-241
-263
-280
-283
-291
-301
-318
-323
-318
-329
-336
-332
-337
-336
-334
-335
-334
-336
-325
-324
-322
-311
-307
-292
-280
-276
-263
-248
-233
-216
-203
-189
-164
-144
-132
-123
-102
-81
-65
-46
-32
-13
14
39
64
80
102
121
136
156
177
192
208
222
235
246
259
275
280
295
311
312
322
327
331
344
344
348
355
346
340
338
329
316
310
300
290
286
272
260
243
225
220
202
192
180
155
140
118
105
81
58
46
21
1
-21
-40
-52
-72
-89
-104
-115
-129
-146
-162
-172
-186
-200
-214
-221
-229
-239
-247
-250
-253
-262
-266
-268
-272
-275
-281
-277
-277
-279
-280
-280
-273
-271
-264
-258
-255
-244
-237
-231
-223
-221
-204
-192
-177
-159
-149
-130
-119
-105
-86
-75
-53
-42
-24
-3
11
32
38
52
68
82
99
107
123
134
144
153
163
182
190
198
203
211
219
216
221
222
227
235
234
245
240
241
245
244
248
237
230
223
219
218
212
207
199
188
175
164
149
131
114
99
91
81
64
47
39
36
40
29
18
12
-3
-13
-41
-53
-62
-76
-80
-98
-107
-114
-123
-136
-149
-150
-154
-163
-168
-163
-162
-170
-174
-170
-166
-170
-173
-168
-161
-160
-161
-152
-139
-132
-130
-122
-111
-108
-108
-100
-94
-89
-80
-74
-75
-72
-64
-60
-58
-48
-34
-23
-14
-8
2
7
10
14
18
22
24
30
37
36
37
42
44
47
49
52
58
65
66
66
71
73
70
67
72
72
71
70
72
74
73
68
68
72
72
69
72
80
83
84
82
81
80
76
69
62
61
62
59
56
55
54
51
47
44
42
38
34
33
27
20
16
16
10
4
3
4
-1
-7
-10
-12
-18
-24
-28
-30
-33
-36
-36
-35
-37
-39
-40
-42
-44
-48
-50
-50
-51
-53
-55
-57
-57
-60
-64
-64
-63
-60
-60
-59
-57
-54
-55
-56
-54
-53
-51
-49
-48
-45
-44
-43
-43
-41
-40
-38
-36
-33
-30
-26
-23
-21
-21
-17
-14
-12
-10
-8
-3
0
3
4
8
13
13
14
16
19
23
22
24
31
31
34
41
40
40
45
43
42
43
41
46
51
50
50
54
57
60
62
64
63
60
57
53
49
47
44
44
44
43
43
41
38
36
34
32
30
23
19
18
16
14
8
5
6
3
-1
4
4
0
-4
-6
-7
-8
-12
-16
-19
-21
-25
-27
-30
-32
-36
-39
-38
-38
-43
-49
-45
-38
-40
-44
-48
-47
-47
-50
-51
-47
-47
-48
-47
-42
-40
-40
-38
-38
-34
-35
-39
-36
-29
-28
-31
-28
-19
-20
-25
-23
-15
-13
-16
-16
-7
-3
-6
-5
1
6
4
5
10
11
10
13
18
19
18
23
28
26
26
28
29
26
30
34
35
33
31
33
37
41
42
42
43
42
39
36
35
35
33
32
31
29
28
26
24
24
21
20
18
19
17
13
11
12
12
10
6
4
3
3
1
-2
-5
-6
-7
-8
-10
-11
-11
-14
-19
-17
-20
-19
-16
-20
-22
-18
-23
-21
-26
-32
-26
-25
-29
-28
-30
-27
-25
-31
-29
-29
-30
-26
-23
-24
-22
-21
-19
-20
-16
-16
-17
-11
-14
-16
-10
-12
-14
-7
-6
-7
-3
-4
-3
1
1
5
2
3
5
7
8
8
7
8
10
13
16
14
10
11
13
13
16
18
15
14
15
11
15
14
15
18
14
15
16
17
16
14
15
14
13
14
16
13
8
9
12
16
14
9
9
11
11
9
7
8
7
8
6
7
7
4
1
-1
0
1
0
-1
-2
-4
-1
3
2
-2
-2
0
0
-3
-4
-4
-1
-4
-7
-6
-7
-8
-7
-7
-6
-8
-10
-11
-11
-11
-11
-12
-12
-13
-14
-14
-14
-13
-12
-13
-13
-12
-14
-15
-14
-12
-12
-13
-14
-12
-9
-9
-9
-8
-9
-7
-5
-4
-5
-3
-1
1
0
0
1
3
4
2
4
6
6
3
5
7
9
8
5
6
7
9
10
11
11
10
11
12
13
14
15
14
13
12
12
10
11
11
11
11
11
11
9
8
8
6
4
4
5
4
3
2
4
5
3
2
4
7
6
3
4
8
5
1
1
3
1
-2
-3
-4
0
-1
-4
-4
2
-2
-7
-2
4
-1
-8
-6
-4
-5
-5
-6
-4
-3
-6
-7
-6
-7
-11
-12
-6
-10
-13
-7
-7
-9
-9
-9
-9
-6
-7
-10
-7
-9
-4
-7
-4
-3
-7
-3
-8
-5
-4
-6
-2
-4
-2
-2
-4
-1
-1
1
2
2
-1
-1
-1
-1
2
0
1
2
3
3
0
1
4
7
6
6
5
4
3
2
7
4
5
6
4
12
6
5
7
7
13
7
5
5
8
9
7
8
10
9
10
10
5
6
9
9
6
6
6
4
3
4
5
8
5
2
4
7
4
1
1
2
1
1
-2
-1
1
1
1
2
1
1
-1
-1
-1
-2
-3
-5
-4
-5
-5
-5
-6
-8
-5
-3
-8
-9
-9
-6
-4
-7
-9
-5
-4
-6
-9
-10
-8
-8
-8
-9
-8
-8
-7
-7
-5
-5
-5
-3
-4
-2
0
3
1
0
-1
0
-1
1
1
0
-2
-1
0
1
2
1
0
2
1
4
6
7
3
1
2
7
6
3
3
7
8
6
4
5
7
7
7
8
9
9
10
9
7
5
5
6
4
2
4
7
6
5
1
5
5
4
4
3
4
6
4
1
3
4
-1
-1
1
1
-4
-2
2
0
0
2
1
-1
0
-1
-1
0
-2
-3
-2
-3
-2
-4
-5
-3
-5
-6
-1
-2
-5
-4
-3
-5
-6
-4
-3
-5
-4
-3
-3
-2
-3
-3
-3
-5
-6
-6
-4
-3
-5
-8
-8
-5
-4
-4
-3
-2
-3
-6
-7
-3
-2
-3
-5
-5
-3
-5
-5
-7
-4
-3
-3
0
0
1
1
-1
0
1
0
-2
0
1
0
-1
5
5
3
3
5
7
7
5
4
8
12
9
5
5
5
6
6
8
8
7
7
6
6
5
5
5
4
4
5
5
3
3
6
7
6
4
3
3
2
-3
0
4
3
2
-1
-2
2
1
-3
1
-2
-4
1
-3
-7
-3
-3
0
1
-3
-3
1
-2
-5
-5
-1
-3
-8
-7
-3
-4
-7
-7
-6
-6
-7
-9
-8
-6
-6
-5
-4
-2
-3
-3
-4
-3
-4
-3
-1
-2
-4
-4
-1
-1
-4
-5
-4
0
-3
-5
-5
-3
-3
-4
-3
-4
-5
-4
-3
-2
-2
-2
-2
-1
0
-1
0
-1
1
1
3
3
1
3
7
7
4
4
7
10
11
8
7
6
6
5
5
6
6
5
5
4
5
3
5
6
5
5
4
5
5
3
2
2
4
5
2
3
6
5
2
3
5
4
2
2
2
-2
0
3
0
-3
0
0
-2
-2
1
-2
-5
-4
-3
-4
-4
-4
-7
-7
-6
-5
-5
-4
-3
-6
-4
-4
-4
-2
-4
-5
1
-3
-5
-2
-4
-1
2
-4
-3
-2
-3
-3
-2
-3
-5
-6
-2
-3
-5
-6
-4
-4
-3
-4
-4
-2
-3
-2
-2
-1
-1
0
0
1
2
2
1
3
4
4
4
4
5
4
4
5
4
4
3
6
5
3
2
1
3
6
2
0
7
5
1
3
-1
-1
4
0
0
4
1
1
2
0
1
3
1
2
1
2
2
2
2
0
1
4
7
7
4
2
3
3
2
2
4
3
4
3
2
3
1
-2
0
1
0
1
0
1
2
0
0
0
0
0
0
2
2
2
2
2
1
0
1
0
0
0
0
1
0
1
0
0
-1
-2
-3
-4
-3
-3
-3
-3
-1
-3
-3
-4
-6
-6
-5
0
-2
-3
-3
-3
-5
-3
-2
-2
-3
-4
-3
-4
-1
-1
-1
0
2
0
-1
-1
0
0
0
0
2
1
1
0
0
0
0
0
0
1
2
1
0
-1
-3
-1
1
1
3
3
4
4
6
7
7
6
8
8
5
5
5
3
7
8
6
9
5
3
8
4
3
7
5
0
2
5
7
4
5
7
4
2
4
3
2
0
2
2
2
1
1
1
1
2
3
1
0
0
0
1
2
1
-3
0
2
-1
-3
-1
-3
-6
-5
-1
-3
-5
-3
-2
-4
-4
-3
-6
-6
-6
-5
-7
-3
-4
-4
-3
-2
-6
-7
-2
-2
-6
-5
-3
-3
-4
-1
-1
-2
0
-1
0
0
-3
-2
0
-1
0
2
1
2
1
0
0
0
1
2
-1
-1
3
3
0
-1
5
4
2
1
3
5
4
1
3
6
5
1
1
4
5
2
2
4
8
4
4
3
4
5
3
3
5
4
4
4
5
5
4
5
5
4
3
3
4
4
6
6
5
4
5
4
3
3
3
3
3
2
2
2
0
1
1
2
1
1
0
1
1
0
0
0
0
-1
-1
-3
-4
-4
-4
-4
-4
-3
-1
-1
-1
-1
-3
-5
-6
-4
-4
-6
-3
0
0
-2
-3
-4
-5
-5
-5
-4
-1
2
0
-4
-3
-4
-6
-4
0
-2
-5
-4
-3
-5
-3
-2
-4
-2
-3
-4
1
1
-1
2
1
1
3
-4
-3
2
-1
-3
-2
0
2
0
-1
-3
2
5
4
5
6
5
4
2
3
7
2
4
10
6
5
7
4
5
6
5
4
3
3
6
7
11
8
7
8
5
4
4
2
3
3
5
6
5
3
4
3
4
5
5
4
2
2
2
2
3
1
0
0
-2
-4
-3
-4
-1
2
4
4
0
-1
0
-2
-5
-5
-5
-2
-1
-7
-8
-2
0
-7
-6
-3
-6
-9
-8
-6
-7
-5
-5
-9
-8
-9
-10
-11
-8
-8
-4
-4
-5
-6
-4
-3
-4
-4
-6
-6
-7
-6
-6
-5
-5
-4
-3
-2
-1
-1
0
2
2
3
3
4
5
3
3
4
5
6
5
6
7
7
5
5
7
8
7
7
8
9
8
9
9
12
12
12
11
10
8
8
8
9
7
7
6
6
4
3
4
4
4
3
3
3
2
3
4
3
2
2
4
2
3
4
2
-1
-2
0
-2
-2
-1
-2
-3
0
1
-4
-9
-6
-2
-3
-3
-3
-4
-4
-4
-6
-9
-6
-5
-5
-4
-2
-5
-7
-5
-2
-9
-10
-4
-2
-8
-7
-5
-4
-5
-5
-4
-5
-6
-2
-2
-4
-4
-5
-7
-9
-6
-4
-4
-3
0
-2
-3
-4
-3
-3
-4
0
5
3
0
2
3
-2
0
7
5
0
6
11
-1
-2
11
10
0
6
18
7
-1
15
17
-3
2
19
8
-8
10
19
-1
-7
15
12
-5
4
20
5
-7
10
15
-9
-10
15
10
-10
0
16
3
-9
4
14
2
-1
15
10
-9
-9
2
-3
-13
-4
13
11
0
-1
-3
-10
-4
15
20
9
5
10
1
-13
-14
-5
-2
0
7
5
-6
-11
-10
-7
-6
-2
-1
1
5
-1
-13
-11
-5
-5
-9
-2
4
-5
-10
-3
-3
-17
-15
-4
-3
-11
-7
1
-4
-13
-14
-6
-4
-11
-10
0
2
-5
-3
4
-3
-10
-3
5
0
-4
3
9
2
-6
-1
8
8
5
7
8
2
1
6
4
0
5
15
14
5
1
4
7
6
9
14
13
5
6
10
6
-1
1
9
9
1
2
6
3
-4
0
8
4
0
6
10
3
-3
0
4
0
0
5
5
3
1
0
0
-2
-2
1
4
2
-4
-5
-4
-5
-6
-3
-2
-6
-8
-4
-3
-6
-5
-1
-1
-9
-10
-3
0
-5
-8
-1
-1
-6
-5
0
-4
-8
-6
2
0
-6
-6
0
3
-4
-6
