3
4
2
2
3
3
2
2
2
4
2
1
1
0
1
0
0
1
1
1
2
1
0
0
0
1
2
1
2
1
-2
-2
-2
-2
1
-1
-2
-2
-2
-1
-2
-1
-1
-3
-5
-4
-2
1
0
0
1
1
3
0
-1
-3
-6
-5
-6
-2
-1
0
0
0
1
1
-1
1
1
2
3
1
2
3
3
4
4
6
4
1
0
0
1
-2
-3
-1
-2
-3
-3
-4
-2
1
0
-4
-5
-4
-1
-1
-2
-1
0
-2
-1
0
1
3
2
3
5
6
5
4
5
3
1
-3
-3
0
2
0
0
0
-1
-1
-1
-2
-1
-3
-2
-1
1
1
2
3
3
3
2
2
3
2
0
0
-1
2
1
1
-1
-3
-3
-4
-4
-2
0
1
2
1
-1
-1
-1
1
-2
-3
-5
-3
-1
-1
-2
-5
-6
-6
-6
-8
-6
-4
-1
0
0
0
-1
-1
1
2
3
3
4
6
7
9
9
5
4
3
1
0
-1
-1
1
-1
-3
-1
0
-2
-3
-3
-3
-4
-3
-2
-1
0
2
3
4
3
4
6
6
6
6
7
9
7
7
6
4
3
0
1
-3
-2
-1
-1
-1
0
-2
-3
-4
-6
-6
-6
-4
-4
-5
-4
-1
0
-1
-1
1
0
0
-1
-1
1
0
-1
-1
1
0
-1
-2
-4
-4
-5
-6
-7
-7
-4
-3
-1
1
1
1
2
1
0
1
2
0
1
-1
-1
0
0
0
-1
0
-1
-1
1
3
4
6
5
5
6
5
5
5
4
4
3
3
4
4
1
2
1
-2
-3
-3
-3
-1
-1
1
1
3
2
5
2
10
26
-2
-5
-4
-15
-11
-12
-8
-3
-6
7
6
0
9
-2
36
21
-55
-25
9
-26
6
15
-34
-15
-5
4
7
-1
10
-7
15
72
-18
-47
-16
-35
6
-14
43
60
-3
45
20
-43
-21
-24
-45
-19
1
18
10
0
-13
-52
-49
16
4
17
54
22
13
-25
-22
-10
-14
46
80
58
83
42
-56
-10
-11
-11
26
34
93
11
-63
0
-70
-97
-38
-20
138
7
-75
-1
-89
-88
17
47
-168
-57
226
246
-15
-40
-239
-372
-2
41
-143
-53
4
-33
221
84
159
12
-62
149
-12
0
239
189
-282
-175
-35
-25
-290
-14
148
-91
412
280
-102
-103
-266
-348
-108
-100
207
31
54
355
-28
130
307
99
-138
164
237
353
85
-300
-209
-568
-185
19
-173
138
77
-46
23
-98
-112
-238
-134
115
64
143
59
35
71
-25
-173
-3
120
5
310
325
173
-52
-68
-13
-28
82
-52
116
39
-11
-99
-293
-128
-199
-131
19
47
39
-96
-63
27
-77
-30
-24
-7
66
5
-47
-4
74
41
9
16
80
117
80
42
72
-4
-87
-37
-20
42
23
-23
-39
-22
21
-21
22
44
-12
-6
-11
-15
-19
-36
-7
-10
-3
18
-9
0
24
-7
-8
-8
4
19
-21
27
28
-5
46
23
-18
19
21
6
2
4
44
11
40
5
15
68
-2
6
-4
-8
-23
-20
-3
-87
-15
-14
-185
-57
-49
-54
15
-78
14
2
-37
20
-32
-22
44
37
43
46
24
122
29
25
196
13
51
101
-27
36
-4
-64
-57
-86
-77
-26
-93
-83
-59
-130
-62
-77
-59
-26
-38
27
-51
-17
65
-7
59
192
108
124
332
214
62
64
-51
-131
-60
-30
-6
-83
-142
-98
-200
-166
-173
-193
9
44
110
26
-118
61
-44
-38
243
278
309
345
201
105
50
45
30
75
249
173
124
98
-17
-195
-260
-70
-21
-73
12
-39
-212
-396
-408
-183
-119
12
53
-8
42
45
-100
-103
11
-4
14
31
22
-38
-73
-131
-39
-55
-50
33
-57
3
-151
-234
-143
-133
-47
-120
-94
99
-32
-41
115
81
90
65
179
267
178
187
170
2
-50
-14
12
123
102
60
36
4
127
145
91
109
92
97
-64
-58
132
69
78
90
103
-10
-172
-60
-99
22
303
277
232
238
66
-62
-108
-181
-88
-100
64
264
-14
-189
-282
-373
-185
-67
50
167
-27
-137
-106
-164
-231
-161
-138
-83
-16
-31
18
-95
-121
-247
-282
21
94
17
13
-79
-240
-227
-177
-73
38
136
211
88
79
95
-16
78
161
64
153
326
326
164
-77
-239
-308
-150
85
82
29
-33
-75
-100
-136
26
85
72
193
224
267
230
13
-153
-203
-2
170
40
-28
-12
23
173
302
345
337
187
127
168
270
466
314
-18
-117
-24
175
257
98
-110
-122
37
-53
-215
-240
-423
-653
-539
-52
239
54
-226
-261
-193
-240
-379
-332
-19
177
-20
-359
-367
-299
-520
-734
-543
-113
35
-32
-55
-188
-353
-331
-229
-108
96
271
538
955
1044
660
363
566
887
845
775
913
875
692
571
516
489
151
-430
-695
-616
-523
-611
-753
-1059
-1610
-1871
-1866
-1660
-1194
-1012
-1022
-834
-631
-592
-503
-196
-117
-111
363
854
1110
1196
927
664
836
1124
1329
1630
1689
1526
1381
1083
955
950
831
730
738
689
589
516
68
-221
-286
-480
-483
-325
-21
51
-155
-498
-749
-464
-184
-135
-240
-324
-251
-456
-581
-454
-262
-167
-189
-256
-399
-376
-526
-762
-581
-394
-381
-453
-827
-973
-561
-358
-772
-892
-471
-339
-268
-181
-569
-763
-505
-582
-642
-346
-68
14
-297
-493
-223
81
238
188
345
843
1179
1120
644
383
685
822
821
1094
1275
1164
810
547
357
275
398
193
35
230
297
201
-3
-294
-605
-648
-395
11
13
28
99
-144
-12
-383
-211
207
137
411
336
359
519
167
-109
179
427
458
67
202
832
515
-82
-351
-314
4
185
383
68
-158
38
-356
-350
-79
-172
-524
-198
300
78
-69
-236
-241
-381
-328
-80
-141
-226
-297
-219
-502
-592
-471
-491
-282
-413
-528
-448
-333
-272
-502
-657
-527
-479
-659
-538
-523
-571
-511
-722
-435
-202
-326
-221
-320
-44
114
-96
130
181
226
256
167
150
171
337
523
500
258
306
430
441
469
338
524
1177
1511
1251
868
639
553
649
661
778
1117
1204
1153
974
899
735
261
71
158
562
914
807
560
113
-508
-1037
-1146
-987
-761
-446
-398
-599
-863
-986
-1034
-1073
-1161
-1154
-733
-493
-399
-498
-768
-736
-945
-1043
-600
-200
101
223
-104
-573
-451
123
102
-128
241
194
42
331
-140
-386
58
-98
94
720
629
508
431
360
115
-25
413
762
707
481
545
208
-74
196
136
231
605
262
-113
247
594
-131
-579
224
331
-218
-219
175
-13
-178
-130
-250
0
383
508
23
-249
3
-149
-397
-192
-146
-538
-632
-647
-782
137
1863
2910
1970
85
-817
-712
188
523
450
991
1238
956
337
86
-34
-1289
-2447
-2120
-596
979
1228
216
-1595
-3644
-4917
-4633
-2976
-1209
-263
-179
-581
-1461
-2498
-2808
-2202
-1076
107
1363
2613
2993
2228
1059
614
1194
2251
3534
4514
4592
3677
2158
982
769
1078
1331
1787
2050
1633
799
-252
-1042
-1528
-1566
-1053
-109
545
178
-587
-1846
-2642
-2314
-1607
-190
559
189
-211
-853
-1178
-1351
-1069
275
1252
1343
655
364
830
315
-603
-723
210
935
393
-45
-238
-663
-1225
-1661
-1222
-367
-73
-214
-831
-1582
-1760
-2039
-2040
-1816
-1502
438
3189
5109
3741
-804
-3740
-2917
521
2756
2643
2691
2593
1911
372
-900
-683
-916
-1705
-1674
69
2565
2829
159
-3711
-6626
-7210
-5443
-2365
415
1455
398
-1852
-4272
-5384
-4077
-1364
948
1998
2402
2852
2686
1413
149
514
2520
4725
6249
7045
6771
4945
2263
462
871
2791
4298
4694
3863
1983
-157
-1721
-2084
-1975
-1982
-1341
-367
-14
-477
-1917
-3665
-4444
-3863
-2077
142
1226
375
-1223
-2180
-2429
-1913
-433
1303
2169
1639
480
-159
-326
-178
98
324
819
859
417
-269
-1306
-1988
-2567
-2444
-1199
-36
365
-682
-2465
-3684
-3518
-990
2445
4075
2263
-1754
-4184
-3054
272
2268
1719
1024
1485
2092
1308
-407
-1383
-1580
-1519
-1077
445
2742
3590
1037
-4020
-7904
-7643
-3793
432
2526
2113
100
-2414
-4879
-5902
-4055
-285
2765
3426
2876
2797
2869
1970
566
560
2786
6149
8437
8594
7153
4673
2094
742
1642
4172
6085
5993
3973
1067
-1126
-1762
-1516
-1535
-1790
-1519
-769
-536
-1649
-3594
-4947
-5106
-4357
-2821
-727
610
-349
-2859
-4532
-4292
-2434
209
1996
1880
562
-589
-883
-525
134
592
590
575
649
563
202
-527
-1416
-2125
-1867
-462
782
1463
1916
1782
-49
-3460
-5309
-3415
876
3521
1678
-1939
-3286
-1841
-381
-866
-1807
-1912
-1422
-1105
-1006
-125
1098
774
-2201
-5749
-5975
-2243
1871
2563
77
-2257
-2541
-1954
-1927
-1420
704
2836
2711
988
682
2589
4241
3649
2214
2798
5447
7520
7284
5655
4336
3740
3832
4795
6353
7301
6282
3581
1053
248
1011
1771
1166
-654
-2127
-2024
-1097
-1174
-2635
-4162
-4726
-4462
-3746
-2710
-2040
-2743
-4725
-6106
-5053
-2457
-575
-302
-1193
-2483
-3207
-2455
-731
379
135
-749
-1168
-943
-702
-881
-1028
-716
-246
142
357
790
1849
2918
2406
-632
-3791
-3364
834
4596
3744
-336
-2822
-1840
-114
-435
-1716
-1832
-1077
-1242
-2296
-2086
-167
794
-1596
-5481
-6475
-3189
1120
2357
301
-1928
-2152
-1355
-1281
-1131
729
3320
3804
1859
750
2380
4595
4551
3044
3266
5613
7461
7028
5472
4587
4197
3847
4013
5162
6408
6080
3942
1190
-325
172
1469
1652
-12
-1916
-2402
-1679
-1439
-2680
-4147
-4592
-4064
-3352
-2600
-1815
-2223
-4181
-6029
-5740
-3440
-1062
-265
-1296
-2929
-4025
-3921
-2517
-496
694
83
-1297
-2025
-1734
-895
-57
298
325
1381
3619
4948
2953
-1311
-3465
-1261
2909
4607
3022
1184
698
233
-1345
-2444
-1663
-243
-266
-1742
-2587
-2017
-1506
-3008
-6037
-7621
-6185
-3105
-1187
-1442
-2465
-3143
-3778
-4669
-4341
-1402
2539
4099
2525
909
1565
3390
4281
4427
5665
7727
8720
8245
7657
7653
7119
5699
5057
6242
7826
7940
6444
4451
2786
1469
731
701
711
245
-580
-1525
-2742
-4151
-4907
-4665
-4369
-4623
-4792
-4450
-4042
-4244
-4701
-4369
-3452
-2850
-2700
-2408
-1729
-1415
-1677
-1729
-1261
-749
-630
-632
-578
-556
-558
-369
824
2811
4017
2793
-748
-3352
-2136
1889
4631
3164
-306
-1806
-1038
-628
-1591
-2152
-1354
-940
-2255
-3494
-2691
-1195
-2064
-5725
-8391
-6932
-3052
-674
-1456
-3577
-4644
-4585
-4477
-3916
-1697
1525
2956
1121
-1042
-14
3305
5210
4347
3760
5993
8999
9599
8123
7323
7854
7969
7229
7419
9062
9815
8000
4907
3148
3514
4238
3898
2510
854
-274
-874
-1433
-2550
-3925
-4508
-4266
-4094
-4498
-4927
-5135
-5835
-6908
-6981
-5110
-2540
-1458
-2088
-3074
-3481
-3342
-2529
-677
1226
1697
594
-644
-643
276
1903
4194
5840
4627
72
-3661
-2334
2677
5753
3421
-1138
-2965
-1603
-513
-1654
-3193
-3445
-3281
-4351
-5553
-4651
-2669
-3084
-7496
-11909
-11177
-5910
-1582
-2251
-5632
-7046
-5709
-4410
-4346
-3167
161
2831
2131
307
1569
5210
7013
5376
4014
6605
10842
12196
10050
7899
8196
9687
10577
10738
10552
9552
7582
5499
4393
4787
5497
5063
3070
228
-1570
-1465
-733
-1402
-3745
-5567
-5519
-4701
-4798
-5818
-6848
-7585
-7550
-6634
-5051
-3453
-2940
-3270
-3789
-3717
-2360
-192
1878
2651
1886
702
536
1563
2803
4702
7030
7855
5095
-520
-3546
-808
4618
6656
2703
-2571
-3997
-2235
-1535
-3247
-5031
-5380
-5381
-6481
-7233
-6254
-5148
-6812
-11442
-14051
-11203
-5880
-3436
-5412
-8213
-8506
-6705
-5138
-3867
-1424
1411
2248
742
489
3532
7078
8016
6613
6443
9243
12268
12340
10245
9533
10864
11945
11691
11270
11195
10071
7782
5672
4965
5510
5303
3615
1623
373
-532
-1768
-2810
-3540
-4266
-4826
-4913
-4954
-5425
-5840
-6320
-7183
-7555
-6457
-4442
-2894
-2683
-3422
-3671
-2848
-1452
-394
477
1655
2267
1788
1084
1646
3013
4522
6176
6771
5484
1845
-1320
-318
3726
6410
3695
-1864
-4185
-2314
-530
-1721
-3995
-5456
-6245
-7435
-8238
-7037
-5492
-6254
-10388
-14141
-12859
-8470
-5966
-7310
-9699
-9701
-7328
-5388
-5174
-4467
-2131
136
362
404
3557
7743
9067
7298
6093
8829
13296
14962
13319
11771
12247
12980
12543
11842
11771
11148
9218
7318
6369
6329
5611
3128
170
-2014
-2695
-2136
-1670
-2784
-5584
-7921
-8067
-6752
-6022
-6099
-6232
-6391
-6121
-5619
-4798
-3523
-2734
-2397
-2059
-1039
662
1903
2405
2391
2283
2623
3927
4872
4917
6132
7817
7521
3358
-1653
-1400
3619
7522
4757
-2422
-5674
-2857
37
-1636
-5260
-7333
-7652
-8076
-9028
-8275
-6611
-6955
-11022
-15540
-14599
-9502
-6364
-7860
-10868
-11049
-8031
-5253
-5224
-5620
-3980
-1254
207
816
3404
6742
7653
6177
5559
8761
13710
15871
14053
11254
10382
11382
13134
14504
14345
11991
8556
6510
6616
7525
7042
4508
1603
-511
-1582
-1603
-1193
-1896
-4365
-6679
-7184
-6153
-5233
-5502
-6462
-7239
-6539
-4829
-3485
-2826
-3098
-3295
-2504
-730
1064
2007
2598
2786
2651
2377
3259
4929
5509
6578
7870
7779
4657
-464
-1436
3004
7892
6865
-509
-6366
-5383
-1310
-728
-3681
-6812
-8254
-8937
-10240
-9915
-8008
-7516
-10778
-16012
-16970
-12320
-7688
-7968
-11201
-12452
-9871
-6371
-5797
-6141
-4723
-2099
-249
12
1943
5771
8009
7206
5729
7704
12308
15259
14306
11787
10915
11481
12889
14021
14159
12937
9983
7410
6669
7507
7943
6069
3124
815
-494
-1229
-1339
-1615
-2900
-4466
-5697
-5986
-5690
-5444
-5319
-5454
-5187
-4323
-3944
-4049
-3658
-2674
-1153
323
1010
1023
1106
1884
3012
3908
4090
4559
4732
4932
7114
8599
7390
2794
-1574
-166
4864
7882
4452
-2886
-6604
-4335
-1291
-2052
-4897
-7583
-8908
-9909
-10658
-9268
-7991
-9173
-13388
-17045
-15364
-10681
-8753
-10946
-13071
-12319
-9309
-7100
-6878
-6015
-4271
-2426
-1448
-481
2812
6143
6897
6150
6840
10068
13382
13931
12120
11152
11926
13308
14241
14104
13294
11284
8668
7635
8109
8706
7903
5332
2788
1176
-80
-1076
-1561
-1849
-2370
-3281
-4403
-5308
-5936
-5814
-4927
-4321
-3628
-2994
-3195
-3200
-2872
-1876
-54
1389
2157
1854
1509
2378
3631
4102
4164
4390
4703
6772
8750
7699
3600
-1285
-1245
3368
7095
5822
-770
-6297
-5938
-2786
-2009
-3990
-6824
-8967
-10127
-10982
-10108
-8651
-9140
-12103
-15971
-15938
-11786
-9028
-10276
-12586
-12580
-9883
-7092
-6610
-6561
-5350
-3527
-2098
-1419
1049
4755
6262
5867
6022
8309
11433
12784
11922
10891
11059
11992
13071
13362
13064
12043
9730
8137
8060
8415
8233
6565
4278
2250
748
179
-27
-751
-1777
-2672
-3738
-4593
-4935
-4765
-3928
-3211
-3047
-2962
-2962
-2754
-2213
-1538
-106
1542
1836
1347
994
1398
2676
3795
4010
3703
3508
3578
5599
7672
7462
3684
-1954
-2434
2162
6174
5006
-1418
-6469
-5535
-2486
-2571
-5383
-7839
-8513
-9028
-10358
-9740
-8258
-8598
-11800
-16394
-16237
-11203
-7737
-9137
-12077
-12349
-9541
-6995
-6629
-6002
-4159
-1998
-1327
-1724
745
4906
6671
6020
5425
7556
11083
12659
11648
9867
9479
10848
12732
13616
13119
11050
8424
7346
7793
8473
8176
6587
4315
1742
-161
-306
696
904
-502
-2617
-4079
-4205
-3750
-3373
-2751
-2135
-1942
-2384
-3105
-2985
-2049
-698
811
1665
1503
1010
576
818
2144
3604
3973
3907
3204
4346
7048
6911
3902
-1293
-2125
2872
6888
5632
-418
-5518
-4920
-1925
-1716
-3935
-6274
-7993
-9369
-10856
-10017
-7540
-8158
-11881
-16488
-16814
-12388
-9053
-9861
-12099
-12428
-10844
-9025
-8521
-7107
-4372
-2568
-2270
-2812
-748
3640
5821
5619
5367
7018
10077
11896
11640
10538
10062
10578
12100
13654
14145
12644
9339
7241
7572
8909
9658
8499
5739
2552
188
-267
1108
2163
1372
-1209
-3885
-4687
-4171
-3303
-2418
-1674
-1264
-1469
-2447
-3022
-2249
-719
937
2101
2137
1727
807
439
1434
3145
4069
3673
2308
1747
4965
7021
5707
624
-4092
-1640
3824
6110
2316
-4638
-7064
-4105
-1929
-2919
-5335
-7476
-8727
-10123
-10530
-7605
-5904
-8399
-13971
-17564
-14292
-8905
-7414
-9647
-11456
-11176
-9518
-8647
-7819
-4679
-2060
-1651
-2989
-2936
1204
4823
5131
4385
4945
7724
10468
10759
9590
9067
9351
10453
11889
12890
12853
10375
7239
6653
8200
9973
9875
7044
3490
807
-9
1421
3252
3297
1017
-2597
-4773
-4214
-2287
-473
139
-571
-1855
-3043
-3302
-1952
-60
1666
2516
2009
1000
268
537
2020
4135
4601
3358
1602
1110
4862
8007
6640
1100
-4754
-3214
2966
6271
3205
-3789
-7444
-5350
-2823
-3201
-4849
-7087
-8946
-10503
-10909
-7721
-5475
-7989
-13662
-17552
-14611
-8820
-6685
-8922
-11231
-11503
-10312
-9112
-8079
-4714
-1844
-1530
-2720
-3309
-124
3668
5085
5338
6161
7898
9269
9265
8343
8582
9551
10778
12158
12270
11315
8975
6306
6147
7965
9655
9789
7225
3352
492
-401
1248
3403
3519
1507
-1904
-4290
-4106
-2359
-283
713
91
-1333
-2304
-2125
-555
1355
2154
2381
2006
1449
1378
1524
2559
4171
4649
3344
1462
352
3393
8047
8035
3114
-4025
-5531
284
5611
4985
-1387
-7057
-6820
-4137
-3686
-4645
-6089
-7913
-9868
-11642
-9771
-5856
-6157
-11295
-16860
-16338
-10446
-6741
-8152
-10861
-11463
-10240
-8879
-8508
-6217
-2606
-1679
-2925
-4136
-1761
2816
4759
4576
4607
6148
8361
9413
8947
8634
9326
10290
11755
12676
12023
9919
6945
6165
8092
10003
10441
8283
4282
761
-657
679
3611
4826
2660
-1623
-5218
-5165
-2484
72
1134
289
-1293
-2309
-2245
-907
1142
2830
3146
2255
940
566
1420
2395
4285
4906
3889
2161
551
4474
8994
8416
2100
-5260
-4037
3265
7498
3866
-3624
-7150
-4512
-2425
-3955
-5397
-6714
-8647
-11412
-12346
-7750
-4011
-7301
-15636
-20620
-15916
-8175
-5900
-9267
-11940
-11802
-11024
-10543
-9238
-4516
-623
-1357
-4333
-5059
-782
3530
4419
4314
5702
8052
8955
8229
7723
8715
10044
10836
11749
12527
11779
8599
5108
5014
8390
11136
10494
6759
2027
-985
-1126
1573
4771
5372
2445
-2541
-5939
-5294
-1638
1322
1610
190
-1638
-2459
-1881
-169
2297
3898
4117
2644
1043
1296
2742
4247
5415
5322
4366
2054
1481
6232
9597
7762
19
-5787
-2168
5156
7272
1112
-6404
-6857
-2748
-2011
-4275
-6295
-7829
-10001
-12633
-11171
-5059
-2852
-9189
-19537
-22331
-14512
-6405
-5539
-9587
-12597
-13089
-12576
-11860
-8219
-2309
202
-2304
-6056
-4917
312
3450
3764
4242
6653
9319
9012
7074
6647
8255
10509
11973
12763
12868
10853
6844
4182
5715
10091
12562
10211
4955
122
-1825
-200
3031
5084
4375
842
-3902
-6340
-4683
-515
2114
1476
-930
-3055
-2923
-727
1758
3290
4041
3473
2093
1132
1691
3491
5553
6512
6446
4567
3595
6302
7713
6547
1551
-1693
1249
5732
5882
-239
-6533
-6208
-1605
-355
-2619
-5889
-9238
-11993
-13939
-11165
-4379
-2370
-8659
-19451
-23576
-16946
-8460
-5383
-7578
-10920
-13425
-14611
-14204
-9636
-2546
742
-1203
-5473
-5626
-1214
2133
3560
4903
7498
10074
9787
7245
5872
7085
9908
12619
13655
12992
10346
6246
3587
4630
8569
11704
10697
5489
-411
-3112
-936
3538
5464
3386
-829
-4356
-5306
-3493
-607
1323
1200
-948
-3197
-3280
-683
2533
4078
3780
3048
2223
2023
2296
3731
5731
7131
7599
6195
7447
8403
6605
2716
-608
2493
7780
8490
2684
-5167
-7604
-3557
-297
-570
-2315
-5837
-10432
-14839
-14920
-7948
-2320
-4582
-13521
-21087
-19822
-14040
-9774
-7985
-7499
-9189
-13034
-16089
-14064
-6643
-1046
-666
-3281
-4728
-2636
-724
497
3174
6767
9274
8859
6673
6091
7501
8799
9987
11133
12022
11342
8254
5258
4850
6574
8402
8460
6379
3469
171
-1860
-389
2989
4567
2060
-2860
-5572
-4326
-1065
1027
506
-763
-1768
-2535
-2083
362
3759
5598
4511
2287
1576
2757
5238
6415
6395
6874
6716
8845
10749
9026
4371
-928
804
7744
11412
7334
-1934
-7526
-5373
-1490
-600
-1192
-3499
-7711
-13161
-16023
-10856
-4162
-4507
-12242
-20065
-19330
-13979
-11236
-11153
-10406
-9374
-10807
-14560
-15117
-8795
-2453
-1552
-4385
-5396
-2031
374
51
918
4928
9577
10232
6882
5063
6716
9332
10880
10986
10977
10152
7544
4829
4557
7249
9904
8874
4525
274
-1608
-374
2316
3521
2721
166
-3194
-5437
-5386
-2055
1559
1977
-477
-3533
-4144
-1872
939
2878
4124
4595
4133
2577
1865
3812
6722
8678
8523
7504
9611
11551
9577
4394
442
3879
10265
11630
5964
-1874
-4522
-1866
-615
-1297
-1786
-3418
-7409
-12920
-14134
-8183
-3026
-6071
-15105
-21021
-18122
-12583
-10759
-11095
-10722
-10643
-12826
-16037
-14715
-7743
-2458
-2437
-4977
-5142
-2068
-647
-802
1115
5598
9754
9670
6449
4461
5245
7268
9731
11655
12063
9804
4898
1592
2641
6708
9963
9161
4681
-571
-3774
-2761
1607
5196
4925
306
-5096
-6850
-4375
-500
1693
1027
-933
-2629
-3160
-1711
846
2882
3701
3381
3041
3429
4045
4562
6033
7851
10855
13737
12093
7680
2509
2720
9079
14382
13188
5732
-1274
-1794
1317
2587
2055
-218
-3779
-8282
-11983
-10160
-5005
-3824
-8868
-16531
-18855
-15516
-12680
-12479
-12926
-12418
-12140
-13579
-14839
-12326
-8389
-6527
-6642
-6633
-3992
-1164
-893
-915
422
3387
6451
7491
7570
7436
6999
7336
8409
9341
9877
8899
7129
5795
5021
4927
4951
4401
3014
941
-752
-773
-170
-320
-1259
-2568
-3389
-3223
-2727
-2503
-2647
-2894
-2412
-1763
-1192
-29
1386
1900
1544
1290
2266
4933
6933
7377
6936
6519
9738
13091
13055
9898
5495
5957
10533
13804
11635
5949
2633
3874
4846
3156
1304
-768
-3294
-6934
-9205
-6060
-2558
-5032
-13004
-19444
-17450
-11746
-9298
-10630
-12812
-14292
-15963
-17037
-14293
-8072
-4358
-5894
-9375
-10205
-6553
-2778
-701
1653
3312
3808
2571
2129
4723
8002
9626
9477
8498
7531
6969
6157
6412
7372
7447
6512
4500
2181
59
-1386
-934
1020
1700
161
-2847
-5641
-6162
-4730
-2258
-369
-1462
-4245
-6114
-5331
-2111
896
1878
1377
736
562
1202
2779
4988
7517
8729
9005
10685
11148
10175
7650
6512
10527
15353
15480
9678
3164
2689
7111
9188
7451
3660
-438
-3794
-6693
-6118
-1605
116
-4654
-13544
-18944
-16235
-11339
-9452
-10230
-11833
-13474
-15834
-17458
-14685
-9292
-6399
-6849
-8538
-8124
-5767
-4768
-3839
-809
3223
5487
4265
2299
3054
5806
8232
9563
9534
9277
7980
5761
4840
5724
7412
7365
4900
1449
-927
-1657
-1167
-213
93
-751
-3312
-6070
-6901
-5084
-2428
-1861
-3747
-5827
-5756
-4067
-2268
-1092
-685
-356
146
1002
2289
3689
4382
5049
6123
8557
12365
13123
10628
6564
5739
10587
15832
16253
11010
5109
4123
6748
8314
7821
5451
1491
-2944
-5677
-3674
753
549
-5796
-13566
-15752
-12130
-9202
-9373
-10745
-11875
-13530
-15674
-15563
-11276
-7060
-7349
-10066
-10732
-7308
-3681
-3310
-3459
-1459
1606
3055
2438
2733
5116
6980
7123
6577
6656
8047
8497
7232
5620
4723
5076
5442
4477
2286
-78
-1424
-1260
-984
-1395
-2199
-3703
-5377
-6477
-6120
-4337
-3219
-4100
-5842
-6399
-4916
-2666
-1300
-1070
-1227
-1059
-187
1626
3844
5221
5613
5299
7434
11537
12811
10358
6139
6653
12317
16242
14335
8633
5640
7607
9459
8456
6814
5135
2475
-1568
-3857
-625
3399
794
-7602
-14545
-13422
-8327
-6913
-8904
-11177
-12126
-13440
-15497
-14190
-9130
-6074
-7933
-11216
-11154
-7090
-3946
-3517
-2489
-190
1631
1018
126
2535
6181
7696
6854
5609
6086
7224
6967
6588
6716
6618
5463
3317
1885
1504
1026
20
-1014
-1604
-2002
-3476
-5294
-6016
-5469
-4100
-3823
-5165
-6730
-6973
-5612
-3844
-2616
-2210
-2579
-2591
-1572
445
2487
3680
3386
3497
4667
6584
10590
12633
11537
7401
4406
7859
13923
16489
12497
6237
4745
7791
9343
8123
6056
3632
1140
-1819
-1912
1821
2424
-2717
-10392
-13032
-8728
-5312
-6548
-10294
-12668
-12898
-12833
-12368
-9436
-6713
-7890
-10977
-11984
-8291
-3320
-1930
-2929
-2979
-1199
807
1390
2082
4448
6290
6424
5471
5045
6481
7456
6769
5450
4743
5125
5431
4178
1675
-98
-496
152
199
-1074
-2620
-4258
-5389
-5827
-5448
-3947
-3431
-5306
-7465
-7317
-4996
-2826
-2333
-2815
-2844
-2046
-781
764
2117
3277
3148
2700
3440
5768
10672
13329
11369
6092
2870
6838
13639
16405
12188
5685
3828
6448
7840
7448
6777
4983
1756
-2459
-3012
1097
2797
-1407
-8573
-11349
-8002
-5658
-7304
-10099
-10897
-10223
-10484
-11187
-9681
-7549
-8316
-10208
-9890
-6159
-2449
-2611
-4347
-4368
-1726
1469
2993
3743
4203
3676
2942
3708
6198
8680
8326
5702
3464
2973
4133
5379
5620
4014
789
-1966
-2392
-614
1132
258
-3361
-6560
-7090
-5214
-2908
-2840
-4615
-6318
-6375
-4805
-3500
-2944
-2551
-2443
-2097
-1119
426
1825
2096
1197
1259
2988
5940
10821
12298
9325
4132
1532
6636
13986
16578
11723
4393
2268
5345
7921
9014
8907
6067
1145
-3982
-3752
2324
5123
987
-6850
-10856
-8430
-6463
-7044
-7733
-7137
-7320
-10380
-13281
-11329
-7328
-6621
-8094
-8790
-6441
-4091
-5280
-6518
-4584
-465
2509
2301
1429
1805
2133
2702
4408
6868
8855
7347
3712
2182
3227
5552
6782
5834
3232
-88
-1902
-659
1692
2304
-216
-4374
-6055
-4740
-2798
-1978
-3217
-4988
-6202
-6149
-4142
-2263
-2100
-3228
-4135
-3136
-694
1317
1756
820
-166
366
2513
5567
9814
11182
7913
3008
1139
6319
13307
15315
10754
4012
2020
5050
7738
8620
8382
5898
1280
-3340
-3016
2860
5923
1869
-5928
-10387
-8153
-5366
-5227
-5998
-6294
-7235
-10344
-12736
-10664
-6507
-5527
-7380
-8672
-7208
-5143
-5839
-6495
-4543
-832
1757
878
-366
113
1776
3658
5261
6394
6791
5423
3313
3169
4450
6311
6647
4846
2247
-78
-149
1948
3370
2204
-942
-3932
-4331
-2814
-1551
-1274
-2506
-4410
-6009
-6284
-4137
-1818
-1667
-3198
-4377
-3657
-1737
-382
-109
25
120
691
1479
3443
7738
9629
7060
2461
1545
7028
12692
12685
7609
3536
4589
7697
8073
7248
6942
5265
1515
-1888
214
5496
5525
-1081
-8453
-9164
-4501
-2142
-3702
-6111
-7430
-9031
-11319
-11110
-6962
-3804
-5789
-10035
-11405
-8017
-4435
-4112
-4786
-4313
-2684
-1677
-1492
-201
2006
3340
3362
3191
4062
5599
5802
4950
4570
5169
6211
6057
4495
2267
902
1640
3330
3715
1929
-875
-3156
-3570
-2513
-1017
-330
-1902
-4696
-6987
-6521
-3439
-1287
-1710
-3575
-4628
-3991
-2679
-1505
-405
307
170
-301
-143
2161
6444
8522
6629
2859
1700
5747
10615
11772
8684
4961
4557
6537
7732
7966
7454
5310
2009
-339
1405
5108
4709
-482
-6228
-7344
-4211
-2405
-3358
-5553
-7407
-8979
-10482
-9787
-6794
-4898
-6554
-9619
-10357
-7772
-5047
-4615
-5017
-4794
-3552
-2438
-1834
-474
1195
2227
2403
2666
3851
5085
5523
5124
4838
5099
5532
5592
4877
3830
2852
2406
2719
3134
2672
1278
-777
-2491
-2723
-1850
-612
-949
-3277
-5487
-6178
-4977
-3273
-2731
-3055
-3782
-4502
-4294
-3097
-1325
43
-318
-1135
-475
1877
5685
7562
6037
3138
1712
4776
9689
11666
9409
5399
3835
5708
7871
8887
8508
5993
2577
151
1202
4810
5372
1208
-4320
-6697
-4869
-3029
-3230
-4367
-5911
-8000
-10154
-10363
-7625
-5272
-6268
-8859
-9934
-8061
-5801
-5426
-5460
-4714
-3315
-2252
-1777
-640
837
1325
1355
2189
4104
5744
5217
4024
4068
5020
5966
5707
4958
4257
3116
2392
2758
3530
3421
1363
-1190
-1898
-1354
-868
-1299
-2361
-3091
-4142
-5079
-4879
-4065
-3414
-3715
-4607
-4612
-3709
-2618
-1778
-1589
-1307
-872
-58
1423
3181
5567
6643
5411
3025
2470
6252
10942
11754
7738
3472
3613
6779
8740
8391
7019
4813
1979
-300
966
4824
5283
671
-5212
-6953
-4543
-2899
-3243
-4270
-5404
-7551
-10406
-10700
-7595
-4913
-5700
-8385
-9482
-8068
-6548
-5836
-4730
-3162
-2119
-2298
-2248
-730
990
1673
1959
2898
4398
5192
4802
4475
4501
4764
5164
5529
5648
4502
2633
2030
3013
3825
2906
557
-1143
-1550
-1557
-1239
-965
-1411
-3358
-5744
-6053
-4245
-2652
-3132
-4797
-5566
-4722
-3390
-2225
-1352
-1064
-1171
-1367
-162
1957
4582
6684
6247
4198
1976
3434
8345
11684
10251
5521
3303
5229
7720
8066
7272
6122
4023
936
-483
2398
5102
3104
-2256
-6008
-5009
-3258
-3535
-4259
-4689
-5786
-8729
-10816
-8826
-5450
-5060
-7606
-9372
-8026
-6051
-5796
-5708
-4322
-2480
-1943
-2430
-1632
330
1385
1367
1595
3384
5420
5522
4435
3759
4361
5363
5580
5243
4595
3696
3095
2945
2970
2492
1094
-70
-519
-686
-860
-1414
-2203
-3357
-4645
-4563
-3444
-2844
-3666
-5296
-5499
-4211
-2800
-1967
-1703
-1792
-1896
-1826
-680
1550
3637
5666
6126
4738
2497
2004
5877
10654
11592
7737
3663
3637
6164
7574
7565
7382
6053
2568
-1308
-771
3423
5034
1531
-3908
-5962
-5005
-4559
-4506
-3915
-3848
-6288
-10038
-10658
-7701
-5411
-6038
-7650
-7549
-6473
-6611
-6800
-5034
-2323
-1131
-1908
-2198
-792
393
600
1329
3592
5796
5367
3305
2602
3949
5582
5936
5530
5088
3994
2383
1835
2873
3950
2977
572
-948
-972
-447
-580
-1403
-2439
-3525
-4051
-3638
-3148
-3490
-4642
-5198
-4212
-2771
-1973
-2097
-2608
-2651
-1892
-486
1303
2524
3694
5046
5124
3812
2349
4222
8780
10824
8292
4232
3557
5781
6872
6435
6647
6607
3765
-926
-2132
1938
4946
2597
-2404
-4971
-4554
-4852
-5444
-4045
-2419
-3938
-8262
-10366
-8074
-5430
-5368
-6281
-6021
-5367
-6313
-7176
-5304
-2100
-610
-1485
-2212
-1375
-392
54
1260
3514
4995
4199
2391
2196
3411
4539
4910
4944
4820
3559
1812
1253
2215
3261
2870
1435
162
-793
-1475
-1656
-1319
-1089
-1806
-3058
-3799
-3874
-3869
-3942
-3679
-2709
-1936
-2106
-2716
-2814
-1839
-614
478
1162
1578
1830
2562
4451
5765
5361
3653
3729
6427
8619
8010
5350
3940
4377
5299
6027
6490
5500
2083
-1525
-1681
1837
4269
2475
-1849
-5277
-6195
-5559
-3740
-1732
-2279
-5824
-9615
-9810
-6708
-4364
-4288
-5362
-6086
-6533
-6749
-5342
-2589
-841
-1370
-2653
-2527
-909
541
1521
2532
3206
3122
2361
2260
3134
3916
4184
4113
4014
3461
2295
1474
1797
2555
2620
1777
660
-188
-1012
-1532
-1351
-863
-900
-1915
-3186
-3758
-3623
-3071
-2481
-2058
-1934
-2202
-2423
-2135
-1290
-337
448
797
997
1338
2518
4523
5443
4459
2763
3335
6093
7670
6465
4305
3864
4548
4703
4695
5200
4780
2009
-1105
-1071
1718
3114
1089
-2191
-4102
-4516
-4439
-3556
-2214
-2520
-5086
-7793
-7783
-5748
-4526
-4743
-5213
-4996
-4848
-4990
-4325
-2717
-1447
-1444
-1795
-1193
68
723
727
1134
2286
3235
3021
2283
2142
2698
3298
3403
3175
2678
1835
1036
813
1330
1866
1685
657
-613
-1388
-1412
-889
-526
-719
-1606
-2672
-3129
-2734
-1855
-1411
-1616
-2046
-2111
-1664
-945
-272
107
361
507
817
1440
2823
4604
4991
3469
1821
2798
5739
7154
5685
3513
3042
3610
3837
3979
4347
3623
1034
-1276
-879
1295
2062
311
-2153
-3613
-3937
-3641
-2910
-2411
-3114
-4706
-5819
-5508
-4563
-4198
-4450
-4650
-4263
-3596
-3071
-2749
-2552
-2260
-1742
-877
167
831
784
391
520
1474
2570
2966
2544
1923
1635
1749
2045
2278
2276
1842
1001
188
-3
516
1064
964
214
-696
-1450
-1839
-1538
-649
-76
-715
-2075
-2758
-2186
-1131
-602
-699
-944
-975
-723
-308
187
618
873
1086
1697
2992
4050
3628
2113
1682
3492
5650
5739
4007
2566
2350
2735
3293
3854
3523
1645
-458
-839
337
1179
605
-881
-2449
-3482
-3436
-2501
-2006
-2829
-4056
-4461
-4138
-3853
-3712
-3469
-3483
-3863
-3701
-2543
-1457
-1575
-2270
-2098
-941
74
376
479
733
832
711
910
1785
2656
2543
1624
962
1084
1475
1587
1625
1678
1154
-71
-922
-521
533
906
172
-972
-1809
-1986
-1418
-556
-202
-643
-1428
-1923
-1766
-1061
-243
111
-217
-619
-444
177
656
763
905
1681
2995
3641
2774
1316
1252
2995
4579
4453
3369
2599
2228
2195
2929
3772
2894
326
-1032
420
2196
1471
-928
-2403
-2399
-2012
-1655
-1441
-2244
-4120
-5111
-3874
-1951
-1793
-3518
-5066
-4972
-3512
-1754
-692
-822
-1792
-2480
-1883
-161
1432
1790
1058
394
633
1435
1991
2103
2114
2164
2046
1645
1150
833
827
1096
1273
870
-97
-1021
-1331
-988
-377
-37
-431
-1529
-2491
-2401
-1407
-597
-609
-1074
-1491
-1781
-1780
-1083
86
711
306
-312
-184
519
1021
1117
1274
1830
2618
3010
2465
1455
1326
2624
4012
3975
2820
1835
1347
1124
1604
2844
3216
1429
-976
-1472
-106
933
637
-275
-1324
-2492
-3016
-2209
-1034
-1054
-2189
-3063
-3078
-2700
-2336
-2013
-1846
-1943
-2040
-1843
-1385
-904
-655
-667
-592
-104
506
613
280
235
710
1153
1226
1230
1273
1015
468
217
550
981
948
465
-115
-495
-515
-282
-125
-253
-545
-812
-1037
-1153
-977
-606
-445
-624
-797
-736
-691
-808
-728
-158
492
531
2
-284
144
786
1056
1287
2032
2602
1828
317
282
2281
3963
3320
1525
880
1507
2007
2049
2173
2018
945
-263
-228
805
1271
468
-835
-1686
-1791
-1375
-957
-1075
-1726
-2325
-2450
-2207
-1919
-1845
-2085
-2408
-2261
-1506
-839
-947
-1491
-1522
-796
-2
284
233
250
366
434
533
815
1114
1086
773
662
917
1019
576
46
103
500
441
-145
-532
-425
-344
-592
-719
-415
-181
-533
-1141
-1292
-879
-411
-239
-252
-290
-431
-697
-768
-269
619
1108
704
-71
-236
400
1078
1264
1324
1707
1974
1429
566
713
2061
3064
2560
1342
791
938
1065
1290
1936
2117
853
-878
-1129
198
1209
709
-567
-1490
-1801
-1618
-1045
-549
-781
-1638
-2235
-2101
-1677
-1529
-1595
-1533
-1373
-1352
-1393
-1196
-810
-621
-694
-597
-121
292
227
-57
-93
89
228
365
626
749
440
-29
-152
106
356
386
317
219
30
-189
-273
-151
114
373
380
-39
-595
-674
-144
362
308
-55
-213
-176
-212
-217
70
457
481
146
-45
180
528
660
672
760
808
748
932
1453
1630
1013
420
890
1944
2189
1391
606
492
777
1173
1580
1530
678
-368
-623
-58
487
472
-74
-935
-1712
-1832
-1272
-776
-956
-1607
-2193
-2453
-2326
-1889
-1488
-1478
-1759
-1928
-1804
-1488
-1102
-792
-705
-738
-608
-288
-39
2
-29
25
236
622
1018
1079
729
390
477
915
1362
1587
1444
899
291
171
678
1280
1353
795
12
-472
-373
130
474
271
-263
-621
-677
-626
-457
-55
253
34
-445
-493
-66
249
321
520
798
675
228
135
637
1302
1653
1481
859
322
597
1544
2052
1498
547
78
200
668
1296
1472
535
-948
-1415
-366
836
810
-301
-1478
-2085
-1988
-1324
-671
-807
-1818
-2847
-2983
-2176
-1240
-1027
-1607
-2232
-2198
-1601
-1008
-718
-711
-912
-1083
-837
-220
158
28
-95
228
655
714
614
748
972
976
924
1149
1470
1425
1054
889
1157
1466
1435
1220
1154
1154
898
446
242
473
773
671
126
-457
-651
-381
82
395
320
-184
-804
-965
-410
395
734
392
-221
-542
-264
438
989
1025
851
827
761
481
505
1176
1683
1171
275
191
747
844
371
148
252
25
-504
-630
-319
-314
-862
-1423
-1628
-1649
-1644
-1586
-1597
-1894
-2338
-2516
-2261
-1850
-1665
-1828
-2090
-2099
-1783
-1362
-1028
-790
-683
-708
-629
-167
499
821
637
416
628
1148
1494
1467
1312
1314
1458
1522
1469
1488
1614
1581
1258
984
1067
1237
1026
548
369
590
682
351
-24
-60
54
5
-81
16
106
-99
-389
-289
165
420
216
-31
128
513
672
588
604
833
1034
1018
893
855
989
1166
1116
798
570
697
816
455
-119
-273
-54
-81
-483
-797
-912
-1203
-1712
-1938
-1661
-1343
-1486
-2034
-2518
-2569
-2203
-1776
-1637
-1820
-2070
-2127
-1930
-1572
-1252
-1145
-1212
-1191
-904
-483
-170
-29
29
131
358
666
880
902
872
1003
1297
1541
1551
1350
1165
1229
1532
1794
1751
1392
909
567
578
925
1246
1084
413
-242
-335
134
648
739
414
30
-141
-53
272
717
954
706
235
162
620
1050
1040
843
827
883
790
662
688
778
760
622
446
295
220
177
65
-18
84
153
-224
-886
-1092
-646
-313
-731
-1498
-1803
-1564
-1333
-1428
-1658
-1789
-1858
-1950
-1956
-1760
-1525
-1563
-1863
-2001
-1696
-1262
-1174
-1369
-1361
-1021
-714
-649
-596
-376
-197
-185
-82
280
621
648
534
630
924
1163
1231
1195
1129
1130
1276
1432
1348
1024
775
824
1045
1153
987
602
256
219
502
813
871
648
308
107
300
846
1271
1156
728
579
846
1174
1325
1379
1377
1251
1092
1077
1156
1172
1125
1055
856
501
241
240
272
84
-190
-350
-530
-883
-1147
-1021
-780
-948
-1470
-1760
-1586
-1376
-1507
-1759
-1751
-1575
-1616
-1876
-1948
-1677
-1426
-1510
-1707
-1638
-1401
-1342
-1415
-1292
-983
-840
-958
-994
-743
-461
-424
-481
-325
-19
105
2
-6
228
460
483
463
626
853
887
735
637
742
939
1069
1087
1007
820
600
543
777
1124
1245
1001
649
545
769
1112
1370
1472
1397
1180
1024
1154
1518
1778
1726
1505
1343
1272
1213
1199
1287
1370
1257
922
562
398
458
561
490
208
-124
-377
-592
-778
-784
-646
-756
-1300
-1808
-1776
-1441
-1407
-1701
-1866
-1772
-1735
-1879
-1922
-1709
-1490
-1540
-1719
-1696
-1509
-1478
-1601
-1501
-1118
-888
-1059
-1289
-1204
-877
-566
-371
-301
-340
-383
-296
-72
220
472
500
250
65
305
726
801
524
322
332
367
441
669
796
523
139
194
658
990
959
808
733
742
910
1271
1556
1513
1320
1292
1419
1548
1687
1825
1783
1557
1427
1495
1533
1455
1443
1494
1355
1016
783
789
834
769
647
481
177
-195
-381
-303
-199
-352
-745
-1137
-1337
-1334
-1263
-1265
-1384
-1570
-1754
-1898
-1919
-1763
-1543
-1489
-1666
-1862
-1842
-1632
-1437
-1368
-1337
-1245
-1160
-1161
-1158
-1021
-819
-702
-649
-539
-416
-417
-504
-483
-292
-97
-14
-21
-96
-221
-253
-70
186
268
163
64
63
146
291
441
516
524
544
581
632
752
927
1050
1081
1126
1223
1296
1322
1393
1562
1740
1805
1729
1602
1576
1713
1880
1881
1713
1540
1439
1352
1259
1207
1175
1037
740
425
295
350
334
81
-235
-364
-361
-467
-651
-710
-689
-820
-1096
-1225
-1122
-1033
-1158
-1372
-1440
-1383
-1414
-1556
-1594
-1433
-1304
-1434
-1661
-1643
-1367
-1167
-1201
-1240
-1117
-1023
-1095
-1089
-811
-525
-572
-824
-917
-771
-569
-449
-427
-488
-564
-542
-421
-284
-153
-21
23
-59
-67
146
397
449
399
473
635
721
738
790
885
997
1104
1171
1184
1193
1268
1376
1465
1546
1618
1630
1567
1523
1584
1693
1722
1634
1487
1334
1212
1169
1184
1149
982
741
549
460
407
322
215
131
37
-127
-323
-423
-411
-408
-488
-598
-713
-862
-987
-979
-883
-908
-1122
-1321
-1320
-1221
-1229
-1327
-1358
-1308
-1299
-1361
-1371
-1265
-1159
-1178
-1249
-1193
-1026
-956
-1031
-1038
-867
-698
-720
-825
-802
-659
-563
-550
-519
-465
-472
-509
-418
-194
-49
-97
-163
-42
202
367
411
462
575
690
790
911
1055
1138
1127
1133
1249
1421
1503
1451
1368
1366
1448
1534
1562
1524
1428
1321
1269
1301
1351
1318
1168
967
840
847
903
838
621
423
364
351
244
89
2
-48
-169
-317
-377
-400
-539
-745
-796
-691
-677
-870
-1065
-1081
-1014
-1036
-1121
-1139
-1080
-1063
-1131
-1188
-1150
-1071
-1046
-1046
-966
-851
-868
-1010
-1055
-885
-658
-590
-670
-756
-798
-802
-720
-537
-401
-466
-656
-730
-601
-415
-322
-307
-283
-239
-207
-156
-31
136
260
325
396
504
599
650
720
865
1048
1155
1156
1128
1150
1224
1301
1374
1436
1440
1352
1231
1189
1253
1334
1350
1279
1142
996
919
925
949
937
895
785
566
336
278
402
478
332
65
-139
-256
-340
-375
-336
-329
-506
-832
-1061
-1024
-849
-798
-965
-1168
-1218
-1150
-1111
-1128
-1106
-1029
-998
-1033
-1027
-929
-836
-845
-895
-857
-731
-647
-700
-821
-863
-781
-671
-641
-689
-722
-700
-663
-619
-539
-413
-316
-294
-281
-188
-38
82
148
214
315
421
485
521
565
648
759
849
883
879
889
938
1007
1066
1105
1115
1101
1092
1104
1123
1121
1096
1065
1048
1041
1005
913
797
735
759
788
719
550
393
323
312
288
236
178
85
-62
-210
-258
-208
-200
-321
-488
-565
-558
-583
-673
-735
-717
-699
-753
-835
-855
-816
-799
-814
-805
-747
-696
-700
-732
-729
-674
-609
-586
-603
-620
-621
-629
-662
-701
-697
-648
-611
-645
-723
-742
-658
-537
-466
-444
-420
-369
-316
-254
-138
20
124
115
78
148
324
480
531
538
590
671
726
774
869
995
1066
1047
1029
1085
1176
1219
1199
1178
1176
1144
1065
998
1007
1028
947
768
624
601
628
573
433
301
237
197
136
77
43
-17
-140
-267
-307
-268
-265
-371
-521
-609
-611
-606
-644
-698
-730
-757
-812
-880
-888
-825
-774
-792
-844
-852
-812
-780
-769
-739
-662
-594
-590
-629
-629
-553
-451
-387
-372
-379
-386
-384
-355
-282
-190
-149
-187
-258
-269
-179
-44
28
-3
-77
-84
11
143
238
268
268
274
310
399
531
650
686
645
624
703
841
930
925
879
856
865
881
907
936
932
856
742
674
692
724
683
566
457
413
392
328
237
185
172
135
48
-44
-93
-117
-157
-192
-200
-220
-315
-463
-542
-485
-391
-402
-541
-686
-729
-688
-631
-593
-578
-608
-696
-774
-750
-618
-501
-506
-607
-670
-630
-543
-488
-480
-478
-459
-439
-426
-397
-340
-291
-277
-271
-228
-145
-102
-128
-167
-132
-19
77
77
11
-23
17
101
185
246
275
272
254
273
370
514
617
616
557
541
620
729
792
792
772
754
732
717
738
783
792
722
611
548
556
578
546
455
353
279
231
205
193
163
74
-53
-143
-148
-112
-121
-211
-330
-401
-402
-366
-346
-368
-444
-523
-548
-495
-417
-404
-478
-570
-593
-535
-461
-430
-453
-503
-548
-553
-502
-420
-375
-405
-469
-489
-444
-387
-367
-370
-359
-334
-329
-340
-324
-273
-221
-191
-170
-137
-113
-103
-75
2
99
160
167
172
211
284
365
434
485
507
504
518
578
660
700
675
635
634
675
702
683
644
607
574
539
513
502
480
418
336
279
264
256
218
159
106
68
35
3
-19
-30
-53
-102
-153
-172
-165
-164
-192
-237
-274
-288
-290
-291
-301
-327
-368
-402
-402
-381
-369
-396
-452
-490
-480
-433
-393
-394
-430
-464
-457
-408
-345
-315
-333
-364
-368
-321
-254
-213
-218
-245
-249
-207
-140
-95
-91
-117
-127
-86
-8
58
71
41
23
61
147
234
275
258
225
231
297
394
458
454
413
389
416
481
541
557
523
470
438
453
491
513
493
431
365
328
327
339
336
301
240
180
149
146
151
133
86
28
-14
-31
-33
-39
-62
-103
-146
-173
-187
-201
-225
-254
-280
-296
-310
-334
-366
-396
-409
-405
-401
-414
-444
-476
-484
-464
-430
-416
-424
-445
-454
-434
-398
-366
-350
-345
-333
-305
-269
-236
-214
-190
-151
-101
-55
-30
-19
1
47
117
182
214
215
211
233
288
354
390
383
359
346
370
409
430
423
393
369
369
382
387
373
348
327
320
322
316
294
270
254
249
245
229
204
179
165
163
161
141
107
77
63
59
49
22
-19
-61
-84
-93
-104
-137
-187
-233
-258
-262
-269
-289
-327
-369
-389
-381
-365
-363
-388
-417
-427
-412
-376
-350
-355
-372
-381
-362
-324
-293
-280
-281
-282
-266
-237
-199
-166
-143
-130
-111
-78
-38
2
36
65
92
118
154
190
218
240
262
288
314
332
344
353
356
366
377
383
379
361
345
335
327
320
303
275
245
218
203
192
176
147
118
98
88
82
70
49
29
22
25
31
28
15
0
-6
-4
-1
-4
-19
-41
-56
-62
-68
-83
-110
-141
-161
-172
-179
-196
-222
-249
-267
-275
-277
-283
-297
-318
-329
-321
-306
-293
-293
-298
-291
-273
-246
-220
-207
-201
-190
-166
-129
-88
-62
-50
-37
-11
28
65
88
97
104
118
146
175
192
193
189
190
201
218
232
230
214
202
201
208
213
205
189
173
167
170
173
172
164
155
153
151
151
152
148
143
140
135
130
128
125
123
118
105
92
78
67
57
42
26
8
-12
-29
-42
-56
-73
-94
-116
-134
-148
-160
-172
-189
-212
-229
-239
-246
-247
-258
-270
-279
-276
-263
-254
-249
-247
-243
-230
-215
-200
-186
-177
-163
-147
-128
-110
-95
-80
-65
-46
-24
-5
9
24
38
56
75
93
109
121
127
132
142
156
172
183
185
180
179
186
201
216
215
204
190
188
201
215
214
195
169
154
160
172
168
141
108
89
93
110
114
94
64
49
52
66
75
61
32
5
-1
7
9
-6
-39
-74
-94
-101
-107
-127
-159
-191
-213
-222
-227
-236
-251
-264
-273
-270
-262
-260
-256
-249
-236
-215
-198
-189
-181
-166
-143
-113
-86
-70
-64
-55
-33
-1
27
42
44
47
56
75
95
109
110
107
106
112
122
127
128
126
122
121
123
123
122
118
115
114
113
112
112
113
116
117
117
115
114
114
116
115
112
105
100
100
101
104
101
95
86
78
73
69
61
49
32
16
8
2
-8
-23
-42
-62
-78
-90
-104
-120
-135
-150
-158
-165
-169
-174
-180
-181
-180
-176
-172
-170
-168
-166
-161
-154
-145
-137
-128
-123
-116
-104
-90
-74
-63
-54
-50
-42
-30
-18
-7
2
8
13
21
30
38
46
52
55
58
63
72
81
84
85
89
97
104
109
111
117
120
123
129
132
132
134
134
136
137
136
133
130
130
129
124
117
113
109
102
94
84
76
69
58
48
40
30
16
1
-14
-28
-42
-57
-73
-84
-96
-107
-115
-122
-127
-134
-140
-146
-150
-153
-154
-153
-153
-152
-153
-152
-148
-140
-132
-127
-123
-119
-112
-104
-99
-87
-76
-65
-57
-52
-42
-29
-16
-4
8
18
21
24
32
39
50
60
64
64
67
71
78
84
86
88
90
92
96
100
101
106
109
110
113
111
110
108
105
109
110
107
101
93
88
85
86
85
79
70
59
48
42
39
37
29
20
8
2
-2
-6
-11
-19
-31
-42
-51
-57
-63
-70
-80
-90
-100
-107
-115
-123
-125
-129
-132
-134
-135
-137
-134
-130
-125
-117
-113
-107
-99
-92
-81
-71
-62
-55
-50
-44
-41
-36
-27
-17
-11
-7
-5
-2
4
10
17
22
27
31
34
38
44
50
56
60
66
72
76
79
84
88
91
95
101
106
108
113
117
117
117
117
117
117
114
111
108
104
98
91
87
78
70
60
53
46
37
27
17
10
3
-6
-13
-23
-33
-45
-56
-65
-74
-82
-90
-99
-108
-118
-125
-130
-133
-135
-136
-138
-138
-136
-132
-127
-123
-122
-115
-107
-101
-91
-84
-77
-69
-61
-54
-47
-39
-32
-26
-19
-11
-5
1
8
13
22
29
32
36
40
41
46
49
51
56
59
63
68
73
79
85
88
92
96
97
101
104
105
105
108
106
105
104
104
102
99
95
90
85
77
69
62
54
46
38
33
26
19
11
2
-7
-17
-25
-36
-45
-54
-60
-63
-64
-67
-71
-75
-76
-78
-76
-76
-76
-76
-75
-73
-71
-69
-67
-71
-74
-76
-76
-77
-78
-77
-79
-81
-79
-79
-75
-70
-63
-57
-51
-46
-40
-36
-32
-28
-22
-18
-14
-12
-9
-4
0
3
7
12
16
18
22
28
34
40
45
49
54
64
71
78
86
91
98
103
110
116
119
122
124
126
128
125
124
120
114
108
102
97
90
82
72
63
53
43
36
27
17
7
-5
-16
