1
1
0
0
1
2
3
5
3
2
2
2
0
0
-1
-1
0
-1
0
0
0
-1
-1
-1
-2
1
-1
-1
-2
-3
-3
-5
-4
-4
-3
-1
1
0
0
-1
0
0
0
-1
-2
-3
-2
-1
2
1
1
2
-1
0
1
2
2
2
2
0
0
1
2
3
2
1
3
5
5
5
3
1
3
7
1
-3
1
2
-1
0
3
2
1
1
0
0
2
4
-1
-3
-4
-1
0
-5
-2
-1
2
1
-1
5
0
4
5
1
2
-4
-1
-1
-2
-1
-3
1
3
1
-3
-2
0
1
1
0
2
1
0
0
1
1
1
1
1
0
-2
-3
-3
-3
-1
-4
-2
2
4
1
1
1
3
5
4
2
0
-2
1
5
6
5
5
6
0
-5
-4
-3
-3
-3
0
-1
-4
0
3
0
2
3
1
2
0
-2
-4
-1
3
5
0
-4
-1
0
-1
-2
-1
-1
3
0
-1
0
0
0
0
0
0
0
0
-1
-1
0
-1
-4
1
4
1
0
3
3
-1
1
3
-1
-1
4
3
0
0
1
2
1
0
1
2
2
0
1
3
3
5
2
4
3
2
2
-2
2
1
0
0
-1
1
0
3
4
2
0
-2
-2
0
0
-2
-2
-2
-4
-4
-4
-4
-4
-2
-1
-1
0
-1
0
0
5
3
1
3
0
1
5
2
-1
2
0
-4
2
-4
1
1
-2
2
-2
-1
-2
-3
1
0
2
2
4
2
2
5
6
1
1
6
2
-1
0
3
2
0
2
3
1
-4
0
1
-3
-1
1
3
4
-1
-2
1
1
2
1
-1
1
0
-1
0
-3
1
2
1
2
-1
3
-2
1
3
1
3
0
3
3
1
4
3
5
5
4
2
3
-1
-3
-1
3
2
-1
-3
1
1
0
1
3
1
0
-1
-1
-3
-3
-2
-3
-4
-3
-3
-4
-1
-1
0
1
0
1
2
1
0
0
-1
1
-1
-1
1
2
0
-1
-1
2
3
1
-1
1
0
3
3
2
2
2
-1
0
0
-1
2
3
0
0
1
-1
-1
-2
-4
1
1
-1
2
1
4
6
-1
1
5
-2
-4
2
1
-1
0
1
2
1
0
1
1
1
0
2
1
0
0
2
0
-1
-1
0
2
2
1
2
2
2
2
-2
2
0
3
0
1
-1
0
-2
-3
0
1
0
0
-2
-2
0
-2
-5
-3
-4
-2
1
3
2
3
0
-2
-1
-1
0
2
2
2
1
-1
-1
-1
0
3
2
1
-1
-3
-1
0
-1
-1
2
6
3
2
2
0
0
-1
1
2
2
2
0
0
-1
0
1
2
1
1
-1
-1
1
2
2
0
-1
0
1
5
3
-3
-3
-2
-1
-4
-4
-4
-2
0
1
0
0
2
-2
0
-1
0
-1
2
1
3
-2
1
1
0
3
7
1
1
1
1
2
2
1
2
0
0
2
0
1
3
1
4
3
0
-1
0
-2
-1
0
-2
-2
0
0
1
0
-1
-1
0
2
0
-1
-4
-3
-1
2
4
3
2
1
1
2
4
3
2
2
0
-1
0
0
0
-1
-2
-1
-1
0
-1
0
-1
1
1
0
0
0
0
2
2
2
2
2
1
0
0
1
1
0
-1
-3
-3
-3
-4
-2
-1
0
0
0
-1
-1
-1
-2
-3
-3
-3
-3
-3
-3
-3
-2
-3
-3
-2
-2
-1
1
0
1
-1
-2
0
3
2
1
-2
-2
-1
1
3
4
3
0
-2
0
-1
0
2
4
2
0
0
4
0
1
5
5
0
1
4
0
-4
4
6
1
3
2
2
5
1
1
6
2
0
-2
0
1
-2
-3
1
-1
-4
-2
2
-2
-4
0
2
-2
-4
0
2
-2
-4
-1
-1
-2
-2
-3
-3
-4
-4
-1
2
3
2
1
0
-1
0
0
1
-1
0
0
-1
-1
-4
-4
-3
-1
0
-1
-1
0
-1
1
1
0
-2
-3
-2
2
1
-1
-1
3
0
-3
0
1
0
2
5
4
0
2
5
1
-2
1
3
-1
-2
0
1
0
0
2
3
3
4
3
3
1
-1
2
3
1
-1
-3
0
0
-1
0
-2
0
-3
-4
-3
-6
-3
-4
-2
-1
-1
-1
1
-1
0
0
-1
0
-2
2
3
4
4
5
5
5
5
3
3
2
-1
-3
-5
-5
-4
-5
-4
-1
2
1
4
8
6
3
5
3
1
0
1
-1
-5
-1
2
-3
-5
0
2
-2
-5
-2
-1
-2
-1
0
-1
-4
-1
4
6
3
0
1
3
2
-3
-3
-1
-1
-2
-2
-2
0
4
5
2
5
6
5
6
9
8
6
8
6
-2
-2
-1
-3
-4
-4
-6
-9
-8
-4
-1
-1
-3
-7
-11
-15
-17
-16
-12
-10
-8
-7
-7
-8
-7
-3
-2
0
0
0
-2
0
1
6
10
13
15
14
13
15
18
17
14
14
15
16
14
10
7
9
10
8
5
4
5
3
0
-4
-8
-11
-13
-10
-8
-5
-3
-3
-1
1
0
-2
-2
-1
1
-1
-2
-3
-4
-4
-6
-8
-9
-10
-10
-11
-10
-11
-11
-10
-5
-4
-2
-6
-6
-6
-3
1
4
6
8
7
7
4
1
0
1
3
5
5
1
-1
-2
-1
2
3
3
0
-3
-7
-11
-9
-4
0
7
12
11
12
10
9
11
11
6
4
-2
-5
-4
-2
0
2
-1
-4
-4
-2
2
4
2
2
2
1
1
0
2
2
-1
-5
-6
-3
-1
-3
-4
-7
-8
-5
0
8
14
17
17
14
8
4
4
5
3
0
1
0
3
9
14
13
3
-12
-29
-41
-42
-32
-16
2
19
30
33
38
54
72
76
44
-29
-133
-243
-315
-327
-281
-195
-92
3
67
101
116
126
135
147
154
141
116
92
86
106
155
214
253
255
218
155
78
-7
-83
-127
-144
-142
-113
-60
10
82
148
172
137
70
-8
-82
-126
-124
-93
-59
-40
-43
-77
-134
-196
-256
-316
-362
-381
-362
-305
-214
-107
-11
78
150
201
230
231
219
193
165
140
114
101
92
91
87
67
36
-10
-63
-110
-140
-143
-119
-79
-45
-18
5
30
54
70
78
80
81
82
78
75
74
81
99
116
115
103
62
15
-15
-47
-77
-91
-87
-42
28
87
128
140
122
86
40
-4
-55
-101
-124
-142
-146
-136
-128
-113
-101
-116
-142
-170
-191
-195
-180
-141
-92
-39
18
57
87
107
100
90
89
84
87
97
103
112
108
83
58
48
59
84
114
131
127
97
50
-4
-43
-54
-38
4
47
61
44
1
-46
-65
-56
-39
-18
-3
7
25
34
30
13
-21
-65
-112
-153
-180
-184
-159
-116
-77
-57
-60
-66
-58
-37
-7
21
38
40
28
21
20
23
34
48
53
48
18
-19
-47
-61
-52
-19
19
64
102
122
130
133
127
116
102
84
65
52
37
22
20
20
19
23
19
5
-9
-39
-73
-104
-126
-130
-118
-103
-83
-68
-63
-71
-98
-129
-150
-155
-139
-111
-73
-30
14
53
81
97
103
110
115
117
114
105
98
89
82
81
73
54
27
-14
-54
-84
-102
-101
-79
-51
-17
9
18
11
-2
-6
5
22
32
34
30
27
29
32
32
27
19
19
26
33
32
24
11
-10
-24
-36
-43
-35
-22
-14
-3
-5
-14
-8
-1
12
38
59
76
77
51
13
-24
-53
-68
-81
-95
-110
-121
-117
-97
-66
-36
-9
12
33
49
57
52
45
42
44
51
59
70
92
105
101
80
46
23
11
4
1
0
-5
-1
11
21
21
4
-12
-27
-35
-37
-43
-44
-50
-69
-82
-90
-90
-73
-54
-46
-49
-64
-82
-98
-103
-95
-70
-31
4
26
41
39
24
7
-5
-1
22
49
71
82
82
73
66
67
73
76
76
72
64
48
25
0
-19
-30
-33
-29
-15
5
21
23
22
21
24
32
39
42
36
15
-16
-42
-63
-72
-69
-63
-53
-46
-45
-43
-34
-23
-14
-8
-2
-1
-9
-23
-32
-25
-7
13
27
33
34
31
31
31
25
14
3
0
10
25
34
39
35
20
7
-11
-19
-20
-26
-30
-30
-32
-23
-17
-12
-3
-1
-4
-13
-29
-34
-24
-2
20
32
33
26
22
34
46
54
55
45
28
9
-15
-30
-34
-34
-30
-28
-32
-29
-20
-5
16
34
38
38
29
11
-7
-23
-33
-33
-23
-12
-1
7
9
11
11
14
14
15
10
-3
-22
-34
-46
-56
-59
-60
-46
-29
-14
2
21
40
56
65
65
56
44
38
31
17
-2
-24
-42
-55
-70
-79
-85
-82
-70
-51
-33
-21
-16
-12
-7
0
0
-13
-33
-48
-54
-44
-24
6
40
73
99
116
125
127
124
114
99
75
45
14
-11
-21
-19
-11
-6
-7
-9
-10
-7
-4
-2
-5
-7
-10
-9
-9
-11
-16
-22
-31
-39
-46
-48
-43
-30
-9
8
21
16
7
-5
-8
-4
2
3
-4
-12
-21
-25
-22
-16
-8
0
6
7
2
-10
-23
-32
-34
-26
-14
-3
5
14
24
36
44
48
46
41
38
32
23
10
-7
-21
-30
-31
-27
-16
-6
5
12
12
9
4
1
2
7
15
22
23
14
0
-14
-24
-31
-35
-28
-22
-23
-27
-26
-18
-17
-22
-21
-14
-8
-12
-16
-14
-10
-5
2
12
21
30
41
51
52
40
28
18
8
-2
-11
-15
-18
-18
-17
-16
-21
-29
-32
-32
-28
-30
-30
-29
-24
-14
5
26
43
50
49
46
43
42
42
43
43
40
34
29
18
10
4
0
-5
-12
-18
-22
-26
-29
-30
-34
-43
-54
-59
-56
-51
-51
-54
-57
-55
-49
-44
-39
-32
-25
-17
-3
10
20
23
21
18
25
38
57
70
76
76
71
59
42
31
31
40
46
41
28
10
-4
-13
-15
-10
-3
-1
-3
-5
-7
-13
-19
-25
-28
-29
-24
-15
-7
-11
-13
-18
-23
-22
-32
-25
-9
-2
1
-1
-7
-13
-14
-9
2
17
22
24
25
16
8
-3
-3
2
8
13
5
-9
-28
-43
-47
-45
-34
-23
-19
-17
-14
-6
6
15
15
10
4
3
7
14
26
39
44
49
51
47
46
41
29
29
31
29
31
26
16
11
9
12
17
17
15
16
11
-1
-19
-33
-30
-24
-18
-14
-17
-16
-18
-20
-15
-11
-2
5
6
13
9
11
14
12
10
4
-8
-31
-45
-57
-52
-33
-28
-20
-24
-42
-55
-61
-73
-72
-69
-87
-71
-57
-59
-29
-37
-48
-28
-39
-23
8
3
25
29
-3
-11
-33
-57
-31
-9
16
59
53
29
11
-49
-83
-94
-128
-109
-80
-52
40
110
162
210
171
82
-35
-218
-365
-445
-463
-418
-428
-509
-719
-937
-929
-635
73
989
1764
2111
1791
1020
21
-920
-1360
-1237
-618
331
1251
1857
1936
1496
755
100
-162
-2
579
1184
1481
1445
1003
533
238
45
-15
-117
-301
-421
-421
-303
-60
154
191
36
-412
-913
-1158
-1136
-794
-279
145
273
118
-142
-369
-395
-345
-320
-316
-418
-478
-525
-578
-547
-556
-572
-560
-523
-488
-423
-348
-412
-492
-627
-769
-858
-989
-966
-894
-792
-587
-463
-383
-398
-467
-521
-527
-422
-339
-211
-119
-62
97
248
535
831
986
1086
1002
808
610
504
560
757
1015
1207
1333
1282
1174
1128
1038
1033
990
942
925
903
982
1039
1107
1103
1045
1009
952
960
973
982
949
888
830
729
622
526
460
423
418
406
354
257
116
-43
-200
-342
-472
-582
-680
-816
-1007
-1218
-1408
-1596
-1847
-2163
-2497
-2803
-3089
-3299
-3395
-3423
-3448
-3479
-3416
-3327
-3202
-3056
-2860
-2557
-2241
-1818
-1367
-902
-500
-242
35
274
624
1062
1491
1908
2137
2265
2272
2185
2137
2024
1918
1866
1785
1747
1713
1603
1482
1361
1204
1040
851
682
636
596
579
655
731
896
1068
1227
1488
1707
1913
2117
2257
2373
2471
2537
2576
2700
2811
2863
2960
2981
2959
2893
2742
2531
2247
1990
1728
1475
1178
799
420
-75
-578
-1099
-1654
-2190
-2876
-3577
-4292
-5070
-5750
-6329
-6706
-6885
-6929
-6926
-6890
-6693
-6436
-6089
-5713
-5354
-4924
-4493
-3962
-3315
-2550
-1686
-866
-79
707
1528
2332
3026
3555
3879
4111
4200
4151
4188
4204
4150
3990
3720
3562
3366
3118
2746
2249
1757
1074
409
-239
-808
-1251
-1791
-2327
-2822
-3186
-3454
-3531
-3378
-3055
-2550
-2046
-1461
-845
-213
511
1193
1840
2458
3016
3610
4232
4764
5220
5559
5767
5931
6000
6009
6025
5958
5743
5380
4873
4333
3784
3152
2526
1908
1265
721
305
-39
-364
-822
-1372
-1881
-2392
-2905
-3393
-3954
-4642
-5469
-6328
-6996
-7433
-7661
-7620
-7428
-7274
-7173
-7015
-6613
-6008
-5488
-5099
-4710
-4307
-3844
-3266
-2491
-1509
-586
127
796
1536
2362
3151
3668
3895
3937
3825
3628
3474
3452
3510
3399
3034
2701
2562
2397
2061
1628
1156
631
-35
-751
-1243
-1616
-2105
-2601
-2954
-3067
-2922
-2660
-2242
-1630
-1103
-679
-106
638
1405
2062
2548
2990
3456
3918
4496
5194
5834
6332
6631
6806
6979
7043
6923
6647
6203
5667
5083
4500
4021
3548
2931
2238
1593
1044
567
112
-363
-961
-1772
-2710
-3601
-4453
-5453
-6593
-7597
-8339
-8895
-9243
-9256
-9045
-8922
-8932
-8770
-8269
-7642
-7098
-6565
-5925
-5284
-4719
-4035
-3025
-1831
-745
189
1150
2186
3128
3860
4437
4905
5181
5196
5043
4896
4768
4495
4030
3559
3260
3067
2802
2444
2028
1466
671
-215
-951
-1488
-1969
-2440
-2760
-2823
-2706
-2524
-2236
-1801
-1320
-913
-459
194
901
1479
1960
2483
2991
3458
3996
4719
5489
6103
6636
7071
7464
7585
7465
7251
6881
6440
5715
5043
4455
3865
3263
2541
2028
1439
748
0
-789
-1612
-2848
-4283
-5694
-6965
-8125
-9180
-9883
-10300
-10586
-10831
-10805
-10392
-9771
-9103
-8554
-7920
-7232
-6609
-5938
-5268
-4380
-3483
-2678
-1731
-626
698
1922
2956
3899
4697
5291
5606
5748
5804
5732
5419
4921
4449
4106
3805
3368
2883
2498
2117
1651
1162
720
298
-272
-947
-1444
-1825
-2164
-2321
-2348
-2241
-1933
-1551
-1026
-258
523
1128
1622
2127
2670
3135
3549
4075
4613
5047
5480
5955
6433
6733
6718
6698
6728
6482
6057
5669
5231
4662
3924
3131
2439
1750
976
139
-758
-1786
-3046
-4350
-5489
-6510
-7581
-8576
-9345
-9916
-10356
-10567
-10365
-9931
-9373
-8929
-8437
-7710
-6985
-6255
-5659
-4855
-4002
-3264
-2479
-1582
-391
643
1575
2460
3405
4251
4726
5125
5323
5425
5202
4827
4639
4482
4281
3753
3201
2829
2419
1857
1275
848
472
-46
-763
-1242
-1412
-1714
-2098
-2282
-2238
-2071
-1865
-1542
-991
-400
97
630
1275
1968
2608
3213
3884
4486
4929
5355
5887
6353
6575
6605
6562
6499
6189
5787
5435
5058
4545
3720
3031
2522
1949
1302
566
-97
-990
-2240
-3557
-4755
-5811
-6894
-7824
-8443
-8882
-9337
-9702
-9594
-9188
-8726
-8372
-7905
-7128
-6451
-5831
-5266
-4518
-3714
-3152
-2505
-1714
-652
319
1106
1945
2769
3589
4091
4430
4729
4814
4676
4200
3845
3636
3305
2778
2079
1709
1427
1114
797
564
481
103
-346
-778
-961
-1123
-1415
-1599
-1701
-1578
-1503
-1170
-657
-124
335
701
1311
1888
2474
2949
3529
4088
4427
4786
5173
5708
5926
5969
6009
5972
5865
5512
5252
4998
4518
3824
3154
2709
2157
1424
712
124
-619
-1717
-2820
-3816
-4741
-5813
-6842
-7458
-7946
-8396
-8872
-8926
-8531
-8181
-7828
-7439
-6775
-6174
-5719
-5151
-4516
-3755
-3164
-2689
-2182
-1522
-660
38
722
1505
2312
3063
3546
3975
4353
4533
4372
4000
3854
3634
3179
2658
2104
1711
1337
794
274
-49
-416
-952
-1409
-1688
-1720
-1921
-2220
-2074
-1902
-1738
-1442
-960
-246
319
773
1400
2141
2698
3148
3643
4125
4529
4805
5215
5699
5933
5994
6101
6155
6034
5813
5612
5387
5008
4559
3987
3453
2872
2087
1348
691
125
-672
-1706
-2646
-3629
-4648
-5767
-6736
-7373
-8027
-8615
-9057
-9081
-8779
-8517
-8113
-7598
-6817
-6080
-5476
-4778
-4026
-3209
-2725
-2296
-1760
-1051
-350
125
757
1469
2285
2883
3349
3906
4332
4564
4420
4224
4096
3853
3371
2690
2084
1538
943
352
-50
-295
-567
-911
-1194
-1328
-1472
-1734
-2002
-2111
-2086
-2032
-1879
-1555
-1167
-827
-502
-14
663
1409
2117
2842
3577
4221
4733
5221
5800
6183
6370
6445
6457
6456
6192
5914
5660
5337
4970
4492
4170
3823
3243
2530
1874
1335
642
-218
-1111
-2037
-3180
-4523
-5699
-6670
-7429
-8140
-8755
-9016
-9132
-9064
-8847
-8403
-7754
-7274
-6787
-6163
-5434
-4767
-4261
-3651
-2941
-2293
-1744
-1037
-130
671
1305
1880
2650
3352
3761
4131
4411
4579
4404
4090
3986
3802
3397
2761
2213
1825
1306
692
211
-34
-305
-733
-1081
-1148
-1164
-1366
-1587
-1619
-1543
-1530
-1474
-1238
-966
-784
-544
-71
571
1238
1923
2679
3447
4125
4700
5232
5713
6036
6174
6242
6289
6236
6045
5788
5545
5283
4941
4537
4153
3762
3256
2619
1934
1158
150
-1089
-2372
-3600
-4793
-5950
-6985
-7838
-8575
-9171
-9506
-9489
-9235
-8896
-8512
-7965
-7250
-6556
-5914
-5382
-4788
-4221
-3790
-3252
-2616
-1760
-959
-305
451
1260
2155
2904
3505
4095
4563
4831
4852
4822
4785
4605
4145
3526
3068
2608
2073
1497
1036
738
246
-182
-401
-459
-523
-845
-1085
-1175
-1229
-1329
-1376
-1187
-991
-916
-758
-325
254
791
1311
1944
2669
3290
3821
4417
5030
5401
5489
5575
5715
5699
5490
5275
5095
4765
4325
3971
3743
3425
2965
2489
2014
1428
519
-500
-1578
-2714
-3958
-5249
-6200
-7076
-7882
-8628
-9085
-9117
-9063
-8776
-8401
-7829
-7193
-6625
-5976
-5375
-4696
-4116
-3645
-3163
-2612
-1928
-1267
-633
55
879
1744
2507
3170
3825
4403
4700
4757
4805
4934
4851
4400
3820
3293
2791
2164
1413
798
334
-203
-733
-1127
-1347
-1479
-1703
-1857
-1805
-1739
-1723
-1615
-1445
-1253
-1076
-816
-278
276
823
1427
2149
2875
3473
4144
4736
5322
5658
5814
6068
6161
6165
5956
5752
5580
5261
4899
4469
4185
3818
3324
2864
2362
1861
1014
12
-960
-2079
-3197
-4447
-5561
-6502
-7427
-8279
-8937
-9129
-9159
-9059
-8876
-8480
-7782
-7232
-6620
-5907
-5144
-4399
-3915
-3377
-2713
-2022
-1447
-962
-299
419
1200
1926
2580
3332
3923
4366
4677
4885
5085
5025
4674
4217
3712
3156
2558
1853
1157
574
-30
-617
-1062
-1339
-1507
-1730
-1986
-2045
-1996
-2002
-1971
-1861
-1686
-1504
-1367
-1090
-645
-220
210
755
1412
2103
2750
3440
4197
4820
5227
5583
5970
6218
6166
5981
5862
5689
5334
4952
4703
4464
4052
3554
3221
2951
2509
1953
1374
712
-138
-1231
-2371
-3413
-4514
-5683
-6671
-7401
-8021
-8603
-8935
-8875
-8645
-8441
-8110
-7479
-6724
-6119
-5597
-4910
-4128
-3560
-3222
-2764
-2048
-1372
-918
-431
343
1199
1827
2356
3064
3834
4364
4587
4764
5038
5093
4717
4206
3785
3324
2646
1824
1172
700
64
-675
-1163
-1402
-1631
-1938
-2155
-2097
-1940
-1942
-1935
-1724
-1476
-1347
-1198
-798
-197
243
529
1075
1840
2459
2964
3624
4465
5186
5552
5811
6228
6547
6474
6203
6064
5985
5636
5071
4650
4343
3833
3166
2677
2367
1852
1006
90
-764
-1748
-2982
-4236
-5243
-6158
-7226
-8230
-8787
-8983
-9149
-9250
-9012
-8465
-7894
-7378
-6731
-5914
-5180
-4695
-4252
-3625
-2931
-2370
-1868
-1271
-586
90
764
1514
2310
3028
3583
4014
4435
4799
5008
5038
4884
4607
4225
3686
3112
2548
1929
1300
668
110
-277
-659
-1073
-1335
-1489
-1593
-1630
-1675
-1675
-1590
-1581
-1607
-1496
-1252
-943
-653
-300
299
963
1543
2207
3003
3824
4495
4983
5513
6030
6282
6327
6302
6240
6046
5642
5230
4917
4520
4009
3560
3238
2887
2342
1644
900
82
-888
-1989
-3082
-4105
-5191
-6363
-7390
-8090
-8571
-8958
-9145
-9044
-8780
-8456
-7959
-7241
-6478
-5829
-5233
-4555
-3843
-3257
-2736
-2119
-1487
-963
-490
173
1002
1642
2127
2664
3315
3839
4027
4220
4522
4611
4337
3889
3645
3376
2734
1923
1262
792
186
-514
-911
-1003
-1186
-1517
-1650
-1452
-1258
-1300
-1223
-968
-681
-589
-525
-161
166
429
626
1081
1724
2261
2870
3528
4320
4927
5417
5900
6305
6545
6421
6292
6116
5854
5418
4849
4397
3835
3297
2785
2350
1933
1221
459
-380
-1236
-2185
-3315
-4273
-5289
-6279
-7246
-7989
-8297
-8568
-8738
-8815
-8488
-7907
-7391
-6848
-6214
-5379
-4725
-4237
-3688
-2959
-2198
-1709
-1268
-707
49
762
1272
1853
2473
3080
3445
3652
3998
4243
4310
4067
3792
3638
3288
2709
1988
1422
861
169
-539
-1011
-1279
-1710
-2107
-2324
-2204
-2023
-2057
-1949
-1584
-1207
-1051
-888
-514
-66
179
345
821
1485
2033
2499
3125
3891
4618
5125
5638
6238
6589
6724
6711
6716
6630
6252
5741
5287
4850
4207
3595
3125
2683
2101
1274
572
-84
-971
-2061
-3108
-3999
-4942
-6010
-6966
-7611
-8086
-8518
-8820
-8796
-8498
-8166
-7810
-7228
-6440
-5717
-5111
-4503
-3721
-2997
-2448
-1805
-1145
-498
45
558
1164
1729
2201
2617
3095
3434
3636
3786
3858
3889
3667
3355
3099
2713
2173
1534
974
403
-288
-944
-1468
-1856
-2275
-2594
-2736
-2725
-2580
-2512
-2265
-1848
-1510
-1136
-732
-197
333
707
1171
1791
2412
2949
3490
4136
4805
5358
5802
6282
6732
6930
6931
6899
6877
6709
6338
5923
5494
5012
4402
3818
3331
2736
1992
1118
331
-528
-1588
-2671
-3687
-4609
-5628
-6564
-7266
-7799
-8178
-8469
-8512
-8379
-8180
-7896
-7497
-6900
-6335
-5792
-5152
-4497
-3852
-3248
-2511
-1758
-1111
-500
127
883
1524
2005
2469
2984
3375
3481
3604
3765
3798
3570
3184
2945
2725
2236
1577
1019
538
-18
-701
-1303
-1635
-1959
-2421
-2713
-2713
-2617
-2583
-2522
-2202
-1748
-1445
-1139
-632
-14
504
876
1417
2197
2867
3390
3992
4735
5398
5848
6228
6773
7194
7176
7065
7050
7035
6760
6231
5879
5599
5074
4416
3890
3470
2873
1983
1090
394
-504
-1729
-2904
-3893
-4846
-5951
-6990
-7655
-8140
-8647
-9051
-9079
-8809
-8597
-8361
-7849
-7154
-6522
-5986
-5333
-4500
-3774
-3267
-2627
-1777
-1029
-468
67
796
1574
2019
2360
2885
3371
3582
3532
3566
3714
3570
3112
2670
2378
2010
1379
727
316
-78
-678
-1212
-1483
-1614
-1807
-2078
-2136
-1980
-1913
-1893
-1739
-1420
-1096
-905
-614
-75
452
902
1434
2137
2931
3583
4134
4812
5515
6033
6405
6750
7061
7204
7052
6882
6820
6577
6154
5651
5214
4789
4204
3550
2972
2342
1478
518
-469
-1417
-2479
-3661
-4643
-5559
-6488
-7369
-8037
-8409
-8657
-8892
-8946
-8675
-8331
-7943
-7455
-6771
-6018
-5396
-4766
-4059
-3280
-2589
-1975
-1339
-671
-15
564
1169
1750
2263
2690
3044
3357
3547
3695
3741
3596
3303
2969
2669
2206
1587
1004
489
-12
-589
-1049
-1348
-1614
-1905
-2173
-2186
-2117
-2108
-1992
-1763
-1507
-1295
-1044
-568
-45
319
741
1354
2027
2616
3156
3847
4614
5221
5684
6245
6783
7082
7141
7137
7222
7119
6824
6441
6080
5667
5012
4374
3806
3214
2403
1403
481
-457
-1490
-2654
-3742
-4647
-5606
-6586
-7422
-7918
-8252
-8649
-8876
-8826
-8549
-8304
-7997
-7413
-6731
-6057
-5489
-4784
-3933
-3165
-2499
-1886
-1149
-428
168
760
1375
1910
2330
2700
3029
3321
3477
3533
3548
3400
3166
2925
2588
2142
1614
1066
580
55
-484
-879
-1222
-1610
-1956
-2145
-2174
-2206
-2263
-2181
-1959
-1760
-1595
-1255
-758
-301
42
517
1207
1875
2423
2985
3757
4520
5067
5559
6153
6727
6962
7023
7162
7314
7208
6815
6481
6219
5821
5173
4538
4055
3441
2569
1620
803
-56
-1161
-2332
-3337
-4227
-5215
-6222
-7004
-7553
-8061
-8515
-8691
-8581
-8413
-8259
-7917
-7328
-6690
-6136
-5545
-4835
-4139
-3543
-2910
-2163
-1465
-907
-377
307
994
1491
1932
2407
2863
3087
3149
3332
3480
3347
3023
2757
2552
2205
1623
1053
670
212
-409
-898
-1132
-1348
-1727
-2034
-2038
-1941
-1976
-1974
-1723
-1374
-1152
-938
-488
110
578
945
1489
2229
2879
3340
3878
4601
5219
5588
5939
6446
6878
6945
6876
6959
6984
6721
6266
5859
5565
5060
4301
3667
3141
2424
1435
401
-488
-1396
-2546
-3672
-4531
-5366
-6281
-7151
-7731
-8007
-8316
-8603
-8592
-8313
-8001
-7705
-7235
-6552
-5879
-5346
-4739
-3976
-3207
-2527
-1955
-1309
-586
59
659
1215
1786
2309
2672
2965
3229
3439
3528
3468
3306
3121
2884
2532
2089
1580
1061
500
-124
-694
-1176
-1673
-2191
-2629
-2900
-2964
-2988
-2986
-2801
-2484
-2095
-1703
-1229
-557
74
612
1230
1988
2715
3300
3864
4491
5142
5612
6020
6491
6886
7126
7170
7260
7392
7292
7012
6689
6394
5973
5373
4784
4216
3533
2584
1528
567
-415
-1565
-2821
-3911
-4879
-5866
-6810
-7571
-8047
-8430
-8772
-8895
-8776
-8551
-8283
-7922
-7422
-6819
-6227
-5636
-4982
-4264
-3579
-2900
-2186
-1465
-728
-30
698
1381
1965
2510
3005
3427
3657
3793
3895
3893
3715
3394
3089
2686
2136
1503
900
343
-277
-868
-1373
-1774
-2140
-2504
-2702
-2757
-2761
-2714
-2611
-2377
-2085
-1797
-1431
-933
-413
76
577
1188
1932
2616
3264
4011
4763
5435
5999
6545
7054
7361
7453
7501
7510
7351
7047
6684
6322
5892
5303
4728
4295
3820
3143
2379
1689
927
-87
-1274
-2341
-3355
-4510
-5685
-6685
-7431
-8168
-8858
-9234
-9293
-9234
-9178
-8897
-8304
-7576
-6975
-6356
-5505
-4683
-4038
-3494
-2764
-1937
-1328
-851
-259
469
1061
1491
1950
2503
2956
3167
3336
3609
3798
3686
3399
3171
2932
2473
1851
1311
874
343
-299
-794
-1068
-1378
-1794
-2067
-2093
-2090
-2197
-2198
-1939
-1630
-1483
-1317
-904
-362
63
409
999
1716
2326
2875
3502
4300
4953
5400
5901
6470
6901
7032
7094
7207
7205
6933
6513
6191
5860
5326
4678
4138
3626
2921
2022
1122
269
-709
-1856
-2977
-3965
-4955
-6039
-7022
-7725
-8254
-8755
-9114
-9176
-9016
-8817
-8544
-8030
-7327
-6667
-6072
-5341
-4472
-3699
-3088
-2421
-1621
-890
-328
228
901
1545
1990
2368
2836
3264
3523
3664
3762
3793
3638
3311
2976
2641
2173
1610
1082
592
81
-440
-873
-1197
-1516
-1786
-1906
-1946
-1973
-1950
-1842
-1655
-1473
-1296
-971
-532
-108
322
857
1490
2116
2724
3355
4063
4668
5186
5726
6227
6678
6909
7048
7148
7133
6956
6642
6382
6002
5514
4956
4367
3769
2966
2046
1078
90
-986
-2146
-3231
-4238
-5234
-6235
-7117
-7763
-8237
-8638
-8904
-8928
-8751
-8501
-8201
-7695
-7014
-6381
-5786
-5087
-4309
-3564
-2917
-2286
-1573
-879
-281
337
1005
1591
2040
2441
2882
3263
3449
3567
3700
3681
3472
3196
2910
2555
2035
1421
910
464
-64
-579
-948
-1240
-1577
-1903
-2068
-2084
-2102
-2126
-1996
-1760
-1550
-1333
-993
-571
-155
276
817
1487
2117
2729
3389
4094
4786
5293
5800
6301
6661
6850
6908
6988
6963
6751
6434
6130
5770
5323
4816
4290
3774
3102
2373
1569
649
-337
-1440
-2522
-3581
-4655
-5713
-6677
-7483
-8158
-8654
-8952
-9049
-8980
-8765
-8371
-7807
-7167
-6530
-5850
-5100
-4375
-3734
-3096
-2393
-1736
-1197
-668
-42
588
1103
1574
2075
2571
2916
3141
3439
3698
3723
3517
3312
3155
2781
2206
1637
1161
640
-21
-570
-906
-1191
-1592
-1955
-2017
-1958
-1994
-2075
-1947
-1655
-1512
-1428
-1178
-700
-291
-17
431
1110
1819
2391
3008
3802
4596
5170
5648
6206
6728
7009
7018
7056
7108
6962
6584
6174
5885
5479
4889
4255
3754
3196
2391
1507
682
-151
-1239
-2419
-3451
-4385
-5383
-6449
-7284
-7841
-8315
-8775
-8997
-8891
-8650
-8411
-8015
-7311
-6564
-5926
-5316
-4548
-3701
-3032
-2457
-1818
-1141
-573
-90
492
1123
1636
2044
2489
2941
3268
3480
3660
3753
3661
3441
3197
2889
2424
1835
1230
648
67
-499
-962
-1329
-1685
-1978
-2131
-2120
-2069
-2033
-1906
-1721
-1501
-1291
-1002
-596
-237
96
537
1136
1765
2337
2957
3634
4288
4864
5405
5939
6405
6720
6853
6950
6994
6854
6571
6215
5844
5365
4792
4258
3718
3090
2307
1466
624
-263
-1283
-2344
-3338
-4320
-5321
-6296
-7042
-7619
-8133
-8485
-8604
-8496
-8297
-7995
-7506
-6893
-6271
-5669
-5027
-4322
-3624
-3037
-2459
-1814
-1203
-698
-188
396
955
1403
1757
2198
2625
2868
3035
3183
3281
3195
2929
2677
2427
2027
1482
972
553
96
-441
-887
-1154
-1371
-1621
-1786
-1765
-1688
-1686
-1649
-1451
-1200
-1027
-842
-510
-109
256
652
1210
1868
2476
3048
3695
4389
4988
5463
5911
6332
6580
6634
6633
6616
6468
6125
5745
5379
4961
4445
3894
3414
2860
2160
1346
541
-281
-1269
-2305
-3301
-4251
-5234
-6195
-6949
-7525
-7959
-8283
-8414
-8294
-8032
-7659
-7190
-6570
-5880
-5248
-4609
-3933
-3225
-2605
-2053
-1484
-938
-409
79
605
1104
1539
1946
2324
2681
2928
3113
3203
3202
3084
2878
2640
2267
1788
1222
681
158
-384
-857
-1247
-1544
-1819
-2024
-2078
-2024
-1946
-1873
-1715
-1466
-1208
-969
-668
-306
47
397
815
1336
1902
2451
2999
3633
4298
4914
5437
5922
6368
6636
6789
6875
6882
6726
6368
5990
5563
5073
4510
3957
3439
2785
2032
1260
458
-420
-1419
-2408
-3341
-4271
-5204
-6099
-6827
-7389
-7868
-8216
-8361
-8307
-8130
-7821
-7338
-6735
-6105
-5467
-4783
-4067
-3370
-2712
-2053
-1403
-818
-271
259
790
1264
1663
2072
2432
2743
2972
3154
3302
3311
3205
3023
2775
2388
1898
1364
807
187
-474
-1072
-1619
-2061
-2455
-2755
-2891
-2901
-2804
-2655
-2382
-2031
-1629
-1221
-773
-265
211
703
1159
1687
2264
2767
3296
3888
4510
5083
5601
6089
6540
6878
7080
7220
7263
7162
6923
6588
6187
5691
5114
4511
3885
3175
2372
1529
671
-271
-1310
-2340
-3296
-4232
-5177
-6042
-6756
-7347
-7833
-8167
-8310
-8307
-8208
-7988
-7593
-7069
-6523
-5955
-5289
-4556
-3877
-3235
-2529
-1788
-1140
-582
8
630
1179
1625
2038
2458
2821
3059
3205
3332
3396
3266
2982
2707
2407
1965
1402
825
312
-220
-844
-1403
-1806
-2170
-2538
-2794
-2848
-2780
-2728
-2631
-2378
-2038
-1729
-1413
-942
-356
162
618
1204
1904
2532
3072
3672
4393
5012
5535
6035
6549
6952
7112
7226
7290
7304
7099
6751
6426
6011
5502
4860
4319
3797
3140
2409
1667
971
80
-957
-2025
-2994
-3950
-5012
-5936
-6751
-7466
-8112
-8616
-8818
-8862
-8817
-8647
-8240
-7596
-6942
-6268
-5522
-4703
-3915
-3258
-2538
-1788
-1108
-535
-66
532
1079
1486
1891
2288
2699
2951
3151
3345
3498
3479
3249
3032
2728
2372
1849
1238
663
31
-586
-1170
-1602
-2015
-2336
-2568
-2668
-2602
-2546
-2371
-2184
-1887
-1554
-1228
-838
-444
-35
335
828
1369
1997
2596
3152
3803
4433
5095
5647
6195
6684
7012
7201
7289
7355
7217
6962
6545
6070
5614
5020
4412
3795
3160
2448
1664
890
109
-791
-1823
-2815
-3773
-4725
-5664
-6558
-7319
-7977
-8536
-8883
-8995
-8927
-8741
-8443
-7920
-7204
-6472
-5729
-4931
-4126
-3353
-2622
-1887
-1161
-537
-26
475
1000
1455
1834
2139
2466
2740
2913
3107
3234
3289
3191
2964
2727
2369
1923
1399
826
265
-280
-812
-1279
-1638
-1964
-2209
-2329
-2322
-2213
-2072
-1867
-1586
-1288
-937
-531
-97
344
780
1248
1802
2368
2927
3519
4107
4719
5267
5798
6284
6680
7001
7150
7262
7248
7109
6828
6405
5975
5438
4860
4168
3458
2728
1878
983
26
-903
-1880
-2843
-3793
-4707
-5551
-6414
-7105
-7686
-8163
-8462
-8662
-8645
-8499
-8229
-7786
-7249
-6611
-5950
-5208
-4457
-3688
-2921
-2233
-1503
-852
-220
339
875
1389
1775
2119
2432
2737
2891
3033
3082
3049
2947
2676
2484
2164
1781
1317
842
405
-128
-607
-1089
-1446
-1800
-2097
-2258
-2329
-2302
-2266
-2082
-1833
-1516
-1198
-800
-321
138
664
1180
1816
2433
2996
3585
4180
4763
5252
5740
6144
6501
6746
6892
7015
6972
6856
6650
6340
5981
5540
5028
4432
3799
3097
2304
1434
485
-463
-1528
-2544
-3558
-4592
-5472
-6368
-7093
-7706
-8132
-8402
-8599
-8533
-8356
-7983
-7558
-6980
-6301
-5658
-4939
-4274
-3505
-2768
-2098
-1496
-898
-258
267
770
1260
1766
2134
2415
2708
2943
3135
3127
3048
2965
2759
2477
2089
1684
1195
604
29
-538
-1047
-1593
-2078
-2472
-2783
-2936
-3076
-3069
-2945
-2767
-2495
-2163
-1701
-1195
-670
-147
442
1114
1779
2429
3058
3710
4350
4947
5524
6098
6601
6981
7230
7412
7556
7554
7396
7135
6817
6401
5916
5385
4796
4190
3475
2762
2066
1296
484
-472
-1456
-2408
-3412
-4359
-5289
-6148
-6964
-7701
-8231
-8617
-8787
-8851
-8768
-8504
-8096
-7499
-6860
-6114
-5344
-4581
-3806
-3068
-2303
-1606
-970
-400
127
666
1160
1607
1985
2314
2578
2764
2900
2988
2979
2844
2642
2383
2059
1646
1144
652
102
-456
-991
-1482
-1862
-2245
-2516
-2685
-2768
-2753
-2698
-2523
-2272
-1956
-1580
-1126
-645
-132
400
947
1580
2191
2855
3490
4098
4750
5357
5960
6483
6934
7303
7527
7636
7656
7584
7375
7031
6603
6144
5610
5014
4392
3773
3135
2419
1712
987
245
-588
-1491
-2397
-3348
-4295
-5248
-6132
-6950
-7706
-8310
-8758
-9016
-9140
-9109
-8881
-8474
-7903
-7204
-6396
-5538
-4679
-3840
-3005
-2210
-1486
-832
-242
282
744
1161
1518
1831
2078
2295
2490
2649
2787
2838
2835
2750
2568
2316
1956
1527
1018
455
-126
-691
-1196
-1676
-2126
-2491
-2721
-2830
-2846
-2744
-2517
-2195
-1809
-1345
-808
-247
312
863
1438
2022
2582
3132
3704
4282
4814
5311
5822
6338
6761
7074
7332
7523
7588
7490
7317
7058
6672
6151
5529
4900
4180
3396
2574
1791
1039
197
-665
-1538
-2403
-3322
-4230
-5082
-5899
-6660
-7430
-8055
-8520
-8859
-9071
-9129
-8986
-8686
-8213
-7635
-6879
-6044
-5228
-4360
-3470
-2573
-1747
-998
-316
293
809
1245
1621
1926
2183
2324
2438
2555
2602
2634
2576
2459
2342
2119
1815
1478
1119
721
244
-233
-649
-1048
-1449
-1801
-2069
-2224
-2276
-2281
-2161
-1894
-1559
-1165
-697
-156
424
984
1546
2157
2779
3374
3945
4506
5029
5481
5890
6288
6623
6860
7030
7115
7123
7047
6854
6591
6247
5795
5255
4666
4013
3303
2528
1694
864
-37
-982
-1928
-2909
-3833
-4761
-5658
-6433
-7156
-7752
-8221
-8565
-8746
-8794
-8677
-8414
-7995
-7464
-6838
-6126
-5389
-4599
-3826
-3043
-2293
-1597
-930
-337
225
718
1153
1522
1818
2083
2277
2430
2549
2581
2550
2460
2293
2078
1776
1387
989
546
65
-396
-835
-1206
-1561
-1879
-2077
-2182
-2213
-2163
-2006
-1771
-1466
-1127
-694
-169
292
805
1335
1896
2491
2999
3571
4153
4681
5191
5658
6111
6511
6802
6994
7145
7221
7162
6963
6685
6360
5899
5322
4734
4116
3408
2655
1907
1179
412
-441
-1297
-2131
-2998
-3899
-4754
-5536
-6278
-6992
-7590
-8025
-8347
-8517
-8589
-8454
-8114
-7695
-7150
-6478
-5653
-4871
-4088
-3265
-2461
-1671
-1059
-443
136
595
988
1260
1537
1783
1922
1985
2073
2168
2167
2097
1989
1895
1708
1402
1094
782
442
-9
-451
-784
-1128
-1467
-1782
-1951
-2009
-2064
-2012
-1853
-1573
-1267
-938
-495
7
493
938
1441
2010
2543
3029
3555
4140
4668
5118
5526
5928
6333
6585
6713
6859
6901
6791
6566
6276
5978
5528
4965
4419
3851
3221
2541
1859
1206
534
-233
-1021
-1767
-2517
-3309
-4144
-4903
-5583
-6291
-6984
-7472
-7797
-8050
-8195
-8197
-7944
-7589
-7175
-6612
-5919
-5150
-4423
-3674
-2884
-2100
-1458
-905
-318
174
582
906
1192
1420
1568
1701
1793
1884
1927
1904
1859
1787
1649
1429
1164
859
534
129
-329
-723
-1120
-1521
-1893
-2193
-2325
-2386
-2381
-2243
-1969
-1583
-1144
-627
-55
550
1167
1755
2371
2955
3514
4046
4529
5004
5409
5793
6140
6427
6673
6853
6970
6986
6950
6795
6560
6261
5831
5363
4809
4186
3507
2796
2067
1307
556
-219
-983
-1767
-2561
-3308
-4062
-4807
-5505
-6151
-6749
-7266
-7669
-7968
-8138
-8204
-8117
-7877
-7540
-7066
-6506
-5842
-5123
-4364
-3546
-2749
-1984
-1282
-605
-23
478
932
1266
1547
1765
1919
2017
2058
2041
2005
1934
1787
1621
1404
1167
880
549
221
-144
-510
-897
-1264
-1566
-1823
-2033
-2176
-2218
-2170
-2040
-1811
-1444
-993
-511
32
634
1245
1848
2440
3056
3688
4255
4751
5237
5685
6043
6303
6516
6717
6851
6863
6794
6691
6508
6202
5814
5401
4937
4378
3755
3129
2502
1830
1114
429
-219
-879
-1566
-2220
-2835
-3473
-4145
-4779
-5355
-5925
-6492
-6991
-7385
-7684
-7894
-7989
-7932
-7723
-7397
-6965
-6403
-5729
-5012
-4270
-3488
-2708
-1982
-1316
-708
-178
262
606
874
1087
1253
1358
1421
1478
1525
1542
1527
1493
1444
1366
1237
1070
869
620
326
25
-266
-565
-832
-1039
-1185
-1251
-1216
-1095
-900
-612
-231
210
710
1248
1780
2307
2818
3295
3760
4166
4521
4861
5159
5424
5669
5859
6020
6142
6197
6207
6146
6008
5810
5515
5135
4697
4148
3534
2904
2208
1477
774
88
-580
-1225
-1861
-2439
-3023
-3610
-4153
-4696
-5220
-5746
-6239
-6697
-7075
-7414
-7659
-7761
-7809
-7668
-7455
-7093
-6581
-6026
-5333
-4633
-3880
-3136
-2387
-1692
-1075
-481
-18
396
685
947
1153
1269
1401
1469
1527
1522
1497
1476
1428
1379
1305
1216
1089
915
692
462
227
-26
-242
-423
-568
-622
-596
-500
-289
20
380
795
1264
1781
2294
2782
3262
3727
4131
4470
4769
5020
5210
5339
5434
5525
5619
5667
5652
5594
5492
5312
5040
4734
4367
3925
3438
2876
2274
1614
948
282
-398
-1044
-1683
-2293
-2881
-3451
-3985
-4496
-4986
-5453
-5879
-6263
-6601
-6869
-7039
-7124
-7104
-6987
-6770
-6410
-5938
-5378
-4748
-4070
-3394
-2706
-2044
-1445
-870
-402
-2
308
529
676
704
696
620
511
380
228
104
-22
-117
-202
-255
-253
-244
-248
-260
-251
-253
-271
-265
-219
-147
-51
91
295
568
906
1290
1728
2210
2712
3194
3659
4103
4495
4807
5067
5307
5464
5536
5536
5477
5396
5254
5119
4971
4792
4580
4312
4050
3743
3407
3056
2666
2275
1855
1392
905
387
-152
-676
-1185
-1674
-2150
-2630
-3082
-3512
-3944
-4343
-4702
-5037
-5345
-5626
-5865
-6046
-6172
-6223
-6184
-6069
-5873
-5600
-5263
-4837
-4359
-3870
-3355
-2823
-2298
-1813
-1376
-986
-679
-473
-324
-225
-190
-215
-273
-321
-351
-400
-437
-422
-387
-352
-303
-231
-143
-55
44
174
328
503
683
871
1099
1345
1577
1858
2183
2516
2867
3233
3612
3993
4333
4651
4953
5195
5379
5512
5591
5610
5557
5448
5278
5060
4826
4573
4309
4041
3732
3397
3055
2693
2321
1941
1550
1152
750
351
-53
-473
-900
-1333
-1762
-2182
-2588
-2988
-3395
-3794
-4171
-4532
-4870
-5184
-5476
-5717
-5916
-6073
-6137
-6107
-6013
-5852
-5607
-5288
-4908
-4488
-4044
-3590
-3141
-2706
-2289
-1889
-1542
-1269
-1037
-825
-657
-553
-483
-414
-358
-323
-290
-220
-136
-77
-13
79
173
259
343
447
601
764
902
1071
1273
1484
1715
1972
2272
2606
2936
3261
3629
3988
4306
4612
4880
5142
5362
5508
5612
5657
5644
5558
5427
5268
5057
4784
4468
4150
3824
3460
3059
2653
2277
1877
1459
1042
635
210
-260
-709
-1119
-1525
-1926
-2334
-2708
-3058
-3414
-3773
-4111
-4425
-4736
-5024
-5271
-5472
-5626
-5730
-5760
-5718
-5622
-5471
-5246
-4956
-4625
-4273
-3909
-3526
-3130
-2741
-2377
-2047
-1744
-1504
-1328
-1190
-1071
-970
-914
-876
-832
-783
-734
-692
-628
-533
-424
-295
-149
26
219
396
593
844
1103
1355
1607
1876
2171
2463
2755
3078
3415
3738
4052
4375
4692
4972
5208
5410
5563
5657
5698
5702
5667
5583
5429
5228
5002
4724
4403
4066
3709
3328
2907
2463
2045
1643
1225
803
385
-33
-458
-880
-1270
-1639
-1997
-2369
-2750
-3093
-3416
-3761
-4095
-4401
-4691
-4958
-5190
-5385
-5518
-5584
-5576
-5483
-5318
-5108
-4874
-4601
-4267
-3913
-3569
-3224
-2890
-2596
-2338
-2121
-1947
-1825
-1748
-1669
-1579
-1513
-1457
-1399
-1326
-1225
-1121
-1011
-874
-735
-583
-399
-202
-10
180
372
594
842
1077
1312
1562
1820
2113
2451
2812
3171
3520
3877
4242
4589
4893
5146
5352
5529
5669
5751
5760
5703
5587
5429
5234
5007
4757
4464
4169
3863
3529
3187
2808
2419
2032
1635
1246
842
434
14
-391
-774
-1153
-1515
-1858
-2182
-2494
-2782
-3046
-3309
-3567
-3819
-4030
-4210
-4374
-4512
-4654
-4758
-4806
-4816
-4800
-4751
-4632
-4487
-4311
-4121
-3911
-3679
-3460
-3229
-2995
-2767
-2564
-2393
-2226
-2058
-1908
-1778
-1657
-1543
-1438
-1347
-1244
-1111
-976
-832
-666
-485
-276
-60
150
390
636
878
1140
1391
1645
1926
2200
2487
2782
3054
3334
3614
3893
4163
4408
4622
4809
4972
5102
5202
5264
5283
5249
5165
5060
4924
4743
4516
4246
3947
3629
3281
2896
2492
2067
1635
1224
831
448
77
-279
-606
-901
-1191
-1482
-1767
-2039
-2273
-2497
-2749
-2992
-3215
-3433
-3639
-3829
-4012
-4186
-4333
-4431
-4479
-4496
-4490
-4448
-4359
-4220
-4061
-3902
-3735
-3562
-3384
-3195
-3015
-2863
-2720
-2581
-2430
-2270
-2130
-2006
-1870
-1717
-1544
-1368
-1208
-1045
-873
-692
-499
-312
-121
68
249
462
691
895
1110
1353
1625
1921
2202
2482
2775
3061
3350
3632
3888
4128
4326
4489
4648
4767
4838
4884
4898
4889
4850
4768
4660
4526
4348
4149
3939
3703
3429
3128
2806
2462
2099
1721
1340
962
583
210
-152
-489
-803
-1118
-1423
-1688
-1925
-2136
-2332
-2533
-2715
-2875
-3035
-3181
-3318
-3456
-3586
-3706
-3802
-3862
-3895
-3910
-3901
-3860
-3785
-3695
-3602
-3501
-3381
-3238
-3079
-2924
-2785
-2663
-2544
-2415
-2277
-2146
-2028
-1911
-1782
-1641
-1501
-1375
-1249
-1106
-937
-758
-584
-419
-249
-58
157
390
621
849
1090
1353
1634
1911
2169
2422
2686
2961
3229
3468
3674
3854
4017
4163
4288
4381
4440
4461
4458
4439
4393
4305
4175
4025
3867
3693
3481
3225
2935
2625
2302
1962
1605
1237
874
527
200
-110
-406
-680
-926
-1146
-1346
-1534
-1711
-1873
-2019
-2153
-2287
-2428
-2573
-2708
-2822
-2921
-3015
-3101
-3165
-3208
-3225
-3222
-3200
-3161
-3104
-3029
-2941
-2841
-2738
-2639
-2549
-2468
-2389
-2308
-2233
-2160
-2087
-2006
-1917
-1822
-1724
-1619
-1513
-1402
-1279
-1135
-969
-800
-634
-466
-275
-59
166
384
602
831
1087
1351
1608
1868
2116
2365
2612
2846
3070
3247
3406
3565
3694
3812
3887
3935
3962
3951
3939
3896
3815
3712
3574
3429
3258
3054
2820
2562
2298
2026
1736
1431
1111
786
485
209
-55
-309
-544
-751
-927
-1072
-1201
-1323
-1433
-1525
-1604
-1682
-1772
-1884
-1999
-2109
-2203
-2299
-2401
-2501
-2594
-2653
-2696
-2727
-2751
-2764
-2745
-2708
-2660
-2610
-2566
-2510
-2441
-2358
-2275
-2202
-2144
-2086
-2022
-1951
-1871
-1796
-1718
-1625
-1525
-1397
-1259
-1118
-955
-776
-569
-359
-147
84
305
528
766
1003
1231
1446
1660
1882
2098
2308
2493
2655
2809
2954
3083
3185
3269
3329
3382
3412
3419
3408
3363
3296
3202
3096
2975
2819
2639
2431
2217
1994
1759
1519
1270
1020
777
550
339
143
-44
-223
-384
-522
-654
-793
-924
-1034
-1133
-1231
-1326
-1403
-1479
-1560
-1626
-1686
-1761
-1837
-1909
-1977
-2037
-2098
-2155
-2198
-2231
-2253
-2272
-2287
-2287
-2269
-2243
-2206
-2161
-2106
-2044
-1980
-1911
-1838
-1763
-1686
-1607
-1519
-1422
-1327
-1225
-1112
-991
-860
-722
-576
-413
-243
-65
126
318
519
721
907
1101
1292
1445
1587
1735
1867
1975
2071
2157
2239
2294
2336
2389
2434
2469
2505
2523
2527
2518
2477
2414
2324
2204
2080
1947
1795
1626
1442
1248
1062
881
703
531
370
222
84
-39
-146
-261
-380
-482
-572
-656
-731
-799
-866
-933
-993
-1046
-1100
-1158
-1222
-1278
-1315
-1347
-1384
-1430
-1470
-1499
-1522
-1551
-1588
-1626
-1653
-1661
-1651
-1636
-1625
-1606
-1558
-1490
-1418
-1351
-1278
-1191
-1096
-1006
-918
-832
-753
-675
-592
-501
-413
-327
-236
-133
-17
101
209
320
448
581
704
814
917
1011
1102
1186
1253
1301
1352
1412
1478
1541
1591
1631
1673
1709
1735
1740
1727
1688
1633
1571
1498
1386
1252
1117
968
818
664
496
347
220
104
7
-56
-114
-161
-204
-236
-253
-295
-331
-365
-401
-427
-470
-515
-569
-631
-685
-733
-762
-790
-819
-836
-839
-833
-829
-836
-846
-842
-838
-849
-870
-890
-916
-942
-953
-960
-970
-974
-954
-919
-880
-841
-795
-741
-673
-603
-541
-482
-414
-348
-288
-224
-148
-74
-4
70
157
244
325
405
489
572
654
726
796
859
907
956
997
1025
1050
1066
1079
1090
1089
1085
1085
1063
1029
1002
951
881
816
745
660
572
474
382
292
191
100
10
-84
-152
-194
-230
-267
-294
-305
-315
-325
-335
-362
-382
-389
-404
-416
-425
-447
-474
-486
-491
-495
-496
-485
-464
-450
-438
-423
-415
-410
-403
-397
-395
-394
-392
-391
-390
-393
-396
-397
-395
-387
-376
-357
-327
-287
-232
-177
-130
-81
-20
42
93
137
184
227
272
319
363
397
425
455
491
530
554
567
577
588
595
598
593
579
568
558
550
547
536
500
460
427
391
334
273
221
173
120
65
0
-78
-154
-219
-270
-319
-359
-390
-411
-424
-440
-463
-480
-483
-484
-476
-462
-463
-466
-466
-473
-467
-458
-464
-466
-454
-437
-412
-389
-377
-359
-330
-300
-266
-241
-229
-216
-200
-181
-165
-155
-143
-124
-98
-62
-19
28
69
113
176
244
296
331
369
409
455
503
543
567
591
621
647
665
677
681
687
703
723
733
720
689
657
637
610
568
515
460
412
376
338
286
231
181
135
93
60
25
-17
-65
-108
-156
-209
-278
-361
-434
-495
-561
-628
-688
-737
-773
-788
-790
-777
-778
-782
-751
-719
-682
-653
-639
-598
-566
-543
-522
-518
-504
-497
-482
-465
-452
-429
-402
-359
-319
-277
-231
-193
-165
-134
-92
-54
-27
1
40
79
121
161
203
256
315
382
454
529
597
656
710
756
795
822
854
877
901
917
920
920
900
893
869
852
819
787
752
727
691
655
605
555
501
448
388
320
255
198
133
64
2
-53
-117
-185
-241
-291
-353
-414
-465
-517
-575
-638
-704
-770
-829
-880
-919
-941
-951
-960
-961
-951
-936
-922
-894
-858
-828
-798
-763
-727
-693
-668
-633
-598
-568
-535
-500
-457
-430
-398
-349
-311
-274
-233
-178
-128
-88
-55
-28
1
37
79
137
204
259
313
396
476
541
615
688
762
834
890
942
990
1019
1039
1057
1074
1094
1102
1096
1090
1081
1060
1016
965
924
887
839
788
728
661
590
518
448
379
324
262
179
102
31
-27
-93
-161
-207
-255
-312
-388
-463
-527
-600
-660
-705
-766
-836
-900
-946
-987
-1023
-1037
-1039
-1035
-1021
-1004
-980
-943
-905
-868
-833
-797
-759
-724
-692
-665
-638
-608
-575
-537
-496
-457
-416
-376
-336
-300
-256
-205
-153
-104
-58
-15
29
71
111
168
237
298
360
424
485
552
612
671
737
796
843
891
937
971
990
1006
1022
1034
1044
1050
1038
1018
1001
976
934
885
840
790
744
692
629
551
474
401
332
270
193
128
71
3
-56
-120
-172
-211
-260
-307
-354
-411
-479
-546
-616
-684
-744
-795
-841
-880
-900
-915
-929
-930
-915
-897
-867
-838
-808
-774
-754
-728
-713
-700
-678
-668
-642
-615
-600
-576
-533
-498
-457
-403
-356
-309
-255
-200
-155
-114
-58
-8
31
76
111
145
197
257
323
393
454
521
606
677
739
800
858
904
943
963
974
984
982
973
952
932
913
892
881
856
841
820
787
752
706
664
617
562
495
417
336
245
156
79
8
-65
-132
-192
-246
-300
-352
-394
-446
-488
-527
-569
-602
-647
-694
-736
-780
-807
-841
-865
-874
-887
-885
-870
-854
-828
-791
-756
-719
-680
-656
-634
-613
-601
-586
-565
-538
-505
-479
-464
-437
-392
-344
-293
-233
-169
-111
-54
-2
40
86
134
179
223
270
315
363
412
464
519
575
632
690
753
807
839
868
895
909
918
926
929
931
920
896
875
855
834
817
789
756
724
688
641
585
529
466
392
317
246
168
90
15
-61
-135
-199
-257
-311
-360
-408
-460
-502
-538
-583
-622
-646
-681
-721
-746
-775
-809
-823
-819
-821
-829
-822
-799
-773
-740
-709
-686
-663
-639
-615
-587
-569
-556
-535
-522
-500
-467
-438
-399
-346
-302
-261
-214
-167
-115
-60
-3
48
90
137
180
218
258
288
314
363
417
470
525
572
613
664
716
752
780
808
833
851
859
852
837
832
826
811
794
775
750
723
693
660
626
579
527
479
419
347
278
202
116
43
-15
-76
-140
-197
-252
-309
-360
-398
-436
-469
-494
-521
-550
-583
-613
-634
-666
-693
-709
-718
-720
-717
-707
-681
-663
-640
-599
-567
-536
-499
-474
-453
-438
-428
-416
-395
-368
-350
-338
-317
-297
-269
-224
-185
-138
-87
-48
-6
45
86
121
150
175
198
224
249
274
308
344
373
405
443
482
528
575
606
634
660
672
690
711
712
708
697
675
654
627
602
587
556
516
492
464
427
394
363
322
262
201
146
87
26
-32
-94
-159
-218
-264
-302
-338
-366
-393
-421
-448
-466
-483
-495
-504
-516
-533
-553
-567
-577
-586
-593
-594
-586
-570
-550
-529
-507
-483
-460
-438
-410
-374
-342
-322
-305
-287
-274
-257
-236
-211
-190
-168
-146
-113
-71
-27
9
43
81
122
155
182
211
239
266
290
313
336
361
387
413
436
464
495
522
550
577
598
614
624
624
624
624
618
601
577
550
518
482
445
404
364
331
298
250
203
160
117
73
33
-11
-59
-104
-147
-195
-240
-277
-316
-359
-392
-411
-436
-452
-468
-483
-501
-514
-506
-511
-514
-519
-515
-506
-504
-490
-484
-464
-437
-423
-407
-379
-357
-335
-297
-278
-251
-225
-203
-172
-159
-138
-119
-97
-71
-54
-26
-1
21
46
63
87
123
150
181
210
227
259
293
315
336
356
366
388
409
417
435
458
464
463
476
487
492
492
482
479
467
453
442
416
394
366
330
306
268
235
202
157
115
70
30
-7
-36
-66
-103
-153
-194
-222
-261
-288
-313
-334
-353
-380
-392
-408
-425
-437
-449
-450
-439
-431
-423
-407
-401
-396
-381
-371
-356
-332
-319
-305
-276
-260
-252
-228
-201
-183
-168
-150
-128
-110
-98
-81
-57
-35
-13
10
35
62
83
104
126
149
176
199
220
240
243
246
268
281
285
296
301
311
329
336
340
353
367
386
391
392
399
403
396
382
361
345
328
300
275
254
231
211
178
142
117
97
67
37
3
-37
-74
-105
-131
-159
-194
-224
-254
-283
-303
-324
-342
-355
-365
-379
-385
-382
-386
-391
-388
-391
-390
-380
-373
-366
-346
-330
-318
-298
-271
-249
-234
-215
-184
-161
-142
-110
-84
-66
-33
-14
-3
25
49
73
99
105
116
131
137
154
173
185
203
216
225
236
249
261
263
267
279
282
286
291
292
294
291
283
283
282
283
281
274
268
259
248
239
227
215
197
179
167
143
120
105
72
43
18
-21
-53
-75
-104
-129
-162
-189
-215
-241
-254
-269
-280
-295
-313
-317
-330
-335
-333
-334
-336
-345
-344
-337
-335
-321
-308
-292
-279
-265
-242
-221
-196
-166
-141
-124
-106
-82
-53
-27
-5
11
23
36
60
83
96
107
127
147
161
174
193
210
215
226
236
243
250
251
260
249
241
249
239
237
247
244
235
234
231
225
224
216
215
217
208
195
184
175
169
151
124
104
89
76
64
47
18
2
-10
-39
-57
-67
-97
-123
-139
-167
-197
-216
-231
-248
-270
-282
-296
-308
-312
-319
-333
-341
-341
-340
-332
-316
-310
-309
-294
-280
-271
-240
-220
-214
-191
-178
-154
-123
-105
-78
-59
-42
-21
-2
28
51
75
102
115
131
149
160
166
180
195
202
209
214
226
244
250
261
276
276
287
311
312
307
312
294
288
295
294
273
258
264
235
217
210
193
177
155
140
115
100
94
75
57
43
23
-5
-27
-43
-67
-106
-136
-163
-194
-213
-241
-268
-295
-310
-315
-327
-323
-318
-317
-315
-333
-333
-321
-332
-334
-333
-335
-322
-309
-303
-281
-252
-240
-220
-198
-171
-139
-126
-102
-73
-60
-43
-17
8
26
51
68
78
103
118
138
163
180
199
220
238
253
268
288
294
294
302
303
307
314
318
328
324
327
324
313
318
312
305
294
279
273
253
239
225
201
179
146
121
90
60
34
6
-13
-41
-61
-76
-90
-113
-138
-161
-182
-203
-225
-241
-256
-273
-296
-310
-313
-321
-325
-326
-321
-324
-327
-328
-325
-314
-311
-308
-305
-295
-283
-276
-260
-244
-230
-214
-192
-174
-156
-133
-112
-99
-86
-56
-27
-9
12
35
55
68
92
126
149
171
191
209
225
238
266
295
313
331
331
346
351
349
352
345
345
341
337
347
340
334
324
311
308
300
286
273
257
231
209
183
154
141
100
67
44
11
-6
-34
-54
-64
-92
-114
-131
-148
-174
-192
-206
-225
-242
-266
-277
-290
-312
-330
-342
-353
-357
-358
-359
-352
-350
-349
-342
-336
-327
-316
-308
-300
-298
-293
-275
-266
-259
-251
-235
-216
-200
-166
-143
-114
-75
-50
-20
11
37
69
101
121
145
177
200
222
237
251
271
291
303
318
337
359
379
393
399
397
411
413
405
406
392
381
371
354
341
328
313
298
291
270
247
235
221
205
180
147
113
88
58
23
-8
-40
-72
-105
-131
-154
-180
-200
-222
-236
-253
-274
-285
-307
-314
-326
-347
-355
-376
-385
-390
-406
-410
-423
-428
-422
-417
-409
-401
-392
-376
-353
-322
-300
-282
-265
-252
-231
-203
-178
-147
-122
-103
-76
-62
-36
3
28
56
92
111
135
178
207
240
261
271
290
305
325
344
360
366
371
386
392
400
412
405
399
398
392
396
404
400
389
379
357
337
332
319
299
278
250
223
196
172
144
113
73
38
8
-15
-34
-56
-82
-106
-146
-173
-190
-217
-237
-266
-291
-317
-348
-362
-377
-394
-409
-428
-442
-443
-446
-439
-420
-418
-409
-394
-382
-369
-357
-349
-341
-326
-318
-299
-282
-272
-251
-235
-211
-184
-155
-116
-74
-42
-17
10
38
69
105
131
142
153
182
211
228
245
268
288
304
323
343
369
400
418
424
431
440
443
448
455
449
435
424
413
400
393
386
364
339
320
307
296
271
243
215
186
156
127
119
96
60
25
-14
-50
-87
-119
-150
-187
-214
-245
-272
-294
-310
-327
-345
-364
-378
-387
-392
-397
-407
-427
-442
-450
-456
-460
-454
-449
-447
-441
-424
-409
-393
-369
-342
-318
-299
-282
-263
-234
-206
-181
-157
-130
-104
-75
-39
-6
21
51
82
109
135
167
202
231
257
286
315
338
358
372
386
406
407
411
432
454
462
458
466
463
457
466
463
447
427
428
418
392
374
356
333
313
291
263
234
201
172
146
114
72
37
9
-23
-57
-86
-119
-153
-188
-224
-243
-263
-289
-313
-338
-362
-381
-401
-419
-437
-456
-470
-474
-474
-474
-473
-472
-468
-462
-453
-439
-425
-408
-389
-376
-363
-346
-326
-299
-274
-258
-234
-211
-184
-150
-115
-83
-49
-16
25
69
105
127
154
185
212
237
262
284
307
321
326
351
375
394
418
433
450
473
482
488
497
498
503
502
485
471
458
438
414
383
353
330
315
298
276
251
224
195
172
148
122
93
53
10
-28
-70
-112
-145
-176
-207
-245
-285
-314
-330
-343
-361
-380
-400
-409
-420
-431
-435
-442
-462
-481
-497
-502
-492
-486
-472
-448
-448
-444
-413
-383
-357
-329
-311
-286
-258
-240
-214
-182
-158
-131
-103
-82
-56
-20
14
42
69
96
127
159
194
230
257
280
306
329
349
370
385
397
404
409
419
433
443
445
442
440
445
451
455
464
457
432
414
405
388
373
351
322
300
274
240
217
194
158
124
86
53
32
-5
-39
-62
-104
-140
-165
-199
-222
-246
-281
-307
-336
-370
-387
-398
-417
-432
-438
-450
-460
-458
-460
-471
-470
-461
-453
-452
-447
-426
-410
-402
-387
-370
-344
-307
-286
-262
-230
-211
-186
-148
-120
-93
-53
-33
-13
18
49
84
114
135
162
193
210
229
263
299
316
327
351
372
382
393
400
410
422
427
436
446
449
444
442
438
426
411
401
389
377
358
331
306
292
273
251
232
216
182
142
117
94
61
31
0
-33
-68
-103
-126
-160
-204
-228
-247
-281
-314
-328
-326
-335
-373
-404
-410
-415
-418
-419
-420
-424
-432
-438
-430
-424
-423
-414
-397
-389
-376
-352
-325
-302
-284
-267
-241
-212
-193
-168
-144
-123
-104
-76
-38
-6
28
59
77
104
140
160
179
203
216
232
257
279
293
308
324
334
338
349
361
369
380
387
387
383
385
395
402
397
382
364
350
340
333
319
299
276
258
240
219
203
187
165
137
103
68
38
11
-13
-38
-68
-100
-126
-149
-170
-198
-222
-243
-266
-289
-308
-317
-331
-356
-380
-390
-391
-397
-404
-406
-412
-417
-409
-389
-379
-374
-359
-338
-326
-323
-308
-281
-258
-244
-230
-208
-186
-158
-126
-97
-79
-64
-39
-6
27
52
74
94
115
135
160
187
209
222
230
242
257
272
290
311
326
330
331
343
358
368
373
370
360
347
341
346
353
345
326
311
303
295
281
266
252
234
210
188
166
145
126
103
71
37
4
-19
-42
-68
-93
-117
-149
-171
-190
-214
-234
-254
-276
-297
-313
-323
-333
-345
-353
-361
-375
-380
-376
-374
-372
-367
-356
-350
-345
-332
-318
-307
-300
-285
-260
-230
-202
-177
-159
-144
-128
-107
-79
-53
-25
5
29
50
75
101
127
146
159
177
193
207
227
251
262
268
276
288
302
311
321
329
326
325
330
335
331
324
318
311
306
300
290
285
279
264
242
219
201
192
177
154
133
108
86
73
56
32
6
-21
-43
-70
-96
-111
-129
-155
-180
-199
-218
-241
-256
-266
-284
-305
-319
-335
-339
-339
-350
-362
-370
-374
-361
-352
-355
-341
-319
-316
-308
-289
-275
-257
-239
-225
-211
-189
-162
-134
-104
-75
-52
-30
-3
16
31
54
87
104
115
139
166
182
199
219
230
239
252
263
271
283
296
300
300
303
311
321
325
321
315
311
305
296
291
289
283
269
256
242
232
225
214
194
171
153
135
115
102
84
61
35
11
-13
-34
-55
-77
-102
-129
-153
-169
-184
-208
-227
-239
-256
-273
-276
-281
-300
-313
-317
-325
-331
-328
-321
-320
-327
-332
-331
-321
-307
-290
-273
-261
-250
-238
-219
-200
-183
-167
-150
-131
-111
-88
-65
-45
-22
-1
15
36
61
81
101
116
133
149
165
190
212
219
226
234
240
262
272
276
279
272
276
278
290
295
295
304
294
288
282
274
273
264
259
242
220
212
200
186
165
148
131
115
104
79
64
48
22
3
-19
-39
-54
-71
-95
-119
-146
-167
-180
-198
-212
-219
-229
-244
-257
-269
-270
-275
-283
-292
-300
-292
-298
-302
-287
-286
-281
-270
-260
-252
-236
-226
-220
-202
-192
-180
-159
-139
-118
-96
-80
-63
-38
-24
-13
6
28
42
56
76
102
116
123
134
147
162
165
181
202
208
222
227
236
239
244
254
245
246
250
250
250
250
246
237
233
232
225
212
204
195
179
165
154
143
125
105
87
71
57
44
27
7
-12
-30
-50
-68
-82
-90
-100
-120
-143
-161
-170
-186
-204
-218
-224
-230
-243
-254
-254
-250
-252
-256
-260
-253
-243
-232
-228
-228
-226
-222
-211
-200
-184
-167
-151
-141
-132
-123
-107
-88
-74
-60
-45
-28
-9
11
29
46
60
70
80
94
113
128
140
148
156
165
174
188
202
213
221
226
229
230
233
237
241
239
234
228
223
216
207
196
189
182
174
164
153
142
129
114
100
86
74
63
47
28
9
-5
-19
-38
-57
-70
-81
-100
-121
-136
-145
-155
-167
-176
-181
-194
-209
-209
-200
-209
-227
-229
-222
-222
-224
-219
-215
-209
-206
-205
-194
-174
-163
-160
-149
-136
-133
-125
-103
-88
-83
-73
-53
-36
-26
-14
3
18
31
45
60
76
85
91
109
126
133
145
158
167
177
182
180
188
195
199
206
201
198
207
202
200
203
194
194
194
180
175
169
151
139
131
125
110
94
90
80
64
53
42
26
13
-4
-21
-38
-53
-65
-80
-93
-104
-117
-130
-136
-144
-156
-162
-166
-174
-182
-185
-188
-185
-185
-189
-188
-188
-186
-179
-179
-184
-177
-174
-176
-167
-151
-139
-135
-129
-123
-120
-105
-84
-69
-60
-55
-49
-30
-7
6
16
28
33
46
60
76
92
100
106
120
127
129
145
166
178
183
185
191
206
210
204
203
206
203
199
204
209
206
203
198
183
175
166
158
156
146
130
119
106
92
82
70
58
39
21
6
-10
-20
-29
-50
-74
-91
-107
-114
-122
-135
-136
-141
-156
-171
-176
-181
-190
-194
-189
-192
-195
-194
-189
-188
-187
-188
-185
-180
-176
-172
-165
-159
-157
-156
-139
-120
-115
-101
-84
-76
-70
-59
-44
-25
-15
-6
7
14
25
39
50
58
66
78
88
100
113
123
132
141
145
156
159
158
164
169
173
177
176
177
176
174
174
172
167
167
164
157
152
143
132
120
109
98
85
73
68
64
57
39
18
4
-5
-16
-31
-52
-66
-75
-79
-85
-95
-105
-112
-117
-126
-132
-135
-134
-132
-135
-140
-145
-145
-142
-142
-139
-134
-130
-127
-125
-122
-117
-114
-109
-98
-87
-78
-70
-62
-56
-51
-46
-33
-22
-18
-15
-5
6
12
15
26
43
52
50
52
61
69
70
76
83
88
84
84
89
93
95
98
107
113
107
101
99
103
104
105
101
99
96
93
85
79
73
67
59
47
39
37
36
29
19
11
3
-6
-16
-22
-24
-29
-37
-43
-47
-53
-62
-66
-71
-77
-83
-84
-78
-82
-91
-98
-96
-91
-90
-89
-85
-83
-84
-82
-75
-67
-63
-63
-59
-53
-49
-45
-41
-36
-29
-23
-18
-17
-12
-4
7
12
15
21
30
34
35
40
48
55
58
58
63
65
68
74
82
86
86
86
89
89
88
86
88
87
85
83
84
79
75
75
76
72
64
59
55
49
37
24
18
12
2
-7
-14
-19
-28
-33
-38
-42
-52
-61
-67
-70
-70
-72
-80
-89
-96
-98
-102
-105
-106
-106
-104
-104
-107
-107
-105
-102
-101
-98
-93
-86
-80
-77
-73
-64
-58
-56
-55
-45
-34
-25
-19
-12
1
8
12
20
29
33
34
41
53
58
59
60
67
74
74
74
78
84
89
90
96
100
101
102
102
103
100
102
103
102
96
92
94
97
91
81
70
69
68
63
56
46
41
35
29
23
17
8
-1
-7
-9
-17
-31
-43
-49
-49
-52
-57
-64
-71
-78
-82
-88
-92
-95
-97
-97
-98
-102
-106
-108
-107
-103
-101
-100
-100
-96
-93
-88
-87
-84
-79
-75
-71
-65
-60
-54
-49
-45
-40
-34
-30
-28
-22
-11
3
13
21
23
27
32
37
41
46
51
56
59
62
64
69
70
72
74
77
79
81
82
87
90
90
88
84
84
84
83
82
79
76
72
69
65
63
58
50
47
42
38
32
29
26
21
13
6
1
-2
-7
-15
-24
-27
-28
-32
-42
-51
-54
-54
-57
-65
-69
-71
-71
-71
-71
-69
-74
-79
-78
-73
-69
-71
-73
-69
-64
-63
-62
-60
-57
-53
-49
-42
-36
-32
-30
-27
-22
-18
-15
-12
-7
1
9
14
17
21
28
36
39
40
40
43
49
54
57
56
57
61
66
66
63
59
60
63
63
60
58
58
57
55
51
48
46
45
43
38
30
26
23
22
18
11
7
3
-2
-8
-12
-15
-17
-22
-25
-29
-34
-39
-43
-43
-43
-45
-50
-55
-60
-61
-61
-56
-58
-60
-53
-53
-56
-53
-50
-44
-38
-43
-44
-40
-36
-30
-27
-18
-16
-16
-5
-1
-1
3
2
9
20
19
24
30
31
34
35
35
38
37
41
46
48
51
53
53
52
53
53
54
54
54
55
50
45
47
48
43
41
39
38
37
33
27
25
24
21
15
10
8
4
-3
-10
-15
-19
-21
-24
-28
-32
-36
-38
-39
-42
-47
-45
-49
-58
-58
-60
-65
-67
-64
-67
-67
-63
-57
-59
-60
-55
-55
-54
-44
-42
-46
-41
-40
-40
-36
-30
-26
-19
-15
-9
-2
-2
0
7
13
21
26
22
24
35
39
38
42
47
47
48
52
51
52
54
55
59
64
64
65
70
72
69
70
74
69
64
64
63
56
53
54
53
47
48
47
41
38
36
27
20
16
10
4
3
-1
-9
-13
-15
-20
-24
-26
-34
-38
-39
-42
-49
-54
-60
-67
-69
-67
-67
-68
-67
-65
-68
-68
-64
-62
-64
-65
-61
-62
-66
-64
-58
-57
-57
-50
-43
-39
-36
-32
-31
-30
-24
-18
-10
-4
-3
-3
1
3
5
12
17
20
22
27
33
38
42
46
48
48
51
50
52
53
52
51
52
53
56
58
58
61
60
60
59
57
54
51
52
47
45
42
38
35
33
34
26
29
21
12
16
8
7
4
-1
-1
-5
-9
-15
-19
-20
-22
-25
-30
-29
-35
-36
-34
-38
-41
-51
-43
-39
-44
-43
-47
-50
-48
-43
-44
-46
-43
-37
-35
-39
-34
-34
-29
-23
-29
-22
-19
-21
-18
-14
-8
-14
-9
-3
-6
1
0
0
8
7
11
10
5
13
17
16
20
15
16
23
21
20
21
23
26
28
27
29
29
30
29
27
25
23
22
25
26
27
26
23
22
20
22
21
17
16
11
13
11
10
9
5
4
2
1
1
-3
-5
-4
-5
-5
-6
-12
-14
-16
-16
-12
-16
-16
-14
-21
-26
-23
-20
-20
-16
-18
-17
-17
-20
-21
-16
-17
-18
-20
-18
-13
-13
-16
-12
-8
-8
-6
-5
-5
-1
2
-2
-1
0
2
4
4
3
2
5
10
14
17
17
16
15
14
17
18
17
15
14
13
14
16
18
18
16
14
14
14
13
11
14
12
10
8
9
11
8
4
4
7
8
2
0
1
0
-5
-7
-11
-8
-9
-15
-14
-12
-13
-12
-13
-16
-15
-16
-17
-16
-17
-17
-16
-17
-18
-18
-19
-19
-18
-17
-15
-14
-13
-12
-12
-11
-11
-10
-9
-8
-6
-4
-1
3
3
3
4
1
-1
2
4
2
6
9
12
14
16
18
18
17
18
19
21
18
16
16
19
17
16
17
18
20
19
17
18
19
20
20
18
16
16
15
10
9
8
9
6
7
6
2
0
5
1
-4
-2
-4
-8
-8
-5
-7
-11
-11
-12
-15
-15
-17
-19
-19
-20
-19
-18
-19
-18
-19
-18
-18
-20
-18
-17
-20
-21
-20
-17
-18
-18
-17
-14
-12
-12
-14
-10
-6
-10
-11
-5
-2
-6
-7
-1
4
1
3
6
9
8
8
9
12
11
11
10
13
14
14
15
17
19
20
22
21
21
19
19
20
20
18
16
17
18
17
14
14
15
16
15
13
13
12
9
8
6
6
5
3
3
1
0
0
-1
-2
-3
-5
-7
-8
-10
-9
-8
-9
-10
-11
-13
-15
-16
-16
-16
-16
-16
-17
-18
-18
-20
-19
-19
-16
-16
-15
-14
-15
-14
-13
-13
-11
-11
-11
-10
-11
-10
-9
-9
-9
-6
-5
-5
-2
-1
-1
0
2
2
3
3
4
5
4
4
6
8
10
11
14
16
14
12
13
17
19
16
12
12
14
15
15
13
14
14
12
12
12
9
10
10
9
8
7
5
7
6
5
6
6
7
6
5
3
2
1
2
3
5
3
1
-1
-3
-4
-3
-4
-3
-5
-5
-7
-9
-9
-8
-8
-9
-9
-9
-6
-7
-4
-6
-7
-9
-8
-8
-9
-7
-8
-5
-4
-4
-3
-5
-7
-8
-4
-2
-3
-6
-5
-3
-2
-4
-4
-2
1
1
-1
-1
-2
-1
-2
-1
1
2
2
0
-1
0
0
1
1
0
-1
0
3
3
4
4
5
6
4
2
2
4
7
4
2
2
3
4
5
5
5
4
4
4
5
5
2
2
3
4
3
2
1
1
1
3
4
5
5
6
6
5
4
4
5
4
1
1
-1
1
2
2
2
1
1
2
2
4
2
1
-1
-1
0
1
2
1
0
-1
0
1
-2
-2
-3
-3
-3
-3
-4
-3
-3
-3
-3
-4
-5
-6
-4
-5
-3
-2
-3
-5
-5
-4
-3
-2
0
-2
-2
-3
-4
-5
-5
-6
-4
-3
-2
-2
-1
1
0
1
1
0
1
0
0
0
0
0
0
0
1
1
2
2
3
2
1
0
0
1
1
2
4
5
4
4
2
4
4
5
3
3
2
2
3
5
5
6
7
8
5
5
7
9
7
2
1
5
7
6
4
4
3
2
3
4
4
3
4
5
3
0
-2
1
1
-1
-6
-6
-4
-2
-5
-6
-5
-2
-3
-6
-6
-5
-4
-3
-3
-3
-3
-5
-4
-3
-3
-3
-3
-4
-5
-5
-4
-4
-2
0
-2
0
0
1
1
1
0
-1
0
1
1
0
-1
0
2
5
3
0
-1
3
4
3
2
7
9
5
2
3
4
4
3
6
6
5
3
2
1
0
0
1
2
2
2
3
1
1
3
2
-2
-3
0
0
-3
-1
1
1
1
1
3
2
2
3
3
2
0
1
0
0
2
0
0
-1
-3
-4
-1
1
-2
-2
-1
0
-2
-4
-1
-2
0
-5
-6
-2
-2
-4
-5
-2
-3
-4
-3
-4
-4
-1
1
-1
-2
-1
-1
0
1
1
0
0
-1
0
0
1
1
4
5
3
6
