19
27
27
22
13
-8
-35
-51
-47
-32
-14
5
7
4
12
21
39
52
59
60
54
30
6
-7
-17
-12
-13
-20
-26
-31
-26
-14
5
19
38
49
56
59
59
66
68
67
54
29
-10
-41
-55
-65
-59
-49
-35
-11
11
29
47
63
80
99
99
82
52
20
-2
-21
-36
-47
-51
-53
-56
-54
-42
-17
13
33
45
43
44
48
46
41
38
29
6
-20
-52
-74
-84
-76
-50
-28
-11
-3
8
19
32
34
26
14
-4
-19
-35
-53
-68
-66
-52
-40
-36
-43
-45
-40
-33
-22
-17
-12
2
15
20
15
4
-5
-14
-30
-48
-60
-63
-49
-18
14
39
54
62
62
53
36
28
17
1
-11
-27
-43
-50
-47
-46
-37
-31
-19
-1
8
23
37
51
58
60
59
50
42
29
25
16
-1
-14
-23
-28
-25
-13
-1
14
33
52
66
65
59
56
52
44
37
30
24
17
7
2
-6
-12
-13
-11
-12
-12
-8
1
6
10
17
23
27
32
36
30
21
7
-6
-12
-15
-12
1
14
25
35
35
36
34
29
27
20
14
12
17
16
11
6
-2
-12
-20
-30
-37
-37
-32
-19
-4
5
12
12
9
3
-5
-10
-19
-29
-33
-36
-40
-40
-37
-31
-26
-20
-18
-15
-7
-4
2
6
1
-9
-20
-35
-49
-62
-70
-72
-73
-72
-71
-66
-51
-31
-15
-4
2
8
10
7
4
0
-4
-10
-21
-40
-54
-61
-62
-49
-33
-17
-8
3
12
21
28
32
39
45
44
36
26
18
14
11
5
-5
-15
-22
-24
-25
-18
-8
1
12
15
11
4
-2
-2
3
4
3
-4
-9
-5
-1
-1
2
12
20
20
12
6
9
18
31
36
35
25
12
2
-9
-15
-16
-9
4
9
13
19
35
54
65
66
59
52
47
43
34
26
22
20
17
2
-14
-24
-19
-4
9
24
32
42
53
57
56
60
64
67
63
48
26
6
-4
-6
-9
-12
-16
-16
-15
-16
-11
-2
16
34
46
45
39
32
30
32
25
14
1
-4
-10
-14
-14
-9
1
9
11
5
-1
2
9
15
11
4
-4
-12
-19
-34
-42
-43
-39
-33
-33
-42
-48
-44
-36
-23
-19
-19
-18
-18
-23
-30
-36
-36
-31
-33
-45
-59
-69
-70
-61
-51
-42
-35
-27
-20
-17
-16
-16
-11
-6
-6
-18
-30
-31
-33
-28
-23
-20
-19
-17
-16
-13
-10
-3
11
26
32
28
17
7
-1
-3
-2
-6
-7
-8
-8
-12
-10
1
14
25
27
23
17
11
12
19
22
22
21
16
7
-6
-17
-20
-14
-9
-10
-10
-8
0
14
26
36
44
46
43
32
20
11
7
9
7
-1
-13
-22
-22
-18
-10
-3
7
16
20
20
24
28
32
36
35
28
17
7
5
8
10
9
11
13
14
16
18
23
30
37
40
39
32
29
27
25
22
17
14
12
7
5
2
2
4
6
5
-2
-10
-15
-17
-18
-20
-24
-30
-35
-39
-45
-50
-51
-48
-44
-44
-44
-43
-42
-36
-32
-29
-29
-29
-32
-37
-44
-46
-41
-33
-27
-28
-31
-36
-35
-30
-23
-16
-9
-5
-7
-7
-9
-6
-3
2
3
-3
-12
-13
-11
-4
2
1
1
5
7
7
6
6
8
10
7
0
-9
-17
-18
-16
-11
-9
-11
-12
-12
-12
-12
-7
1
11
15
17
16
18
23
29
29
27
24
22
23
20
23
29
35
43
45
42
37
37
40
43
47
50
51
50
44
42
40
40
40
39
34
28
23
22
26
28
30
27
19
12
2
-6
-6
-1
5
10
9
7
5
8
16
23
23
21
18
10
5
2
6
8
7
4
-2
-9
-15
-19
-16
-10
-7
-7
-7
-11
-15
-19
-15
-14
-15
-17
-22
-27
-32
-31
-30
-25
-23
-22
-21
-23
-26
-23
-23
-24
-24
-30
-36
-41
-41
-36
-27
-22
-20
-22
-24
-24
-23
-17
-12
-10
-9
-7
-7
-7
-8
-7
-5
-3
-3
-3
-5
-1
2
8
16
20
21
15
9
6
3
6
12
14
15
14
10
5
2
1
1
1
2
-1
-4
-3
-3
-1
4
5
2
-3
-10
-12
-14
-11
-10
-11
-16
-23
-31
-32
-32
-28
-20
-14
-11
-8
-7
-5
3
8
9
7
-2
-7
-8
-9
-8
-2
2
1
2
-1
-1
-1
3
14
18
22
21
18
12
6
2
0
1
5
9
11
12
12
15
18
18
9
1
-1
-2
-2
4
9
10
7
2
-4
-8
-10
-10
-10
-14
-19
-19
-16
-15
-13
-7
-3
-2
-5
-11
-15
-13
-11
-8
-3
-3
-11
-13
-10
-9
-6
-2
-3
-5
0
3
4
8
12
16
21
25
24
22
20
26
30
36
43
45
45
44
43
39
35
37
39
33
29
29
25
24
25
22
15
15
17
13
19
24
24
29
31
25
17
16
16
16
19
19
18
16
8
2
3
2
1
6
9
3
0
-1
-6
-10
-13
-12
-16
-17
-20
-27
-28
-26
-29
-28
-27
-39
-42
-39
-40
-35
-29
-29
-27
-27
-30
-28
-25
-29
-31
-22
-24
-31
-28
-24
-25
-24
-19
-19
-16
-15
-13
-5
-1
3
16
15
8
7
4
-2
-2
4
7
3
9
15
13
16
27
23
18
27
20
6
9
15
8
9
19
19
5
3
6
-6
-6
1
-1
-11
-15
-19
-27
-35
-28
-21
-34
-33
-27
-36
-39
-27
-23
-33
-26
-18
-27
-32
-23
-24
-31
-23
-17
-22
-27
-22
-14
-20
-24
-9
-5
-21
-10
3
-10
1
28
25
23
45
50
34
44
65
54
46
67
62
42
57
64
42
45
62
48
34
46
49
30
33
48
34
19
28
24
6
10
18
8
3
13
7
-11
-6
0
-15
-14
4
-3
-10
5
11
4
13
22
14
-1
2
5
-10
-4
12
4
-4
4
-4
-10
-6
-3
5
10
10
15
12
3
8
17
11
13
25
16
2
18
19
-11
4
20
-8
-19
7
0
-22
5
4
-26
-32
-23
-38
-60
-42
-27
-47
-46
-22
-35
-61
-43
-20
-48
-46
-14
-35
-64
-34
-32
-74
-46
-22
-61
-73
-41
-59
-77
-54
-26
-36
-49
-29
-32
-46
-43
-20
-17
-22
-24
-17
-23
-8
10
6
14
20
4
0
-4
-17
-18
-30
-17
9
-16
-43
-3
-16
-77
-39
3
-45
-48
-5
-13
-63
-45
1
-36
-44
-7
1
-29
-21
-6
-15
-14
4
-8
-39
0
7
-35
-3
33
-27
-29
37
22
-18
18
53
11
-10
45
48
26
59
92
101
119
108
101
150
82
99
174
125
101
180
129
40
109
113
48
35
101
60
21
47
85
26
15
89
25
42
46
18
24
86
31
28
91
39
31
50
22
-9
26
-18
-50
-33
-46
-113
-122
-70
-90
-138
-107
-75
-132
-149
-93
-64
-81
-45
-41
-74
-63
-35
-47
-42
-7
9
-42
-64
23
-20
-131
-54
75
-100
-115
85
-29
-184
-35
-14
-150
-95
-4
-35
-99
-14
-16
-16
12
27
2
17
88
-8
-3
103
54
-101
37
79
-103
-108
78
-43
-185
-8
-55
-194
-59
-32
-218
-50
15
-202
-107
75
-156
-174
88
5
-131
105
134
-62
42
124
-12
-15
170
40
-65
90
102
-105
17
120
-101
-99
93
-16
-174
125
69
-167
102
172
-143
7
290
-21
-61
348
168
-81
281
235
-78
185
263
-68
117
246
-107
-33
251
-88
-156
188
13
-170
69
78
-145
-18
103
-39
-37
132
-4
-69
117
33
-56
118
111
-94
64
167
-156
-29
194
-178
-197
95
-172
-322
39
-67
-345
-12
-19
-369
-122
25
-309
-111
194
-108
-168
193
-27
-223
133
16
-148
86
113
-144
5
33
-177
21
0
-214
-55
60
-270
-191
127
-92
-241
142
37
-242
41
153
-67
68
232
17
194
294
21
174
383
47
84
380
68
-91
207
175
-104
223
257
-47
78
110
-59
-6
134
-1
90
194
68
113
199
54
128
130
18
175
194
11
86
181
-52
-128
92
-55
-376
-92
-90
-462
-355
-14
-387
-502
-44
-370
-632
-193
-268
-518
-159
-148
-394
-107
-24
-276
-30
27
-250
-80
2
-270
-174
55
-280
-305
-53
-318
-390
-212
-339
-403
-223
-133
-102
33
82
41
103
45
190
163
240
347
319
322
291
386
283
345
259
226
312
225
109
295
328
138
288
355
281
136
288
269
126
291
337
326
372
368
390
391
274
387
340
149
291
287
77
161
286
26
81
310
-171
-160
111
-315
-254
95
-183
-127
153
-213
-230
12
-351
-265
103
-254
-258
31
-171
-389
-217
-69
-401
-340
-126
-532
-534
-182
-414
-560
-190
-394
-531
-217
-399
-507
-270
-342
-378
-209
-199
-172
-160
-122
-108
-238
-68
-45
-209
-82
-68
-95
0
68
-94
101
-18
-165
87
-80
-46
86
59
121
122
51
167
124
153
70
153
248
92
265
217
116
222
161
28
261
137
-117
266
242
-188
201
297
-118
152
256
11
31
188
85
32
161
120
100
142
120
-53
40
49
-213
-58
48
-189
-100
70
-143
-10
99
4
116
56
6
158
190
222
292
329
328
193
190
280
109
28
305
289
54
413
368
194
483
268
127
521
296
4
466
287
-16
347
209
-36
281
56
-125
257
-112
-302
90
100
-295
-17
326
-190
-253
214
-20
-332
247
99
-203
251
398
-30
178
443
50
124
311
106
-80
172
149
-198
-83
5
-237
-248
-223
-302
-370
-337
-226
-480
-246
-305
-334
-199
-319
-229
-191
-209
-215
-233
-225
-125
-228
-373
-14
-114
-474
-17
-163
-484
-77
49
-528
-147
3
-422
-138
62
-298
-191
44
-241
-98
197
-90
-211
-28
-266
-256
-110
-66
-192
-108
-68
-2
-78
-108
243
104
-166
150
152
-212
90
373
-194
-54
487
-127
-305
345
-88
-427
439
47
-273
368
256
-253
250
403
-118
76
352
143
82
468
285
95
364
304
92
332
185
74
390
-28
-129
227
-203
-407
234
-130
-467
114
-15
-543
108
32
-569
79
-140
-496
89
32
-355
121
29
-288
50
-46
-193
89
0
-259
-16
211
-93
133
223
155
358
251
154
419
244
82
481
432
143
442
415
38
365
298
-103
152
162
-440
20
34
-485
-207
-151
-546
-263
-76
-465
-73
-35
-415
-82
154
-243
6
390
-25
-69
252
28
-84
48
-46
-95
-94
-38
77
136
126
-36
61
205
-27
-53
217
-121
-362
-55
-164
-477
-210
35
-498
-190
-206
-543
-132
-371
-550
-169
-193
-528
-84
13
-233
27
39
-117
153
-7
-41
386
-48
-123
324
148
-100
411
286
-101
388
261
-132
474
290
-328
526
327
-313
336
297
-541
115
359
-497
-128
141
-555
-334
190
-388
-181
355
-235
-38
244
-85
-85
91
116
-225
-22
204
-119
-77
162
-67
-59
127
-117
-64
265
-104
-210
17
-52
-286
156
155
-256
15
245
-145
62
358
-155
159
289
-54
48
225
-23
26
155
-49
-38
-25
-163
-142
8
98
-21
110
213
86
208
330
133
46
361
308
89
249
166
211
191
228
199
77
230
236
-19
116
353
-25
-37
209
-20
-201
327
270
-119
243
312
-281
148
368
-235
238
345
54
203
322
74
134
218
71
139
66
31
-5
-237
135
221
-196
87
-53
-423
-104
-300
-359
-244
-113
-68
-99
-110
30
-156
-228
202
-39
-164
112
-219
-281
65
-251
-172
178
-10
-274
301
26
-316
327
48
-158
469
166
-82
277
143
2
348
411
143
138
327
-1
-134
217
119
-144
82
45
-381
-31
-107
-276
6
-59
-253
1
-8
-176
-31
59
-20
-109
249
204
4
324
66
-30
223
-58
100
454
91
169
559
109
91
411
12
-33
432
-50
-153
272
-178
-453
110
-147
-667
-27
-45
-726
-153
-29
-783
-204
44
-557
-105
155
-448
-112
-20
-398
-49
-87
-402
-80
-183
-529
-285
-390
-583
-282
-337
-299
-307
-462
-452
-450
-369
-292
-461
-291
-131
-559
-358
-263
-612
-437
-174
-369
-406
-471
-536
-406
-517
-647
-495
-577
-556
-410
-394
-380
-420
-386
-145
-161
-215
-151
-170
-265
-333
-90
-198
-322
-137
-124
-220
-110
-118
-130
83
152
188
232
390
374
328
552
388
355
680
414
391
705
410
212
475
255
161
326
165
71
67
73
28
141
121
88
205
227
116
24
136
189
64
136
330
30
170
156
-58
258
191
6
244
323
23
179
334
150
193
369
234
317
534
487
585
633
327
234
618
526
371
622
515
159
370
377
176
277
413
268
316
365
168
285
220
128
229
199
71
115
160
4
-90
10
-94
-191
44
-90
-151
-34
-45
-116
55
-26
-238
-16
-141
-218
5
141
-63
103
196
-35
-176
-133
-230
-176
122
47
47
129
-105
-116
180
31
-148
24
138
122
29
-74
-126
-175
-398
-124
-125
-650
-448
-114
-397
-243
-21
-221
-106
124
-4
102
299
68
226
438
268
235
376
190
173
318
197
186
436
222
110
392
112
2
281
224
138
302
254
104
71
-89
-60
104
105
155
245
-35
-255
-76
-82
-88
258
419
233
183
134
-80
-80
-2
3
38
179
125
50
106
-186
-327
-33
-49
-158
-62
-120
-297
-269
-303
-363
-356
-313
-152
-126
-165
-231
-223
-292
-233
-138
-160
-158
-138
-211
-221
-210
-449
-530
-409
-367
-396
-171
-101
-276
-94
-6
-236
-201
-65
-174
27
177
68
67
17
-97
-85
-33
-78
-9
10
-148
-200
-214
-415
-535
-459
-454
-341
-221
-270
-258
-286
-395
-387
-301
-266
-155
-54
37
22
124
263
257
309
403
402
441
545
456
408
382
313
328
320
335
290
352
377
260
179
190
191
185
233
235
177
171
281
207
47
54
133
151
279
317
338
389
354
302
172
86
101
182
221
217
267
262
82
49
19
33
118
136
110
42
-40
-117
-143
-231
-366
-317
-216
-269
-230
-187
-317
-335
-331
-370
-265
-265
-262
-139
-114
-194
-178
-168
-375
-426
-262
-304
-273
-207
-371
-471
-529
-642
-563
-420
-418
-238
-80
-204
-225
-208
-222
-197
-253
-229
-224
-309
-309
-211
-208
-306
-387
-324
-294
-315
-115
99
89
39
90
114
41
-11
120
254
422
505
469
431
261
238
304
316
326
310
384
382
304
210
154
300
356
394
572
490
427
517
373
291
356
326
382
477
418
362
324
274
361
478
618
688
730
777
688
767
902
878
890
873
944
1004
924
896
889
691
579
589
447
326
249
180
58
-123
-244
-381
-491
-587
-722
-810
-892
-983
-1054
-1138
-1262
-1391
-1517
-1442
-1340
-1332
-1240
-1207
-1270
-1274
-1286
-1224
-1214
-1188
-1147
-1220
-1279
-1393
-1520
-1592
-1676
-1675
-1638
-1579
-1475
-1362
-1373
-1250
-1153
-1192
-1147
-1356
-1414
-817
-89
888
1880
1996
1791
1977
2271
2853
3886
4502
4897
5292
5065
4434
3639
2687
2164
2097
2015
1829
1266
312
-762
-1722
-2397
-2777
-2860
-2688
-2527
-2525
-2700
-3055
-3271
-3125
-2757
-2055
-1128
-512
-66
234
338
496
677
938
1405
1836
2414
2862
2869
2594
2062
1594
1413
1477
1661
1781
1642
1363
908
274
-242
-473
-426
-8
477
714
659
430
178
-15
87
347
529
757
789
430
34
-334
-757
-949
-973
-1001
-1081
-1335
-1795
-2326
-2804
-3220
-3435
-3613
-3833
-4046
-4190
-4185
-4121
-4032
-3910
-3825
-3878
-4050
-3633
-2058
534
2822
3679
3465
2995
3175
4181
5595
6845
7694
8124
7888
6915
5308
3398
2173
1883
2056
2101
1446
-46
-1896
-3676
-4946
-5341
-5165
-4656
-4038
-3695
-3737
-4019
-4329
-4098
-3086
-1625
28
1371
2091
2284
2134
1937
1957
2198
2573
3016
3256
3096
2487
1558
579
-104
-318
-95
54
96
267
107
-291
-373
-543
-565
54
911
1630
2155
2313
2020
1862
1871
1915
2084
2223
2166
1924
1491
772
-162
-923
-1297
-1385
-1624
-2163
-3015
-4033
-4657
-4932
-5040
-4981
-4966
-5000
-5009
-5180
-5385
-5294
-4955
-4444
-3696
-3256
-3395
-3768
-4015
-3387
-841
2552
4512
4881
4264
3569
4256
6042
7561
8675
9425
9186
8138
6476
4099
2038
1324
1435
1732
1496
32
-2113
-4111
-5491
-5980
-5485
-4623
-3882
-3341
-3127
-3330
-3561
-3316
-2429
-885
954
2453
3280
3407
3051
2653
2386
2335
2345
2306
2153
1751
1014
-58
-1411
-2401
-2734
-2731
-2334
-1710
-1273
-918
-682
-732
-601
-152
668
1980
3404
4351
4616
4431
4054
3659
3527
3616
3646
3491
3132
2477
1527
450
-671
-1582
-2005
-2350
-2811
-3395
-4285
-5039
-5363
-5406
-5357
-5191
-4893
-4553
-4324
-4220
-4186
-4030
-3481
-2721
-2224
-2071
-2183
-2462
-2190
-1180
950
3822
5404
5182
4432
3935
4508
6366
7932
8620
8781
7846
6119
4247
2121
583
493
1089
1424
946
-697
-2810
-4295
-4894
-4558
-3523
-2370
-1553
-1217
-1343
-1688
-1856
-1458
-462
918
2392
3255
3250
2735
1937
1090
580
287
4
-319
-844
-1639
-2649
-3977
-5226
-5591
-5494
-4869
-3436
-2563
-2127
-1504
-1340
-1231
-299
790
1989
3765
5128
5599
5679
5231
4558
4319
4363
4411
4261
3809
2902
1732
641
-426
-1390
-2064
-2540
-2886
-3328
-4016
-4750
-5165
-5245
-4914
-4115
-3550
-3110
-2797
-2945
-3143
-2979
-2695
-2219
-1376
-1170
-1217
-1234
-1899
-2347
-1757
-226
2807
5476
5481
4510
3746
3560
5118
7109
7829
8203
7852
6184
4375
2461
830
590
1214
1646
1362
-137
-2263
-3991
-4769
-4435
-3463
-2304
-1344
-1060
-1315
-1672
-2065
-1859
-671
893
2417
3485
3447
2627
1631
612
-26
-112
-107
-324
-732
-1597
-2911
-4348
-5542
-6086
-5729
-4649
-3283
-2273
-1958
-1907
-1789
-1482
-627
916
2626
4368
5768
6208
5753
5048
4498
4347
4725
5014
4730
3845
2577
1127
-111
-1007
-1729
-2223
-2571
-2950
-3527
-4378
-5374
-5956
-5882
-5241
-4291
-3567
-3344
-3520
-3793
-3917
-3755
-3233
-2408
-1688
-1222
-1195
-1516
-1865
-2496
-2802
-2388
-496
3391
5981
5582
4188
2635
2346
4669
7147
8406
9199
8476
6349
4359
2355
948
1292
2370
2900
2374
472
-2086
-3950
-4487
-3922
-2713
-1431
-800
-1028
-1703
-2498
-2982
-2390
-776
990
2585
3363
2843
1871
849
-102
-348
79
409
342
-350
-1856
-3466
-4820
-5643
-5339
-4272
-3298
-2530
-2274
-2419
-2240
-1710
-801
443
1925
3356
4508
5026
4918
4545
4088
3934
4102
4123
3791
3061
1864
485
-710
-1687
-2356
-2714
-3104
-3606
-4263
-5005
-5557
-5809
-5652
-5007
-4195
-3475
-2791
-2588
-2725
-2473
-2266
-1925
-857
-10
257
433
-123
-1013
-1276
-1752
-1760
-584
1933
5597
7202
5845
3972
2578
3209
6406
9050
10227
10463
8646
5866
3653
1854
1260
2291
3193
3068
1661
-955
-3407
-4749
-4704
-3712
-2529
-1637
-1486
-2300
-3193
-3722
-3793
-2565
-639
976
2100
2054
916
-198
-1094
-1552
-1135
-527
-427
-1116
-2647
-4399
-5804
-6562
-6430
-5573
-4602
-3741
-3247
-3223
-3183
-2721
-1547
237
2151
3933
5154
5701
5936
5917
5964
6163
6347
6440
6200
5430
4023
2195
581
-409
-890
-1048
-1425
-2364
-3627
-4879
-5591
-5704
-5288
-4465
-3570
-2909
-2592
-2396
-2480
-2291
-1711
-1127
-267
556
718
356
-305
-1231
-1701
-1624
-1968
-2289
-2063
-1067
2192
5171
4948
3345
1859
1651
4271
7834
9872
10648
9809
7185
4576
2725
1785
2426
3642
3818
2476
62
-2663
-4856
-5586
-5166
-4533
-3668
-2943
-3278
-3984
-4615
-5260
-4770
-2909
-777
1141
2217
1873
903
-17
-746
-811
-317
-3
-279
-1271
-2872
-4567
-5721
-6129
-5842
-4872
-3738
-2998
-2474
-2488
-2693
-1741
1
1837
3894
5393
6065
6523
6655
6527
6718
7179
7473
7443
6756
5078
2977
1364
456
50
-181
-873
-2255
-3799
-5109
-5868
-5910
-5354
-4448
-3495
-2835
-2894
-3256
-3362
-3022
-1961
-486
540
928
728
4
-827
-1494
-1862
-1924
-1938
-1978
-2085
-1938
665
3801
3994
2832
1479
870
3558
7676
9868
10772
9924
6711
3877
2596
2256
3360
4751
4289
2132
-491
-3034
-4931
-5288
-4662
-3966
-2996
-2326
-2958
-4033
-4879
-5680
-4899
-2384
261
2394
3341
2408
847
-147
-759
-524
334
691
124
-1313
-3480
-5658
-7052
-7196
-6372
-5396
-4566
-4068
-3725
-3387
-2994
-2155
-766
1006
3137
5170
6340
6669
6410
6067
6301
6950
7235
6893
5832
4046
1992
294
-824
-1509
-1989
-2685
-3765
-4952
-5984
-6581
-6536
-5774
-4593
-3398
-2721
-2670
-2767
-2562
-1872
-886
342
1354
1571
1324
646
-669
-1671
-2156
-2568
-2263
-2087
-2784
-3376
-2239
1454
4100
4038
2997
1636
2475
6536
10277
12075
12387
10112
6590
4721
3956
4170
5315
5208
3265
606
-2025
-4249
-5299
-5273
-5149
-5015
-4704
-4655
-4996
-5268
-5701
-5666
-3951
-1246
1320
3039
2957
1602
587
175
249
833
1147
681
-627
-2663
-4914
-6661
-7071
-6423
-5421
-4269
-3684
-3723
-3729
-3469
-2645
-734
1766
4074
6110
7234
7275
7010
7057
7737
8817
9497
9136
7653
5532
3317
1321
34
-517
-1039
-1821
-2933
-4357
-5674
-6569
-6883
-6257
-4720
-3178
-2248
-1936
-2191
-2516
-1858
-355
1251
2855
3509
2802
1504
-123
-1401
-1656
-1241
-791
-571
-1499
-3394
-4654
-2884
1644
4346
4513
3433
1832
3072
6999
9868
11262
11158
8542
5860
4711
4092
4282
4434
3202
1064
-1089
-2971
-4446
-5422
-6074
-6758
-7003
-6250
-5492
-5350
-5473
-6118
-6102
-4241
-1739
501
1885
1667
729
150
-223
-330
-150
-227
-972
-2372
-3998
-5525
-6477
-6471
-5766
-5104
-4651
-3957
-3363
-2725
-1558
-316
1140
3174
5119
6617
7698
7881
7562
7773
8340
8585
8214
6979
5202
3513
2036
645
-342
-968
-1731
-2555
-3336
-4384
-5460
-6047
-6005
-4961
-3439
-2426
-2127
-2207
-2181
-1722
-528
833
1814
2500
2416
1616
391
-1091
-2108
-2710
-2727
-2089
-2149
-2970
-4116
-3980
-618
3022
4211
3962
2949
2977
5836
9142
10753
11037
9310
6398
4690
4208
4321
4451
3542
1495
-763
-2472
-3511
-4335
-5038
-5617
-6128
-5838
-4958
-4516
-4351
-4445
-4586
-3490
-1204
1087
2824
3311
2698
1949
1293
920
875
768
188
-1139
-3014
-4705
-5849
-6228
-5978
-5683
-5276
-4477
-3282
-2383
-1964
-1329
-324
1530
4212
6429
7570
7735
7366
7160
7541
8159
8176
7350
5929
4270
2414
550
-930
-2130
-3004
-3546
-4128
-5017
-6252
-7322
-7791
-7313
-5864
-4365
-3539
-3044
-2734
-2526
-1759
-675
393
1295
1851
1650
489
-914
-2296
-3379
-3513
-2901
-2662
-3374
-4804
-6288
-4416
395
2943
3263
2414
993
2373
6109
8724
10070
10084
7797
5409
4394
4018
3893
3464
2158
30
-1811
-2769
-3732
-4845
-5685
-6840
-7476
-6306
-5059
-4463
-4084
-4686
-5083
-3753
-1447
987
3024
3580
2882
1901
1104
658
477
494
-131
-1653
-3009
-4261
-5305
-5521
-5787
-6135
-5530
-3931
-2177
-777
145
487
1145
3097
5655
7705
9270
9965
9637
9352
9144
8527
7699
6977
6109
4956
3660
1864
-137
-1587
-2470
-3146
-3527
-3999
-4874
-5323
-5192
-4689
-3684
-2629
-1797
-892
37
838
1543
2373
3178
3627
3891
3596
2283
880
-475
-1857
-2261
-1933
-2231
-3187
-4186
-5096
-3167
979
2960
3320
3048
2376
3676
6724
8894
9907
9981
8244
6093
5196
4929
4318
3398
2012
-121
-1683
-2221
-3190
-4448
-5433
-6956
-7796
-6827
-5730
-4988
-4534
-5041
-5416
-4257
-2078
202
1938
2418
1738
750
168
-126
-523
-869
-1757
-3224
-4147
-4864
-5758
-6425
-6722
-7012
-6403
-4320
-2906
-2284
-1473
-1188
-561
1470
3753
5420
6831
7532
7184
6641
6309
5609
4810
4498
3834
2576
1206
-508
-2214
-3357
-4317
-5080
-5334
-5536
-5707
-5758
-5779
-5543
-4965
-4079
-3106
-2051
-966
-232
366
1041
1299
1415
1528
819
-272
-1234
-2277
-2903
-3061
-3015
-3359
-4352
-5503
-6335
-4710
-421
3135
4713
4683
3321
2943
5020
7771
10146
11638
11024
9161
7604
6146
4480
3098
2144
1299
695
473
-489
-2511
-4613
-6780
-7950
-6892
-4896
-3161
-2047
-2353
-3398
-3567
-2443
-239
2169
3795
4223
3638
2902
2310
1540
904
213
-815
-1137
-953
-1237
-1791
-2930
-4298
-4424
-3223
-1618
421
2197
2560
2632
3122
3807
5137
7068
8382
8681
8720
8263
7087
6049
5097
3773
2772
2137
1344
524
-489
-2153
-3829
-4722
-5031
-4867
-4252
-3715
-3586
-3455
-3361
-3365
-2924
-1861
-855
154
1029
1020
586
37
-790
-1637
-2412
-3202
-3882
-4159
-3951
-4090
-5032
-6174
-7127
-6413
-2635
1684
4105
4891
3954
2724
3450
5543
7675
9536
10278
9341
7633
5617
3265
1380
532
90
-428
-815
-1657
-3455
-5688
-8061
-9960
-10061
-8537
-6645
-4891
-4070
-4480
-4988
-4518
-2986
-956
892
1949
2247
2267
2071
1342
328
-800
-2037
-2587
-2257
-2002
-2318
-3148
-4286
-4920
-4506
-3194
-1509
-13
974
1398
1851
2959
4305
5440
6329
6683
6701
6834
6803
6268
5311
4060
2620
1494
998
621
-1
-811
-1835
-2900
-3461
-3581
-3469
-3057
-2653
-2340
-2045
-1746
-1341
-753
-51
624
1064
1200
1158
1011
574
-265
-1424
-2751
-3532
-3623
-3324
-2925
-3351
-4509
-5416
-5144
-2238
2145
5205
6489
6111
4924
5154
6919
8943
11139
12528
12036
10302
7981
5634
4009
3245
2826
2054
1079
193
-1248
-3222
-5365
-7550
-8618
-7900
-6369
-4768
-3725
-3840
-4414
-4242
-3013
-1149
665
1724
2134
2150
2021
1820
1296
568
-313
-1164
-1589
-1573
-1719
-2178
-2651
-3305
-3614
-3036
-2175
-1142
109
882
1397
2252
3023
3570
4247
4807
5078
5327
5405
4851
3899
3002
2032
1248
842
195
-617
-1087
-1547
-2214
-2800
-3244
-3638
-3751
-3604
-3518
-3469
-3300
-3082
-2649
-1922
-1424
-1503
-1705
-1806
-1986
-1936
-2203
-3212
-4236
-5061
-5611
-5493
-5033
-5015
-5467
-5760
-5609
-4150
-820
2496
4268
4676
4123
3860
5112
7192
9001
10354
10739
9467
7457
5811
4450
3547
3027
2048
514
-723
-1771
-3153
-4466
-5828
-7305
-7945
-7522
-6879
-6256
-5727
-5549
-5037
-3750
-2147
-819
46
480
496
600
1005
1325
1546
1702
1178
218
-380
-915
-1246
-1127
-1102
-1025
-483
56
583
1245
1740
2150
2597
3273
4036
4729
5462
5859
5748
5345
4619
3706
3105
2901
2665
2426
2023
1331
823
449
10
-367
-501
-427
-280
-158
-299
-684
-980
-980
-659
-57
543
582
284
54
-266
-773
-1385
-2028
-2819
-3393
-3519
-3640
-3615
-3561
-3904
-4199
-3994
-3464
-2241
448
3406
5089
5492
5111
4951
5978
7667
8936
9642
9663
8610
6993
5773
5056
4379
3674
2635
986
-565
-1790
-2823
-3496
-4041
-4882
-5727
-6270
-6790
-7074
-7012
-6687
-6109
-5337
-4332
-3433
-2823
-2522
-2544
-2710
-2588
-2135
-1667
-1202
-1108
-1530
-1906
-2009
-1961
-1801
-1424
-979
-665
-332
78
470
956
1483
1600
1541
1598
1663
1849
2015
1915
1351
457
-309
-691
-799
-721
-725
-990
-1021
-976
-1019
-976
-976
-956
-810
-646
-460
-314
-449
-638
-729
-708
-548
-486
-490
-685
-1122
-1620
-2199
-2801
-3390
-3946
-4361
-4423
-4244
-4114
-4029
-3904
-3668
-3465
-3138
-2624
-1951
-431
1689
3482
4859
5751
6107
6550
7186
7548
7702
7730
7418
6892
6489
6351
6105
5480
4476
3004
1531
678
263
107
64
-561
-1653
-2505
-3184
-3686
-3708
-3585
-3514
-3417
-3402
-3322
-3139
-2881
-2619
-2560
-2588
-2592
-2557
-2270
-1738
-1320
-1005
-683
-226
498
1258
1948
2528
2853
3064
3385
3683
3903
4020
3945
3746
3578
3202
2417
1608
1014
466
37
-182
-488
-810
-773
-527
-220
164
311
271
404
789
1144
1356
1621
1855
1891
1736
1314
810
510
146
-372
-784
-1196
-1687
-2250
-2941
-3546
-3946
-4126
-4157
-4025
-3539
-2889
-2460
-2352
-2479
-2738
-2748
-2468
-2110
-1514
-443
1010
2382
3237
3370
2899
2390
2266
2545
3135
3868
4284
4017
3409
2971
2828
2833
2666
2075
1257
596
241
146
159
68
-254
-811
-1399
-2065
-2979
-4056
-5046
-5790
-6203
-6033
-5511
-5036
-4755
-4913
-5415
-5719
-5486
-4715
-3550
-2350
-1450
-771
-35
921
1878
2524
2842
2854
2940
3313
3744
4098
4109
3689
3145
2664
2318
1930
1334
791
349
-14
-97
109
441
777
1077
1250
1465
1727
1835
1934
2361
2998
3359
3427
3306
3019
2683
2219
1594
972
581
278
-159
-623
-1172
-1841
-2333
-2479
-2422
-2233
-1975
-1712
-1555
-1612
-1813
-1892
-1749
-1398
-1144
-1160
-1294
-1561
-1893
-2102
-1694
-723
135
559
561
456
727
1302
1914
2610
3378
3944
4171
4220
4260
4334
4328
4224
3895
3409
3001
2528
1946
1270
218
-1165
-2549
-3817
-4833
-5435
-5706
-5872
-6233
-6715
-6958
-6732
-6017
-5147
-4346
-3577
-2741
-1919
-1039
-266
131
381
636
1042
1662
2201
2480
2465
2072
1542
1032
682
659
717
688
740
735
702
849
1038
1209
1293
1238
1199
1219
1338
1784
2359
2944
3424
3423
3196
2962
2477
1957
1664
1532
1550
1621
1417
944
158
-764
-1493
-1915
-1947
-1857
-1761
-1616
-1626
-1786
-1888
-2046
-2046
-1896
-1973
-2265
-2534
-2771
-3032
-3243
-3618
-4195
-4754
-5202
-5600
-5690
-5167
-4134
-2869
-1687
-741
120
1154
2206
3047
3699
4296
4823
5224
5633
5946
6201
6370
6185
5398
4002
2285
557
-763
-1575
-2136
-2638
-3194
-3904
-4685
-5287
-5607
-5760
-5814
-5701
-5187
-4149
-2820
-1556
-619
6
348
473
524
528
494
447
551
810
1175
1411
1254
795
267
-166
-439
-248
397
1107
1827
2442
2770
2826
2686
2356
2040
2018
2337
2880
3447
3920
3965
3656
3365
3185
3137
3219
3224
3060
2866
2668
2447
2287
2241
2172
1972
1798
1735
1646
1510
1107
363
-339
-842
-1174
-1158
-954
-890
-1172
-1864
-2897
-3901
-4765
-5371
-5585
-5535
-5278
-5017
-4905
-5059
-5385
-5608
-4965
-3226
-955
1231
2627
3264
3580
3817
4062
4508
5100
5633
5885
5745
5504
5053
4343
3318
1792
81
-1255
-2129
-2666
-2908
-3231
-3722
-4246
-4778
-5204
-5413
-5430
-5408
-5402
-5134
-4476
-3616
-2637
-1819
-1411
-1250
-1153
-1044
-791
-515
-514
-626
-667
-515
-130
390
909
1144
1122
973
1017
1293
1673
2082
2333
2472
2666
2945
3103
3153
2980
2587
2173
1992
2049
2161
2338
2479
2470
2413
2511
2582
2657
2700
2502
2203
2124
2309
2663
3009
2969
2404
1484
618
-5
-451
-748
-1091
-1613
-2146
-2689
-3424
-4095
-4516
-4910
-5191
-5430
-5604
-5622
-5591
-5540
-5425
-5197
-4845
-4437
-3893
-2634
-631
1401
2881
3559
3616
3768
4376
5123
5819
6320
6498
6272
5804
5415
5003
4443
3732
2714
1450
470
-190
-689
-1072
-1679
-2566
-3304
-3753
-4125
-4500
-4833
-5144
-5319
-5015
-4247
-3300
-2406
-1856
-1744
-1686
-1376
-932
-351
367
803
950
1128
1441
1819
2087
2084
1874
1694
1690
1663
1738
2022
2026
1870
1855
1695
1594
1768
1714
1644
1876
1946
1794
1873
2052
2048
2186
2593
2783
2750
2920
2984
2861
2946
2859
2233
1617
1074
414
76
-3
-293
-810
-1434
-2300
-3377
-4396
-5151
-5585
-5548
-5202
-4954
-4757
-4811
-5347
-6017
-6468
-6668
-6427
-5725
-4994
-4442
-3964
-3695
-3363
-2088
-169
1400
2438
2897
2924
3375
4375
5200
5828
6377
6432
5985
5502
4899
4041
3254
2398
1240
213
-342
-761
-1129
-1581
-2727
-4302
-5424
-5993
-6128
-5730
-5156
-4790
-4399
-3843
-3232
-2506
-1776
-1299
-927
-262
596
1477
2401
3031
2947
2473
2072
1809
1774
1787
1443
901
543
398
500
821
905
522
183
315
800
1608
2545
3063
3356
3874
4223
4393
4713
4748
4573
4699
4850
4808
4812
4686
4074
3154
2329
1517
727
168
-261
-768
-1248
-1800
-2575
-3149
-3459
-3758
-4122
-4324
-4376
-4423
-4316
-4123
-3935
-3702
-3540
-3673
-3885
-4045
-4298
-4296
-4058
-3963
-3698
-3324
-2552
-335
2313
3798
4277
3925
3393
3848
5086
6310
7471
8099
7565
6418
5367
4400
3385
2357
1258
55
-812
-1074
-1494
-2314
-3327
-4860
-6181
-6426
-6253
-5900
-5151
-4509
-4047
-3250
-2104
-895
152
758
919
978
1345
1924
2397
2799
2739
1755
586
-316
-1182
-1664
-1791
-2095
-2467
-2584
-2632
-2536
-2212
-1910
-1654
-1017
71
1103
2033
2981
3663
4148
4673
5088
5398
5770
5990
5864
5539
5005
4167
3228
2302
1407
685
180
-370
-1191
-2174
-3183
-3966
-4337
-4404
-4266
-3997
-3647
-3372
-3251
-3240
-3299
-3406
-3383
-3019
-2511
-2102
-1923
-2185
-2820
-3406
-3847
-4185
-4337
-4257
-4129
-3546
-1519
1242
3146
3984
3732
2931
3256
4760
6070
7291
8426
8287
7111
5866
4447
3214
2597
1864
575
-578
-1159
-1610
-2176
-2981
-4572
-6388
-7011
-6595
-5708
-4184
-2879
-2348
-1790
-1014
-291
648
1657
2206
2558
2961
3209
3187
3013
2468
1226
-58
-831
-1413
-1828
-1893
-2262
-2735
-2816
-2990
-2947
-2355
-1559
-672
695
2100
2968
3663
4319
4759
5094
5524
5843
6084
6391
6317
5718
5102
4473
3470
2619
2048
1266
430
-297
-1138
-2069
-2829
-3498
-3944
-3860
-3428
-3023
-2667
-2382
-2457
-2768
-2844
-2702
-2560
-2341
-2040
-1994
-2261
-2746
-3538
-4226
-4625
-4938
-5236
-5194
-4935
-4715
-3495
-1016
1306
2636
2922
2320
2277
3679
5465
6873
7970
8118
7052
5763
4493
3033
1893
1054
94
-853
-1495
-2120
-2992
-4017
-5463
-7170
-8041
-7672
-6834
-5626
-4271
-3513
-2972
-2073
-1039
42
1175
1886
2188
2533
2725
2535
2227
1804
921
-37
-630
-1083
-1637
-2248
-2892
-3495
-3489
-3151
-2798
-2084
-1296
-790
53
1482
2782
3899
4841
5390
5831
6503
6964
7163
7422
7170
6208
5205
4458
3777
3247
2797
2122
1346
681
-59
-950
-1566
-2029
-2508
-2609
-2326
-1821
-1097
-540
-401
-434
-690
-909
-782
-633
-716
-949
-1532
-2248
-2737
-3201
-3984
-4668
-5101
-5681
-5910
-5547
-5304
-4527
-1911
1011
2941
4021
3845
3168
3972
5836
7300
8852
10074
9611
8171
6686
4736
2910
1856
713
-588
-1474
-2193
-3227
-4250
-5429
-7280
-8750
-8847
-8219
-7234
-5773
-4768
-4330
-3417
-2026
-705
816
2106
2454
2638
2804
2476
2149
2057
1539
656
-32
-691
-1467
-2173
-2940
-4007
-4469
-4146
-3730
-2957
-1878
-1057
-249
1015
2034
2553
3128
3798
4557
5490
6132
6193
6021
5604
4958
4299
3780
3363
2759
2095
1457
751
150
-235
-661
-1156
-1609
-2082
-2278
-2196
-1932
-1402
-894
-590
-525
-557
-765
-912
-1095
-1614
-2158
-2808
-3515
-3984
-4280
-4572
-5042
-5572
-5934
-6271
-6316
-6045
-5383
-3062
431
3031
4179
4014
3278
3595
5340
7158
8605
9718
9608
8334
6878
5142
3193
1815
610
-746
-1661
-2304
-3171
-4375
-5967
-7884
-9284
-9293
-8247
-6924
-5694
-4866
-4567
-3957
-2684
-1015
738
2161
2982
3335
3675
3785
3589
3363
2842
1927
1293
876
148
-790
-1868
-2967
-3549
-3079
-2175
-1422
-845
-736
-870
-5
1922
3483
4596
5529
5892
6156
6859
7237
7095
6894
6300
5377
4973
4980
4615
4018
3282
2111
1002
450
214
23
-73
-344
-822
-1046
-959
-860
-747
-661
-760
-873
-861
-595
-481
-799
-1590
-2723
-3816
-4332
-4490
-4716
-5077
-5768
-6349
-6729
-6716
-6289
-6020
-5299
-2662
820
3338
4437
3872
3050
4013
6263
8126
9588
10116
8712
6487
4391
2274
725
-163
-1350
-2594
-3476
-4360
-5331
-6542
-8157
-9860
-10467
-9396
-7565
-5740
-4438
-4077
-4055
-3297
-1771
-6
1653
2788
3208
3329
3238
2670
1993
1425
595
-332
-967
-1452
-2069
-2840
-3697
-4224
-4296
-3782
-2586
-1097
203
698
900
1639
2864
4455
5969
6772
7057
6877
6161
5482
5089
4498
3674
3202
3035
2702
2234
1511
623
9
7
500
1163
1658
1505
787
140
-45
-2
282
702
781
459
126
-500
-1165
-1567
-2257
-2981
-3505
-3998
-4676
-5441
-6384
-7405
-8028
-7980
-7534
-6810
-5836
-5127
-4571
-2429
1369
4461
5945
5875
4893
5315
7571
9418
10343
10411
8642
5603
2930
665
-1070
-1872
-2586
-3576
-4206
-4685
-5569
-6687
-7863
-8813
-8606
-6550
-3743
-1588
-392
-190
-469
-12
1391
2925
4131
4818
4702
4139
3451
2239
856
-100
-909
-1726
-2234
-2596
-3293
-4081
-4670
-4828
-4353
-3369
-2437
-1346
233
1554
2949
4475
5334
5677
6045
6467
6910
7135
6712
5695
4587
3388
2037
1182
745
311
-109
-361
-338
-291
-140
100
437
861
1015
943
951
944
658
377
464
596
491
47
-662
-1617
-2550
-3295
-3816
-4073
-4424
-5381
-6804
-8230
-9340
-9744
-9236
-8005
-7003
-6241
-5560
-4940
-3601
-562
3228
6040
7381
7184
6722
7583
9067
9733
9612
8446
5936
3036
598
-1490
-2946
-3818
-4816
-5519
-5705
-6027
-6683
-7300
-7651
-7226
-5349
-2632
-308
1244
1905
2006
2434
3455
4655
5685
6247
6062
5372
4452
3181
1563
162
-791
-1578
-2275
-2958
-3665
-4236
-4483
-4469
-4040
-3204
-2152
-1071
659
2797
4339
5804
6684
6626
6776
7196
7286
7296
7149
6293
5107
4040
2665
1210
384
-272
-841
-918
-664
-441
-319
-50
108
260
614
848
1124
1591
1853
1770
1817
1822
1391
733
-94
-983
-1694
-2327
-2859
-3237
-3907
-5091
-6594
-8222
-9437
-9807
-9339
-8189
-6691
-5711
-5467
-5126
-4694
-3613
-59
4532
7748
9341
8900
7551
7554
8409
8514
8233
7225
4838
2274
243
-2007
-3942
-5092
-6044
-6414
-6172
-6246
-6729
-7015
-6955
-6116
-4143
-1725
127
1340
2163
2627
3208
4183
5087
5626
5621
4912
3834
2641
1224
-381
-1677
-2574
-3452
-4458
-5380
-6156
-6646
-6579
-5965
-4974
-3829
-2681
-1441
160
1770
3400
4676
5631
6523
6819
7016
7410
7554
7210
6500
5305
3900
2692
1554
373
-435
-939
-1339
-1339
-1205
-1209
-1242
-1073
-687
-77
812
1662
2252
2546
2355
1950
1613
1280
918
496
-34
-670
-1441
-2206
-2877
-4008
-5489
-6754
-7677
-8094
-7997
-7718
-7319
-7087
-7138
-7186
-6869
-5762
-4217
-2053
947
4415
7192
8291
7967
6960
6605
7246
7930
8085
7495
5677
3065
485
-1836
-3635
-4632
-5099
-5472
-5564
-5598
-5766
-5805
-5519
-4733
-3296
-1166
1136
2905
3960
4291
4264
4467
4945
5322
5413
5142
4320
3046
1456
-291
-2029
-3701
-5125
-6142
-6635
-6638
-6446
-6199
-5888
-5496
-4682
-3388
-1550
450
2528
4851
6361
7117
7462
7275
7201
7564
7819
7621
7030
5858
4104
2425
1050
-137
-718
-839
-833
-804
-931
-1210
-1422
-1147
-508
446
1593
2461
2822
2737
2249
1607
1259
1226
1236
1125
527
-509
-1555
-2662
-3880
-5050
-5949
-6629
-7222
-7659
-7941
-8041
-7909
-7812
-7701
-7317
-6625
-5407
-3611
-1247
1345
4075
6335
7191
7209
6952
6844
7294
7663
7343
6413
4886
2722
261
-1909
-3879
-5299
-5788
-5757
-5445
-5191
-5324
-5607
-5238
-4168
-2624
-674
1224
2642
3673
4423
4777
4916
4969
4891
4629
4158
3291
2034
516
-1237
-3099
-4746
-5853
-6604
-7099
-7223
-7046
-6735
-6205
-5431
-4285
-2626
-651
1188
3044
5064
6447
7212
7592
7543
7536
7872
8177
7999
7176
5564
3617
2081
1016
396
153
-13
-191
-405
-681
-797
-679
-231
558
1596
2666
3480
3802
3416
2584
1841
1556
1654
1748
1470
544
-810
-2411
-3948
-5054
-5696
-6109
-6514
-6841
-7278
-7513
-7643
-7745
-7331
-6552
-5549
-4412
-3000
-1638
-285
1425
4080
6917
7969
7432
6216
5270
5829
6667
6639
6025
4511
2072
-477
-2264
-3511
-4080
-3948
-3801
-3582
-3406
-3589
-3841
-3694
-2971
-1762
93
2062
3493
4335
4515
3991
3498
3248
3047
2903
2378
1310
70
-1364
-3020
-4493
-5736
-6813
-7408
-7537
-7197
-6519
-5947
-5459
-4648
-3458
-2025
-410
1339
2820
4285
5563
6283
6829
6912
6528
6234
6050
5835
5297
4180
2766
1420
318
-612
-1016
-1048
-927
-680
-653
-685
-447
119
868
1722
2552
3041
3141
2803
2119
1359
723
310
37
-354
-1168
-2496
-3861
-4972
-5520
-5685
-5895
-6111
-6268
-6506
-6468
-6168
-5742
-4992
-4084
-3140
-2245
-1198
-410
360
1430
2937
4872
6337
6550
5905
5043
4668
4864
4969
4697
3840
2444
775
-618
-1544
-2031
-2109
-2176
-2235
-2147
-1986
-1843
-1721
-1342
-655
260
1396
2443
3065
2999
2415
1768
1435
1289
837
105
-702
-1410
-1944
-2529
-3303
-4334
-5454
-6175
-6178
-5443
-4297
-3287
-2741
-2377
-1849
-1060
-72
1033
1920
3015
4460
5415
5954
6144
5557
4920
4592
4456
4644
4730
4307
3296
2190
1153
406
169
269
565
871
1218
1630
1864
1941
1841
1715
1868
2072
2212
1988
1263
250
-743
-1655
-2482
-3089
-3706
-4216
-4560
-4838
-5174
-5676
-6135
-6299
-6164
-5729
-5042
-4246
-3465
-2885
-2742
-2767
-2459
-1850
-1106
-221
847
2407
3967
4508
4182
3471
2900
3053
3500
3971
4207
3790
2685
1352
309
-494
-959
-1099
-1080
-905
-852
-995
-1273
-1563
-1617
-1317
-673
-6
526
891
856
442
-137
-734
-1063
-1091
-958
-739
-612
-880
-1628
-2459
-2971
-3139
-3052
-2746
-2186
-1580
-1190
-1018
-907
-751
-519
-59
788
1847
2783
3574
4170
4263
4457
4770
4678
5028
5653
5645
5621
5521
4917
4112
3259
2482
2097
2337
2589
2709
2716
2228
1442
691
322
388
641
797
570
42
-828
-1936
-2910
-3619
-3979
-3937
-3622
-3292
-3208
-3312
-3643
-4089
-4387
-4166
-3434
-2645
-2122
-1996
-2374
-2902
-3298
-3491
-3351
-2954
-2609
-2321
-1758
-1051
175
1375
1862
1955
2036
2405
3305
4175
4561
4413
3892
3105
2283
1606
1008
587
279
-67
-492
-1025
-1660
-2250
-2653
-2739
-2484
-2073
-1733
-1658
-1863
-2026
-1973
-1764
-1461
-1055
-593
-56
325
532
578
357
-3
-356
-487
-402
-374
-485
-725
-900
-1039
-1271
-1401
-1239
-889
-516
39
683
1418
2427
3187
3676
4150
4328
4469
4961
5440
5741
5816
5599
5151
4709
4256
3757
3320
2766
2074
1425
759
119
-499
-1113
-1713
-2333
-2921
-3516
-4020
-4272
-4357
-4238
-3940
-3632
-3379
-3130
-2797
-2401
-1833
-1166
-594
-283
-337
-662
-1036
-1434
-1870
-2293
-2629
-3046
-3556
-4042
-4454
-4618
-4605
-4455
-3933
-2964
-1644
-310
764
1502
2061
2582
3196
3950
4583
5024
5249
5138
4872
4473
3774
2825
1741
749
34
-435
-945
-1594
-2443
-3402
-4116
-4547
-4776
-4766
-4597
-4275
-3699
-2845
-2024
-1315
-621
90
844
1612
2185
2486
2591
2585
2467
2265
1992
1492
850
141
-517
-895
-1093
-1202
-1212
-1076
-806
-396
266
996
1589
2078
2691
3490
4316
5042
5558
5946
6339
6579
6644
6511
5992
5203
4283
3376
2693
2012
1160
196
-836
-1871
-2865
-3668
-4210
-4465
-4410
-4083
-3568
-2998
-2459
-2070
-1749
-1208
-379
589
1370
1793
1827
1436
831
312
-153
-726
-1341
-1971
-2626
-3280
-3956
-4689
-5303
-5577
-5492
-5125
-4659
-4154
-3639
-3026
-2297
-1544
-722
133
1017
2002
2986
3812
4261
4234
3887
3434
3002
2555
1945
1133
207
-688
-1459
-2187
-2955
-3716
-4252
-4481
-4332
-3882
-3372
-2845
-2301
-1742
-1104
-320
528
1317
1968
2478
2805
2889
2729
2446
2109
1674
1152
616
116
-374
-876
-1381
-1675
-1690
-1498
-1101
-676
-237
223
674
1250
1904
2590
3294
4011
4745
5459
6003
6170
5930
5426
4897
4398
3865
3378
2820
2049
1128
189
-709
-1578
-2266
-2701
-2753
-2347
-1822
-1491
-1395
-1329
-1118
-676
-46
643
1239
1529
1661
1655
1474
1205
754
217
-193
-522
-922
-1537
-2354
-3108
-3648
-4000
-4150
-4172
-4211
-4211
-4088
-3833
-3396
-2817
-2097
-1191
-89
1024
1854
2428
2884
3315
3641
3832
3793
3475
2927
2197
1462
779
55
-802
-1698
-2470
-3033
-3306
-3354
-3215
-2972
-2682
-2356
-1904
-1259
-575
37
600
1157
1672
2020
2157
2068
1912
1736
1392
890
361
-165
-759
-1388
-2006
-2549
-2953
-3152
-3117
-2869
-2581
-2294
-1977
-1536
-925
-205
563
1243
1897
2590
3254
3731
3966
3952
3735
3522
3385
3116
2645
2045
1344
644
71
-395
-802
-1206
-1564
-1637
-1484
-1284
-1036
-832
-725
-565
-353
-110
125
275
376
365
283
183
23
-188
-356
-571
-973
-1460
-1949
-2334
-2595
-2826
-3058
-3367
-3598
-3539
-3286
-2932
-2613
-2364
-2014
-1496
-844
-202
254
637
1154
1730
2172
2331
2093
1634
1195
907
741
564
321
-35
-458
-839
-1154
-1390
-1495
-1415
-1077
-557
101
732
1166
1462
1660
1930
2280
2629
2961
3176
3254
3166
2866
2414
1919
1494
1075
633
163
-325
-767
-1186
-1540
-1775
-1773
-1578
-1361
-1098
-717
-233
292
847
1419
1881
2231
2497
2693
2836
2909
2954
2863
2703
2501
2104
1695
1451
1325
1082
788
622
544
483
419
425
317
65
-46
70
304
555
691
530
276
107
-62
-223
-316
-326
-351
-444
-567
-835
-1288
-1663
-1830
-1961
-2069
-2211
-2377
-2414
-2336
-2238
-2231
-2309
-2383
-2294
-2032
-1612
-1164
-910
-837
-885
-973
-1102
-1305
-1482
-1566
-1678
-1786
-1909
-2113
-2401
-2674
-2792
-2669
-2362
-2005
-1583
-1213
-898
-583
-259
138
632
1223
1784
2263
2611
2748
2681
2545
2378
2136
1915
1825
1776
1631
1333
868
317
-269
-790
-1084
-1133
-1054
-870
-674
-552
-496
-472
-351
-28
486
1042
1487
1821
2038
2097
1985
1747
1473
1287
1266
1313
1351
1312
1250
1134
983
909
937
1035
1162
1374
1612
1755
1746
1628
1537
1569
1666
1753
1742
1641
1535
1359
1116
884
780
712
638
578
426
172
-218
-613
-960
-1251
-1438
-1571
-1616
-1494
-1356
-1361
-1457
-1521
-1543
-1426
-1073
-690
-438
-408
-518
-706
-982
-1324
-1740
-2018
-2145
-2257
-2444
-2805
-3338
-3875
-4220
-4259
-3978
-3527
-3110
-2702
-2306
-2073
-1939
-1727
-1267
-557
292
1067
1552
1728
1710
1629
1602
1686
1802
1935
2090
2208
2133
1815
1293
729
326
124
150
320
445
420
291
125
-37
-162
-219
-135
186
591
932
1077
943
623
274
106
82
147
183
256
359
437
419
279
173
177
322
564
898
1248
1523
1682
1775
1790
1696
1633
1691
1827
1967
2078
2091
1979
1781
1537
1327
1200
1200
1308
1371
1307
1120
794
410
12
-355
-595
-681
-684
-701
-767
-903
-1070
-1175
-1175
-1040
-866
-736
-669
-665
-681
-763
-892
-1098
-1332
-1517
-1686
-1849
-1979
-2088
-2233
-2373
-2483
-2578
-2676
-2795
-2946
-3035
-3026
-2828
-2451
-2059
-1766
-1667
-1629
-1497
-1228
-820
-341
54
334
534
687
847
1015
1136
1215
1352
1495
1594
1583
1514
1455
1431
1439
1496
1564
1505
1329
1078
862
660
430
211
41
-68
-113
-141
-220
-292
-350
-368
-356
-222
72
366
647
858
954
951
952
1018
1144
1351
1557
1707
1760
1745
1661
1541
1511
1606
1710
1804
1929
1929
1825
1802
1868
1947
2036
2089
2060
1982
1852
1683
1402
997
698
546
427
304
177
-7
-270
-466
-594
-728
-833
-857
-837
-780
-705
-705
-857
-990
-1071
-1224
-1402
-1546
-1644
-1704
-1722
-1746
-1848
-2036
-2247
-2425
-2484
-2413
-2282
-2160
-2058
-2012
-2055
-2200
-2403
-2541
-2568
-2512
-2443
-2401
-2407
-2358
-2135
-1822
-1555
-1255
-885
-496
-60
284
517
685
863
1072
1248
1352
1336
1230
1069
978
881
717
540
386
239
170
189
199
250
293
274
276
313
349
430
521
623
738
787
775
764
760
758
779
801
780
747
743
758
791
760
666
592
605
697
776
847
927
996
1124
1301
1426
1438
1318
1157
1024
968
1006
1010
889
688
519
428
340
263
204
121
54
17
-27
-93
-112
-118
-159
-144
-124
-174
-264
-324
-381
-436
-515
-608
-666
-681
-653
-656
-724
-786
-829
-891
-914
-914
-951
-1067
-1174
-1230
-1297
-1413
-1570
-1697
-1780
-1805
-1780
-1785
-1793
-1775
-1778
-1814
-1802
-1782
-1793
-1779
-1692
-1587
-1533
-1461
-1333
-1179
-997
-771
-563
-374
-188
-9
170
372
622
870
1093
1336
1570
1744
1829
1837
1821
1793
1794
1785
1725
1625
1478
1312
1179
1078
997
912
871
890
901
913
957
1030
1116
1188
1262
1283
1253
1252
1260
1241
1198
1098
957
850
768
659
536
444
386
260
94
-7
-39
-31
-1
7
-22
13
106
223
308
318
309
364
518
710
821
781
686
580
502
472
469
462
415
334
212
89
0
-49
-28
45
107
142
91
28
-24
-109
-226
-330
-364
-406
-446
-531
-703
-913
-1134
-1355
-1527
-1648
-1753
-1805
-1811
-1855
-1986
-2196
-2409
-2538
-2596
-2592
-2545
-2495
-2415
-2292
-2162
-2015
-1836
-1655
-1405
-999
-481
11
357
578
750
935
1147
1363
1495
1493
1419
1372
1348
1358
1339
1233
1107
1027
1026
1097
1259
1462
1641
1758
1833
1834
1774
1717
1681
1648
1600
1548
1456
1341
1190
979
723
472
312
201
83
-22
-125
-225
-301
-374
-431
-428
-378
-311
-245
-201
-162
-83
18
111
190
207
174
122
59
98
187
236
268
272
251
216
196
238
294
350
438
515
563
610
603
536
504
511
509
473
382
237
44
-144
-310
-468
-610
-740
-853
-991
-1138
-1307
-1526
-1747
-1951
-2164
-2329
-2435
-2455
-2447
-2498
-2528
-2532
-2538
-2493
-2383
-2218
-2016
-1807
-1630
-1535
-1511
-1509
-1490
-1404
-1274
-1182
-1175
-1222
-1229
-1160
-948
-656
-465
-399
-396
-342
-146
165
471
681
795
869
988
1151
1294
1378
1359
1301
1317
1384
1417
1404
1289
1138
1005
864
778
727
648
554
415
256
125
31
10
56
106
143
168
176
175
153
174
242
350
467
557
634
677
688
705
730
793
888
1010
1176
1322
1412
1444
1407
1337
1329
1403
1500
1579
1611
1625
1651
1684
1726
1726
1696
1673
1643
1606
1578
1518
1399
1261
1101
916
700
437
196
-45
-277
-445
-585
-715
-813
-900
-1023
-1140
-1252
-1333
-1379
-1378
-1356
-1390
-1444
-1483
-1485
-1485
-1485
-1463
-1452
-1416
-1388
-1370
-1335
-1296
-1238
-1183
-1146
-1146
-1184
-1251
-1308
-1320
-1318
-1301
-1276
-1209
-1101
-910
-691
-538
-438
-381
-249
-39
250
500
591
574
502
466
493
535
522
466
386
325
283
227
202
195
195
192
195
205
196
193
182
174
166
179
217
267
319
326
308
299
323
397
473
537
584
623
696
798
875
874
849
886
957
1056
1152
1172
1137
1130
1194
1266
1322
1317
1253
1219
1203
1203
1192
1153
1159
1181
1192
1160
1042
884
746
670
663
660
601
487
360
250
141
29
-93
-200
-297
-369
-400
-434
-483
-545
-618
-696
-768
-834
-916
-993
-1040
-1075
-1081
-1052
-1031
-1056
-1114
-1190
-1262
-1310
-1320
-1302
-1304
-1338
-1391
-1462
-1555
-1655
-1748
-1798
-1760
-1705
-1670
-1656
-1686
-1706
-1647
-1459
-1145
-848
-635
-517
-494
-440
-292
-107
26
35
7
52
145
258
336
371
395
468
569
684
760
770
799
842
877
842
780
727
684
672
685
690
656
595
532
504
496
499
488
467
456
452
487
522
530
533
517
481
427
407
424
447
519
627
731
850
968
1044
1081
1087
1084
1124
1192
1243
1259
1260
1266
1252
1226
1190
1129
1070
1037
1015
963
836
709
667
647
606
491
337
183
39
-54
-119
-190
-267
-367
-489
-615
-754
-900
-1006
-1094
-1196
-1305
-1415
-1526
-1648
-1766
-1892
-2046
-2205
-2316
-2341
-2305
-2249
-2219
-2201
-2172
-2127
-2046
-1980
-1953
-1969
-1948
-1857
-1756
-1700
-1657
-1596
-1508
-1388
-1270
-1123
-898
-614
-345
-123
10
84
177
375
614
787
872
898
923
977
1093
1204
1261
1281
1296
1360
1446
1529
1607
1669
1686
1635
1539
1427
1330
1260
1231
1229
1193
1107
1000
905
829
799
817
865
909
966
1072
1190
1252
1249
1247
1260
1287
1328
1380
1417
1405
1398
1390
1380
1344
1286
1256
1218
1177
1166
1177
1193
1150
1047
927
839
803
777
731
665
588
503
417
322
196
67
-51
-141
-257
-423
-610
-798
-969
-1118
-1274
-1462
-1642
-1817
-1971
-2079
-2170
-2281
-2437
-2571
-2645
-2663
-2635
-2606
-2579
-2543
-2523
-2504
-2475
-2433
-2364
-2277
-2167
-2041
-1920
-1811
-1728
-1690
-1653
-1603
-1537
-1433
-1325
-1228
-1135
-1051
-963
-888
-808
-710
-599
-440
-245
-30
188
364
533
703
856
1008
1149
1245
1303
1347
1392
1437
1459
1442
1399
1349
1325
1287
1243
1225
1210
1195
1175
1165
1142
1150
1205
1268
1350
1399
1400
1407
1431
1487
1549
1594
1620
1627
1672
1716
1736
1709
1643
1560
1477
1422
1362
1328
1326
1329
1307
1221
1088
986
929
926
947
925
870
809
771
728
661
574
482
438
406
327
208
54
-103
-263
-440
-617
-785
-929
-1036
-1121
-1212
-1313
-1409
-1511
-1577
-1623
-1683
-1748
-1807
-1861
-1887
-1906
-1946
-2002
-2058
-2110
-2133
-2125
-2104
-2058
-2027
-1985
-1978
-1984
-1959
-1910
-1821
-1723
-1640
-1561
-1467
-1357
-1223
-1092
-983
-867
-730
-565
-416
-308
-219
-133
-57
5
38
55
77
116
168
187
162
127
118
153
224
293
348
407
466
537
629
720
805
923
1071
1227
1342
1403
1468
1514
1554
1602
1631
1644
1643
1640
1643
1626
1569
1491
1397
1310
1268
1248
1249
1245
1231
1219
1232
1260
1246
1198
1118
1066
1077
1108
1099
1036
929
779
652
555
456
375
284
195
121
47
-37
-145
-243
-328
-402
-463
-519
-560
-596
-626
-650
-713
-780
-853
-933
-1021
-1091
-1126
-1141
-1150
-1202
-1280
-1385
-1471
-1514
-1547
-1576
-1622
-1673
-1704
-1708
-1685
-1642
-1588
-1505
-1397
-1264
-1154
-1080
-1010
-914
-787
-672
-542
-406
-283
-197
-147
-138
-147
-149
-133
-99
-80
-61
-31
6
35
49
58
78
95
127
173
237
289
349
426
518
622
668
692
715
753
806
851
862
815
733
659
615
592
581
562
544
526
514
522
526
519
530
546
564
589
593
589
575
585
588
583
581
601
649
662
638
575
504
459
417
394
405
438
473
524
562
568
569
545
541
567
613
680
749
756
721
642
558
490
395
323
262
213
163
111
60
-2
-86
-160
-224
-280
-318
-361
-406
-461
-507
-539
-563
-578
-604
-613
-624
-612
-590
-602
-648
-706
-731
-744
-728
-695
-672
-677
-708
-747
-775
-794
-803
-764
-677
-582
-491
-418
-387
-372
-350
-298
-223
-125
-29
54
108
118
108
87
80
68
89
90
85
99
87
62
11
-18
-26
-31
-13
16
28
37
46
49
47
34
12
19
28
25
28
-1
-46
-118
-177
-219
-255
-282
-281
-263
-255
-266
-297
-310
-278
-223
-159
-81
-1
78
149
214
227
219
224
250
273
299
312
323
346
331
296
240
189
154
161
166
151
149
171
201
225
250
257
260
260
270
284
285
270
243
215
202
196
179
134
88
31
-64
-155
-240
-324
-372
-396
-420
-446
-468
-463
-462
-473
-454
-419
-374
-318
-246
-176
-135
-112
-85
-61
-40
-4
28
59
87
100
111
139
157
166
163
164
167
162
185
215
253
286
301
314
305
273
253
246
239
230
224
216
190
168
130
87
56
21
-5
-32
-63
-102
-128
-133
-121
-98
-82
-70
-47
-28
1
40
78
112
128
133
129
128
125
127
145
149
157
165
171
189
204
216
235
240
231
224
210
178
131
107
119
140
148
140
119
84
57
26
-2
-38
-64
-79
-105
-142
-193
-255
-322
-385
-450
-486
-513
-526
-524
-523
-531
-535
-528
-509
-471
-432
-396
-369
-348
-324
-303
-288
-281
-273
-254
-220
-193
-180
-166
-162
-156
-142
-117
-91
-66
-40
-8
29
47
61
68
85
100
117
137
161
194
218
229
222
198
171
156
144
125
107
104
102
92
73
44
20
9
11
21
41
59
77
102
123
146
172
200
231
262
293
313
320
324
327
339
353
361
367
370
373
373
370
366
365
372
386
392
390
388
382
372
359
342
330
318
304
286
264
241
211
168
107
37
-29
-88
-138
-189
-238
-288
-339
-391
-444
-481
-511
-533
-542
-543
-535
-524
-518
-520
-525
-515
-492
-465
-436
-404
-363
-329
-299
-267
-237
-204
-165
-131
-109
-94
-84
-72
-60
-38
-12
6
10
19
34
48
59
66
70
69
70
74
75
70
69
60
44
30
11
-8
-25
-42
-58
-72
-79
-83
-80
-72
-65
-48
-20
19
65
103
131
150
171
192
215
237
253
270
283
301
313
317
316
313
307
299
303
308
312
314
314
316
316
324
332
340
341
333
329
328
323
304
273
231
191
155
121
78
26
-29
-75
-122
-161
-201
-235
-267
-298
-324
-351
-374
-392
-406
-412
-408
-407
-404
-395
-386
-382
-377
-369
-359
-344
-328
-314
-302
-290
-278
-257
-235
-214
-195
-178
-157
-137
-114
-91
-71
-51
-35
-18
-6
-3
-5
-2
0
2
3
0
-6
-14
-23
-35
-51
-66
-83
-99
-103
-102
-105
-107
-105
-99
-88
-74
-56
-40
-15
14
42
68
94
122
146
166
184
200
218
234
248
262
276
289
302
314
322
331
339
345
353
358
363
365
368
373
375
374
366
354
343
331
315
297
273
245
221
192
158
125
90
58
26
-5
-34
-66
-93
-119
-143
-164
-180
-193
-206
-213
-219
-226
-233
-238
-239
-235
-233
-233
-239
-248
-262
-275
-284
-296
-298
-300
-297
-293
-286
-273
-261
-246
-241
-233
-221
-213
-200
-193
-191
-190
-192
-195
-201
-206
-214
-222
-225
-227
-225
-228
-236
-246
-256
-262
-266
-263
-259
-251
-233
-212
-186
-163
-139
-112
-80
-46
-15
14
39
62
84
107
131
150
168
185
205
227
248
271
293
319
347
376
406
435
464
488
511
527
539
550
561
563
562
558
548
534
518
501
480
463
448
432
418
400
376
350
325
297
272
247
221
199
178
160
141
122
104
90
78
62
45
25
7
-8
-30
-56
-80
-106
-129
-152
-173
-196
-217
-235
-253
-268
-283
-293
-297
-296
-292
-291
-296
-306
-316
-322
-330
-339
-351
-366
-379
-390
-403
-424
-447
-467
-485
-501
-517
-533
-547
-556
-557
-549
-538
-526
-510
-492
-470
-441
-412
-386
-361
-334
-311
-287
-269
-254
-241
-222
-202
-181
-159
-136
-114
-87
-54
-16
26
71
113
155
200
244
286
320
354
383
415
444
467
482
495
508
520
532
540
541
538
538
540
540
540
535
526
520
515
509
497
484
468
456
451
446
436
421
409
399
395
386
372
354
342
333
321
303
279
254
228
205
182
153
123
91
64
45
28
9
-15
-39
-61
-81
-99
-117
-137
-158
-181
-208
-239
-273
-314
-358
-397
-437
-475
-510
-543
-573
-597
-613
-624
-634
-639
-643
-638
-628
-616
-604
-593
-582
-575
-564
-556
-553
-550
-541
-529
-509
-487
-466
-441
-416
-384
-352
-320
-291
-261
-229
-193
-157
-127
-101
-76
-50
-26
2
31
55
80
107
139
169
198
224
248
276
303
327
346
359
370
384
399
411
421
430
440
455
472
487
501
510
526
546
567
583
593
599
603
609
615
613
604
592
578
562
548
526
505
484
461
440
421
400
381
360
342
328
317
301
281
258
233
206
178
144
102
56
15
-28
-73
-116
-160
-201
-238
-267
-291
-311
-330
-346
-358
-367
-376
-388
-404
-416
-427
-437
-450
-468
-488
-503
-513
-520
-525
-529
-531
-530
-524
-515
-508
-505
-505
-502
-498
-494
-494
-495
-491
-489
-484
-474
-465
-453
-438
-413
-389
-365
-341
-316
-288
-261
-233
-213
-194
-177
-158
-140
-118
-95
-75
-58
-42
-19
5
32
59
85
118
152
183
215
245
270
290
308
325
335
346
354
359
365
374
379
379
382
385
389
394
399
398
398
402
405
410
412
410
407
407
405
398
390
380
367
356
345
335
320
307
294
282
273
266
260
251
246
239
231
221
207
191
177
159
136
115
94
72
51
33
17
2
-13
-30
-46
-61
-72
-83
-95
-108
-123
-142
-161
-178
-198
-217
-234
-254
-275
-290
-302
-313
-322
-323
-323
-322
-318
-314
-309
-303
-298
-295
-295
-295
-297
-301
-303
-309
-316
-321
-325
-323
-318
-313
-303
-287
-267
-247
-227
-207
-188
-171
-151
-136
-127
-119
-115
-111
-105
-100
-92
-83
-69
-51
-34
-14
6
31
57
84
106
127
147
164
181
194
207
216
224
230
237
239
243
248
255
264
275
286
298
315
333
351
365
372
376
379
376
366
354
341
328
312
295
278
259
241
228
216
206
197
190
187
188
186
181
171
158
141
120
95
71
47
20
-6
-32
-53
-72
-87
-98
-106
-112
-118
-119
-116
-115
-112
-114
-118
-124
-136
-151
-168
-187
-210
-233
-253
-271
-283
-295
-306
-311
-313
-309
-305
-300
-290
-282
-273
-266
-266
-265
-270
-280
-288
-293
-299
-305
-308
-306
-303
-294
-280
-261
-236
-212
-184
-155
-127
-100
-79
-60
-44
-31
-23
-15
-8
-2
6
11
18
28
40
57
76
98
122
149
175
199
223
237
250
259
261
259
253
241
231
221
214
207
205
204
205
210
217
225
235
244
251
258
265
270
270
265
255
242
227
210
191
168
149
132
121
113
106
104
102
102
105
106
106
106
100
91
80
64
46
24
-1
-25
-48
-73
-95
-116
-133
-146
-158
-166
-171
-174
-175
-172
-172
-171
-170
-169
-170
-173
-179
-184
-194
-205
-217
-228
-236
-245
-250
-250
-246
-238
-230
-218
-207
-199
-185
-169
-158
-146
-138
-136
-136
-140
-140
-138
-136
-131
-125
-115
-106
-98
-90
-76
-60
-46
-29
-15
-3
11
26
36
45
49
53
58
61
63
71
80
89
98
109
121
133
148
164
181
197
211
225
235
244
250
255
260
263
260
256
250
244
240
240
239
241
245
253
259
267
271
273
273
268
265
259
248
236
223
211
199
185
169
154
137
123
107
91
77
66
55
47
37
30
22
12
3
-7
-20
-31
-40
-54
-63
-77
-90
-102
-114
-124
-130
-134
-140
-145
-151
-154
-160
-165
-176
-187
-198
-208
-215
-222
-229
-234
-239
-244
-249
-255
-259
-263
-267
-270
-270
-266
-259
-251
-242
-231
-222
-214
-208
-205
-201
-196
-193
-188
-185
-179
-171
-161
-149
-135
-123
-108
-94
-78
-64
-52
-40
-30
-17
-4
10
23
35
42
50
57
60
65
71
83
92
103
112
126
140
151
159
167
169
171
171
170
173
177
183
189
197
204
210
215
218
215
211
206
203
198
194
192
187
186
190
189
185
180
174
165
159
151
148
145
142
136
126
120
113
106
97
87
78
68
57
46
37
29
24
21
16
9
1
-7
-17
-28
-38
-48
-60
-69
-76
-83
-90
-97
-103
-109
-118
-123
-131
-136
-138
-145
-147
-146
-144
-138
-130
-125
-123
-125
-127
-133
-140
-146
-152
-152
-152
-151
-150
-148
-146
-142
-137
-130
-120
-110
-98
-85
-73
-64
-59
-54
-53
-55
-59
-62
-67
-70
-72
-71
-66
-59
-49
-36
-23
-4
11
26
38
45
50
56
62
64
70
71
75
82
87
95
101
102
103
105
109
113
117
122
130
137
142
144
147
147
146
144
140
136
130
124
117
111
106
104
106
106
104
104
104
101
95
