-2
-4
-2
-2
-2
-2
-3
-3
-3
-3
-3
-3
-2
-2
-1
0
-1
1
1
-1
2
0
1
4
1
-1
2
0
2
5
1
0
6
3
4
3
2
3
2
1
0
-2
-3
-2
1
1
1
1
0
0
0
2
3
2
2
3
4
4
0
-1
-2
0
0
-1
-1
-1
-2
-2
-2
-1
-2
-1
-1
-1
-1
-1
-2
0
1
1
0
-1
-2
-3
-3
-2
-1
0
0
-1
0
2
3
3
2
1
1
3
3
3
3
2
3
2
3
0
-1
-1
1
2
3
2
3
1
2
1
4
5
4
5
5
3
0
-1
2
1
1
0
1
2
0
-1
1
3
2
0
0
-1
0
-1
1
0
-2
-2
-5
-2
-3
-2
0
-3
-1
-4
-3
-3
-2
-2
-2
-3
-2
-3
-3
-2
-1
0
1
1
2
0
0
1
-2
1
2
1
0
1
2
4
1
1
4
2
2
2
2
3
3
2
1
1
1
0
0
-1
0
-2
-1
-1
-2
-3
-2
-2
-1
-1
0
1
-1
-3
-2
-3
-4
-4
-2
-2
-2
-1
-1
-1
0
1
1
0
0
0
0
-1
-2
-2
0
-1
-3
0
2
0
1
1
4
5
2
1
0
0
0
-1
-1
-1
2
1
1
0
0
1
2
2
2
0
0
1
1
1
1
1
1
2
2
1
1
1
-1
2
1
2
1
-1
-1
0
0
1
0
0
0
0
1
1
2
1
0
1
3
1
0
2
3
4
5
-1
0
1
0
2
3
1
2
1
0
0
0
-1
1
1
0
-1
1
0
0
1
3
4
2
0
-1
0
1
0
0
0
0
0
0
-2
-2
0
3
3
0
-3
-1
0
0
-2
0
1
-2
-1
-3
0
-1
0
2
0
1
0
0
-1
-2
0
-1
-2
-2
-3
-2
-1
-3
-3
1
0
-2
-1
2
1
1
1
2
2
3
2
-1
-2
-2
-2
-4
-3
-2
1
1
1
0
3
5
6
4
0
2
4
2
2
4
4
1
1
-1
-2
1
0
-2
1
1
-1
-3
-1
0
-5
-2
1
0
-1
-1
1
-2
-2
2
2
-2
1
-2
-2
4
1
2
6
2
3
3
-1
-2
1
3
1
1
-2
1
3
1
3
5
5
1
0
1
-2
-2
1
2
0
2
2
1
1
2
4
2
2
2
1
1
0
-1
0
0
1
2
2
-1
-1
-1
-1
0
2
2
1
1
0
0
1
3
1
0
-1
-1
-1
1
0
0
0
0
0
-2
-3
-3
-3
-2
-2
-3
-5
-4
-4
-4
-2
1
-1
-1
-1
1
2
0
-1
0
1
-1
1
0
0
0
1
2
0
-1
-1
0
1
1
0
2
3
1
1
-1
1
2
0
1
1
0
2
-1
1
1
1
3
1
4
2
0
0
-2
-1
0
1
0
0
0
-1
1
1
1
1
1
0
-1
-2
-1
1
3
1
0
-1
3
0
-2
-2
-2
-2
-1
-1
-1
0
0
1
1
0
-1
-1
1
2
0
0
1
0
-1
0
-1
0
2
0
2
-1
-4
-4
-4
-3
-4
-5
-3
-1
-1
-4
-2
-2
3
3
3
2
1
1
0
0
2
4
6
3
-1
0
1
0
1
-1
1
0
-4
-4
0
1
1
4
4
3
2
-2
-1
-1
1
0
-2
-1
-2
-1
-1
-2
-4
-1
2
1
-1
-2
0
-2
1
2
0
4
0
-2
-1
-4
-1
-1
-2
1
0
2
0
0
-1
0
2
3
4
3
2
0
-1
0
-1
0
0
-3
-1
3
0
5
4
1
1
-1
-1
-2
2
0
1
6
3
2
1
-1
-1
-2
2
1
-1
1
-2
-2
-1
-3
-1
-2
-5
-1
0
0
2
-1
1
2
-2
-1
-2
-3
1
-1
1
3
0
3
1
-1
0
-2
-3
0
-5
0
-2
0
-2
-1
-2
-3
0
-3
-3
-1
-3
-2
-2
-3
-3
-1
-3
0
-2
-3
-1
-3
1
0
-1
-2
-2
1
1
3
3
1
-3
3
1
-5
-4
2
3
-1
0
5
2
0
3
7
2
0
0
3
2
1
2
1
1
1
0
0
2
3
3
3
3
2
3
0
0
-2
0
3
3
0
-2
0
2
1
2
-1
-1
3
-1
-2
5
2
0
5
4
1
0
-1
0
-2
0
4
0
-2
-1
2
3
2
5
3
-1
2
-3
-4
2
-1
-1
3
-3
-2
1
-2
0
1
0
1
0
-2
-2
-3
-3
-4
-1
-2
-5
-3
-2
-2
-2
0
-3
-3
-1
1
1
1
1
-2
0
-3
-6
-1
-3
-4
2
-1
-1
0
-3
-2
-5
-5
4
-2
-2
6
0
-3
0
0
-1
-3
0
5
3
0
2
3
0
-3
-1
0
0
3
1
-1
1
1
-1
4
1
-1
6
-2
0
1
-3
2
0
3
5
3
1
2
5
2
1
-1
1
5
3
0
1
1
0
3
2
1
1
3
5
4
2
1
1
1
0
1
1
3
2
1
0
0
1
-1
0
1
2
0
-3
-2
0
0
0
0
2
3
2
0
1
-1
0
-1
0
-2
-5
-3
-1
2
1
-1
-1
0
1
1
1
1
0
0
1
1
0
-1
0
1
2
2
1
0
-1
-1
-1
1
2
1
2
1
1
-2
-5
-3
1
1
1
-1
0
2
-1
-1
-2
-1
-1
-1
-3
-3
-5
-4
-3
-2
-2
-4
-2
-2
-1
0
1
0
-2
0
2
2
1
-1
0
1
1
2
1
0
0
3
3
3
0
-2
-2
0
-2
-2
-1
0
1
0
-1
0
2
3
2
0
1
1
0
-2
-2
-1
2
4
1
-1
0
0
1
1
0
0
1
-2
-1
-2
-3
-1
1
0
0
0
-1
-2
-1
-4
-1
-1
1
4
0
3
1
-1
5
1
0
2
-1
0
4
2
2
6
1
3
4
1
1
1
0
1
2
2
0
1
-2
-3
2
0
-3
2
0
-4
-1
-3
0
3
-3
-3
-1
-2
-2
0
1
2
2
0
0
1
1
0
0
1
1
1
0
0
-1
-1
1
1
0
-1
0
-1
-1
1
4
3
1
1
2
1
1
6
6
3
1
0
1
-1
-3
-1
3
0
-3
1
0
0
-1
-2
-5
2
-2
-5
0
-7
-4
-1
-2
2
-4
-2
-2
-3
-1
-3
0
2
1
0
0
0
-1
1
1
1
-3
-3
-3
-2
-1
1
2
0
-2
-2
-1
-2
0
1
4
4
3
0
-1
-1
-2
-2
-2
-1
-1
-1
-2
-1
0
-2
-2
-2
-2
-1
-1
0
1
2
3
1
2
2
1
1
1
2
3
1
-2
-1
0
1
0
1
4
5
4
3
0
-1
-2
0
0
1
0
0
-1
0
1
2
4
4
3
3
4
2
1
1
1
4
2
-1
-2
-2
-1
-1
-2
-2
-2
0
-1
0
0
2
2
1
1
0
0
-1
-1
2
3
3
2
1
-1
-2
0
2
1
1
1
0
1
-1
-1
-2
1
0
-3
-1
-1
-2
0
-1
-2
2
0
-5
-2
-2
0
1
0
4
0
0
0
0
2
2
2
2
1
-3
-3
-2
-2
-4
-2
2
0
-3
-3
0
0
-3
-1
0
1
0
-3
-1
2
-1
2
5
1
-2
0
0
-1
-1
0
-1
1
2
1
0
3
0
2
1
1
1
0
1
0
-5
-3
2
0
1
0
-1
0
-3
-4
1
0
-2
0
1
-2
-2
-1
1
1
-1
-2
-3
-5
-4
-2
0
0
0
2
2
0
-1
0
2
3
1
0
0
2
4
4
4
4
5
4
3
2
4
5
6
3
1
1
0
1
0
1
0
-1
0
-3
1
-1
-2
1
-2
-2
-4
-4
-3
-3
-3
-4
-2
-2
-3
-3
-3
-3
-1
0
-2
-3
-2
0
2
1
-1
-2
1
0
1
0
-1
-1
-1
0
1
0
2
0
4
3
3
4
2
2
3
2
3
2
4
5
5
3
3
4
3
1
1
3
3
3
3
3
2
1
-1
-1
0
0
1
0
-1
-1
-1
0
0
-1
-2
-2
-1
-1
-1
-1
0
0
1
0
1
0
0
7
3
-3
1
0
-3
2
-1
-1
2
0
-2
-2
-4
-1
2
1
-1
-2
-1
-1
-3
-5
-4
0
3
-1
-2
1
-1
-1
1
1
1
-1
-4
1
0
-1
-2
0
2
3
0
0
0
0
1
-2
-3
-3
-3
0
-1
-5
-3
0
-2
-1
-1
0
2
0
2
0
3
1
-4
-2
-3
0
-1
1
3
-4
2
-3
-3
1
-4
-3
1
-1
-2
0
-3
-1
-1
0
1
1
-1
-4
-1
0
2
2
1
1
2
1
0
1
3
2
1
0
0
0
0
-1
2
2
2
2
2
2
0
-1
1
1
-1
-4
-3
0
-1
-2
0
5
5
0
0
3
5
1
0
2
3
2
-1
-1
0
0
2
5
5
3
4
4
3
3
3
3
2
4
4
3
1
1
0
0
2
3
2
2
1
0
0
0
0
0
-2
-3
-1
-2
3
2
4
5
1
4
-2
-2
3
3
3
-5
1
5
2
1
0
0
2
1
0
-1
0
-2
-3
-6
-4
-5
-5
-4
-4
-1
-2
-2
0
0
0
0
5
4
5
4
-5
-6
-3
-1
0
-2
-2
-3
-1
0
-5
-6
-2
1
0
-2
-2
-5
-6
1
5
-1
1
6
4
2
1
-2
1
6
2
1
3
-2
-2
-2
-1
-3
-2
-3
-2
-2
-1
-1
1
3
1
4
2
-2
0
-1
1
4
3
2
3
3
5
6
6
5
4
4
2
0
3
2
2
2
-2
-5
-2
-2
1
3
3
4
5
4
4
1
1
-1
-1
1
2
3
5
7
7
4
1
0
-2
2
2
0
3
2
3
4
-2
-2
-2
-3
0
3
0
3
2
0
4
3
-2
2
1
0
7
4
1
4
-1
-1
7
0
0
0
-4
-3
0
-5
-6
-2
-6
-3
0
-3
-1
2
3
6
4
-2
-2
-2
-1
-1
-4
-1
0
-8
-7
-1
-3
-1
3
-5
-10
-9
-5
-1
-3
2
12
6
-8
-8
-4
0
-1
0
4
1
-11
-16
-9
-2
-2
5
12
-1
-14
-5
8
-2
-7
0
3
-6
-7
-3
-2
1
9
9
-2
-11
5
10
-11
-4
24
21
5
9
12
8
5
6
9
-7
-19
-16
-12
-1
8
10
3
-27
-49
-45
-45
-24
23
42
47
40
4
-25
-11
11
18
35
41
19
10
7
-10
-2
8
3
5
-2
-9
-6
-21
-19
13
11
-4
-1
-16
-45
-51
-24
32
72
74
60
35
3
-12
-13
-2
24
39
40
38
25
-10
-46
-56
-50
-56
-42
-3
16
-9
-36
-38
-36
-46
-54
-29
17
39
18
4
21
28
13
3
22
51
64
60
46
35
40
42
28
13
14
10
-6
-34
-48
-29
-15
-41
-58
-44
-44
-61
-74
-69
-52
-32
-15
4
23
17
-2
12
27
14
32
65
70
58
35
18
19
9
-1
6
14
18
4
-23
-23
-17
-30
-47
-45
-21
-11
-26
-36
-27
-19
-29
-27
10
41
31
18
35
49
29
5
16
38
28
-5
-10
11
3
-31
-36
-14
-13
-30
-20
11
14
-15
-25
0
15
-3
-13
7
23
8
-6
4
20
16
6
6
8
1
-7
-1
13
12
-5
-13
-8
-12
-25
-23
-11
-15
-29
-22
-1
3
-3
0
14
17
14
18
25
27
22
18
15
19
23
19
8
-1
-3
-7
-10
-6
3
9
11
13
13
10
2
-5
-9
-8
-3
1
3
-2
-11
-14
-14
-19
-24
-16
-4
-11
-19
-12
4
2
-7
-4
3
-4
-20
-18
-2
7
2
9
26
29
13
1
2
6
8
15
24
21
12
4
-5
-16
-17
-10
-10
-18
-18
-9
1
5
0
0
6
8
4
10
21
19
5
-1
3
6
5
7
10
1
-18
-26
-15
-13
-21
-11
13
15
-3
-15
-12
-10
-16
-27
-28
-16
-14
-23
-12
15
29
18
6
3
4
8
27
55
67
60
44
18
-19
-60
-72
-54
-33
-18
8
34
25
-11
-33
-32
-34
-26
15
50
44
20
12
-4
-39
-53
-23
12
20
25
42
49
32
14
3
-10
-8
15
22
6
-11
-18
-27
-50
-58
-20
3
-14
2
57
66
40
42
56
34
-13
-15
23
14
-40
-59
-48
-58
-68
-36
3
10
14
36
58
79
103
88
29
-9
7
10
-32
-58
-51
-63
-100
-93
-24
21
0
-22
7
35
17
28
94
99
12
-48
-38
-18
-35
-62
-53
-28
-23
-7
32
51
17
-53
-101
-77
1
69
75
35
-8
-64
-119
-94
7
71
63
60
110
139
108
80
82
44
-30
-58
-43
-20
-13
-51
-104
-119
-114
-85
-24
23
46
62
73
76
86
90
67
24
-12
-51
-82
-58
-10
-3
-26
-27
4
22
1
-11
42
98
74
18
12
10
-63
-148
-147
-106
-93
-74
-29
7
12
-1
6
19
4
8
79
155
179
147
67
-35
-122
-164
-125
-38
27
44
9
-39
-51
-44
-52
-60
-40
-2
31
58
84
88
38
-45
-81
-29
46
88
113
125
93
34
12
24
17
-23
-61
-73
-60
-36
-20
-29
-53
-66
-47
16
97
124
69
-8
-42
-42
-38
-15
37
58
3
-65
-56
-6
-8
-50
-53
-20
5
38
94
108
23
-85
-121
-106
-71
13
111
167
149
66
-20
-73
-123
-158
-135
-48
73
166
171
96
-1
-91
-166
-161
-46
76
104
73
56
12
-82
-136
-95
-24
41
117
192
187
88
7
-36
-113
-154
-66
41
40
2
20
35
-4
-4
83
167
169
138
129
87
-14
-85
-116
-170
-199
-141
-47
9
35
58
40
-28
-49
14
47
-13
-71
-53
-25
-16
45
140
139
14
-97
-102
-64
-17
61
144
169
129
65
-18
-113
-140
-103
-110
-140
-74
32
41
-30
-36
11
-43
-134
-68
63
74
45
118
177
74
-61
-81
-75
-153
-241
-187
-39
30
23
40
53
14
-34
-17
91
226
272
204
123
85
30
-53
-70
0
58
17
-48
4
95
59
-42
-41
14
-18
-84
-27
98
90
-21
-64
-15
4
-29
-13
75
110
41
-27
-16
-13
-85
-160
-157
-110
-80
-63
-6
66
57
-44
-101
-29
46
-2
-87
-75
-45
-131
-251
-208
-61
-38
-80
30
219
250
140
109
181
154
-7
-89
-38
-57
-204
-252
-122
-13
-21
-13
76
160
139
36
-38
-33
-6
9
42
110
138
98
68
75
52
-11
-41
-13
31
50
41
15
-12
-40
-79
-121
-115
-33
67
127
195
296
339
258
161
133
110
46
17
59
68
-32
-164
-198
-146
-107
-62
65
207
264
270
296
264
106
-104
-251
-303
-291
-227
-111
13
77
90
115
146
132
64
-28
-111
-157
-164
-152
-133
-117
-143
-205
-217
-137
-32
49
134
238
276
179
38
-59
-187
-402
-522
-416
-259
-212
-156
-8
55
-75
-195
-187
-185
-248
-193
28
217
245
213
172
48
-146
-255
-221
-154
-134
-144
-189
-289
-406
-491
-550
-561
-470
-297
-116
48
167
144
-46
-265
-397
-454
-461
-379
-230
-117
-91
-105
-101
-69
4
137
320
498
624
679
628
478
299
144
84
144
275
461
635
681
648
619
591
571
607
728
883
950
939
925
883
783
674
609
578
573
637
738
769
717
650
576
511
542
688
838
952
1109
1260
1223
990
725
491
220
-55
-213
-250
-243
-199
-123
-89
-143
-253
-374
-474
-508
-552
-828
-1493
-2539
-3887
-5380
-6620
-7122
-6801
-5930
-4769
-3408
-1930
-580
381
1016
1465
1704
1808
1933
2066
2053
1748
1122
195
-914
-1823
-2201
-2124
-1839
-1382
-665
136
734
1172
1647
1999
1956
1720
1724
1886
1816
1559
1455
1419
1087
531
173
78
-25
-96
161
685
1087
1246
1348
1463
1447
1268
1083
1042
1086
1048
918
821
762
650
522
541
760
1056
1257
1345
1413
1430
1278
1025
846
698
475
286
269
322
307
267
338
501
622
662
727
862
985
1048
1038
909
723
612
507
242
-149
-541
-968
-1460
-1919
-2408
-3160
-4221
-5407
-6588
-7591
-7978
-7470
-6415
-5272
-3931
-2123
-184
1246
2003
2375
2528
2428
2175
2011
1987
1823
1167
-8
-1292
-2209
-2647
-2822
-2864
-2600
-1872
-934
-168
435
1089
1648
1809
1772
2038
2572
2834
2672
2423
2149
1525
630
-28
-375
-812
-1323
-1438
-1106
-775
-538
4
945
1766
2060
2083
2252
2469
2352
1936
1650
1591
1373
824
358
369
624
668
540
587
785
846
771
804
971
1045
931
841
923
986
826
624
608
627
507
453
684
1029
1193
1091
817
526
310
134
-84
-347
-580
-715
-713
-535
-164
257
512
592
619
530
188
-290
-776
-1478
-2617
-4079
-5676
-7274
-8448
-8608
-7736
-6409
-4917
-3073
-1013
630
1527
2028
2574
3159
3556
3713
3753
3628
3010
1607
-352
-2144
-3256
-3884
-4334
-4310
-3514
-2431
-1698
-1108
-139
980
1653
2009
2681
3650
4193
4004
3548
3091
2279
1013
-90
-589
-861
-1309
-1623
-1457
-1156
-1119
-992
-237
883
1641
1909
2225
2734
2887
2404
1804
1535
1265
628
25
31
420
518
260
153
309
332
192
268
548
659
601
651
761
692
484
313
268
466
879
1181
1268
1474
1790
1680
1086
653
555
268
-248
-471
-434
-617
-813
-517
-33
63
-8
198
431
310
27
-167
-621
-1796
-3635
-5740
-7791
-9287
-9441
-8004
-5693
-3272
-998
782
1541
1448
1429
2070
3065
3882
4474
4949
4907
3746
1607
-667
-2501
-3915
-4910
-5154
-4461
-3219
-2147
-1615
-1303
-706
175
1019
1888
3080
4344
5018
4935
4473
3739
2508
949
-287
-872
-1167
-1481
-1522
-1155
-990
-1410
-1742
-1332
-609
-163
366
1499
2694
3000
2461
1945
1715
1240
468
143
531
863
579
140
50
-50
-594
-1131
-1023
-490
-60
387
1102
1624
1433
876
589
622
672
715
893
1140
1232
1097
866
630
359
39
-222
-300
-225
-179
-297
-468
-562
-647
-671
-294
568
1457
2014
2345
2542
2383
1765
967
244
-608
-1974
-3930
-6228
-8480
-10041
-10157
-8690
-6310
-3765
-1462
255
1108
1337
1684
2695
4148
5307
5766
5684
5104
3631
1177
-1507
-3512
-4620
-5078
-4915
-4031
-2788
-1930
-1783
-1837
-1403
-434
625
1703
3109
4594
5262
4862
4171
3599
2623
1158
160
84
103
-435
-1036
-1304
-1732
-2545
-2942
-2342
-1343
-672
-84
852
1682
1769
1511
1725
2242
2280
1887
1784
2023
1931
1275
574
184
-186
-806
-1236
-982
-398
-166
-183
152
750
991
892
1033
1511
1857
1862
1744
1627
1379
883
258
-214
-403
-482
-611
-697
-680
-753
-997
-1162
-1012
-599
-12
846
1938
2879
3281
3205
2938
2450
1553
517
-129
-581
-1680
-3743
-6281
-8833
-11030
-11969
-10715
-7585
-4127
-1628
-225
417
461
412
1268
3304
5460
6687
6961
6476
4947
2326
-610
-2909
-4159
-4436
-3987
-3151
-2375
-2103
-2521
-3271
-3547
-2778
-1163
753
2679
4376
5312
5162
4377
3650
3067
2435
1961
1900
1893
1343
225
-1066
-2305
-3356
-3835
-3384
-2184
-822
233
873
1152
1155
1125
1380
1951
2511
2866
3118
3217
2830
1931
926
81
-625
-1115
-1249
-1116
-958
-944
-1018
-909
-428
189
607
933
1456
2055
2279
2057
1755
1485
1007
457
279
345
78
-448
-700
-721
-971
-1369
-1414
-1010
-491
-24
570
1444
2353
2760
2572
2383
2484
2312
1610
1041
795
1
-1789
-3977
-6174
-8532
-10511
-10759
-8803
-5866
-3580
-2479
-2112
-2027
-1951
-1263
725
3661
6177
7357
7323
6328
4367
1842
-367
-1650
-1966
-1661
-1333
-1519
-2303
-3402
-4511
-5248
-5077
-3787
-1857
32
1583
2708
3214
3120
2963
3303
4017
4576
4770
4667
4035
2554
581
-1048
-1997
-2524
-2734
-2419
-1755
-1370
-1543
-1850
-1841
-1547
-1001
76
1751
3444
4335
4104
3177
2279
1737
1478
1464
1668
1719
1197
144
-1068
-2078
-2569
-2345
-1526
-469
472
1051
1130
852
585
571
742
967
1330
1883
2309
2139
1387
561
-29
-491
-837
-899
-802
-839
-925
-734
-234
347
899
1515
2216
2735
2724
2303
1966
1806
1400
579
-462
-1923
-4320
-7367
-9840
-10705
-9814
-7726
-5496
-4222
-4108
-4277
-3855
-2645
-686
1976
4778
6705
7153
6376
5094
3824
2642
1573
964
1033
1198
479
-1343
-3439
-4899
-5547
-5548
-4795
-3231
-1510
-466
-70
325
893
1422
2172
3566
5160
5962
5737
4974
3789
2068
422
-208
24
59
-461
-961
-1311
-2085
-3221
-3696
-2942
-1601
-507
209
787
1173
1144
933
1216
2212
3270
3698
3537
3033
2038
601
-566
-921
-709
-329
136
470
312
-348
-1064
-1226
-502
675
1520
1854
1929
1740
1277
860
616
394
282
540
992
1056
458
-265
-455
-296
-217
65
784
1347
1422
1496
1743
1663
1129
629
519
646
572
-58
-1349
-3282
-5739
-8172
-9655
-9446
-7627
-5332
-4055
-4332
-5294
-5672
-4817
-2727
283
3570
6073
6871
6174
5109
4285
3480
2797
2771
3227
3269
2305
389
-1987
-4062
-5274
-5617
-5276
-4375
-3350
-2834
-2840
-2677
-1916
-769
641
2504
4492
5642
5524
4805
4161
3504
2852
2822
3345
3153
1650
-107
-1204
-1996
-2806
-3190
-2937
-2596
-2662
-2956
-2880
-2135
-1027
53
1093
2183
3101
3536
3469
3135
2709
2271
2050
2232
2514
2371
1777
1077
354
-438
-1007
-1003
-503
13
137
-129
-458
-589
-480
-69
638
1230
1287
1194
1529
1812
1218
248
23
473
735
715
839
943
598
167
446
1224
1379
746
417
681
493
-549
-1727
-2990
-5009
-7350
-8628
-8448
-7525
-6353
-5343
-5368
-6498
-7113
-5736
-2915
-22
2542
4763
5899
5453
4421
4188
4723
5051
4970
5022
5059
4083
1679
-1262
-3465
-4500
-4779
-4680
-4269
-3836
-3964
-4648
-4957
-4058
-2245
-468
1077
2860
4512
5009
4575
4449
4799
4888
4818
5012
4833
3415
1236
-302
-695
-886
-1741
-2710
-3000
-3053
-3497
-3764
-3149
-2152
-1524
-933
299
1857
2757
2754
2631
3008
3546
3741
3854
4147
3977
2926
1832
1390
973
90
-592
-608
-522
-840
-1398
-1877
-2054
-1700
-864
-62
233
102
17
233
514
562
573
844
1089
933
650
634
989
1861
2936
3150
2311
1697
1836
1685
617
-783
-2172
-3935
-6188
-8272
-9341
-9054
-7794
-6593
-6592
-7755
-8434
-7235
-4725
-2163
228
2417
3597
3545
3499
4465
5817
6541
6698
6808
6691
5822
4199
2341
792
-107
-496
-1061
-2276
-3767
-4927
-5669
-5931
-5318
-4033
-3193
-3146
-2768
-1436
-172
334
950
2236
3237
3378
3600
4430
4846
4269
3759
4025
3980
2633
915
197
200
-127
-583
-412
-220
-1157
-2632
-2930
-1890
-1014
-956
-763
108
766
609
457
922
1256
1006
1221
2534
3702
3473
2529
2245
2570
2476
1775
1269
1290
1256
805
320
-73
-868
-2035
-2577
-2034
-1413
-1593
-1863
-1264
-410
-350
-616
-124
850
1365
1706
2615
3383
2822
1578
1296
1935
2022
1148
146
-825
-2528
-4894
-6612
-6813
-6027
-5224
-5103
-6233
-8270
-9359
-8109
-5470
-3204
-1774
-922
-611
-408
540
2287
3998
5065
5549
5752
5847
5657
4845
3726
3215
3398
3145
1755
-107
-1519
-2332
-2832
-3019
-2731
-2467
-3117
-4334
-4587
-3518
-2444
-2009
-1509
-663
-46
243
897
2084
2906
2887
2960
3764
4217
3531
2833
3151
3657
3306
2471
1958
1538
538
-514
-272
912
918
-705
-1871
-1602
-1361
-1772
-1532
-458
-104
-597
-240
1187
1858
1137
599
1336
2403
2582
2167
2079
2231
2009
1640
1567
1231
147
-770
-522
268
226
-780
-1575
-1480
-1177
-1385
-1575
-1051
-352
-223
-116
613
1068
402
-260
352
1437
1601
884
-105
-1415
-3124
-4667
-5282
-4780
-3777
-3233
-3915
-5901
-7845
-7740
-5477
-3090
-1818
-1262
-1287
-1906
-2026
-707
1337
2805
3313
3388
3555
3709
3558
3364
3550
4019
4335
4005
2844
1547
936
706
327
129
104
-695
-2309
-3423
-3341
-2741
-2338
-2102
-1932
-2085
-2492
-2364
-1269
48
759
1188
1941
2631
2579
2151
2382
3399
4230
4321
4143
3905
3031
1683
1194
2014
2711
1972
385
-679
-979
-1156
-1268
-919
-508
-830
-1460
-1258
-467
-445
-1181
-1100
218
1162
699
60
551
1466
1692
1647
1879
1654
673
270
1165
1921
1257
131
-76
219
-69
-640
-563
-101
-152
-518
-412
-150
-635
-1450
-1304
-271
185
-589
-1912
-3247
-4564
-5383
-4954
-3512
-2354
-2643
-4410
-6429
-7056
-5670
-3224
-1160
-310
-740
-1800
-2316
-1487
355
2160
3085
3090
2868
3040
3398
3393
3207
3481
4105
4233
3487
2337
1401
929
864
991
986
315
-1270
-2921
-3461
-3031
-2614
-2377
-2097
-2250
-2963
-3196
-2255
-929
-187
178
869
1759
2116
1935
2052
2811
3533
3679
3643
3869
3883
3054
1871
1521
2182
2683
2107
901
-3
-409
-660
-793
-622
-427
-734
-1371
-1559
-1122
-852
-1157
-1277
-559
328
474
239
539
1301
1728
1650
1496
1400
1269
1322
1712
1954
1504
654
189
300
441
273
86
148
249
179
-10
-349
-820
-993
-604
-179
-356
-1191
-2456
-3894
-4999
-5181
-4348
-3257
-3179
-4715
-6769
-7463
-6191
-4049
-2320
-1438
-1407
-2103
-2725
-2076
-82
1933
2927
2968
2529
2272
2865
3874
4148
3825
4010
4467
4007
2849
2261
2313
2063
1557
1569
1555
116
-2255
-3230
-2201
-1300
-1877
-2654
-2584
-2730
-3646
-3693
-1996
-474
-673
-1155
-270
912
915
698
1728
3181
3435
2888
3058
3902
4029
3235
2859
3452
3832
3129
2129
1665
1217
336
-139
299
539
-301
-1355
-1597
-1415
-1548
-1754
-1415
-731
-529
-943
-1098
-559
64
468
1066
1628
1413
762
726
1312
1635
1431
1192
1174
1157
996
852
883
944
777
518
516
491
-85
-796
-855
-527
-685
-1559
-2813
-4081
-5088
-5550
-5117
-3931
-3406
-4868
-7172
-7816
-6350
-4444
-3178
-2430
-2284
-2881
-3330
-2389
-225
1695
2451
2503
2601
2812
3071
3714
4671
5130
4845
4534
4355
3683
2706
2293
2345
2166
1846
1615
886
-539
-1617
-1621
-1216
-1202
-1605
-2261
-3038
-3500
-3211
-2346
-1651
-1687
-2030
-1834
-1240
-914
-499
591
1665
1950
2045
2667
3312
3305
3048
3442
4438
4929
4300
3291
2717
2316
1731
1463
1755
1721
673
-685
-1355
-1447
-1541
-1581
-1242
-795
-818
-1323
-1662
-1312
-532
-15
109
296
595
552
279
493
1229
1618
1369
1179
1363
1317
852
743
1317
1656
1063
300
355
723
280
-624
-853
-836
-1890
-3596
-4476
-4459
-4326
-4093
-3938
-4909
-7011
-8337
-7447
-5287
-3804
-3570
-3789
-3992
-4163
-3540
-1338
1338
2470
2024
1860
2837
4000
4519
4715
5043
5367
5398
5035
4333
3577
3000
2442
2014
2293
2717
1686
-476
-1474
-841
-361
-634
-828
-1088
-2112
-3343
-3506
-2374
-1231
-1337
-2151
-2309
-1965
-2008
-1866
-695
554
709
493
1091
2041
2258
2078
2615
3709
4158
3780
3487
3561
3395
2817
2433
2589
2643
1828
716
479
678
-39
-1108
-912
-7
-188
-1262
-1678
-1254
-994
-1111
-933
-396
-284
-736
-802
-182
158
-141
-164
447
859
688
585
958
1343
1303
1125
1210
1320
1053
636
574
735
440
-612
-1894
-2761
-3314
-3867
-3975
-3411
-3474
-5276
-7437
-7816
-6603
-5477
-4868
-4237
-3891
-4416
-4974
-4044
-1716
296
1014
1145
1586
2309
2969
3546
4128
4665
5058
5212
5067
4670
4074
3328
2731
2715
3170
3253
2370
992
10
-337
-324
-98
106
-306
-1494
-2602
-2719
-2088
-1660
-1715
-1778
-1748
-2085
-2589
-2339
-1315
-605
-628
-540
225
1076
1283
1081
1278
1997
2567
2817
3229
3631
3293
2471
2233
2745
3106
2818
2257
1793
1309
756
524
811
1018
526
-238
-426
-220
-376
-719
-636
-477
-769
-953
-560
-353
-931
-1532
-1358
-796
-509
-380
-51
288
291
161
333
751
961
853
814
1077
1246
796
-144
-968
-1574
-2357
-3105
-2985
-2214
-2408
-4214
-6022
-6314
-5735
-5371
-4814
-3729
-3343
-4336
-5120
-4210
-2464
-1278
-520
357
986
1089
1323
2181
3141
3547
3641
4046
4721
5023
4634
3894
3249
2938
3061
3388
3295
2488
1459
730
260
18
135
218
-386
-1404
-1860
-1584
-1374
-1605
-1816
-1729
-1687
-1827
-1686
-1093
-659
-820
-1007
-511
344
795
886
1125
1420
1438
1490
1957
2423
2369
2094
2141
2356
2303
2025
1833
1771
1673
1554
1621
1852
1816
1235
563
434
692
691
381
141
-104
-592
-956
-812
-579
-804
-1298
-1519
-1423
-1356
-1380
-1178
-703
-387
-445
-465
-195
-25
-184
-216
226
692
613
108
-381
-855
-1528
-2124
-2125
-1642
-1444
-2018
-3056
-4015
-4667
-4897
-4485
-3566
-2868
-2946
-3469
-3692
-3377
-2774
-2010
-1136
-458
-142
227
1018
1851
2142
2026
2114
2520
3017
3496
3899
3915
3269
2462
2164
2391
2583
2375
2047
1785
1432
902
414
122
-129
-354
-391
-300
-374
-682
-1018
-1195
-1193
-1069
-842
-589
-504
-636
-684
-382
63
301
327
383
560
740
833
990
1259
1370
1231
1247
1582
1825
1756
1604
1612
1701
1770
1863
1944
1950
1672
1192
961
1053
1079
753
361
130
-180
-620
-821
-627
-509
-830
-1313
-1519
-1475
-1465
-1391
-1092
-807
-835
-1033
-885
-449
-309
-490
-502
-130
229
269
177
-5
-377
-798
-1162
-1375
-1352
-1246
-1387
-1973
-2664
-3101
-3313
-3361
-3290
-3158
-3075
-3116
-3085
-2757
-2196
-1760
-1614
-1498
-1101
-399
375
1074
1502
1557
1441
1463
1865
2481
2928
2942
2617
2400
2416
2463
2373
2216
2072
1787
1334
986
911
977
915
675
389
44
-358
-541
-371
-56
99
-37
-324
-536
-621
-617
-489
-231
3
50
43
218
428
408
283
345
621
906
1071
1197
1304
1265
1172
1280
1539
1595
1385
1257
1369
1421
1256
1106
1106
1062
847
629
527
389
97
-181
-245
-201
-300
-572
-864
-1144
-1422
-1492
-1219
-933
-1027
-1278
-1201
-907
-838
-882
-629
-220
-87
-107
102
387
328
3
-214
-353
-729
-1252
-1479
-1367
-1391
-1772
-2212
-2513
-2869
-3265
-3328
-2991
-2676
-2593
-2482
-2226
-2028
-1907
-1617
-1123
-650
-313
-43
214
458
716
1001
1287
1535
1696
1743
1731
1756
1810
1816
1817
1869
1849
1622
1306
1071
968
1001
1066
942
603
302
162
113
171
313
341
193
33
-71
-184
-225
-44
247
391
349
302
353
408
430
540
779
907
759
616
778
1019
1028
966
1063
1142
1030
925
1016
1174
1245
1246
1200
1132
1091
1023
822
590
510
503
387
224
126
-71
-507
-942
-1028
-847
-792
-952
-1070
-1048
-1050
-1077
-960
-725
-563
-481
-303
-25
143
74
-131
-303
-366
-369
-400
-534
-818
-1198
-1493
-1579
-1608
-1828
-2163
-2352
-2378
-2443
-2542
-2507
-2364
-2341
-2431
-2332
-1909
-1429
-1191
-1144
-1039
-773
-415
-27
391
783
998
994
962
1089
1319
1503
1622
1722
1771
1722
1628
1594
1628
1589
1405
1222
1131
1009
824
749
795
707
403
154
129
138
2
-112
16
272
382
328
268
225
143
153
450
940
1250
1177
911
747
741
826
993
1185
1267
1213
1125
1058
986
882
758
716
831
983
947
670
318
91
66
162
243
229
82
-189
-465
-598
-600
-563
-511
-465
-515
-657
-761
-786
-806
-783
-640
-458
-358
-327
-334
-395
-499
-594
-611
-488
-375
-506
-808
-1042
-1250
-1538
-1739
-1732
-1697
-1761
-1851
-1963
-2159
-2336
-2375
-2313
-2197
-2006
-1788
-1626
-1533
-1488
-1432
-1216
-818
-448
-209
2
164
184
247
594
1060
1296
1310
1358
1506
1627
1693
1795
1930
1958
1792
1562
1440
1359
1168
977
944
899
601
206
19
28
9
-57
-7
136
154
-5
-125
-48
153
386
681
983
1115
1039
955
996
1091
1187
1351
1535
1539
1320
1075
945
839
664
542
598
698
643
447
265
145
43
1
89
216
207
65
-62
-133
-250
-375
-343
-186
-111
-154
-198
-244
-382
-526
-492
-310
-203
-247
-297
-297
-382
-570
-662
-597
-577
-715
-876
-994
-1185
-1464
-1639
-1626
-1568
-1594
-1656
-1717
-1830
-1999
-2094
-2008
-1821
-1690
-1622
-1556
-1521
-1569
-1570
-1351
-988
-714
-595
-499
-382
-286
-147
185
658
1008
1110
1133
1256
1385
1379
1380
1574
1809
1801
1614
1530
1526
1377
1129
1013
994
852
582
391
356
360
295
207
173
126
-29
-148
-12
287
443
442
516
654
673
627
717
917
1065
1132
1167
1184
1161
1078
980
962
972
883
756
739
728
541
309
270
325
234
40
-68
-103
-168
-225
-213
-214
-322
-461
-464
-300
-147
-122
-156
-195
-291
-376
-263
0
115
-20
-205
-319
-426
-511
-504
-484
-568
-719
-878
-1090
-1332
-1460
-1440
-1418
-1483
-1577
-1644
-1718
-1839
-1948
-1972
-1913
-1827
-1749
-1694
-1705
-1759
-1732
-1528
-1239
-1015
-894
-803
-681
-507
-270
23
319
556
720
835
944
1077
1218
1325
1394
1470
1548
1559
1492
1424
1391
1346
1254
1138
1012
849
660
549
566
603
540
428
352
276
160
106
188
320
397
439
495
548
560
572
651
779
866
873
869
915
971
948
850
808
869
897
811
718
656
541
392
350
405
371
185
-10
-63
-24
-19
-40
-14
-9
-108
-195
-115
54
104
12
-51
-13
7
-56
-88
-47
-74
-207
-301
-330
-433
-612
-701
-681
-747
-997
-1289
-1456
-1534
-1617
-1668
-1638
-1637
-1750
-1893
-1974
-2011
-2000
-1886
-1746
-1721
-1771
-1738
-1622
-1514
-1398
-1211
-1008
-882
-808
-688
-476
-225
-12
186
430
677
837
945
1113
1330
1481
1554
1652
1789
1851
1779
1655
1579
1523
1410
1246
1078
887
681
593
627
625
510
385
284
148
48
115
316
485
509
429
353
324
341
410
546
698
714
611
594
649
623
556
573
674
751
742
701
661
596
515
458
465
504
456
297
157
147
201
214
194
180
122
-7
-89
-9
161
236
158
72
66
49
-37
-79
-30
-44
-199
-364
-440
-544
-743
-927
-1009
-1089
-1283
-1528
-1700
-1797
-1893
-1996
-2039
-2038
-2078
-2145
-2134
-2029
-1931
-1896
-1877
-1812
-1690
-1531
-1357
-1185
-1033
-932
-889
-854
-744
-529
-284
-76
124
343
519
621
740
926
1128
1307
1491
1677
1803
1811
1723
1638
1609
1563
1427
1272
1184
1085
897
723
656
608
501
399
349
311
275
282
324
332
282
208
168
202
267
312
379
456
444
368
347
406
479
535
602
704
793
815
787
762
752
745
745
773
809
783
648
476
378
376
390
364
319
267
179
50
-25
27
106
88
22
31
67
18
-67
-112
-133
-155
-186
-252
-365
-499
-627
-757
-938
-1171
-1423
-1641
-1791
-1900
-2011
-2124
-2221
-2304
-2344
-2296
-2186
-2101
-2080
-2070
-1994
-1813
-1567
-1337
-1160
-1017
-911
-818
-673
-447
-236
-126
-43
117
355
598
798
933
1027
1146
1308
1480
1638
1759
1812
1790
1726
1648
1576
1473
1305
1135
1031
931
785
649
546
419
278
208
228
277
271
187
106
109
153
172
194
258
307
285
245
266
315
314
286
315
403
466
482
529
630
689
658
632
696
783
821
854
911
907
800
693
663
651
590
508
437
346
215
76
-28
-103
-177
-232
-231
-227
-293
-391
-428
-416
-420
-454
-494
-530
-584
-665
-749
-837
-1007
-1293
-1587
-1766
-1829
-1869
-1964
-2121
-2265
-2334
-2344
-2319
-2261
-2202
-2168
-2096
-1908
-1633
-1379
-1215
-1099
-963
-786
-591
-374
-136
76
224
344
506
733
969
1140
1235
1319
1449
1609
1746
1836
1878
1856
1768
1669
1610
1534
1368
1156
995
881
741
584
475
387
256
127
101
151
146
58
-9
0
38
78
160
264
315
303
290
312
363
388
382
396
443
490
513
539
610
692
714
695
736
842
910
891
888
962
1007
944
853
803
729
579
438
408
379
195
-49
-192
-263
-350
-432
-436
-422
-525
-683
-723
-665
-672
-757
-807
-813
-909
-1110
-1275
-1370
-1514
-1741
-1909
-1920
-1905
-2032
-2210
-2276
-2269
-2266
-2243
-2152
-2023
-1937
-1874
-1707
-1440
-1214
-1075
-959
-817
-625
-396
-146
100
295
435
572
756
981
1195
1349
1436
1495
1572
1700
1849
1944
1940
1848
1715
1595
1512
1445
1355
1233
1097
920
699
508
375
251
117
15
-24
-61
-169
-294
-349
-340
-297
-198
-46
84
119
99
127
235
354
436
518
612
666
676
728
849
944
949
914
913
950
996
1025
1024
989
929
863
796
745
693
601
467
355
303
259
155
-4
-164
-288
-374
-413
-422
-471
-614
-808
-946
-979
-956
-948
-1012
-1179
-1405
-1606
-1750
-1854
-1931
-1999
-2077
-2177
-2270
-2325
-2341
-2340
-2338
-2302
-2198
-2041
-1871
-1687
-1484
-1266
-1059
-889
-725
-518
-263
-12
228
481
720
882
977
1081
1240
1399
1487
1537
1616
1706
1743
1742
1766
1786
1712
1564
1448
1392
1325
1231
1157
1075
907
670
460
327
230
133
56
-6
-103
-263
-425
-513
-527
-507
-429
-275
-126
-71
-62
-1
119
239
367
549
742
849
883
944
1057
1149
1173
1187
1240
1261
1225
1206
1217
1195
1105
967
827
707
613
528
436
342
221
64
-65
-156
-269
-389
-462
-511
-589
-690
-763
-827
-953
-1094
-1164
-1200
-1286
-1435
-1599
-1751
-1925
-2108
-2189
-2174
-2194
-2287
-2382
-2430
-2460
-2478
-2398
-2222
-2051
-1930
-1788
-1555
-1290
-1073
-843
-568
-320
-106
140
451
783
1044
1214
1329
1430
1539
1647
1756
1866
1938
1919
1825
1736
1695
1658
1591
1503
1402
1269
1101
943
837
760
651
495
348
233
82
-75
-154
-190
-271
-405
-516
-568
-623
-673
-607
-433
-296
-250
-209
-95
30
132
281
501
723
867
946
1067
1213
1276
1293
1368
1483
1537
1509
1470
1422
1311
1173
1096
1058
972
799
594
436
335
247
132
12
-121
-292
-451
-525
-540
-604
-740
-883
-1010
-1131
-1225
-1289
-1361
-1498
-1709
-1948
-2136
-2247
-2309
-2347
-2367
-2391
-2453
-2534
-2562
-2517
-2443
-2368
-2246
-2049
-1831
-1630
-1420
-1178
-944
-740
-497
-165
193
482
721
981
1253
1466
1621
1784
1949
2019
1999
2024
2125
2177
2100
1970
1834
1650
1433
1291
1247
1177
994
755
554
372
175
21
-45
-96
-215
-353
-435
-490
-576
-658
-667
-619
-585
-559
-484
-358
-244
-157
-51
92
226
342
484
677
886
1079
1241
1347
1385
1397
1431
1498
1591
1691
1751
1716
1604
1474
1344
1209
1070
940
797
609
399
217
64
-83
-259
-452
-603
-718
-830
-905
-937
-1000
-1129
-1287
-1399
-1460
-1533
-1657
-1808
-1974
-2159
-2331
-2410
-2402
-2398
-2467
-2567
-2613
-2607
-2571
-2474
-2311
-2136
-1998
-1852
-1605
-1290
-1016
-791
-590
-360
-60
271
614
961
1237
1403
1520
1656
1833
1996
2124
2236
2300
2281
2201
2110
2037
1942
1795
1632
1500
1372
1195
1008
847
651
383
111
-94
-231
-320
-379
-438
-523
-636
-776
-890
-898
-812
-671
-490
-316
-179
-92
-55
19
179
377
570
740
898
1030
1114
1178
1240
1288
1310
1303
1337
1427
1494
1493
1433
1336
1227
1114
1041
1013
954
803
615
468
346
169
-26
-184
-335
-499
-638
-735
-825
-980
-1187
-1349
-1455
-1557
-1645
-1724
-1849
-2037
-2237
-2363
-2393
-2401
-2425
-2465
-2510
-2534
-2536
-2508
-2420
-2294
-2146
-1974
-1776
-1546
-1323
-1105
-849
-571
-310
-55
215
507
797
1042
1258
1457
1607
1724
1850
1979
2082
2128
2112
2073
2018
1929
1821
1705
1585
1453
1301
1163
1040
888
676
437
241
77
-96
-240
-339
-441
-564
-696
-815
-875
-880
-828
-696
-518
-362
-254
-150
-9
148
308
492
697
881
1025
1138
1247
1333
1348
1297
1259
1289
1366
1445
1458
1378
1260
1127
995
922
895
839
717
579
464
367
240
93
-49
-188
-322
-413
-451
-498
-638
-851
-1050
-1193
-1313
-1444
-1592
-1769
-1991
-2215
-2378
-2480
-2560
-2641
-2730
-2785
-2781
-2752
-2697
-2600
-2473
-2321
-2151
-1949
-1673
-1362
-1100
-851
-539
-197
118
390
667
968
1227
1426
1615
1796
1926
1993
2058
2132
2151
2101
2030
1969
1889
1756
1615
1491
1343
1173
996
828
681
525
348
195
58
-76
-209
-348
-459
-534
-598
-611
-562
-476
-387
-323
-258
-153
-9
157
331
508
680
826
955
1073
1169
1233
1275
1333
1405
1453
1448
1393
1298
1177
1052
962
914
870
775
621
450
307
193
91
1
-81
-166
-257
-341
-418
-503
-621
-750
-840
-895
-963
-1065
-1166
-1267
-1444
-1681
-1864
-1966
-2056
-2176
-2280
-2354
-2475
-2608
-2647
-2611
-2560
-2526
-2480
-2358
-2201
-2038
-1797
-1494
-1197
-937
-697
-409
-59
280
598
891
1129
1326
1511
1665
1777
1878
1970
2008
1993
1970
1917
1792
1630
1505
1419
1298
1132
970
828
662
462
303
213
107
-59
-196
-239
-255
-310
-355
-349
-325
-295
-206
-49
116
211
267
379
556
715
848
1033
1242
1371
1414
1447
1504
1534
1505
1466
1483
1505
1432
1283
1164
1054
872
661
520
427
284
102
-25
-107
-231
-404
-551
-633
-692
-753
-793
-784
-765
-824
-968
-1090
-1130
-1167
-1263
-1356
-1415
-1526
-1710
-1843
-1880
-1945
-2120
-2309
-2409
-2436
-2414
-2290
-2091
-1974
-2022
-2088
-1988
-1717
-1390
-1060
-740
-476
-298
-116
170
510
770
936
1110
1345
1589
1789
1909
1919
1832
1726
1670
1672
1674
1597
1397
1141
928
768
595
400
230
105
20
-27
-54
-105
-189
-271
-276
-168
-10
103
177
260
347
420
528
698
862
957
1027
1141
1279
1367
1385
1368
1355
1352
1356
1364
1365
1311
1181
1024
894
789
662
508
357
218
75
-74
-213
-336
-486
-685
-872
-969
-991
-1020
-1084
-1152
-1206
-1254
-1268
-1229
-1171
-1158
-1184
-1185
-1133
-1075
-1059
-1065
-1075
-1109
-1159
-1165
-1104
-1053
-1072
-1115
-1114
-1097
-1123
-1151
-1107
-1018
-978
-971
-901
-783
-708
-675
-591
-456
-354
-288
-187
-42
86
172
262
362
438
479
542
645
732
763
771
795
810
784
750
754
776
782
789
827
860
845
800
779
790
815
865
938
1006
1047
1073
1084
1074
1060
1080
1146
1221
1259
1261
1242
1188
1093
997
926
866
795
729
667
574
436
277
122
-21
-126
-169
-166
-186
-257
-360
-462
-554
-616
-633
-628
-651
-697
-736
-768
-833
-931
-1015
-1063
-1111
-1168
-1191
-1186
-1223
-1323
-1417
-1445
-1426
-1398
-1352
-1287
-1231
-1206
-1179
-1107
-1003
-901
-801
-688
-567
-451
-344
-245
-154
-82
-26
36
130
238
314
354
380
394
382
357
356
387
395
354
315
318
328
306
275
254
221
179
170
212
266
305
341
391
445
485
535
622
721
804
891
999
1119
1191
1212
1233
1260
1308
1335
1365
1398
1374
1302
1219
1134
1051
965
870
792
706
579
428
256
98
-32
-160
-263
-336
-419
-521
-631
-732
-798
-864
-929
-976
-988
-965
-947
-931
-924
-917
-910
-890
-830
-755
-690
-668
-689
-711
-725
-741
-750
-760
-784
-804
-823
-831
-797
-778
-795
-798
-786
-767
-718
-642
-556
-477
-424
-359
-270
-191
-120
-39
53
133
205
276
331
362
362
375
407
428
442
441
442
417
370
350
339
310
274
246
231
210
188
192
211
211
208
235
282
326
368
438
521
599
671
749
824
879
916
948
995
1072
1162
1214
1204
1142
1053
975
910
873
836
766
661
528
423
323
199
83
-30
-127
-220
-283
-323
-383
-476
-593
-692
-744
-768
-787
-804
-811
-809
-805
-812
-837
-863
-876
-881
-870
-835
-793
-767
-756
-742
-727
-715
-692
-650
-595
-540
-475
-388
-303
-266
-263
-246
-191
-110
-25
50
112
151
158
149
147
155
165
201
281
358
374
344
308
265
212
194
234
274
265
213
147
78
9
-56
-92
-83
-64
-58
-74
-92
-120
-168
-175
-127
-50
-1
23
67
122
164
199
254
329
395
462
543
623
661
656
642
656
688
711
717
711
680
613
546
506
472
417
360
321
285
226
151
75
-3
-81
-143
-175
-194
-223
-272
-326
-377
-423
-453
-466
-480
-498
-502
-492
-484
-489
-510
-545
-573
-583
-577
-545
-493
-464
-471
-480
-477
-473
-458
-415
-343
-264
-202
-155
-110
-68
-36
0
72
166
251
314
361
376
356
324
304
298
293
299
320
335
321
270
190
109
53
24
21
38
45
24
-37
-115
-180
-209
-206
-183
-158
-139
-132
-140
-152
-162
-160
-143
-117
-81
-42
-10
17
42
66
96
134
177
218
262
315
358
401
444
471
475
471
474
482
483
480
480
478
449
378
299
246
217
194
172
139
74
-28
-134
-198
-222
-237
-253
-272
-303
-365
-439
-496
-522
-512
-468
-414
-361
-323
-328
-356
-358
-330
-271
-186
-123
-89
-70
-70
-80
-74
-56
-23
25
69
111
135
130
116
121
139
159
176
193
214
229
233
233
226
205
168
135
133
155
168
151
118
89
56
-2
-76
-138
-191
-238
-274
-284
-290
-339
-414
-460
-469
-464
-458
-431
-376
-330
-309
-297
-285
-256
-218
-182
-120
-26
53
108
143
162
188
213
241
307
383
422
439
443
425
387
354
354
384
405
400
372
313
237
176
155
155
147
122
85
27
-48
-115
-147
-148
-133
-116
-110
-138
-206
-278
-316
-304
-252
-175
-107
-84
-112
-163
-207
-209
-149
-52
28
65
57
18
-30
-56
-37
20
89
150
194
208
181
132
98
101
137
197
265
296
264
195
136
107
98
110
142
170
167
131
69
1
-57
-94
-103
-87
-61
-59
-101
-174
-243
-294
-307
-282
-229
-184
-173
-201
-236
-253
-256
-237
-187
-116
-57
-36
-39
-54
-65
-60
-26
38
101
127
110
77
48
18
9
32
73
102
93
55
9
-35
-80
-101
-69
-14
9
-13
-49
-81
-116
-142
-131
-84
-43
-38
-48
-55
-74
-104
-113
-87
-44
-5
25
40
34
16
2
7
33
68
100
128
155
176
181
173
162
169
192
224
251
271
271
240
197
169
163
163
172
189
193
171
127
94
63
44
32
26
32
27
14
-9
-30
-39
-62
-65
-49
-35
-31
-41
-48
-64
-91
-103
-107
-112
-126
-140
-140
-132
-135
-140
-139
-147
-167
-190
-181
-142
-116
-100
-82
-78
-91
-107
-98
-69
-36
-8
3
-10
-36
-73
-99
-104
-100
-90
-74
-63
-70
-95
-118
-133
-136
-128
-108
-78
-59
-59
-70
-62
-55
-51
-38
-16
21
44
50
53
60
70
58
54
77
99
110
108
105
95
84
79
86
108
126
135
139
145
140
133
143
163
177
181
178
180
185
198
209
213
212
194
171
158
146
134
128
120
105
81
43
0
-33
-48
-56
-64
-68
-72
-84
-109
-136
-150
-153
-144
-119
-94
-86
-90
-108
-122
-114
-87
-57
-30
-8
-3
-21
-43
-63
-68
-63
-61
-51
-42
-61
-82
-98
-125
-142
-144
-128
-105
-97
-101
-117
-151
-174
-173
-150
-105
-77
-72
-77
-89
-105
-116
-92
-42
2
38
64
71
56
33
27
49
79
113
142
158
153
129
103
92
92
103
124
138
136
119
88
56
38
32
37
53
72
72
57
42
36
34
33
35
45
61
68
65
59
48
29
15
14
25
31
24
11
-7
-27
-42
-45
-38
-35
-35
-37
-31
-27
-29
-31
-33
-35
-36
-33
-22
-11
-10
-13
-14
-13
-11
-9
-8
-4
1
10
15
17
6
-6
-17
-22
-18
-11
-10
-18
-33
-49
-65
-79
-84
-77
-66
-61
-66
-76
-84
-88
-85
-73
-60
-53
-46
-39
-30
-24
-20
-14
-3
6
12
19
31
46
53
53
52
51
48
41
39
41
47
50
47
45
41
33
27
32
43
47
41
31
22
16
14
15
21
23
22
23
26
30
36
44
50
49
43
40
36
31
23
19
20
20
11
-5
-22
-34
-43
-45
-43
-36
-35
-41
-48
-54
-55
-49
-37
-21
-5
6
11
14
13
7
3
7
23
38
46
42
31
11
-8
-20
-20
-9
0
1
-12
-32
-55
-71
-76
-72
-63
-55
-47
-47
-56
-66
-72
-70
-59
-39
-18
-5
0
-2
-6
-6
-5
5
21
38
50
50
40
27
19
17
20
27
33
36
29
17
1
-9
-11
-8
-4
-1
1
-1
-7
-14
-17
-17
-9
4
16
21
21
20
23
26
30
38
46
50
49
49
50
46
43
42
45
44
41
37
33
27
18
9
2
2
1
-3
-5
-7
-11
-15
-20
-22
-20
-21
-21
-17
-12
-6
-6
-8
-10
-10
-6
0
7
11
10
6
1
-6
-12
-12
-9
-10
-11
-11
-14
-23
-36
-47
-49
-52
-52
-50
-45
-46
-52
-59
-62
-59
-55
-51
-42
-34
-30
-30
-32
-30
-24
-19
-13
-1
7
10
10
10
14
15
19
25
34
36
30
22
18
12
7
9
15
20
18
14
9
6
3
5
8
11
10
11
15
16
18
18
22
25
27
30
34
34
32
31
34
35
37
36
35
37
38
40
40
36
34
35
39
35
29
23
24
22
19
18
17
13
8
3
0
-2
-4
-4
-4
-6
-11
-18
-22
-20
-20
-22
-26
-28
-25
-23
-25
-28
-30
-36
-38
-39
-38
-41
-45
-45
-42
-44
-47
-45
-39
-38
-38
-37
-29
-28
-30
-31
-28
-25
-24
-19
-11
-6
-8
-11
-8
-4
-3
-5
-5
-4
-4
-9
-14
-13
-13
-14
-16
-14
-13
-14
-15
-12
-6
-2
-2
2
7
11
12
16
26
34
38
41
43
43
40
40
44
48
53
55
52
47
44
45
45
40
37
40
44
43
36
34
34
37
36
40
43
40
38
39
41
37
29
27
30
27
16
7
4
4
-3
-9
-13
-17
-25
-35
-40
-39
-41
-44
-48
-48
-49
-52
-54
-56
-56
-53
-48
-44
-37
-30
-28
-29
-29
-28
-24
-20
-13
-10
-10
-14
-18
-20
-20
-18
-15
-13
-14
-16
-18
-21
-22
-22
-21
-20
-20
-20
-20
-20
-21
-22
-20
-16
-10
-5
-2
0
0
-1
1
4
5
9
9
11
12
14
16
17
16
17
19
24
30
37
43
46
47
49
53
61
68
73
74
73
71
75
75
77
77
74
70
64
57
50
43
36
30
26
17
8
-3
-11
-18
-22
-23
-24
-27
-30
-33
-36
-38
-37
-37
-34
-31
-32
-30
-30
-29
-30
-31
-30
-30
-29
-28
-28
-29
-30
-31
-31
-28
-26
-24
-22
-21
-23
-24
-22
-18
-14
-11
-9
-4
-5
-5
-5
-4
-4
-8
-7
-5
-8
-6
-11
-14
-11
-15
-17
-13
-15
-14
-11
-14
-12
-10
-14
-10
-8
-9
-8
-4
-2
-2
-3
-1
-3
-2
-1
-1
1
4
7
10
12
12
15
19
23
27
32
38
39
45
48
51
56
58
60
70
68
65
65
60
58
57
48
46
45
40
30
19
13
9
3
-2
-10
-16
-18
-21
-32
-37
-36
-38
-42
-40
-35
-37
-37
-32
-28
-27
-25
-23
-19
-16
-11
-9
-6
-3
-2
-1
-2
-1
1
3
4
4
8
8
6
6
8
11
11
6
4
7
7
5
2
-1
-5
-9
-13
-15
-19
-23
-24
-24
-28
-36
-40
-41
-41
-43
-42
-41
-39
-38
-38
-35
-30
-22
-16
-10
-2
2
3
12
15
17
26
26
28
34
31
29
29
24
23
25
25
25
25
21
19
18
15
12
12
14
16
16
16
16
17
18
18
21
21
21
22
22
21
17
16
16
18
18
16
12
5
0
-1
-1
0
-1
-4
-6
-10
-13
-13
-13
-9
-11
-10
-8
-9
-8
-6
-9
-6
-5
-5
0
-1
0
1
4
4
4
3
2
3
4
2
1
2
1
0
1
-1
0
1
-1
0
-2
-7
-9
-10
-9
-10
-17
-18
-17
-17
-19
-23
-23
-23
-23
-24
-24
-24
-22
-22
-22
-21
-17
-14
-13
-9
-6
-3
1
3
5
11
15
13
13
15
20
22
23
22
25
27
25
22
24
24
24
22
23
22
21
19
16
14
15
14
13
13
13
9
6
8
5
0
0
2
-2
-3
-2
-5
-9
-9
-10
-12
-15
-14
-12
-11
-14
-15
-12
-12
-15
-17
-13
-11
-8
-9
-9
-8
-7
-5
-5
-5
-4
-3
-2
-2
-1
-3
-5
-4
-3
-5
-8
-6
-3
-7
-11
-7
-6
-10
-8
-7
-7
-7
-4
-5
-7
-7
-7
-8
-8
-10
-10
-8
-8
-8
-8
-5
-4
-4
-3
-4
0
2
-2
0
4
2
3
8
7
9
12
17
16
19
21
23
23
24
26
27
26
27
25
24
22
21
20
20
20
19
18
16
14
12
8
5
1
0
-1
-1
-2
-4
-6
-8
-8
-9
-10
-12
-13
-14
-14
-15
-15
-15
-13
-13
-12
-11
-11
-11
-11
-9
-10
-8
-6
-6
-6
-6
-6
-4
-4
-5
-5
-3
-1
-3
-4
-4
-4
-4
-8
-10
-8
-7
-9
-11
-12
-12
-12
-15
-17
-14
-10
-12
-14
-9
-9
-9
-9
-6
-6
-5
-1
0
2
4
6
7
8
8
10
9
10
9
7
9
9
10
10
9
11
12
12
10
7
8
10
11
8
10
12
13
11
8
10
11
10
10
9
10
11
11
9
7
8
10
11
10
8
6
5
4
5
3
3
4
2
1
0
-3
-3
-4
-5
-4
-5
-6
-5
-5
-5
-4
-4
-4
-5
-5
-6
-5
-6
-8
-8
-8
-8
-11
-9
-10
-10
-9
-8
-8
-10
-7
-5
-7
-7
0
0
-3
-1
-1
0
0
-2
-2
0
0
0
-3
-3
0
-2
-4
-4
-4
-2
-3
-2
-4
-3
-4
-2
-1
-1
-2
-2
-1
0
1
2
2
1
1
1
-1
-2
-2
-4
-2
0
-2
-1
1
0
4
7
6
10
8
8
9
9
10
10
10
10
11
12
12
11
10
10
8
7
6
5
3
2
3
3
0
-4
-3
-1
-1
-3
-3
-1
0
-2
-4
-4
-5
-4
-4
-5
-4
-4
-4
-4
-4
-3
-4
-3
-2
-3
-4
-2
-1
-3
-3
-4
-2
-1
0
0
-3
-1
0
5
2
0
0
4
6
6
5
6
5
2
-1
0
3
4
3
1
1
-1
-3
-3
-3
-5
-4
-2
-3
-6
-5
-6
-8
-9
-8
-9
-6
-3
-3
-6
-7
-4
-3
-2
-3
-4
-4
-4
-6
-3
-6
-4
-5
-4
1
1
4
3
4
7
6
9
10
11
11
9
9
9
8
5
7
9
6
3
1
4
6
6
2
0
0
0
-4
-2
-4
-6
-6
-8
-9
-5
-6
-7
-3
-5
-7
-2
-8
-3
-1
-4
2
0
5
6
5
7
6
6
6
6
5
8
7
8
9
8
8
7
6
6
5
5
5
5
3
3
2
1
3
2
0
3
1
-2
1
-3
-7
-4
-5
-6
-4
-11
-9
-5
-6
-10
-10
-8
-7
-9
-8
-10
-8
-8
-6
-2
-2
-5
-5
0
-1
-2
-2
2
3
2
-1
-1
3
3
4
6
7
8
8
8
8
10
10
7
9
11
7
3
6
3
0
0
0
-4
-3
0
-3
-3
0
-1
-3
-3
-5
-7
-8
-8
-8
-9
-8
-8
-7
-6
-4
-5
-2
-3
-3
-2
-2
-1
1
2
5
5
5
5
5
4
5
6
6
8
9
10
7
7
5
4
2
1
1
0
0
1
1
1
0
-2
-1
0
-2
-4
-4
-6
-3
-3
-7
-7
-5
-3
-4
-8
-9
-5
-5
-6
-7
-5
-3
-1
-1
-1
1
2
2
1
3
1
0
1
3
5
6
5
3
3
3
5
7
5
4
2
6
6
4
7
4
1
7
5
3
7
5
3
5
1
0
1
-1
1
2
0
2
1
-1
-2
-1
-2
-4
-4
-3
-3
-4
-5
-4
1
1
-2
-1
-1
-3
-5
-2
0
6
6
4
4
3
0
0
3
2
4
4
4
3
3
4
5
5
5
5
6
2
0
-1
-1
-1
-2
-3
-2
-1
-4
-4
-3
-2
-3
-5
-5
-5
-6
-5
-4
-3
-4
-3
-4
-4
-5
-7
-4
-4
-3
-3
-2
-3
-3
-4
-6
-2
-4
-1
2
0
6
3
4
5
3
5
