3
-1
-2
-2
-1
-1
1
1
0
0
-1
-2
-2
0
-1
-1
-2
-3
-5
-4
-3
-2
-1
0
0
2
1
1
0
0
-2
0
0
1
-1
3
1
4
2
3
1
-1
-1
-3
0
-6
2
-4
1
-3
-2
1
0
-2
0
0
4
0
1
2
2
2
1
2
3
1
1
1
1
1
1
1
2
3
4
2
0
-2
-1
-1
-1
-1
-1
-1
-1
-3
0
1
2
0
-1
0
-1
0
1
-2
0
2
-1
-1
-2
-4
-2
0
-2
-3
-4
-4
-2
-1
-1
-2
1
1
-3
-4
0
0
-1
2
4
1
0
2
3
1
2
3
4
2
0
-1
0
-2
-3
-4
-2
-1
-1
-1
-1
-2
-1
1
1
-1
1
0
1
1
1
1
2
1
1
0
0
0
2
5
5
4
2
1
-1
-1
-3
-1
-2
-4
-1
0
-1
-1
1
2
2
4
4
2
0
1
1
1
3
1
1
1
-1
-1
-2
-1
-2
-2
-1
0
-2
-3
-3
0
1
1
-1
-1
-1
1
-1
0
1
1
3
1
0
-2
-2
-1
1
-1
-1
0
1
3
3
1
1
2
1
1
0
2
4
3
1
-1
-2
0
0
-2
-1
-1
-2
-4
-3
0
0
-1
0
2
2
0
-1
-1
-1
-3
-2
-1
1
-3
-2
-1
0
-2
-3
-1
1
0
0
-1
1
0
0
1
2
1
0
1
-1
1
1
2
1
0
-1
1
2
-1
-2
1
1
0
0
0
-3
-1
4
0
-2
0
0
3
3
-2
2
1
2
4
1
0
2
1
4
4
2
1
-2
-3
0
2
3
3
2
1
1
1
1
2
2
3
2
0
0
-4
-1
0
4
4
2
3
2
1
3
3
1
2
1
1
1
-2
-3
-5
-6
-2
0
6
3
0
-1
0
3
2
1
0
-2
-4
-3
-4
-1
-4
-2
2
-3
-1
-4
-3
0
2
4
0
0
-6
-5
3
-6
-6
3
-2
-4
-1
1
-1
4
4
1
6
5
3
3
0
3
2
2
-1
-3
6
4
1
-1
-1
6
2
4
0
-4
-3
0
2
1
0
1
4
5
2
0
1
5
5
2
-2
-3
-4
-4
-1
1
3
3
2
-1
-2
-4
-4
-4
-4
0
1
0
-2
2
-2
1
6
6
8
8
5
0
-2
1
-1
1
6
1
2
2
-1
0
1
3
-1
-1
-1
-6
-7
-4
-3
-1
-1
0
0
-4
-1
1
1
5
3
5
3
-1
-1
-1
3
4
3
6
4
1
1
1
4
1
2
3
0
-2
-3
-1
-1
-3
0
1
1
-1
0
3
1
3
4
1
5
0
1
1
1
3
1
6
1
-1
1
-3
-2
-5
-3
-2
-5
2
-6
-2
0
-4
-2
-4
1
-1
-2
1
-5
-3
-3
-3
4
4
2
3
3
-2
-6
3
2
-1
6
6
-2
-3
-1
-3
-5
2
3
-1
0
-1
-4
-3
2
1
4
4
1
2
2
-1
2
6
5
2
0
-3
-3
-5
-3
-5
-7
-3
-5
-2
-3
-4
-4
-4
1
2
3
1
-4
-4
-1
2
1
4
6
0
0
5
5
1
6
6
4
4
1
1
-3
0
5
1
2
-3
-2
-1
-4
0
1
0
-1
3
3
-6
-2
4
-4
2
6
0
3
1
-1
-2
-2
-2
0
4
2
3
1
-1
-1
1
6
0
1
2
-2
-1
3
1
-7
-2
-1
-7
2
-1
-3
-1
2
5
-6
-1
3
-8
9
2
-5
2
-6
2
7
3
3
-3
2
-1
-4
4
0
-4
2
6
2
-1
1
0
-2
0
-1
2
7
-2
0
1
-5
1
-5
4
-4
-12
10
-4
-5
-7
2
10
-8
9
-6
-6
8
-7
4
2
2
0
-3
10
-4
1
6
-11
6
6
3
6
-5
4
-2
-1
10
-3
-5
-1
2
-3
-4
2
-8
-1
3
-4
2
-9
0
3
-4
4
-11
-4
-4
-6
9
-4
6
6
-4
11
-4
-4
1
-7
0
2
4
-2
1
3
-4
6
-1
-7
2
-4
-1
9
4
1
3
0
-1
4
5
-1
-2
6
-2
-1
0
-9
5
7
-2
9
0
-4
1
-1
9
3
-3
2
-3
1
-4
4
9
-4
9
2
-3
3
-11
4
0
-4
3
-2
2
-8
-1
8
-2
2
8
2
-9
2
0
-11
-1
6
-2
-3
6
1
-12
7
6
-11
15
4
-13
10
-7
-6
4
-7
5
-3
-2
1
-10
4
-9
-1
11
-5
3
-8
2
-3
-14
16
-3
-8
11
-10
-1
3
-9
5
1
3
-2
3
5
-20
11
-1
-5
19
-7
14
0
-4
18
-15
8
-5
-3
16
-25
14
-4
-10
19
-22
18
-10
-11
33
-23
19
-8
-18
41
-19
10
11
-18
8
-10
24
-1
-9
19
-27
17
8
-20
13
-12
0
5
-1
0
-10
3
-6
0
8
-12
2
6
-9
10
-3
-5
0
-12
18
-4
-6
3
-11
8
-9
8
-1
-19
25
-11
-3
6
-23
19
0
1
12
-6
15
-10
9
5
-18
24
-14
2
14
-17
21
-4
4
12
-1
16
-20
4
-4
-19
27
-19
-2
18
-20
9
-12
2
4
-28
31
-14
-13
26
-31
13
4
-16
21
-5
2
-3
2
4
-22
17
0
-15
25
-6
-8
12
-4
0
-1
1
1
-2
2
-10
6
-1
-8
19
-14
-6
22
-11
0
6
-1
3
-5
13
-5
0
11
-16
17
-3
-13
20
-9
5
2
-3
8
-15
6
3
-3
13
-5
-3
-5
6
8
-5
1
7
8
-17
22
-2
-24
14
-12
14
-7
-7
17
-12
8
-21
7
14
-25
26
-16
-7
4
-19
28
-11
7
-6
-10
27
-21
17
2
-13
25
-8
8
-7
1
15
-30
13
3
-19
11
-7
0
-16
-8
6
-14
15
-6
14
8
-20
31
-10
-5
15
-9
19
-10
4
14
-18
18
1
-4
20
-10
-10
-5
-11
-3
-7
-8
0
4
-2
-9
-2
4
-8
8
22
-13
1
18
-3
-4
-8
8
-3
-2
7
-14
13
-14
-11
30
-17
-8
4
-11
3
-6
0
-2
-2
0
-4
13
-4
2
16
-18
17
18
-9
-3
10
0
-26
46
-13
-7
21
-28
26
-6
-18
12
-12
1
-23
21
-5
-25
17
-2
14
-9
8
26
-30
1
24
-6
-18
3
31
-32
15
21
-32
12
6
12
-13
6
6
-35
17
6
-32
3
0
6
-13
-3
18
-15
9
-2
8
16
-28
29
9
-31
12
17
-4
-14
34
-15
-27
43
-22
0
11
-12
15
-28
16
-2
-7
13
-21
41
-21
-15
40
-30
16
7
3
13
-22
11
-12
19
-6
-21
34
-13
-14
21
13
-27
-24
45
-12
-36
32
-5
-19
5
7
16
-24
18
11
-18
17
3
6
-16
11
8
-12
20
-12
13
-5
-11
26
-30
15
-2
-22
27
-19
5
-1
3
2
-10
20
2
-22
6
25
-18
2
19
-15
8
-2
12
-2
-3
-4
-10
22
-18
0
4
-7
6
-22
41
-12
-26
47
-17
0
9
-4
6
6
9
-10
18
-4
-17
14
-11
4
3
-6
4
-5
6
-4
-6
-5
-5
-5
6
8
-45
11
5
-19
8
-3
22
-19
20
25
-31
30
0
-15
20
-16
-3
11
-21
11
15
-29
15
13
1
-17
-5
27
-23
-12
5
3
5
-37
46
8
-36
36
-2
14
-17
2
43
-55
28
24
-29
0
-7
34
-52
19
33
-58
36
-8
-6
15
-19
19
-2
-15
21
-24
21
-3
-9
24
-16
15
-5
1
14
-7
-10
1
11
-27
12
20
-30
-3
23
-36
32
-22
-12
45
-41
20
-14
-7
34
-59
42
21
-37
26
-6
23
-14
-2
33
-23
17
-8
0
9
-18
-7
29
-2
-24
8
27
-41
27
20
-36
13
3
2
-1
-4
9
5
-16
19
-5
-15
18
-17
-1
15
-13
-15
23
-15
-6
8
-18
18
-10
-8
6
12
-9
-17
37
-8
-16
10
24
-22
-12
36
-19
-8
6
4
-2
-15
3
5
-15
0
0
-11
-1
-23
25
-20
-10
4
-9
17
-34
49
-15
-29
40
-6
-12
8
25
-53
41
14
-22
4
-10
33
-53
35
2
-17
-3
-21
68
-74
24
30
-42
31
-7
16
-8
1
26
-50
57
-8
-58
92
-43
-11
52
-17
-13
-15
16
8
-33
22
7
-22
-8
1
33
-40
-24
63
-45
-16
41
-41
-6
15
-9
-7
8
-1
-25
32
-4
-29
48
-52
18
35
-87
45
-3
-10
-16
9
62
-89
73
5
-73
70
-16
6
3
23
-11
-18
47
-57
49
-10
-51
87
-69
23
10
-28
24
-32
8
-2
10
-3
-65
75
9
-94
61
8
-29
-22
52
0
-68
82
-68
47
25
-72
101
-98
56
21
-55
87
-67
37
-32
19
34
-83
57
-29
22
-14
-27
87
-65
-3
65
-62
9
-6
18
13
-57
77
-6
-87
80
-24
-8
22
-19
65
-41
-8
43
-45
34
-24
-3
-4
6
-15
-15
39
-17
-26
11
31
-21
1
9
22
13
-54
50
0
-23
-16
22
30
-77
28
18
-9
8
-15
26
2
-46
9
41
-30
-20
24
21
-78
56
-14
-17
60
-61
44
-3
12
10
-41
88
-42
-22
54
-11
-6
-2
21
-1
-46
33
12
-80
44
21
-53
8
42
-24
-61
106
-36
-76
89
8
-51
-22
104
-42
-104
124
21
-136
87
-25
-31
45
-86
60
-12
-69
57
-13
7
4
-82
72
-10
-29
0
9
29
-106
117
46
-144
124
-9
-34
47
-7
7
-82
84
-52
-58
103
-111
8
60
-95
103
-98
50
84
-166
159
-51
-16
47
-79
126
-100
25
36
-40
31
-86
108
9
-91
71
9
-25
-23
2
54
-82
1
95
-91
23
2
-12
31
-50
90
-63
-31
98
-91
28
50
-49
13
-58
108
-101
-9
135
-173
87
35
-105
89
-57
35
-40
-28
92
-95
36
14
-31
-19
48
-33
-37
117
-113
47
17
-27
-14
46
2
-49
61
-52
2
43
-47
21
-14
1
-5
-25
77
-109
98
-9
-95
216
-226
130
10
-97
154
-135
135
-95
25
43
-81
68
-55
71
-55
28
0
11
-16
-28
114
-118
58
-15
30
-14
-84
181
-182
51
59
-82
105
-124
79
33
-143
156
-98
10
37
-73
66
-92
109
-101
0
67
-82
72
-91
70
-28
-31
118
-88
-2
32
-32
7
-13
3
17
-56
30
27
-24
-50
72
-45
-24
61
-52
6
-31
41
1
-46
82
-67
6
53
-10
-50
6
54
-59
43
11
-6
13
-54
71
25
-90
64
52
-71
35
-10
7
16
-54
75
-25
-18
46
-53
27
-15
13
34
-89
90
17
-125
99
8
-43
47
-12
7
-27
26
-1
-34
57
-33
-2
0
-7
5
-51
91
-52
-70
121
-98
-17
77
-28
16
-33
74
-23
-88
170
-97
-36
124
-125
86
-15
-94
112
-13
-68
61
-20
26
-79
42
26
-58
64
-88
125
-72
-43
164
-170
84
81
-99
-10
133
-57
-115
233
-80
-128
196
-77
35
-49
-14
97
-135
62
36
-85
63
-73
52
43
-199
208
-64
-140
254
-188
54
89
-192
178
-48
-83
125
-60
-25
-7
63
-47
-38
-15
134
-104
-98
256
-245
67
75
-153
190
-176
42
98
-144
10
114
-89
-91
210
-142
-74
109
1
-57
-108
242
-154
-155
341
-280
-3
227
-305
261
-110
-56
159
-134
54
0
44
-109
140
-99
30
97
-231
248
-104
-10
47
-58
205
-305
196
131
-351
323
-65
-220
316
-185
-61
176
-81
-51
46
12
-116
117
-21
-75
107
-40
-45
111
-33
-80
147
-91
49
11
-58
64
0
-66
-29
231
-228
-41
245
-165
-41
60
54
-93
-38
144
-93
-14
17
23
-42
17
21
-71
79
-11
-93
71
61
-145
68
78
-130
69
23
-45
27
-8
-19
63
-35
-39
49
-3
-37
24
20
-48
58
-62
73
-13
-96
169
-132
40
4
-35
36
-121
182
-135
-26
172
-178
53
71
-85
45
7
-6
29
-64
88
-72
56
-4
-52
89
-110
54
8
-45
17
25
-17
-11
12
31
-37
10
81
-116
103
-28
-72
148
-113
46
44
-66
47
24
-48
16
22
-57
33
-54
65
-63
-62
165
-134
9
58
-122
89
-12
-72
126
-106
-16
93
-114
103
-38
-66
148
-32
-115
115
-4
-95
117
-67
53
-52
-35
94
-125
64
41
-99
30
70
-161
179
-111
-54
235
-282
174
28
-205
204
-51
-24
35
-9
28
-21
-41
110
-62
-70
115
-95
13
18
-5
7
20
3
6
-54
104
-29
-133
228
-146
-41
152
-137
40
-4
-6
70
-94
56
54
-138
103
1
-57
18
23
-6
-6
14
-36
43
-15
-34
74
-58
-17
56
-10
-19
15
40
-37
-63
128
-49
-88
130
-112
60
14
-68
134
-107
21
25
-12
-4
-48
67
-46
5
55
-41
-6
37
-62
6
60
-91
7
38
-42
-67
46
83
-179
156
-24
-81
105
-43
-14
7
33
9
-39
69
-39
0
32
-29
42
-23
-31
64
4
-86
71
14
-115
107
-15
-71
72
-25
-40
45
7
-38
-1
-11
18
-6
15
6
-34
32
-29
8
15
-28
15
6
-12
-12
8
-33
5
5
-23
9
-22
9
-19
-19
38
-37
-50
75
-11
-73
75
-12
-40
65
-20
-37
64
-22
-8
71
-71
58
21
-85
103
-17
-36
43
-7
-12
-27
50
-23
-6
51
-63
50
7
-57
61
47
-61
-34
123
-104
-30
172
-137
25
72
-95
75
-43
9
62
-108
59
12
-70
49
-33
4
6
-18
39
-56
30
41
-87
69
24
-82
76
-1
-54
45
-1
1
-6
8
13
-51
17
41
-38
-13
72
-65
3
85
-127
54
50
-107
85
-19
-15
33
-31
48
-68
36
-15
-19
37
-15
27
-45
15
43
-49
13
42
-55
-10
49
-77
-4
86
-90
28
63
-86
20
43
-40
19
8
-3
6
-21
15
-5
-5
-2
15
16
-54
40
20
-67
49
11
-50
28
6
-22
21
0
-21
25
-15
-8
40
-24
-2
7
3
19
-27
27
4
-43
52
-4
-37
50
-35
-14
45
-50
3
17
-42
12
16
-21
-9
21
-15
0
46
-47
-1
27
-36
38
9
-20
7
-4
-28
8
57
-51
-4
61
-69
13
42
-21
-6
33
-37
-22
44
-37
20
26
-27
28
11
-43
30
9
-17
21
11
-9
-18
1
11
19
-1
-12
27
-17
-18
25
3
-31
13
6
-27
18
-11
-4
8
-13
4
3
1
-9
12
0
0
6
5
5
-16
24
-7
-8
29
-15
-10
6
4
-1
14
7
-25
7
4
-13
-2
2
3
-23
15
-1
-26
18
-14
2
17
-8
-8
-2
-3
9
24
-23
-7
17
-15
7
-3
-2
12
-19
5
18
-11
-15
-1
20
0
-4
21
-10
-17
14
2
-9
11
-1
-4
12
-7
3
0
6
12
-10
22
-3
-19
19
-4
-2
-10
5
6
-35
18
16
-19
3
3
12
-19
1
36
-21
1
14
0
0
-8
28
-16
-15
29
-23
6
2
-18
17
-29
16
8
-50
29
-4
-2
37
-39
3
21
-30
8
27
4
-11
-15
23
3
-31
24
16
-13
24
-12
-20
21
-26
15
29
-38
20
-4
-21
4
-10
37
-31
-27
50
-19
-24
21
10
-14
-1
28
-5
-22
13
9
9
18
-2
-13
-8
7
-10
9
-3
-26
27
-1
-10
-12
-10
18
-7
20
-2
-23
22
-6
-22
31
11
-35
16
24
-21
-1
9
-2
15
-6
-5
18
-25
26
17
-41
25
0
-12
15
-15
-4
-2
1
-4
2
18
-21
2
16
-3
18
-17
-3
27
-3
-6
-12
19
-6
-24
37
-16
-15
13
-27
13
-5
-3
4
-30
17
-3
-8
-3
-16
27
-13
-13
21
-3
-17
-2
33
-5
-10
21
-11
8
5
3
27
-38
-9
52
-19
-26
3
-2
0
-19
35
0
-62
32
5
-1
10
-27
31
-10
1
28
-17
-7
-3
25
14
-25
-4
3
-19
25
26
-34
-3
8
0
26
13
-14
-3
8
3
16
-18
-27
31
0
-21
10
-16
-12
5
23
26
-41
-5
27
-9
19
-7
4
-5
-42
68
11
-66
3
-7
29
-1
-13
15
-49
-1
32
16
-13
-22
19
-11
-8
38
7
-45
3
43
-41
-23
30
-14
-19
14
27
-19
-20
27
19
-14
7
45
-14
-22
5
-3
-5
-5
39
-20
-35
8
-22
22
20
-9
-11
-11
23
-13
-8
31
9
-12
-23
14
2
-4
33
-4
-12
9
4
-9
-14
11
5
9
12
-22
-12
-30
-26
59
23
-4
-3
-42
-10
-2
33
26
-18
-2
-21
-1
-4
3
44
-18
9
25
-9
20
-37
-28
31
3
-15
-8
12
-44
-24
66
-11
-31
29
-13
-23
32
13
-34
17
23
-6
4
-28
3
21
-8
16
-1
-34
-7
17
-16
-15
10
-14
10
45
-14
-27
0
-14
24
51
-1
-11
-3
-18
18
18
-34
-8
61
0
-33
41
-22
-48
44
11
-5
19
-37
12
22
-42
53
11
-95
39
34
-60
11
29
-21
-21
10
-20
-9
22
-50
11
18
-61
59
43
-81
24
15
-59
27
26
-1
3
6
-2
-31
14
-17
-6
63
-14
-9
5
-31
-6
-6
52
32
-27
17
28
-6
-33
2
-5
-24
31
3
-34
-4
-18
-29
30
19
-10
45
30
-22
12
-14
-29
45
3
-12
15
-27
2
23
28
-4
-55
15
13
19
25
-42
-2
-26
10
26
-38
58
-7
-18
48
-52
-13
5
14
2
-26
62
-45
-32
55
-10
31
-47
-37
23
-47
2
6
35
-23
-64
113
11
-2
114
-23
43
22
-42
82
0
-29
-2
-3
2
-14
48
1
20
49
18
86
8
-26
102
30
-51
60
20
-36
34
-23
-40
17
-34
-37
41
-11
-55
69
54
-73
48
108
-26
41
86
11
71
62
27
117
66
9
119
109
28
61
-43
-99
-47
-244
-222
-200
-390
-398
-402
-375
-484
-359
-183
-154
197
21
9
510
440
555
753
552
508
461
480
552
370
160
49
20
-160
-217
-34
-212
-320
-266
-320
-243
-297
-300
-191
-241
-268
-205
-87
-196
-243
57
9
-139
2
147
330
181
141
295
94
92
193
298
156
-56
95
30
-7
-98
-151
-105
-161
-9
9
-75
-118
-134
-71
-2
7
-49
-49
-93
9
185
44
-149
-147
-129
-66
108
95
-108
-219
-165
-35
16
-14
-64
-76
-45
-2
106
43
-42
18
-32
140
199
49
278
217
35
107
170
320
168
105
97
-76
59
-28
-41
-34
-370
-141
56
-121
-82
-195
-194
47
-3
-151
-99
-81
-52
129
112
-151
-227
-47
53
189
111
-156
-50
35
65
188
171
-108
-118
148
110
144
-2
-221
-41
47
-1
99
147
-96
-77
76
-5
58
-50
-43
143
-50
-39
106
72
-66
-103
84
-3
79
160
-102
-1
-55
-127
145
48
-168
-148
60
117
-47
11
-128
-169
57
7
115
-22
-274
-55
25
47
-2
-116
-48
45
167
73
-103
-136
-164
81
214
-75
-103
-148
-126
188
32
-84
-14
-94
50
179
95
-171
-213
47
11
27
143
-37
8
38
-98
95
56
-101
100
118
-85
-93
-26
-108
-94
-37
-66
15
70
-24
-120
-51
2
-52
30
25
32
47
-53
112
47
-115
6
99
260
181
10
21
-17
24
80
175
117
-181
-56
127
-92
-123
-107
-156
-64
-63
-72
-107
-185
-168
-143
-63
-70
-79
7
-27
-35
-89
-65
39
8
88
95
75
93
5
7
59
109
106
138
157
29
105
180
92
97
37
-25
73
172
82
-6
-20
-83
-10
83
114
99
-74
-178
-8
165
62
23
47
-106
6
219
156
78
-43
-14
241
251
165
86
-47
33
224
268
104
-47
-18
33
150
229
65
-33
-13
-11
87
127
-34
-115
-64
-45
33
92
-46
-170
-36
21
-10
34
-165
-181
-15
-132
-106
23
-121
-251
-129
-5
70
32
-150
-80
-13
-211
-112
99
-180
-404
-189
-81
-161
-211
-223
-176
-205
-276
-104
11
-228
-352
-199
-126
-141
-155
-194
-192
-245
-303
-122
-61
-323
-308
-106
-215
-281
-149
-141
-187
-247
-294
-89
16
-215
-203
-52
-165
-160
75
58
-91
-128
-28
252
287
133
18
95
253
293
521
405
37
-24
122
507
490
132
102
111
189
406
454
419
128
14
448
663
618
299
138
454
427
502
644
328
141
202
547
726
424
210
81
244
489
437
444
128
-122
136
318
403
200
-73
-61
95
274
203
137
-68
-319
-11
222
52
-79
-280
-343
-27
106
5
-77
-345
-405
-53
152
-16
-321
-429
-319
-37
103
-121
-264
-386
-322
33
-13
-331
-581
-668
-375
-216
-450
-573
-671
-778
-602
-345
-404
-735
-828
-698
-511
-464
-684
-660
-650
-867
-711
-368
-397
-591
-606
-535
-466
-467
-561
-576
-503
-557
-540
-313
-396
-655
-574
-409
-348
-289
-305
-236
-146
-215
-91
140
257
258
377
730
786
775
890
894
1053
1235
1392
1642
1608
1396
1429
1554
1600
1628
1712
1723
1679
1660
1453
1426
1509
1356
1474
1573
1337
1182
1097
1055
1073
1080
1019
954
954
801
758
832
640
639
720
578
587
551
418
344
224
101
85
93
-98
-237
-328
-588
-668
-651
-829
-941
-984
-1204
-1410
-1625
-1968
-2111
-2181
-2483
-2727
-2939
-3422
-3895
-4231
-4588
-4815
-4794
-4641
-4640
-5033
-5485
-5532
-5118
-4411
-3694
-3280
-3270
-3329
-2931
-2003
-1028
-293
282
833
1397
1958
2525
2815
2999
3528
4191
4664
4622
4169
3745
3591
3840
4067
4020
3621
2824
2257
2088
2083
1932
1581
1496
1342
1031
856
545
469
744
817
990
1273
1104
905
1072
1440
1941
2228
2269
2431
2554
2457
2548
2865
3038
3104
3127
3011
2893
2680
2370
2308
2288
2106
2055
1855
1253
756
525
481
503
287
-177
-685
-1069
-1274
-1368
-1651
-2056
-2419
-2725
-2912
-3331
-3833
-4305
-4779
-5048
-5268
-5600
-6224
-6792
-7024
-7173
-7075
-6914
-7054
-7272
-7371
-7069
-6240
-5554
-5197
-4711
-4193
-3634
-2878
-1998
-1072
-376
302
1133
1854
2448
2834
3245
3791
4332
4824
4895
4679
4459
4348
4505
4574
4411
3989
3280
2656
2252
2190
2132
1674
1164
592
201
136
-51
25
314
357
360
249
197
466
941
1557
2126
2504
2513
2404
2643
3227
3936
4291
4250
4190
4175
4065
3943
4023
4129
3949
3656
3536
3232
2660
2152
1957
2036
1823
1367
900
380
-5
-304
-389
-495
-918
-1262
-1551
-1869
-2211
-2651
-3007
-3334
-3648
-4019
-4560
-5153
-5778
-6345
-6719
-6956
-7192
-7380
-7447
-7511
-7735
-8037
-8037
-7508
-6661
-5908
-5477
-5265
-5010
-4451
-3437
-2135
-935
-79
464
887
1509
2286
3042
3759
4337
4813
5135
5133
4780
4552
4668
4914
5126
4865
4290
3504
2616
2215
2333
2561
2222
1373
569
31
-99
-20
98
358
418
54
-121
95
564
970
1249
1868
2437
2593
2457
2476
3029
3632
4065
4406
4447
4197
3844
3752
4066
4272
4205
3928
3481
3155
2775
2415
2168
1982
1902
1538
1032
504
-186
-688
-820
-807
-892
-1393
-2247
-2975
-3493
-3771
-3999
-4332
-4811
-5566
-6345
-7175
-7856
-8262
-8423
-8313
-8257
-8370
-8817
-9357
-9493
-8944
-7709
-6472
-5886
-5753
-5617
-5113
-3963
-2526
-998
357
1074
1489
1944
2692
3679
4641
5579
6291
6711
6561
5950
5705
5880
6279
6508
6046
5187
4180
3199
2668
2690
2713
2151
1141
178
-368
-551
-675
-719
-633
-699
-857
-787
-572
-300
55
558
1323
2031
2315
2408
2653
3175
3937
4630
5003
5040
4887
4814
4945
5165
5263
5102
4749
4342
3933
3505
3044
2618
2321
2090
1710
1054
254
-399
-741
-867
-1023
-1411
-2075
-2849
-3507
-3934
-4209
-4518
-4975
-5544
-6202
-6989
-7850
-8553
-8881
-8835
-8609
-8584
-8974
-9522
-9863
-9648
-8616
-7229
-6280
-5936
-5936
-5788
-4896
-3314
-1655
-269
694
1202
1580
2221
3257
4497
5508
6188
6726
6876
6428
5961
6084
6688
7169
6939
6013
4883
3769
2929
2832
3120
2802
1669
351
-566
-983
-1158
-1158
-905
-809
-1265
-1842
-1948
-1458
-645
17
486
1001
1283
1271
1623
2588
3625
4184
4336
4535
4778
4793
4792
5129
5602
5701
5297
4784
4463
4193
3857
3573
3377
2989
2274
1534
1052
687
244
-204
-573
-1008
-1651
-2339
-2811
-3101
-3476
-4094
-4821
-5450
-5942
-6394
-6915
-7574
-8325
-8953
-9191
-9011
-8753
-8828
-9281
-9718
-9646
-8860
-7641
-6586
-6118
-6047
-5722
-4742
-3318
-1886
-646
354
1052
1557
2245
3307
4423
5216
5788
6382
6735
6485
6057
6233
6891
7129
6614
5857
5172
4365
3507
3099
3165
2912
1835
521
-258
-595
-941
-1193
-1086
-975
-1415
-2179
-2434
-1855
-997
-428
-80
318
667
868
1302
2327
3565
4277
4343
4341
4668
5103
5406
5712
6101
6259
5916
5372
5093
5055
4918
4596
4238
3815
3164
2362
1749
1439
1118
512
-185
-726
-1260
-1972
-2600
-2928
-3279
-3981
-4790
-5356
-5780
-6325
-6973
-7609
-8260
-8865
-9177
-9085
-8877
-8973
-9432
-9817
-9721
-9099
-8092
-6982
-6282
-6168
-6038
-5195
-3752
-2287
-1025
58
807
1183
1667
2706
3991
4872
5348
5873
6359
6254
5730
5707
6385
6816
6391
5635
5066
4374
3393
2740
2785
2838
2082
766
-237
-708
-1052
-1310
-1165
-859
-1075
-1844
-2325
-1909
-1020
-408
-123
257
701
882
1061
1870
3147
4020
4159
4121
4448
4946
5232
5483
5897
6085
5660
5052
4935
5095
4971
4550
4029
3552
3017
2323
1897
1742
1315
619
-82
-670
-1203
-1875
-2411
-2720
-3278
-4146
-5048
-5789
-6252
-6724
-7401
-8109
-8821
-9442
-9641
-9362
-9128
-9474
-10092
-10154
-9400
-8277
-7306
-6680
-6351
-6085
-5425
-4052
-2298
-855
-40
475
1133
2038
3120
4281
5262
5801
6021
6253
6492
6531
6513
6753
7035
6756
5924
5201
4806
4290
3578
3140
2915
2210
992
119
-114
-399
-1062
-1474
-1352
-1400
-2006
-2406
-1925
-1162
-958
-965
-402
448
790
910
1700
2946
3635
3697
3968
4689
5249
5410
5661
6170
6370
5976
5550
5608
5832
5665
5141
4582
4039
3456
2977
2667
2260
1509
590
-171
-736
-1272
-1845
-2485
-3265
-4130
-4924
-5620
-6299
-6966
-7603
-8303
-9124
-9875
-10248
-10156
-9918
-9987
-10470
-10920
-10733
-9727
-8361
-7336
-6944
-6811
-6309
-5129
-3470
-1797
-533
186
630
1293
2428
3787
4914
5599
5965
6181
6272
6292
6467
6853
7118
6887
6171
5341
4757
4435
4139
3718
3154
2321
1197
227
-157
-202
-456
-1003
-1544
-1988
-2433
-2633
-2162
-1289
-912
-1237
-1386
-770
120
799
1554
2555
3201
3192
3247
4007
5058
5704
6029
6382
6494
6076
5685
6006
6682
6799
6223
5494
4796
4073
3687
3841
3864
3018
1633
595
132
-222
-732
-1312
-2060
-3163
-4352
-5200
-5760
-6401
-7182
-7974
-8846
-9819
-10528
-10624
-10330
-10253
-10713
-11356
-11501
-10772
-9437
-8155
-7444
-7258
-7045
-6181
-4529
-2590
-1018
-86
410
933
1878
3255
4670
5687
6181
6311
6295
6287
6428
6819
7264
7268
6566
5549
4833
4490
4189
3823
3465
2846
1615
145
-681
-677
-555
-830
-1328
-1869
-2578
-3233
-3125
-2032
-884
-720
-1231
-1308
-737
-58
804
2219
3465
3534
2948
3116
4244
5349
5961
6466
6820
6449
5617
5475
6342
7125
6926
6124
5342
4548
3886
3932
4448
4248
2955
1507
682
262
-173
-675
-1288
-2267
-3609
-4835
-5578
-6159
-7054
-8120
-8990
-9750
-10531
-10997
-10971
-11005
-11657
-12436
-12275
-11041
-9764
-9146
-8860
-8433
-7776
-6641
-4707
-2450
-981
-657
-530
482
2290
3978
5080
5809
6282
6367
6241
6429
7156
7952
8066
7334
6379
5720
5206
4648
4284
4119
3534
2144
593
-222
-377
-671
-1280
-1583
-1528
-1924
-2948
-3541
-2952
-1894
-1413
-1418
-1211
-835
-759
-542
704
2573
3572
3269
2886
3436
4466
5249
5921
6671
6917
6256
5550
5886
6900
7337
6858
6139
5541
4863
4296
4332
4668
4280
2909
1502
872
692
269
-450
-1184
-2091
-3396
-4653
-5270
-5572
-6435
-7896
-9108
-9681
-10049
-10419
-10588
-10815
-11600
-12489
-12296
-10826
-9335
-8871
-9040
-8888
-8085
-6693
-4703
-2538
-1185
-944
-832
198
2054
3919
5225
5903
6102
6084
6198
6661
7313
7737
7666
7097
6244
5460
4955
4585
4134
3612
3017
2101
866
-106
-400
-484
-1004
-1689
-1865
-1807
-2253
-2838
-2565
-1660
-1299
-1531
-1260
-312
265
252
763
2152
3165
3097
3003
3829
4815
5050
5092
5669
6176
5865
5367
5627
6247
6239
5663
5251
5038
4592
4086
3965
3929
3302
2197
1356
967
523
-219
-1015
-1776
-2695
-3715
-4603
-5479
-6610
-7756
-8485
-8878
-9297
-9808
-10370
-11140
-11957
-12095
-11189
-9981
-9454
-9618
-9743
-9353
-8355
-6666
-4513
-2801
-2264
-2340
-1713
60
2213
3908
4947
5415
5437
5418
5919
7047
8153
8396
7594
6452
5807
5783
5863
5645
5116
4269
3000
1626
877
959
1082
482
-558
-1307
-1749
-2225
-2409
-1799
-953
-954
-1733
-2116
-1512
-507
305
1003
1650
1910
1815
2068
3137
4444
5097
5055
4958
5095
5301
5577
6051
6451
6322
5704
5094
4843
4841
4776
4502
4038
3336
2418
1593
1154
934
490
-406
-1550
-2573
-3368
-4162
-5127
-6140
-7025
-7766
-8385
-8881
-9404
-10170
-11068
-11557
-11240
-10396
-9798
-9897
-10334
-10351
-9513
-7941
-6114
-4670
-4067
-4005
-3566
-2116
71
2093
3212
3493
3616
4087
4918
6006
7175
7878
7562
6531
5841
6055
6577
6581
6020
5205
4109
2858
2179
2361
2486
1646
309
-521
-788
-1086
-1397
-1313
-1142
-1522
-2129
-2032
-1248
-684
-575
-268
406
893
1107
1648
2580
3311
3647
3956
4375
4661
4794
5049
5444
5697
5657
5421
5077
4674
4390
4325
4228
3812
3172
2494
1811
1205
872
684
211
-679
-1607
-2322
-3048
-3963
-4798
-5373
-5946
-6695
-7336
-7738
-8265
-9071
-9656
-9599
-9201
-8961
-8921
-8911
-8956
-8911
-8242
-6800
-5351
-4621
-4414
-4091
-3330
-2085
-456
1108
2026
2237
2320
2854
3875
5039
5989
6389
6050
5363
5146
5643
6182
6169
5722
5057
4132
3234
2979
3278
3196
2283
1150
419
32
-205
-213
-25
-132
-800
-1406
-1281
-653
-83
262
490
637
743
1030
1643
2358
2902
3213
3379
3499
3663
3962
4323
4535
4530
4398
4170
3822
3503
3482
3599
3403
2882
2300
1699
1093
713
679
566
-78
-1040
-1811
-2283
-2719
-3244
-3753
-4342
-5208
-6082
-6511
-6589
-6772
-7249
-7820
-8222
-8339
-8160
-7757
-7413
-7404
-7560
-7390
-6673
-5670
-4754
-4092
-3708
-3420
-2812
-1752
-567
428
1135
1544
1775
2128
2865
3852
4569
4717
4557
4442
4416
4521
4854
5131
4890
4176
3491
3225
3259
3205
2876
2359
1738
1099
697
742
924
754
290
-62
-167
-57
271
650
824
802
822
1036
1396
1830
2282
2566
2584
2567
2791
3156
3315
3266
3334
3425
3207
2857
2751
2807
2665
2305
2115
2117
1822
1182
803
862
759
241
-208
-396
-778
-1508
-2058
-2139
-2298
-3011
-3864
-4309
-4557
-5025
-5483
-5578
-5662
-6180
-6754
-6864
-6694
-6627
-6582
-6343
-6046
-5965
-5917
-5405
-4496
-3774
-3397
-3030
-2543
-2086
-1516
-538
533
1083
1177
1377
1923
2606
3206
3714
4052
4017
3756
3725
4055
4361
4320
4068
3788
3439
3081
2877
2780
2611
2313
1944
1569
1241
1008
895
849
786
697
651
635
662
820
1031
1145
1220
1409
1642
1727
1736
1868
2088
2270
2393
2482
2531
2478
2341
2312
2429
2448
2243
1927
1643
1450
1334
1212
998
670
262
-128
-348
-401
-498
-815
-1291
-1715
-1964
-2126
-2344
-2606
-2872
-3233
-3700
-4047
-4129
-4142
-4347
-4688
-4962
-5148
-5320
-5375
-5150
-4806
-4691
-4796
-4800
-4547
-4122
-3580
-2979
-2546
-2402
-2297
-1863
-1087
-289
282
617
807
989
1348
1930
2481
2754
2780
2746
2763
2867
3064
3233
3167
2836
2507
2441
2528
2498
2342
2174
1916
1539
1316
1459
1682
1605
1310
1162
1221
1262
1263
1436
1730
1778
1526
1384
1542
1665
1530
1382
1426
1419
1173
949
1045
1329
1521
1567
1566
1492
1279
1101
1216
1546
1745
1659
1403
1104
849
760
829
845
632
244
-157
-457
-655
-795
-951
-1223
-1629
-2030
-2306
-2517
-2766
-3026
-3242
-3459
-3727
-3967
-4074
-4102
-4177
-4275
-4275
-4184
-4088
-3949
-3702
-3445
-3297
-3183
-2921
-2477
-1993
-1608
-1285
-921
-567
-269
90
561
987
1228
1375
1583
1817
1995
2142
2236
2234
2163
2058
2011
2073
2105
1985
1760
1557
1440
1359
1295
1280
1270
1159
928
719
704
828
886
848
835
840
755
668
771
1012
1116
994
877
929
1033
1063
1128
1315
1419
1284
1110
1148
1318
1368
1294
1250
1206
1059
894
862
948
937
709
445
291
161
33
-23
-65
-230
-559
-933
-1142
-1170
-1231
-1442
-1711
-1942
-2120
-2246
-2281
-2256
-2296
-2437
-2561
-2553
-2431
-2299
-2214
-2144
-2066
-2007
-1943
-1781
-1502
-1208
-989
-863
-805
-747
-608
-369
-95
118
219
216
168
185
368
667
873
871
759
665
636
706
863
984
938
734
528
480
591
712
755
788
844
850
810
836
969
1099
1128
1077
998
888
742
659
736
899
993
955
837
731
704
787
940
1045
1019
847
637
540
585
700
756
645
475
365
289
243
237
241
219
104
-78
-210
-279
-342
-405
-418
-408
-515
-767
-1002
-1090
-1083
-1071
-1061
-1095
-1269
-1502
-1573
-1426
-1210
-1072
-1033
-1057
-1107
-1124
-1041
-810
-545
-456
-475
-421
-353
-313
-200
-8
151
205
211
241
246
206
208
251
253
203
142
100
56
-32
-113
-112
-97
-119
-75
11
-37
-186
-261
-192
-74
-33
-53
-66
-152
-333
-400
-196
147
357
377
330
276
244
338
626
955
1042
856
630
549
636
784
883
941
908
751
618
619
696
731
657
519
413
338
278
247
239
196
64
-108
-209
-256
-330
-418
-456
-452
-493
-618
-694
-643
-583
-561
-542
-566
-616
-643
-665
-635
-522
-433
-405
-353
-235
-102
-49
-47
45
225
375
430
387
275
129
-5
-6
204
471
514
260
-63
-216
-171
11
248
372
221
-130
-411
-429
-228
-14
29
-117
-334
-504
-563
-476
-317
-227
-271
-386
-455
-400
-252
-104
11
96
137
156
245
365
409
408
433
499
603
681
669
598
504
445
482
574
636
580
408
231
149
165
234
288
274
160
-4
-108
-107
-49
-15
-44
-111
-201
-285
-338
-353
-323
-292
-334
-411
-451
-469
-504
-534
-501
-430
-402
-435
-479
-478
-438
-387
-295
-167
-95
-100
-102
-49
36
117
194
276
324
306
265
255
257
227
196
198
187
117
16
-66
-132
-191
-200
-169
-192
-301
-435
-505
-494
-448
-373
-281
-256
-321
-377
-327
-194
-78
6
91
153
172
183
264
403
498
528
558
594
598
581
583
628
669
658
606
555
513
466
417
407
431
406
313
227
192
201
202
165
131
107
52
-11
-37
-17
-15
-73
-142
-167
-163
-180
-240
-283
-303
-355
-406
-398
-362
-372
-448
-504
-475
-416
-378
-329
-261
-244
-298
-330
-254
-116
-27
-10
-26
-50
-85
-106
-63
22
40
-52
-172
-217
-186
-144
-115
-104
-143
-222
-280
-262
-180
-129
-154
-208
-252
-288
-309
-289
-219
-144
-110
-98
-77
-49
-23
29
145
267
324
333
324
334
391
488
589
646
628
559
489
461
481
519
542
516
429
316
229
215
236
242
232
194
124
68
50
72
115
149
143
109
72
46
27
31
55
67
49
-4
-77
-118
-112
-106
-105
-115
-162
-239
-320
-356
-313
-265
-277
-315
-360
-398
-418
-414
-358
-296
-303
-344
-362
-353
-338
-328
-304
-269
-254
-256
-236
-190
-167
-178
-178
-163
-141
-126
-136
-136
-121
-147
-177
-151
-100
-71
-66
-68
-75
-86
-61
12
101
166
185
179
199
246
299
378
482
554
545
500
490
517
546
570
595
584
504
382
298
303
341
335
275
199
103
1
-34
38
125
131
58
-16
-28
-2
40
115
173
152
79
25
29
70
105
123
108
49
-32
-94
-94
-71
-85
-138
-201
-260
-319
-365
-372
-371
-389
-419
-467
-507
-528
-551
-572
-583
-596
-605
-605
-598
-580
-554
-516
-486
-446
-363
-281
-238
-215
-185
-136
-81
-32
20
58
70
61
68
123
197
247
269
276
264
262
283
337
426
489
481
442
412
405
449
522
570
562
499
409
335
328
384
420
391
314
213
142
132
156
189
204
165
87
34
40
71
103
130
137
129
104
76
88
115
114
109
118
111
75
31
8
4
0
-3
-11
-41
-99
-164
-212
-226
-227
-247
-292
-347
-409
-466
-497
-510
-517
-535
-585
-637
-662
-685
-692
-664
-618
-577
-564
-561
-540
-499
-440
-359
-283
-231
-203
-179
-136
-75
-6
68
133
167
167
169
209
264
308
349
387
397
371
354
376
418
454
483
498
482
451
438
456
497
532
535
503
455
406
380
396
430
424
374
305
242
200
192
213
222
186
123
61
23
22
38
47
41
5
-46
-73
-84
-89
-88
-92
-109
-143
-196
-234
-238
-242
-243
-249
-273
-303
-333
-359
-356
-341
-338
-352
-375
-395
-426
-455
-452
-437
-425
-428
-453
-469
-466
-460
-433
-397
-372
-353
-329
-304
-273
-227
-161
-99
-63
-35
5
51
92
134
184
230
260
275
295
325
353
374
401
430
448
454
463
477
489
494
497
512
528
521
499
479
461
438
412
395
373
333
280
236
203
168
132
116
104
73
24
-13
-22
-26
-34
-31
-37
-69
-101
-120
-123
-118
-126
-146
-170
-211
-261
-291
-287
-275
-288
-316
-355
-402
-432
-423
-388
-365
-373
-396
-431
-446
-419
-375
-339
-318
-333
-364
-374
-362
-333
-290
-259
-257
-273
-271
-241
-202
-154
-96
-53
-39
-35
-6
53
114
170
223
256
262
269
290
334
381
402
419
430
417
415
430
452
483
502
494
478
459
437
435
451
455
423
378
333
294
271
258
236
200
153
102
61
37
23
9
-5
-26
-51
-72
-81
-79
-78
-86
-99
-112
-128
-148
-169
-190
-212
-231
-250
-275
-310
-340
-363
-379
-389
-405
-423
-427
-425
-434
-434
-416
-402
-388
-377
-369
-352
-333
-319
-296
-270
-255
-243
-230
-211
-183
-154
-127
-100
-75
-55
-30
3
40
75
109
137
161
183
215
250
281
306
330
343
355
376
396
415
434
435
439
449
439
437
450
444
433
423
398
381
375
363
336
303
276
246
211
185
165
132
91
53
27
11
-14
-41
-64
-92
-116
-132
-144
-151
-154
-163
-171
-184
-200
-206
-206
-213
-224
-240
-265
-293
-310
-316
-325
-333
-342
-363
-391
-402
-397
-389
-386
-381
-378
-376
-368
-352
-332
-308
-288
-271
-255
-244
-228
-197
-162
-135
-106
-79
-66
-46
-13
18
46
80
104
123
149
171
202
237
269
306
333
345
354
369
391
407
417
431
440
439
439
448
463
471
462
445
425
404
379
366
356
338
312
276
233
193
155
121
92
59
11
-38
-69
-92
-117
-136
-146
-170
-205
-229
-233
-230
-226
-223
-222
-230
-243
-246
-234
-215
-205
-208
-217
-228
-239
-241
-230
-225
-237
-260
-278
-290
-288
-276
-268
-265
-269
-274
-269
-256
-245
-240
-233
-226
-224
-215
-197
-174
-147
-128
-116
-99
-77
-60
-36
-5
21
42
69
92
107
135
172
198
214
237
259
276
296
321
344
358
368
378
389
398
406
411
414
411
396
377
359
340
321
307
293
267
235
203
170
140
111
71
37
9
-21
-49
-81
-111
-131
-152
-175
-182
-190
-206
-215
-225
-234
-232
-227
-223
-219
-219
-219
-212
-197
-177
-170
-166
-157
-158
-157
-149
-147
-140
-140
-141
-137
-141
-145
-138
-128
-123
-128
-137
-142
-142
-138
-132
-127
-118
-115
-118
-112
-101
-88
-68
-51
-40
-29
-23
-11
15
37
46
62
78
91
116
149
171
178
191
211
231
244
254
269
283
290
285
280
287
296
292
274
252
233
224
220
216
203
177
142
119
111
94
68
50
20
-16
-41
-63
-77
-83
-106
-129
-145
-165
-179
-179
-176
-177
-183
-191
-188
-188
-191
-187
-171
-159
-155
-155
-152
-138
-121
-108
-96
-87
-81
-81
-76
-68
-64
-59
-54
-57
-59
-55
-50
-51
-53
-53
-52
-50
-49
-49
-50
-42
-34
-30
-26
-26
-24
-15
-5
-2
-1
10
26
33
40
52
63
73
89
108
120
128
132
138
149
169
180
179
178
178
179
180
186
189
189
181
168
153
141
131
124
114
100
76
49
31
23
15
4
-14
-31
-48
-64
-79
-88
-96
-103
-116
-128
-138
-143
-139
-133
-135
-136
-125
-113
-107
-99
-88
-80
-73
-64
-56
-50
-44
-38
-31
-25
-25
-25
-21
-15
-11
-3
-2
-8
-10
-4
1
-3
-6
-6
-6
-8
-10
-7
-8
-9
-11
-7
-4
-2
2
6
9
11
15
22
31
36
40
42
45
46
46
51
58
64
66
65
66
69
70
69
69
73
70
61
55
54
57
54
48
43
37
29
19
10
8
7
4
-1
-6
-13
-22
-27
-30
-31
-37
-46
-50
-48
-47
-49
-51
-49
-47
-48
-48
-48
-46
-47
-42
-38
-36
-35
-32
-27
-20
-18
-16
-13
-11
-9
-8
-6
-3
-1
1
-1
-3
-5
-5
-4
-6
-9
-11
-10
-8
-8
-9
-7
-7
-6
-4
1
1
1
4
9
12
13
16
22
28
30
29
30
33
37
40
43
46
49
51
47
44
42
40
39
39
38
35
30
28
25
22
17
14
13
10
3
-2
-5
-7
-12
-18
-20
-22
-25
-24
-23
-23
-25
-28
-30
-30
-30
-29
-28
-27
-27
-26
-25
-23
-22
-21
-21
-18
-17
-15
-15
-13
-12
-8
-6
-5
-5
-3
0
-1
-3
-3
-1
0
-1
1
-1
-3
-7
-7
-6
-4
-3
-4
-6
-7
-8
-6
-2
1
0
-2
-1
-1
3
6
9
11
11
12
14
15
18
19
20
20
19
18
19
18
18
19
19
17
15
13
11
10
9
6
7
7
8
9
5
1
-3
-6
-5
-6
-7
-9
-11
-11
-13
-12
-10
-10
-11
-11
-12
-11
-8
-7
-6
-6
-5
-6
-7
-6
-3
-4
-3
-2
-2
-3
-1
2
3
4
4
2
-2
-1
0
0
0
-3
-3
-4
-5
-3
-2
-4
-6
-8
-8
-8
-7
-6
-5
-5
-5
-7
-4
-5
-5
-2
2
-1
-1
2
3
0
3
8
8
5
6
7
7
9
8
11
13
12
8
6
7
8
7
6
4
5
5
5
6
5
2
0
0
-1
-2
-2
-4
-4
-5
-5
-5
-6
-5
-2
-3
-3
-2
-1
1
1
-3
-4
-3
-1
-1
-1
0
1
1
0
1
5
5
2
-1
1
3
2
0
-2
1
3
3
1
-1
-2
-3
-5
-4
-2
-2
-3
-4
-5
-5
-5
-4
-5
-5
-6
-6
-6
-6
-5
-4
-5
-5
-4
-4
-3
-3
0
1
2
2
2
3
3
4
3
4
4
5
5
4
4
4
4
6
6
7
4
1
1
0
-2
-1
0
1
0
-4
-5
-1
1
-1
-1
2
0
-6
3
2
0
6
5
1
2
3
2
6
3
0
3
1
0
2
3
1
-1
2
3
0
0
3
-1
-4
-3
-1
2
0
-5
-4
1
-5
-10
-5
0
-2
-6
-4
-3
-3
0
1
0
0
-1
-3
-2
1
0
0
2
1
-2
-3
-4
-3
-2
-1
-3
-1
0
1
1
2
3
3
2
1
0
1
0
-2
-3
-1
-3
-4
-3
-1
-3
-2
1
1
0
1
1
-1
-1
0
0
1
2
1
2
3
4
5
4
3
4
6
5
2
5
5
5
8
5
4
9
7
2
5
1
3
5
2
5
5
-2
-1
0
0
-1
1
1
0
1
3
2
0
2
3
3
1
-1
0
0
0
-2
-1
-2
-2
-6
-6
-5
-3
-3
-3
-3
-5
-7
-7
-4
-3
-3
-6
-5
-3
-2
-6
-6
0
2
0
0
-1
-2
-1
-1
1
6
3
3
0
-2
-1
1
2
2
-2
-4
-5
-3
0
2
3
3
1
0
0
1
4
8
8
7
3
1
1
2
5
6
7
7
7
7
5
3
3
3
4
2
1
-1
-1
-2
-1
-1
-1
-1
0
1
0
4
6
4
8
6
4
7
1
-2
0
-4
-6
-5
-9
-9
-7
-8
-8
-7
-10
-10
-8
-10
-9
-9
-12
-9
-8
-7
-3
-3
0
5
5
12
16
20
27
33
36
40
39
36
31
23
13
3
-2
-10
-13
-12
-15
-14
-15
-19
-17
-18
-23
-22
-24
-27
-21
-17
-14
-1
4
6
15
12
10
15
13
9
14
12
9
18
17
12
19
7
6
13
1
2
-5
-16
-16
-20
-18
-21
-19
-21
-23
-18
-19
-12
-9
-5
-1
-1
-1
-8
-9
-11
-7
1
13
19
14
17
6
4
6
4
10
17
18
9
5
-7
-8
-2
5
12
5
-1
-13
-20
-15
-10
1
8
13
17
15
15
9
-3
-6
-13
-9
3
8
11
10
2
-6
-5
-5
-4
6
2
5
5
0
7
7
11
21
16
26
23
15
19
5
-1
-2
-7
-4
0
-8
-1
-7
-4
14
2
21
17
-9
8
7
-3
4
11
-1
1
3
14
23
11
27
16
9
20
10
19
8
-15
-19
-46
-66
-64
-94
-115
-113
-102
-77
-53
-6
17
31
75
68
82
81
37
50
28
19
42
3
16
23
-18
1
1
-10
8
-22
-26
-12
-65
-45
-12
-60
-53
-42
-53
-20
-11
-3
22
-12
3
40
25
48
45
48
71
46
71
68
20
34
16
-8
8
-6
9
-20
-33
0
-27
2
7
-15
19
-11
3
3
-39
-11
-29
-40
12
5
-5
-5
-14
6
-9
-30
5
5
2
38
4
-15
2
-8
2
-22
-38
-18
-53
-24
8
-39
5
-27
-27
70
28
48
30
14
70
5
31
22
-25
23
-30
-41
17
-39
-44
2
-29
-18
-3
6
6
11
-4
-29
11
10
36
15
-6
16
-8
61
25
10
68
-4
7
51
43
13
-25
5
16
-7
-3
-41
-28
5
-28
20
-13
-38
71
-8
-50
49
-38
-36
44
-37
24
9
-87
48
1
-44
29
-90
-9
76
-24
27
-31
-45
71
-9
33
26
-63
26
-20
11
40
-68
29
-32
-67
76
-27
-1
72
-47
10
35
-30
30
-6
-34
28
-34
-24
23
-45
-17
-41
-64
17
-11
-13
-19
-56
9
-21
-19
61
-3
30
58
-55
-4
48
20
45
34
33
-10
-12
82
29
14
37
-58
28
88
-1
4
-58
-44
33
-50
15
23
-101
23
19
-98
9
9
-32
62
42
-18
7
-14
7
71
6
-35
84
19
-22
107
-77
-45
110
-71
22
89
-73
-72
-9
43
25
6
-56
-83
-1
-44
-7
-10
-76
57
-28
-55
65
-99
-39
56
-88
11
71
-53
25
6
-121
76
43
-109
72
-19
-41
131
-13
-36
26
-2
38
9
20
38
-36
-38
50
47
-2
12
28
-11
-40
81
-58
-56
218
-96
-90
61
-182
105
99
-128
98
-89
-35
134
-87
128
-31
-30
110
-191
232
94
-120
173
-100
8
60
-105
70
-25
-110
83
-76
-98
35
-128
77
40
-63
97
-131
-46
127
-132
43
94
-226
100
-22
-10
277
-159
104
6
-181
165
-120
-27
102
-114
8
41
-98
143
180
-117
-218
-71
150
-57
62
45
-222
160
15
-251
165
153
-140
83
-162
-302
282
-7
-44
345
-123
-111
39
-164
298
123
-254
116
-126
86
174
-319
14
-5
83
133
-192
155
-46
-102
375
-54
32
207
-414
5
203
-36
277
-90
-174
11
-186
81
161
21
138
-104
-191
92
-112
112
355
-116
13
-120
-333
59
-30
250
243
-226
-7
-255
-130
282
12
96
-73
-140
61
-142
173
197
-205
-7
28
-11
134
-52
-53
127
-104
-39
107
-154
91
50
-297
178
163
-185
-55
-216
4
232
-173
-9
80
-228
39
181
-44
-6
50
-99
-151
-22
8
-30
152
-11
-224
37
12
199
106
-140
369
221
-27
3
-137
129
171
-119
-58
-54
-51
140
-63
20
85
-112
-5
88
184
-1
106
-26
-272
278
47
-88
171
-230
-183
-35
-11
71
-215
-62
74
-253
-137
34
-55
-172
8
127
-204
67
308
-6
132
107
27
147
-85
108
213
-101
127
-60
-383
51
32
-133
10
-50
58
-29
-148
-36
-194
7
159
-84
-35
-148
-173
112
136
172
246
59
-159
-97
68
6
-20
103
58
-157
-197
41
119
194
226
-36
-123
-74
203
308
85
198
-104
-298
-35
-139
97
-33
-222
148
-105
-90
-47
-181
101
-19
13
248
6
-68
190
-52
-206
106
149
123
-8
116
140
-217
77
173
-160
-113
-141
-89
-53
-122
-11
-362
-96
308
-56
358
139
-197
392
154
82
306
-144
-64
302
-285
-60
303
-515
-70
72
-612
-98
-235
-545
79
-37
-328
-83
2
43
180
510
493
28
322
482
88
203
108
159
122
-276
26
-147
-355
-73
-233
-305
-280
-20
-12
-292
-155
-394
-446
-133
88
350
66
58
242
70
351
380
7
32
272
-55
-357
64
-394
-984
-979
-1113
-765
-670
-8
1094
633
124
516
523
318
884
1329
891
570
451
49
-72
-356
-450
164
-151
101
782
37
-254
-215
-393
-54
-94
-977
-1403
-1744
-2366
-1848
-400
964
1141
660
280
132
477
1110
2121
2208
1499
682
-210
-575
-761
-1043
-1178
-759
-684
-673
-233
-363
-410
13
504
530
497
1008
937
336
441
571
206
161
284
52
-573
-442
-370
-829
-503
-569
-878
-1269
-1216
-837
-1111
-952
-724
-18
209
76
751
593
529
1090
1458
1610
1606
1307
493
-19
131
127
68
173
33
159
-156
-594
-529
-535
301
557
-354
-552
-379
-723
-1066
-666
-619
-884
-507
-476
-603
-528
-535
-312
315
824
412
386
518
29
355
489
479
744
336
342
320
109
207
-115
122
272
-238
-216
-716
-889
-11
-18
-322
-1
204
3
166
508
475
555
398
244
242
-146
-440
-554
-679
-452
-119
-253
-192
134
120
-203
-545
-435
51
30
-235
546
608
-164
142
474
329
273
947
1098
449
483
450
-91
-497
-284
-142
-176
-281
-321
-203
-453
-165
129
173
208
-322
-736
-1106
-1542
-1357
-680
107
786
767
667
415
176
758
655
570
534
-275
-764
-1743
-1747
-558
-274
12
-7
180
488
224
1095
1499
1182
1190
452
185
373
207
50
-275
-257
26
52
47
-297
-532
-335
-413
-573
-456
-434
-799
-537
-43
-32
-90
-61
662
269
-385
211
136
173
134
1
201
-72
44
39
-58
178
221
391
223
185
352
-26
-264
-236
28
53
53
146
-299
-50
55
-223
195
-132
-317
-262
-629
-159
-241
-264
303
-69
-68
-45
-73
208
145
421
131
-57
356
-7
-181
-130
-162
48
168
136
-59
59
-4
-132
398
364
126
266
29
-97
-59
-94
120
268
174
79
-178
-415
-271
-44
70
38
70
120
-151
-227
-228
-123
204
104
53
165
55
-114
24
-60
-393
19
114
-366
-210
94
-183
7
493
274
244
194
-73
-134
33
209
17
-103
-131
-218
-295
-105
-50
-114
197
279
157
104
108
-120
3
351
-91
-305
19
-27
-408
-344
-242
-172
-3
-165
106
107
56
409
77
145
378
29
174
225
77
288
57
-112
-18
-182
-78
90
127
115
-22
-229
-247
-183
-235
-98
-155
64
288
-237
-222
-3
-41
-143
-248
375
459
165
238
-216
-54
54
-293
209
-5
-182
324
-171
-304
147
31
48
179
104
283
273
-133
55
266
-149
-294
-136
-65
-256
-239
-95
-231
94
-149
-554
-137
5
224
41
-141
319
110
-241
-75
23
95
390
142
-135
186
76
7
90
-36
217
324
20
-211
-35
52
-141
212
268
27
220
64
-146
-301
-161
119
-219
-116
-60
-358
-48
-99
-196
203
83
-118
98
-10
-254
16
11
-1
294
73
271
287
-99
249
399
185
-22
18
-120
-265
-77
-189
-70
87
-41
-167
-153
-207
-188
31
-149
13
61
-64
306
-152
-278
52
-231
35
105
277
417
-300
-33
197
-121
216
137
22
82
-337
-287
61
-287
-147
401
-50
76
424
-82
122
277
200
315
162
209
-137
-104
54
-465
-155
-58
-237
-164
-349
-70
-153
-376
143
74
-90
144
14
153
302
-63
-48
200
39
185
43
154
-116
-187
94
126
-116
-149
105
-262
-186
-28
-32
-103
183
151
-27
55
135
96
-109
192
86
-72
230
-45
-77
-83
-149
-18
77
172
20
-175
-231
-265
-261
82
261
-48
263
309
-213
132
-6
-149
368
-10
191
143
-457
87
-194
-230
262
-257
96
266
-350
-39
160
-122
-115
-2
118
11
-262
37
21
-239
290
-106
-217
360
-284
-95
274
-181
-152
-133
51
66
-186
129
153
23
272
1
-91
153
60
-9
-14
205
123
-87
118
-132
-226
106
82
-3
116
227
-160
-360
-123
-30
28
-81
269
225
-59
350
-122
-149
214
-229
258
305
-211
141
-189
-255
154
-127
96
117
-6
73
-194
-95
-16
-51
-104
14
-19
-227
152
-23
-222
107
126
77
-137
171
280
-279
38
102
-102
211
-15
-102
-75
-173
24
-209
-199
113
-223
-192
91
-173
18
278
-6
175
211
-21
261
252
46
78
61
72
144
92
-98
-241
-241
-122
-95
-9
29
-2
-30
-137
56
19
-16
330
55
-70
415
24
-235
275
-185
-259
180
-245
49
261
-280
53
74
-366
240
141
-270
246
-66
-152
191
-142
-27
93
-172
47
219
-69
-26
27
-135
-80
1
-53
-67
44
-99
-86
32
10
150
95
98
102
107
145
-52
8
16
-170
-189
-140
-17
-64
-97
-25
-85
79
92
38
215
46
119
210
-95
67
115
-101
31
44
-40
20
-57
-122
-22
-100
-82
25
-147
47
-7
-190
164
-28
62
236
-34
107
21
9
22
-138
51
0
-67
111
45
9
55
-31
83
87
-62
107
-23
-220
-35
-103
-98
-57
-62
42
-124
23
191
-75
-6
108
-44
-37
23
-8
2
32
-7
-22
68
-23
-75
42
-38
28
16
-140
23
8
-97
53
61
27
75
36
70
10
-37
19
-93
-11
-7
-115
-5
-78
-33
55
-45
99
87
5
232
-23
-116
129
-119
-53
74
7
-4
-44
42
-23
22
32
-43
-17
2
-11
-129
24
51
-102
23
95
116
74
54
114
11
69
70
-110
-21
-74
-70
31
-147
-27
-8
-152
-61
-149
19
83
-102
140
76
20
85
-54
151
92
-57
74
-39
-105
7
-109
-73
137
-128
-110
135
-106
-105
49
-82
-13
-3
-58
172
23
-26
97
43
111
13
113
27
-76
10
-211
6
-43
-250
103
30
-115
111
63
-71
77
61
-87
87
56
-111
61
-87
-42
77
-154
194
60
-120
144
-44
33
-96
-51
147
-131
50
82
-53
76
-13
51
59
-137
19
40
-83
15
7
-32
-8
114
89
20
127
6
-31
13
-60
-22
-104
-127
-18
-51
-71
13
65
-19
61
153
-33
64
80
-110
102
13
-164
138
-60
-117
157
-128
18
64
-174
64
-22
-114
2
-20
-27
41
37
10
87
-18
-21
60
-1
-13
-37
31
-1
-73
56
21
16
42
-42
84
29
-117
51
13
-108
25
-10
-45
55
-27
58
101
-61
117
88
-70
90
13
-41
-24
-100
-27
-31
-44
4
-10
-14
10
24
-7
20
54
-30
-5
56
11
-8
-53
-7
-12
9
45
-32
67
-82
-44
134
-83
12
18
-83
74
-18
-51
113
-52
-72
115
-64
-44
-2
-78
54
-55
-74
62
-46
2
106
7
72
8
-41
93
-47
5
15
-90
40
-27
-59
17
-5
1
4
41
62
-42
30
45
-126
66
10
-142
96
-41
-53
61
-102
94
61
-98
171
7
-86
117
-33
-1
4
-93
35
-19
-78
15
-12
-67
-6
-43
-20
109
-15
-18
87
-23
11
59
-39
8
30
-12
54
-14
-54
87
-9
-36
100
-54
-87
57
-48
-92
54
-22
-55
33
-12
46
-30
-23
95
-41
9
27
-19
21
-15
12
-62
-2
49
-93
70
-2
-104
90
-63
-46
45
-59
46
-14
-16
88
-46
33
58
-31
38
-33
-9
33
1
-25
-31
2
-38
48
-24
-22
78
-69
53
15
-48
72
-84
28
31
-109
83
-1
-6
71
-44
43
-33
28
69
-107
82
12
-52
65
-68
21
23
-27
52
-1
10
-5
14
3
-36
38
-76
-13
49
-112
79
-17
-135
105
-28
-67
25
34
6
-3
44
-49
88
6
-83
153
-75
-16
57
-127
124
-60
-130
91
-67
13
22
-4
54
1
43
-55
49
105
-166
66
129
-169
34
20
-70
102
-14
-44
59
-54
-51
119
-42
-10
75
-153
72
47
-151
61
19
-11
-40
27
64
-105
115
-10
-40
131
-133
8
146
-148
123
29
-127
142
-93
-41
149
-158
-1
116
-103
29
51
-39
65
16
-11
41
5
-8
-6
21
-27
-75
4
-36
-18
52
-48
17
41
-28
41
-41
32
57
-95
22
12
-33
-21
-2
54
-47
48
14
-63
117
-56
-51
87
-67
20
-1
-55
52
-66
9
91
-86
-27
61
-65
-46
65
-56
-16
30
-79
41
29
3
37
4
44
-6
-4
83
-94
44
20
-62
74
-55
-34
22
-36
54
29
-51
54
12
-60
85
-21
-37
64
-9
15
-30
6
36
-70
49
20
-90
32
-15
-18
22
-42
-18
-10
39
10
-40
70
2
-28
70
-26
28
-30
-7
7
-42
-1
-27
8
-7
13
-22
-3
94
-23
-29
80
-72
-22
31
-54
5
-1
-12
25
-11
2
8
6
6
-7
-2
-13
8
-40
-17
22
-50
31
12
4
60
-37
46
9
-56
41
-58
17
36
-62
65
-8
10
55
-58
59
6
-38
46
-26
4
-31
-41
23
-34
33
2
13
57
-72
58
44
-49
38
-44
-52
-4
0
-29
-2
-5
-25
70
52
-27
25
51
-63
51
-11
-55
43
-41
-26
52
-50
-6
27
-16
22
56
-94
14
96
-155
6
86
-151
51
41
-123
117
-16
-68
49
66
-26
-21
63
-56
42
-17
-22
76
-108
20
22
-67
62
21
-65
41
39
-67
26
81
-40
-17
87
-59
4
69
-62
57
-12
-24
11
-75
-19
9
-51
-13
18
-27
1
-3
9
-10
56
38
-19
20
-14
-28
21
-45
27
47
-93
38
53
-64
58
-13
-57
80
-42
4
-10
-17
15
-26
10
43
-24
-19
46
-26
33
-3
-17
7
16
3
-43
22
9
-71
-6
75
-47
-31
78
-41
0
40
-18
13
64
-35
4
56
-23
62
-41
51
9
-24
27
-62
1
-30
-8
-5
-46
51
-23
-50
93
-28
-22
83
-61
-3
56
-68
4
-52
0
35
-89
43
26
-55
55
23
-25
35
25
-8
-2
17
2
-44
8
17
-27
32
12
-21
34
0
0
11
-31
40
2
-57
36
-14
-31
18
-34
-4
22
-24
1
24
9
11
-8
16
28
-14
6
3
-16
3
0
4
-28
-23
33
-30
-22
58
-33
-6
68
-43
-2
55
-27
-3
9
20
-8
-31
17
-46
2
16
-39
56
-10
-18
52
-58
22
62
-78
35
-4
-65
76
-56
-27
63
-49
-3
17
29
25
-14
25
-2
21
19
-45
24
-5
-57
24
-44
6
47
-57
33
36
-41
12
40
-65
66
6
-61
37
-30
-18
-16
-34
0
14
5
-1
-5
32
40
-18
19
12
18
-39
17
31
-48
26
6
0
3
9
-25
-2
6
0
7
15
-2
1
20
-29
8
6
-18
44
-46
-4
43
-54
35
23
-28
47
-32
-20
36
-27
20
1
-18
34
-34
-17
43
-17
-11
5
-10
27
-8
-29
42
8
-3
30
-2
10
-19
-13
25
-45
1
33
-51
-4
38
-16
-22
16
2
-12
-2
-1
6
-10
14
-6
-35
32
-2
-43
8
8
0
-6
0
-2
-27
41
5
-46
47
-15
-21
19
-21
20
-12
-24
26
2
-19
24
-18
0
42
-20
-17
57
-29
-4
56
-12
15
10
-30
10
-19
-20
27
-32
7
50
-35
36
27
-11
42
4
3
-2
-4
-20
-15
26
-19
-29
9
0
-23
40
-16
-1
56
-22
9
49
-45
28
-6
-72
57
-60
-17
45
-57
35
25
-36
34
13
12
10
-2
-17
-8
31
-46
-12
31
-45
-1
1
-20
26
1
1
26
14
7
11
-11
-5
44
-64
1
39
-36
16
15
-34
13
19
-5
8
23
4
13
3
-14
7
-6
-13
-3
-1
-7
-16
-11
-8
13
3
9
23
-16
30
14
-16
56
-32
-24
58
-45
-1
14
-35
26
-52
-14
51
-52
12
28
-14
12
-20
31
-10
-20
64
-65
8
40
-86
49
-25
-47
47
-53
30
1
-45
68
-27
-15
36
-27
6
-6
-7
17
-12
-6
-4
1
7
-6
0
3
17
8
-12
21
-23
-31
30
-22
-7
1
-8
6
-27
23
1
-16
33
-13
11
9
-12
14
2
20
-10
-21
16
2
-21
1
23
-37
17
25
-50
64
19
-35
53
-12
16
20
-44
29
-4
-25
1
-14
26
-8
2
6
-17
20
-3
15
-10
-10
27
-27
-6
5
2
-2
-25
26
-13
-16
26
-32
14
19
-22
27
-13
-12
35
-39
11
26
-25
15
-13
-9
15
-18
16
-12
-16
4
-14
20
-28
-17
30
-23
10
11
-14
18
-14
3
26
-23
-1
15
-3
-14
19
-6
-7
30
-18
-5
7
-18
2
11
-5
11
9
-1
6
9
-18
-2
10
-7
4
-12
-13
25
-24
23
11
-41
22
-10
-6
26
-32
3
24
-19
19
7
-12
38
-12
10
2
-33
24
-20
10
14
-23
33
-31
-12
40
-19
11
10
-13
21
-21
-5
2
-9
6
-15
0
13
-14
1
20
3
0
26
-5
2
21
-30
-1
-18
-51
32
-27
-20
48
-13
31
6
10
39
-14
23
9
-14
17
-31
-40
-7
-22
-10
-13
10
14
-18
14
34
10
34
18
-10
15
-16
-13
-4
-46
-11
-6
-35
43
-10
-2
35
-19
42
-1
-10
39
-29
8
13
-20
8
-31
-2
21
-37
29
16
-23
42
7
5
-3
-32
19
-18
-31
12
-20
-17
5
-10
9
16
4
-6
12
21
-17
13
6
-7
4
11
-1
-19
-5
-19
-18
10
-4
-13
-7
1
-4
-27
16
13
-11
27
13
-14
11
1
3
-9
3
-12
-10
11
-21
-8
-17
-7
29
-1
2
23
-10
22
21
0
0
-13
-2
-12
-1
10
-12
-5
-3
2
18
10
-4
23
15
-15
24
11
-2
15
-34
-3
22
-26
16
4
-21
12
-10
2
15
-13
-3
7
7
-2
-3
-2
-13
13
15
-9
25
-7
-36
34
-6
-26
39
-7
-16
5
-16
8
7
-16
6
7
-27
3
11
-31
7
9
-13
12
-1
8
9
-3
14
-2
2
-7
-16
-2
-14
-10
-6
10
-2
-19
21
-3
-8
21
-8
-6
8
-16
-8
18
-10
0
13
-17
1
15
4
1
2
-4
-3
13
-4
0
6
-19
7
10
-8
7
-15
15
30
-30
6
16
-13
12
-5
1
14
-13
8
19
-10
6
13
-4
10
-8
-13
5
-14
-10
-22
-12
11
-8
17
-3
-7
30
-13
6
20
-19
13
7
-28
-7
-11
-16
12
-12
-1
28
-22
4
27
-25
6
6
-8
8
-21
6
-2
-16
25
-4
-5
3
-2
22
-10
14
22
-20
8
-5
1
3
-16
21
-18
-3
30
-25
0
26
-15
-4
11
-9
-7
-7
-3
7
7
-4
-4
13
-10
2
9
-4
2
-3
13
-6
0
9
-2
12
-12
6
13
-16
12
-2
-1
0
-9
9
-20
8
15
-26
25
6
-27
6
-2
-12
4
9
-23
4
24
-31
-2
3
-22
16
7
-11
-5
1
-9
-2
9
-24
5
4
-14
29
-21
-12
28
-22
11
22
-16
-8
10
9
-25
4
12
-14
16
-6
-5
4
-13
14
-3
-15
18
-12
-7
24
-10
5
-9
-5
24
-15
6
3
8
14
-14
3
12
-20
-2
20
4
-7
0
17
-11
19
17
-18
17
-2
-4
12
-4
-7
-7
4
4
-22
-10
4
7
1
10
7
-5
5
2
0
-4
-6
6
3
-1
-8
3
11
-12
15
16
-2
10
-19
4
-1
-16
21
-16
-19
-16
-7
28
-14
6
25
-8
10
3
-6
-4
-2
9
-7
-6
3
-3
-5
1
6
4
4
-5
4
3
-9
-2
-9
-7
1
-14
-3
8
-13
2
10
0
15
6
0
-2
-10
11
-4
-11
-4
-16
19
9
-18
17
9
-14
0
12
-1
-1
2
-10
-12
2
3
-17
-6
8
14
14
-15
-7
20
-4
2
28
-7
0
-2
-11
20
-3
-4
6
-2
2
-11
-7
-8
-15
0
2
-13
-4
8
-7
1
14
3
7
6
-3
12
10
-1
2
-5
-23
-2
6
-17
0
5
-17
-8
-1
-5
6
0
4
13
-12
-2
21
7
9
15
18
-1
-5
15
-5
4
5
-11
-10
-15
-1
-4
-5
-12
-6
8
-12
4
1
-3
8
5
15
-4
9
18
-9
11
3
-2
15
-8
2
3
-10
5
-1
-2
-5
-7
10
1
-9
8
2
-21
8
7
-8
19
-4
-13
9
-12
-1
-16
9
11
-4
12
-16
-6
-6
-2
19
-6
-11
13
-10
-11
-8
-10
-6
0
4
3
-10
-22
-7
16
6
-10
10
17
0
20
3
1
23
2
17
7
-1
-4
-9
20
-6
-15
2
0
8
-18
-11
11
-15
-16
10
15
-12
-5
13
2
15
3
2
17
-11
-13
2
1
-13
-8
7
-19
-7
1
-13
1
9
11
-9
-13
0
0
-4
4
14
-5
-7
4
-1
1
10
5
-6
12
9
-20
2
17
-17
-3
7
-13
-2
9
2
3
-2
-2
9
5
-5
9
4
-9
8
-1
-12
5
2
5
14
-2
-10
12
5
-7
12
5
0
10
-16
-1
11
-9
9
-1
-5
9
-1
-4
-5
-10
3
11
-6
-1
10
-3
-1
11
-5
-8
18
1
7
16
-14
-3
-3
-8
-4
-9
6
3
-7
-3
7
0
-9
21
6
-7
16
-4
-10
4
3
-7
6
22
-14
-7
12
-6
10
2
-7
8
-17
11
13
-19
17
-4
-8
6
-12
14
-4
-11
10
-5
-2
11
9
-2
-6
-4
-3
-13
-5
19
-3
-10
11
1
-8
0
-3
5
6
-1
2
-5
-2
-10
-3
10
-12
-9
-6
0
17
-20
-6
25
-7
4
9
-10
12
14
-12
5
13
-18
-2
10
-15
-6
5
-9
3
18
-7
-4
14
5
6
1
4
12
3
6
-3
-3
-5
-8
5
2
2
-10
-9
-6
-4
4
13
5
-16
20
17
-8
10
7
6
-2
8
12
-17
4
5
-32
5
4
-20
12
-6
-5
4
-19
1
3
9
14
-1
9
-3
-1
14
-6
9
7
-15
5
7
-11
-4
-9
-4
8
-15
0
5
-10
10
-5
0
11
-6
14
2
-16
12
-4
-9
10
-11
4
-5
-19
8
-9
-3
12
-5
-4
9
4
0
14
5
1
12
7
-2
0
-2
-5
1
2
-1
-2
-10
0
9
3
-2
2
3
1
3
2
2
6
1
3
1
-11
5
-1
-1
12
2
-1
-23
-6
6
-7
11
-1
9
1
-20
11
5
1
6
1
-6
-17
7
-2
-9
5
-12
1
-7
-8
12
-10
-1
7
-7
-4
6
14
-12
9
20
-15
-1
-5
-10
7
-1
-7
-16
-3
9
-1
1
0
-3
-20
-10
19
-3
-2
8
-12
5
7
-9
2
16
11
-8
-2
4
-9
9
7
-7
5
-9
-10
1
-4
5
7
2
11
1
-12
7
9
-4
-5
7
12
-5
1
18
-5
-14
10
8
-2
10
2
4
-5
-11
20
8
-12
9
9
-1
-5
-3
0
-6
5
10
7
-1
-11
-2
1
1
0
-5
8
-3
-24
17
18
-25
-15
12
1
-14
6
6
-2
-2
-6
0
-4
7
-1
-6
6
-5
-2
1
8
0
-2
14
-24
-12
21
-7
6
-1
-7
11
-9
-13
-2
1
5
6
5
-11
-4
-4
-6
8
-12
-2
13
-9
13
10
-12
12
1
1
