-1
-1
0
-1
-4
-4
-2
0
-2
-3
1
-1
1
-2
-3
2
-1
0
2
1
2
0
-2
-2
-2
-3
0
0
0
1
0
-1
-3
-3
-3
-1
1
1
2
3
3
2
1
2
-1
2
1
3
1
1
3
0
-2
1
0
-3
0
4
-1
3
4
3
5
2
1
2
3
2
-1
1
-1
-1
1
3
0
0
1
3
5
5
3
0
-1
-2
-1
1
2
-1
-4
-4
-4
-5
-4
-1
3
0
0
3
3
2
0
-2
2
1
-1
-3
-1
2
0
-1
-3
-2
0
1
1
0
-1
0
1
3
0
-1
-2
0
3
3
2
1
-1
-2
-2
-3
-1
1
1
2
3
0
0
2
-3
2
0
-1
-1
-2
1
-3
-1
1
-3
0
-3
-1
0
0
1
0
2
1
4
2
3
3
2
4
3
2
1
1
1
-1
0
3
2
0
1
1
-1
0
0
3
2
2
1
-1
-1
-3
-3
-2
-3
-2
-2
-1
0
1
-1
0
0
-3
-2
-1
-2
0
-1
-3
4
2
-3
0
0
-1
3
1
0
7
6
1
4
2
0
4
5
3
3
4
2
3
3
0
2
1
1
2
-1
0
3
-4
-2
6
0
-5
-2
2
1
-2
1
2
0
-1
1
-2
-3
-3
0
-2
-5
-3
-1
1
-4
-4
-1
0
-2
-4
-1
-3
1
-2
-5
2
-4
1
2
-2
0
2
3
0
-2
0
2
1
-2
0
3
4
0
-1
2
4
2
1
3
5
2
-2
-2
-1
0
0
1
0
0
3
3
-1
-1
4
4
2
0
1
2
2
0
-1
2
3
1
-2
0
1
1
0
0
-1
-1
2
4
0
-1
1
-1
-2
-2
-3
-2
-1
0
1
1
2
2
2
-1
-1
-1
-2
-3
-4
-4
-4
-3
-4
-3
-1
0
0
-2
1
2
2
3
1
-1
0
1
1
1
1
1
4
5
3
2
4
8
4
2
3
3
1
0
-1
0
1
-1
2
1
-1
-1
-1
1
-2
1
4
2
2
0
-1
0
-1
0
1
2
2
-2
0
1
-4
0
1
0
1
-1
1
0
-5
-1
3
1
1
2
-2
0
-2
0
3
1
2
-2
-2
-2
-4
-3
0
-1
-1
-2
-1
-2
-6
-1
1
3
6
1
1
3
-2
-2
2
0
2
-1
4
3
-2
0
0
1
3
0
-3
-1
1
-5
0
-1
1
-1
1
1
1
3
1
0
4
-2
-1
1
-2
-3
-1
1
2
-1
-4
-1
0
-1
2
4
4
1
-1
1
-3
-5
-2
1
1
-1
-1
7
8
-1
3
6
4
2
-5
1
0
2
0
-1
5
0
0
-1
1
0
-3
3
0
-3
2
1
-2
1
1
0
2
-1
1
2
1
2
3
3
1
-2
-2
-2
-3
0
3
3
3
2
3
1
3
5
5
3
2
2
0
0
0
1
0
0
2
3
1
-2
-2
-1
0
-1
-1
0
0
2
0
-2
-1
0
-1
-2
0
-1
-4
-6
-3
-1
-2
-4
-7
-7
-5
-1
0
0
0
-2
-3
-4
-5
-3
0
1
0
-1
0
1
1
-1
-2
1
3
2
3
3
0
0
4
7
5
3
2
0
-1
0
3
4
1
1
2
2
0
2
4
3
1
3
2
0
-1
-1
-3
-2
-1
-1
0
-1
2
1
2
2
2
0
2
3
1
1
2
2
0
-1
2
0
0
0
3
4
2
4
4
2
1
1
3
1
-1
0
1
-1
0
0
0
2
1
1
1
-1
0
0
1
0
0
1
-1
-1
0
0
2
1
1
1
1
1
0
-2
-2
-2
0
2
3
0
0
0
0
0
2
2
-2
-6
-4
-1
-3
-1
3
2
1
5
8
3
-2
2
4
0
-3
-3
1
0
-3
-2
-1
1
2
-4
0
5
-1
-1
4
-2
-3
0
-3
-5
-1
-2
-1
-1
-1
-1
-1
0
-1
-2
-1
-4
-3
-2
-1
1
2
0
0
1
2
4
3
3
4
4
3
1
0
1
0
-2
0
6
9
6
1
-4
-3
-1
-2
-3
-2
1
2
-1
0
0
-2
0
-3
-3
1
-1
0
6
3
1
2
-2
0
1
-5
-3
-1
-2
-2
-1
2
0
-5
-3
0
3
1
0
0
-2
-5
-2
3
0
0
1
2
0
-2
1
3
2
0
1
0
0
1
-1
1
1
0
-1
0
2
4
1
1
2
2
0
-3
-1
0
-1
1
-1
1
0
-1
-1
-1
0
2
5
3
-1
-1
0
0
-1
-1
0
3
1
-2
2
1
1
2
0
2
-1
0
1
-4
-1
0
1
3
0
1
3
1
0
0
0
1
1
1
2
2
1
2
2
0
-4
-1
0
-1
-4
-6
-2
2
1
0
2
-1
0
-1
-2
2
-3
-1
1
-4
-5
-2
0
1
2
1
-2
0
-1
-1
0
1
1
1
3
1
4
3
1
4
0
1
0
-2
1
1
3
4
4
3
0
-1
-2
0
2
1
-1
-1
1
-1
-1
0
0
2
-4
-4
0
-3
-1
-2
-3
3
0
0
1
-2
-1
0
1
3
2
1
1
2
-1
-3
-5
1
2
-1
0
0
2
1
0
3
1
0
-1
1
2
-1
2
2
1
2
2
2
4
4
1
3
2
-2
-1
-1
1
-1
-3
3
1
-1
-2
0
2
0
0
0
-1
-1
-1
0
1
0
2
1
1
2
-1
-2
0
0
3
3
1
-1
1
-1
-2
2
2
5
5
-1
0
2
4
4
2
5
3
1
0
0
0
-2
1
3
3
2
3
2
-1
-2
1
2
-3
1
-3
-5
1
0
-1
3
-1
-1
1
-1
1
3
1
0
-1
1
2
1
-1
-3
-1
1
1
1
2
1
1
1
1
2
1
0
0
1
0
0
0
1
0
-2
1
3
0
-3
0
2
0
-1
2
1
-1
-2
2
2
1
0
-1
1
2
2
2
1
0
-1
-1
0
1
-1
0
2
2
-2
-1
0
0
-1
0
1
0
-2
1
2
1
-1
1
3
0
-3
-1
0
-2
-3
-2
2
5
1
1
4
2
0
-2
-2
0
0
0
2
2
0
-1
1
2
0
0
0
-1
0
2
3
0
0
2
1
-1
-3
-3
-1
0
-1
-1
-1
1
1
3
3
2
1
0
1
1
0
1
1
1
1
1
1
1
3
4
3
3
1
0
3
1
2
2
1
1
0
2
-4
3
0
-1
7
-2
-1
0
-3
0
-1
-1
-3
-3
-3
-2
-3
-2
0
1
0
-2
-2
0
-1
-1
-2
-1
1
0
-1
-1
1
2
2
4
3
3
1
0
0
1
0
1
0
2
1
1
3
4
2
3
3
4
3
0
1
1
2
0
0
0
1
0
1
0
1
2
-1
0
0
0
1
1
1
0
0
0
-1
-1
-1
0
-1
0
0
-1
-2
-1
-2
-2
-3
-3
-1
-1
-4
-2
-3
-5
-2
1
1
3
3
1
1
0
0
1
1
1
2
3
1
-2
-3
0
0
-1
-1
0
0
1
-1
-1
-1
-3
-2
-1
-1
0
2
0
3
-2
0
-1
-4
-2
2
0
-1
0
-2
-1
0
-1
-2
1
3
1
1
4
4
2
2
1
2
-1
-1
1
2
1
-1
2
3
0
-2
0
1
-1
-1
4
4
2
2
0
0
3
1
2
3
3
1
-1
-2
-1
-3
-3
0
-2
-1
1
0
-2
-2
-2
-3
-4
-4
-2
-3
-4
-4
-2
1
0
-1
-2
-1
1
1
0
2
0
-1
-2
-3
0
-1
1
1
0
1
-1
1
0
2
4
2
2
1
3
3
-1
0
2
2
0
0
1
-1
0
3
-1
-2
1
0
0
2
1
2
2
0
1
1
-1
0
1
2
6
5
4
3
2
0
0
1
1
1
0
1
1
0
-3
-2
0
1
1
-4
-3
-3
-6
-3
2
-1
-1
5
0
-1
3
-2
-3
2
-3
-1
0
-5
-4
-2
-3
-2
-3
-3
-3
-2
-3
-2
-3
0
1
1
1
0
0
1
2
3
3
2
2
1
1
1
1
0
0
-2
-1
-2
-2
-2
-3
-1
0
-2
-1
1
1
-1
0
-1
-3
-4
-4
-3
0
2
1
3
4
1
0
0
0
-2
-2
0
-1
-2
-3
0
2
2
2
8
10
6
7
9
7
2
2
3
2
-1
1
5
4
3
4
5
4
2
3
0
1
-3
-4
-2
-4
-4
-6
-4
-3
-8
-3
-3
-1
0
-4
3
-2
-6
-3
-5
-1
1
3
5
8
8
7
7
9
5
-1
5
3
-4
-1
2
2
-1
3
7
1
2
6
7
5
10
12
9
7
9
8
4
6
5
1
1
0
-4
-6
-7
-9
-10
-11
-13
-12
-12
-12
-10
-9
-7
-7
-5
-2
-2
1
1
1
1
0
0
1
-2
-3
-11
-6
-3
-24
-15
-3
-22
-17
-13
-10
1
-27
0
30
-24
-5
40
-7
-6
24
2
6
20
17
8
2
-5
1
32
18
-7
32
9
-42
32
38
-26
34
31
3
15
-3
1
-16
7
-2
-4
55
-52
3
23
-123
40
-50
-146
73
-70
-106
81
-47
-79
54
13
42
124
173
216
54
4
88
18
-8
-9
86
65
-73
106
39
-224
-32
110
-64
-82
-40
-53
8
-137
-154
11
-164
-109
-34
-84
44
-92
33
-90
-219
-32
-177
56
24
-48
33
-36
-177
-341
18
-169
-63
566
608
585
51
-270
6
223
439
275
299
354
48
192
-89
-450
90
187
-125
-38
14
-102
-185
-203
-292
-28
271
-148
-85
-64
-295
-19
-251
-65
-94
-255
359
2
192
58
-658
116
-493
-800
102
-168
-283
-465
-525
-617
-524
-16
60
592
960
1017
576
24
286
381
493
335
623
772
-265
2
-246
-811
93
-142
-47
220
-562
-610
-727
-926
-568
-447
-448
-598
-797
-598
-772
-682
-177
-160
188
-39
-533
206
180
-663
-495
-87
618
1377
996
960
1462
1355
1385
1830
1686
1350
1377
1132
1189
924
549
570
-118
-161
-154
-437
-415
-1108
-948
-616
-960
-953
-1251
-1032
-936
-1161
-631
-666
-594
-176
-299
-59
342
208
304
784
220
67
940
570
356
329
145
514
284
341
544
786
788
102
478
477
-209
-55
-205
-745
-922
-709
-627
-975
-1377
-1533
-1464
-1446
-1119
-946
-831
-530
-752
-432
-259
-676
-487
-165
224
489
501
735
683
357
462
540
689
530
333
914
915
562
211
282
362
47
445
306
338
637
170
-12
-17
-86
-81
239
322
-28
-189
-85
-254
-677
-267
14
-253
-182
-272
-19
210
-398
13
522
19
155
338
544
289
-66
401
206
478
373
-75
519
-37
-367
-72
38
490
-169
-299
230
-232
86
119
-497
-66
314
330
-3
-37
-39
-528
-281
-125
58
242
240
129
-300
-400
-541
-9
32
-500
73
464
291
-17
-422
-584
-91
57
173
308
-153
-32
-246
-307
-136
-636
-99
490
-109
-145
97
-149
-309
-522
202
564
130
501
53
-198
-192
-764
130
680
59
55
164
105
-138
-514
-262
68
-104
234
381
-128
-66
-243
-35
427
-309
-27
604
31
-240
-129
36
-146
-272
-44
166
316
-357
-460
66
-144
-353
-170
416
175
-236
117
45
-144
-203
21
345
26
-80
375
261
-33
-176
100
830
479
192
224
-113
307
440
211
106
-144
78
191
-67
-733
-948
71
303
-249
-147
-2
-348
-433
-176
-288
-159
-187
-81
864
501
-168
256
216
-206
-233
571
766
-22
28
238
-47
-5
178
36
398
426
-281
367
498
-419
-33
178
-150
-237
-219
38
-213
-468
-385
-345
-145
-227
-226
37
-103
-546
-395
47
-227
114
446
58
74
-264
-212
13
-117
126
251
411
90
-399
-144
69
-11
-1
60
7
-79
-40
-83
-235
19
185
48
60
-82
-280
-115
103
-262
-327
34
-271
-86
278
-109
-274
-340
-4
149
-261
-106
-225
-61
483
-28
-325
-157
-29
189
110
-9
7
166
113
0
44
-68
-133
-71
424
448
97
415
107
149
565
-38
171
463
37
96
334
173
-248
-206
-84
115
49
-104
108
-133
-115
-170
-71
202
-197
-203
56
87
-28
38
51
-281
-267
33
274
118
-197
0
148
-10
32
174
207
-51
-79
286
169
-34
-202
-398
134
355
26
227
78
-383
-195
-75
-165
-244
-128
185
-24
-130
-107
-330
-186
-204
-97
381
273
-19
0
-50
-150
-64
256
535
307
36
234
344
108
-139
-12
479
554
56
-44
3
-307
-149
269
232
99
94
99
64
-215
-275
47
157
134
80
260
278
-230
-418
-225
1
-15
50
200
-72
-168
-258
-349
-123
-127
-53
140
160
-108
-338
-312
-471
-170
127
77
115
-235
-408
-312
-209
-170
-126
-13
-209
-101
5
-267
-349
-331
20
237
88
250
-7
-393
-121
-12
-3
108
55
-58
-203
-422
-514
-287
-261
-348
-250
-14
-27
-385
-396
-432
-227
82
152
420
92
-186
-92
-146
-34
29
230
361
327
209
-25
31
-81
122
558
516
728
497
123
317
256
325
512
568
574
385
335
130
-160
80
401
494
494
413
309
102
-243
-303
216
497
391
468
280
97
134
-93
78
315
406
641
366
184
47
-92
92
139
230
264
304
66
-170
-88
-267
-301
-288
-171
-76
-336
-298
-295
-310
-213
-346
-149
15
-231
-272
-155
-260
-494
-317
-140
-172
-109
-393
-415
-327
-520
-511
-515
-400
-491
-482
-369
-669
-899
-942
-832
-896
-834
-743
-824
-696
-901
-926
-831
-913
-611
-464
-259
-245
-583
-482
-336
-288
-311
-119
20
-101
-146
-220
16
-72
-147
202
251
274
244
217
299
439
473
489
795
845
675
750
914
820
789
1222
1308
1207
1398
1387
1462
1565
1494
1499
1694
1874
1781
1959
1904
1503
1658
1738
1754
1738
1552
1511
1300
1136
979
1032
995
763
850
792
719
313
-26
88
12
29
-56
-251
-449
-623
-628
-699
-724
-921
-982
-706
-729
-891
-1158
-1402
-1592
-1931
-1844
-1857
-2182
-2438
-3048
-3639
-4077
-4512
-4764
-4753
-4849
-5470
-5626
-5495
-5708
-5725
-5670
-5433
-4919
-4230
-3624
-3297
-2768
-2167
-1614
-783
-14
580
1352
1915
2331
3028
3610
4102
4611
4870
4998
5137
5178
5194
5189
5057
4834
4559
4318
4015
3598
3156
2828
2573
2300
2034
1765
1699
1407
1167
1364
1476
1644
1594
1578
1790
1889
2248
2495
2502
2652
2756
2805
3092
3134
2874
2936
2750
2588
2869
2768
2571
2162
1653
1533
1218
918
536
139
27
-268
-736
-1223
-1771
-2462
-2799
-2943
-3469
-3992
-4842
-6130
-7224
-8407
-9274
-9317
-9148
-8835
-9104
-9949
-10838
-11556
-11038
-10061
-8885
-7533
-6572
-5742
-5359
-4612
-3591
-2543
-823
775
2280
3494
4094
4510
4736
5321
6156
6978
7447
7390
7024
6247
5818
5524
5280
5144
4719
4044
2943
2152
1444
672
200
-70
67
15
-332
-647
-921
-1051
-918
-332
578
1382
1441
1562
2308
2586
2961
3609
4338
5140
5511
5723
5541
5501
5383
5288
5719
5581
5274
4819
4269
3719
2857
2268
1748
1527
1285
736
252
-635
-1488
-2247
-2730
-2579
-2608
-2548
-3016
-3916
-4288
-5020
-5369
-5530
-5915
-5890
-6267
-6894
-7990
-8706
-8759
-8643
-7641
-7345
-7437
-7601
-8219
-7859
-7156
-5972
-4843
-4141
-3120
-2752
-2095
-1521
-1107
25
937
2497
3625
3893
4244
3899
3927
4377
4972
5608
5654
5461
4725
4136
3692
3331
3533
3572
3457
2700
2076
1445
633
656
387
596
952
778
801
363
68
157
659
1607
2387
2939
3153
3392
3429
3477
4050
4559
5199
5584
5630
5592
5125
4636
4389
4414
4279
4164
3999
3358
2613
1659
1115
837
441
263
-212
-511
-1087
-2079
-2395
-2793
-3169
-3312
-3594
-3827
-4324
-4877
-5544
-6090
-6695
-7616
-7963
-8443
-8786
-8718
-8715
-8397
-8679
-9082
-9211
-9007
-8236
-7479
-6354
-5743
-5355
-4695
-4125
-2875
-2077
-1202
166
872
1905
2731
3412
4244
4567
5105
5553
5886
6158
6096
5890
5754
5558
5211
4990
4475
3937
3360
2933
2996
2533
1657
823
148
-67
51
161
100
-9
-135
82
440
537
1063
1578
1974
2820
3350
3805
4111
4054
4475
4940
5233
5427
5386
5377
5166
4896
4678
4464
4275
3678
3027
2486
1967
1513
869
428
7
-599
-1274
-1730
-1884
-2458
-2763
-3054
-3640
-3618
-4022
-4498
-4772
-5277
-5301
-5625
-5871
-6242
-6853
-7025
-7596
-7561
-7264
-7028
-6800
-7210
-7192
-7188
-7025
-6439
-5701
-4821
-4503
-3976
-3410
-2913
-2030
-1604
-848
229
995
1893
2484
2929
3369
3608
3992
4670
5158
5205
5155
4927
4619
4534
4512
4210
3882
3507
3022
2656
2122
1793
1651
1452
1394
1339
1318
972
802
1056
1111
1561
1847
1974
2351
2372
2517
2670
3005
3279
3309
3604
3553
3417
3281
3079
3000
2861
2787
2640
2430
2171
1800
1463
1225
886
471
315
88
-323
-698
-1110
-1371
-1630
-1911
-2233
-2557
-2798
-3088
-3012
-3068
-3310
-3320
-3356
-3280
-3358
-3322
-3065
-2991
-2802
-2587
-2463
-2379
-2360
-2345
-2260
-2124
-2176
-2150
-2136
-2191
-2156
-2262
-2255
-2413
-2569
-2526
-2656
-2600
-2593
-2599
-2522
-2528
-2297
-2097
-2011
-1829
-1571
-1272
-972
-690
-475
-59
324
614
1001
1196
1483
1609
1653
1880
2010
2359
2532
2634
2859
2787
2818
2844
2815
2916
2927
3052
3118
3024
2884
2614
2615
2633
2619
2706
2544
2531
2408
2146
2114
1980
2028
2050
1939
2015
1801
1397
1137
968
973
947
808
732
551
253
73
-108
-132
-138
-334
-312
-410
-534
-579
-696
-652
-742
-640
-573
-729
-786
-888
-833
-820
-820
-693
-663
-731
-743
-738
-856
-846
-846
-917
-791
-764
-844
-941
-1170
-1439
-1637
-1778
-2049
-2190
-2182
-2254
-2596
-3008
-3203
-3602
-3655
-3490
-3518
-3416
-3515
-3463
-3255
-3068
-2815
-2664
-2371
-1946
-1534
-962
-385
-33
397
793
1091
1512
1756
1745
1867
2128
2365
2678
2659
2593
2637
2255
2255
2519
2427
2377
2264
2211
2071
1880
1914
1705
1644
1731
1609
1462
1376
1335
1093
940
942
918
748
713
794
584
472
222
71
122
108
234
156
30
-119
-259
-264
-302
-211
-54
13
13
54
105
103
129
279
508
583
647
781
864
905
733
737
941
1017
1082
900
788
666
371
494
482
212
-13
-216
-147
-250
-433
-589
-914
-1019
-1182
-1400
-1464
-1612
-1812
-1896
-2006
-2304
-2448
-2390
-2488
-2679
-2682
-2715
-2798
-2632
-2445
-2533
-2552
-2213
-2058
-1887
-1646
-1625
-1309
-976
-787
-581
-199
160
20
118
352
320
705
855
602
966
1006
675
905
882
737
867
948
1010
1199
1250
1092
1309
1304
997
1250
1409
1126
1235
1404
1022
1001
1257
1019
875
962
742
734
883
517
343
445
569
673
645
553
371
555
557
472
810
909
1047
1293
1206
1012
1092
1190
1280
1553
1531
1357
1309
1198
1041
937
887
905
1028
1117
1002
729
369
-6
-84
70
62
-61
-279
-584
-694
-784
-999
-1010
-845
-738
-683
-808
-1137
-1310
-1431
-1587
-1629
-1682
-1792
-1905
-2150
-2695
-2890
-2945
-3237
-3221
-3242
-3457
-3711
-3528
-3308
-3544
-3345
-3038
-2934
-2710
-2257
-1797
-1694
-1420
-876
-501
-50
412
638
1053
1259
1331
1698
1786
1882
2135
2201
2198
2094
1910
2114
2068
1638
1961
1877
1464
1711
1555
1287
1248
1070
1061
1256
1141
819
865
784
616
858
980
957
1085
1250
1073
1007
1343
1349
1281
1325
1603
1832
1630
1602
1534
1418
1271
1015
1086
1109
858
699
562
301
157
88
-133
-395
-336
-82
-258
-564
-569
-649
-773
-772
-742
-638
-609
-719
-622
-684
-1067
-787
-503
-726
-328
-221
-544
-261
-356
-660
-510
-352
-412
-551
-499
-858
-1234
-1175
-1543
-1775
-1728
-1799
-1816
-2112
-2235
-2470
-3016
-2955
-2663
-2590
-2512
-2424
-2392
-2125
-2211
-2206
-1554
-1460
-1134
-470
-403
-539
16
439
89
715
1212
1114
1335
1332
1644
1739
1528
1825
2143
2011
1815
2054
1981
1519
1749
2119
1823
1718
2052
1738
1199
1166
1036
1051
1105
940
846
490
254
245
168
211
179
149
49
-118
-187
-245
-196
-186
-236
-242
-24
167
167
88
-86
182
496
547
582
614
803
675
435
722
988
833
702
765
903
648
373
450
245
205
274
411
382
-68
44
27
-308
-190
170
132
-22
151
-145
-223
142
2
-206
-124
-304
-450
-345
-855
-1391
-1223
-1278
-1889
-1938
-2067
-2624
-2550
-2862
-3431
-3289
-2803
-3100
-3246
-2814
-3321
-2912
-2395
-2539
-1887
-1695
-1271
-876
-908
-256
53
391
956
1071
1351
1711
1790
1817
2006
1964
2055
2063
1990
2289
1842
1609
1815
1462
976
935
1322
1018
555
573
568
268
-6
28
-183
-410
-248
-20
-170
-322
-162
-61
-173
-99
127
153
315
379
533
566
549
986
938
993
1191
1200
1473
1397
1491
1759
1801
1948
1956
1854
1584
1793
1898
1611
1802
1684
1693
1407
1107
1194
927
1095
759
514
684
305
120
154
135
-192
-161
9
-288
-450
-522
-470
-569
-882
-922
-950
-1200
-1696
-1943
-2040
-2502
-2503
-2419
-3017
-3329
-3359
-3918
-4291
-4000
-3820
-3876
-3913
-3912
-4016
-4085
-3705
-3222
-3057
-2904
-2434
-2046
-1919
-1646
-1089
-344
-441
-405
883
854
592
1549
1521
1475
2001
2195
2303
2393
2492
2316
2345
2395
2211
2640
2408
1931
2356
1865
1402
1793
1786
1649
1108
720
992
880
364
434
908
657
364
526
422
136
203
578
743
762
861
1025
1007
796
1019
1615
1834
1802
2003
1815
1689
2345
2417
2069
2139
2427
2575
2154
2252
2036
1429
1735
1598
1268
1229
1126
716
231
30
-318
-73
-33
-776
-1006
-986
-1203
-1599
-1730
-1702
-2030
-2202
-2301
-2641
-2907
-3007
-3336
-4009
-4114
-3931
-4048
-3869
-3958
-4677
-5169
-5256
-5029
-4419
-3936
-3854
-3928
-4133
-4135
-3716
-2996
-2194
-1678
-1340
-1233
-922
-406
-94
599
1104
1451
2056
2336
2456
2590
2516
2474
3054
3469
3395
3637
3468
2920
3043
3209
3027
3151
3043
2498
2170
2021
2028
1936
1623
1556
1323
746
668
719
207
35
452
413
136
406
342
-287
-237
301
583
856
1027
764
449
546
997
1243
1317
1583
1530
1333
1289
1412
1774
1682
1770
2030
1336
819
969
1131
1011
649
452
155
-50
-461
-1034
-928
-774
-843
-1062
-1238
-1483
-1958
-1906
-1826
-1632
-1134
-1418
-1843
-1968
-2279
-2376
-2139
-2210
-2768
-2846
-2729
-3110
-2954
-2682
-3399
-4135
-4267
-4004
-3348
-3071
-3388
-3634
-3719
-3457
-2962
-2480
-1703
-1159
-1514
-1721
-947
47
684
1155
1472
1592
1816
2202
2632
3040
3345
3599
3631
3527
3587
3693
3567
3597
3909
3661
3284
3255
2907
2322
2038
2131
2048
1647
1154
427
-43
-62
-162
-435
-618
-680
-1087
-1536
-1451
-1371
-1282
-1003
-958
-918
-905
-1024
-750
-246
104
535
947
952
737
867
1292
1579
2054
2573
2551
2250
1999
2096
2212
2238
2461
2420
2365
2157
1437
1013
1092
1203
971
641
425
138
-86
-334
-392
-508
-921
-1028
-1218
-1509
-1690
-2190
-2661
-2726
-2996
-3728
-3891
-3620
-3728
-4077
-4958
-5887
-5880
-5144
-4278
-4074
-4631
-5132
-5134
-4663
-3847
-2848
-2109
-1807
-1882
-2044
-1424
-254
698
1348
1614
1755
2012
2340
2703
3257
3941
4121
4022
3879
3559
3487
3406
3485
3833
3618
2999
2300
1668
1285
1255
1405
1281
740
-158
-770
-879
-779
-762
-1017
-1133
-1281
-1558
-1745
-1758
-1188
-783
-906
-680
-556
-531
-62
294
743
1217
1419
1784
2170
2286
2294
2553
2942
3372
3846
3828
3471
3333
3426
3539
3586
3548
3385
3110
2749
2487
2216
1868
1800
1739
1281
786
404
-131
-654
-993
-1253
-1259
-1693
-2772
-3502
-4063
-4748
-5200
-5025
-4460
-4576
-5667
-7012
-7746
-7460
-6227
-5166
-5243
-5799
-6231
-6254
-5405
-4140
-3238
-2598
-2271
-2337
-2294
-1628
-260
958
1346
1474
1853
2107
2273
2706
3325
4096
4366
3874
3497
3446
3527
3569
3570
3584
3214
2631
2073
1790
1958
1889
1537
1192
678
93
-195
-143
166
276
-305
-669
-549
-605
-604
-411
121
590
412
394
709
809
1079
1709
2205
2452
2553
2414
2487
2881
3101
3256
3436
3473
3380
3151
2942
3033
3103
2893
2717
2559
2170
1747
1534
1289
1056
829
561
213
-418
-799
-958
-1320
-1763
-2329
-2756
-3125
-3871
-4756
-5208
-5242
-5325
-5371
-5846
-7024
-7915
-7929
-7003
-6177
-6321
-6951
-7389
-7035
-6174
-5357
-4683
-3826
-3129
-3422
-3426
-2157
-664
272
638
1112
1746
2037
2330
2982
3851
4485
4512
4105
4023
4203
4199
4366
4627
4687
4231
3414
2909
3004
3208
2941
2755
2548
1809
1088
844
1210
1728
1472
684
262
224
403
645
683
726
722
488
441
725
1096
1417
1520
1490
1615
1729
1936
2488
2776
2660
2442
2232
2407
2812
2999
2698
2201
2134
2123
1960
1830
1684
1502
1121
811
462
2
-215
-582
-974
-1083
-1237
-1908
-2928
-3401
-3647
-4071
-4537
-5150
-5380
-5379
-5569
-6008
-6909
-7628
-7366
-6526
-6308
-6533
-6775
-7100
-6620
-5648
-5005
-4380
-3693
-3194
-3047
-2845
-1926
-379
825
1233
1523
1869
2268
2869
3508
4559
5468
5349
4790
4425
4732
5294
5401
5463
5457
4815
3656
3088
3335
3556
3221
2393
1808
1355
647
222
596
1003
602
-355
-988
-574
-121
-140
-81
145
374
205
173
621
1178
1537
1605
1685
1689
1787
2116
2578
3043
2665
1855
1816
2286
2644
2627
2322
1823
1258
1066
1265
1339
1136
846
382
-16
-319
-547
-511
-874
-1444
-1542
-1670
-2134
-2910
-3480
-3450
-3663
-4611
-5653
-5840
-5252
-5066
-5770
-6793
-7478
-7509
-6876
-6092
-5878
-6363
-6753
-6263
-5286
-4617
-4155
-3363
-2386
-1904
-2014
-1510
21
1309
1792
2075
2621
3205
3450
3578
4465
5729
5881
5127
4628
4929
5331
5091
5034
5295
5013
3980
3082
3135
3312
2976
2540
2270
1935
1080
301
432
1091
1174
216
-534
-357
-97
-261
-478
-182
71
-114
-270
-236
83
395
706
937
956
1001
1020
1356
1836
1962
1740
1647
2064
2267
2159
2023
1844
1749
1589
1535
1274
908
987
937
609
119
-105
-34
-418
-806
-957
-964
-1126
-1833
-2327
-2373
-2328
-2832
-3844
-4351
-4476
-4438
-4481
-4542
-4668
-5779
-7010
-6914
-5549
-4513
-5087
-6106
-6130
-5277
-4481
-4155
-3546
-2430
-1873
-2060
-1836
-811
506
1406
1962
2640
2779
2714
3187
4119
5197
5542
5265
4789
4527
4719
4998
5379
5365
4816
3849
3013
3244
3390
2975
2636
2125
1505
779
352
328
409
590
281
-608
-1444
-1513
-976
-694
-742
-913
-1074
-1341
-1501
-1187
-629
-1
157
-108
-311
-267
235
750
1385
1782
1326
902
1152
1977
2323
2040
2128
2194
1933
1506
1491
2054
2210
1905
1276
782
733
568
396
205
-3
-455
-1201
-1634
-1914
-2211
-2466
-2904
-3574
-4365
-4838
-4776
-4685
-4775
-5329
-6214
-6619
-6305
-5502
-5242
-5700
-5952
-5547
-4743
-4413
-4274
-3526
-2367
-1790
-1957
-1542
-339
847
1450
1714
2462
3106
3226
3483
4281
5319
5629
5260
5002
5260
5471
5410
5654
5601
4981
4182
3775
3980
3827
3047
2369
2235
2002
1173
311
209
657
426
-537
-1185
-1225
-1140
-1195
-1226
-1101
-1124
-1538
-1796
-1465
-900
-445
-296
-432
-524
-339
51
542
1090
1356
1244
913
887
1464
1993
2247
2173
1931
1754
1600
1734
2026
2196
2085
1607
1127
1011
1081
995
840
599
166
-332
-870
-1231
-1461
-1733
-2114
-2839
-3775
-4472
-4561
-4429
-4411
-4884
-5892
-6578
-6806
-6235
-5539
-5708
-6049
-6141
-5747
-5243
-5061
-4524
-3280
-2244
-2264
-2393
-1683
-336
834
1303
1819
2381
2636
2878
3518
4651
5205
5044
4651
4585
5121
5379
5471
5571
5282
4561
3952
4005
4178
3753
3014
2673
2415
1649
665
319
673
762
-19
-1018
-1323
-1220
-1193
-1508
-1677
-1534
-1619
-1713
-1904
-1813
-1349
-1061
-738
-604
-535
-359
-49
594
1017
1103
899
1064
1760
2093
2259
2142
2078
2138
2097
2330
2346
2474
2468
2079
1775
1437
1510
1538
1271
1136
801
332
-295
-762
-707
-731
-1101
-1907
-2932
-3609
-3868
-3857
-3847
-4031
-4620
-5735
-6795
-6881
-5961
-5058
-5210
-6157
-6563
-6122
-5543
-5052
-4327
-3305
-2694
-2971
-3140
-2130
-534
463
781
1176
1797
2156
2395
3107
4163
4764
4589
4210
4218
4559
4930
5173
5241
5007
4461
4005
3906
3952
3822
3476
3131
2679
2016
1618
1565
1530
1437
987
219
-197
-153
10
0
-417
-849
-929
-1009
-1043
-782
-627
-792
-1056
-1138
-778
-370
-374
-274
40
130
72
113
551
1253
1498
1167
1058
1346
1636
1800
1998
2179
1905
1576
1376
1454
1657
1524
1354
981
680
252
-148
-182
-412
-550
-995
-1685
-2298
-2853
-2945
-3346
-3899
-4196
-4312
-4367
-5358
-6397
-6366
-5493
-4896
-5573
-6143
-6028
-5635
-5236
-5019
-4305
-3606
-3336
-3080
-2571
-1821
-1200
-410
294
886
1277
1302
2078
2985
3509
3730
3891
4196
4086
4324
4820
5114
4767
4305
4508
4611
4446
3920
3799
3879
3434
2834
2360
2496
2360
1730
1326
1109
834
184
19
458
314
-451
-1098
-881
-431
-462
-649
-882
-871
-930
-1005
-579
-115
37
-85
-148
83
240
340
833
1364
1342
1074
989
1329
1777
1909
2013
1929
1714
1520
1440
1565
1454
1376
1207
837
422
-102
-224
-310
-513
-837
-1523
-2035
-2639
-3254
-3511
-3776
-4029
-4267
-4488
-5092
-5993
-6259
-5927
-5266
-5118
-5712
-6038
-5952
-5274
-4638
-4354
-3775
-3252
-2854
-2612
-2036
-1133
-358
422
877
1393
1840
2238
2926
3347
3955
4390
4347
4284
4268
4829
5152
5043
4908
4606
4530
4297
4169
4075
3758
3437
2917
2591
2345
1987
1537
1189
1055
711
118
-252
-158
-244
-714
-1096
-1079
-778
-899
-1343
-1320
-1046
-966
-903
-808
-440
-112
-280
-204
256
543
659
799
1150
1580
1478
1276
1605
1998
2149
1893
1703
1764
1748
1708
1534
1467
1229
790
464
246
295
-92
-594
-822
-1312
-1580
-1854
-2311
-2695
-3143
-3436
-3861
-4351
-4624
-4637
-4618
-5199
-5875
-6005
-5536
-5093
-5271
-5389
-5219
-4909
-4486
-4151
-3638
-2903
-2378
-2207
-1802
-1095
-291
508
877
1427
1982
2236
2877
3368
3802
4274
4385
4543
4645
4808
5056
5151
4991
4629
4613
4422
4039
3798
3487
3379
3005
2338
1859
1521
1272
1079
838
343
-327
-808
-738
-457
-606
-1240
-1746
-1640
-1346
-1380
-1470
-1300
-1280
-1224
-994
-720
-394
-353
-92
415
581
409
545
1179
1604
1664
1407
1443
1876
1997
1955
1889
1917
1872
1629
1562
1565
1379
1018
732
545
407
310
-107
-533
-802
-1199
-1349
-1554
-2063
-2459
-2718
-2966
-3509
-3971
-3888
-3734
-3987
-4699
-5166
-5023
-4693
-4484
-4503
-4517
-4499
-4413
-3969
-3310
-2854
-2679
-2289
-1607
-1097
-827
-440
413
1200
1522
1643
2046
2781
3093
3224
3621
4133
4244
3871
3940
4392
4605
4239
3792
3817
3707
3278
2859
2799
2678
1978
1413
1314
1325
860
86
-162
-242
-455
-777
-971
-897
-1074
-1553
-1808
-1440
-1237
-1340
-1243
-1167
-1081
-1147
-1090
-546
-37
93
149
314
508
827
1164
1519
1777
1734
1711
1931
2147
2223
2228
2271
2346
2152
1924
1869
1758
1607
1483
1320
1008
664
223
-1
-150
-639
-970
-1351
-1716
-2155
-2837
-3114
-3366
-3718
-3992
-4229
-4385
-4872
-5395
-5567
-5179
-4694
-4908
-5140
-5133
-4738
-4076
-3760
-3360
-2900
-2461
-2010
-1601
-965
-249
267
667
1206
1733
2052
2344
2836
3335
3574
3711
3806
3847
3977
4157
4182
4058
3793
3444
3321
3331
3076
2659
2327
2037
1734
1378
1010
726
373
-50
-242
-303
-532
-826
-1020
-1116
-1150
-1205
-1256
-1199
-1060
-911
-758
-601
-459
-338
-106
296
681
941
1148
1326
1484
1663
1929
2261
2442
2460
2529
2585
2545
2568
2607
2548
2463
2288
2058
1931
1722
1434
1280
1081
716
310
-115
-398
-633
-1089
-1511
-1773
-2151
-2587
-2970
-3414
-3907
-4281
-4341
-4259
-4536
-5134
-5527
-5538
-5317
-5078
-4960
-4907
-4898
-4838
-4454
-3849
-3350
-2979
-2568
-2035
-1519
-1111
-568
159
804
1254
1576
1930
2349
2702
3056
3477
3701
3631
3565
3729
3981
3938
3584
3408
3445
3233
2761
2441
2391
2246
1752
1303
1147
935
488
63
-28
60
-201
-738
-986
-891
-804
-896
-1007
-936
-818
-786
-660
-420
-246
-129
58
361
654
801
1020
1421
1672
1660
1674
1938
2366
2591
2535
2439
2350
2307
2388
2479
2424
2151
1773
1510
1334
1197
1108
862
407
-30
-346
-578
-852
-1226
-1538
-1770
-2140
-2641
-3102
-3402
-3597
-3905
-4243
-4339
-4405
-4719
-5111
-5307
-5199
-4933
-4787
-4762
-4720
-4614
-4281
-3763
-3351
-3023
-2593
-2040
-1459
-1049
-697
-118
575
1146
1540
1867
2295
2720
3060
3415
3713
3902
4004
4005
4043
4105
4040
3915
3764
3549
3337
3066
2698
2389
2141
1839
1510
1197
898
601
272
-2
-151
-246
-419
-674
-813
-782
-812
-906
-838
-652
-535
-591
-572
-234
157
290
320
557
906
1187
1294
1379
1615
1803
1926
1958
2065
2180
2077
1920
1830
1905
1913
1735
1473
1156
928
750
622
452
137
-211
-600
-891
-1131
-1399
-1675
-1992
-2245
-2577
-2945
-3270
-3574
-3818
-4060
-4182
-4337
-4556
-4804
-5018
-5041
-4916
-4647
-4480
-4443
-4427
-4250
-3760
-3204
-2737
-2396
-1986
-1416
-887
-423
22
620
1310
1822
2148
2395
2750
3188
3553
3822
3939
4008
4062
4063
4054
3986
3864
3650
3392
3201
2934
2540
2203
1988
1790
1348
899
676
477
190
-242
-387
-383
-584
-914
-1157
-947
-844
-997
-1093
-960
-671
-652
-537
-276
-77
53
210
565
797
941
1182
1427
1553
1472
1553
1859
2062
1991
1805
1814
1814
1710
1602
1558
1452
1127
856
689
553
330
99
-62
-400
-829
-1096
-1184
-1438
-1863
-2169
-2306
-2564
-3025
-3375
-3525
-3572
-3816
-4117
-4239
-4324
-4508
-4706
-4507
-4137
-4033
-4119
-4021
-3572
-3108
-2725
-2319
-1845
-1354
-900
-432
87
648
1154
1596
2036
2447
2764
3069
3477
3832
3928
3899
3960
4094
4115
3966
3829
3698
3369
3015
2824
2640
2327
1889
1438
1082
783
566
340
-29
-418
-709
-824
-814
-999
-1317
-1371
-1219
-1165
-1229
-1201
-1028
-907
-827
-564
-287
-188
-57
234
524
709
850
1077
1340
1440
1446
1591
1805
1879
1833
1851
1917
1817
1617
1574
1611
1459
1154
949
810
566
334
191
-53
-458
-853
-1080
-1229
-1551
-1981
-2265
-2490
-2873
-3305
-3513
-3514
-3659
-4061
-4338
-4327
-4324
-4457
-4494
-4245
-3932
-3904
-3913
-3591
-3079
-2573
-2167
-1846
-1400
-901
-465
92
712
1196
1557
1847
2212
2695
3092
3399
3650
3711
3706
3803
3905
3968
3935
3753
3510
3174
2829
2653
2497
2205
1812
1310
874
609
348
141
-53
-454
-933
-1124
-1039
-1035
-1219
-1429
-1390
-1275
-1283
-1214
-1064
-877
-761
-661
-377
-147
-25
231
574
781
821
946
1296
1620
1691
1686
1779
1861
1896
1954
2035
2066
1917
1709
1662
1628
1443
1255
1102
858
520
231
80
-112
-504
-914
-1213
-1445
-1731
-2089
-2402
-2723
-3056
-3301
-3458
-3630
-3947
-4175
-4135
-4092
-4230
-4394
-4234
-3820
-3562
-3494
-3325
-2893
-2392
-2015
-1659
-1130
-564
-163
208
680
1260
1722
1996
2312
2692
3064
3306
3376
3444
3564
3657
3669
3599
3406
3240
3137
2867
2519
2195
1970
1752
1369
992
622
217
-79
-209
-366
-680
-1033
-1297
-1300
-1266
-1349
-1337
-1321
-1342
-1350
-1275
-991
-679
-562
-523
-310
-38
146
394
697
943
1024
1104
1339
1564
1741
1850
1895
1915
1878
1847
1901
1973
1928
1752
1544
1373
1332
1287
1050
728
438
245
68
-274
-624
-857
-1103
-1473
-1923
-2258
-2470
-2717
-3000
-3256
-3531
-3865
-4100
-4052
-3898
-4038
-4395
-4465
-4106
-3638
-3461
-3511
-3231
-2615
-2230
-2093
-1645
-832
-242
-105
136
842
1467
1759
2061
2502
2925
3054
3092
3387
3682
3654
3458
3454
3547
3332
2940
2773
2753
2431
1875
1548
1441
1207
700
263
119
-38
-347
-662
-856
-881
-939
-1191
-1363
-1233
-1065
-1002
-1000
-975
-802
-643
-502
-211
75
249
340
448
731
1087
1263
1359
1535
1699
1777
1774
1893
2131
2148
1994
1854
1767
1780
1785
1686
1490
1284
1060
803
567
395
288
38
-383
-779
-1072
-1258
-1472
-1860
-2265
-2512
-2739
-3036
-3322
-3561
-3744
-3824
-3809
-3864
-4064
-4217
-4126
-3835
-3527
-3355
-3305
-3132
-2704
-2211
-1835
-1462
-956
-498
-216
152
737
1266
1578
1795
2182
2622
2758
2825
3081
3351
3410
3209
3099
3196
3143
2894
2668
2535
2282
1885
1588
1501
1329
816
362
235
203
6
-364
-592
-646
-697
-817
-902
-855
-802
-796
-742
-631
-516
-384
-211
-51
66
208
412
574
670
813
1041
1255
1267
1242
1388
1537
1618
1638
1655
1626
1509
1396
1402
1446
1267
1033
883
695
414
141
54
-36
-392
-878
-1194
-1402
-1663
-1959
-2223
-2415
-2678
-3016
-3304
-3515
-3631
-3678
-3635
-3683
-3923
-4064
-3971
-3688
-3383
-3161
-2986
-2849
-2611
-2226
-1723
-1212
-803
-445
-112
252
674
1180
1672
1988
2234
2532
2772
2904
3067
3262
3384
3380
3263
3150
3089
3010
2895
2708
2418
2105
1826
1622
1446
1142
799
587
437
225
-43
-240
-275
-308
-425
-518
-572
-527
-425
-373
-341
-299
-215
-68
144
252
221
258
437
687
813
835
907
977
1014
1104
1209
1233
1221
1244
1229
1093
963
1000
1098
1030
747
437
298
235
43
-223
-392
-586
-979
-1397
-1638
-1768
-1978
-2263
-2560
-2881
-3159
-3360
-3438
-3504
-3598
-3651
-3677
-3675
-3734
-3686
-3386
-2991
-2679
-2640
-2619
-2256
-1706
-1198
-831
-548
-279
77
532
935
1321
1708
2041
2267
2391
2579
2805
2996
3130
3120
3039
2955
2874
2826
2759
2597
2291
1993
1857
1726
1455
1167
951
705
420
281
271
144
-138
-331
-333
-286
-324
-378
-335
-232
-202
-221
-152
5
151
270
392
472
504
581
755
925
987
1009
1056
1106
1082
1039
1049
1060
1037
934
817
654
499
469
449
302
-26
-304
-437
-614
-859
-1158
-1418
-1640
-1908
-2151
-2347
-2537
-2803
-3090
-3182
-3154
-3210
-3375
-3499
-3449
-3286
-3145
-3041
-2874
-2638
-2424
-2206
-1871
-1474
-1145
-832
-435
-34
246
487
864
1337
1690
1843
1956
2165
2416
2590
2694
2788
2813
2721
2624
2635
2638
2466
2203
2048
1956
1747
1449
1235
1140
1027
810
579
390
244
177
189
184
66
-119
-141
23
127
98
71
99
153
220
290
349
396
430
460
475
455
428
472
566
586
494
388
352
363
373
356
286
157
34
-23
-57
-156
-298
-397
-484
-636
-808
-955
-1101
-1219
-1328
-1501
-1698
-1859
-1992
-2104
-2234
-2344
-2356
-2393
-2526
-2593
-2510
-2360
-2292
-2310
-2196
-1940
-1749
-1616
-1404
-1122
-872
-665
-387
-75
129
287
564
902
1124
1236
1388
1568
1689
1787
1905
1987
1978
1945
1971
1985
1867
1711
1670
1668
1517
1263
1127
1067
927
735
583
520
458
358
276
202
170
132
113
172
206
221
205
237
345
416
475
531
643
704
661
666
749
859
900
906
893
808
709
690
757
764
614
415
275
150
-12
-117
-148
-256
-533
-813
-974
-1128
-1317
-1455
-1510
-1644
-1939
-2173
-2256
-2279
-2315
-2336
-2331
-2432
-2554
-2518
-2330
-2141
-2047
-1963
-1827
-1669
-1502
-1266
-949
-662
-465
-261
-28
188
461
782
1021
1143
1219
1359
1555
1685
1724
1728
1715
1683
1629
1582
1531
1408
1231
1098
1007
871
701
591
498
327
158
97
73
5
-63
-71
-65
-93
-107
-11
192
340
334
337
518
785
942
1009
1122
1262
1358
1455
1572
1645
1664
1660
1653
1628
1550
1438
1346
1257
1088
807
530
365
199
-73
-378
-637
-893
-1202
-1516
-1743
-1917
-2135
-2396
-2610
-2753
-2893
-3038
-3108
-3099
-3077
-3074
-3040
-2926
-2770
-2592
-2378
-2151
-1886
-1591
-1312
-1025
-704
-400
-114
174
457
732
996
1204
1352
1516
1684
1767
1804
1875
1945
1930
1822
1717
1693
1652
1498
1308
1157
993
818
702
608
423
187
41
0
-35
-119
-222
-259
-231
-234
-241
-158
-32
85
216
357
481
587
754
996
1184
1304
1436
1567
1683
1757
1802
1885
1943
1888
1768
1690
1649
1542
1337
1137
943
684
379
99
-157
-476
-851
-1175
-1461
-1805
-2148
-2392
-2595
-2834
-3085
-3276
-3349
-3378
-3476
-3551
-3477
-3337
-3238
-3112
-2875
-2592
-2360
-2100
-1718
-1306
-975
-691
-353
88
508
775
990
1302
1639
1875
1996
2075
2176
2283
2336
2313
2244
2146
2036
1948
1837
1637
1401
1212
1085
951
732
498
354
291
216
55
-111
-184
-189
-157
-148
-208
-217
-120
-7
59
103
219
409
559
653
734
852
1016
1124
1173
1242
1305
1310
1295
1280
1246
1166
1076
1005
868
637
435
311
180
-29
-309
-586
-816
-1057
-1304
-1497
-1658
-1860
-2120
-2352
-2451
-2481
-2571
-2677
-2704
-2700
-2733
-2732
-2610
-2449
-2359
-2267
-2080
-1851
-1640
-1407
-1122
-825
-582
-363
-65
297
577
732
867
1063
1275
1422
1504
1587
1670
1708
1723
1755
1778
1754
1713
1679
1630
1544
1448
1384
1344
1261
1122
1015
972
934
865
766
690
665
658
648
612
572
583
618
621
587
571
621
676
640
562
561
607
565
443
389
401
346
213
95
7
-133
-300
-403
-478
-623
-829
-1008
-1102
-1181
-1321
-1439
-1477
-1535
-1664
-1753
-1714
-1641
-1664
-1728
-1710
-1648
-1621
-1581
-1484
-1385
-1315
-1248
-1164
-1058
-947
-859
-751
-604
-505
-479
-423
-302
-212
-184
-128
-31
25
51
109
189
263
326
384
465
573
653
689
779
925
1040
1130
1238
1334
1410
1504
1621
1717
1752
1767
1814
1858
1866
1860
1873
1879
1825
1733
1668
1640
1594
1490
1356
1256
1172
1037
893
779
642
464
294
163
57
-98
-320
-502
-612
-716
-868
-1049
-1219
-1360
-1468
-1580
-1719
-1811
-1863
-1957
-2042
-2051
-2018
-2013
-2049
-2072
-2025
-1935
-1850
-1788
-1716
-1606
-1497
-1394
-1252
-1108
-989
-866
-736
-617
-521
-445
-339
-207
-127
-99
-60
-8
42
90
151
226
256
253
317
436
526
585
660
747
802
846
967
1127
1218
1269
1355
1451
1532
1608
1703
1807
1860
1873
1890
1911
1950
2000
1996
1936
1866
1815
1790
1755
1667
1559
1441
1287
1136
1037
960
826
596
339
138
-25
-192
-358
-535
-754
-1000
-1198
-1331
-1452
-1578
-1704
-1839
-1944
-2011
-2085
-2136
-2137
-2137
-2162
-2182
-2162
-2100
-2052
-2022
-1963
-1894
-1826
-1744
-1660
-1572
-1492
-1417
-1307
-1189
-1108
-1025
-913
-796
-680
-553
-409
-268
-143
8
197
365
506
677
859
989
1088
1228
1408
1546
1627
1714
1812
1871
1913
1984
2047
2035
1990
1990
2000
1949
1862
1816
1802
1743
1629
1536
1488
1426
1333
1249
1168
1057
938
853
774
654
508
374
260
148
10
-130
-258
-391
-526
-662
-807
-952
-1058
-1135
-1227
-1364
-1523
-1586
-1599
-1649
-1707
-1753
-1788
-1841
-1868
-1836
-1814
-1832
-1837
-1805
-1775
-1761
-1728
-1662
-1587
-1545
-1516
-1439
-1324
-1227
-1138
-1025
-888
-760
-655
-525
-362
-212
-65
90
225
363
533
713
882
1016
1132
1269
1429
1583
1700
1778
1851
1934
2003
2059
2108
2142
2150
2146
2153
2145
2109
2067
2027
1959
1857
1767
1697
1601
1468
1338
1220
1078
909
750
608
457
277
98
-57
-221
-411
-597
-740
-863
-1032
-1233
-1375
-1454
-1537
-1656
-1774
-1840
-1871
-1916
-1963
-1975
-1972
-1978
-1980
-1952
-1906
-1873
-1848
-1801
-1731
-1661
-1605
-1541
-1461
-1375
-1289
-1192
-1094
-1008
-914
-786
-637
-511
-410
-292
-148
3
139
262
386
514
649
790
918
1030
1144
1258
1379
1487
1559
1633
1717
1769
1801
1838
1863
1870
1866
1853
1827
1782
1748
1729
1674
1586
1518
1467
1391
1289
1186
1098
1003
884
768
666
541
402
289
192
66
-94
-236
-337
-432
-555
-681
-783
-883
-1004
-1110
-1174
-1238
-1325
-1395
-1430
-1474
-1535
-1565
-1549
-1548
-1590
-1627
-1613
-1573
-1561
-1564
-1533
-1488
-1464
-1438
-1371
-1279
-1209
-1152
-1065
-968
-879
-779
-656
-520
-406
-309
-182
-41
65
170
303
440
559
656
750
850
955
1056
1144
1217
1284
1334
1374
1418
1465
1497
1516
1528
1517
1498
1496
1500
1478
1434
1389
1346
1296
1237
1172
1109
1032
932
824
719
610
502
407
305
171
24
-93
-176
-264
-372
-475
-560
-646
-737
-802
-828
-858
-909
-939
-937
-931
-943
-959
-941
-918
-927
-944
-932
-931
-956
-961
-956
-937
-956
-991
-979
-954
-943
-958
-956
-920
-888
-866
-833
-779
-722
-670
-609
-527
-452
-392
-305
-177
-59
-1
47
149
287
383
455
529
600
672
738
820
885
915
948
989
1041
1066
1071
1110
1140
1138
1102
1103
1116
1107
1065
1029
987
942
902
867
827
774
730
665
581
511
450
397
324
244
156
66
-9
-66
-115
-176
-247
-317
-383
-444
-490
-517
-548
-602
-660
-693
-708
-720
-735
-739
-752
-775
-782
-781
-767
-769
-770
-757
-752
-745
-737
-716
-678
-639
-618
-617
-604
-559
-501
-455
-428
-416
-402
-365
-316
-275
-254
-244
-227
-193
-164
-143
-111
-64
-32
-22
6
57
116
176
225
278
341
391
446
517
573
624
686
741
787
831
868
899
926
952
976
981
974
959
936
920
902
867
807
736
664
610
567
510
444
366
293
213
139
101
55
3
-66
-143
-203
-265
-294
-314
-348
-410
-472
-498
-511
-527
-534
-540
-565
-607
-636
-637
-635
-643
-659
-693
-711
-700
-709
-722
-712
-695
-687
-691
-689
-669
-641
-603
-556
-537
-548
-536
-477
-414
-382
-360
-311
-252
-205
-158
-104
-43
11
55
99
137
171
227
283
322
349
379
427
492
548
600
652
687
717
758
808
857
897
919
920
920
929
932
933
920
880
834
795
746
703
658
590
515
442
363
297
252
192
115
38
-32
-78
-116
-167
-222
-267
-307
-348
-366
-375
-412
-459
-488
-501
-501
-521
-559
-571
-571
-584
-602
-621
-644
-662
-673
-679
-688
-684
-676
-685
-694
-695
-675
-642
-630
-626
-606
-580
-549
-519
-482
-421
-383
-375
-347
-291
-232
-174
-120
-80
-37
28
93
165
257
327
359
407
473
539
595
651
707
735
728
752
802
823
825
828
813
782
753
747
751
720
652
601
575
544
500
462
441
406
341
289
271
261
224
177
147
106
46
8
-7
-36
-79
-128
-181
-223
-253
-286
-315
-342
-379
-409
-425
-451
-476
-482
-480
-474
-476
-497
-506
-482
-456
-454
-446
-440
-446
-446
-427
-400
-409
-430
-432
-433
-431
-435
-430
-424
-425
-422
-430
-415
-388
-369
-336
-300
-265
-257
-232
-163
-100
-49
-1
50
96
146
226
298
348
393
431
482
546
579
601
637
672
694
696
696
699
705
711
697
661
639
615
585
561
529
492
458
411
371
341
300
259
218
177
118
63
34
1
-33
-87
-129
-158
-199
-233
-264
-288
-311
-334
-351
-371
-381
-379
-369
-365
-376
-390
-389
-367
-349
-349
-357
-360
-354
-339
-327
-324
-325
-319
-316
-320
-320
-317
-310
-306
-315
-323
-322
-310
-300
-284
-263
-255
-245
-225
-202
-174
-153
-135
-111
-90
-66
-35
-6
15
36
55
81
111
135
163
204
245
278
311
339
358
384
423
455
473
497
521
540
554
558
565
582
583
565
542
521
497
464
439
413
358
294
250
213
189
169
130
87
56
25
8
3
-16
-39
-54
-77
-96
-99
-109
-121
-118
-125
-143
-147
-160
-175
-182
-201
-241
-276
-303
-319
-330
-357
-392
-422
-447
-458
-469
-494
-524
-533
-536
-548
-567
-575
-567
-554
-552
-544
-519
-494
-473
-435
-387
-354
-328
-287
-234
-183
-135
-82
-28
26
74
112
164
231
289
336
382
426
474
513
538
573
607
605
594
600
607
606
601
582
575
572
544
515
497
486
452
412
380
348
328
297
272
249
208
166
146
144
128
93
68
66
55
19
-5
-6
-10
-37
-62
-71
-89
-122
-148
-155
-170
-206
-245
-261
-265
-285
-321
-350
-371
-400
-431
-451
-470
-492
-514
-529
-539
-545
-556
-568
-571
-566
-567
-568
-565
-561
-545
-521
-508
-504
-487
-452
-406
-352
-294
-244
-190
-124
-50
19
87
151
214
278
337
403
460
516
566
605
650
667
684
701
717
731
716
705
692
680
671
649
626
608
589
559
531
509
478
440
415
388
346
306
262
221
188
154
107
63
16
-25
-47
-101
-148
-190
-239
-270
-296
-320
-363
-399
-422
-451
-464
-477
-491
-497
-509
-515
-509
-506
-496
-481
-486
-490
-483
-486
-489
-475
-456
-459
-462
-453
-439
-413
-393
-379
-365
-347
-337
-315
-276
-262
-236
-207
-175
-128
-101
-71
-28
25
68
91
140
189
224
263
294
330
369
406
428
463
519
543
561
593
618
636
655
668
676
682
678
679
682
668
650
633
616
600
571
531
499
471
426
377
331
286
232
172
119
66
7
-58
-113
-158
-207
-266
-315
-352
-398
-445
-482
-509
-530
-570
-612
-625
-633
-655
-674
-686
-690
-690
-694
-685
-681
-676
-659
-636
-610
-581
-556
-527
-492
-452
-415
-378
-338
-299
-260
-214
-168
-123
-82
-38
17
65
96
130
171
211
245
268
294
322
350
375
397
428
454
467
488
508
517
534
556
561
566
575
579
583
597
601
598
596
588
584
584
569
543
523
495
464
440
409
364
315
263
216
173
122
61
7
-41
-93
-143
-188
-230
-273
-318
-368
-418
-459
-493
-531
-565
-594
-624
-650
-675
-688
-699
-712
-719
-723
-721
-715
-705
-693
-684
-673
-645
-614
-582
-541
-508
-467
-410
-365
-326
-285
-242
-184
-121
-77
-28
18
60
97
145
198
232
279
320
359
405
438
479
524
564
603
634
650
671
701
718
733
740
729
723
724
714
691
667
646
617
576
537
503
465
424
381
336
294
252
210
173
144
109
61
10
-30
-62
-97
-140
-185
-227
-269
-312
-348
-375
-411
-450
-477
-501
-530
-556
-576
-596
-621
-643
-654
-659
-664
-669
-672
-665
-664
-659
-636
-608
-582
-547
-519
-492
-455
-424
-387
-343
-309
-270
-218
-177
-138
-90
-43
7
58
100
139
182
220
263
316
359
391
429
468
500
531
562
581
606
636
653
665
677
683
684
686
682
677
665
645
639
615
588
562
529
501
467
429
387
341
302
259
215
169
115
57
8
-42
-89
-136
-195
-250
-285
-325
-372
-411
-456
-497
-519
-553
-594
-613
-632
-656
-668
-683
-690
-686
-692
-683
-662
-665
-660
-631
-612
-596
-568
-542
-508
-471
-437
-390
-340
-300
-260
-219
-178
-132
-79
-32
16
55
91
128
173
221
261
296
331
365
399
425
449
472
495
514
538
559
574
584
592
601
608
606
611
618
614
611
598
575
556
539
520
505
478
438
406
380
357
330
297
257
217
180
143
101
49
-4
-67
-126
-175
-232
-275
-307
-333
-366
-417
-453
-487
-517
-541
-572
-607
-631
-652
-671
-678
-688
-696
-691
-697
-693
-679
-665
-648
-622
-599
-571
-533
-507
-461
-412
-371
-316
-279
-229
-170
-125
-72
-15
40
79
121
172
224
269
301
337
381
415
444
470
498
522
543
561
566
564
572
583
592
589
573
557
550
540
524
510
496
478
451
430
410
384
363
339
317
292
248
208
171
147
118
72
39
6
-19
-48
-83
-101
-133
-164
-200
-241
-272
-307
-332
-361
-390
-413
-436
-451
-461
-476
-498
-513
-522
-535
-548
-557
-556
-562
-566
-554
-541
-527
-503
-474
-459
-435
-405
-376
-336
-302
-262
-219
-179
-132
-89
-33
17
52
101
149
195
242
283
325
370
404
435
466
493
520
539
553
561
564
578
582
585
579
559
551
533
518
496
468
444
408
383
351
314
285
250
211
175
140
94
54
26
-9
-50
-85
-110
-145
-176
-196
-221
-249
-270
-292
-308
-324
-346
-357
-368
-384
-389
-392
-405
-411
-409
-409
-411
-414
-408
-402
-397
-391
-384
-375
-363
-350
-339
-329
-311
-286
-264
-248
-230
-206
-184
-164
-143
-117
-86
-57
-27
8
37
76
112
146
180
203
236
258
288
329
346
358
378
396
413
428
437
451
471
470
460
456
459
460
446
434
436
429
404
389
385
369
338
308
280
247
212
187
156
123
90
50
16
-9
-47
-87
-119
-156
-191
-230
-264
-281
-300
-333
-358
-375
-397
-415
-430
-440
-445
-455
-464
-465
-460
-456
-450
-438
-426
-422
-416
-396
-370
-351
-331
-311
-286
-259
-241
-210
-172
-147
-120
-81
-51
-24
7
31
64
104
127
155
195
221
243
270
292
310
330
338
345
365
383
389
395
403
407
403
402
406
399
382
370
363
353
336
317
308
295
277
260
241
217
195
169
146
123
92
64
41
14
-10
-35
-62
-89
-117
-148
-169
-187
-206
-223
-239
-265
-287
-300
-310
-322
-338
-354
-358
-361
-369
-380
-384
-384
-388
-384
-373
-367
-365
-360
-349
-335
-318
-301
-284
-260
-240
-212
-187
-165
-132
-106
-75
-43
-16
17
50
79
108
148
177
206
236
253
287
317
323
346
358
371
395
395
401
417
420
424
419
408
405
399
388
376
360
337
320
298
275
257
224
201
172
139
117
81
57
29
0
-25
-61
-82
-110
-136
-153
-172
-184
-202
-220
-232
-239
-257
-275
-285
-289
-287
-295
-307
-308
-307
-310
-303
-294
-289
-275
-266
-258
-248
-242
-234
-220
-214
-210
-201
-193
-181
-173
-170
-160
-145
-130
-115
-104
-88
-70
-60
-47
-30
-13
4
17
31
53
66
80
102
126
142
157
176
201
220
233
247
268
288
297
302
315
328
334
338
342
342
338
334
326
315
308
301
291
277
261
241
220
203
185
164
144
122
97
63
32
3
-21
-45
-70
-97
-123
-150
-179
-204
-221
-240
-262
-277
-288
-300
-311
-316
-324
-337
-341
-336
-335
-336
-331
-320
-310
-302
-294
-287
-274
-252
-228
-210
-194
-177
-156
-132
-110
-91
-70
-53
-40
-24
1
26
41
55
73
89
101
112
125
132
140
147
152
160
170
182
191
198
204
207
210
216
219
222
226
232
235
232
223
220
225
227
215
208
206
195
179
167
163
155
141
132
123
116
105
88
75
61
39
22
6
-12
-29
-47
-61
-74
-91
-108
-124
-143
-156
-174
-194
-200
-203
-214
-219
-230
-240
-242
-248
-253
-249
-256
-255
-242
-235
-233
-226
-209
-198
-195
-181
-163
-151
-136
-124
-106
-81
-68
-53
-31
-15
-4
10
28
43
54
76
90
94
110
121
129
142
146
154
164
164
164
164
164
164
158
158
158
153
157
161
157
156
152
145
143
139
136
130
118
110
109
106
99
93
89
86
77
71
66
51
41
44
41
30
22
12
4
-6
-13
-21
-28
-34
-44
-53
-56
-62
-75
-82
-90
-101
-112
-123
-129
-139
-147
-147
-148
-153
-155
-159
-155
-153
-158
-162
-162
-159
-159
-160
-155
-148
-144
-145
-140
-128
-115
-107
-98
-80
-65
-58
-53
-42
-22
-5
4
13
26
42
55
66
79
93
103
111
121
133
144
145
146
147
152
156
156
158
159
161
157
153
150
150
150
148
145
137
134
131
124
116
109
106
102
96
91
83
72
58
50
43
32
20
12
5
-4
-13
-26
-36
-49
-63
-72
-74
-77
-86
-97
-102
-106
-111
-120
-129
-136
-144
-151
-157
-159
-160
-166
-173
-176
-175
-177
-181
-179
-172
-167
-163
-159
-154
-148
-142
-131
-116
-104
-98
-89
-79
-70
-62
-48
-29
-16
-6
3
16
32
44
57
72
84
95
108
123
138
149
160
169
179
189
202
211
214
213
216
222
224
221
217
217
216
212
205
200
192
182
170
160
148
137
122
108
97
85
71
57
42
27
11
-4
-18
-34
-54
-72
-91
-105
-120
-135
-148
-157
-171
-185
-195
-199
-203
-211
-219
-223
-224
-225
-225
-226
-227
-225
-222
-215
-211
-208
-201
-192
-186
-180
-173
-159
-142
-127
-114
-102
-87
-71
-55
-40
-26
-9
7
24
36
51
67
81
95
108
120
134
147
160
171
179
186
194
204
210
217
220
225
233
241
250
248
252
264
265
259
250
247
244
231
216
213
204
195
182
164
153
127
114
101
73
52
25
6
-12
-35
-49
-68
-86
-107
-132
-150
-173
-195
-207
-218
-241
-261
-275
-288
-297
-301
-305
-311
-316
-317
-321
-322
-320
-313
-305
-292
-282
-269
-251
-236
-219
-200
-179
-159
-140
-110
-87
-69
-47
-13
16
31
50
79
99
109
131
162
183
191
210
231
242
253
263
275
279
281
284
280
280
280
280
276
272
266
254
244
236
229
214
202
196
186
175
160
145
129
110
98
83
73
63
48
33
16
8
-6
-27
-43
-63
-79
-98
-110
-116
-131
-148
-161
-170
-182
-202
-215
-220
-227
-242
-259
-269
-272
-275
-283
-286
-292
-295
-292
-292
-283
-278
-270
-258
-246
-231
-218
-207
-191
-174
-155
-131
-110
-86
-62
-39
-6
20
44
66
84
110
131
153
176
194
218
234
251
267
277
290
295
301
301
302
306
309
309
308
304
299
286
273
261
250
236
217
198
185
168
150
130
113
99
81
61
42
23
9
-13
-32
-49
-65
-77
-95
-108
-119
-136
-146
-158
-164
-173
-193
-206
-218
-220
-221
-229
-230
-234
-238
-243
-249
-249
-249
-256
-254
-250
-237
-228
-230
-223
-219
-211
-200
-192
-171
-157
-143
-130
-115
-94
-77
-58
-42
-28
-12
4
26
48
66
81
99
121
146
163
179
198
216
230
239
252
266
269
269
274
283
287
284
284
290
288
281
272
269
262
250
235
225
212
195
177
162
148
127
104
83
63
42
22
3
-16
-41
-67
-90
-106
-120
-140
-162
-180
-192
-204
-219
-231
-241
-251
-263
-270
-273
-278
-281
-277
-270
-264
-261
-259
-252
-244
-239
-233
-220
-203
-185
-168
-152
-137
-122
-108
-95
-81
-64
-44
-27
-13
-2
14
35
53
68
80
94
107
119
133
152
167
181
188
196
204
213
226
233
232
237
234
234
239
235
234
238
230
227
229
220
210
197
181
175
162
139
125
113
102
90
73
59
40
19
7
-7
-31
-51
-68
-90
-100
-107
-122
-134
-148
-162
-175
-187
-193
-193
-200
-208
-215
-223
-229
-233
-231
-229
-238
-246
-237
-232
-235
-229
-210
-195
-194
-188
-168
-151
-144
-131
-120
-108
-94
-80
-59
-41
-27
-12
7
25
41
59
85
105
116
131
153
176
191
199
204
210
224
237
238
236
244
249
245
248
246
236
231
231
228
223
215
204
189
178
170
159
148
137
121
103
85
64
48
37
19
3
-14
-33
-48
-59
-74
-87
-100
-115
-126
-134
-148
-159
-165
-164
-164
-170
-177
-178
-173
-171
-180
-189
-190
-181
-175
-176
-177
-173
-165
-158
-150
-144
-138
-134
-128
-117
-105
-96
-89
-85
-78
-70
-59
-49
-37
-22
-12
-3
6
21
34
48
58
72
86
102
115
121
126
135
147
157
162
171
183
193
193
190
195
205
208
202
197
196
196
189
183
178
170
156
142
132
119
104
88
73
58
42
29
15
-3
-23
-37
-48
-60
-76
-89
-98
-113
-127
-134
-136
-142
-152
-156
-156
-157
-162
-161
-158
-154
-156
-153
-147
-143
-141
-136
-127
-118
-113
-103
-92
-82
-74
-67
-57
-49
-42
-35
-26
-16
-7
2
9
16
21
27
34
38
44
50
51
56
60
58
64
68
70
77
83
81
85
87
87
89
94
95
98
103
103
103
103
100
98
96
92
91
91
88
87
83
78
76
71
66
66
59
51
45
32
21
12
1
-4
-10
-19
-24
-34
-44
-50
-59
-67
-71
-80
-87
-93
-99
-106
-109
-114
-116
-114
-114
-112
-110
-109
-108
-107
-105
-101
-99
-93
-86
-82
-75
-69
-65
-57
-50
-44
-36
-27
-22
-15
-8
-8
1
8
12
21
28
32
42
47
49
57
58
61
66
68
70
74
74
78
80
78
79
79
77
75
74
76
74
74
74
73
71
68
63
60
57
52
50
48
46
41
30
26
26
23
19
11
5
5
4
-2
-7
-11
-16
-22
-31
-37
-39
-40
-43
-47
-49
-53
-56
-61
-66
-72
-72
-73
-79
-84
-83
-82
-84
-84
-82
-78
-76
-73
-71
-69
-61
-55
-53
-47
-42
-34
-29
-26
-19
-10
-12
-4
7
5
10
20
21
25
33
38
41
47
53
55
57
60
60
61
65
69
72
77
79
79
82
80
75
71
68
67
63
60
56
52
54
53
42
35
33
28
22
20
18
13
2
-2
-2
-9
-15
-17
-23
-31
-33
-30
-33
-41
-42
-40
-42
-47
-50
-49
-50
-50
-50
-48
-49
-51
-52
-49
-46
-48
-52
-51
-48
-47
-48
-47
-44
-42
-37
-34
-28
-26
-27
-27
-23
-19
-18
-17
-13
-8
-6
-8
-7
-2
3
7
13
18
20
21
27
33
38
36
38
41
43
41
45
52
57
58
58
59
62
61
59
61
63
65
62
57
54
52
49
45
42
41
36
31
29
28
25
20
14
12
7
1
-6
-10
-14
-18
-20
-23
-28
-34
-38
-41
-44
-48
-50
-51
-51
-56
-58
-61
-62
-62
-62
-61
-61
-62
-60
-55
-53
-51
-50
-47
-44
-41
-40
-36
-32
-28
-27
-25
-24
-21
-16
-12
-8
-4
-1
4
9
12
15
20
22
26
30
31
33
35
35
39
40
42
45
48
48
48
48
51
54
55
56
55
56
57
57
57
56
56
55
54
52
49
45
42
39
34
29
23
22
20
20
13
7
1
-5
-7
-9
-15
-19
-26
-30
-36
-40
-44
-45
-46
-49
-51
-56
-59
-63
-65
-66
-67
-68
-69
-69
-71
-70
-69
-68
-65
-64
-63
-60
-59
-53
-47
-41
-36
-33
-30
-27
-23
-15
-8
-2
2
4
7
9
12
17
22
27
32
35
36
35
39
44
47
51
55
55
59
67
64
59
64
66
60
62
62
62
66
63
60
63
58
54
55
56
52
45
45
48
40
31
30
29
26
19
10
5
4
-1
-7
-12
-15
-17
-24
-29
-30
-37
-45
-44
-49
-57
-59
-58
-62
-65
-67
-70
-75
-75
-72
-74
-76
-78
-79
-78
-74
-71
-74
-71
-69
-69
-67
-63
-64
-55
-44
-43
-39
-26
-20
-17
-12
-12
-4
7
10
17
24
28
33
38
44
52
56
60
62
62
65
70
70
74
77
75
75
78
80
83
81
78
78
79
76
78
74
70
72
68
63
62
52
43
41
36
34
29
14
10
7
-2
-7
-5
-11
-15
-22
-30
-35
-37
-43
-53
-51
-50
-61
-68
-67
-70
-82
-88
-89
-91
-94
-96
-98
-99
-97
-96
-100
-99
-95
-92
-90
-83
-79
-76
-68
-62
-61
-54
-41
-37
-36
-27
-21
-16
-12
-6
2
10
23
33
38
43
54
56
60
68
72
71
79
87
89
96
102
103
104
107
111
109
106
107
108
106
100
92
95
90
81
81
77
68
68
61
55
48
36
30
24
17
6
-2
-9
-14
-23
-33
-43
-48
-51
-60
-66
-70
-71
-74
-85
-88
-90
-96
-92
-91
-104
-104
-102
-106
-106
-108
-107
-100
-103
-102
-98
-95
-90
-85
-84
-81
-76
-69
-60
-55
-51
-44
-35
-27
-20
-9
1
10
17
21
29
35
41
47
55
63
69
77
83
88
88
93
97
101
103
106
111
112
109
109
109
111
108
105
105
105
104
98
93
87
83
79
76
68
56
47
39
31
24
16
10
3
-4
-13
-21
-28
-35
-41
-46
-49
-56
-66
-76
-81
-81
-82
-88
-92
-97
-105
-111
-111
-108
-109
-111
-112
-108
-106
-106
-108
-103
-97
-93
-89
-88
-87
-85
-79
-70
-59
-52
-46
-39
-30
-23
-19
-11
0
10
17
24
33
41
48
54
63
73
77
79
85
97
104
108
113
122
128
127
126
128
131
129
127
126
125
122
115
110
109
104
96
92
91
86
75
65
58
51
39
28
20
13
4
-2
-7
-17
-31
-40
-43
-52
-66
-74
-76
-80
-87
-92
-96
-99
-104
-107
-110
-112
-116
-117
-116
-114
-118
-117
-112
-110
-109
-107
-101
-100
-100
-94
-90
-86
-82
-69
-60
-55
-45
-34
-25
-19
-12
-4
5
13
18
27
38
46
52
58
67
72
76
83
92
97
102
108
112
112
113
116
118
118
123
127
124
118
118
116
110
103
99
94
87
81
75
63
57
53
49
39
28
21
14
5
-3
-10
-18
-29
-38
-46
-50
-56
-62
-69
-76
-83
-88
-91
-93
-99
-101
-105
-108
-112
-115
-118
-117
-114
-112
-109
-106
-104
-101
-98
-92
-89
-87
-83
-77
-69
-59
-50
-42
-36
-30
-23
-14
-5
2
6
12
18
26
34
42
50
54
60
66
70
77
82
87
90
94
97
99
100
101
102
103
105
103
103
102
100
96
91
85
80
77
74
71
65
58
52
47
43
37
29
20
11
4
-2
-5
-9
-16
-23
-30
-38
-45
-50
-54
-58
-61
-64
-67
-70
-75
-80
-84
-87
-90
-91
-91
-92
-96
-97
-96
-95
-91
-87
-82
-80
-79
-77
-73
-65
-59
-56
-54
-48
-42
-37
-33
-27
-19
-12
-8
-3
6
18
25
27
33
40
47
50
54
61
68
73
76
80
85
89
89
89
94
95
93
91
93
93
90
86
85
89
85
77
71
68
62
53
47
43
37
30
24
25
21
10
1
-2
-6
-12
-19
-25
-33
-41
-47
-50
-52
-56
-58
-58
-62
-66
-70
-71
-71
-73
-75
-76
-74
-72
-73
-74
-75
-73
-69
-64
-65
-67
-65
-59
-52
-49
-48
-45
-38
-30
-26
-22
-16
-10
-6
-3
2
9
16
17
21
27
34
38
40
42
44
49
55
59
60
59
60
63
66
63
58
56
58
60
59
55
54
55
53
48
45
44
43
42
37
33
28
24
22
17
12
8
4
2
0
-4
-6
-9
-14
-20
-23
-25
-31
-36
-39
-38
-40
-45
-47
-45
-46
-48
-49
-48
-45
-43
-45
-45
-46
-45
-43
-40
-38
-36
-34
-32
-32
-31
-31
-29
-25
-22
-18
-13
-9
-5
-3
-2
0
3
5
8
9
14
17
20
22
25
26
29
29
30
31
33
34
34
34
35
36
36
35
35
36
37
36
36
36
34
31
31
29
26
22
20
23
25
23
19
16
12
8
7
5
5
2
-3
-6
-6
-8
-13
-18
-20
-20
-20
-23
-24
-25
-26
-26
-26
-29
-29
-31
-32
-30
-26
-26
-28
-29
-29
-30
-28
-25
-25
-25
-24
-23
-22
-20
-20
-14
-14
-10
-9
-10
-3
-6
-4
0
2
5
-1
8
12
8
8
11
16
16
14
15
20
20
18
16
19
21
20
20
22
23
22
24
23
21
17
16
18
16
15
13
14
17
16
10
9
13
11
5
4
6
2
-1
1
0
-3
-4
-5
-6
-8
-9
-9
-9
-9
-9
-9
-11
-14
-15
-18
-17
-16
-17
-15
-15
-16
-17
-17
-17
-17
-17
-16
-15
-15
-15
-13
-13
-11
-10
-10
-8
-7
-7
-5
-5
-4
-2
1
4
5
5
5
5
6
8
11
12
12
11
13
12
13
15
13
12
14
13
12
14
15
15
14
15
14
12
11
10
10
10
10
10
11
9
8
5
5
5
1
2
-1
-2
-2
-2
-3
-3
-5
-6
-6
-4
-5
-4
-5
-6
-9
-10
-11
-13
-14
-13
-13
-11
-11
-11
-12
-12
-11
-11
-10
-12
-12
-12
-11
-9
-8
-6
-6
-5
-4
-3
-3
-5
-5
-5
-5
-5
-4
-4
-2
-2
-1
0
4
3
5
6
7
8
5
7
11
3
7
13
8
7
11
10
9
11
10
9
10
10
10
