3
0
-1
1
1
0
1
1
2
1
0
-1
0
-1
0
1
2
2
2
1
1
3
3
2
4
5
2
-1
2
5
3
3
6
4
0
3
7
3
0
3
6
2
-1
-1
-1
1
2
3
3
4
4
4
-1
-1
1
4
5
6
5
4
0
-2
-1
0
0
0
0
1
0
-1
-1
2
3
2
-1
1
1
0
0
-1
-1
-2
0
-1
-3
-4
-4
-2
-2
-3
-3
0
0
-2
-4
-3
-2
-2
-2
-4
-1
-1
0
-3
1
1
-1
-5
0
0
-1
-3
-2
-2
-4
-4
-4
-4
-3
2
3
1
0
0
1
-1
0
0
1
-3
1
-1
1
-1
0
-3
-1
-3
0
1
0
-3
-1
-1
1
1
-3
-2
-2
-2
1
0
3
0
-1
0
-2
-1
0
1
1
-3
0
-1
-1
-1
-1
2
4
1
0
5
1
0
1
1
3
0
1
4
4
3
0
3
3
1
2
1
1
1
0
0
2
-2
-1
0
0
0
0
1
5
5
0
-2
1
4
3
2
3
2
0
1
-1
-1
0
0
0
1
-2
-3
-3
-2
-2
1
2
0
-2
1
0
-3
-3
2
1
0
0
1
0
3
-1
-3
0
-1
-2
-2
2
0
0
-1
3
1
1
0
1
-3
0
0
1
0
-2
-1
-2
0
2
1
1
-2
-2
-3
-3
-1
-2
0
1
0
2
-1
0
1
1
1
1
1
1
0
-1
-2
-4
-2
0
1
5
4
1
2
1
2
3
0
-1
1
-3
-4
-2
0
1
0
0
1
4
3
0
3
2
0
0
0
0
2
0
1
2
0
1
2
-1
1
1
1
0
1
3
3
1
-1
-1
2
2
0
-1
1
3
5
1
1
4
1
-3
-1
-1
0
1
3
2
1
1
0
-1
0
-1
-3
-1
2
1
1
1
-1
0
2
2
-2
-5
0
-1
-4
-3
-1
2
-2
-2
-1
-1
-1
-2
0
1
-1
-2
0
1
-1
-3
-2
2
1
1
-2
0
2
0
2
5
2
0
2
3
2
0
1
3
1
-3
-3
1
1
-1
1
2
2
0
0
2
-1
1
1
0
0
-1
1
-2
-1
0
-3
2
0
0
3
2
2
3
0
1
-1
-3
-1
-3
1
1
2
4
1
2
1
0
2
1
1
1
0
-1
-1
-1
-1
0
1
1
1
2
1
1
1
2
1
1
0
0
0
-1
0
0
0
1
2
3
0
1
-1
0
0
1
2
-1
-1
-2
-4
1
-1
-2
-2
-3
-4
-1
0
2
5
3
0
-1
1
0
-1
0
-1
-1
1
4
1
-1
-1
0
2
2
1
1
2
2
0
-1
-1
-1
-1
-3
-2
0
1
-1
1
1
1
1
0
-1
3
1
-1
2
3
-1
-2
0
2
-1
0
1
0
-1
0
-2
-2
1
0
0
-1
0
0
1
3
2
0
0
3
4
3
3
1
2
1
0
-1
1
1
2
-1
2
5
4
1
-1
0
0
-2
0
2
2
0
-1
1
3
-1
-2
0
2
2
-4
-3
0
3
4
3
2
1
0
0
-1
0
-1
-4
-2
2
-1
-2
1
-1
-2
2
3
1
-2
-2
0
-1
1
1
1
1
2
1
-1
-3
-2
-2
-1
-1
1
4
4
0
0
3
1
0
-1
1
-2
-3
-1
1
2
2
1
0
2
2
2
2
3
4
3
2
3
2
2
1
0
1
1
1
1
2
4
4
2
1
0
-2
-1
0
-1
-2
-3
-3
-2
1
1
-1
-1
0
0
-2
-3
-3
-2
-2
1
1
0
-1
-3
0
0
-1
1
1
2
0
-3
-2
-2
-2
-3
-2
-1
-2
0
-2
-2
-1
0
-2
0
1
-1
-1
3
1
-4
0
4
2
0
3
2
1
-1
1
2
3
2
0
-1
-1
-1
1
1
0
1
1
1
1
1
0
0
-1
-1
-2
1
0
0
4
1
-2
2
1
0
2
-2
-3
0
-3
-2
2
-1
-1
-1
1
1
-1
-2
2
3
0
-3
-1
2
3
2
0
-1
1
3
0
0
3
1
0
4
0
-4
0
3
-1
0
4
-1
2
2
2
9
2
4
5
0
0
0
0
1
0
-2
-2
-1
1
2
1
2
1
2
1
0
-1
-1
-1
-1
-1
-1
-1
-2
-3
-2
1
1
0
0
0
-1
-3
-3
-2
-1
0
-1
-3
0
2
1
2
0
0
4
2
-1
3
0
0
2
-1
0
1
-2
0
1
-2
-1
0
-3
-2
0
0
-4
-1
0
-3
-6
-2
-1
-2
-1
0
0
0
-1
0
-2
-1
0
2
2
0
0
1
-3
-7
-4
2
1
0
1
2
-1
-3
-2
0
0
0
0
-1
0
0
1
-1
1
1
3
4
2
-1
-2
0
2
-1
-1
1
2
2
2
4
5
4
0
-1
0
1
0
1
2
3
3
3
2
1
1
1
0
-1
0
1
2
-1
1
3
3
2
0
0
-1
0
2
4
3
0
-3
0
1
0
-2
1
3
1
1
-1
-3
1
4
1
0
5
2
-2
0
1
-1
2
4
1
-2
-1
-2
-4
-2
0
0
0
-1
-3
-4
-5
-3
1
-1
-4
-5
-3
-5
-3
-1
-2
-2
1
-3
-4
0
0
0
-2
-3
0
2
0
-1
-2
-2
1
3
2
1
-1
-2
-6
-4
1
1
1
0
-1
0
0
0
-1
1
2
2
2
1
1
-1
0
0
0
0
2
4
4
-1
1
-3
-5
-1
-1
-2
1
0
1
2
-3
-1
5
3
0
0
1
4
4
2
-1
-4
-4
-2
3
2
-2
-2
3
2
0
-4
-2
1
2
3
4
4
2
-1
0
2
5
2
-1
-3
-2
0
0
2
4
3
2
1
-1
0
1
2
1
0
-1
-3
-2
0
1
4
1
1
0
-1
0
3
6
7
6
3
-2
-3
-1
2
5
6
4
0
0
0
1
2
1
1
5
4
2
-4
-5
3
3
-2
-3
-4
-5
-4
-5
-5
0
1
-1
-4
-4
-2
-2
-1
-3
-3
-3
-4
-2
-1
4
2
2
1
-1
0
-2
1
-2
1
-4
0
-4
-1
-3
1
0
2
2
3
1
1
0
0
-2
-1
-1
0
0
1
1
0
0
3
5
3
2
2
0
0
0
2
2
1
2
2
1
-1
-2
-2
-1
-2
-2
-1
2
1
-1
0
0
0
-2
-3
-2
0
1
2
1
2
2
-1
4
4
0
2
3
3
3
0
1
2
1
3
3
2
0
0
-1
0
0
0
0
-2
-2
-2
-1
2
-1
-3
0
2
0
1
-2
-3
1
-2
-2
1
-2
1
5
1
0
2
3
4
2
-1
0
0
0
2
1
2
2
0
3
1
-4
-2
2
0
0
-2
-3
-2
-4
-3
-2
-1
-3
-4
-3
-2
-1
1
2
1
1
0
-3
0
-1
-2
2
2
-1
2
0
-3
0
-4
-3
-1
-4
-3
-1
-1
1
-1
2
0
-3
1
-1
-1
5
2
1
5
0
-1
2
-1
-2
1
3
1
-1
1
2
1
0
1
2
2
1
2
1
1
2
2
2
1
2
0
0
1
1
1
0
-2
-3
-4
-5
-1
0
0
2
1
-2
2
-2
-4
1
2
5
7
3
3
8
5
3
3
5
7
4
2
1
1
2
0
0
3
5
5
5
3
4
5
7
6
4
2
3
1
0
-1
-3
-5
-3
-2
-3
-4
-3
1
3
3
0
0
2
1
-5
-6
-5
-4
-4
-3
-4
-5
-5
-5
-2
-2
-1
0
4
4
-1
0
3
2
-1
-5
-4
-2
0
-2
-1
1
1
1
1
1
2
4
6
7
6
4
2
1
2
2
3
2
2
3
3
4
4
4
5
5
6
6
5
5
4
2
-1
-3
-6
-8
-8
-9
-10
-9
-8
-6
-4
-2
1
2
5
7
6
4
2
-3
-6
-5
-6
-5
-4
-5
-2
-2
-4
1
2
4
4
3
5
6
1
1
3
3
-1
-1
2
-1
-3
3
2
0
4
4
0
1
1
1
4
2
3
7
2
2
4
1
1
0
0
0
0
1
-1
-3
-4
-3
1
4
5
4
3
1
1
2
3
3
1
1
-2
-3
-3
0
2
0
-1
0
4
4
-1
-3
0
-1
-4
-2
0
0
1
2
1
-2
0
0
-4
0
0
-2
-1
-1
-3
-1
-4
-3
4
3
3
5
3
3
4
2
2
5
4
4
1
-2
-4
-3
-3
-3
0
5
10
12
13
12
10
13
10
11
8
0
1
-3
0
-1
-3
0
-4
0
0
2
7
8
10
9
9
5
4
-2
-2
-3
-4
-3
-4
-5
-4
-5
-6
-7
-8
-5
1
0
-4
-6
-6
-5
-5
-6
-7
-8
-8
-10
-9
-10
-9
-4
0
3
3
2
5
8
8
10
12
9
9
8
7
9
5
1
0
-3
-3
-2
-3
-4
-4
-6
-3
-3
-2
0
-1
-3
-3
-6
-8
-10
-12
-11
-8
-5
-3
0
2
3
8
11
16
16
14
14
13
11
10
9
11
14
14
14
11
8
8
6
6
3
1
-1
-2
-3
-2
-4
-3
-4
-3
-3
-3
-6
-7
-9
-10
-11
-14
-14
-15
-16
-16
-16
-14
-12
-10
-8
-6
-4
-2
0
0
0
-1
-4
-7
-10
-13
-14
-17
-17
-18
-16
-12
-10
-7
-2
2
7
11
10
8
5
0
-1
-3
-5
-7
-8
-7
-5
-1
3
6
10
10
11
11
13
15
16
18
17
18
17
18
18
18
19
19
19
19
19
19
21
23
25
26
25
25
25
29
30
29
26
21
18
18
16
14
13
9
5
2
3
6
10
13
13
11
7
4
0
-3
-4
-6
-10
-14
-16
-17
-17
-15
-12
-8
-8
-8
-7
-4
-1
1
3
4
-2
-8
-10
-14
-15
-15
-15
-18
-23
-27
-29
-31
-31
-35
-39
-44
-52
-54
-54
-53
-55
-53
-51
-50
-48
-42
-37
-34
-32
-25
-18
-13
-10
-2
8
15
21
30
39
44
47
51
53
52
56
59
59
58
56
55
53
50
48
47
43
41
42
41
39
39
42
44
43
42
43
41
40
43
46
47
46
47
45
42
40
42
40
37
39
42
35
28
24
21
14
15
18
15
5
-5
-10
-15
-27
-38
-45
-57
-78
-91
-92
-102
-115
-115
-115
-125
-131
-144
-161
-186
-221
-262
-312
-366
-417
-470
-505
-542
-596
-608
-621
-654
-661
-664
-655
-635
-614
-574
-539
-502
-447
-391
-329
-262
-209
-154
-86
-27
31
89
143
205
266
321
374
425
475
522
563
592
607
615
612
607
598
581
560
543
532
523
506
499
513
520
523
545
565
578
601
622
655
702
728
755
806
847
886
926
955
978
986
985
983
955
917
873
812
744
659
541
434
321
200
80
-42
-155
-278
-388
-477
-577
-653
-727
-803
-878
-956
-1013
-1067
-1112
-1138
-1170
-1194
-1239
-1303
-1362
-1430
-1512
-1611
-1744
-1919
-2092
-2248
-2398
-2523
-2599
-2638
-2617
-2514
-2348
-2118
-1816
-1476
-1098
-710
-328
50
391
703
972
1199
1390
1542
1673
1774
1855
1918
1959
1986
1979
1934
1853
1741
1598
1411
1186
946
697
443
201
-9
-171
-305
-401
-432
-421
-374
-288
-181
-52
98
259
442
626
808
1007
1217
1426
1636
1833
2003
2144
2252
2314
2320
2278
2193
2059
1879
1695
1494
1282
1088
892
718
559
409
281
156
21
-127
-286
-448
-607
-760
-915
-1058
-1184
-1291
-1369
-1417
-1442
-1463
-1470
-1490
-1533
-1609
-1759
-1946
-2172
-2466
-2802
-3148
-3477
-3767
-3979
-4101
-4113
-4024
-3813
-3480
-3060
-2576
-2054
-1498
-957
-440
31
426
775
1068
1312
1538
1762
1951
2118
2268
2392
2496
2562
2584
2520
2380
2162
1876
1542
1165
790
392
15
-312
-576
-754
-873
-908
-873
-781
-649
-491
-306
-112
86
271
449
626
802
985
1160
1337
1518
1702
1884
2023
2145
2226
2252
2235
2168
2059
1898
1696
1480
1259
1065
866
682
551
454
384
356
339
340
334
317
318
305
274
212
144
88
29
-25
-84
-158
-225
-276
-339
-398
-457
-527
-592
-659
-713
-799
-909
-1043
-1207
-1401
-1637
-1901
-2216
-2569
-2978
-3390
-3768
-4116
-4361
-4516
-4571
-4511
-4319
-3983
-3528
-2981
-2394
-1777
-1138
-516
71
594
1051
1428
1735
1981
2192
2391
2554
2661
2739
2804
2822
2775
2657
2454
2180
1846
1450
1022
572
105
-337
-723
-1040
-1266
-1405
-1466
-1430
-1313
-1135
-901
-630
-357
-87
182
442
680
906
1126
1339
1557
1772
1973
2166
2337
2482
2584
2614
2591
2516
2356
2136
1881
1589
1286
985
710
487
309
183
122
105
108
144
206
267
289
258
199
132
53
-31
-120
-219
-331
-434
-487
-500
-499
-499
-514
-530
-535
-555
-603
-709
-909
-1169
-1460
-1803
-2200
-2645
-3125
-3582
-3990
-4313
-4499
-4579
-4572
-4422
-4111
-3652
-3085
-2486
-1880
-1272
-668
-68
471
897
1249
1545
1797
2037
2277
2486
2643
2749
2846
2951
3016
2977
2823
2563
2225
1835
1380
865
328
-204
-675
-1035
-1287
-1440
-1520
-1526
-1411
-1179
-916
-664
-424
-212
-20
153
308
439
530
618
771
978
1210
1451
1680
1896
2116
2309
2415
2418
2328
2145
1886
1600
1303
967
613
323
126
21
7
40
97
212
383
580
737
823
853
818
731
653
569
436
258
92
-17
-76
-104
-126
-176
-230
-271
-326
-391
-510
-716
-983
-1304
-1641
-1972
-2346
-2791
-3275
-3734
-4101
-4367
-4562
-4661
-4654
-4549
-4288
-3857
-3330
-2763
-2191
-1615
-997
-353
249
753
1152
1490
1788
2042
2277
2490
2642
2715
2741
2767
2778
2709
2524
2261
1964
1611
1182
723
270
-201
-651
-1013
-1263
-1419
-1493
-1501
-1430
-1243
-960
-674
-416
-166
65
258
432
592
729
837
945
1091
1263
1450
1657
1858
2013
2158
2295
2350
2311
2206
2024
1779
1514
1249
982
703
436
260
215
257
331
397
465
596
771
906
985
1001
950
857
740
623
504
319
92
-83
-183
-236
-287
-363
-426
-472
-505
-523
-568
-697
-898
-1134
-1368
-1615
-1922
-2332
-2829
-3343
-3818
-4212
-4494
-4681
-4795
-4809
-4670
-4357
-3887
-3339
-2783
-2214
-1599
-946
-305
243
681
1055
1393
1702
1991
2252
2475
2649
2774
2888
3003
3055
2984
2771
2465
2134
1747
1253
713
196
-291
-720
-1037
-1213
-1292
-1330
-1308
-1181
-956
-708
-488
-333
-214
-74
84
213
340
492
639
823
1095
1427
1748
2012
2225
2424
2587
2669
2644
2496
2257
1976
1668
1363
1085
799
514
311
236
253
313
366
390
423
510
607
623
566
489
378
246
155
113
38
-93
-217
-276
-282
-271
-265
-285
-334
-384
-417
-463
-561
-722
-924
-1157
-1403
-1658
-1978
-2423
-2969
-3510
-3969
-4342
-4613
-4777
-4866
-4861
-4662
-4233
-3674
-3102
-2528
-1918
-1262
-589
44
566
968
1303
1614
1902
2182
2468
2697
2826
2917
3073
3230
3230
3037
2757
2450
2059
1557
999
445
-111
-653
-1089
-1344
-1453
-1523
-1562
-1475
-1218
-888
-616
-417
-217
3
195
350
514
690
832
943
1107
1366
1660
1905
2088
2251
2400
2500
2501
2385
2161
1874
1571
1275
982
687
407
192
79
80
157
239
298
362
459
586
708
771
755
670
558
456
396
359
268
122
9
-30
-49
-91
-140
-199
-278
-347
-387
-441
-575
-778
-999
-1220
-1470
-1786
-2182
-2655
-3177
-3705
-4178
-4513
-4699
-4802
-4854
-4762
-4444
-3946
-3365
-2772
-2182
-1575
-942
-340
189
652
1038
1313
1526
1771
2064
2346
2565
2713
2829
2960
3069
3029
2784
2441
2081
1649
1101
531
13
-490
-977
-1309
-1397
-1355
-1325
-1284
-1108
-800
-488
-249
-58
108
249
386
547
719
873
1021
1198
1447
1771
2082
2273
2368
2452
2503
2429
2232
1944
1585
1197
850
573
342
142
-10
-97
-91
22
189
307
338
351
436
566
622
566
487
444
407
385
421
468
433
347
313
338
352
296
164
-2
-121
-167
-216
-332
-504
-705
-921
-1130
-1337
-1631
-2088
-2664
-3246
-3776
-4235
-4590
-4821
-4967
-5027
-4898
-4478
-3859
-3233
-2654
-2040
-1360
-693
-115
351
711
1004
1267
1518
1780
2086
2394
2609
2745
2927
3159
3252
3092
2787
2447
2017
1450
842
285
-257
-811
-1262
-1468
-1452
-1396
-1392
-1319
-1069
-737
-485
-336
-203
-47
102
230
380
581
788
956
1139
1424
1756
2004
2155
2268
2314
2263
2154
1978
1681
1342
1066
817
576
409
295
181
139
215
311
362
407
460
498
543
618
683
674
610
580
628
690
709
671
598
516
440
346
241
159
53
-106
-214
-200
-185
-277
-414
-547
-698
-879
-1141
-1563
-2113
-2727
-3388
-4003
-4454
-4722
-4884
-5004
-4988
-4677
-4136
-3558
-2982
-2410
-1861
-1312
-799
-368
8
329
585
803
1070
1460
1902
2261
2510
2721
2984
3197
3149
2875
2533
2106
1553
951
396
-78
-525
-969
-1254
-1247
-1077
-957
-905
-778
-514
-241
-66
44
130
184
231
348
567
809
1002
1185
1431
1735
2034
2254
2324
2257
2146
2016
1803
1492
1140
807
529
331
203
112
30
-37
-40
68
223
322
344
325
337
428
558
632
656
698
753
801
884
980
979
870
752
653
527
382
245
83
-103
-190
-158
-124
-147
-244
-383
-501
-656
-939
-1333
-1843
-2473
-3139
-3761
-4284
-4681
-4925
-5025
-5007
-4817
-4393
-3819
-3242
-2705
-2197
-1686
-1191
-764
-419
-110
211
557
912
1277
1750
2274
2666
2883
3085
3350
3389
3109
2714
2300
1799
1161
570
120
-279
-651
-926
-1005
-917
-765
-651
-572
-448
-286
-141
-73
-9
90
162
279
487
789
1075
1279
1507
1756
1973
2088
2128
2130
2042
1838
1580
1345
1121
887
659
472
344
265
198
116
58
75
145
188
214
235
285
382
470
584
694
804
868
857
866
907
937
868
706
540
416
291
161
70
-29
-103
-141
-111
-44
-101
-289
-563
-824
-1054
-1411
-1905
-2483
-3126
-3767
-4319
-4649
-4784
-4852
-4870
-4760
-4434
-3920
-3329
-2783
-2326
-1923
-1506
-1049
-603
-208
146
519
919
1341
1827
2369
2819
3061
3171
3283
3345
3177
2750
2231
1732
1210
665
221
-92
-395
-715
-895
-846
-696
-621
-628
-603
-508
-396
-320
-248
-138
-13
132
360
698
1054
1328
1548
1795
2054
2223
2240
2157
2042
1895
1675
1413
1178
963
733
526
404
355
302
206
118
106
161
209
214
202
212
269
373
505
638
722
717
677
726
835
835
675
497
380
272
154
82
50
-18
-120
-167
-122
-67
-112
-289
-521
-729
-961
-1340
-1882
-2494
-3113
-3741
-4273
-4541
-4567
-4566
-4616
-4511
-4096
-3503
-2952
-2493
-2079
-1694
-1319
-929
-485
-53
324
662
1003
1481
2056
2582
2901
3027
3128
3180
3080
2777
2359
1908
1384
832
407
162
-73
-389
-645
-687
-577
-482
-475
-504
-470
-374
-291
-211
-60
112
211
306
560
930
1185
1278
1383
1580
1724
1725
1663
1609
1516
1322
1153
1045
927
729
493
369
293
215
140
46
-15
-18
63
197
321
403
491
592
688
851
1030
1040
876
768
789
839
789
661
542
383
256
165
112
83
0
-111
-195
-176
-148
-251
-506
-808
-1047
-1288
-1666
-2214
-2761
-3343
-3931
-4333
-4456
-4339
-4254
-4206
-3946
-3454
-2901
-2391
-1958
-1615
-1316
-998
-627
-234
174
562
911
1262
1724
2312
2699
2800
2803
2777
2664
2373
1986
1547
1016
438
6
-211
-353
-507
-686
-831
-818
-633
-499
-463
-429
-329
-164
-65
119
423
652
781
954
1272
1547
1638
1601
1575
1545
1486
1438
1430
1426
1285
1094
954
880
836
682
476
313
208
123
49
9
4
72
183
335
564
785
882
878
972
1141
1232
1176
991
907
881
798
728
683
586
352
119
-24
-39
-54
-191
-334
-426
-415
-394
-471
-632
-832
-1076
-1413
-1829
-2264
-2768
-3425
-4014
-4299
-4304
-4231
-4149
-3956
-3672
-3267
-2803
-2327
-1910
-1669
-1484
-1245
-917
-459
56
465
876
1388
1900
2373
2689
2831
2780
2548
2282
1979
1620
1221
812
413
118
-11
-49
-117
-286
-414
-400
-339
-314
-302
-251
-192
-128
42
319
596
782
902
1084
1275
1390
1489
1550
1577
1598
1551
1539
1606
1581
1433
1233
1059
947
761
529
389
280
161
95
111
179
282
360
479
657
789
868
856
917
1022
1004
898
790
730
675
635
524
411
296
57
-159
-332
-421
-486
-541
-537
-506
-477
-489
-518
-611
-789
-1008
-1281
-1664
-2186
-2749
-3275
-3716
-4001
-4042
-3880
-3707
-3611
-3455
-3097
-2641
-2284
-2043
-1825
-1598
-1358
-1014
-515
27
481
848
1223
1665
2111
2416
2490
2394
2246
2070
1822
1534
1260
960
597
270
102
27
-116
-340
-524
-592
-552
-458
-364
-290
-219
-105
86
344
600
768
839
899
1048
1270
1459
1576
1682
1754
1743
1743
1789
1779
1587
1306
1114
954
809
671
567
470
327
247
273
390
496
525
564
623
714
813
855
901
943
883
797
741
694
665
561
378
239
120
-49
-195
-286
-357
-423
-468
-481
-488
-523
-611
-750
-920
-1140
-1433
-1776
-2175
-2698
-3238
-3678
-3947
-3954
-3797
-3569
-3361
-3162
-2766
-2302
-1909
-1560
-1295
-1032
-756
-468
-46
408
742
1017
1287
1537
1831
2086
2126
1983
1779
1593
1386
1136
924
688
317
-62
-278
-386
-542
-742
-866
-899
-879
-717
-437
-188
5
213
498
781
1038
1265
1398
1441
1510
1643
1654
1644
1672
1576
1417
1269
1258
1308
1193
949
750
574
409
316
220
154
95
85
125
145
267
445
537
536
634
841
970
959
970
1059
991
792
642
615
591
406
193
48
-52
-155
-284
-390
-437
-448
-485
-535
-581
-582
-606
-787
-1027
-1221
-1483
-1900
-2414
-2906
-3317
-3658
-3811
-3675
-3422
-3217
-3010
-2711
-2327
-1960
-1657
-1374
-1106
-855
-549
-162
267
686
1037
1311
1527
1706
1868
1917
1822
1726
1596
1373
1179
1050
893
586
199
-89
-287
-520
-729
-833
-874
-811
-691
-484
-196
52
324
577
754
911
1062
1196
1273
1352
1501
1676
1792
1866
1946
1962
1893
1735
1524
1324
1101
907
712
524
394
283
200
111
70
102
121
109
126
232
377
517
678
864
1004
1049
1012
913
758
558
388
285
193
72
-62
-164
-227
-277
-335
-436
-561
-671
-807
-943
-1021
-1075
-1129
-1239
-1444
-1700
-2062
-2558
-3046
-3405
-3573
-3571
-3464
-3235
-2926
-2603
-2209
-1766
-1372
-1016
-682
-387
-94
210
536
871
1128
1301
1463
1582
1611
1571
1476
1349
1223
1108
977
808
633
456
219
-68
-353
-627
-891
-1086
-1129
-1061
-937
-720
-428
-126
179
469
734
961
1119
1254
1406
1542
1643
1710
1741
1760
1808
1868
1850
1713
1527
1337
1110
884
723
592
444
297
195
149
111
86
64
13
14
105
245
442
640
828
1047
1183
1196
1120
939
713
526
377
265
139
-29
-205
-352
-439
-501
-606
-741
-872
-1016
-1170
-1282
-1303
-1287
-1307
-1380
-1514
-1746
-2111
-2568
-3004
-3293
-3379
-3300
-3108
-2830
-2516
-2193
-1846
-1490
-1137
-809
-547
-290
18
337
670
989
1236
1414
1512
1520
1481
1397
1258
1136
1048
977
921
833
706
565
379
130
-126
-357
-558
-714
-790
-733
-584
-428
-255
-40
174
347
469
579
702
826
969
1131
1286
1476
1675
1784
1822
1823
1755
1625
1462
1330
1264
1203
1124
1066
1008
891
716
537
379
226
83
-21
-59
-8
112
259
403
544
648
658
557
393
193
-27
-229
-340
-353
-373
-432
-493
-587
-707
-812
-911
-980
-1033
-1088
-1098
-1048
-957
-845
-746
-712
-686
-701
-835
-1062
-1363
-1606
-1767
-1828
-1765
-1651
-1481
-1317
-1180
-1062
-979
-915
-865
-788
-671
-532
-403
-293
-208
-164
-173
-212
-241
-257
-259
-250
-206
-99
34
173
316
439
540
589
581
601
657
706
802
952
1099
1228
1313
1342
1329
1286
1215
1136
1066
1017
974
935
885
802
691
567
465
385
303
221
176
165
166
195
258
325
342
310
272
221
160
146
164
187
238
315
404
493
525
503
458
364
241
137
14
-128
-253
-369
-464
-566
-689
-768
-811
-856
-863
-834
-802
-772
-755
-732
-675
-578
-443
-287
-105
90
253
386
471
489
476
452
417
403
428
451
435
383
299
198
113
25
-100
-248
-415
-588
-731
-862
-1002
-1113
-1203
-1302
-1379
-1415
-1429
-1405
-1361
-1315
-1243
-1136
-1006
-894
-807
-702
-567
-409
-224
-34
169
377
543
667
756
809
848
864
866
877
904
957
1017
1059
1075
1051
999
939
861
755
629
540
506
461
423
412
386
344
303
261
225
174
122
100
92
122
206
281
336
401
456
475
452
379
279
164
54
-19
-74
-138
-193
-234
-261
-261
-259
-286
-327
-371
-416
-453
-458
-429
-368
-276
-177
-80
27
125
192
219
242
275
279
261
257
250
256
263
229
189
140
54
-42
-141
-247
-346
-433
-506
-574
-646
-725
-818
-908
-987
-1048
-1068
-1040
-965
-882
-846
-810
-753
-719
-675
-596
-492
-358
-220
-90
62
207
293
340
357
364
371
361
333
321
358
447
543
643
741
772
726
666
595
515
434
346
286
277
289
305
304
260
188
121
71
25
-11
-35
-62
-78
-50
17
86
133
171
196
187
165
132
66
-21
-109
-140
-85
-20
-4
-23
-74
-120
-117
-93
-87
-101
-137
-171
-177
-124
-14
75
122
197
275
344
419
447
454
446
415
420
411
393
433
401
264
184
150
78
-16
-82
-103
-153
-262
-363
-443
-523
-604
-671
-704
-723
-752
-765
-773
-780
-716
-668
-693
-662
-598
-617
-627
-547
-387
-217
-116
-44
11
3
-9
-11
-64
-156
-206
-139
23
182
292
380
491
609
668
683
690
657
562
456
427
507
612
621
539
463
402
294
151
72
44
-22
-90
-85
7
115
129
114
145
166
192
223
204
195
191
148
160
204
184
122
61
16
-40
-158
-285
-335
-302
-240
-154
12
201
243
64
-168
-210
-18
227
384
502
632
672
487
156
-63
-50
7
-93
-242
-235
-151
-197
-355
-451
-498
-647
-883
-1027
-990
-871
-808
-820
-836
-818
-750
-666
-641
-673
-720
-757
-725
-619
-503
-414
-355
-318
-312
-335
-311
-218
-165
-198
-190
-69
37
10
-50
1
126
219
292
410
579
754
896
995
1061
1099
1071
954
839
830
896
921
867
796
749
685
580
484
393
278
185
164
197
260
322
354
389
461
537
558
512
472
496
520
496
477
491
503
488
448
402
351
238
56
-105
-176
-197
-239
-298
-320
-313
-329
-374
-417
-449
-481
-529
-581
-634
-702
-748
-775
-868
-1021
-1147
-1220
-1281
-1395
-1520
-1563
-1557
-1581
-1626
-1635
-1556
-1463
-1439
-1403
-1268
-1122
-1030
-926
-746
-530
-338
-158
33
193
277
360
498
634
750
848
917
1017
1098
1069
1013
971
935
890
789
724
733
733
737
758
799
878
916
918
936
958
1022
1094
1126
1189
1269
1332
1393
1410
1422
1452
1414
1333
1263
1170
1086
1031
968
923
884
774
606
427
285
201
108
16
-13
-38
-113
-216
-324
-410
-476
-537
-591
-641
-678
-706
-768
-903
-1099
-1318
-1513
-1656
-1743
-1829
-1957
-2118
-2296
-2496
-2648
-2677
-2619
-2559
-2517
-2455
-2352
-2237
-2070
-1812
-1505
-1178
-850
-541
-213
95
333
554
766
935
1088
1217
1294
1335
1344
1320
1266
1168
1038
877
695
525
371
238
141
41
-64
-119
-125
-86
-17
22
83
222
389
561
732
876
1008
1152
1291
1413
1536
1670
1779
1854
1903
1923
1916
1883
1797
1683
1600
1523
1421
1311
1189
1116
1088
1004
865
720
563
376
149
-43
-110
-98
-76
-43
-9
-17
-107
-268
-459
-621
-709
-748
-778
-786
-782
-824
-963
-1174
-1398
-1613
-1817
-2008
-2191
-2371
-2554
-2694
-2744
-2754
-2723
-2653
-2623
-2632
-2626
-2542
-2303
-1995
-1694
-1359
-1032
-732
-455
-236
-13
243
471
674
875
1066
1224
1303
1329
1349
1345
1289
1182
1068
981
910
845
788
723
645
569
489
383
275
233
280
396
541
677
780
874
991
1114
1206
1279
1363
1454
1521
1575
1658
1752
1777
1708
1611
1544
1491
1407
1287
1174
1103
1040
944
834
754
682
529
291
97
-19
-134
-231
-282
-295
-295
-366
-513
-660
-793
-914
-1015
-1079
-1105
-1126
-1182
-1278
-1406
-1539
-1670
-1819
-1969
-2078
-2145
-2194
-2235
-2277
-2319
-2331
-2300
-2255
-2212
-2145
-2035
-1890
-1722
-1535
-1317
-1074
-821
-578
-358
-167
3
157
296
433
583
735
864
964
1028
1059
1072
1072
1042
993
966
954
922
888
880
877
878
880
874
893
914
925
966
1019
1095
1199
1284
1355
1418
1450
1465
1489
1521
1532
1514
1503
1514
1518
1463
1351
1264
1194
1088
962
847
778
745
663
540
451
375
271
141
16
-81
-177
-289
-366
-390
-420
-504
-622
-726
-813
-900
-983
-1050
-1088
-1107
-1141
-1219
-1334
-1465
-1588
-1669
-1676
-1635
-1639
-1717
-1800
-1860
-1891
-1903
-1909
-1894
-1842
-1765
-1647
-1504
-1369
-1236
-1105
-993
-895
-775
-616
-463
-357
-245
-83
92
215
276
318
371
430
498
576
643
675
702
742
781
811
857
902
911
904
932
992
1036
1054
1077
1124
1181
1219
1235
1239
1257
1295
1335
1370
1405
1426
1420
1392
1360
1312
1232
1144
1076
1033
996
954
901
813
690
581
498
420
333
230
130
51
-23
-112
-209
-311
-390
-443
-501
-561
-612
-676
-753
-816
-868
-913
-955
-1002
-1029
-1026
-1025
-1037
-1071
-1134
-1189
-1210
-1210
-1221
-1247
-1256
-1231
-1191
-1154
-1129
-1122
-1138
-1176
-1179
-1112
-1022
-954
-887
-795
-681
-571
-509
-441
-355
-286
-233
-189
-97
20
90
106
113
159
222
264
302
346
381
416
442
474
524
574
607
626
645
681
751
814
858
902
960
1033
1070
1083
1108
1150
1210
1258
1296
1331
1355
1355
1318
1260
1205
1170
1138
1112
1071
994
925
851
757
680
596
486
356
219
84
-27
-91
-161
-240
-320
-391
-447
-498
-560
-624
-681
-725
-741
-752
-773
-772
-762
-769
-774
-771
-788
-817
-858
-899
-905
-887
-896
-921
-944
-967
-966
-973
-999
-1033
-1047
-1022
-993
-951
-901
-859
-837
-838
-820
-783
-724
-656
-587
-498
-410
-319
-221
-137
-64
-2
56
142
234
274
297
334
382
421
442
462
472
460
430
414
434
477
517
547
555
561
568
556
553
598
665
749
841
910
964
1005
1025
1041
1062
1094
1119
1128
1142
1170
1174
1141
1076
999
914
821
722
627
529
412
283
169
84
14
-69
-179
-295
-387
-459
-535
-600
-626
-619
-599
-576
-541
-506
-498
-531
-580
-609
-604
-606
-621
-624
-619
-614
-643
-727
-805
-854
-899
-936
-951
-946
-921
-900
-894
-899
-908
-910
-907
-886
-834
-754
-645
-536
-460
-412
-359
-294
-241
-203
-144
-55
51
165
253
316
362
366
343
340
368
408
425
416
419
445
462
443
415
412
421
412
402
424
472
504
506
516
569
619
639
648
650
667
710
751
802
856
890
921
943
936
893
843
812
788
745
687
630
564
478
379
279
188
105
24
-52
-106
-137
-165
-203
-242
-284
-322
-334
-308
-276
-258
-238
-214
-203
-215
-240
-267
-305
-363
-433
-504
-552
-591
-663
-752
-840
-939
-1032
-1121
-1202
-1247
-1254
-1239
-1198
-1149
-1105
-1053
-997
-941
-874
-793
-688
-539
-382
-259
-175
-113
-53
8
57
87
109
141
187
220
235
238
224
198
179
186
222
266
293
306
329
361
391
436
497
554
617
681
731
770
780
762
742
732
728
726
736
759
756
732
700
654
584
498
428
396
369
339
331
332
327
301
249
205
156
107
71
71
104
123
146
155
131
95
56
39
16
-9
-28
-32
-18
-40
-92
-134
-169
-213
-246
-274
-297
-338
-407
-466
-508
-553
-594
-621
-648
-664
-695
-759
-804
-827
-820
-807
-790
-724
-670
-644
-604
-571
-533
-500
-446
-361
-288
-226
-171
-110
-66
-69
-85
-88
-82
-86
-86
-66
-37
-18
-7
4
18
39
62
91
144
203
254
315
375
407
432
452
465
485
521
561
601
624
625
608
587
576
566
550
533
521
516
501
472
437
407
377
339
299
265
232
206
178
150
145
152
139
117
101
91
75
55
55
80
94
96
97
85
49
5
-34
-76
-127
-175
-217
-253
-283
-308
-324
-350
-398
-452
-503
-546
-560
-559
-564
-553
-520
-494
-478
-474
-498
-533
-560
-577
-561
-508
-456
-413
-359
-325
-321
-320
-303
-268
-238
-221
-202
-177
-145
-117
-107
-101
-88
-68
-29
2
16
37
72
124
184
242
301
352
388
410
434
471
511
538
562
606
654
670
646
611
583
552
518
494
473
448
412
369
321
265
202
153
117
90
71
66
63
38
8
-2
-1
-14
-25
-12
16
32
38
40
37
25
10
-9
-29
-35
-32
-28
-30
-46
-72
-107
-150
-208
-273
-311
-319
-327
-353
-374
-379
-393
-399
-389
-368
-326
-296
-258
-214
-189
-170
-155
-133
-113
-102
-84
-60
-59
-67
-89
-120
-129
-128
-125
-108
-75
-61
-65
-86
-113
-120
-111
-105
-87
-45
-6
38
65
65
76
74
76
90
114
168
218
261
283
298
296
275
256
243
246
257
264
271
286
293
279
251
226
196
152
124
120
127
127
103
72
51
9
-43
-74
-107
-126
-147
-175
-193
-207
-204
-199
-184
-177
-171
-145
-114
-83
-93
-101
-85
-57
-44
-45
-7
16
8
-6
-23
-29
-62
-112
-126
-114
-119
-124
-112
-99
-110
-147
-166
-155
-141
-129
-102
-63
-27
-16
-6
24
42
33
27
33
56
76
71
72
86
89
74
72
78
88
89
87
106
103
93
100
113
134
137
140
156
170
159
127
120
135
130
103
99
105
109
121
128
126
112
81
52
43
31
28
43
59
65
46
10
-16
-47
-88
-114
-118
-123
-136
-144
-141
-134
-155
-180
-197
-212
-219
-227
-204
-177
-166
-141
-118
-85
-75
-67
-56
-53
-43
-31
-17
0
4
8
11
3
9
18
8
12
28
30
24
16
5
-1
-7
-11
-12
-10
-9
-10
-8
-8
-10
-5
9
24
44
58
66
77
96
107
112
107
101
104
102
94
85
78
77
79
77
71
57
35
18
2
-16
-19
-13
-1
11
13
13
15
11
7
-4
-17
-19
-13
-14
-17
-15
-12
-18
-35
-54
-71
-84
-90
-90
-89
-86
-79
-82
-80
-85
-102
-114
-123
-129
-119
-107
-99
-82
-63
-51
-42
-33
-17
-6
1
15
39
60
74
88
98
101
96
80
71
68
54
39
46
55
57
55
49
49
38
24
27
35
40
47
56
65
65
53
41
26
13
11
18
39
64
80
82
87
78
59
48
41
34
31
32
38
40
22
0
-18
-35
-49
-58
-61
-56
-55
-60
-73
-89
-108
-130
-145
-150
-145
-137
-121
-101
-79
-69
-67
-65
-62
-58
-55
-46
-33
-23
-24
-30
-36
-45
-56
-60
-57
-54
-49
-41
-27
-15
-5
3
11
23
34
43
59
74
88
94
101
107
116
117
112
108
111
113
111
109
104
92
75
62
52
38
24
17
13
5
-5
-8
-2
1
-1
2
11
18
23
30
36
33
22
15
9
-4
-24
-35
-34
-29
-24
-15
-5
-4
-10
-15
-17
-22
-31
-31
-25
-21
-25
-31
-38
-49
-65
-79
-87
-89
-90
-86
-78
-76
-77
-82
-88
-91
-97
-107
-106
-87
-71
-58
-48
-41
-30
-26
-24
-10
13
29
40
58
70
71
62
55
56
54
46
42
47
53
52
50
56
66
70
79
92
104
112
117
113
115
116
106
97
98
93
90
83
69
66
64
51
46
39
31
27
17
4
-8
-25
-35
-41
-47
-50
-48
-42
-39
-40
-43
-45
-44
-44
-51
-50
-52
-56
-59
-72
-81
-83
-97
-106
-109
-110
-103
-96
-89
-76
-69
-68
-70
-78
-79
-82
-84
-74
-67
-59
-54
-56
-56
-56
-61
-60
-56
-48
-33
-16
-3
14
28
38
44
50
48
48
57
67
84
101
112
124
135
134
125
117
112
113
117
119
125
130
126
115
96
76
52
30
17
13
11
12
15
18
12
-1
-15
-25
-31
-34
-31
-21
-9
-5
-5
-8
-12
-18
-23
-21
-14
-6
-1
-2
-3
-11
-25
-43
-56
-63
-67
-71
-67
-62
-57
-60
-61
-60
-60
-60
-58
-53
-50
-49
-50
-47
-46
-48
-50
-51
-51
-52
-49
-43
-39
-34
-26
-20
-18
-19
-20
-21
-22
-22
-19
-11
-2
7
18
26
31
33
38
45
52
60
71
80
89
94
96
99
101
102
105
105
99
91
86
84
76
64
58
52
43
29
17
11
6
-3
-10
-17
-23
-30
-38
-47
-53
-56
-55
-49
-45
-44
-43
-37
-34
-29
-26
-21
-17
-15
-13
-10
-8
-8
-9
-11
-15
-19
-19
-17
-18
-23
-28
-32
-37
-42
-44
-43
-42
-41
-35
-26
-22
-23
-26
-25
-24
-21
-13
-4
5
7
8
8
10
11
14
16
20
23
24
23
22
16
7
2
2
3
4
5
11
18
26
30
35
41
51
57
57
58
60
59
59
56
54
52
48
42
35
27
21
16
10
4
-2
-11
-14
-18
-23
-33
-43
-50
-53
-51
-51
-48
-43
-40
-35
-32
-28
-26
-20
-17
-13
-11
-6
-1
-1
-3
-9
-11
-12
-12
-9
-4
2
6
8
9
11
11
9
7
7
7
8
5
2
-1
-3
-8
-11
-12
-12
-10
-9
-8
-7
-6
-5
-4
-2
-4
-1
1
1
2
3
5
9
11
11
14
16
17
20
20
17
15
10
4
4
3
3
5
7
11
11
10
12
14
12
9
6
9
11
9
6
5
4
0
-7
-8
-11
-14
-10
-12
-10
-6
-9
-12
-11
-17
-21
-20
-21
-16
-13
-11
-8
-6
-8
-11
-11
-7
-2
0
5
10
15
18
19
19
16
12
10
11
11
11
11
10
9
4
-1
-4
-8
-10
-12
-11
-10
-10
-10
-9
-10
-11
-9
-8
-5
-2
-2
1
1
-1
-1
-4
-6
-3
0
2
7
8
8
8
9
9
7
6
5
0
0
4
7
7
4
4
4
4
1
-3
-4
-1
1
-1
-1
0
2
2
1
-1
-4
-3
-3
-2
1
2
3
6
1
-6
-1
-2
-4
-2
-5
-7
0
-2
-7
-7
-6
-8
-11
-8
0
4
8
15
14
12
11
7
7
5
3
7
10
8
10
10
8
9
10
10
11
11
13
11
5
-2
-10
-13
-15
-19
-19
-12
-8
-9
-10
-11
-12
-11
-15
-16
-8
0
0
0
2
-1
-6
-2
3
5
5
10
14
17
14
6
4
2
-5
-11
-7
-4
-9
-10
-7
-6
-11
-9
-5
1
3
5
13
17
12
7
6
1
-4
-3
-4
-6
-1
6
7
7
8
10
11
11
4
4
10
8
2
-2
-4
-9
-14
-13
-12
-11
-8
-4
-2
-1
3
5
8
10
10
10
10
9
7
4
1
-2
-4
-3
0
3
6
10
11
12
11
8
5
2
0
-2
-4
-5
-9
-13
-18
-20
-19
-16
-9
-4
0
1
1
0
-1
-4
-5
-4
1
5
4
1
2
4
2
-3
-5
-3
1
4
5
6
5
3
0
0
1
1
2
0
4
8
9
8
7
6
6
5
2
1
1
4
4
4
6
3
1
1
-1
-3
-3
1
3
0
0
2
-8
-10
-6
-13
-13
-7
-7
-9
-5
-8
-7
-4
-6
-4
-6
-2
2
3
9
5
4
1
-2
2
0
-2
-3
-1
-3
-2
3
4
2
4
8
6
3
1
-3
-6
-8
-8
-9
-11
-15
-18
-17
-12
-8
-4
-2
2
5
6
5
5
5
3
3
2
3
4
3
4
4
4
4
5
6
9
8
8
13
13
11
10
10
12
13
9
9
13
14
13
10
10
11
9
6
5
4
1
1
2
-2
-3
-5
-11
-13
-14
-16
-19
-19
-16
-14
-13
-11
-8
-5
-4
-6
-6
-4
-5
-5
-4
-2
-3
-3
-2
-5
-3
-1
1
4
1
4
4
4
3
-2
0
-1
0
1
0
1
1
0
0
1
2
1
1
3
1
1
1
0
3
3
-1
2
3
-1
-1
2
4
4
1
1
3
4
4
3
6
7
9
8
7
7
5
4
2
2
2
4
6
6
4
5
7
5
5
7
3
4
7
10
9
9
8
6
3
0
-4
-6
-6
-6
-5
-7
-8
-12
-14
-15
-17
-16
-16
-14
-11
-10
-5
-5
-5
-5
-2
0
3
0
0
6
8
7
3
4
5
3
-5
-7
-4
-2
-4
-3
2
3
2
-2
1
3
3
1
2
5
8
8
1
-1
0
0
1
1
2
3
3
5
12
13
11
9
10
4
0
3
2
-2
0
1
-2
-5
-5
-4
-3
-1
2
3
5
5
5
5
5
3
3
2
1
0
-1
1
3
3
4
6
6
6
4
4
6
7
5
1
-2
-4
-5
-8
-9
-7
-7
-9
-11
-8
-4
-2
-6
-5
-2
-4
-9
-10
-5
-2
-5
-6
-3
-1
0
-1
1
2
-1
1
0
-1
-2
-6
2
-2
-4
0
-1
3
-4
-6
2
-1
0
-1
1
8
3
3
4
4
5
4
5
9
9
9
10
9
9
7
5
5
2
4
6
6
6
5
2
-1
-3
-3
0
1
2
3
4
4
4
3
2
0
-2
0
0
0
1
1
1
1
-1
-2
-2
-1
2
2
1
-1
-5
-3
-6
-5
-6
-11
-7
-10
-5
-3
-5
-1
-4
-2
-1
-3
-1
-1
0
0
-1
-1
-5
-4
-2
-3
-1
0
0
0
1
2
3
-1
-1
-3
-3
-2
-3
1
3
2
2
1
6
4
4
5
6
8
5
5
4
5
4
4
5
6
4
3
5
7
8
8
8
9
9
9
10
9
8
7
5
4
1
0
-2
-3
-3
-3
-4
-4
-3
-2
1
0
-1
-5
-6
-4
-3
-1
-2
-4
-4
-5
-2
-1
-1
-2
-4
-3
-3
-1
0
-1
-4
-4
-5
-6
-7
-7
-8
-6
-5
-4
-4
-3
-1
0
2
1
0
1
3
4
3
5
4
4
2
2
2
4
6
6
6
4
1
-2
-3
-4
-2
0
0
5
4
-1
4
5
3
3
2
1
1
0
0
-1
0
0
1
6
5
3
3
0
3
3
-2
-1
1
2
3
1
-1
4
6
5
-1
1
5
-2
-5
-2
-1
-3
-6
-4
-1
-4
-3
2
0
0
1
0
-3
-9
-3
-4
-5
0
-5
-1
-3
-2
3
-1
3
3
0
5
2
3
1
-1
-2
-5
-4
-7
-7
-3
-6
-2
4
-1
0
5
3
10
9
5
8
7
5
3
-2
3
10
8
5
8
7
5
2
3
3
4
4
4
0
-2
-5
-4
-1
-3
-5
-2
3
2
-3
-5
-2
1
-1
-2
1
2
0
-1
0
1
-1
-3
-6
-5
-4
-4
-1
-4
-6
-5
-4
-5
-6
-2
2
1
-2
-1
2
0
-4
-5
0
1
-3
-5
-4
0
2
-3
-2
-1
-5
-4
0
-1
-2
-4
-5
-3
-2
-1
0
0
1
0
3
4
5
4
5
6
6
4
0
-2
-1
0
3
5
5
4
5
4
4
4
2
3
6
6
4
4
4
4
9
7
3
4
-1
0
0
0
-6
-2
-4
-7
2
-6
-7
0
-5
-2
-6
-5
1
-4
-2
-3
-7
-3
-9
-11
-6
-8
-6
-3
-6
-3
-10
-10
-5
-10
-7
-6
-4
2
-7
-6
-3
-4
-4
-5
0
1
-3
-4
-2
-2
1
1
2
0
1
2
0
1
3
0
-2
0
6
4
2
5
5
5
6
9
8
9
10
10
8
9
9
10
9
9
5
4
6
6
6
6
6
7
5
2
1
4
7
5
3
5
7
6
1
1
4
1
-6
-5
-1
-2
-5
-4
-1
-2
-5
-6
-6
-6
-7
-10
-8
-3
-2
-9
-8
-3
-3
-5
-6
-3
-3
-7
-6
-8
-11
-9
-9
-8
-4
-8
-10
-4
-5
-5
-1
2
0
-3
-2
-3
-2
0
1
4
6
4
1
5
5
2
5
5
-1
0
5
4
1
-1
2
5
5
4
4
7
9
9
7
9
10
8
9
8
8
8
8
8
7
7
7
7
6
5
4
3
4
4
2
0
-1
1
2
0
-4
-3
0
1
-1
-1
2
1
0
-4
-4
-3
-2
-4
-2
-3
-5
-6
-8
-9
-8
-10
-10
-9
-8
-8
-8
-6
-6
-4
-2
-1
-1
-2
-5
-6
-3
0
-3
-1
1
-6
-8
-3
-3
-4
-3
-2
-1
-3
-4
-5
-8
-5
0
1
1
2
4
1
1
3
3
3
5
5
4
4
3
3
5
5
5
6
4
2
5
9
7
9
12
8
4
6
8
4
5
10
10
9
