-1
-2
-3
-2
-2
-3
-3
-4
-5
-1
0
0
0
-2
-3
-2
-1
0
1
-1
-4
-4
-4
-1
0
0
0
0
-2
-1
-2
-4
-4
-4
-3
-2
-2
-1
1
1
0
-1
-1
2
1
-1
1
2
3
2
1
1
0
-1
-1
0
0
0
0
0
2
2
1
-1
0
2
2
1
1
4
4
2
1
-2
1
1
1
-1
-3
-1
1
1
1
1
1
3
2
2
3
2
1
1
1
0
1
3
4
3
3
2
3
3
-1
0
0
5
2
1
3
0
3
0
0
0
3
8
1
4
-2
-5
1
-1
-3
0
-2
-1
3
0
-2
0
0
-2
-2
-1
-2
-3
-4
-3
1
1
-1
-3
-1
0
-2
-3
1
1
-3
1
-1
-3
0
-4
-2
1
-4
-4
0
-3
-4
-2
-3
-2
-2
-5
-3
-2
-5
-3
-2
-2
-1
-1
-3
-3
-4
-4
-1
-1
-1
-1
-1
1
1
0
3
1
-2
3
0
-3
1
-1
0
4
0
2
5
2
0
1
0
2
3
0
3
3
3
1
1
6
2
0
3
2
2
2
3
3
0
2
4
4
2
1
1
2
2
-1
0
-2
-1
-2
-1
3
-1
-3
-1
1
-2
-4
0
1
1
1
2
0
2
1
1
3
5
2
0
2
2
-2
1
2
1
-1
-5
-4
-1
-2
-2
0
0
0
-3
-3
0
0
0
0
-3
-4
1
-1
-3
-1
-1
2
-1
0
0
-5
1
-1
-1
2
-4
-3
-2
-1
0
0
1
0
-2
-1
-3
-3
-1
-3
0
2
-2
0
1
0
1
0
-1
3
1
-1
0
-1
-1
-1
-2
-1
-1
-2
-1
-1
-1
-1
1
0
-2
1
1
0
1
1
0
3
1
-4
0
1
3
1
1
4
0
1
0
0
2
0
2
3
1
1
1
0
0
2
1
1
0
0
0
1
2
3
4
2
1
-1
-2
-2
1
1
0
3
4
3
-1
0
-1
-2
3
2
-2
-1
-1
-3
-2
-4
-3
1
0
0
2
2
1
1
1
0
-1
-1
1
0
1
0
0
1
0
-4
-6
-3
-3
-4
-3
0
-1
0
0
0
1
1
1
0
-1
-1
-3
2
3
2
2
0
1
0
2
2
0
1
1
0
-1
1
3
3
1
-1
-1
2
4
2
1
1
1
-1
1
3
3
0
2
1
-1
-1
-1
3
4
-2
1
5
0
0
-2
0
2
-2
2
2
1
2
1
3
-2
1
2
1
2
-1
2
3
2
2
-1
0
-1
-2
1
1
-3
0
-5
-3
1
-3
0
2
-3
2
0
-4
0
-4
-3
2
0
3
1
0
-1
0
1
0
2
1
1
3
1
1
1
3
2
-1
-3
0
1
0
2
0
0
4
0
-2
0
-3
0
6
4
4
3
-1
1
-1
-2
-1
0
-1
-2
-1
0
0
0
-3
-3
-1
-1
-4
-1
1
-4
-3
0
-3
-6
-1
0
-2
-1
2
3
2
2
0
-5
0
3
2
-1
-1
-1
-2
0
2
2
2
2
3
1
1
2
4
2
2
1
1
0
1
1
2
3
2
1
0
0
0
0
0
2
1
0
0
-1
0
1
3
3
2
1
0
0
0
0
0
-1
-2
0
0
1
1
1
-1
-1
0
1
-1
-2
-3
0
0
0
-2
-5
-3
-1
-2
-2
-1
0
0
5
6
4
-1
-1
0
-1
1
0
-1
-1
-1
3
5
4
1
3
2
0
1
-1
1
2
2
0
-1
-2
-1
-2
-2
-1
-2
-1
-1
-2
1
-1
-1
2
-1
-4
-1
-3
-2
-1
-3
-1
2
0
-2
0
-1
-2
0
2
3
2
0
1
0
0
0
2
3
1
0
0
0
1
3
2
2
4
0
-3
0
-2
-4
0
5
2
-1
1
1
-1
2
3
3
2
1
0
0
0
0
2
2
4
3
2
1
0
0
0
1
1
0
0
1
1
3
3
2
2
1
0
1
-1
-2
-2
-1
1
0
-1
-1
-2
-1
0
1
1
1
-1
-1
0
0
2
2
1
1
1
1
2
3
2
1
0
-1
-1
-2
-2
0
0
0
0
-1
0
0
-2
2
-1
1
4
0
5
0
1
1
0
3
-3
-2
-3
-4
-3
-2
-2
-1
0
1
1
1
-1
3
1
2
2
-1
4
-1
0
-2
-4
0
-6
-3
-3
-3
1
-1
1
1
1
2
0
3
1
0
6
2
-2
3
3
1
2
0
0
3
0
-1
-1
-4
-2
-1
0
1
2
1
1
2
0
-2
4
3
-1
0
-2
-5
-2
-5
-2
2
-1
0
0
-1
-2
1
0
2
2
3
1
-2
0
-1
2
2
0
0
0
0
0
1
1
1
1
2
3
2
3
3
0
1
1
0
-1
-4
-4
-3
-1
0
1
1
-1
-2
-1
0
2
2
1
1
2
3
2
2
1
1
1
0
-2
-3
-3
0
1
0
0
-1
0
1
2
2
1
0
0
1
2
-1
-2
-2
-1
-2
-2
-1
1
-1
-2
-3
-1
0
-1
-2
-2
-1
1
1
4
1
-1
1
1
0
1
-2
0
3
-2
-2
3
-1
1
1
-1
-1
1
3
1
-1
-1
0
2
1
0
-1
-2
-1
1
2
2
1
0
-1
-1
0
-1
0
-3
-2
-1
0
1
0
-2
-3
-4
-2
-2
0
1
0
-1
-1
0
1
2
2
2
0
0
1
2
2
2
2
3
2
0
2
5
5
2
2
3
4
1
3
4
2
0
-1
2
3
1
0
1
3
1
0
2
2
3
1
2
2
0
0
1
-1
-3
-3
-1
-1
-1
0
3
4
3
1
2
1
-1
-3
-3
-2
-1
-1
-1
0
0
-1
-2
-2
-2
-2
0
-1
0
-2
-1
-1
0
-1
-1
-2
-1
-2
-3
-1
-1
-1
1
1
1
1
0
0
1
1
1
1
0
0
1
1
0
0
2
-1
0
1
1
0
-1
1
3
4
1
-2
-1
0
-1
-3
-1
0
0
-2
-2
-2
1
0
0
5
7
1
-1
3
4
3
5
5
2
1
3
2
-1
1
4
5
4
3
3
3
3
1
1
0
-1
0
2
0
0
0
0
0
-3
-1
1
1
0
0
1
0
0
-2
-2
-1
0
1
0
-1
0
-2
-2
0
-2
-2
2
-1
-4
0
-1
-2
1
0
1
6
-1
0
4
2
1
1
0
1
-1
-3
-2
-3
-2
-2
-3
-1
-1
-4
-2
-4
-5
-2
1
-1
2
0
-2
-1
0
0
1
1
1
1
1
0
0
0
2
1
0
-1
1
0
0
0
1
1
-1
-1
0
2
2
-1
0
2
1
1
1
-1
2
1
-1
1
2
-1
0
4
1
-3
0
4
0
-1
2
4
2
2
2
2
3
1
0
0
2
3
2
1
3
4
2
2
1
1
1
0
0
0
1
1
2
2
3
2
3
3
0
-2
-2
-1
-1
1
0
0
-1
1
1
1
1
1
1
-2
-2
-2
-3
-2
1
1
0
0
-1
-2
0
1
0
1
-2
-1
0
-1
-1
-3
-3
-1
0
-1
-3
-4
-4
0
1
1
-1
1
2
0
-2
-3
-4
-3
-1
-1
-3
-6
-5
-3
-1
0
0
-1
0
-2
-5
-2
0
1
0
-1
0
0
1
1
3
1
0
1
2
2
1
1
0
2
1
0
2
1
0
-1
-1
0
1
2
-1
-1
-1
-1
-3
0
1
-2
-3
2
3
-2
1
2
-1
-1
-3
-1
2
-3
1
6
0
0
5
3
1
1
2
2
0
-1
2
4
3
1
2
0
1
2
2
2
2
1
2
1
-1
2
3
3
2
1
3
2
2
0
0
1
1
1
2
1
0
-1
0
0
-1
-2
-2
0
-1
-2
-3
-1
0
0
2
1
2
1
1
0
1
0
1
1
1
0
0
-1
0
0
0
1
1
1
0
0
3
2
2
1
1
-1
-1
0
1
0
0
1
1
0
-1
2
1
-4
2
2
0
6
2
3
3
-1
0
1
1
0
0
-2
0
0
2
1
0
0
-1
-1
0
0
0
0
0
0
0
-1
1
0
1
2
2
3
3
2
1
0
0
-2
-3
-2
1
1
1
1
4
3
1
2
1
1
1
1
1
0
-1
-1
0
1
-2
-2
-1
0
-1
-1
0
-1
0
-1
1
1
1
3
3
5
3
1
3
1
1
-1
-3
-2
0
1
-1
1
1
0
-1
2
-2
-5
-3
0
0
-3
-1
3
1
3
6
1
0
5
1
0
0
-3
-1
2
-3
-4
0
-2
-2
-1
-3
-1
-2
-5
-1
1
-1
0
2
0
0
2
2
1
-2
-3
1
2
2
1
2
5
5
5
5
4
4
4
3
1
-1
-1
-1
-1
-1
0
1
0
-1
-1
1
1
0
-2
-1
0
0
-1
-1
-2
1
2
0
-1
1
3
2
3
3
-1
0
4
4
0
2
6
3
0
0
1
-1
0
0
0
0
1
0
3
2
2
1
2
2
0
-2
-2
0
1
-1
1
1
3
1
1
0
0
0
-3
-5
-4
-3
-2
0
1
2
2
2
1
0
-3
-2
-1
0
1
-1
1
5
4
1
0
1
2
1
-2
-2
0
2
1
1
1
1
0
0
0
1
0
1
2
1
-1
-2
-3
-3
-5
-4
-3
-2
-1
0
1
1
-1
-1
0
0
2
1
-1
0
1
3
3
1
-3
-4
-3
-1
-1
0
0
0
1
0
-1
1
1
-2
0
2
-2
-3
0
0
-4
-4
0
-1
-3
-1
-1
-2
-1
0
0
0
0
1
1
3
2
1
1
0
-1
0
0
1
1
1
1
2
0
0
0
1
1
-1
0
-1
-2
-2
-1
0
1
1
1
0
0
0
1
2
3
4
3
2
0
0
1
0
2
2
3
5
3
1
0
-2
-2
0
1
2
3
1
0
-1
-2
-1
1
2
2
1
1
1
2
1
1
0
-1
-3
-5
-6
-7
-5
-4
-3
-2
-4
-4
-4
-5
-2
0
1
1
0
0
0
-1
-1
-1
0
0
-1
0
-1
1
2
1
-1
-2
-3
-1
0
2
4
4
4
3
2
2
2
1
1
2
2
2
-1
0
-1
-1
0
-1
0
2
2
4
6
4
0
1
3
0
-1
3
1
-1
0
2
-2
-3
-3
-3
-5
-3
-3
-4
-4
-5
-5
-3
-3
-5
0
1
1
7
5
3
6
1
-2
-1
-4
-3
-1
-3
-1
2
0
2
2
2
2
4
3
5
6
5
5
5
3
1
0
1
1
1
3
4
3
2
1
-1
-3
-2
-3
-2
-2
-2
1
1
-2
0
4
-1
-1
5
6
3
2
1
1
1
5
5
2
1
1
0
0
1
1
0
-1
-1
-1
-4
-7
-3
3
4
2
3
4
4
1
-1
2
5
2
2
1
-5
-6
-3
-7
-6
-2
-6
-5
-3
-6
-8
-4
-5
0
4
7
8
9
9
6
3
5
3
-1
0
2
-4
-6
-4
-4
-5
-1
1
-2
-1
5
6
3
3
5
5
5
0
-1
-1
-1
0
2
0
2
4
3
4
1
-5
-5
2
-5
-13
-1
-4
-6
0
-6
0
-2
-3
3
0
1
3
-1
2
-2
1
-5
-6
0
-1
-4
0
3
3
1
7
7
3
10
10
4
8
7
3
5
3
0
0
-5
-4
-5
-5
-5
-7
-5
-7
-11
-6
-7
-8
2
3
5
10
9
7
11
11
8
10
13
9
6
5
-2
-7
-3
-1
-1
1
0
-3
-4
-3
-2
0
2
0
3
5
0
-3
-2
-1
-1
2
0
-5
-3
-4
-6
-1
2
-1
0
0
-5
-8
-8
-3
-6
0
7
3
0
1
-3
-4
1
6
9
7
7
3
-2
-2
-5
-6
-7
-6
0
4
2
1
-1
-1
2
5
8
12
12
15
14
11
8
3
9
4
2
7
-1
-1
7
-2
-6
-13
-19
-10
-16
-15
-8
-17
-10
-8
-2
8
-8
9
28
-6
8
35
-2
-2
26
4
-27
-17
3
-25
-24
28
3
-35
8
2
-42
-9
16
-4
6
45
59
52
41
47
84
77
75
89
73
18
-47
-41
-103
-183
-137
-89
-17
84
206
277
193
159
153
93
66
-31
-151
-255
-465
-772
-1026
-1165
-1159
-834
-237
265
496
587
634
684
858
1056
1111
1123
1096
849
492
93
-295
-538
-607
-415
-187
-99
-91
-207
-237
-153
-115
-77
-94
-167
-262
-346
-387
-407
-368
-351
-345
-237
-104
-62
-50
107
279
241
162
201
204
131
92
142
237
208
104
94
96
86
72
27
27
-1
-59
-28
-5
-22
-46
-112
-97
-43
-50
3
12
9
43
16
-17
-73
-34
30
35
78
68
-5
-64
-48
-21
-41
-105
-151
-134
-146
-154
-139
-159
-177
-100
38
128
124
128
188
198
206
229
248
193
105
82
52
40
-51
-108
-15
-30
-69
-33
-5
-30
-40
-18
-8
11
12
-30
-68
-43
-42
-135
-132
-41
-42
-65
-8
46
39
-12
5
85
77
6
-28
-27
-68
-152
-134
-61
-76
-70
-7
41
83
110
135
167
130
95
96
70
61
11
-42
-92
-154
-138
-151
-123
-33
27
106
110
81
75
24
43
67
14
-6
-32
-60
-78
-148
-131
-75
-49
33
102
154
166
107
126
139
74
63
23
-44
-99
-154
-120
-139
-159
-107
-106
-94
-51
14
61
61
89
94
39
-4
5
4
-2
35
85
76
43
66
94
84
95
129
111
48
9
3
6
-18
-57
-70
-83
-111
-96
-31
-44
-104
-39
39
-53
-127
-94
-108
-137
-118
-113
-116
-129
-108
-7
52
17
12
85
99
55
106
154
14
-82
37
64
-58
-18
151
139
21
19
42
-22
-57
57
112
41
3
-43
-87
-88
19
87
12
53
143
73
-26
40
180
73
-128
-54
-2
-138
-195
-181
-157
-204
-184
14
124
108
27
6
125
223
334
411
282
105
34
-64
-208
-237
-155
-226
-410
-312
-51
-9
-54
44
170
121
-8
69
278
333
195
56
1
-124
-337
-341
-248
-362
-379
-177
-38
-1
98
176
69
36
117
189
308
307
233
156
-62
-267
-299
-211
-144
-191
-195
-138
-89
62
137
79
129
140
123
234
344
375
270
92
-112
-274
-218
-140
-161
-158
-129
-177
-271
-190
39
156
115
85
146
262
332
265
117
-65
-231
-231
-57
62
105
106
-50
-195
-22
226
180
118
189
168
137
243
361
294
144
-95
-385
-356
-215
-225
-186
-113
-44
-28
-74
-69
-5
-4
-238
-354
-25
204
1
-77
109
18
-233
-116
267
376
200
85
116
86
-111
-128
7
-28
-325
-481
-123
148
43
6
115
62
-184
-200
112
315
201
57
95
137
-41
-175
28
204
116
81
241
338
201
35
54
34
-272
-566
-433
-162
-252
-373
-156
-19
-105
-8
329
545
397
181
227
242
-11
-233
-233
-301
-621
-729
-413
-224
-244
-38
194
140
117
352
488
328
207
217
52
-234
-333
-278
-326
-448
-340
-51
29
-43
166
488
430
221
360
536
263
-77
-14
70
-271
-585
-365
-129
-386
-501
27
455
262
140
481
578
247
207
446
313
-65
-181
-116
-156
-278
-302
-213
-221
-349
-221
216
453
403
442
490
289
90
58
-57
-273
-423
-439
-422
-399
-379
-316
-154
-93
6
246
400
452
513
617
506
203
42
-7
-134
-268
-236
-176
-246
-281
-162
-9
155
289
298
305
335
309
246
124
-66
-303
-515
-553
-438
-321
-318
-371
-271
-53
84
219
328
302
254
167
160
234
172
-18
-263
-351
-428
-652
-621
-385
-286
-260
-95
211
330
254
404
590
433
127
10
73
-80
-330
-296
-174
-216
-306
-187
27
73
39
142
306
192
-56
-37
64
-93
-290
-140
15
-93
-47
162
252
177
184
394
460
336
257
228
103
-184
-265
-11
24
-98
133
485
517
341
447
615
368
107
225
458
359
77
113
270
160
59
264
430
278
154
298
440
411
361
323
230
80
-55
17
127
126
145
166
153
58
72
164
65
-134
-244
-256
-389
-608
-723
-784
-892
-1038
-1032
-798
-606
-593
-500
-260
-148
-205
-141
30
-68
-345
-480
-622
-940
-1295
-1629
-2011
-2446
-2798
-2865
-2696
-2462
-2131
-1649
-1146
-694
-159
437
786
803
747
696
503
269
173
62
-180
-281
-115
111
357
691
1008
1215
1403
1624
1851
2000
1984
1849
1729
1623
1374
1211
1220
1143
990
959
1229
1476
1566
1720
1871
1920
1857
1803
1802
1776
1608
1379
1217
1115
1048
900
925
1151
1203
1204
1399
1719
1786
1613
1527
1347
980
594
231
-124
-604
-1078
-1313
-1393
-1518
-1649
-1616
-1671
-2045
-2374
-2585
-3198
-4218
-5208
-6172
-7146
-7661
-7404
-6728
-5857
-4580
-3019
-1494
-34
1252
2087
2388
2285
1931
1438
920
349
-336
-982
-1498
-1838
-1854
-1702
-1630
-1435
-938
-335
234
870
1538
1949
2109
2352
2681
2812
2697
2466
2128
1693
1303
1036
856
735
629
559
655
888
1106
1251
1372
1507
1604
1666
1851
2056
1997
1756
1549
1328
1097
936
852
878
976
1084
1286
1536
1647
1607
1551
1498
1337
1142
1043
849
520
360
360
320
315
457
593
556
503
626
727
591
383
279
159
-129
-433
-553
-681
-1026
-1343
-1450
-1654
-2112
-2515
-2851
-3523
-4524
-5460
-6288
-7082
-7465
-7133
-6398
-5523
-4245
-2461
-596
1002
2286
3136
3369
3046
2427
1724
996
159
-803
-1686
-2252
-2474
-2488
-2388
-2207
-1949
-1577
-1002
-168
826
1732
2369
2800
3173
3420
3341
2898
2169
1245
315
-425
-952
-1330
-1571
-1699
-1646
-1100
118
1676
3092
4184
4853
4879
4364
3777
3269
2518
1463
511
-111
-504
-594
-239
275
564
792
1338
2086
2630
2912
3037
2870
2400
1949
1671
1330
828
346
59
74
367
672
806
919
1068
1050
889
822
770
443
-73
-388
-458
-593
-837
-980
-1173
-1744
-2480
-3042
-3682
-4708
-5875
-7019
-8291
-9400
-9689
-8942
-7381
-5218
-2706
-246
1788
3299
4447
5208
5211
4399
3203
1859
359
-948
-1726
-2300
-3000
-3538
-3643
-3548
-3334
-2699
-1669
-705
112
1148
2379
3371
4017
4502
4647
4124
3185
2376
1671
680
-432
-1114
-1368
-1545
-1485
-915
-257
57
343
980
1708
2030
1955
1819
1736
1626
1722
2268
2857
2845
2219
1646
1201
811
585
412
290
-23
-305
-236
134
498
421
363
609
917
1261
1703
2037
1952
1589
1225
966
731
380
-87
-487
-717
-770
-568
-339
-379
-447
-259
-90
-69
145
485
526
419
587
792
534
-79
-669
-1399
-2714
-4511
-6309
-8147
-10133
-11488
-11210
-9361
-6717
-3648
-419
2385
4430
6025
7345
7914
7192
5430
3515
1690
44
-1254
-2246
-3320
-4756
-5638
-5581
-4991
-4136
-3123
-1885
-674
723
2570
4440
5712
6079
5783
5119
4219
3108
1817
393
-1033
-2128
-2526
-2158
-1414
-625
109
698
1136
1583
2052
2331
2323
2090
1706
1254
772
185
-430
-831
-915
-663
-14
846
1471
1743
1942
2146
2136
1843
1383
752
-49
-774
-1161
-1226
-1163
-1078
-893
-436
365
1339
2180
2687
2791
2515
2043
1596
1117
400
-507
-1341
-1915
-2142
-2060
-1855
-1533
-929
-121
731
1713
2664
3047
2777
2312
1795
987
-129
-1419
-2988
-5047
-7450
-9649
-11167
-11761
-11083
-8849
-5605
-2402
469
3366
6077
7938
8837
8911
7814
5454
2708
496
-1215
-2812
-4313
-5591
-6522
-6776
-6193
-5146
-3989
-2676
-1237
172
1789
3758
5411
6064
5942
5501
4740
3657
2423
1031
-542
-2023
-2961
-3054
-2439
-1609
-872
-146
651
1500
2350
2937
2991
2625
2045
1302
614
259
-44
-718
-1511
-1955
-2143
-2148
-1435
199
2029
3333
4127
4468
4122
3174
2055
955
-228
-1369
-2088
-2170
-1684
-800
258
1207
1938
2588
3188
3516
3514
3332
2874
1906
682
-344
-1248
-2292
-3195
-3508
-3350
-2933
-2028
-506
1171
2649
4087
5336
5807
5443
4662
3354
1297
-999
-3126
-5462
-8199
-10879
-13116
-14530
-14321
-12036
-8397
-4615
-1250
1881
4950
7664
9585
10379
9672
7355
4159
1224
-1049
-3023
-4959
-6741
-8135
-8625
-7701
-5824
-4062
-2653
-1112
575
2246
4199
6267
7398
7070
6029
5053
4005
2519
786
-793
-2268
-3623
-4249
-3764
-2782
-2022
-1363
-404
832
2083
3110
3685
3722
3348
2715
2003
1479
1098
478
-448
-1210
-1603
-1879
-1930
-1272
86
1555
2730
3520
3766
3358
2505
1566
575
-513
-1400
-1731
-1601
-1334
-842
102
1221
1993
2449
2890
3254
3186
2579
1859
1025
-118
-1333
-2222
-2682
-3255
-3663
-3318
-2316
-889
649
2384
4132
5544
6539
6885
6721
5820
3922
1460
-993
-3057
-5136
-7331
-9295
-11133
-12736
-13731
-13312
-11089
-7615
-3685
-139
3091
6172
8529
10037
10580
9711
7240
3768
559
-2038
-4120
-5755
-7354
-8480
-8588
-7699
-6117
-4345
-2584
-992
651
2598
4568
6238
7356
7491
6504
5156
4067
2793
761
-1410
-2872
-3850
-4754
-5063
-4205
-2872
-1925
-1285
-40
1720
2859
3512
4291
5032
4893
4122
3796
3379
1976
145
-995
-1713
-2725
-3575
-3491
-2751
-1943
-466
1789
3810
4658
4336
3789
2928
1509
189
-539
-824
-1479
-1933
-1059
576
1837
2084
2038
2099
1734
1228
870
602
-81
-1146
-1554
-1422
-1522
-2023
-2364
-2130
-1655
-858
587
2356
3691
4733
5826
6589
6561
5658
4187
1791
-1216
-3737
-5864
-8107
-10452
-12368
-13730
-14167
-12542
-8803
-4398
-749
2091
4702
7095
8800
9565
9559
8137
4976
1530
-969
-2652
-4362
-6286
-7857
-8893
-8836
-7454
-5433
-3422
-1868
-209
2014
4205
6099
7641
8228
7220
5426
4252
3261
1450
-724
-2229
-3160
-4023
-4361
-3708
-2462
-1733
-1575
-850
577
1992
2857
3560
4260
4238
3683
3177
2796
1973
414
-1001
-1949
-2646
-3133
-3068
-2196
-1139
153
1762
3216
3723
3104
2367
1607
581
-579
-1161
-984
-991
-1035
-277
1259
2373
2471
2328
2374
2354
2075
1737
1263
377
-650
-1426
-1612
-1505
-1531
-1724
-1993
-1669
-639
746
2122
3310
4526
5468
6057
6481
6465
5360
3037
462
-1576
-3335
-5002
-6057
-6581
-7455
-9218
-10925
-11575
-11334
-9876
-6846
-2915
408
2643
5136
7898
9416
9311
8078
5816
2324
-1458
-3925
-5098
-5903
-6602
-7078
-6839
-5645
-3985
-2167
-642
387
1204
2181
3869
5490
6250
6324
5877
5034
3712
2478
1234
-746
-3082
-4837
-5405
-5277
-4685
-3470
-2108
-977
-32
1412
3170
4347
4999
5351
5397
4786
3934
3180
1851
58
-1586
-2635
-3552
-4430
-4547
-4095
-3471
-2579
-700
1793
3402
3986
4177
4220
3731
2894
2475
2017
985
-171
-589
-26
708
1023
729
154
-37
253
626
794
837
621
36
-332
36
466
79
-542
-268
789
1726
2467
3416
4181
4252
4014
3932
3502
2097
99
-1730
-3120
-4218
-5270
-6501
-8043
-10042
-12089
-12832
-11459
-8356
-4783
-1687
920
3206
5549
7558
8618
8678
7168
4187
1032
-1298
-2834
-4201
-5542
-6749
-7784
-7613
-5780
-3613
-2101
-1090
193
1758
3228
4911
6326
6468
5309
3881
2982
2057
546
-1159
-2388
-3162
-3785
-3839
-3057
-1879
-1289
-1153
-390
1041
2535
3371
3849
4303
4587
4665
4209
3407
2042
58
-1794
-2883
-3313
-3708
-3554
-2774
-2184
-1513
-20
2066
3410
3794
3880
3646
3173
2652
2564
2557
1728
438
-318
74
599
438
126
-115
-128
77
724
1582
1641
1099
631
635
653
215
-164
-592
-1090
-1218
-509
800
1834
2591
3105
3260
3274
3458
3522
2637
981
-573
-1766
-2994
-4068
-4414
-4785
-6206
-8457
-10323
-11251
-11518
-10263
-7103
-3426
-758
1301
4172
7059
8380
8150
7169
5373
2513
-232
-1586
-2099
-3122
-4644
-5711
-5777
-5246
-4280
-3000
-2118
-1589
-752
989
3038
4474
5344
5627
5223
4281
3429
2877
1713
-375
-2299
-3110
-3397
-3737
-3471
-2427
-1585
-1457
-749
1152
2811
3492
3925
4732
4990
4171
3347
2656
1268
-774
-2193
-2559
-2845
-3243
-3111
-2428
-1744
-849
865
2953
4177
4290
4261
4478
4321
3672
3248
2931
1671
-383
-1681
-1718
-1733
-2419
-2941
-2626
-1805
-685
849
2270
2735
2358
1947
1694
1174
253
-801
-1708
-2107
-1661
-558
548
1259
1754
2264
2695
3106
3723
3970
2893
1070
-29
-588
-1672
-2926
-3875
-5637
-8770
-11775
-13359
-13771
-13065
-10398
-5875
-1252
2239
5317
8668
11038
11154
9801
8045
5427
1911
-790
-1862
-2820
-4669
-6287
-6841
-6928
-6805
-6094
-5021
-3869
-2203
163
2784
5285
7313
8272
7965
6844
5394
3780
1952
-136
-2220
-3863
-4879
-5259
-4871
-3789
-2666
-1984
-1285
100
1742
2808
3424
4126
4612
4183
3256
2684
2118
681
-974
-1627
-1604
-1908
-2292
-1790
-1358
-1707
-1506
219
2588
3711
4048
4511
4458
3744
2843
2467
1694
-213
-1873
-2344
-1762
-1396
-1451
-1011
-419
245
1154
2492
3484
3010
1953
1115
380
-508
-1255
-1546
-1831
-1887
-1070
352
1525
2412
3312
3968
4196
4353
4603
4323
3157
1634
267
-1227
-3032
-4644
-6163
-8534
-11676
-14137
-15068
-14335
-11477
-6526
-1167
2812
5552
8016
10192
11151
10544
8801
6319
3200
197
-1597
-2623
-4120
-6697
-9007
-9921
-9902
-8936
-7351
-5408
-3269
-562
3038
6295
8642
9867
9598
8086
6118
4398
2572
324
-1873
-3442
-4453
-5316
-5892
-5790
-5226
-4851
-4208
-2399
215
2622
4255
5770
6868
6739
5897
4855
3854
2091
-211
-1787
-2544
-2893
-3399
-3401
-2411
-1197
-139
1141
2689
3565
3568
3706
4383
4688
4185
3526
2844
1475
-528
-1902
-2110
-2155
-2678
-2797
-1671
97
1542
2510
2965
2461
1201
345
338
200
-644
-1311
-1076
-441
141
857
1544
1761
1723
1892
2225
2675
3282
3503
2836
1809
975
-158
-1960
-3684
-4975
-6723
-9300
-11764
-13340
-13894
-12900
-9537
-4411
304
3413
5611
7505
8673
8684
8024
7011
4888
1835
-351
-1250
-2343
-4297
-6450
-8393
-9946
-10281
-8970
-6974
-4996
-2455
824
4095
7043
9559
10698
9697
7463
5552
4159
2547
700
-1038
-2751
-4482
-5822
-6150
-5611
-5245
-5196
-4412
-2320
584
3344
5344
6560
7163
7166
6734
6159
5269
3439
884
-942
-1624
-2349
-3383
-3702
-3588
-3913
-3684
-1507
1873
4175
5240
6184
6504
5801
4590
3729
2759
395
-2019
-3058
-2839
-2366
-2449
-2093
-1665
-1445
-734
505
1785
1890
1651
1789
1736
1404
912
458
-553
-1546
-1454
-722
-92
491
1401
2107
2615
3496
4379
4357
3050
1532
82
-1674
-3370
-4861
-6268
-8735
-11943
-14121
-14672
-13415
-10382
-5683
-657
3052
5511
7426
8968
9746
9625
8663
6824
4272
1721
-223
-1942
-4197
-7101
-9822
-11313
-11058
-9385
-7138
-4781
-2055
1299
4878
7947
9979
10634
9740
7738
5748
4455
3301
1500
-704
-2652
-4256
-5650
-6607
-6847
-6456
-5737
-4607
-2464
642
3343
4713
5550
6467
6646
5784
4951
4429
3234
1362
50
-429
-994
-1790
-2059
-1714
-1386
-1092
-289
928
1798
2057
2275
2699
2734
2115
1446
907
-44
-1278
-1873
-1628
-1239
-1043
-721
-61
649
1060
1144
1124
940
476
43
-102
-132
-355
-615
-681
-578
-422
-119
220
499
1189
2166
3157
3814
4225
4463
3707
2441
1130
-284
-1780
-3361
-4283
-5116
-6751
-8931
-11036
-12425
-12805
-10788
-6196
-1278
2262
4127
5507
6460
6503
6486
6421
5544
3549
1656
992
501
-1165
-3801
-6556
-8915
-9813
-8688
-6679
-4719
-2594
-173
2028
3875
5589
6582
6103
4685
3789
4034
4629
4248
2763
998
-1118
-3404
-5066
-5403
-5151
-5328
-4898
-3196
-656
1280
2107
2791
3289
3542
3848
4889
6160
5891
4307
3016
2159
761
-988
-2157
-2669
-3101
-2974
-1422
734
1825
1516
916
710
896
1309
2065
2641
2186
1281
730
717
792
545
-260
-1493
-1596
-18
1500
1579
861
310
-293
-832
-468
533
631
-434
-935
87
1341
1678
1790
2240
2546
2714
3341
4032
3701
2313
867
-220
-1440
-3222
-5613
-8190
-10878
-13511
-14789
-13508
-9747
-5397
-2120
339
2286
3798
5018
6175
7371
7724
6958
5689
4390
2976
835
-2042
-5178
-7859
-9111
-8393
-6839
-5851
-5132
-4046
-2511
-821
1287
3643
5082
5548
5894
6824
7563
6542
4068
1665
160
-1103
-2462
-2986
-2747
-2770
-3534
-4180
-3709
-2719
-2040
-1645
-611
1555
3792
5215
5885
6178
5885
4496
3090
2724
2620
1926
1080
1131
1436
700
-535
-1510
-2162
-2510
-2288
-1244
-61
623
891
915
741
308
124
626
1526
2146
2285
2403
2307
1806
656
-678
-1346
-1792
-1868
-1411
-730
-699
-1628
-1977
-1519
-1053
-697
51
1382
2595
3469
4156
4461
4055
3087
2216
1743
1278
289
-909
-1773
-2345
-3378
-5491
-7913
-10313
-12528
-13469
-11667
-7010
-2419
249
1304
1468
1507
1717
2875
4869
6555
7123
6646
6044
5209
3159
-500
-4609
-7418
-8139
-6903
-5197
-4122
-3902
-4244
-4113
-3301
-1525
770
2565
3864
5043
6742
8135
7874
6112
4067
2635
1419
193
-492
-727
-1756
-3876
-5474
-5261
-4102
-3475
-2916
-1127
1370
2941
3652
4595
5129
4083
2652
2771
3838
4028
3212
2351
1502
224
-1049
-1532
-1444
-1677
-2182
-1987
-803
461
1023
1032
865
513
99
220
1271
2464
2581
1761
1232
1477
1617
920
-35
-573
-863
-916
-601
-384
-822
-1831
-2540
-2016
-471
1069
1990
2359
2793
3666
4322
4150
3421
2422
1363
666
202
-854
-3158
-6514
-10013
-12851
-14317
-13544
-10511
-6751
-4128
-3006
-2261
-1017
770
3110
5844
8160
9301
9238
8286
6651
4400
1510
-1735
-4290
-5175
-4676
-4189
-4851
-6312
-7343
-7397
-6547
-4528
-1385
1480
2848
3622
4956
6095
5941
4899
4287
4526
4737
4534
4100
2882
538
-2331
-4604
-5367
-4984
-4349
-3738
-2905
-1564
-357
-34
92
610
1306
2462
4364
6299
7084
6538
5672
4871
3771
2659
1939
1236
188
-828
-1390
-1770
-2460
-3279
-3685
-3506
-3061
-2389
-1170
340
1334
1491
1610
2088
2711
3179
3320
3192
2635
2022
1288
325
-627
-1711
-2758
-3521
-3175
-1961
-1223
-951
-538
233
862
1439
2729
3919
3961
3333
3112
3240
2629
1395
216
-1496
-4460
-7947
-10633
-12212
-12582
-10960
-7592
-4767
-4220
-4953
-4955
-3549
-1062
2314
5950
8502
9249
8719
7677
6492
5132
3143
599
-1183
-1269
-951
-2133
-4713
-7106
-8509
-8929
-7848
-5185
-2158
-461
-11
752
2074
3220
3838
4641
5914
6819
7276
7307
6412
4235
1486
-540
-1541
-1420
-683
-803
-2081
-3439
-4063
-4441
-4683
-3934
-2404
-704
1021
2806
4258
4658
4517
4650
5152
5632
5740
5676
4962
3182
1140
-181
-735
-1505
-2428
-2802
-3007
-3276
-3172
-2328
-1502
-1345
-1100
-243
1157
2588
3452
3646
3326
3021
2764
2334
1860
1030
-169
-1178
-1150
-254
70
-330
-618
-450
-350
-509
-74
669
559
-291
-470
173
-226
-2428
-5114
-7261
-8944
-9485
-7808
-5021
-3894
-5293
-7093
-7076
-5014
-1890
1365
4039
5555
5719
5002
4453
4822
5535
5284
4073
3212
3029
2184
-131
-2944
-5076
-6223
-6397
-5551
-4279
-3653
-4001
-4368
-3711
-2135
-179
1490
2743
3983
5300
6236
6054
5532
5374
4910
3937
3238
3161
2509
536
-1777
-3020
-3174
-3056
-3029
-3070
-2913
-2806
-2504
-1541
-339
812
1901
3210
4656
5485
5557
5161
4383
3655
3198
2980
2765
1926
568
-883
-2095
-2903
-3288
-2837
-2108
-2111
-2495
-2236
-1304
-484
177
1080
1974
2425
2582
2683
2481
1783
943
720
1287
1863
1720
859
151
-223
-617
-711
-344
191
107
-325
-346
-542
-1836
-4108
-6073
-7259
-8068
-8123
-6581
-4602
-4549
-6323
-7775
-7205
-5025
-2286
617
2812
3845
3921
3699
4162
5296
6479
6927
6482
5940
5270
3716
1119
-1562
-3095
-3376
-3214
-3483
-4550
-6072
-7229
-7365
-6373
-4543
-2405
-621
541
1630
3069
4228
4590
4995
6356
7820
7952
6959
5803
4396
2397
689
110
-7
-842
-2441
-3975
-4997
-5396
-5316
-4599
-3321
-2076
-938
-32
618
1170
2132
3802
5441
6633
7171
6784
5581
4130
3059
2386
1860
1373
953
519
-267
-1490
-2696
-3273
-3124
-2582
-2156
-2025
-1781
-1342
-767
-137
526
1060
1184
1610
2553
3250
3254
3030
3274
3373
2851
2276
1866
1007
-486
-1628
-2123
-2998
-4933
-7166
-8764
-9691
-9625
-8336
-6766
-6438
-7795
-8855
-7697
-4659
-1372
656
1526
1852
2001
2733
4264
6199
7462
7256
6438
6001
5799
4883
3128
1500
513
-53
-545
-1379
-3065
-5401
-7230
-7476
-6435
-5298
-4721
-4461
-4124
-3546
-2296
-412
1562
2962
3918
4871
5518
5963
6289
6483
6310
6017
6134
5737
4341
2285
118
-1686
-2709
-2302
-1506
-1754
-2803
-3730
-4084
-4216
-3946
-2786
-1332
-211
715
1846
2972
3476
3519
3732
4280
4812
5092
5212
5173
4731
3655
2190
991
411
-56
-1059
-2291
-3117
-3580
-3945
-3906
-3328
-2734
-2428
-1997
-952
102
621
988
1748
2952
3808
4203
4331
4058
3368
2332
1311
66
-1730
-3730
-5397
-6393
-6814
-6871
-7104
-8305
-10330
-11692
-10906
-8005
-4691
-2456
-1470
-1571
-2042
-1504
640
3734
6252
7219
7069
6526
6220
6366
6173
5329
4506
4048
3569
2440
667
-1246
-3017
-4067
-4037
-3831
-4309
-5324
-6294
-6456
-5523
-4067
-2713
-1701
-905
-7
973
1871
2869
3880
4563
5139
5890
6405
6248
5653
5095
4439
3487
2836
2669
1944
374
-771
-754
-644
-1595
-2919
-3485
-3662
-3814
-3402
-2429
-1554
-1135
-726
290
1477
2348
3331
4477
5222
5202
4542
3950
4025
4477
4416
3318
1743
464
-604
-1641
-2238
-2308
-2472
-2870
-2817
-2293
-2226
-2688
-2640
-1786
-862
-77
962
1891
1920
1322
938
640
-259
-1644
-2922
-3911
-4456
-4233
-3757
-4444
-6710
-8985
-9397
-7728
-5441
-4042
-3783
-4060
-4127
-3305
-1325
1323
3388
4028
3966
4256
5023
5944
6544
6503
5978
5181
4277
3412
2464
1360
301
-435
-877
-1456
-2467
-3716
-4656
-4637
-3653
-2705
-2634
-3025
-2997
-2419
-1490
-215
1089
1838
1949
2009
2539
3267
3784
4227
4613
4558
4038
3782
4209
4272
3121
1769
1080
530
-137
-472
-455
-619
-1119
-1561
-1852
-2108
-2078
-1656
-1108
-472
432
1522
2553
3327
3487
2882
2291
2607
3469
3897
3640
2952
2048
1297
983
763
169
-629
-1157
-1270
-1151
-1005
-946
-1010
-1192
-1306
-1121
-934
-1306
-2256
-3230
-3602
-3485
-3707
-4479
-5019
-4703
-4243
-4971
-6534
-7406
-6914
-5116
-2849
-1503
-1713
-3092
-4224
-3675
-1556
1089
2936
3100
2201
1541
2077
3645
4973
5583
5844
5694
4993
3955
3286
3388
3425
2721
1523
46
-1589
-3046
-3663
-3207
-2876
-3680
-4623
-4591
-4314
-4581
-4420
-2961
-1225
-408
-211
328
1427
2555
3544
4713
5592
5348
4610
4681
5265
5332
5184
5331
5000
3559
1870
898
301
-566
-1315
-1426
-1474
-2080
-2589
-2378
-2120
-2401
-2570
-2025
-1122
-264
522
1238
1956
2744
3332
3465
3411
3498
3445
3141
3023
2992
2519
1752
1307
1110
454
-414
-684
-776
-1183
-1328
-866
-367
-686
-1691
-2536
-3419
-4628
-5435
-5582
-5338
-4854
-4467
-4853
-6514
-8361
-8583
-6950
-4521
-2604
-2304
-3164
-3646
-3009
-1520
158
1790
2678
2195
1418
1745
3189
4191
4370
4690
5025
4748
4044
3826
3957
3708
3400
3371
2865
1240
-476
-933
-466
-488
-1507
-2836
-3829
-4386
-4576
-4297
-3648
-3129
-3127
-3286
-2930
-1997
-1014
-277
522
1487
2342
3094
4102
5114
5417
5066
4911
5239
5180
4652
4311
4152
3630
2622
1865
1087
-28
-833
-1134
-1371
-1975
-2487
-2479
-2010
-1267
-757
-698
-747
-569
-240
233
993
1885
2606
3163
3658
3686
2971
2180
2106
2474
2569
2386
2064
1247
85
-592
-599
-688
-1159
-1667
-2170
-2920
-3740
-4441
-5238
-5644
-5254
-4789
-5459
-7157
-8234
-8055
-6769
-5119
-4242
-4581
-5533
-5709
-4552
-2587
-706
644
1291
1402
1675
2719
4399
5422
5470
5118
4687
4301
3917
3940
4336
4512
3957
2808
1861
1286
788
583
977
1290
518
-943
-1719
-1752
-2068
-2626
-2838
-2960
-3658
-4643
-4710
-3739
-3050
-2948
-2388
-1397
-965
-826
344
2360
3720
4260
4968
5669
5600
5419
5770
6305
6109
4970
4099
3758
3341
2675
1997
1247
-181
-1862
-2580
-2051
-1586
-2074
-2471
-1893
-1038
-719
-521
-83
-14
-207
492
2080
2933
2525
2076
2171
2387
2500
2811
2629
1541
622
414
482
114
-409
-1161
-2418
-3270
-3465
-3657
-4393
-4765
-4422
-4640
-5745
-6790
-6817
-6322
-5921
-5540
-5451
-5570
-5557
-5007
-3818
-2608
-1646
-1172
-1179
-820
158
1689
3298
3974
3860
3758
4042
4301
4243
4370
4628
4431
3743
3228
3016
2489
1918
2107
2566
1887
249
-556
-87
135
-586
-1219
-1364
-1884
-2895
-3298
-2773
-2455
-2986
-3394
-2924
-2427
-2531
-2200
-877
144
230
694
2053
2942
2980
3461
4530
4776
4212
4319
5032
4986
4334
4277
4368
3407
2046
1746
2072
1677
629
-323
-1015
-1700
-1971
-1687
-1589
-1864
-2143
-1788
-864
-24
410
375
547
1056
1356
1517
1966
2797
3047
2503
2197
2157
1782
989
462
146
-871
-2375
-3602
-4201
-4385
-4466
-4493
-4901
-6089
-7570
-8006
-6943
-5500
-4821
-5137
-5545
-5309
-4516
-3553
-2564
-1309
-719
-1146
-1097
310
2056
2655
2546
2676
2792
2469
2265
2954
3930
4070
3679
3604
3289
2458
2062
2700
3342
2921
2095
1456
1325
1478
1363
917
240
-488
-1343
-2066
-2333
-2205
-2225
-2563
-2940
-3242
-3189
-2915
-2341
-1672
-1292
-888
-182
814
1587
2059
2606
3218
3417
3457
3975
4470
4475
4217
4327
4480
3765
2879
2643
2720
2485
1884
1471
1154
578
191
-96
-944
-2047
-2501
-1984
-1446
-1504
-1368
-1061
-1055
-705
264
1035
952
1020
1866
2210
1818
1767
2153
2188
1724
1245
596
-529
-1758
-2482
-2852
-3362
-3764
-4113
-5040
-6537
-7408
-6689
-5489
-5085
-5483
-6253
-6491
-5928
-4795
-3278
-2098
-1858
-2501
-2655
-1292
495
1563
2103
2543
2584
2345
2608
3518
4179
4022
3762
3465
2858
2437
2725
3420
3278
2360
1779
1573
1386
1369
1827
2235
1629
684
229
-86
-381
-570
-397
-685
-1827
-2751
-3146
-2957
-2747
-2514
-2132
-2356
-2789
-2633
-1529
-162
668
1126
1403
1310
1202
2110
3709
4699
4395
3488
3091
3132
3137
3518
4006
3590
2661
1946
2029
2516
2649
2296
1148
143
-131
91
258
-162
-694
-1280
-1613
-1343
-803
-514
-438
136
897
823
227
477
1474
1833
1452
1226
930
-199
-1310
-1394
-1430
-2483
-3663
-4112
-4766
-6240
-7265
-6651
-5299
-5018
-6160
-7251
-7090
-6146
-5174
-3937
-2513
-2026
-2580
-2461
-902
619
1082
1377
2003
2188
2110
2949
4328
4665
3977
3504
3291
2752
2512
3125
3485
2704
1807
1702
1637
1155
1101
1570
1363
280
-406
-218
47
-44
-141
-282
-1004
-2164
-2674
-2184
-1752
-1881
-2034
-1839
-1799
-2142
-1859
-759
308
718
663
1077
1825
2342
2885
3566
3981
3625
3141
3383
3656
3396
3145
3308
3207
2212
1242
1245
1657
1525
1057
707
141
-331
-34
629
403
-630
-1026
-845
-684
-478
-147
-32
-329
-237
331
649
769
1168
1491
1075
623
853
773
-330
-1164
-1146
-1767
-3277
-3858
-3396
-3999
-5896
-6887
-6292
-5734
-6007
-6194
-5888
-5720
-5686
-5011
-3756
-2967
-2927
-2738
-1833
-684
163
913
1666
1908
1569
1612
2480
3316
3488
3452
3680
3479
2846
2898
3596
3677
2693
2307
2974
3028
2147
1689
2107
1901
658
-128
-7
-34
-584
-758
-543
-1080
-2311
-2648
-1783
-1304
-1801
-2073
-1614
-1392
-1578
-1125
-55
296
-246
-214
812
1486
1374
1733
2748
2940
2147
2025
2924
3336
2952
2978
3510
3312
2380
2043
2537
2683
2120
1727
1449
902
570
994
1412
714
-230
-447
-134
179
140
-41
-254
-280
-143
-116
-88
81
236
79
-156
-129
-176
-776
-1627
-1918
-2094
-2837
-3453
-3625
-4037
-5278
-6498
-6433
-5699
-5422
-5870
-6358
-6064
-5497
-4983
-4160
-3206
-2648
-2558
-2093
-938
165
959
1682
2270
2415
2451
2933
3617
3858
3438
3085
3160
3341
3381
3274
3358
3184
2540
2101
2060
2041
1712
1624
1785
1274
182
-353
-59
-25
-637
-1096
-1204
-1609
-2152
-1995
-1424
-1424
-1844
-1730
-1189
-993
-856
-108
646
489
32
376
1155
1455
1610
2173
2461
2000
1796
2491
3071
2795
2491
2742
2862
2516
2420
2838
3056
2649
1974
1413
1134
1213
1416
1350
942
342
-313
-627
-240
369
332
-200
-345
-85
-141
-386
-138
185
-240
-830
-703
-545
-1239
-2076
-2289
-2520
-3248
-3819
-4012
-4582
-5607
-6123
-5720
-5166
-5267
-5929
-6429
-6203
-5393
-4508
-3677
-2828
-2296
-2248
-1983
-871
563
1482
1915
2295
2588
2768
3297
4241
4707
4200
3527
3406
3445
3335
3425
3538
3026
2212
1975
2136
1919
1435
1242
1119
604
43
-79
-75
-355
-652
-822
-1315
-2136
-2482
-2083
-1669
-1696
-1824
-1814
-1858
-1839
-1338
-463
159
299
390
815
1381
1714
1824
1965
2104
2122
2298
2816
3127
2826
2443
2510
2712
2695
2672
2761
2708
2469
2239
2008
1755
1708
1849
1687
1013
288
-49
-45
125
230
-79
-681
-841
-382
-53
-213
-411
-462
-644
-854
-807
-768
-1229
-2046
-2666
-2960
-3181
-3448
-3707
-4224
-5188
-5982
-5785
-4972
-4712
-5264
-5879
-5840
-5398
-4663
-3584
-2743
-2526
-2717
-2298
-1051
200
1032
1492
1896
2044
2078
2726
3799
4360
4223
4028
3885
3626
3505
3582
3461
3058
2666
2378
2111
1714
1264
1113
1063
470
-387
-609
-358
-398
-650
-781
-1126
-1805
-2137
-1696
-1104
-1112
-1392
-1190
-831
-1032
-1195
-426
541
581
189
360
881
1187
1494
2004
2204
1838
1585
1960
2439
2477
2452
2700
2742
2359
2192
2553
2899
2820
2440
1901
1399
1373
1820
2011
1519
803
362
168
112
136
-60
-513
-718
-477
-315
-483
-587
-576
-834
-1159
-1046
-889
-1393
-2151
-2389
-2471
-3043
-3634
-3726
-3995
-4958
-5716
-5400
-4661
-4615
-5246
-5704
-5612
-5243
-4684
-3794
-2947
-2782
-3056
-2780
-1618
-229
761
1321
1572
1565
1653
2329
3424
4101
4030
3804
3870
3938
3834
3920
4168
3953
3238
2752
2636
2326
1857
1716
1618
948
4
-471
-475
-538
-783
-1016
-1346
-1915
-2242
-1814
-1168
-1189
-1645
-1699
-1353
-1102
-840
-272
233
198
-46
230
992
1494
1468
1393
1532
1670
1809
2197
2589
2543
2279
2313
2522
2450
2205
2296
2744
3043
2861
2344
1914
1886
2150
2244
1903
1334
878
690
727
710
305
-358
-660
-416
-244
-544
-905
-1025
-1222
-1524
-1498
-1362
-1822
-2687
-3113
-3094
-3280
-3649
-3808
-4097
-5008
-5924
-5801
-4885
-4472
-4974
-5523
-5479
-5073
-4503
-3581
-2562
-2177
-2446
-2374
-1359
-89
619
978
1450
1791
1841
2205
3158
3895
3794
3363
3245
3368
3563
3911
4160
3863
3197
2728
2541
2360
2133
1939
1639
1059
337
-159
-302
-373
-666
-1150
-1651
-2024
-2084
-1782
-1482
-1548
-1753
-1646
-1312
-1121
-958
-480
123
376
406
725
1320
1700
1742
1799
1974
2029
2020
2212
2466
2494
2408
2360
2161
1794
1659
1944
2333
2491
2322
1898
1486
1447
1790
2045
1829
1342
978
800
736
795
728
238
-356
-479
-315
-442
-792
-963
-1087
-1373
-1522
-1447
-1696
-2406
-2896
-2910
-3009
-3376
-3528
-3596
-4300
-5375
-5619
-4835
-4249
-4650
-5395
-5607
-5273
-4713
-3926
-3024
-2534
-2619
-2566
-1756
-556
370
969
1395
1528
1516
1973
3008
3815
3773
3275
3035
3192
3522
3875
4011
3647
2984
2598
2623
2642
2457
2252
1960
1311
517
130
189
174
-143
-554
-1015
-1591
-1949
-1723
-1297
-1369
-1864
-2084
-1828
-1481
-1181
-730
-296
-252
-368
-23
739
1277
1431
1621
1928
2068
2132
2429
2787
2818
2636
2568
2498
2221
1975
2048
2270
2321
2126
1768
1404
1334
1653
1958
1826
1374
1008
926
1122
1400
1331
738
132
28
119
-103
-428
-554
-820
-1444
-1935
-2019
-2200
-2788
-3331
-3521
-3700
-4031
-4153
-4090
-4511
-5415
-5758
-5110
-4490
-4718
-5225
-5258
-4985
-4681
-4071
-3165
-2626
-2646
-2450
-1551
-499
163
674
1277
1681
1819
2187
2946
3561
3650
3492
3460
3536
3604
3722
3833
3663
3171
2758
2671
2622
2337
2007
1772
1302
488
-106
-141
-112
-454
-889
-1152
-1454
-1779
-1692
-1273
-1233
-1724
-1989
-1596
-1066
-815
-573
-235
-131
-142
244
927
1354
1474
1585
1712
1816
2083
2523
2792
2761
2718
2820
2874
2765
2615
2490
2377
2335
2267
1890
1341
1187
1477
1565
1176
772
632
590
678
960
993
485
25
141
374
212
-67
-206
-540
-1166
-1603
-1751
-2128
-2884
-3488
-3696
-3866
-4165
-4367
-4595
-5236
-5952
-5854
-4944
-4350
-4706
-5282
-5200
-4594
-3963
-3285
-2549
-2248
-2476
-2351
-1261
100
778
883
1087
1479
1745
2045
2767
3622
3862
3463
3177
3344
3589
3685
3766
3695
3206
2581
2385
2573
2569
2163
1605
1005
340
-138
-184
-115
-365
-861
-1329
-1716
-1905
-1691
-1327
-1331
-1630
-1696
-1456
-1226
-968
-506
-107
-36
12
329
714
1034
1460
1859
1901
1807
2015
2348
2472
2624
2966
3116
2909
2775
2882
2883
2736
2724
2662
2157
1536
1412
1596
1446
954
550
338
259
414
617
407
-116
-322
-58
203
202
79
-183
-674
-1136
-1324
-1530
-2138
-2949
-3517
-3802
-4062
-4397
-4829
-5472
-6194
-6446
-5915
-5178
-5126
-5717
-5986
-5384
-4392
-3561
-2873
-2340
-2234
-2266
-1600
-196
933
1193
1162
1449
1906
2305
2841
3547
3955
3757
3323
3263
3659
4043
4084
3861
3493
2971
2510
2479
2723
2595
1845
984
505
279
51
-134
-294
-688
-1347
-1922
-2105
-1921
-1622
-1525
-1732
-1965
-1914
-1588
-1111
-530
-77
-25
-124
130
704
1206
1567
1880
1975
1871
2012
2457
2710
2666
2747
2930
2795
2494
2551
2810
2756
2521
2488
2425
2058
1776
1865
1835
1332
753
495
419
405
457
306
-234
-695
-611
-306
-309
-518
-681
-926
-1269
-1382
-1308
-1580
-2336
-3029
-3301
-3429
-3717
-4133
-4686
-5442
-5999
-5818
-5181
-4946
-5335
-5759
-5701
-5144
-4263
-3326
-2710
-2564
-2525
-2038
-961
270
1073
1300
1339
1642
2243
2855
3318
3646
3751
3575
3361
3419
3689
3863
3793
3507
3051
2569
2315
2329
2336
2043
1410
677
217
159
151
-142
-545
-845
-1200
-1629
-1721
-1404
-1215
-1417
-1637
-1615
-1495
-1229
-612
-7
36
-192
11
562
988
1380
1896
2092
1799
1705
2168
2615
2674
2682
2779
2637
2302
2224
2417
2479
2316
2107
1869
1628
1547
1597
1521
1281
1021
708
351
285
568
639
197
-217
-198
-135
-317
-414
-357
-604
-1157
-1439
-1402
-1619
-2250
-2808
-3007
-3086
-3314
-3752
-4427
-5233
-5725
-5510
-4905
-4734
-5291
-5909
-5883
-5312
-4586
-3774
-3026
-2805
-3045
-2833
-1625
-110
775
1015
1189
1562
2099
2834
3655
4134
4027
3685
3608
3823
4035
4108
4069
3856
3377
2795
2424
2376
2397
2128
1504
835
399
191
83
-25
-281
-773
-1331
-1639
-1592
-1382
-1267
-1359
-1594
-1801
-1779
-1421
-856
-429
-332
-337
-142
213
571
1017
1561
1873
1826
1786
2009
2340
2668
3009
3151
2851
2395
2316
2603
2807
2758
2535
2089
1519
1315
1594
1745
1385
913
663
444
243
322
501
294
-207
-441
-312
-243
-371
-491
-652
-1055
-1519
-1761
-1962
-2454
-3032
-3300
-3356
-3606
-4128
-4711
-5196
-5411
-5177
-4722
-4662
-5171
-5610
-5396
-4698
-3950
-3306
-2863
-2785
-2857
-2463
-1360
-110
575
668
751
1184
1800
2436
3179
3854
3968
3553
3335
3698
4131
4139
3958
3843
3470
2721
2213
2327
2462
1958
1094
481
122
-241
-474
-464
-548
-1018
-1593
-1821
-1673
-1445
-1307
-1191
-1087
-1154
-1313
-1107
-379
285
414
319
434
657
925
1497
2212
2379
1954
1758
2131
2527
2676
2867
3001
2611
1992
1967
2483
2705
2401
2023
1680
1238
1056
1437
1783
1393
571
106
169
414
581
540
203
-288
-578
-505
-289
-209
-355
-692
-1145
-1546
-1770
-1914
-2181
-2591
-3019
-3396
-3723
-4059
-4518
-5049
-5282
-5003
-4650
-4806
-5336
-5579
-5244
-4576
-3860
-3278
-3032
-3115
-3054
-2316
-1028
56
417
355
520
1096
1801
2461
3062
3383
3255
3046
3267
3786
4051
3943
3787
3647
3300
2875
2776
2881
2657
2052
1481
1074
654
261
63
-98
-500
-1043
-1453
-1604
-1530
-1438
-1479
-1557
-1587
-1574
-1381
-916
-386
-80
3
152
461
782
1182
1750
2157
2112
1919
2023
2372
2615
2721
2830
2794
2456
2107
2105
2327
2409
2255
1931
1505
1185
1184
1422
1549
1244
611
149
186
557
761
519
71
-284
-486
-477
-304
-283
-637
-1172
-1578
-1842
-2166
-2576
-2875
-3010
-3209
-3616
-4086
-4537
-4984
-5177
-4891
-4499
-4570
-5054
-5374
-5174
-4520
-3712
-3085
-2875
-2972
-2920
-2303
-1182
-56
514
449
362
850
1770
2551
2978
3226
3284
3033
2901
3318
3851
3864
3501
3275
3124
2692
2257
2311
2529
2186
1324
700
571
414
89
-43
-140
-679
-1384
-1471
-1011
-899
-1342
-1594
-1382
-1229
-1242
-877
-170
88
-216
-187
552
1231
1341
1448
1958
2343
2241
2190
2549
2802
2637
2563
2807
2802
2311
1947
2061
2184
1946
1589
1310
999
732
742
932
930
572
104
-79
138
476
575
351
-4
-245
-258
-115
12
-67
-473
-1056
-1476
-1717
-2095
-2634
-2982
-3063
-3260
-3836
-4586
-5115
-5229
-4971
-4532
-4305
-4671
-5379
-5564
-4787
-3620
-2866
-2722
-2872
-2920
-2525
-1521
-201
683
653
264
486
1381
2205
2688
3100
3303
2988
2639
2991
3732
3918
3493
3237
3220
2836
2255
2272
2685
2489
1621
953
759
560
222
88
107
-265
-1068
-1512
-1182
-789
-988
-1340
-1305
-1203
-1307
-1133
-433
86
-91
-335
83
760
995
1099
1632
2125
1975
1731
2143
2764
2814
2561
2642
2779
2422
1988
2185
2631
2436
1733
1338
1313
1147
923
1010
1048
525
-132
-211
110
210
80
-2
-138
-454
-679
-588
-384
-417
-777
-1294
-1791
-2211
-2540
-2761
-2911
-3098
-3522
-4304
-5153
-5473
-5107
-4569
-4383
-4638
-5134
-5476
-5185
-4152
-2930
-2292
-2471
-2867
-2661
-1639
-267
825
1216
945
674
1102
2132
3010
3316
3233
2983
2676
2624
3055
3554
3506
3016
2632
2377
1953
1647
1901
2250
1848
910
373
342
168
-96
104
377
-207
-1316
-1614
-910
-404
-620
-828
-757
-977
-1268
-647
578
936
261
-63
512
1129
1423
1911
2407
2165
1537
1627
2449
2930
2665
2366
2420
2262
1762
1751
2382
2601
1926
1211
1107
1104
856
877
1193
978
90
-492
-199
256
172
-122
-275
-521
-886
-942
-570
-308
-632
-1288
-1752
-1961
-2196
-2508
-2646
-2608
-2830
-3578
-4453
-4856
-4698
-4322
-4006
-3993
-4501
-5203
-5276
-4389
-3197
-2540
-2574
-2838
-2791
-2184
-1096
130
948
947
506
617
1637
2728
3128
3168
3184
2819
2355
2718
3640
3758
2870
2231
2311
2190
1643
1580
2025
1796
723
144
485
563
27
-100
267
49
-841
-1231
-699
-224
-468
-804
-699
-672
-990
-832
159
827
319
-306
141
1021
1328
1479
2055
2317
1688
1347
2272
3242
2954
2274
2347
2544
2092
1780
2261
2576
1957
1239
1187
1247
921
746
994
930
213
-370
-309
-88
-84
-108
-202
-625
-1130
-1280
-1106
-931
-1030
-1580
-2411
-3011
-3154
-3103
-3047
-2986
-3241
-4130
-5106
-5215
-4424
-3654
-3509
-3814
-4258
-4666
-4613
-3658
-2210
-1426
-1822
-2537
-2477
-1517
-231
856
1378
1172
640
666
1676
2943
3444
3147
2751
2521
2396
2654
3250
3370
2685
2005
1870
1758
1360
1209
1407
1200
425
-81
7
2
-346
-398
-49
-116
-762
-1037
-511
14
-22
-100
84
18
-322
-98
833
1395
1029
591
839
1311
1470
1711
2244
2304
1627
1266
1833
2439
2368
2200
2286
2008
1336
1286
2024
2376
1811
1174
1013
878
614
673
931
693
-2
-407
-295
-141
-211
-313
-346
-519
-911
-1203
-1088
-841
-1016
-1630
-2203
-2520
-2814
-3148
-3157
-2766
-2751
-3726
-4918
-5104
-4373
-3688
-3384
-3319
-3682
-4405
-4583
-3529
-1916
-1078
-1358
-1883
-1882
-1334
-325
988
1813
1494
725
730
1614
2529
2976
3065
2844
2293
1887
2213
2893
2956
2356
1895
1706
1292
841
932
1234
948
243
-89
-68
-390
-895
-694
51
76
-840
-1413
-1044
-600
-509
-113
555
433
-467
-654
391
1384
1480
1373
1492
1301
959
1460
2596
3008
2400
1820
1795
1911
2015
2345
2612
2214
1387
1028
1323
1607
1579
1430
1111
589
298
443
616
528
281
-34
-282
-283
-197
-346
-622
-718
-757
-1034
-1386
-1505
-1622
-2100
-2677
-2925
-3084
-3423
-3511
-3205
-3361
-4348
-5085
-4679
-3797
-3393
-3358
-3331
-3533
-3922
-3670
-2398
-1024
-637
-1119
-1451
-1043
-151
801
1633
2080
1843
1313
1416
2319
3086
3082
2759
2595
2380
2077
2156
2534
2424
1760
1356
1357
1062
488
377
565
204
-433
-381
8
-360
-1129
-1116
-546
-447
-624
-364
-180
-742
-1174
-426
736
983
547
397
519
546
890
1833
2522
2207
1546
1535
2035
2411
2636
2822
2638
2049
1714
2016
2438
2333
1770
1353
1360
1411
1139
783
677
612
316
62
142
198
-176
-624
-580
-268
-315
-689
-903
-966
-1218
-1467
-1364
-1317
-1957
-2940
-3437
-3431
-3430
-3416
-3280
-3564
-4619
-5576
-5358
-4202
-3276
-3177
-3522
-3803
-3871
-3546
-2465
-846
119
-344
-1226
-962
350
1411
1869
2266
2448
1975
1547
2144
3202
3374
2713
2338
2451
2373
2093
2047
1975
1477
972
907
920
582
77
-294
-493
-558
-526
-536
-696
-954
-1156
-1143
-863
-459
-175
-111
-149
-149
-32
267
749
1228
1460
1412
1297
1314
1496
1806
2184
2451
2417
2137
1890
1885
2072
2243
2229
2098
1963
1708
1280
1008
1143
1408
1405
1119
695
247
-14
78
335
365
78
-280
-517
-631
-633
-559
-560
-687
-818
-984
-1242
-1357
-1261
-1420
-2042
-2622
-2855
-3078
-3379
-3340
-3049
-3291
-4279
-5099
-4949
-4202
-3632
-3320
-3101
-3253
-3795
-3801
-2590
-1001
-329
-514
-583
-200
334
991
1836
2461
2484
2234
2335
2801
3072
2937
2766
2686
2462
2262
2395
2432
1842
1087
887
1010
861
558
411
111
-601
-1067
-708
-297
-675
-1168
-940
-637
-941
-1126
-617
-152
-251
-255
286
756
642
509
985
1653
1842
1810
2033
2195
2022
2060
2573
2883
2555
2117
2064
2150
2070
2019
2099
1910
1310
883
1025
1269
1144
853
646
360
-45
-230
-12
249
92
-377
-617
-512
-498
-709
-814
-789
-973
-1359
-1517
-1330
-1314
-1921
-2792
-3235
-3307
-3466
-3515
-3148
-3015
-3833
-4951
-5160
-4444
-3721
-3355
-3033
-2810
-3086
-3554
-3248
-1986
-763
-330
-271
3
311
480
960
1900
2544
2450
2326
2751
3161
2994
2668
2602
2498
2255
2300
2541
2262
1393
701
508
375
151
153
172
-397
-1267
-1445
-940
-744
-1052
-1136
-885
-887
-1052
-689
53
228
-279
-392
422
1297
1471
1414
1658
1789
1533
1596
2354
2944
2696
2271
2387
2622
2421
2147
2202
2223
1931
1735
1860
1813
1264
689
589
779
870
811
653
334
-88
-393
-400
-132
101
-41
-406
-578
-590
-767
-959
-885
-806
-1031
-1282
-1338
-1624
-2406
-3144
-3383
-3426
-3518
-3360
-3060
-3423
-4577
-5386
-5020
-4114
-3558
-3231
-2802
-2695
-3127
-3234
-2277
-942
-322
-295
45
829
1355
1448
1670
2139
2319
2251
2649
3464
3701
3046
2325
2103
2091
2074
2202
2278
1881
1163
617
325
96
-57
-130
-339
-738
-984
-890
-818
-1067
-1281
-1144
-1007
-1029
-723
-62
207
-72
-130
334
752
887
1227
1859
2112
1769
1616
2084
2491
2405
2408
2765
2835
2389
2084
2208
2223
1873
1616
1693
1668
1243
791
690
711
529
312
285
253
-17
-319
-363
-267
-295
-399
-383
-315
-436
-730
-896
-814
-800
-1042
-1237
-1209
-1396
-2078
-2760
-3036
-3234
-3574
-3614
-3251
-3252
-4026
-4828
-4887
-4455
-4091
-3716
-3098
-2630
-2763
-3005
-2510
-1456
-777
-596
-223
508
1100
1440
1843
2278
2404
2274
2395
2968
3522
3548
3154
2722
2348
2022
1910
2014
1967
1577
1051
579
183
-85
-217
-429
-867
-1180
-1057
-870
-997
-1195
-1198
-1204
-1327
-1180
-547
39
104
28
315
736
855
926
1351
1831
1934
1948
2324
2762
2707
2391
2391
2622
2698
2638
2625
2526
2106
1594
1476
1640
1489
960
572
533
512
337
207
147
-102
-554
-814
-618
-259
-178
-368
-557
-717
-964
-1132
-991
-770
-868
-1194
-1370
-1463
-1827
-2406
-2844
-3148
-3469
-3604
-3335
-3069
-3414
-4161
-4525
-4374
-4138
-3846
-3258
-2604
-2380
-2497
-2298
-1615
-999
-717
-393
253
945
1397
1800
2304
2579
2425
2288
2584
3029
3147
3006
2866
2672
2361
2121
1993
1726
1277
911
680
455
258
117
-182
-739
-1187
-1177
-961
-903
-930
-881
-844
-921
-893
-501
-68
-27
-102
233
839
1196
1287
1427
1532
1454
1508
1948
2430
2500
2310
2325
2454
2308
2060
2088
2178
1923
1527
1459
1588
1428
989
687
610
463
230
214
350
180
-345
-686
-550
-329
-404
-559
-484
-432
-746
-1109
-1031
-785
-895
-1176
-1213
-1274
-1820
-2587
-2967
-3048
-3294
-3578
-3500
-3256
-3477
-4169
-4528
-4279
-4001
-3882
-3536
-2928
-2535
-2477
-2169
-1420
-853
-736
-556
103
945
1476
1820
2273
2601
2558
2452
2678
3056
3158
3017
2866
2660
2367
2162
2093
1904
1414
905
641
427
133
-56
-123
-352
-815
-1132
-1119
-1097
-1236
-1232
-940
-722
-760
-677
-328
-119
-175
-69
441
978
1191
1347
1681
1879
1800
1845
2231
2561
2525
2449
2590
2655
2456
2242
2218
2161
1828
1497
1479
1491
1175
732
553
554
388
133
101
125
-196
-689
-815
-562
-471
-648
-680
-539
-684
-1100
-1227
-968
-894
-1172
-1323
-1260
-1522
-2236
-2820
-2994
-3135
-3398
-3421
-3162
-3176
-3649
-4028
-3936
-3701
-3628
-3473
-3010
-2521
-2254
-1935
-1313
-719
-519
-423
-6
598
1095
1582
2132
2456
2409
2324
2508
2787
2840
2707
2614
2507
2244
2013
2000
1951
1598
1142
817
495
118
-84
-102
-275
-671
-933
-920
-908
-1032
-1074
-962
-922
-968
-795
-363
-60
-69
-44
310
769
1038
1230
1512
1717
1697
1719
2063
2469
2530
2369
2361
2457
2340
2102
2065
2099
1833
1391
1214
1295
1193
804
500
439
321
38
-62
88
21
-420
-705
-532
-350
-515
-701
-607
-550
-823
-1097
-1017
-864
-1010
-1257
-1295
-1393
-1939
-2648
-3007
-3130
-3360
-3515
-3322
-3166
-3472
-3899
-3920
-3686
-3594
-3538
-3207
-2734
-2402
-2063
-1437
-745
-413
-359
-139
366
890
1305
1731
2168
2422
2453
2479
2649
2803
2744
2527
2343
2220
2086
1965
1878
1701
1360
996
726
482
237
26
-216
-531
-741
-734
-721
-882
-999
-877
-723
-721
-679
-453
-252
-192
-49
371
823
1102
1318
1539
1703
1756
1879
2128
2309
2346
2348
2467
2614
2606
2438
2263
2138
1922
1615
1456
1463
1306
897
589
563
526
256
11
21
4
-334
-674
-625
-462
-619
-849
-771
-650
-845
-1098
-1070
-1000
-1202
-1442
-1416
-1370
-1702
-2293
-2729
-2966
-3233
-3468
-3432
-3252
-3337
-3668
-3797
-3582
-3412
-3431
-3281
-2855
-2500
-2318
-1857
-1099
-590
-433
-236
240
694
998
1377
1820
2105
2144
2225
2476
2642
2591
2490
2406
2205
1939
1786
1687
1482
1236
1079
927
663
382
179
-16
-222
-387
-464
-558
-734
-850
-837
-717
-661
-623
-429
-219
-159
-157
60
444
702
811
960
1220
1448
1567
1723
1979
2121
2057
2050
2239
2387
2309
2148
2066
1985
1793
1580
1495
1437
1194
834
633
577
422
176
56
50
-63
-282
-412
-435
-518
-671
-738
-710
-729
-834
-910
-913
-925
-997
-1079
-1161
-1321
-1594
-1907
-2223
-2574
-2945
-3212
-3296
-3287
-3326
-3405
-3431
-3420
-3427
-3348
-3112
-2862
-2694
-2459
-2059
-1627
-1243
-832
-381
2
318
710
1184
1550
1736
1894
2100
2223
2251
2346
2502
2488
2269
2080
2032
1970
1771
1547
1395
1220
912
609
482
410
172
-143
-272
-273
-407
-610
-616
-491
-523
-645
-565
-339
-244
-227
-36
262
421
488
673
937
1097
1199
1390
1625
1764
1850
1993
2165
2246
2223
2178
2133
2032
1868
1719
1616
1495
1298
1087
930
772
550
334
222
157
9
-177
-290
-398
-587
-718
-702
-700
-828
-929
-940
-976
-1052
-1051
-1021
-1115
-1331
-1553
-1782
-2067
-2371
-2636
-2899
-3157
-3296
-3290
-3264
-3277
-3268
-3222
-3143
-2982
-2754
-2539
-2345
-2124
-1854
-1504
-1072
-645
-261
118
494
865
1268
1629
1843
1950
2040
2111
2173
2250
2303
2268
2149
2024
1963
1892
1698
1464
1291
1067
750
561
550
428
108
-149
-248
-367
-555
-635
-550
-505
-617
-674
-491
-228
-110
-63
69
234
318
387
594
910
1112
1140
1233
1507
1721
1746
1791
1949
2018
1938
1890
1927
1883
1682
1475
1399
1379
1261
1040
836
683
505
302
164
107
20
-195
-436
-541
-535
-589
-716
-767
-730
-771
-880
-859
-716
-732
-967
-1153
-1181
-1269
-1530
-1801
-2039
-2384
-2793
-3019
-3012
-2985
-3091
-3236
-3264
-3149
-2973
-2779
-2564
-2377
-2261
-2145
-1915
-1558
-1169
-819
-512
-179
256
752
1157
1414
1614
1802
1914
1966
2064
2180
2160
2010
1924
1996
2079
2002
1824
1679
1511
1237
1010
943
821
468
109
-1
-1
-115
-269
-309
-337
-492
-602
-439
-156
-79
-179
-169
-7
93
111
258
541
712
722
865
1248
1562
1603
1591
1716
1827
1797
1785
1888
1908
1704
1481
1449
1508
1425
1198
987
844
681
504
435
441
310
12
-218
-277
-322
-444
-555
-615
-681
-771
-802
-716
-617
-668
-832
-928
-946
-1037
-1226
-1431
-1690
-2070
-2469
-2717
-2809
-2906
-3091
-3269
-3345
-3330
-3236
-3042
-2804
-2628
-2522
-2396
-2197
-1945
-1669
-1381
-1085
-767
-385
73
529
883
1147
1403
1663
1853
1966
2051
2095
2038
1934
1921
2004
2027
1888
1691
1575
1517
1428
1313
1220
1059
740
405
257
237
115
-121
-284
-339
-390
-412
-291
-111
-74
-152
-143
-20
64
83
163
313
417
500
706
1025
1278
1402
1526
1694
1800
1815
1834
1860
1788
1615
1502
1503
1459
1278
1085
978
876
710
575
517
437
249
28
-119
-211
-341
-486
-554
-555
-579
-609
-569
-507
-518
-595
-660
-691
-727
-806
-953
-1197
-1545
-1927
-2248
-2497
-2725
-2948
-3131
-3255
-3320
-3318
-3247
-3114
-2958
-2833
-2730
-2577
-2355
-2122
-1905
-1659
-1375
-1082
-749
-328
149
576
910
1213
1535
1810
1980
2084
2174
2208
2165
2128
2158
2167
2067
1926
1857
1824
1723
1576
1459
1353
1180
943
752
623
415
100
-179
-345
-450
-528
-528
-430
-360
-418
-455
-331
-152
-64
-26
67
206
320
456
681
936
1100
1180
1307
1528
1736
1837
1877
1907
1888
1807
1696
1574
1440
1258
1058
932
865
780
658
496
358
264
141
-12
-139
-237
-355
-509
-596
-580
-570
-650
-742
-728
-659
-663
-702
-713
-816
-1089
-1448
-1768
-2058
-2406
-2779
-3083
-3287
-3422
-3504
-3491
-3374
-3232
-3102
-2957
-2768
-2537
-2340
-2202
-2014
-1740
-1475
-1244
-938
-516
-94
261
638
1069
1442
1688
1874
2059
2201
2220
2141
2074
2068
2044
1934
1815
1778
1764
1677
1574
1548
1517
1354
1109
920
759
504
196
-19
-148
-303
-460
-502
-437
-391
-400
-346
-210
-104
-40
52
150
206
257
366
561
767
919
1073
1272
1462
1598
1702
1821
1899
1839
1698
1584
1480
1333
1153
1000
891
759
608
522
498
451
336
207
126
56
-31
-116
-200
-295
-402
-489
-516
-501
-466
-446
-454
-447
-422
-482
-661
-902
-1186
-1564
-2016
-2431
-2769
-3086
-3384
-3573
-3626
-3598
-3517
-3364
-3170
-2995
-2833
-2640
-2421
-2208
-2016
-1839
-1647
-1402
-1092
-725
-300
144
560
948
1333
1700
1998
2189
2293
2319
2281
2224
2183
2152
2092
1976
1870
1817
1772
1726
1699
1642
1489
1273
1072
878
621
310
7
-256
-470
-636
-712
-714
-714
-698
-598
-423
-263
-157
-67
24
86
150
261
428
596
717
852
1057
1300
1544
1754
1903
1981
1973
1910
1839
1740
1577
1354
1121
942
825
731
649
585
524
467
409
353
290
195
54
-100
-241
-351
-469
-590
-643
-648
-657
-634
-570
-528
-559
-676
-863
-1134
-1472
-1828
-2190
-2555
-2909
-3226
-3458
-3620
-3692
-3613
-3442
-3279
-3097
-2854
-2595
-2376
-2195
-2003
-1788
-1611
-1451
-1214
-879
-521
-180
194
645
1099
1463
1784
2089
2307
2370
2332
2323
2338
2247
2057
1907
1824
1757
1700
1680
1680
1619
1493
1403
1340
1185
905
568
249
-56
-339
-539
-663
-748
-804
-818
-723
-543
-384
-252
-135
-42
62
169
261
374
484
563
659
846
1107
1338
1509
1679
1834
1929
1966
1967
1904
1738
1501
1273
1090
935
778
626
535
502
476
434
413
399
320
181
66
-11
-129
-312
-459
-524
-565
-615
-626
-588
-576
-625
-673
-713
-850
-1159
-1563
-1958
-2324
-2686
-3014
-3280
-3510
-3694
-3757
-3663
-3471
-3257
-3046
-2836
-2618
-2381
-2121
-1871
-1668
-1509
-1342
-1121
-822
-452
-56
312
659
1022
1400
1753
2057
2289
2402
2393
2352
2347
2332
2233
2065
1920
1833
1765
1717
1700
1679
1578
1388
1222
1096
867
541
230
-61
-334
-567
-726
-789
-819
-854
-833
-717
-534
-357
-228
-112
20
153
292
445
600
730
841
967
1118
1291
1475
1629
1737
1818
1871
1866
1806
1704
1550
1349
1173
1055
941
799
679
602
526
431
369
345
285
147
-12
-124
-209
-317
-436
-519
-587
-666
-718
-705
-675
-678
-737
-873
-1100
-1379
-1671
-1977
-2318
-2663
-2955
-3199
-3416
-3573
-3595
-3517
-3427
-3302
-3065
-2763
-2506
-2289
-2049
-1812
-1631
-1476
-1252
-954
-658
-376
-46
343
729
1101
1488
1853
2127
2317
2460
2550
2571
2538
2448
2297
2129
2002
1908
1816
1739
1681
1592
1448
1287
1125
918
638
330
55
-193
-438
-650
-793
-890
-971
-1003
-937
-806
-677
-548
-379
-184
-8
149
317
479
595
688
822
1013
1214
1385
1517
1633
1746
1836
1878
1879
1859
1794
1665
1516
1385
1247
1064
866
726
633
536
433
341
246
118
-26
-119
-174
-284
-435
-544
-609
-665
-717
-723
-693
-703
-773
-838
-887
-1027
-1289
-1565
-1821
-2125
-2442
-2695
-2919
-3164
-3386
-3482
-3436
-3336
-3244
-3101
-2876
-2646
-2442
-2199
-1916
-1681
-1524
-1358
-1106
-792
-482
-185
126
478
860
1230
1576
1896
2160
2329
2410
2471
2540
2547
2459
2334
2224
2134
2016
1862
1744
1640
1459
1230
1055
930
738
453
196
0
-215
-471
-678
-774
-838
-939
-965
-853
-709
-609
-505
-333
-123
37
168
344
538
680
793
948
1148
1302
1397
1519
1668
1768
1808
1832
1843
1795
1668
1517
1386
1256
1118
983
866
775
681
565
441
339
252
131
-2
-90
-168
-273
-385
-463
-501
-534
-578
-598
-598
-626
-697
-785
-899
-1094
-1379
-1700
-2018
-2331
-2635
-2904
-3128
-3314
-3448
-3498
-3456
-3348
-3216
-3068
-2878
-2658
-2427
-2177
-1925
-1692
-1469
-1243
-988
-692
-357
-6
342
701
1071
1424
1759
2056
2284
2443
2532
2576
2602
2581
2478
2326
2187
2052
1874
1698
1591
1498
1326
1109
929
767
531
227
-45
-258
-476
-710
-875
-950
-1015
-1080
-1071
-960
-824
-706
-553
-332
-101
97
283
492
706
867
999
1165
1338
1484
1599
1706
1827
1911
1923
1895
1846
1766
1658
1539
1430
1311
1142
949
794
679
552
404
286
200
94
-17
-93
-153
-245
-355
-437
-471
-492
-533
-579
-618
-673
-767
-869
-955
-1099
-1330
-1591
-1851
-2125
-2399
-2658
-2886
-3089
-3268
-3369
-3386
-3345
-3254
-3133
-2985
-2772
-2523
-2287
-2045
-1771
-1494
-1239
-987
-705
-391
-99
172
477
824
1166
1471
1759
2036
2252
2388
2480
2545
2573
2531
2426
2315
2191
2026
1841
1661
1494
1301
1061
846
689
522
294
40
-180
-389
-624
-828
-955
-1043
-1125
-1163
-1119
-1007
-861
-690
-477
-219
55
323
591
857
1087
1249
1365
1487
1613
1704
1751
1772
1804
1827
1820
1794
1776
1721
1598
1481
1380
1279
1151
982
829
682
513
342
204
90
-36
-171
-266
-282
-288
-342
-397
-406
-439
-517
-595
-665
-758
-925
-1107
-1268
-1450
-1674
-1939
-2185
-2407
-2624
-2786
-2920
-3020
-3102
-3176
-3170
-3103
-3017
-2907
-2759
-2584
-2375
-2139
-1875
-1584
-1309
-1029
-759
-464
-124
194
499
795
1103
1386
1644
1898
2098
2243
2327
2373
2415
2417
2373
2296
2191
2073
1915
1721
1536
1333
1088
846
644
430
188
-46
-245
-414
-577
-716
-802
-851
-902
-923
-876
-783
-683
-577
-408
-205
-20
191
424
656
845
1001
1174
1320
1433
1528
1581
1629
1649
1649
1641
1602
1553
1488
1410
1320
1218
1132
1037
911
775
654
535
404
275
157
40
-69
-145
-194
-253
-316
-375
-434
-488
-545
-611
-665
-731
-835
-942
-1062
-1195
-1358
-1552
-1740
-1947
-2159
-2372
-2571
-2726
-2868
-2983
-3045
-3065
-3052
-2981
-2841
-2680
-2506
-2309
-2065
-1793
-1525
-1242
-968
-694
-417
-130
174
459
740
1009
1252
1489
1705
1911
2088
2220
2319
2383
2403
2379
2308
2199
2059
1875
1668
1480
1284
1056
812
582
370
170
-27
-188
-322
-464
-602
-685
-717
-732
-736
-718
-665
-588
-481
-338
-168
38
237
428
649
868
1065
1222
1358
1477
1555
1585
1615
1646
1629
1584
1535
1473
1406
1345
1296
1238
1152
1055
970
879
780
681
578
459
310
159
48
-39
-137
-231
-305
-375
-438
-516
-622
-718
-800
-901
-1015
-1121
-1235
-1381
-1556
-1739
-1917
-2099
-2282
-2441
-2577
-2710
-2839
-2927
-2960
-2964
-2950
-2859
-2695
-2514
-2321
-2099
-1860
-1622
-1391
-1151
-881
-586
-290
-5
274
552
808
1028
1232
1433
1645
1854
2031
2175
2277
2327
2339
2299
2186
2039
1870
1675
1481
1288
1073
852
637
439
254
75
-84
-218
-336
-446
-545
-598
-611
-642
-664
-627
-558
-479
-381
-238
-51
137
304
476
655
833
1003
1148
1280
1404
1473
1492
1491
1471
1433
1399
1380
1379
1353
1304
1262
1207
1113
1003
894
795
695
574
444
319
196
87
-28
-149
-242
-333
-429
-489
-533
-596
-675
-759
-854
-953
-1074
-1192
-1283
-1399
-1515
-1625
-1743
-1857
-2007
-2165
-2300
-2428
-2520
-2590
-2628
-2638
-2634
-2582
-2493
-2372
-2207
-2009
-1779
-1526
-1256
-984
-722
-466
-214
32
292
532
746
960
1150
1335
1520
1691
1851
1975
2068
2134
2163
2139
2065
1953
1782
1589
1423
1238
1024
811
615
429
242
79
-57
-191
-309
-398
-447
-474
-515
-531
-511
-494
-458
-371
-254
-128
4
155
326
488
650
817
964
1091
1204
1304
1375
1423
1459
1475
1473
1459
1432
1405
1364
1302
1234
1156
1068
979
880
776
670
566
479
390
272
153
52
-56
-179
-298
-393
-461
-573
-694
-784
-864
-955
-1064
-1161
-1247
-1345
-1457
-1564
-1650
-1749
-1893
-2051
-2173
-2270
-2377
-2473
-2531
-2555
-2581
-2595
-2543
-2423
-2287
-2148
-1965
-1727
-1485
-1251
-997
-721
-455
-225
-7
231
483
701
882
1070
1270
1449
1614
1779
1930
2029
2081
2103
2097
2046
1941
1809
1669
1506
1308
1108
924
734
521
323
166
35
-86
-196
-280
-350
-416
-466
-484
-482
-466
-431
-370
-288
-196
-93
30
165
297
437
597
770
923
1047
1153
1251
1326
1378
1407
1421
1424
1414
1384
1338
1276
1205
1114
1004
900
811
724
630
543
460
364
244
130
35
-57
-161
-266
-365
-469
-589
-709
-814
-917
-1027
-1119
-1177
-1214
-1258
-1314
-1377
-1446
-1535
-1645
-1760
-1868
-1966
-2068
-2167
-2247
-2308
-2354
-2372
-2351
-2297
-2212
-2085
-1911
-1711
-1510
-1294
-1064
-820
-586
-360
-129
91
305
497
690
892
1083
1267
1432
1590
1726
1823
1893
1937
1954
1941
1897
1810
1684
1538
1372
1199
1010
823
655
505
374
228
96
-4
-111
-225
-331
-405
-453
-482
-500
-490
-446
-374
-287
-181
-28
127
281
453
636
812
963
1110
1245
1331
1378
1417
1465
1492
1477
1443
1406
1356
1286
1209
1139
1070
991
899
805
711
601
467
323
179
39
-91
-203
-307
-414
-526
-631
-724
-813
-906
-995
-1057
-1099
-1158
-1232
-1288
-1332
-1402
-1505
-1591
-1649
-1719
-1797
-1869
-1939
-2005
-2066
-2098
-2106
-2114
-2089
-2022
-1945
-1838
-1710
-1569
-1402
-1236
-1061
-864
-669
-455
-240
-54
135
314
466
641
854
1051
1203
1342
1494
1600
1630
1660
1715
1733
1692
1628
1574
1505
1370
1219
1102
962
802
647
498
376
233
65
-60
-170
-281
-371
-431
-428
-390
-371
-339
-265
-156
-50
35
177
353
477
581
719
862
970
1034
1097
1176
1239
1275
1308
1348
1378
1353
1285
1227
1175
1089
987
912
860
781
660
539
442
327
186
63
-34
-129
-234
-327
-400
-490
-610
-726
-814
-894
-985
-1074
-1141
-1194
-1254
-1320
-1375
-1416
-1454
-1500
-1556
-1611
-1662
-1712
-1763
-1805
-1845
-1886
-1915
-1909
-1877
-1842
-1784
-1691
-1567
-1438
-1296
-1127
-947
-762
-577
-363
-152
29
223
414
588
740
886
1051
1212
1327
1419
1520
1595
1628
1635
1626
1597
1535
1438
1347
1262
1138
980
832
692
530
367
225
93
-19
-118
-188
-215
-226
-253
-262
-228
-184
-121
-64
16
130
213
299
401
505
610
698
793
894
984
1063
1146
1230
1291
1322
1324
1323
1304
1250
1184
1088
988
879
786
709
617
533
432
336
242
129
31
-52
-155
-276
-398
-521
-641
-769
-881
-982
-1089
-1191
-1273
-1322
-1376
-1424
-1446
-1460
-1469
-1484
-1500
-1539
-1604
-1694
-1796
-1906
-2021
-2111
-2160
-2147
-2100
-1984
-1799
-1579
-1323
-1047
-734
-404
-95
182
418
617
773
892
1005
1101
1161
1215
1270
1295
1302
1293
1267
1229
1169
1098
1028
964
873
771
691
589
480
376
302
252
172
90
25
-28
-85
-132
-154
-143
-120
-89
-24
49
143
238
338
458
567
677
778
862
924
965
1007
1035
1030
1011
1011
1007
980
946
925
896
844
784
733
664
578
500
411
314
200
62
-51
-173
-300
-420
-549
-640
-726
-821
-900
-968
-1014
-1060
-1109
-1147
-1178
-1212
-1268
-1312
-1348
-1391
-1430
-1469
-1502
-1530
-1561
-1571
-1563
-1559
-1533
-1484
-1431
-1361
-1285
-1215
-1129
-1028
-925
-813
-695
-570
-435
-290
-151
-13
139
295
428
550
677
799
898
984
1061
1126
1162
1173
1179
1172
1151
1130
1112
1088
1063
1022
967
931
888
842
788
725
669
602
535
471
410
353
290
248
218
188
176
191
209
228
244
278
334
376
409
456
508
538
554
574
606
632
639
646
665
684
692
696
704
704
676
647
634
603
533
449
376
301
180
48
-85
-220
-355
-502
-630
-750
-877
-993
-1104
-1198
-1296
-1391
-1470
-1554
-1637
-1710
-1776
-1832
-1884
-1928
-1964
-1981
-1985
-1964
-1909
-1829
-1729
-1610
-1469
-1303
-1126
-935
-757
-578
-393
-226
-72
77
241
397
528
660
796
917
1012
1099
1188
1261
1312
1357
1394
1400
1364
1306
1254
1183
1079
984
903
814
719
629
562
505
427
361
334
299
255
240
236
225
213
197
202
219
221
236
277
324
378
433
489
547
591
624
667
691
685
682
679
659
621
581
546
513
475
444
428
403
373
348
321
297
264
215
164
106
13
-88
-175
-274
-391
-496
-588
-678
-769
-857
-922
-969
-1037
-1108
-1153
-1206
-1277
-1348
-1424
-1496
-1561
-1625
-1669
-1696
-1715
-1717
-1692
-1647
-1580
-1496
-1398
-1280
-1152
-1021
-887
-748
-603
-462
-326
-186
-43
100
241
381
518
655
784
902
1008
1099
1183
1253
1306
1337
1334
1317
1294
1248
1187
1120
1058
1013
931
860
822
772
730
679
644
618
575
533
499
468
430
391
362
350
338
337
353
371
396
405
428
460
462
471
472
466
464
432
404
366
324
292
258
226
194
173
140
113
97
82
36
2
-46
-87
-154
-216
-287
-345
-404
-498
-566
-627
-687
-743
-798
-833
-878
-922
-976
-1029
-1082
-1141
-1205
-1272
-1333
-1393
-1444
-1474
-1484
-1479
-1470
-1445
-1398
-1329
-1255
-1176
-1088
-993
-892
-788
-683
-578
-467
-335
-209
-89
45
184
317
451
576
702
823
927
1030
1116
1161
1198
1223
1223
1208
1181
1159
1133
1094
1049
996
961
930
894
868
834
804
763
715
680
634
580
519
467
436
399
361
339
335
350
358
365
374
388
400
400
397
386
366
349
329
289
251
216
175
152
129
106
93
77
61
31
10
-28
-71
-109
-168
-214
-269
-333
-384
-434
-482
-522
-554
-578
-593
-607
-632
-658
-675
-704
-751
-785
-815
-867
-929
-980
-1029
-1082
-1122
-1145
-1154
-1154
-1149
-1119
-1078
-1019
-969
-932
-873
-820
-766
-712
-643
-561
-503
-433
-358
-276
-182
-91
17
135
256
365
464
573
667
744
816
875
924
952
978
1000
1006
1012
1002
996
987
969
969
958
936
904
884
862
814
779
735
685
641
582
535
493
449
414
388
365
358
346
333
330
326
309
288
281
267
230
197
166
133
100
60
29
11
-26
-54
-71
-104
-136
-163
-190
-226
-283
-327
-366
-408
-465
-509
-538
-587
-615
-641
-669
-677
-690
-685
-691
-693
-689
-690
-688
-700
-703
-712
-725
-738
-745
-743
-742
-742
-736
-720
-701
-678
-646
-619
-593
-567
-535
-508
-481
-443
-405
-369
-323
-268
-220
-166
-97
-30
40
114
193
266
337
425
496
562
624
682
729
763
816
844
864
896
919
949
959
954
966
965
943
919
880
846
816
764
720
682
636
593
547
517
480
433
399
361
336
313
288
272
236
209
188
154
132
110
85
72
61
44
26
11
-15
-34
-50
-86
-125
-169
-219
-264
-315
-376
-433
-489
-545
-587
-627
-667
-697
-715
-726
-734
-747
-741
-727
-721
-715
-710
-710
-705
-696
-672
-645
-636
-603
-552
-524
-492
-453
-429
-402
-379
-351
-323
-315
-303
-296
-305
-303
-296
-299
-293
-278
-259
-225
-181
-142
-100
-41
20
70
126
170
214
276
328
367
418
472
536
602
654
713
775
824
870
918
959
984
990
989
983
958
920
879
834
777
712
655
600
544
494
445
395
345
298
252
210
174
140
97
60
28
-6
-42
-77
-99
-116
-131
-142
-159
-167
-170
-184
-197
-210
-250
-293
-319
-353
-391
-423
-451
-476
-501
-521
-530
-541
-554
-559
-560
-567
-563
-565
-565
-563
-551
-534
-540
-533
-516
-513
-489
-463
-430
-393
-367
-326
-291
-262
-241
-228
-204
-206
-214
-209
-223
-226
-220
-216
-212
-208
-200
-185
-175
-155
-137
-123
-95
-73
-50
-9
24
57
99
137
177
226
268
318
377
435
492
550
607
664
721
768
814
840
869
898
913
922
918
924
907
890
885
860
840
807
776
740
698
651
594
534
458
387
321
254
196
129
78
42
-4
-57
-100
-153
-212
-261
-306
-358
-418
-466
-502
-543
-584
-617
-646
-678
-705
-721
-737
-750
-761
-759
-764
-769
-770
-768
-760
-759
-748
-734
-729
-698
-670
-654
-618
-574
-531
-492
-435
-386
-346
-292
-256
-215
-181
-157
-126
-102
-72
-57
-35
0
13
32
45
54
74
80
92
106
118
128
129
136
148
164
175
194
218
242
273
308
345
377
415
448
479
510
546
587
610
642
665
672
692
706
712
720
715
712
714
707
695
681
658
626
586
546
499
447
397
349
298
243
192
145
100
56
19
-22
-57
-97
-140
-171
-208
-261
-304
-338
-378
-415
-450
-483
-501
-521
-543
-550
-558
-570
-571
-576
-578
-580
-585
-591
-597
-614
-621
-607
-611
-593
-572
-550
-518
-496
-456
-420
-392
-353
-316
-279
-244
-206
-174
-143
-121
-100
-71
-37
-11
10
32
59
83
103
130
139
149
155
151
156
147
140
141
138
134
126
134
148
163
176
182
212
240
261
278
291
318
340
359
376
385
402
419
437
455
469
486
500
515
528
532
531
531
533
523
511
482
445
409
365
324
288
255
212
173
150
105
61
26
-7
-24
-63
-102
-138
-189
-221
-264
-303
-336
-369
-395
-419
-436
-450
-449
-449
-452
-442
-443
-448
-442
-440
-438
-437
-450
-461
-474
-497
-507
-510
-507
-484
-456
-424
-383
-334
-287
-247
-207
-165
-133
-117
-97
-79
-71
-63
-62
-57
-46
-28
-10
22
62
96
142
176
202
226
243
266
275
273
261
239
223
206
185
171
173
182
191
205
227
247
261
278
287
283
278
270
260
253
236
225
230
221
214
220
222
225
242
254
258
249
235
225
209
188
160
130
101
62
28
11
-11
-38
-50
-65
-85
-84
-96
-109
-120
-147
-156
-183
-214
-223
-244
-253
-251
-249
-240
-234
-219
-203
-186
-172
-164
-151
-134
-119
-112
-107
-104
-104
-98
-101
-92
-82
-79
-60
-50
-31
-21
-18
-7
1
19
22
19
27
27
27
23
19
12
14
31
40
44
65
79
75
73
63
55
56
40
26
23
16
8
-4
-15
-20
-21
-23
-32
-33
-33
-40
-39
-39
-44
-50
-55
-60
-63
-72
-85
-81
-76
-67
-60
-55
-34
-14
4
15
28
44
45
41
41
39
31
25
27
36
46
45
53
62
75
71
71
85
83
81
94
98
102
99
81
74
73
58
51
49
52
50
52
58
52
58
69
74
80
70
68
67
64
61
43
39
33
17
11
6
2
2
-7
-15
-17
-21
-27
-37
-44
-44
-51
-54
-63
-71
-76
-83
-86
-87
-88
-91
-91
-88
-90
-89
-90
-89
-85
-81
-77
-74
-74
-74
-70
-64
-61
-62
-59
-51
-44
-40
-35
-33
-33
-33
-28
-22
-21
-19
-21
-23
-19
-17
-24
-25
-13
-1
5
12
21
28
33
41
45
46
51
56
55
52
47
43
35
30
32
34
33
36
40
43
46
53
58
56
53
51
47
47
44
39
37
35
29
27
29
30
28
33
44
52
55
59
62
64
66
67
69
65
56
51
49
40
31
30
30
24
22
23
22
19
16
14
10
4
-2
-6
-8
-15
-24
-33
-39
-41
-45
-47
-46
-42
-38
-35
-37
-35
-29
-26
-29
-35
-39
-41
-46
-53
-60
-63
-64
-66
-63
-62
-63
-65
-60
-53
-52
-49
-48
-46
-48
-51
-59
-66
-65
-63
-65
-62
-54
-45
-40
-36
-32
-23
-13
-2
4
11
16
15
13
11
13
10
9
14
19
21
21
23
30
38
44
50
56
60
59
63
66
65
60
60
66
66
59
54
56
60
61
60
60
60
58
56
58
62
60
53
47
44
41
30
24
17
12
5
0
-5
-8
-15
-19
-20
-18
-15
-14
-12
-16
-18
-17
-15
-19
-25
-25
-23
-25
-31
-33
-30
-33
-37
-37
-31
-26
-24
-21
-15
-9
-10
-13
-15
-15
-21
-23
-25
-26
-25
-24
-23
-21
-17
-14
-14
-11
-7
-9
-10
-5
-4
-8
-7
-6
-11
-14
-13
-14
-15
-14
-11
-10
-8
-5
0
5
10
8
7
6
3
-4
-8
-10
-9
-9
-7
-3
2
5
9
13
19
22
25
28
34
37
37
35
34
31
28
27
26
27
27
24
27
30
27
26
28
31
29
29
27
22
18
12
8
6
5
1
1
1
3
2
3
6
6
5
5
3
5
1
1
3
-4
-9
-6
-8
-6
-2
-6
-7
-6
-7
-6
-3
-3
-8
-13
-14
-11
-17
-20
-20
-19
-20
-27
-30
-26
-24
-28
-27
-24
-21
-20
-23
-23
-22
-25
-24
-20
-18
-19
-21
-24
-28
-30
-27
-24
-20
-21
-18
-19
-15
-15
-16
-12
-8
-7
0
-3
-5
0
0
4
10
8
11
17
18
22
25
25
27
28
31
31
30
32
36
40
43
41
38
38
37
38
38
40
37
35
34
34
30
29
28
24
20
18
14
8
7
7
5
3
1
0
-1
-4
-6
-4
-4
-6
-6
-3
-8
-11
-7
-10
-16
-17
-16
-20
-22
-22
-21
-20
-18
-16
-17
-16
-15
-15
-15
-16
-14
-13
-16
-19
-18
-19
-22
-23
-20
-18
-19
-17
-14
-12
-16
-19
-18
-15
-11
-15
-18
-16
-17
-18
-16
-15
-14
-14
-9
-5
-3
-5
-1
4
3
-1
-2
3
4
-1
-2
1
3
4
5
6
8
12
17
20
22
22
24
32
34
33
29
33
34
29
28
28
26
27
27
26
27
26
26
27
27
27
25
22
20
17
15
12
10
8
6
5
5
4
0
1
-1
-1
-5
-8
-9
-9
-11
-14
-15
-18
-21
-25
-27
-24
-24
-25
-25
-19
-19
-20
-21
-19
-20
-20
-19
-19
-17
-17
-21
-20
-19
-17
-22
-19
-16
-13
-17
-18
-16
-13
-12
-13
-13
-9
-11
-15
-15
-11
-9
-9
-10
-7
-6
-6
-6
-4
3
2
-1
2
1
0
4
2
0
6
7
10
13
9
11
19
20
21
22
24
27
25
24
24
24
23
24
22
23
23
21
22
24
22
26
26
25
27
27
25
23
22
21
21
17
13
12
12
11
7
4
5
4
1
-4
-6
-5
-6
-9
-10
-10
-11
-12
-13
-12
-12
-14
-11
-12
-14
-11
-14
-16
-13
-18
-19
-16
-21
-21
-20
-20
-20
-18
-21
-18
-17
-16
-18
-18
-18
-16
-16
-19
-21
-16
-14
-15
-17
-16
-13
-11
-14
-16
-15
-14
-14
-15
-14
-13
-12
-10
-10
-12
-10
-7
-3
-4
-5
-3
2
4
2
1
5
8
9
12
15
17
18
19
21
22
19
23
28
29
29
29
31
33
32
28
32
34
33
33
33
34
38
35
31
26
25
25
27
27
23
21
19
18
16
11
8
10
10
9
5
0
-1
1
-1
-3
-5
-9
-10
-11
-11
-12
-14
-16
-16
-18
-19
-19
-17
-16
-16
-17
-16
-14
-15
-16
-16
-14
-12
-15
-18
-18
-16
-16
-19
-19
-18
-15
-18
-19
-20
-17
-18
-18
-18
-19
-20
-19
-20
-17
-18
-18
-18
-17
-16
-18
-18
-21
-19
-17
-13
-12
-12
-14
-15
-12
-9
-5
-4
-4
-3
-4
-3
0
3
7
6
9
15
13
11
19
21
22
24
27
26
27
28
28
27
30
30
31
30
29
29
30
31
31
31
30
29
28
26
25
23
22
20
17
15
14
11
10
7
5
7
4
-1
3
-1
-5
-6
-10
-5
-1
-7
-10
-6
-8
-5
-5
-7
-9
-10
-9
-12
-13
-12
-12
-15
-13
-10
-9
-15
-17
-15
-13
-12
-12
-13
-14
-16
-15
-15
-14
-14
-16
-15
-15
-17
-16
-15
-14
-16
-15
-15
-15
-15
-14
-13
-11
-11
-10
-10
-11
-10
-9
-9
-10
-9
-5
-4
-4
-4
-2
0
3
1
3
4
6
9
9
9
13
12
12
14
13
14
17
18
20
20
20
22
21
19
23
22
21
26
23
20
24
19
16
22
17
13
18
15
11
10
10
9
10
10
10
2
0
4
1
-3
-6
-3
-1
-3
-6
-5
-6
-11
-10
-9
-13
-15
-12
-8
-9
-13
-10
-8
-10
-12
-12
-12
-10
-9
-8
-7
-9
-10
-8
-5
-6
-10
-8
-5
-5
-10
-9
-6
-6
-8
-9
-6
-6
-8
-7
-2
-1
-5
-7
-4
-1
-4
-6
-6
-4
-2
-3
0
0
0
0
3
5
7
6
7
7
8
9
11
10
10
13
15
16
15
17
19
21
16
14
14
17
15
13
13
14
17
16
14
12
11
10
8
7
6
7
6
5
3
1
-1
-3
-3
-4
-5
-6
-8
-9
-9
-9
-11
-11
-13
-13
-11
-11
-11
-11
-12
-14
-14
-14
-12
-11
-13
-12
-8
-9
-9
-9
-7
-6
-9
-9
-9
-10
-4
-5
-9
-2
-9
-5
-1
-6
-2
-1
-4
-1
-3
-4
-1
-2
-3
1
0
0
4
1
2
3
1
3
3
3
6
6
5
9
12
9
9
9
8
8
10
12
11
10
10
11
9
8
10
11
11
13
13
14
13
13
12
12
11
10
10
10
10
8
7
6
6
6
5
5
5
5
3
2
0
-1
-2
-2
-3
-5
-6
-6
-7
-7
-5
-6
-7
-6
-7
-7
-6
-5
-7
-10
-9
-8
-6
-7
-8
-8
-7
-8
-10
-8
-9
-8
-9
-8
-5
-5
-6
-6
-4
-2
-2
0
0
-3
-5
-6
-3
-4
-3
-5
-3
-1
-1
-3
-2
-2
-6
-3
-1
-4
-6
-1
-1
-4
-2
1
-1
-1
3
4
4
5
7
4
4
1
1
1
2
3
3
5
6
6
7
6
6
4
4
4
4
4
3
3
4
5
7
7
7
5
5
7
9
10
9
9
8
6
4
4
6
6
4
4
5
8
7
6
4
3
3
4
4
5
3
2
0
0
0
1
1
0
-3
-4
-6
-6
-5
-4
-3
-3
-2
-2
-1
-1
-3
-3
-4
-4
-5
-5
-5
-4
-4
-4
-4
-2
-4
-4
-4
-5
-8
-6
-3
-5
-5
-7
-8
-5
-5
-7
-7
-6
-7
-6
-7
-5
-4
-5
-6
-4
-3
-5
-4
-3
-4
-2
0
2
1
1
4
5
2
1
2
1
0
1
0
3
2
2
4
4
3
4
7
6
6
7
9
6
5
8
8
6
9
10
9
8
9
9
6
4
8
5
5
8
6
8
9
6
8
8
2
3
7
-2
5
4
-2
4
-1
1
0
-6
-2
-3
-3
-2
-4
-4
-4
-5
-4
-3
-5
-4
-4
-4
-6
-9
-9
-11
-8
-6
-6
-6
-6
-7
-6
-6
-5
-5
-6
-7
-6
-6
-4
-4
-5
-4
-4
-5
-5
-5
-5
-5
-4
-2
0
1
2
2
2
3
2
2
3
4
3
3
3
2
3
3
3
4
5
5
4
4
4
5
7
5
5
5
3
4
8
6
3
3
4
4
5
7
6
4
5
7
8
7
6
5
3
3
2
1
0
0
2
4
5
3
0
-1
3
0
-4
-4
-4
0
1
-2
-4
-4
-7
-4
-4
-7
-7
-6
-3
-2
-5
-4
-3
-2
-6
-7
-6
-2
-1
-3
-4
-4
-3
-3
-4
-5
-6
-4
-1
0
-2
-2
-2
-3
-2
0
0
-2
-1
0
-1
-2
1
0
1
0
0
1
0
1
2
3
2
4
1
2
3
3
6
6
7
6
5
3
1
3
3
5
5
2
6
2
-1
5
5
1
2
3
0
1
3
2
1
2
1
0
3
0
1
5
3
3
5
4
5
6
0
-1
5
1
0
0
-2
-2
0
-3
-1
-1
-1
-1
-1
-3
-5
-4
-2
-2
-3
-3
-2
-1
-2
-4
-4
-2
-2
-2
-4
-6
-5
-4
-3
-3
-2
-3
-3
-3
-4
-4
-4
-2
0
0
0
-3
-3
0
-1
1
5
1
0
4
1
1
4
2
3
4
-1
0
6
3
0
0
2
4
2
1
2
3
4
3
3
4
3
4
3
4
1
0
6
5
-1
1
-1
1
6
2
1
3
-2
1
4
1
0
1
3
4
4
3
2
3
3
1
4
2
0
4
1
-1
2
0
0
2
-1
-1
1
0
