0
1
1
-1
-1
-2
-2
-2
-4
-4
-5
-6
-7
-7
-6
-4
-4
-2
0
2
0
1
3
2
2
0
1
0
-2
0
1
1
0
-1
-1
-2
-2
-1
0
1
1
2
5
6
4
2
2
1
1
2
2
3
1
1
2
-1
-3
-5
-6
-5
-5
-5
-1
0
2
2
1
1
0
-2
-2
-1
-1
0
1
2
1
1
0
0
1
-2
-2
-1
0
-2
-1
0
1
1
2
2
0
0
0
1
3
3
3
2
1
0
0
1
1
-1
0
-1
1
2
2
4
4
1
0
-1
-1
1
0
-2
-2
-3
-2
-2
-3
-3
-2
-3
-3
-2
-3
-2
1
3
3
4
4
3
2
2
0
-1
-4
-6
-5
-4
-3
-4
-6
-6
-7
-4
-3
-2
-2
0
-2
-3
-3
-2
1
0
3
6
6
6
6
6
7
6
6
5
5
3
3
4
4
5
6
4
3
2
2
0
-2
-3
-6
-5
-4
-2
-2
-2
-1
-2
-2
-4
-3
-3
-3
-2
-3
-2
-4
-3
-3
-1
1
0
1
4
2
3
2
1
2
1
-1
-2
0
0
-1
-2
-1
-1
-1
0
2
2
0
1
1
1
1
0
0
2
3
1
1
2
3
3
2
-1
-1
-2
-2
-2
-3
-3
-4
-4
-4
-2
-2
-3
-3
-2
0
0
0
1
0
0
-1
1
1
1
2
1
2
3
4
5
3
3
0
3
3
2
2
4
3
2
0
-1
-2
0
2
3
3
1
1
1
3
3
1
2
1
3
2
2
1
4
2
0
-2
-3
-2
-5
-6
-7
-8
-6
-7
-7
-7
-6
-7
-5
-6
-5
-6
-6
-5
-4
-3
-4
-4
-4
-3
-3
-3
-2
-2
-1
0
0
0
0
2
2
2
2
3
1
-1
2
5
6
9
7
7
7
7
8
7
8
8
8
7
5
6
6
7
8
7
8
6
5
5
7
5
4
3
3
3
3
2
0
-1
-2
-1
-3
-4
-6
-5
-5
-5
-6
-6
-8
-6
-6
-6
-6
-8
-8
-9
-7
-5
-4
-3
-3
-2
-1
-1
0
1
-1
1
0
0
1
0
1
1
3
2
1
3
2
-3
-3
-6
-7
-9
-12
-13
-14
-16
-18
-19
-21
-23
-25
-25
-26
-23
-19
-15
-13
-9
-6
-3
1
2
3
7
9
12
18
23
26
28
30
32
35
39
42
42
40
40
37
36
33
30
31
31
31
30
28
25
19
16
13
10
6
2
0
-3
-6
-7
-12
-14
-19
-23
-27
-30
-33
-33
-36
-38
-39
-40
-40
-39
-39
-37
-36
-37
-38
-34
-32
-30
-24
-21
-17
-14
-11
-8
-2
4
10
15
16
13
14
15
17
19
18
16
12
15
16
11
5
-5
-13
-15
-15
-16
-20
-28
-34
-36
-34
-29
-24
-22
-19
-12
-4
1
4
6
9
14
25
35
43
44
44
46
52
60
65
65
63
62
63
63
58
53
46
38
37
36
36
33
28
23
18
11
5
0
-5
-9
-11
-15
-21
-25
-33
-39
-43
-48
-49
-50
-51
-51
-51
-52
-54
-56
-56
-55
-52
-51
-50
-48
-47
-45
-41
-38
-35
-33
-33
-30
-23
-17
-20
-26
-23
-21
-12
-6
-3
1
5
6
11
23
37
46
57
68
88
116
126
136
140
146
171
175
181
201
221
275
313
309
303
282
284
301
289
274
241
209
191
163
133
97
55
14
-27
-61
-100
-150
-223
-311
-370
-417
-450
-481
-530
-520
-475
-421
-376
-398
-438
-455
-440
-371
-292
-224
-170
-142
-107
-53
19
89
140
172
204
264
332
373
388
363
339
341
361
412
458
484
499
476
442
401
351
304
252
205
170
138
105
57
-8
-77
-143
-195
-239
-275
-320
-375
-430
-495
-546
-579
-596
-582
-554
-521
-485
-473
-480
-499
-519
-507
-473
-431
-381
-332
-267
-186
-116
-71
-47
-24
20
82
141
189
220
237
249
263
276
301
335
377
434
481
509
499
447
392
362
389
465
540
590
622
667
793
971
1109
1137
1030
904
877
945
1028
990
822
636
509
457
390
226
-42
-337
-564
-682
-756
-897
-1168
-1526
-1794
-1892
-1877
-1858
-1918
-1944
-1834
-1627
-1409
-1300
-1289
-1288
-1250
-1118
-886
-612
-370
-232
-159
-42
183
453
642
716
737
815
969
1113
1192
1173
1101
1069
1094
1198
1326
1381
1356
1265
1171
1117
1038
914
758
625
563
530
471
370
233
87
-53
-175
-268
-338
-407
-493
-570
-623
-660
-694
-737
-739
-673
-579
-499
-480
-500
-518
-530
-521
-489
-437
-374
-311
-250
-187
-149
-154
-194
-227
-209
-146
-87
-77
-109
-137
-134
-96
-55
-31
-26
-20
5
49
79
61
-2
-69
-101
-84
-33
34
104
171
228
273
324
419
548
662
699
643
593
623
733
840
825
704
575
517
528
503
366
134
-91
-216
-241
-268
-420
-708
-1012
-1194
-1191
-1118
-1102
-1150
-1187
-1108
-945
-821
-784
-825
-853
-780
-582
-284
20
216
252
227
297
513
770
906
902
892
976
1152
1304
1341
1299
1239
1229
1299
1439
1576
1602
1476
1268
1093
982
869
688
471
302
206
125
-1
-179
-383
-591
-795
-975
-1114
-1216
-1311
-1410
-1482
-1500
-1481
-1457
-1440
-1384
-1255
-1086
-958
-935
-994
-1055
-1041
-938
-802
-693
-627
-560
-455
-327
-233
-205
-220
-220
-165
-73
14
62
62
52
75
152
258
352
411
451
504
572
625
642
636
658
747
892
1051
1179
1292
1423
1556
1628
1584
1472
1403
1443
1541
1580
1500
1349
1203
1086
953
764
513
229
-36
-241
-405
-616
-944
-1362
-1734
-1947
-2022
-2059
-2102
-2100
-1998
-1839
-1727
-1715
-1754
-1766
-1711
-1566
-1319
-997
-698
-537
-496
-437
-243
55
306
423
477
585
779
974
1061
1031
969
970
1098
1348
1636
1844
1873
1749
1588
1475
1390
1260
1080
930
882
900
876
732
492
231
10
-161
-310
-463
-624
-778
-903
-987
-1051
-1113
-1159
-1148
-1051
-895
-755
-703
-744
-823
-881
-888
-858
-812
-741
-618
-435
-255
-163
-199
-311
-391
-367
-266
-181
-188
-265
-325
-292
-189
-100
-76
-93
-77
17
151
252
267
211
158
174
287
490
749
1012
1210
1280
1240
1181
1202
1306
1396
1387
1296
1218
1191
1168
1057
838
582
385
286
237
128
-144
-597
-1110
-1493
-1662
-1706
-1765
-1862
-1877
-1716
-1476
-1335
-1362
-1470
-1529
-1478
-1321
-1075
-805
-626
-593
-598
-455
-112
270
489
541
591
769
1022
1195
1210
1122
1027
1014
1147
1422
1735
1923
1902
1769
1671
1633
1564
1384
1155
1008
976
981
934
806
605
354
88
-131
-276
-400
-578
-818
-1046
-1207
-1318
-1439
-1544
-1562
-1450
-1261
-1096
-1021
-1025
-1068
-1111
-1122
-1101
-1053
-984
-894
-764
-612
-498
-469
-504
-534
-503
-446
-431
-478
-535
-531
-457
-366
-317
-312
-298
-213
-44
150
282
306
256
213
245
384
632
952
1249
1414
1431
1395
1455
1647
1850
1922
1816
1652
1569
1583
1584
1438
1135
806
622
636
720
635
239
-360
-890
-1162
-1261
-1401
-1662
-1877
-1837
-1544
-1238
-1145
-1278
-1478
-1569
-1477
-1228
-932
-757
-791
-925
-916
-624
-203
47
34
-25
127
503
860
980
871
680
540
527
692
1005
1315
1448
1413
1374
1434
1475
1314
984
723
709
854
941
847
610
328
62
-148
-289
-397
-535
-707
-840
-880
-880
-959
-1130
-1282
-1278
-1099
-862
-692
-632
-636
-650
-667
-701
-766
-806
-756
-584
-339
-121
-6
0
-32
-43
-29
-44
-131
-270
-382
-392
-316
-242
-260
-364
-446
-398
-218
5
148
164
96
88
250
542
797
816
648
522
678
1111
1535
1693
1526
1285
1176
1253
1337
1224
917
561
426
562
797
801
398
-253
-789
-962
-939
-983
-1209
-1403
-1308
-978
-676
-629
-802
-1013
-1087
-962
-661
-313
-162
-312
-601
-694
-465
-147
-62
-190
-219
41
471
750
757
618
473
376
357
446
632
828
929
975
1054
1112
1025
745
428
294
384
522
556
463
301
142
-43
-265
-482
-649
-733
-730
-669
-614
-632
-765
-942
-1033
-1008
-917
-850
-811
-707
-502
-291
-190
-240
-375
-466
-430
-277
-73
118
266
397
523
595
548
382
172
25
22
101
170
178
100
-5
-70
-99
-95
-73
-73
-45
84
296
530
610
415
85
-141
-81
237
543
633
579
545
606
701
623
352
30
-191
-156
100
332
297
-85
-631
-959
-975
-919
-971
-1135
-1145
-840
-427
-185
-187
-348
-491
-493
-360
-65
266
403
296
140
153
346
468
311
71
39
292
656
847
819
719
629
575
603
700
788
828
792
848
1088
1259
1165
824
457
325
369
378
319
240
186
166
43
-218
-562
-949
-1220
-1280
-1198
-1074
-1018
-1117
-1226
-1224
-1157
-1122
-1230
-1399
-1429
-1253
-945
-645
-532
-567
-578
-504
-323
-132
-24
91
305
593
881
934
727
422
211
229
386
556
467
418
293
121
650
852
510
385
126
403
1148
1125
660
221
51
446
624
595
511
107
6
189
462
367
-320
-701
-652
-471
-281
-333
-701
-1005
-1163
-1324
-1287
-1347
-1553
-1462
-1042
-472
-55
21
-71
-122
-59
169
446
650
748
702
718
971
1314
1428
1187
829
692
898
1179
1255
1151
1000
868
750
672
649
589
431
269
311
498
599
495
141
-178
-259
-298
-356
-472
-604
-642
-598
-509
-507
-678
-998
-1318
-1482
-1464
-1349
-1297
-1325
-1337
-1236
-1071
-1012
-1116
-1285
-1326
-1199
-963
-636
-383
-317
-328
-279
-41
249
353
357
386
594
948
1176
1181
992
779
754
912
1083
1133
1063
980
975
1040
1159
1331
1498
1459
1200
890
673
674
775
824
716
500
309
179
81
-167
-596
-1087
-1460
-1535
-1388
-1240
-1262
-1591
-2022
-2164
-2100
-2083
-2245
-2447
-2303
-1724
-1021
-526
-355
-388
-394
-311
-122
218
598
836
879
957
1276
1735
1995
1843
1556
1503
1750
2078
2214
2192
2110
1904
1632
1393
1222
1148
1002
767
616
625
737
688
403
96
-104
-260
-491
-778
-978
-1033
-1011
-1037
-1127
-1229
-1379
-1557
-1703
-1789
-1799
-1768
-1682
-1499
-1299
-1152
-1061
-1062
-1157
-1232
-1180
-1055
-933
-770
-570
-362
-153
10
92
82
69
182
395
615
806
917
937
910
863
816
858
894
607
239
440
1313
2269
2788
2781
2231
1420
943
977
1198
1395
1523
1491
1253
869
445
24
-450
-1058
-1737
-2082
-1812
-1360
-1417
-2097
-2851
-3156
-3216
-3420
-3775
-3995
-3674
-2792
-1812
-1110
-730
-535
-356
-55
376
822
1137
1300
1536
2026
2676
3180
3257
2904
2491
2339
2517
2827
2946
2873
2792
2675
2436
2014
1498
1044
600
197
55
122
218
135
-224
-534
-725
-968
-1369
-1751
-1724
-1390
-1208
-1296
-1455
-1589
-1755
-1942
-2037
-2011
-1960
-1879
-1647
-1285
-1025
-952
-1100
-1455
-1709
-1680
-1409
-998
-777
-588
-311
-217
-254
-443
-616
-582
-357
33
455
539
425
325
472
792
1221
1506
1733
1978
2423
3872
5432
6400
5986
4231
2890
2470
2387
2388
1675
1149
1039
567
-505
-2195
-4146
-5616
-6232
-6537
-6045
-5150
-4308
-3700
-3709
-4103
-3835
-3408
-2963
-2263
-1154
743
2755
3580
3274
2579
1991
1958
2104
2136
2226
2530
2648
2904
2823
2194
1301
-25
-1142
-1158
-462
568
1300
1297
1246
1335
1242
993
723
634
1364
2244
2668
2789
2544
2086
1396
129
-885
-1187
-1329
-1303
-1144
-896
-714
-1287
-2471
-3228
-3403
-3083
-2410
-1863
-1314
-833
-868
-1126
-1548
-2074
-2307
-2332
-2020
-1325
-718
-393
-426
-710
-1027
-1186
-1154
-945
-418
132
555
777
601
237
-193
-754
-673
-202
545
1510
2204
2738
2996
2759
3105
5073
7386
8715
7129
3828
1999
1645
1712
1162
-427
-794
-427
-951
-2818
-5902
-8272
-8522
-7292
-5999
-4625
-3383
-1865
-448
-322
-834
-622
-96
880
2152
3414
5149
5701
3941
1406
-749
-1550
-1288
-1412
-1534
-1113
-550
-467
-1127
-2431
-3272
-3221
-2743
-1347
915
3117
4658
4890
4356
4188
3694
2764
2036
1850
2897
4331
4351
2801
701
-785
-1367
-2276
-3500
-3565
-2379
-851
116
144
-85
-595
-1571
-2142
-1530
-69
1475
2325
2291
1835
548
-1468
-3349
-4553
-4568
-3805
-3182
-2753
-2711
-3023
-3274
-3556
-3625
-3253
-2272
-698
1039
2340
2656
2321
1512
921
818
623
942
1600
2351
3311
3023
2394
1379
1511
4670
7472
8181
5203
760
-487
-186
329
-372
-2304
-1617
-247
-455
-2930
-7260
-9195
-7609
-4828
-2501
-1293
156
2450
3893
3137
1082
180
496
1591
2914
4046
5303
4322
543
-3232
-5399
-4942
-3552
-3340
-3161
-2163
-745
40
-777
-2285
-2817
-2290
-1135
794
3131
5159
6124
5529
4150
2807
1295
-154
-807
-210
1875
3527
2712
333
-1718
-2130
-1382
-1328
-1720
-841
1270
3510
4414
3324
1545
189
-513
-59
783
1402
1767
1544
1159
21
-2283
-4845
-6514
-6320
-4829
-3452
-2582
-2595
-2973
-3120
-3000
-2404
-1749
-1011
483
2374
3694
3658
2037
205
-557
-463
-112
-453
-826
-696
10
588
283
-86
1176
5000
8130
7974
3944
-450
-1557
-702
208
-204
-1156
-324
227
-1278
-4408
-7798
-8390
-6201
-4160
-2318
257
3498
6762
6767
3242
190
-95
1739
3698
4144
4188
4506
3253
8
-3580
-5877
-5791
-4674
-3907
-2534
-341
1300
1442
-126
-1649
-1227
-154
580
1273
2249
3982
5233
4543
2485
157
-1618
-2371
-2425
-1949
-581
742
806
-150
-1533
-1753
-747
-136
262
1097
2386
3743
3851
2765
1695
776
-15
-591
-759
-130
838
998
236
-1206
-2610
-3412
-3704
-3622
-3294
-2640
-1857
-1215
-782
-644
-364
-13
314
756
1179
1797
2246
1765
372
-1036
-1483
-992
-772
-962
-1619
-1708
-1072
402
4354
8107
8901
5127
-1167
-4333
-3754
-1589
-806
-1879
-1573
187
590
-2022
-6511
-9423
-8240
-5581
-3727
-1157
2549
6821
8644
5565
1241
-383
557
2205
2517
2329
3406
4174
2653
-639
-3810
-5238
-5028
-4425
-3134
-289
2832
4476
3906
1996
1394
2040
2456
2619
2510
3142
4049
3624
2081
87
-1562
-2656
-3543
-3764
-2519
-450
473
-374
-1764
-2124
-1256
-741
-928
-548
723
2390
3086
2359
1347
333
-613
-1262
-1295
-400
637
558
-491
-1717
-2443
-2744
-3178
-3555
-3241
-2089
-959
-673
-1279
-1541
-901
-211
501
1128
2366
3901
4291
3464
1634
92
-546
-881
-873
-600
345
1480
2160
4730
7483
8105
4837
-1783
-5707
-5405
-3148
-1343
-2015
-2495
-1143
-1013
-3173
-6674
-9441
-8358
-5482
-3391
-258
3182
6227
7583
4784
1033
-58
602
1848
2239
1794
2435
3050
1639
-880
-3540
-5228
-4879
-3976
-2719
-370
1833
3558
4078
3185
2803
3043
3175
3329
3350
3699
4313
3852
2113
-86
-2079
-3150
-3667
-3984
-3256
-1487
8
323
-338
-637
-22
395
-35
-324
626
2364
3379
2737
1174
176
-265
-861
-1275
-1165
-390
-58
-1097
-2761
-3866
-4404
-4474
-4024
-3269
-2352
-1879
-2066
-2128
-1655
-1084
-338
317
1297
3007
4233
4548
4084
3090
2194
1313
476
273
-84
1227
5546
9325
9986
4908
-2563
-6384
-6463
-4115
-2543
-3002
-2211
-425
-258
-2072
-5729
-8632
-8421
-7078
-4118
930
5297
8067
7638
3724
368
-719
-429
652
992
1269
2515
2865
1373
-1085
-3668
-4709
-3953
-2901
-1121
1041
2432
2886
1872
949
1748
2904
3281
3020
2874
3707
4474
3513
1390
-1005
-2917
-3462
-3628
-3288
-2030
-891
-483
-925
-1354
-761
148
406
385
827
1861
2905
3120
2543
1552
242
-767
-1058
-342
1054
1717
1011
-97
-1099
-1919
-3283
-5356
-5988
-5177
-3841
-2498
-2206
-2289
-2069
-2340
-2323
-1647
-635
1084
2192
2686
3355
3659
3783
2976
1797
884
908
4096
8355
10176
6972
141
-4828
-5799
-3924
-2522
-3548
-3403
-541
2114
2053
-2449
-7825
-8644
-6731
-3936
-859
1292
4596
7397
6268
3001
158
-651
416
578
-88
678
2311
2688
880
-2407
-4263
-3599
-2399
-1240
-285
896
2371
2684
2169
2236
2539
2331
1547
820
1519
3066
3205
1686
-875
-3268
-3836
-3336
-1823
200
1226
830
-1099
-2991
-3174
-1821
-469
18
135
800
1968
2581
2019
415
-1014
-1662
-1355
164
2240
4088
4417
2630
252
-1489
-2679
-3460
-3956
-3337
-1572
-140
-146
-1590
-3412
-4634
-4854
-4376
-3028
-543
2174
3430
3043
2176
1706
1977
1688
2724
6920
10933
11392
5511
-2901
-7021
-6528
-4290
-4042
-6074
-5474
-1761
1086
1226
-2465
-6616
-6705
-4861
-1862
1456
3469
6300
7502
4974
1692
-884
-1514
-824
-1109
-1067
906
3500
4318
1937
-2248
-4070
-2573
-275
1391
1733
2057
2898
2961
2801
2881
2955
2819
2244
1868
2595
3500
2885
527
-2430
-4295
-4838
-4996
-4707
-3369
-1368
-176
-580
-1682
-2027
-1192
-325
-9
225
794
1890
2685
2357
1365
-36
-1477
-1971
-1373
-208
648
442
-527
-1476
-2272
-2807
-2779
-2551
-1936
-580
1296
3140
3443
1987
-77
-1584
-1601
-1052
-476
361
1466
2737
2688
3249
6966
10848
10423
3344
-5860
-9465
-6808
-2726
-1800
-4115
-4357
-1398
-45
-2642
-8467
-12086
-9596
-4617
583
4340
6171
8229
8183
4418
-577
-4019
-3903
-1634
-180
627
2128
3243
2268
-1491
-6138
-7213
-4133
242
3609
5072
6354
7456
6710
4300
1566
352
1075
2800
4577
6147
7165
6741
4783
1582
-1639
-3839
-5392
-6177
-5687
-3941
-1652
-130
138
-241
-806
-1336
-1710
-1907
-1594
-624
717
1802
1967
951
-430
-1385
-1485
-740
-273
-173
-226
-644
-1471
-3043
-4529
-4953
-4584
-4045
-3480
-2557
-910
1192
2270
2695
2672
2549
3460
4213
4146
3303
4636
8523
11455
9435
1114
-7558
-11393
-9829
-6084
-4924
-5393
-3397
-146
1301
-1319
-7435
-10429
-7932
-3172
1548
3928
6558
10564
10039
3756
-3429
-6331
-3314
-40
-408
-1119
1262
5215
5682
385
-6030
-7092
-3847
-544
994
2056
5181
7787
7066
3965
1130
511
954
777
707
2779
5765
6806
4610
739
-1322
-1128
-449
-564
-900
-437
344
550
-274
-1292
-1872
-2440
-3075
-3308
-2428
-641
474
76
-1235
-2008
-1890
-817
636
1624
2241
1921
967
-107
-1418
-2798
-4268
-5388
-5027
-3776
-2816
-2524
-2611
-2038
-728
123
474
1475
3230
5684
6411
6398
9503
13406
13618
6344
-5392
-12369
-11074
-6227
-4228
-6398
-7191
-3284
216
-1063
-6868
-11330
-8412
-2163
2481
4247
5038
8605
10854
6608
-1039
-6094
-5164
-1542
-973
-2612
-1418
2949
5203
2354
-3150
-4595
-730
2162
1668
-120
958
4945
6424
4131
1314
1029
2605
2907
1553
1623
4110
5771
4602
1337
-917
-626
-361
-1532
-3053
-2992
-1238
114
260
231
851
1268
587
-710
-1330
-682
-239
-1277
-3379
-4916
-4609
-2751
-281
1777
2553
1781
266
-696
-1016
-1127
-1480
-2164
-2158
-1449
-887
-1216
-2716
-4048
-4485
-3353
-787
1828
4114
5768
9672
14917
16090
10824
865
-6437
-6802
-3670
-1681
-2794
-4686
-3600
-2265
-4756
-10656
-17356
-18184
-11732
-3231
4419
8381
10307
12090
10082
4203
-1239
-3561
-2444
-1038
-1755
-1461
968
2212
-112
-5119
-8156
-5404
-608
1987
2838
3637
6081
7487
5805
3566
2581
2784
2443
1073
994
3409
5239
4244
1651
-253
128
396
-1149
-2599
-2156
-27
1224
195
-800
187
1911
2116
93
-1775
-1217
604
1544
622
-1235
-2371
-3101
-3461
-3106
-2057
-768
-458
-902
-1422
-1677
-1905
-2531
-2796
-2198
-839
440
544
-194
-664
-386
1011
2711
3795
7151
12497
15397
11595
527
-9850
-12442
-8541
-3849
-3209
-4880
-2785
1646
2567
-2093
-10533
-14729
-11403
-6033
-992
2673
6502
11284
10484
2932
-4441
-6844
-3693
-514
-755
-297
2501
4632
2095
-4236
-8209
-5980
-1124
1560
2613
4354
7511
8229
4579
650
-198
1959
3603
2906
2788
4781
6580
5493
2172
-19
-156
-305
-1848
-2960
-1286
2061
3102
437
-2989
-3655
-1352
875
1626
2199
3113
3794
2969
623
-1376
-2759
-3999
-4379
-3331
-1255
-272
-1697
-3874
-4543
-3693
-3328
-3797
-3814
-1941
468
761
-881
-2170
-1608
-113
1344
2398
7101
15644
20681
16911
4427
-7687
-10726
-7268
-4273
-5591
-9118
-8180
-3695
-2125
-5272
-12056
-15098
-10532
-3441
3479
7276
8676
9995
8287
3155
-469
-606
1313
1940
-733
-1458
1591
3232
-761
-8698
-13233
-8764
-428
4038
4535
3860
5279
6642
4597
1895
1021
2581
4708
5332
5892
7283
7001
3028
-2198
-4847
-3501
-935
-330
-598
359
2184
2366
-547
-4106
-4549
-1680
1726
3743
4461
4463
3823
2116
-171
-1597
-1779
-1445
-844
39
1261
1433
-1296
-5206
-7568
-7558
-6209
-5492
-5188
-3574
-1166
278
94
-658
-266
1673
2817
4964
10792
17073
18015
9418
-3365
-10021
-7625
-2773
-2785
-7912
-10035
-5637
-1791
-3739
-10950
-15230
-10254
-2632
1883
2641
3005
6485
7947
3123
-2596
-3040
1677
5654
3463
-747
-931
1462
858
-4579
-9666
-7850
-389
4510
4242
1801
1359
3381
3509
2316
2952
6542
10540
10553
7196
4152
2867
1300
-2041
-5166
-4655
-690
2887
3492
1770
101
-1021
-2173
-3622
-3832
-1702
1267
2967
2515
1323
891
1094
785
-405
-1374
-1146
694
2704
2976
1297
-1522
-4154
-5315
-5526
-5241
-4532
-3687
-2036
-462
-286
-556
-1558
-1800
-1048
1218
7895
14769
16751
11322
1064
-5694
-5153
-2248
-1803
-4933
-7992
-6684
-5073
-7064
-11577
-15966
-13697
-6506
-39
3835
4532
5618
6697
4572
858
-762
473
3528
4280
1929
-191
-2235
-4701
-7777
-8998
-5367
797
4333
3572
996
-416
188
376
519
2472
6917
12163
14197
12544
8590
4020
-66
-2684
-2557
-104
2637
3578
2968
1570
331
-1750
-5247
-7207
-5540
-531
4447
5926
4328
1854
419
130
-403
-1627
-1804
-255
2376
4359
3817
1278
-2746
-6302
-7976
-7768
-6207
-4750
-4115
-3769
-2480
-325
878
273
-1490
843
9581
17897
17624
7045
-4885
-7372
-764
5122
3771
-3037
-6947
-6281
-6941
-11909
-18962
-20541
-13168
-4061
2388
4552
4387
4690
2375
-1998
-3306
820
7201
10981
9463
6347
4414
800
-5909
-13293
-15275
-8759
597
5442
4377
276
-2803
-4074
-4747
-3508
329
5593
10129
12448
12894
12288
8926
3125
-1677
-3151
-533
2995
4095
3321
1561
-407
-2305
-4228
-4229
-1488
1649
3798
4151
2871
1012
-852
-1344
97
1902
2682
1872
1400
2686
3575
2128
-1476
-4191
-3531
-1495
-663
-1792
-4299
-6311
-6847
-6757
-5118
-2669
1736
9784
16228
16236
7730
-3695
-8396
-4218
1800
3428
-204
-3889
-3752
-5551
-11248
-18145
-21809
-16060
-7122
-852
1923
1874
2641
1870
-2189
-4955
-1483
5454
10878
10432
6068
3749
2152
-1171
-5691
-7870
-4307
1518
3441
1843
-598
-2316
-3169
-4567
-3566
1293
7245
10132
8624
5735
5143
6138
5562
4094
2828
3027
3317
1627
-283
-1424
-1433
-2057
-3768
-4046
-1203
2417
3437
1820
-611
-575
1886
4482
5590
3891
767
-1995
-2833
-1303
338
51
-1873
-2935
-1877
-429
-574
-1820
-3019
-2454
-737
317
984
1633
6010
11962
13241
7521
-2261
-7137
-2702
4797
7010
2053
-4986
-7077
-6834
-10232
-15877
-20573
-18047
-9144
-2157
239
-1531
-3227
-3217
-3725
-4186
-959
4585
8710
9256
5659
2412
468
-2600
-5546
-5899
-2245
2842
3228
-523
-3251
-3380
-1554
-1062
-1642
700
5776
9279
8905
6418
5807
7857
8389
6907
5269
3849
2460
-630
-3704
-2883
749
2862
857
-2837
-3098
-608
179
-1807
-4160
-2835
2383
7184
8939
7555
4583
1373
-1558
-2233
-232
1767
1485
-1056
-4293
-6357
-7275
-7634
-6647
-3638
876
4008
3700
1590
3771
10734
15894
12955
2900
-4269
-1531
6098
7567
144
-8632
-9193
-4380
-4547
-11444
-19987
-20272
-12345
-6668
-6017
-7690
-5349
-164
1325
-8
1496
6773
9827
6671
43
-2198
1026
1549
-2869
-7244
-4960
1977
3224
-2843
-9733
-10036
-3815
1786
3019
2511
3958
5281
4101
2078
3244
7837
11277
11289
9644
8330
6505
2231
-3185
-4573
-228
4694
4075
-1204
-5089
-3954
-381
991
-511
-1339
877
4767
6509
4812
2105
220
409
2570
5326
6281
4079
-349
-4724
-7121
-7835
-7040
-5214
-2477
259
1844
1317
2601
7723
10433
7115
-1155
-5511
360
10365
14335
7232
-4375
-8972
-5754
-3272
-6572
-13693
-16790
-12400
-7448
-6944
-11034
-13640
-10162
-6037
-4220
-1659
2812
7028
7267
3264
577
2530
5156
3912
-324
-1442
2669
4889
795
-6681
-10906
-8025
-1670
2250
2223
809
235
108
78
1766
5084
7551
8572
9016
9033
7500
3270
-1369
-2391
1934
7052
6598
769
-4822
-5928
-3720
-1395
-813
-539
416
2214
4069
4220
3397
1657
-206
730
4489
7541
7008
2924
-1363
-2805
-2689
-2864
-4484
-5482
-2873
860
2383
3669
6956
9287
7028
503
-3249
1361
9575
12303
5614
-4141
-7042
-4042
-2699
-5829
-11017
-12234
-8282
-5398
-6787
-11629
-14277
-11698
-8596
-6496
-4097
-728
2427
3310
1319
-614
788
2945
3041
1070
169
2100
2676
-230
-4808
-7917
-7219
-3698
-467
1649
2804
1975
-91
-1141
1615
6484
8194
6319
3993
3826
5845
6634
4757
2780
2762
3805
3235
1091
410
908
945
-164
-1687
-1586
-826
-639
-1242
-1601
-228
2260
3886
4566
4605
3600
2486
1462
1287
1151
154
-683
-794
-50
1237
4637
7735
6563
763
-5608
-3746
6197
14128
12238
2484
-5223
-5500
-3723
-5364
-8406
-9004
-5108
-2412
-6057
-12165
-14841
-11602
-6459
-4249
-3160
-133
2362
1338
-2658
-5891
-4047
241
1532
1064
1310
2817
2562
-2043
-6164
-5712
-2398
-217
-1058
-3186
-2865
-767
-115
-142
348
2285
4511
4856
4903
5197
4227
1979
-125
758
4865
7778
5711
916
-1723
-522
1711
1320
-453
-927
358
2996
4677
4455
2870
73
-2329
-1983
1356
4840
5494
3251
1310
1582
2984
3444
1676
-735
-1136
2868
8368
9740
4854
-2756
-4650
1793
8912
8496
847
-5630
-4609
-188
675
-2483
-6174
-6342
-5012
-7025
-10421
-11281
-8069
-4746
-4739
-6109
-4791
-1619
-1089
-3353
-4870
-1592
4175
5463
1528
-2453
-2769
-321
600
-988
-2187
-2220
-2619
-3948
-4907
-3599
-436
310
-1393
-1877
-643
720
-438
-2151
365
6056
9681
8173
3681
1142
1497
1083
-616
-1185
837
3843
4725
3149
1059
-504
-1301
-1152
-411
649
1098
1310
2135
3961
4748
2705
-953
-2791
-612
4083
7724
8599
10360
12749
12269
6224
-2001
-3879
2463
9513
9116
1949
-5068
-6109
-3776
-4131
-6710
-8418
-5857
-1697
-2236
-6350
-9649
-7883
-3800
-2001
-3153
-3823
-2014
-1295
-3019
-5004
-3718
820
3046
354
-2735
-2490
480
937
-2273
-5013
-4481
-1724
-1000
-1444
-298
2289
2745
-1591
-5246
-3945
572
3208
1613
-475
-65
1118
208
-1691
-1380
1516
3062
987
-941
557
3238
3586
352
-3151
-3043
-331
2080
2621
1834
806
-71
-309
1544
3726
3768
1633
-508
285
2972
4634
4462
6884
11052
11536
5330
-1885
-875
8203
15742
13344
4549
-2111
-1891
1277
1639
-652
-2981
-4288
-5700
-8665
-11215
-11524
-9363
-7321
-6837
-6657
-5685
-4459
-4665
-4605
-1851
2778
6483
6104
2354
-304
-357
1607
2665
2289
1025
-467
-1236
-1715
-1736
-2690
-4570
-5988
-5898
-3029
217
712
-1187
-2589
-1064
1275
1061
-889
-689
2584
5592
4443
-136
-3625
-3579
-1385
418
921
577
-109
-1456
-1996
-1072
-5
-224
-2158
-3240
-1267
2194
2886
558
-2229
-1748
1379
5716
11248
14055
11152
3236
-1469
3101
12700
16298
9864
960
-2163
794
3256
2099
429
-534
-1366
-4196
-7314
-7867
-6714
-5406
-5980
-5722
-3962
-2166
-3466
-6586
-6666
-3271
426
1027
-1140
-2272
-1159
138
715
1451
3574
4509
2416
-597
-890
2129
4304
2698
-1205
-2768
-269
1876
402
-3823
-6340
-4699
-2010
-664
-388
-271
-447
-1696
-3028
-2399
496
3010
3557
3366
2839
1612
-1096
-4017
-4065
-1227
961
-183
-3447
-5283
-3570
-1177
-857
-1726
-1962
-824
240
3228
8020
10660
7097
-228
-2160
4524
12724
12771
5585
464
1645
4696
4085
1224
442
1720
1498
-2352
-5452
-5806
-4596
-5351
-7667
-7472
-3840
-713
-2194
-5355
-6113
-3493
-221
1529
2206
3734
4123
2105
-1030
-1787
894
3142
3169
1536
1422
2843
3211
1079
-1755
-874
2602
4384
1714
-3380
-5551
-4305
-1995
182
2285
3317
844
-4730
-8780
-6590
208
5042
4524
414
-3224
-4593
-4027
-1752
1195
3551
3362
352
-3515
-5793
-6081
-4535
-2206
-2
646
-426
400
2864
4402
2573
1189
4815
11275
13349
7362
-416
-2205
2054
5138
3377
331
-798
-541
-2200
-5182
-5209
-2061
876
-881
-6146
-9769
-7821
-3347
-1063
-1301
-2530
-2743
-1882
-1175
227
2960
5158
5060
2128
50
709
2529
3393
2856
2795
3827
4161
1192
-2808
-2751
1692
6483
6468
2212
-1277
-2368
-1602
347
2971
4420
1626
-4868
-9372
-6698
411
4273
2060
-3098
-5758
-5126
-3498
-1652
105
1375
337
-2725
-4643
-3469
-1180
-258
-1002
-1104
-308
1442
4096
5099
2983
-1823
-3321
1909
9307
10378
3464
-3710
-3418
2561
6003
4156
649
-1165
-1333
-2825
-4083
-2858
-809
-981
-5364
-9578
-9332
-4514
-635
-437
-1857
-2979
-3058
-3213
-3335
-1040
2802
4956
3767
569
-71
1855
4522
5976
5783
5281
4382
3273
1711
1530
3476
5330
4953
1447
-2243
-2939
-943
1885
4168
5266
4272
715
-3287
-4622
-1932
2073
3302
947
-3675
-7474
-8269
-5236
-327
2575
970
-3497
-6643
-5825
-2392
-8
150
-705
-1559
7
3398
4449
1615
-2945
-2523
4327
10615
8796
303
-5489
-2647
4600
7403
3385
-2277
-4200
-2036
-938
-1891
-2719
-1904
-1397
-4147
-8289
-10000
-7365
-4383
-2829
-2206
-2118
-2908
-4818
-5373
-1584
4082
6269
3244
-1355
-1898
1166
4166
5151
5210
5211
4252
2079
583
3140
7441
8260
4815
867
943
3360
3577
1963
2184
5055
6153
2374
-2988
-3874
651
5095
4395
-728
-5496
-6834
-5043
-1450
1893
2719
-559
-6433
-9835
-6991
-1228
1653
-748
-4362
-4992
-1903
3800
5812
2657
-3739
-6030
192
8887
10758
3299
-4502
-4913
909
4685
2662
-793
-2019
-510
90
-1110
-1425
-1043
-1292
-4156
-7467
-7700
-4559
-2576
-4178
-5821
-5042
-3060
-3162
-5548
-5303
-527
3895
3572
-821
-2806
21
3576
4683
4007
4753
5806
4365
613
-126
4895
9590
8194
2353
-478
2148
4708
3429
1640
3465
6402
5165
16
-2565
709
5709
6043
1535
-3073
-4410
-2914
-648
1427
1943
-454
-5615
-9533
-8482
-2742
1681
787
-3566
-4826
268
5168
3785
-2631
-4424
2646
10557
9037
-1164
-8347
-4981
3376
6223
1743
-3993
-6231
-4446
-2974
-2037
-783
-180
-875
-4497
-7897
-8194
-4589
-524
237
-1775
-4095
-4513
-4084
-3901
-2648
252
2870
1945
-2592
-5159
-2915
2032
5028
4052
1992
979
1216
941
1846
5105
7579
5898
765
-1188
2545
6903
6768
3261
1862
3832
5248
3881
2496
3565
5345
4844
2133
-354
-913
-759
-152
803
1149
34
-2620
-4847
-4847
-2932
-1606
-2030
-2737
-2960
-1464
2240
4124
1942
-3682
-5658
576
8926
9854
686
-8699
-7859
781
5905
2921
-3012
-5444
-3461
-2850
-4037
-3701
-1507
-63
-2594
-6232
-6964
-3726
-1186
-1956
-3365
-3221
-1872
-2217
-4201
-3869
-94
3065
1327
-4401
-7328
-4131
1746
5178
4484
2216
650
-16
-696
900
5366
8520
6570
934
-1614
1457
5285
5300
3005
2930
4862
4986
2564
1176
2754
4795
4680
2579
1159
909
306
-263
424
1831
1526
-1305
-4557
-4854
-2425
-816
-1592
-3116
-352
5051
6209
787
-5608
-3595
6071
12127
7699
-2022
-6931
-3724
1202
2100
248
-2379
-4276
-5221
-6376
-5450
-4016
-3150
-3555
-5449
-6987
-6702
-4044
-1829
-914
-1882
-3071
-2619
-2327
-1831
434
3111
3998
918
-3926
-5026
-2067
1769
2526
718
-450
-210
-158
-687
1038
3995
4762
1784
-1548
58
4225
5344
3096
1644
3177
4457
2769
1425
3839
6931
6121
2247
73
1884
3808
2503
482
316
1159
351
-2028
-2984
-1587
-710
-2518
-4407
-4043
-12
5308
6493
2744
-3629
-5607
-18
7569
9564
4379
-1536
-2495
343
1581
117
-911
-868
-436
-3054
-6661
-7505
-5581
-2923
-3858
-7289
-9740
-8441
-4812
-1916
-967
-1614
-2208
-2674
-2950
-1196
1905
3871
2788
-924
-2587
-537
2792
3469
1130
-268
1026
2518
520
-1996
-323
3718
4539
45
-3640
-1521
2833
4056
2197
1636
3019
2727
516
1148
5827
9099
6023
-63
-1944
1901
5715
4900
1830
-45
-645
-1894
-3058
-2057
-154
-965
-4306
-5953
-1475
5781
7044
933
-5771
-3819
5305
10829
6547
-2238
-5176
-598
4537
4080
-257
-3345
-3674
-1818
-1555
-2178
-3167
-4172
-4166
-4913
-6116
-7353
-6914
-5269
-3194
-1851
-2511
-3679
-4667
-4182
-934
2408
2985
506
-2910
-2883
977
5193
6263
3644
669
69
1832
2703
2691
2874
2706
1583
-845
-1290
581
2023
1523
128
414
1305
870
-347
694
3754
5324
3678
550
-309
1825
3813
3851
2605
1488
618
-588
-1482
-646
842
413
-2840
-4823
-737
5201
5658
-886
-5825
-1711
6590
8408
1634
-5448
-5097
405
3556
2241
-944
-3552
-2993
-1779
-1548
-2126
-3903
-3878
-3576
-4330
-5795
-5523
-3571
-2669
-3209
-4597
-4027
-2690
-2789
-1781
1036
3418
2512
-2039
-4699
-2224
2752
5819
4868
2272
175
-283
501
2655
5363
5635
3141
-514
-1573
821
3065
3551
2503
1281
259
-917
-1296
700
3854
4875
2655
-863
-2054
503
4006
5341
4005
1544
-92
-958
-1369
-865
570
646
-1607
-4418
-3037
2360
4402
196
-5360
-3724
4001
8210
3853
-3235
-5105
-1265
2241
1889
-128
-2408
-3927
-3228
-1891
-1136
-2626
-4937
-4547
-3295
-3917
-5814
-5583
-3223
-1486
-2129
-3496
-2655
-1674
-1910
-927
1690
3979
2778
-1547
-3393
-797
3207
4880
3473
1706
826
447
290
1775
4002
4450
2537
-334
-789
1008
2766
3945
4046
2877
806
-703
205
3345
5814
5080
1396
-2670
-3298
407
4688
5498
2223
-1337
-2009
-819
495
1072
1049
-788
-1739
788
3911
3069
-2830
-5125
726
7398
5562
-2748
-6874
-2671
2169
863
-3108
-4542
-4594
-4559
-5265
-3624
-1570
-3421
-6072
-6751
-4777
-4368
-5873
-5668
-2174
871
-915
-4113
-4476
-1396
2582
3964
3320
1767
-862
-1831
291
3787
5212
2703
-97
12
2511
3985
3929
3495
2613
1724
1101
1994
2682
1158
-451
515
3618
4409
1396
-1866
-1124
2845
5274
4549
1650
-909
-545
2215
5440
5807
2578
-1095
-1806
393
2594
2618
432
-2618
-3470
-8
3770
2615
-3243
-6010
-474
6829
5983
-2356
-7542
-3510
2727
2696
-2278
-5670
-5551
-3336
-2416
-2599
-3729
-6953
-8258
-6161
-3190
-3856
-7343
-8874
-5451
-629
44
-2434
-4373
-3510
69
3413
4742
3496
-370
-2754
-630
3940
6509
4143
341
-147
2234
3775
3290
2931
3261
2949
1402
851
2165
2460
1278
997
3118
5029
3126
-323
-333
3164
5556
4214
855
-1038
-246
1686
3659
4428
2654
-359
-2194
-528
3036
4660
2354
-626
-87
2532
3310
569
-781
2487
5782
4036
-2032
-5838
-3639
96
352
-2733
-6071
-8186
-7994
-6371
-3570
-2358
-4872
-8330
-9484
-7019
-4038
-3100
-4584
-6116
-5718
-3933
-2001
-1188
-1072
-86
1349
1538
389
-788
-11
2296
3736
3454
2163
939
589
1864
4313
6356
5543
1925
-685
466
3655
4354
1418
-874
719
3532
3279
743
27
2513
4764
4249
2638
1925
1416
490
768
3338
5681
4491
856
-1352
130
3205
4993
4250
2226
983
650
1077
1263
1495
2406
2901
1580
-1221
-2976
-2039
-206
11
-2076
-4311
-6141
-6845
-6483
-5631
-4415
-5482
-7536
-8860
-8243
-6454
-5474
-5312
-5390
-4968
-4583
-4060
-2831
-1061
310
520
-228
-231
1004
2194
2543
1933
1666
2079
2938
3452
3161
2675
2486
2958
3074
2331
1347
1458
2026
1369
-388
-1417
293
2694
3317
2049
744
1296
2468
3241
3783
3983
3473
2017
1323
2469
4344
4407
2390
1160
2166
3914
4900
5027
4569
3501
1684
995
2797
5086
4051
-282
-3416
-2819
-132
355
-2087
-4498
-5466
-5150
-5733
-6548
-6795
-6846
-7262
-8155
-8493
-8373
-7923
-7360
-6099
-4691
-4259
-4817
-4737
-3045
-502
1074
1138
725
119
-122
617
2306
3926
3953
2649
1504
1673
2638
3392
3566
2923
1893
1183
1336
2234
2701
2079
1026
337
373
749
931
1102
1541
1724
1395
956
1093
2322
3203
3052
2582
2135
2217
2670
3262
4121
4531
4026
4005
4882
5556
5272
4395
4499
4812
3169
595
-928
-294
458
-995
-3521
-5010
-5273
-5233
-5041
-5051
-5454
-6505
-7354
-7125
-6643
-6962
-7548
-7254
-6411
-6156
-6322
-5631
-4050
-3117
-3037
-2441
-988
36
-269
-688
677
2793
3179
1996
1379
2229
3145
2872
2452
3374
4211
3088
939
80
1278
2768
2754
1811
707
-130
-54
886
1856
2024
1575
1224
1369
1466
1705
3025
4453
4563
3193
1633
1284
1955
3049
4333
5634
5603
3936
2163
2113
4253
6569
6910
4968
1820
-635
-1368
-646
391
363
-1674
-4572
-6480
-6601
-5022
-4233
-4898
-6688
-8575
-9339
-9124
-8120
-7618
-7759
-7863
-7193
-5823
-4920
-4312
-3369
-2170
-1066
-269
507
1413
1388
869
1314
3016
4743
4521
2705
1564
2424
3913
4173
3223
2328
2035
1500
769
1090
2676
3393
2077
343
326
1561
1624
931
1286
2681
2803
867
-311
729
2598
3294
2974
3074
2844
1805
970
1669
3995
5652
5574
4222
2590
2419
4274
6374
6319
3103
-774
-2053
-774
692
188
-2119
-5013
-6629
-6759
-5836
-4870
-5106
-5849
-7222
-8479
-9049
-8256
-6353
-5162
-5423
-6518
-6722
-5555
-3731
-2097
-1208
-1319
-1901
-2388
-1742
76
1766
2312
1559
983
1701
3104
3664
3232
3119
3722
4310
3715
2392
1912
2462
3323
3536
2712
1709
1350
1494
1681
1455
1228
1554
1806
1314
738
1249
2642
3477
2598
1414
1670
2915
3841
3517
3808
5259
5999
4725
2325
1949
3985
5721
5075
2718
612
-574
-1460
-2126
-1697
-1206
-1777
-3736
-5818
-6137
-5881
-5791
-6187
-6763
-7076
-7619
-8237
-8433
-7804
-6671
-5689
-5554
-6081
-6137
-4791
-2807
-1496
-1403
-1775
-1378
-685
-20
572
1555
2781
3141
2684
2374
2946
3423
3170
2926
3482
4286
3628
1781
1080
2465
4299
4437
2889
1498
1547
2479
3165
3040
2408
2201
2385
2510
2381
2449
2942
3143
2640
2083
2356
2679
2119
1740
2702
4421
4625
2789
1428
1867
2804
2669
1912
1557
987
-661
-2377
-2462
-1663
-1626
-2838
-3885
-4109
-4859
-6117
-6761
-5975
-5288
-6137
-7580
-8048
-7307
-6520
-6090
-5335
-4362
-4221
-4538
-4292
-3097
-2027
-2243
-2625
-2129
-1146
-820
-1028
-622
609
1809
2140
2274
2601
3007
3298
3537
4068
4493
4334
3719
3349
3552
4227
4521
3916
2972
2624
3245
3696
3131
2169
2023
2489
2577
2228
2110
2653
2917
2565
2516
3104
3692
3579
2991
2743
2847
2789
2905
3160
2875
1599
4
-344
348
484
-746
-2167
-2676
-2667
-3004
-3718
-3753
-3699
-4460
-5681
-6087
-5153
-4614
-5566
-7081
-7349
-6361
-5458
-5404
-5651
-5580
-5422
-5006
-4339
-3511
-3111
-3259
-3272
-2809
-2139
-1747
-1333
-637
306
1292
2102
2656
2777
2833
3337
4243
4861
4668
4093
3864
4194
4543
4557
4310
3952
3679
3686
3972
4193
4107
3590
3136
2983
3005
3048
2913
2753
2570
2345
2372
2907
3373
3245
2372
1712
2003
2632
2833
2301
1603
936
490
414
519
190
-931
-2023
-2170
-1644
-1860
-3245
-4985
-5686
-5416
-5285
-5508
-6084
-6657
-7336
-7757
-7332
-6372
-5799
-5956
-6127
-5903
-5259
-4635
-4014
-3468
-3272
-3258
-2981
-2159
-1357
-764
-389
75
657
1013
1579
2483
3393
3758
3700
3899
4510
4907
4701
4359
4380
4816
5074
4840
4362
3979
3763
3729
3744
3595
3338
2947
2696
2620
2768
2886
2740
2605
2595
3454
4346
4582
3862
2542
2450
3215
3941
3446
1948
780
467
428
1
-567
-1554
-2490
-3458
-3810
-3593
-3996
-5159
-6393
-6375
-5401
-4778
-5906
-7528
-7934
-7077
-5875
-5680
-5918
-6103
-5904
-5524
-4955
-4074
-3618
-3645
-3883
-3480
-2469
-1663
-1116
-549
162
579
577
935
2096
3145
3293
3040
3213
3767
3878
3691
4090
4882
4976
4121
3480
3899
4551
4341
3749
3741
4122
3936
3286
3216
3763
4014
3304
2620
3123
3837
3650
2820
2505
2988
3074
2417
1948
2327
2694
2051
852
121
187
251
-39
-377
-854
-1695
-2671
-3233
-3216
-3376
-4184
-4999
-5201
-5032
-5264
-5797
-6302
-6475
-6366
-6267
-5944
-5656
-5597
-5618
-5455
-4795
-3986
-3639
-3703
-3779
-3481
-2701
-1788
-1054
-570
-449
-387
188
1131
2000
2377
2379
2547
2882
3288
3728
4058
4223
4184
4075
4132
4237
4070
3897
4029
4283
4268
3898
3609
3582
3675
3649
3754
3948
3838
3416
3098
3441
3833
3699
3110
2678
2732
2830
2689
2244
1774
1263
720
-10
-803
-1540
-2131
-2355
-2599
-3044
-3886
-4696
-4945
-4782
-4689
-4954
-5344
-5646
-5764
-5948
-5967
-5581
-5139
-5015
-5176
-5013
-4428
-3925
-3917
-4074
-3742
-3149
-2930
-3075
-2821
-1899
-1199
-1199
-1153
-359
970
1729
1714
1804
2403
3151
3388
3400
3726
4282
4511
4376
4439
4816
4930
4319
3716
3865
4574
4737
3965
3245
3200
3641
3879
3629
3413
3213
2961
2948
3211
3543
3082
1934
1117
1360
2280
2613
1916
754
87
32
92
-241
-845
-1564
-2311
-2862
-3189
-3239
-3627
-4467
-5082
-4822
-4116
-4096
-5167
-6410
-6482
-5715
-5028
-5036
-5401
-5402
-5063
-4569
-4048
-3612
-3607
-3839
-3820
-3258
-2428
-1990
-1909
-1649
-1180
-767
-372
81
993
2025
2496
2499
2409
2811
3608
4135
4153
4179
4586
5122
5321
4987
4708
4734
4799
4736
4618
4598
4467
4001
3439
3334
3590
3565
3238
3102
3465
3818
3305
2266
1769
2035
2503
2422
1744
1108
592
112
-119
-215
-519
-1470
-2700
-3210
-3010
-2986
-3720
-4671
-5139
-5217
-5290
-5353
-5174
-5181
-5756
-6485
-6521
-5745
-5116
-5142
-5324
-4986
-4338
-4117
-4354
-4415
-3892
-3186
-2806
-2619
-2348
-1959
-1631
-1275
-522
497
1224
1457
1626
2151
2897
3388
3631
4012
4485
4656
4496
4466
4898
5506
5685
5477
5167
5005
4966
5017
5204
5254
4993
4355
3904
3927
4168
4113
3555
3010
2761
2745
2496
2040
1647
1353
1127
854
625
354
-259
-1059
-1484
-1561
-1713
-2388
-3226
-3548
-3574
-3820
-4397
-4867
-5053
-5169
-5544
-5972
-6134
-6142
-6072
-6007
-5833
-5590
-5353
-5109
-4786
-4386
-4120
-3937
-3739
-3537
-3316
-3095
-2788
-2377
-2002
-1584
-883
-33
521
730
966
1720
2709
3227
3268
3343
3759
4216
4505
4740
5176
5512
5413
5274
5392
5713
5736
5361
5033
5000
5015
4790
4449
4128
4075
4247
4491
4607
4183
3411
2767
2504
2524
2406
1934
1267
557
-30
-271
-363
-643
-1373
-2347
-2903
-2960
-3026
-3552
-4386
-4938
-5033
-5038
-5240
-5594
-5926
-6106
-6143
-6033
-5922
-6010
-6083
-5795
-5119
-4505
-4367
-4453
-4346
-4081
-3867
-3737
-3414
-2842
-2424
-2206
-1941
-1482
-853
-280
344
1132
1817
2305
2616
2950
3409
3705
3896
4152
4604
5077
5168
5075
5130
5441
5627
5410
5229
5339
5494
5195
4545
4288
4524
4681
4388
3961
3937
4037
3769
3201
2733
2513
2215
1792
1460
1186
648
-99
-531
-535
-682
-1526
-2543
-2929
-2713
-2581
-3079
-3850
-4435
-4835
-5074
-5177
-5200
-5359
-5831
-6211
-6092
-5673
-5409
-5433
-5336
-4913
-4461
-4341
-4445
-4422
-4229
-3932
-3558
-3067
-2550
-2230
-2064
-1722
-1162
-578
-88
401
1068
1693
2037
2232
2641
3350
3961
4194
4138
4179
4457
4791
5050
5175
5136
4940
4799
4853
5120
5274
5033
4615
4278
4283
4365
4292
4085
3871
3768
3535
3253
2894
2507
2081
1632
1369
1125
607
-292
-1042
-1396
-1546
-1916
-2578
-3016
-3265
-3540
-3891
-4094
-4172
-4425
-4991
-5455
-5360
-5103
-5144
-5485
-5560
-5097
-4599
-4540
-4710
-4532
-4033
-3662
-3639
-3718
-3577
-3340
-3218
-3040
-2558
-1864
-1327
-1150
-1081
-713
-36
707
1346
1801
2192
2524
2803
3116
3575
4169
4662
4832
4685
4645
4836
5127
5217
5030
4858
4679
4475
4234
4082
4132
4343
4486
4509
4346
3944
3585
3211
3013
2906
2687
2301
1551
719
203
144
115
-345
-1284
-2060
-2326
-2429
-2670
-3250
-3834
-4320
-4728
-4947
-4971
-4988
-5241
-5552
-5610
-5215
-4806
-4707
-4736
-4648
-4194
-3636
-3295
-3315
-3681
-4041
-3965
-3421
-2728
-2280
-2190
-2063
-1741
-1266
-784
-443
-109
291
810
1394
1832
2030
2175
2470
2982
3489
3787
3991
4238
4630
5040
5203
5009
4637
4429
4672
5055
5117
4757
4225
4001
3990
4001
3948
3918
3879
3653
3267
2879
2673
2315
1712
1041
659
554
238
-445
-1273
-1834
-2199
-2500
-2816
-3042
-3241
-3653
-4091
-4370
-4389
-4481
-4878
-5312
-5399
-5097
-4752
-4597
-4534
-4315
-4045
-3843
-3704
-3563
-3356
-3278
-3257
-3139
-2955
-2818
-2819
-2703
-2261
-1696
-1298
-1083
-835
-407
35
348
746
1302
1871
2176
2246
2507
3092
3728
4053
4127
4281
4638
4974
5101
5150
5245
5317
5220
5054
5009
4997
4760
4326
4094
4211
4363
4123
3551
3101
2890
2725
2394
1930
1489
1022
454
-115
-630
-1155
-1747
-2333
-2676
-2835
-3119
-3642
-4218
-4510
-4501
-4482
-4650
-4968
-5259
-5303
-5080
-4749
-4540
-4586
-4635
-4362
-3753
-3134
-2868
-2986
-3206
-3298
-3233
-3077
-2894
-2657
-2376
-2125
-1967
-1853
-1666
-1291
-743
-152
394
804
1111
1390
1727
2127
2509
2810
3113
3548
3990
4296
4418
4613
5027
5388
5403
5131
5013
5212
5413
5194
4699
4381
4349
4371
4165
3980
3983
3925
3547
2942
2568
2434
2120
1404
646
205
-49
-495
-1209
-1829
-2267
-2628
-2989
-3245
-3351
-3613
-4116
-4612
-4815
-4868
-5142
-5578
-5707
-5342
-4913
-4824
-4953
-4803
-4276
-3756
-3492
-3440
-3422
-3386
-3324
-3157
-2972
-2947
-3038
-2915
-2415
-1807
-1459
-1328
-1081
-567
34
496
822
1119
1457
1868
2348
2833
3218
3447
3636
3960
4440
4899
5117
5099
5098
5283
5522
5567
5373
5141
4987
4836
4637
4409
4222
4060
3921
3839
3725
3418
2872
2305
1942
1758
1452
836
50
-611
-996
-1327
-1828
-2455
-2940
-3151
-3254
-3466
-3829
-4235
-4614
-4864
-4959
-4930
-4952
-5109
-5212
-5063
-4658
-4263
-4022
-3893
-3733
-3527
-3332
-3194
-3162
-3182
-3177
-3042
-2873
-2777
-2679
-2373
-1816
-1271
-931
-734
-440
-15
470
943
1361
1639
1746
1933
2380
2968
3325
3419
3607
4077
4590
4752
4665
4676
4911
5143
5150
5008
4803
4588
4389
4351
4472
4496
4250
3871
3701
3724
3604
3102
2421
1921
1668
1441
986
331
-402
-1050
-1531
-1852
-2120
-2506
-2997
-3469
-3754
-3890
-4034
-4310
-4686
-4969
-5026
-4880
-4749
-4744
-4795
-4695
-4381
-4000
-3709
-3573
-3483
-3377
-3219
-3057
-2958
-2958
-3008
-2939
-2656
-2214
-1814
-1516
-1245
-914
-545
-228
75
427
851
1265
1607
1882
2118
2363
2665
3067
3507
3881
4131
4328
4548
4747
4854
4850
4823
4816
4765
4623
4429
4295
4256
4268
4214
4052
3817
3590
3426
3217
2896
2426
1894
1350
817
354
-33
-407
-908
-1502
-2054
-2427
-2688
-2959
-3233
-3510
-3782
-4145
-4516
-4760
-4849
-4876
-4941
-4954
-4843
-4597
-4359
-4127
-3867
-3581
-3386
-3386
-3394
-3249
-2933
-2736
-2773
-2861
-2715
-2311
-1876
-1492
-1135
-713
-356
-100
120
411
752
1046
1319
1634
1996
2284
2511
2786
3242
3749
4098
4242
4334
4514
4710
4801
4776
4748
4677
4532
4348
4253
4192
4027
3780
3650
3666
3555
3201
2760
2522
2306
1896
1295
775
404
-22
-489
-916
-1224
-1659
-2144
-2461
-2527
-2657
-3160
-3719
-3998
-3902
-3893
-4132
-4455
-4629
-4620
-4577
-4401
-4128
-3826
-3711
-3715
-3641
-3450
-3256
-3224
-3209
-3104
-2895
-2755
-2678
-2499
-2147
-1728
-1431
-1150
-761
-278
99
328
572
904
1227
1422
1628
1973
2436
2848
3136
3366
3589
3867
4201
4568
4805
4821
4708
4624
4611
4553
4439
4316
4194
3980
3688
3458
3335
3249
3121
3019
2888
2551
1957
1360
1023
831
503
-59
-639
-1074
-1385
-1667
-1977
-2308
-2667
-2960
-3131
-3231
-3411
-3731
-4078
-4326
-4403
-4380
-4371
-4456
-4542
-4415
-4049
-3700
-3647
-3819
-3882
-3649
-3301
-3109
-3109
-3099
-2918
-2603
-2272
-2015
-1805
-1542
-1122
-564
-24
332
504
652
920
1314
1737
2116
2421
2686
2957
3289
3645
3915
4045
4121
4282
4513
4671
4659
4557
4495
4478
4424
4301
4161
4030
3853
3621
3434
3346
3243
2962
2523
2117
1839
1580
1218
769
290
-212
-729
-1181
-1532
-1845
-2166
-2428
-2614
-2838
-3154
-3415
-3465
-3435
-3572
-3874
-4114
-4165
-4135
-4160
-4231
-4286
-4303
-4247
-4062
-3788
-3603
-3617
-3708
-3651
-3409
-3146
-2989
-2867
-2621
-2237
-1855
-1570
-1311
-951
-492
-32
376
759
1117
1407
1632
1891
2265
2685
3036
3313
3609
3956
4279
4518
4686
4804
4829
4767
4732
4798
4856
4738
4447
4163
3998
3875
3676
3404
3148
2918
2633
2269
1903
1587
1265
893
534
270
28
-339
-805
-1191
-1440
-1703
-2079
-2415
-2547
-2592
-2792
-3133
-3385
-3460
-3511
-3655
-3802
-3865
-3937
-4096
-4254
-4298
-4291
-4346
-4392
-4268
-3995
-3799
-3789
-3815
-3688
-3418
-3138
-2905
-2641
-2289
-1893
-1510
-1128
-717
-279
163
619
1102
1553
1880
2081
2281
2600
2994
3318
3539
3762
4065
4375
4578
4673
4739
4792
4782
4708
4640
4615
4568
4417
4184
3949
3730
3478
3166
2834
2532
2264
1985
1645
1227
802
496
356
253
-23
-522
-1072
-1467
-1686
-1857
-2083
-2362
-2612
-2757
-2782
-2789
-2931
-3212
-3452
-3498
-3438
-3488
-3717
-3956
-4051
-4044
-4068
-4146
-4168
-4055
-3839
-3617
-3454
-3361
-3297
-3205
-3043
-2790
-2462
-2090
-1701
-1291
-879
-531
-273
-18
367
868
1322
1620
1860
2173
2531
2821
3020
3205
3440
3729
4087
4475
4742
4765
4627
4532
4535
4505
4373
4242
4192
4140
3972
3713
3428
3087
2684
2322
2087
1879
1526
1016
505
133
-124
-370
-659
-963
-1196
-1306
-1341
-1435
-1668
-1979
-2250
-2421
-2508
-2566
-2638
-2731
-2821
-2901
-3003
-3153
-3320
-3429
-3447
-3430
-3453
-3559
-3727
-3892
-3981
-3956
-3835
-3656
-3439
-3219
-3024
-2816
-2517
-2150
-1832
-1608
-1363
-963
-464
-15
337
675
1047
1424
1792
2173
2566
2932
3273
3606
3878
4015
4028
4030
4095
4207
4328
4449
4537
4520
4359
4102
3848
3652
3529
3453
3332
3068
2666
2251
1929
1648
1296
860
436
76
-246
-546
-805
-1033
-1275
-1516
-1677
-1711
-1691
-1728
-1825
-1940
-2065
-2257
-2499
-2667
-2695
-2651
-2681
-2810
-2947
-3019
-3077
-3189
-3320
-3391
-3385
-3393
-3457
-3517
-3493
-3389
-3285
-3192
-3049
-2774
-2406
-2034
-1718
-1449
-1178
-904
-596
-231
186
570
893
1220
1620
2057
2402
2645
2866
3135
3412
3639
3834
4001
4107
4103
4054
4047
4110
4175
4156
4035
3805
3528
3274
3088
2912
2647
2305
1997
1812
1645
1361
955
571
295
53
-229
-533
-771
-965
-1166
-1374
-1525
-1629
-1775
-1961
-2098
-2091
-2062
-2161
-2404
-2661
-2821
-2936
-3038
-3123
-3125
-3106
-3133
-3202
-3250
-3231
-3180
-3093
-2970
-2818
-2703
-2642
-2580
-2467
-2298
-2128
-1949
-1746
-1480
-1149
-779
-409
-83
209
488
793
1117
1443
1771
2098
2406
2637
2775
2869
3011
3223
3441
3570
3607
3624
3653
3665
3601
3492
3408
3361
3294
3163
3011
2867
2703
2460
2174
1931
1733
1490
1151
815
580
421
200
-125
-460
-713
-897
-1061
-1210
-1371
-1593
-1898
-2170
-2289
-2288
-2320
-2483
-2664
-2732
-2693
-2705
-2861
-3078
-3215
-3227
-3191
-3182
-3200
-3178
-3073
-2892
-2679
-2487
-2331
-2165
-1937
-1657
-1400
-1235
-1133
-995
-769
-487
-231
-26
190
479
838
1171
1397
1500
1559
1655
1810
1991
2161
2319
2470
2597
2704
2823
2977
3116
3158
3102
3042
3042
3066
3021
2892
2743
2614
2488
2343
2214
2127
2033
1864
1604
1309
1014
720
443
234
105
-19
-215
-473
-728
-963
-1214
-1481
-1709
-1880
-2060
-2298
-2549
-2741
-2876
-3007
-3128
-3174
-3144
-3100
-3088
-3065
-2991
-2908
-2875
-2860
-2774
-2601
-2397
-2197
-1967
-1695
-1459
-1304
-1162
-928
-634
-408
-288
-182
-13
169
312
463
685
932
1122
1278
1488
1735
1893
1941
2010
2197
2412
2521
2541
2595
2708
2774
2746
2694
2691
2699
2642
2532
2429
2356
2265
2146
2031
1935
1835
1704
1526
1306
1058
806
568
342
124
-66
-223
-365
-525
-703
-883
-1078
-1298
-1512
-1680
-1824
-2013
-2267
-2506
-2653
-2723
-2783
-2854
-2913
-2938
-2929
-2873
-2771
-2669
-2607
-2560
-2463
-2291
-2081
-1888
-1729
-1579
-1397
-1146
-841
-562
-365
-213
-34
177
367
505
618
726
828
947
1110
1292
1412
1456
1526
1698
1914
2063
2124
2164
2213
2237
2227
2234
2277
2298
2255
2204
2222
2277
2258
2126
1962
1862
1814
1752
1663
1568
1455
1288
1091
935
828
691
471
216
3
-172
-380
-650
-932
-1190
-1411
-1592
-1743
-1906
-2132
-2399
-2623
-2758
-2858
-2989
-3135
-3219
-3206
-3129
-3032
-2933
-2840
-2739
-2594
-2366
-2087
-1848
-1693
-1559
-1352
-1072
-802
-570
-335
-55
244
517
766
1002
1193
1303
1371
1470
1617
1736
1770
1763
1797
1888
1980
2040
2076
2109
2123
2100
2056
2007
1943
1847
1724
1613
1552
1544
1551
1531
1483
1434
1405
1363
1277
1158
1041
933
814
672
531
416
318
212
80
-79
-255
-441
-642
-867
-1099
-1314
-1509
-1714
-1940
-2137
-2250
-2308
-2398
-2560
-2719
-2787
-2782
-2782
-2815
-2821
-2759
-2651
-2524
-2350
-2109
-1851
-1650
-1486
-1269
-985
-710
-500
-310
-65
213
464
682
920
1184
1402
1541
1651
1785
1914
1980
1995
2019
2059
2074
2053
2041
2060
2061
2014
1948
1900
1847
1741
1595
1461
1351
1232
1098
988
924
877
824
774
731
685
613
535
461
373
255
127
23
-62
-155
-276
-409
-541
-665
-783
-905
-1049
-1222
-1410
-1582
-1727
-1859
-1990
-2128
-2257
-2348
-2375
-2352
-2333
-2345
-2351
-2300
-2196
-2084
-1990
-1893
-1765
-1603
-1414
-1192
-943
-700
-484
-260
9
296
531
696
847
1039
1253
1439
1584
1716
1857
1996
2119
2216
2272
2276
2240
2197
2154
2096
1998
1869
1751
1669
1602
1515
1393
1266
1161
1072
968
830
681
555
454
356
260
174
102
23
-58
-118
-161
-234
-367
-520
-624
-695
-807
-989
-1159
-1253
-1312
-1410
-1552
-1672
-1743
-1812
-1902
-1985
-2030
-2058
-2098
-2115
-2066
-1975
-1910
-1873
-1798
-1649
-1487
-1379
-1298
-1161
-954
-749
-593
-453
-274
-50
169
357
528
686
834
991
1176
1359
1488
1570
1680
1847
2014
2110
2131
2136
2164
2196
2191
2136
2042
1938
1855
1808
1772
1690
1548
1399
1294
1223
1124
962
766
588
451
340
231
101
-48
-183
-277
-339
-414
-537
-689
-826
-936
-1036
-1159
-1297
-1432
-1552
-1645
-1723
-1804
-1895
-1983
-2036
-2052
-2068
-2102
-2139
-2133
-2077
-2020
-1987
-1950
-1857
-1719
-1577
-1447
-1297
-1115
-923
-745
-563
-362
-162
11
174
355
548
720
870
1027
1203
1365
1493
1613
1746
1876
1969
2025
2077
2140
2188
2198
2180
2153
2117
2066
2009
1947
1867
1765
1652
1545
1449
1346
1218
1072
928
793
668
544
412
265
115
-22
-141
-257
-388
-537
-684
-817
-939
-1063
-1200
-1343
-1477
-1588
-1690
-1789
-1884
-1970
-2039
-2099
-2146
-2177
-2191
-2201
-2206
-2192
-2146
-2074
-1993
-1902
-1796
-1671
-1530
-1377
-1206
-1025
-846
-681
-512
-318
-110
83
246
407
591
786
964
1112
1245
1379
1514
1632
1735
1821
1891
1945
1987
2031
2065
2075
2065
2050
2038
2016
1968
1904
1842
1786
1719
1628
1520
1414
1315
1213
1095
961
821
682
546
413
280
139
-16
-174
-324
-469
-615
-777
-949
-1115
-1266
-1399
-1534
-1666
-1789
-1890
-1967
-2027
-2081
-2133
-2175
-2199
-2201
-2183
-2159
-2133
-2100
-2041
-1947
-1833
-1709
-1587
-1454
-1300
-1129
-950
-783
-628
-475
-308
-134
32
179
323
477
640
798
939
1070
1195
1321
1439
1543
1630
1698
1754
1804
1851
1880
1889
1893
1897
1903
1906
1892
1865
1832
1793
1745
1684
1605
1513
1411
1309
1204
1093
964
825
686
555
425
284
132
-32
-197
-355
-508
-668
-842
-1024
-1188
-1322
-1437
-1554
-1674
-1786
-1874
-1937
-1989
-2030
-2065
-2088
-2102
-2101
-2083
-2049
-2004
-1945
-1861
-1748
-1616
-1485
-1363
-1235
-1086
-917
-743
-573
-411
-262
-124
16
157
293
434
580
731
881
1034
1179
1292
1353
1374
1396
1456
1547
1611
1611
1571
1552
1569
1570
1504
1414
1388
1453
1520
1498
1399
1307
1260
1221
1145
1053
1006
1005
983
884
735
595
477
353
211
88
10
-68
-202
-388
-576
-730
-870
-1014
-1145
-1231
-1279
-1337
-1439
-1565
-1667
-1726
-1759
-1792
-1815
-1804
-1762
-1720
-1698
-1679
-1634
-1561
-1466
-1364
-1253
-1134
-1013
-894
-768
-631
-492
-353
-206
-43
124
269
395
526
669
809
924
1019
1108
1198
1274
1324
1361
1401
1434
1447
1440
1438
1439
1420
1367
1305
1263
1238
1206
1145
1065
987
921
863
800
723
638
561
497
440
371
279
173
69
-17
-84
-155
-250
-361
-465
-556
-646
-750
-856
-950
-1026
-1093
-1163
-1233
-1295
-1348
-1389
-1415
-1426
-1418
-1402
-1379
-1351
-1311
-1254
-1179
-1098
-1019
-929
-830
-722
-610
-497
-382
-268
-158
-43
81
204
315
412
507
606
708
802
881
942
998
1055
1110
1151
1174
1188
1206
1227
1233
1216
1193
1165
1136
1104
1062
1010
955
895
831
761
688
609
531
450
364
275
188
101
9
-86
-180
-267
-352
-434
-519
-608
-693
-771
-838
-903
-965
-1023
-1074
-1117
-1154
-1183
-1206
-1221
-1229
-1226
-1212
-1192
-1167
-1138
-1097
-1042
-974
-902
-831
-754
-666
-569
-469
-370
-265
-155
-42
71
182
296
408
512
613
715
815
911
993
1062
1126
1190
1248
1285
1304
1318
1333
1344
1339
1312
1276
1242
1207
1157
1090
1015
943
870
788
699
606
511
414
312
207
105
4
-98
-203
-310
-410
-503
-595
-689
-786
-873
-947
-1010
-1073
-1140
-1198
-1240
-1269
-1293
-1314
-1329
-1333
-1327
-1312
-1292
-1261
-1224
-1183
-1132
-1070
-999
-921
-841
-757
-668
-572
-468
-357
-251
-151
-49
69
188
299
396
493
599
708
805
886
963
1041
1115
1179
1232
1275
1312
1343
1364
1377
1380
1377
1365
1344
1314
1279
1236
1184
1126
1056
982
905
822
734
640
545
447
347
242
135
26
-81
-187
-294
-401
-507
-610
-709
-805
-898
-983
-1062
-1135
-1202
-1262
-1311
-1357
-1391
-1418
-1435
-1443
-1441
-1430
-1413
-1385
-1349
-1305
-1256
-1196
-1126
-1046
-960
-869
-772
-670
-569
-462
-353
-242
-129
-16
98
211
321
429
533
634
733
828
919
1003
1081
1152
1216
1273
1323
1363
1395
1419
1437
1446
1448
1438
1418
1392
1357
1312
1260
1204
1139
1066
984
899
808
715
616
514
412
306
199
90
-20
-128
-238
-346
-452
-554
-654
-751
-847
-937
-1020
-1098
-1172
-1239
-1300
-1354
-1399
-1437
-1468
-1489
-1501
-1506
-1499
-1485
-1457
-1422
-1378
-1326
-1262
-1190
-1112
-1025
-929
-829
-723
-611
-496
-375
-252
-126
-1
124
249
369
489
603
717
825
926
1020
1105
1184
1254
1314
1368
1411
1442
1465
1478
1482
1474
1457
1429
1394
1350
1301
1243
1181
1114
1040
964
886
803
718
630
542
451
360
269
175
81
-15
-108
-203
-296
-390
-482
-573
-661
-749
-834
-915
-993
-1068
-1140
-1210
-1270
-1324
-1371
-1411
-1445
-1470
-1485
-1489
-1480
-1463
-1433
-1394
-1342
-1280
-1210
-1128
-1037
-939
-834
-722
-603
-480
-354
-227
-97
30
157
282
403
519
632
738
839
928
1010
1086
1152
1211
1262
1303
1335
1356
1364
1367
1363
1350
1329
1300
1264
1221
1175
1120
1061
1000
932
862
790
715
637
557
476
390
302
211
117
22
-73
-167
-264
-359
-452
-545
-636
-721
-805
-886
-959
-1027
-1087
-1140
-1189
-1227
-1258
-1279
-1293
-1297
-1291
-1276
-1251
-1217
-1175
-1125
-1066
-1000
-927
-849
-762
-671
-577
-479
-380
-280
-179
-79
18
114
207
296
380
461
537
609
674
730
786
836
879
918
948
974
995
1009
1018
1020
1019
1016
1006
991
970
942
910
876
833
788
738
684
628
566
501
435
367
298
224
149
73
-4
-83
-162
-235
-309
-381
-450
-520
-586
-648
-704
-754
-802
-845
-885
-917
-941
-963
-980
-987
-990
-983
-970
-956
-931
-900
-859
-812
-764
-709
-648
-583
-512
-437
-361
-283
-205
-121
-38
46
126
205
280
351
420
483
540
595
640
685
728
762
792
812
827
841
845
847
841
827
817
800
777
750
714
680
645
607
561
509
457
405
352
295
233
172
110
46
-16
-80
-143
-205
-267
-324
-381
-434
-485
-537
-583
-628
-665
-695
-726
-750
-770
-783
-783
-785
-782
-771
-758
-729
-700
-670
-635
-598
-551
-497
-448
-393
-337
-278
-217
-154
-91
-31
31
92
151
209
268
322
370
415
460
500
539
572
599
622
642
661
671
672
672
669
661
652
636
615
595
570
540
509
472
435
399
358
317
271
226
180
132
82
32
-18
-67
-117
-163
-210
-256
-303
-347
-387
-429
-464
-498
-530
-562
-588
-604
-618
-632
-641
-647
-649
-644
-638
-627
-612
-593
-567
-538
-507
-472
-437
-395
-350
-304
-257
-206
-152
-97
-43
9
65
122
175
226
276
326
374
418
457
496
530
561
587
605
622
636
646
649
651
649
640
630
617
597
574
548
519
487
451
413
372
331
285
239
191
142
94
45
-5
-55
-104
-152
-200
-245
-289
-333
-376
-419
-458
-493
-527
-556
-584
-609
-628
-646
-660
-672
-675
-674
-669
-656
-640
-622
-600
-571
-540
-503
-462
-419
-372
-322
-268
-216
-162
-107
-50
5
58
110
162
213
264
311
357
398
437
471
502
531
556
579
596
609
621
626
629
628
624
616
605
592
573
551
526
499
468
437
401
362
323
283
240
197
151
107
62
16
-28
-72
-113
-156
-197
-238
-279
-314
-349
-387
-420
-452
-482
-511
-537
-560
-581
-599
-615
-628
-637
-642
-644
-638
-630
-617
-601
-582
-556
-529
-496
-460
-419
-373
-325
-274
-223
-169
-111
-54
3
61
116
172
228
280
331
381
428
472
511
548
580
608
632
650
665
675
679
680
676
669
654
639
619
594
564
531
497
460
420
377
332
285
238
191
144
99
53
4
-43
-88
-132
-176
-220
-261
-300
-335
-372
-405
-436
-466
-490
-516
-539
-557
-573
-581
-589
-596
-598
-600
-598
-588
-579
-568
-553
-533
-506
-477
-448
-414
-379
-337
-293
-248
-201
-152
-99
-47
4
56
107
159
208
256
303
346
386
422
456
488
514
540
561
574
588
595
598
597
590
580
565
547
526
501
477
448
417
386
350
313
275
236
197
160
120
84
48
11
-28
-66
-101
-137
-170
-203
-235
-264
-293
-321
-346
-372
-391
-411
-431
-447
-464
-472
-478
-485
-489
-491
-487
-477
-467
-457
-441
-423
-400
-373
-348
-319
-287
-253
-215
-178
-141
-105
-67
-30
8
46
85
121
154
190
221
251
279
302
322
342
359
376
387
391
396
400
400
401
392
385
381
374
363
348
331
319
303
288
272
251
231
209
189
166
140
115
89
60
33
4
-26
-54
-82
-111
-141
-169
-197
-222
-248
-274
-294
-314
-333
-349
-361
-367
-371
-377
-380
-376
-371
-360
-350
-337
-323
-306
-286
-265
-242
-220
-196
-171
-144
-118
-92
-62
-31
-1
27
53
80
105
130
153
175
194
213
229
241
254
263
273
279
280
283
284
284
281
272
266
259
251
244
233
222
211
199
184
169
152
137
121
103
84
66
45
26
5
-16
-36
-56
-75
-96
-117
-135
-151
-170
-184
-197
-210
-218
-226
-236
-241
-247
-247
-247
-248
-244
-239
-232
-222
-210
-198
-186
-171
-154
-137
-120
-102
-84
-64
-47
-30
-11
6
25
39
54
70
85
98
111
123
136
146
156
162
167
172
175
177
177
176
173
174
173
170
166
160
155
149
144
138
129
123
116
105
95
83
71
58
47
34
18
3
-11
-25
-37
-50
-62
-76
-89
-100
-114
-123
-133
-144
-153
-161
-166
-172
-177
-182
-182
-179
-176
-172
-167
-163
-156
-149
-142
-131
-119
-109
-97
-82
-69
-57
-42
-28
-14
-1
13
27
44
59
71
84
97
108
119
129
137
144
148
153
156
159
159
161
162
158
158
155
151
149
140
134
128
120
114
106
97
89
78
68
58
45
35
23
10
0
-12
-24
-37
-49
-61
-72
-82
-94
-104
-112
-124
-133
-143
-153
-158
-163
-168
-171
-175
-177
-177
-175
-173
-168
-164
-158
-151
-143
-133
-120
-106
-94
-79
-65
-52
-36
-21
-6
9
25
40
55
71
86
99
111
122
131
140
145
152
158
165
169
168
167
168
166
165
162
159
155
150
144
137
132
126
115
106
96
86
76
66
57
45
33
21
7
-4
-17
-28
-40
-52
-66
-79
-92
-105
-117
-127
-135
-143
-155
-162
-167
-172
-174
-178
-182
-183
-183
-180
-178
-175
-169
-163
-157
-148
-134
-124
-112
-99
-86
-71
-57
-40
-23
-8
11
26
42
58
71
85
98
109
119
128
137
144
149
155
160
166
168
169
169
167
165
161
158
156
150
145
138
132
124
114
107
99
91
84
72
63
51
39
28
19
9
-1
-11
-21
-33
-46
-58
-71
-84
-97
-109
-121
-132
-142
-149
-155
-163
-172
-177
-182
-184
-182
-179
-179
-175
-172
-167
-160
-152
-142
-130
-119
-107
-91
-77
-61
-47
-29
-13
2
15
29
43
53
64
73
81
91
100
109
115
122
128
131
135
139
142
144
145
145
146
146
146
144
142
138
133
129
124
118
110
105
98
88
78
69
60
51
41
32
21
10
0
-9
-20
-33
-44
-56
-66
-76
-87
-98
-109
-118
-126
-135
-143
-148
-153
-160
-166
-169
-170
-172
-170
-168
-163
-158
-151
-143
-133
-123
-115
-104
-92
-80
-67
-55
-42
-27
-14
-1
13
28
40
55
69
82
95
106
116
126
132
142
147
150
152
153
154
156
155
153
149
144
139
132
125
117
107
102
93
85
77
66
57
48
38
26
18
10
2
-7
-16
-25
-33
-44
-55
-64
-72
-77
-83
-88
-94
-100
-102
-105
-109
-112
-113
-114
-114
-115
-115
-115
-113
-111
-108
-106
-104
-99
-93
-83
-77
-72
-64
-57
-50
-40
-30
-21
-11
-4
5
11
19
26
35
44
51
56
63
70
75
79
85
90
92
96
99
101
103
106
106
106
104
101
99
96
93
90
87
81
76
71
66
60
52
44
39
33
26
18
9
2
-9
-18
-26
-34
-43
-53
-61
-67
-73
-79
-83
-88
-93
-96
-98
-100
-102
-105
-103
-102
-101
-99
-98
-94
-92
-85
-80
-76
-70
-62
-55
-49
-40
-34
-25
-14
-5
3
11
18
24
31
39
44
51
56
59
64
68
72
77
80
82
83
83
84
84
84
83
81
79
77
78
73
70
65
61
55
47
42
36
28
24
20
15
9
3
-5
-12
-18
-25
-31
-38
-41
-45
-50
-54
-58
-62
-66
-67
-69
-71
-72
-74
-73
-73
-73
-70
-68
-63
-60
-58
-55
-54
-50
-43
-37
-31
-27
-21
-14
-9
-5
2
8
12
17
24
27
30
35
39
43
47
48
52
53
52
54
54
56
57
58
58
58
56
52
50
46
45
42
38
34
32
31
27
22
17
13
10
7
4
1
-1
-5
-10
-14
-18
-21
-23
-26
-30
-33
-37
-39
-43
-44
-45
-46
-47
-49
-52
-55
-57
-55
-53
-53
-53
-50
-50
-48
-43
-39
-35
-32
-29
-24
-21
-16
-8
