-30
-29
-34
-27
-18
-23
-20
-21
-20
-18
-16
-9
-7
4
-3
-1
3
0
-3
1
3
5
11
7
15
15
24
12
12
31
14
21
32
25
14
38
19
8
49
23
22
34
27
13
25
12
5
24
7
10
10
-1
1
-11
-3
-6
-12
-9
-5
-15
-23
-12
-29
-27
-16
-27
-25
-27
-30
-36
-32
-30
-46
-20
-30
-34
-4
-23
-28
0
-23
-33
-1
-8
-15
1
6
1
6
4
-1
15
12
3
15
26
9
18
28
5
32
26
7
28
32
13
16
23
19
19
22
17
21
29
12
14
23
9
4
17
9
9
22
7
11
19
5
5
5
4
4
-9
-8
-5
-17
-22
-21
-24
-31
-34
-32
-38
-35
-33
-39
-41
-39
-35
-35
-34
-23
-14
-27
-14
-2
-18
-14
4
-5
1
11
10
11
9
15
16
17
16
27
25
17
32
26
18
24
33
23
26
31
29
30
15
31
25
8
27
26
14
13
26
10
-4
18
-1
-5
5
-6
-5
-2
-8
-14
-17
-16
-26
-16
-8
-30
-11
-21
-36
-22
-39
-33
-28
-31
-26
-29
-18
-29
-25
-10
-29
-21
-12
-24
-10
-6
-19
-3
10
-15
3
16
-9
16
14
-2
12
13
7
1
28
7
7
16
3
28
9
7
25
21
9
21
25
15
21
21
7
22
28
9
29
26
3
11
21
9
20
26
13
20
21
3
7
16
6
-2
5
4
-1
-11
-18
-19
-23
-30
-34
-30
-25
-32
-45
-44
-32
-42
-44
-24
-32
-20
-6
-38
-21
-4
-22
-15
10
12
-3
26
11
2
19
7
8
18
30
17
32
24
14
30
1
11
30
8
16
30
17
8
15
6
4
25
7
16
29
5
8
-1
1
-8
-12
5
-13
-7
-1
-19
-10
-18
-3
-25
-12
6
-27
3
-5
-18
-11
-17
-7
-10
-20
-7
0
-19
-22
3
-11
-25
6
-19
-20
4
-19
-31
5
-1
-24
8
0
-9
3
-5
-14
15
4
-2
12
20
5
-9
18
-9
-1
14
-4
14
5
12
14
-1
9
5
18
12
9
36
25
25
37
19
9
27
30
19
32
39
21
21
9
7
27
17
16
19
15
11
-6
-19
-25
-28
-33
-45
-29
-21
-34
-48
-58
-47
-52
-58
-40
-29
-28
-36
-33
-32
-23
-10
-27
-3
22
8
8
41
23
29
25
39
96
80
85
66
78
91
59
49
55
110
125
67
113
109
62
28
36
95
63
50
20
69
16
-44
-53
-63
5
-31
-100
-141
74
-131
-228
-61
-219
-8
-72
-207
-58
81
-209
-231
64
-213
-23
86
-267
33
189
-342
-253
286
-195
-281
216
-167
-149
30
-277
-217
124
-141
-126
69
-37
-26
-98
-57
137
117
-158
175
158
-25
167
28
-4
126
57
106
132
195
57
63
66
19
271
140
193
371
379
298
478
289
62
250
311
344
556
617
478
287
180
28
36
197
175
218
99
-27
3
-222
-589
-660
-637
-736
-771
-587
-528
-768
-1065
-1235
-1167
-955
-739
-634
-541
-336
-438
-612
-331
-142
-9
113
279
611
687
583
409
594
666
651
1044
1067
1153
1178
800
738
796
941
913
760
923
905
561
444
375
246
122
52
94
91
-95
-382
-450
-679
-654
-607
-741
-670
-720
-814
-1135
-979
-800
-1051
-701
-740
-905
-321
-550
-843
-274
-241
-440
-42
191
69
261
-12
-86
326
269
27
331
430
62
182
-107
64
89
-249
198
95
13
261
-155
-160
53
23
37
246
412
260
212
-5
279
436
58
127
520
140
21
361
-139
48
347
-171
151
554
698
990
940
322
-280
-136
129
772
1044
798
607
267
-272
-608
-459
100
573
222
-159
-123
-190
-779
-1346
-1302
-1082
-1005
-820
-716
-601
-772
-1637
-2084
-1631
-904
-444
-344
-239
-150
-489
-760
-494
160
588
700
835
931
1082
1012
644
747
1243
1460
1535
1640
1660
1360
808
634
960
1256
1438
1322
937
735
404
18
-1
354
450
330
203
-178
-492
-866
-1228
-1149
-965
-798
-845
-1185
-1306
-1643
-1945
-1789
-1474
-1244
-1169
-1153
-1142
-1084
-1096
-1166
-899
-457
-184
-2
1
199
293
147
319
591
977
996
773
936
941
843
693
504
850
936
602
568
469
484
363
-22
-1
147
271
177
-116
-121
-207
-232
-333
-119
225
114
136
-106
-60
118
64
-14
97
393
277
815
1422
1181
386
-778
-691
610
1338
1207
918
637
111
-708
-1343
-699
627
661
-161
-614
-713
-663
-1084
-1924
-1763
-1259
-1270
-1100
-822
-659
-1250
-2294
-2629
-1722
-424
-26
-97
-374
-709
-743
-820
-170
1090
1506
1255
1023
1074
1390
1334
1141
1441
1902
2198
2134
2003
1853
1490
1127
1137
1681
2027
1748
1208
686
316
273
274
341
539
276
-333
-726
-912
-1047
-1177
-1296
-1301
-1265
-1418
-1773
-2095
-2301
-2298
-2005
-1635
-1382
-1364
-1799
-2113
-1789
-1334
-801
-419
-321
-223
-117
-30
100
359
657
898
1041
1199
1241
1119
838
789
934
1183
1406
1278
976
694
408
257
513
844
882
502
71
-340
-228
60
159
49
-74
-122
-126
-241
-447
-313
-216
-182
43
-4
260
1366
1538
815
-539
-1371
-289
1666
2328
1634
712
-130
-617
-1202
-1358
-9
1439
991
-568
-1640
-1537
-829
-1031
-1874
-1680
-1324
-1555
-1723
-1789
-1525
-1504
-2298
-2472
-1279
-142
82
-410
-1023
-890
-366
-36
693
1580
1603
1141
762
1022
2048
2418
2050
2047
2152
2254
2310
2054
2008
2052
1847
1790
1918
1969
1664
962
474
432
711
783
466
53
-393
-777
-1138
-1396
-1436
-1374
-1562
-1887
-1923
-1796
-1857
-2275
-2696
-2618
-2145
-1783
-1781
-1853
-1852
-1712
-1459
-1334
-1043
-752
-636
-331
63
395
575
571
641
924
1170
1339
1427
1401
1387
1359
1273
1250
1238
1067
983
943
890
857
752
414
129
-71
-219
122
334
148
-277
-676
-647
-208
58
-19
-180
-369
-434
677
1942
2012
704
-1416
-1634
497
2541
2643
1531
199
-593
-1144
-1657
-601
1492
1967
170
-2113
-2571
-1180
-302
-1327
-2546
-2466
-2023
-1686
-1806
-1874
-1737
-2339
-3001
-2342
-639
372
-37
-1351
-1994
-1139
126
1219
1875
1682
945
453
860
2081
3184
3198
2606
2338
2323
2514
2704
2687
2731
2664
2499
2598
2623
2111
1352
873
888
1201
1170
732
261
-360
-1028
-1369
-1456
-1453
-1665
-2200
-2552
-2483
-2494
-2716
-2986
-3275
-3201
-2889
-2663
-2437
-2391
-2625
-2543
-2086
-1519
-987
-889
-956
-715
-303
150
667
1105
1248
1173
1099
1351
2036
2370
2080
1738
1601
1821
2016
1763
1462
1251
1044
912
921
936
794
312
-343
-449
-116
285
353
-182
-672
-700
-581
-185
71
266
1322
1845
1174
-507
-1990
-1071
1637
3127
2327
770
-416
-761
-1041
-1488
-236
1987
1972
-337
-2890
-3338
-1246
-9
-1224
-2609
-2864
-2426
-2039
-2333
-2535
-2142
-2249
-2899
-2642
-1480
-461
-229
-1311
-2133
-1366
-14
1238
1803
1236
582
738
1421
2505
3321
3165
2837
2743
2738
2988
3315
3434
3393
3199
2990
3162
3089
2284
1618
1414
1592
1819
1490
763
92
-532
-1070
-1147
-1033
-1206
-1890
-2865
-3251
-2906
-2785
-3203
-3583
-3790
-3638
-3280
-3163
-2910
-2774
-3012
-3022
-2514
-1691
-1103
-1099
-1226
-837
-184
326
761
1185
1607
1774
1536
1332
1730
2304
2493
2371
2204
2331
2392
1867
1284
1215
1304
1311
1220
857
883
727
-221
-516
-227
111
160
-338
-825
-274
75
-592
383
1494
1677
444
-2283
-2299
935
3198
2619
999
-317
-151
-348
-1969
-1496
1375
2644
770
-2442
-3740
-1694
251
-997
-2750
-2762
-2262
-1735
-2339
-2653
-1632
-1643
-3019
-3605
-2236
-482
223
-1092
-2343
-1424
32
1087
1473
1175
752
586
573
1387
2818
3251
2828
2186
1988
2871
3858
3916
3392
2780
2430
2690
2971
2809
2612
2218
1568
1227
1119
1042
861
45
-926
-1018
-824
-996
-1646
-2606
-2978
-2667
-2543
-2855
-3226
-3799
-4152
-3702
-2969
-2263
-2250
-3266
-3779
-2944
-1741
-720
-456
-791
-732
-598
-569
19
904
1553
1890
1714
1438
1652
1794
1690
1992
2321
2335
2213
1686
1221
1322
1061
950
1217
1419
1463
741
-248
-521
90
668
711
602
1417
2265
1724
-528
-2532
-1384
2067
4133
2919
249
-1424
-1453
-1436
-1659
-388
2202
2457
-659
-4292
-4813
-1726
407
-859
-3042
-3676
-3122
-2795
-3114
-2733
-1458
-1473
-3028
-3569
-1861
220
447
-1231
-2219
-704
1295
2053
1806
1112
811
981
1550
2896
4250
3949
2157
749
1093
2905
4323
4159
3123
2250
1650
1287
1465
2122
2691
2189
724
-282
-200
268
50
-641
-869
-539
-539
-1489
-2501
-2605
-2017
-1760
-2083
-2215
-2191
-2551
-3332
-3539
-2430
-1048
-942
-1966
-2645
-2070
-1050
-714
-748
-556
-149
-53
-353
-134
740
1315
1069
297
58
615
1222
1423
1315
1179
906
603
722
1175
1523
1036
148
11
727
1457
1285
397
-52
157
1409
3169
3343
1882
-754
-1711
563
3502
4121
2668
877
-288
-1136
-2099
-1266
2096
4067
1426
-3209
-5185
-2699
594
117
-2676
-3539
-2723
-2510
-3513
-4024
-2342
-831
-2262
-4572
-3931
-909
954
-300
-2879
-2703
-126
1401
1168
712
1139
1862
1530
794
1666
3624
4144
2766
1308
1749
3671
4411
3025
1782
2086
2845
2630
1482
1141
2036
1949
238
-1031
-338
937
493
-1591
-2610
-1462
-719
-1807
-3114
-2858
-1592
-1485
-2880
-3631
-2787
-2136
-2369
-2331
-1508
-679
-1258
-2525
-2086
-109
1070
516
-441
-349
515
799
438
905
1878
1843
732
-128
611
1800
1599
387
81
817
1243
159
-1045
-532
601
977
-46
-720
20
569
-144
-707
-228
2443
3847
2270
-375
-1834
-124
2724
3873
2759
1607
880
163
-924
-1333
322
3011
2798
-496
-3214
-3018
-782
178
-1638
-3119
-2389
-1768
-2202
-3305
-3112
-1545
-1223
-2688
-3425
-1639
353
274
-1631
-2685
-694
1700
2023
937
309
1029
1964
1833
1512
2320
3219
2968
1702
919
1844
3263
3236
2195
1445
1614
1877
1360
714
875
1234
794
-139
-588
-370
-477
-1320
-1772
-1191
-730
-1531
-2925
-3330
-2609
-1988
-2130
-2232
-1921
-2107
-3134
-3469
-2146
-204
189
-1098
-1804
-1098
75
323
101
778
1710
1635
782
443
1341
2321
2053
1366
1333
1833
1595
415
-61
461
1315
1245
47
-572
-238
-427
-463
-497
89
509
-229
-1131
-1131
1647
2813
1690
-753
-2655
-411
3018
3583
2313
816
19
-69
-970
-1377
859
3218
1734
-1729
-3773
-2152
750
424
-2761
-4056
-2747
-1729
-1647
-2538
-2100
-1171
-2514
-4134
-3140
131
2122
773
-2172
-2748
-74
2205
2810
2572
2083
1850
1323
979
2490
4608
4860
3160
1326
1306
2858
3698
2839
2019
2035
1934
1239
356
216
950
675
-699
-1241
-665
-314
-1301
-2968
-3365
-2166
-1592
-2174
-2799
-3014
-3104
-3679
-3943
-2836
-1374
-1352
-2624
-3050
-2164
-1140
-969
-1282
-316
881
661
-229
-293
1184
2505
1936
927
1151
2144
2254
1475
1255
2073
2699
1807
599
722
1490
1271
458
8
454
940
-203
-1048
-495
372
429
-642
-866
-386
1299
1850
790
192
-1054
-959
874
1957
2160
1601
428
-508
-1231
-2114
-1345
1449
1897
-298
-3063
-3556
-1317
54
-1798
-3943
-3146
-1832
-1628
-2368
-2486
-970
-958
-3359
-4080
-1295
2437
2982
298
-1863
-738
1553
2180
2371
3302
4246
3501
1296
750
3053
5173
4625
2602
1932
2976
3479
2219
1179
1810
2641
1939
405
34
665
311
-1502
-2640
-1545
-237
-838
-2706
-3762
-3307
-3167
-3689
-3640
-2720
-2252
-3454
-4625
-4066
-2645
-2058
-2626
-2365
-1010
-504
-1414
-2188
-989
980
1522
779
740
1898
2426
1567
943
2116
3648
3371
1881
1316
2517
3125
1928
794
1215
2447
2090
304
-589
180
1110
408
-657
-334
656
403
-677
-1483
-175
2450
2102
557
-1229
-1795
-83
1077
1013
1074
1211
612
-806
-2438
-2825
-772
850
-277
-2073
-2806
-1959
-1220
-2525
-4657
-4253
-2785
-2181
-2286
-2585
-1713
-1353
-2995
-4362
-2761
637
2571
1840
-207
-585
697
1389
2083
3480
4804
5019
3533
2122
2966
4418
4536
3760
3554
4463
4838
3635
2083
1961
2494
1939
1008
1044
1919
1942
-305
-2543
-2449
-1249
-1081
-2150
-2907
-2580
-2594
-4104
-5272
-4394
-3062
-3067
-4076
-4614
-3735
-3167
-3916
-4151
-2926
-1569
-1310
-1852
-1856
-863
-316
-668
-406
923
2085
2248
1578
1337
2006
2486
2454
2542
3042
3460
3080
2177
1580
1797
2333
2366
2011
1707
1445
1131
727
396
769
1261
1040
716
-3
491
1774
1946
1511
-383
-1398
-370
760
1335
706
-308
-508
-907
-2000
-2696
-2000
-1075
-1379
-2979
-3899
-2753
-1332
-2207
-4708
-5882
-5144
-3153
-2159
-2076
-1390
-1412
-2874
-4562
-4186
-887
2459
3085
1315
167
737
1515
1906
2386
3827
5526
5369
3879
3397
3780
4180
3511
2758
3860
5415
5482
3806
1978
1525
1542
1340
1129
1572
2109
1133
-708
-1957
-1835
-1274
-1623
-2407
-2581
-2362
-2597
-3342
-3805
-3604
-3538
-4070
-4391
-3886
-3069
-3029
-3430
-3287
-2658
-2325
-2750
-2816
-1758
-558
-100
-173
15
511
546
190
479
1488
2222
2278
2014
2084
2190
1696
1247
1506
2255
2786
2598
2153
1790
1411
1135
1222
1675
2024
2011
1678
1380
1128
939
1163
1591
1668
1038
150
-73
359
524
47
-584
-662
-499
-831
-1580
-1954
-1673
-1462
-2012
-2771
-2787
-2115
-1701
-2225
-3068
-3454
-3373
-3133
-2766
-2059
-1174
-879
-1285
-1596
-1276
-483
126
283
653
1484
2258
2577
2315
1920
1853
1990
2297
2738
2956
2857
2396
1913
1836
1928
1966
1792
1500
1344
1213
1062
952
795
457
-1
-262
-78
289
187
-331
-806
-936
-791
-768
-928
-1186
-1538
-1794
-1695
-1292
-1063
-1403
-2063
-2415
-2160
-1659
-1355
-1331
-1476
-1708
-1886
-1843
-1397
-765
-422
-543
-852
-903
-645
-249
32
226
476
626
716
747
695
854
1134
1414
1563
1398
1315
1463
1656
1682
1405
1340
1581
1735
1637
1283
1147
1175
905
568
424
733
1070
707
-20
-624
-694
-329
-126
-108
-346
-834
-1182
-1274
-981
-671
-819
-1125
-1241
-972
-602
-593
-732
-833
-899
-957
-979
-567
90
305
-165
-926
-1106
-450
361
774
685
318
-17
-218
-9
674
1222
1102
337
-277
-34
621
1012
873
507
368
258
76
-4
105
326
258
10
20
258
330
-163
-756
-660
23
553
282
-472
-890
-808
-431
-46
188
142
-391
-1033
-1112
-504
206
260
-251
-680
-729
-558
-456
-345
-90
117
131
55
67
119
-54
-327
-164
570
1278
1203
376
-255
-50
685
1237
1240
1002
835
657
508
524
749
1031
971
642
445
514
684
575
188
-137
-210
-8
182
105
-272
-845
-1171
-1026
-605
-358
-672
-1271
-1650
-1630
-1361
-1225
-1235
-1252
-1298
-1329
-1286
-975
-467
-263
-575
-1084
-1119
-460
261
427
70
-256
-121
327
760
1046
1113
888
569
601
1227
2001
2100
1435
756
704
1156
1471
1457
1392
1315
990
409
92
344
641
390
-253
-446
69
438
-51
-1031
-1493
-1071
-483
-337
-502
-690
-944
-1409
-1641
-1069
-39
405
-275
-1328
-1580
-901
-72
287
236
89
-184
-593
-712
-199
620
980
618
140
102
343
371
130
141
623
1089
1008
472
62
63
205
274
398
713
958
714
78
-400
-308
223
661
691
387
19
-201
-266
-231
-92
136
270
53
-454
-886
-922
-650
-417
-361
-445
-679
-1075
-1450
-1419
-961
-589
-641
-973
-1157
-1051
-911
-770
-546
-334
-291
-471
-506
-121
371
548
330
83
260
806
1341
1617
1516
1135
782
792
1371
2127
2294
1670
819
511
915
1387
1405
1064
671
390
175
85
286
499
233
-486
-1014
-767
-80
117
-426
-1156
-1447
-1186
-817
-645
-729
-1114
-1529
-1588
-1213
-664
-439
-718
-1087
-1213
-1079
-724
-406
-328
-422
-613
-556
-90
227
167
-55
-306
-296
-117
55
518
989
997
767
540
579
886
1024
1168
1554
1790
1726
1496
1248
1082
795
484
528
801
1049
1188
1021
565
92
-219
-339
-526
-726
-546
-249
-316
-680
-1076
-1361
-1643
-1832
-1506
-882
-650
-947
-1359
-1443
-1303
-1372
-1547
-1474
-1263
-1136
-940
-533
-123
-46
-336
-513
-247
174
559
869
988
1110
1390
1689
1845
1551
807
262
449
1383
2472
2814
2166
1055
128
-238
-83
334
796
1035
829
346
-66
-379
-883
-1633
-2092
-1675
-566
463
750
210
-773
-1669
-1972
-1499
-564
233
418
65
-237
-87
259
166
-496
-1015
-811
-102
603
1041
1135
672
-386
-1343
-1348
-485
310
408
106
-22
1
-207
-521
-565
-451
-503
-582
-225
528
971
740
279
37
-58
-127
10
535
1199
1462
1191
791
527
279
-36
-127
383
1227
1598
1238
679
376
193
-154
-449
-292
138
371
322
250
202
-149
-892
-1509
-1457
-866
-354
-293
-507
-745
-1008
-1367
-1592
-1408
-1001
-646
-164
632
1386
1364
343
-834
-1245
-792
164
1182
1844
1798
929
-252
-939
-953
-767
-696
-563
-82
488
491
-169
-1029
-1841
-2583
-2953
-2361
-767
778
1139
422
-359
-616
-611
-671
-514
200
1148
1782
2127
2487
2689
2203
1122
420
740
1638
2316
2563
2651
2548
1889
809
3
-122
99
142
62
292
754
786
65
-944
-1603
-1794
-1758
-1503
-961
-480
-510
-1018
-1535
-1747
-1833
-2026
-2127
-1833
-1162
-459
-84
-98
-373
-762
-1004
-894
-495
-55
225
379
514
580
503
328
159
79
116
350
756
1012
888
523
283
331
389
283
169
118
135
219
296
340
258
-8
-209
-188
167
1018
2074
2699
2338
1118
4
-262
105
549
866
1200
1436
979
-227
-1371
-1868
-1899
-1891
-1833
-1334
-602
-500
-1319
-2530
-3483
-3971
-4099
-3647
-2364
-776
154
135
-239
-438
-553
-738
-634
230
1524
2484
2930
3157
3384
3394
2888
2159
1779
1954
2484
3000
3271
3194
2677
1824
999
449
83
-255
-502
-437
-131
93
81
-202
-718
-1489
-2323
-2712
-2451
-1768
-1148
-888
-943
-1228
-1653
-2072
-2229
-2007
-1582
-1108
-691
-275
147
295
39
-509
-1081
-1277
-1034
-595
-101
278
513
584
342
-106
-528
-691
-579
-326
88
557
932
894
414
111
92
312
503
444
721
1160
1723
2620
3472
4202
3928
2543
1205
578
927
1520
1871
2058
1817
1047
-275
-1440
-2030
-2477
-2717
-2805
-2408
-1737
-1873
-2612
-3594
-4499
-5079
-5466
-4998
-3606
-2064
-1038
-632
-164
239
226
-108
-332
272
1253
2178
3168
4023
4550
4383
3711
3299
3241
3104
2659
2278
2369
2697
2798
2376
1730
1011
108
-603
-895
-732
-627
-950
-1393
-1640
-1631
-1726
-1875
-1790
-1575
-1368
-1296
-1186
-851
-732
-899
-986
-646
101
614
635
367
120
-107
-348
-460
-338
-107
-232
-637
-973
-1021
-942
-1109
-1598
-1917
-1946
-1788
-1500
-1349
-899
-383
-221
-438
-829
-1053
-722
-291
292
1805
3404
4929
5010
3629
2588
1940
2176
2434
2466
2917
2949
2382
1067
-210
-535
-1024
-1642
-2379
-2586
-1672
-1514
-2019
-2935
-3984
-4461
-5150
-5372
-4577
-3315
-1989
-1192
-365
486
839
786
387
784
1558
2000
2589
3116
3969
4645
4568
4441
4295
3826
2906
1811
1215
1150
1229
911
506
260
-324
-757
-1276
-1695
-1838
-2545
-3112
-3342
-3218
-2709
-2325
-1803
-1261
-744
-430
-358
-42
132
323
591
829
1555
2235
2672
2762
2237
1560
886
502
246
-101
-373
-626
-546
-486
-683
-922
-1367
-1891
-2538
-3120
-3337
-3154
-2608
-2119
-1444
-702
-458
-98
-219
99
1449
2349
3352
3127
2463
2639
2731
3194
2989
2646
2431
1609
518
-1050
-1675
-1407
-1627
-1824
-2339
-2126
-1279
-1815
-2994
-4413
-5254
-5255
-5252
-4792
-3754
-2247
-1062
-249
821
1691
2283
2249
1832
2216
2762
3138
3698
4341
5313
6038
6149
6004
5638
4694
3086
1620
835
660
663
237
-218
-460
-866
-1210
-1614
-2197
-3103
-4379
-5367
-5539
-4876
-4023
-3007
-1844
-961
-404
-435
-451
7
398
608
764
1204
1997
2541
2628
2506
2454
2364
1895
1118
227
-477
-962
-1206
-1268
-1213
-1147
-1173
-1176
-1377
-1650
-2051
-2359
-2461
-2631
-2469
-1984
-1345
-215
401
1287
2988
3838
4752
4017
2782
2747
2319
2586
2285
2086
2268
1585
362
-1455
-2201
-2275
-2859
-3614
-4663
-4535
-3423
-3225
-3389
-4094
-4845
-5204
-5769
-5535
-4406
-2754
-1392
-394
946
2244
3453
4089
4302
4791
4881
4493
4373
4833
5755
6433
6412
6329
6506
6165
4926
3260
1781
662
-479
-1665
-2136
-1714
-1226
-1323
-1863
-2278
-2647
-3277
-4316
-5190
-5283
-5137
-4669
-3736
-2423
-821
191
683
1127
1470
1526
1160
825
716
780
815
883
1382
1744
1513
843
155
-247
-728
-1629
-2548
-2894
-2657
-2254
-1842
-1388
-1114
-917
-1097
-1194
-924
-597
-497
-563
-291
209
2241
4021
5286
5889
4707
4661
4469
3965
3164
1613
969
492
-267
-1590
-2461
-2271
-2523
-3206
-4274
-4892
-4024
-3969
-4833
-5551
-6076
-5666
-5281
-5139
-4340
-2924
-1643
-773
350
1610
3001
4208
4450
4819
5105
4746
4729
4895
5318
5948
6059
5958
6046
5798
4934
3863
2744
1537
162
-1475
-2679
-2704
-2194
-1957
-1891
-2008
-2095
-2149
-2909
-3785
-4033
-3964
-3635
-3119
-2454
-1191
292
1162
1710
2155
2422
2568
2243
1479
662
-68
-782
-1002
-649
-402
-86
-228
-648
-872
-1563
-2377
-3162
-3754
-4021
-4033
-3582
-2719
-1442
-453
31
676
880
1134
979
825
2130
3180
4502
4768
4591
5469
5262
4940
3870
2725
2284
843
-971
-2582
-3233
-3301
-4009
-4621
-4866
-4130
-3287
-3628
-3864
-4285
-4763
-5331
-6140
-5814
-4574
-2993
-1519
14
1902
3398
4447
4986
5173
5394
4911
4246
4169
4280
4587
4713
4814
5277
5359
4678
3630
2781
2211
1233
-300
-1786
-2656
-2875
-3133
-3421
-3243
-2626
-1901
-1565
-1651
-1702
-1690
-1839
-2079
-2071
-1577
-876
-144
486
1266
2266
2893
3177
3123
2616
1771
570
-666
-1233
-1386
-1546
-1652
-1907
-1946
-1931
-2099
-2208
-2378
-2533
-2905
-3217
-3139
-2931
-2495
-2243
-1579
-422
675
1826
2359
3576
4717
5054
5149
4100
4095
4190
3357
2818
1940
1965
1907
585
-925
-2218
-2849
-3788
-4971
-5656
-5646
-4730
-4462
-4498
-4317
-4437
-4459
-4723
-4566
-3694
-2517
-1336
-336
1020
2203
3279
4368
5024
5575
5691
5503
5610
5697
5401
4773
4156
3794
3699
3608
3278
2909
2290
1253
279
-568
-1241
-1892
-2747
-3472
-3938
-3841
-3302
-2499
-1599
-1366
-1434
-1527
-1568
-1173
-821
-534
-175
57
327
847
1548
2057
2258
2157
1888
1688
1067
71
-792
-1594
-2077
-2399
-2617
-2410
-2101
-1795
-1624
-1611
-1688
-1970
-2313
-2444
-2350
-1939
-1063
-320
649
1486
2106
3676
4590
5045
5171
4450
4715
4481
3505
2892
2077
1567
371
-1607
-2988
-3491
-3674
-4587
-5428
-5506
-4919
-4042
-4131
-4240
-3981
-4266
-4786
-5294
-5064
-4002
-2906
-2114
-952
1026
2974
4692
5823
6264
6512
6062
5220
4564
3968
3584
3358
3299
3467
3788
4110
4178
3894
3031
1842
681
-523
-1635
-2602
-3024
-2808
-2624
-2453
-2313
-1936
-1133
-730
-543
-391
-409
-296
-395
-594
-616
-560
-331
31
495
922
1416
1907
1933
1516
597
-399
-1018
-1775
-2570
-3120
-3368
-3174
-3009
-2899
-2323
-1498
-878
-633
-749
-850
-945
-1143
-1389
-1257
-653
24
1605
3455
5074
6574
6702
6648
6371
4949
3545
1979
503
-766
-2333
-3321
-3293
-2912
-3214
-3991
-4426
-4586
-4560
-4882
-5283
-4889
-4632
-4974
-5078
-4606
-3454
-2230
-1689
-1009
393
1826
2993
3891
4701
5553
5978
5947
5785
5669
5348
4580
3851
3205
2597
2245
1884
1775
1837
1579
1490
1497
1227
551
-713
-1937
-2863
-3596
-4027
-4169
-3658
-2669
-1612
-471
433
1057
1461
1354
880
210
-540
-938
-1010
-946
-486
315
1187
1743
1622
1274
1011
578
-233
-1319
-2203
-2780
-3204
-3519
-3482
-2880
-2228
-1665
-1010
-361
384
767
531
409
312
321
1139
1966
2749
3595
3925
4788
5701
5580
4992
3791
2277
686
-1207
-2702
-3578
-4376
-5573
-6512
-6361
-5440
-4373
-3887
-3799
-3548
-3586
-4055
-4337
-4157
-3835
-3647
-3601
-2977
-1310
531
2194
3765
4998
5829
6040
5852
5678
5344
4690
4009
3761
3759
3560
3168
2856
2820
2689
2210
1672
1399
1221
805
423
130
-93
-410
-1223
-2036
-2562
-2898
-2831
-2591
-2342
-1854
-1082
-153
688
1047
905
678
304
-350
-947
-1369
-1608
-1754
-1948
-1781
-1041
-325
-59
-107
-307
-554
-1043
-1903
-2505
-2669
-2635
-2429
-2252
-1643
-674
128
1055
1808
2818
4104
4555
4603
4252
3841
4031
3878
3566
3369
2982
2460
1306
-4
-986
-1887
-2874
-4201
-5055
-5132
-5048
-4877
-4679
-4308
-3913
-4010
-4372
-4406
-4208
-4257
-4326
-3875
-2643
-1063
57
955
2134
3377
4236
4595
4827
4995
4738
3935
3071
2798
2874
2793
2597
2482
2512
2508
2443
2378
2334
2027
1229
626
272
-125
-455
-1079
-1479
-1391
-1287
-869
-491
-368
-202
-120
164
451
516
493
244
-32
-365
-550
-399
-442
-738
-1168
-1471
-1448
-1507
-1606
-1620
-1595
-1636
-1921
-2112
-2214
-2460
-2706
-2865
-2502
-1715
-1178
-674
-50
688
1836
2902
3754
4555
4889
5046
5081
4777
4427
3957
3374
2620
1551
553
-341
-1253
-2337
-3526
-4175
-4274
-4185
-4069
-3994
-3855
-3858
-4132
-4385
-4393
-4294
-4447
-4609
-4242
-3383
-2377
-1557
-695
648
2009
2915
3518
3954
4346
4447
4054
3757
3674
3390
2919
2407
2202
2345
2411
2448
2605
2739
2683
2408
2103
1820
1453
890
212
-410
-1074
-1559
-1732
-1752
-1598
-1469
-1213
-656
-234
95
368
538
726
622
389
258
-47
-521
-1167
-1736
-1935
-1979
-1947
-1915
-1918
-1908
-1907
-1766
-1635
-1709
-2061
-2546
-2732
-2700
-2506
-2107
-1613
-880
-158
727
2072
3385
4393
4837
5012
5350
5463
5260
4865
4449
3907
2883
1785
857
20
-1002
-2424
-3401
-3709
-3895
-4055
-4173
-3840
-3197
-2994
-3154
-3291
-3321
-3577
-4234
-4698
-4540
-3913
-3322
-2817
-1848
-530
678
1648
2520
3566
4406
4581
4385
4141
3849
3357
2626
2014
1742
1619
1565
1632
1871
2251
2622
2908
3005
2735
2079
1191
298
-463
-1092
-1615
-2120
-2636
-2936
-2802
-2198
-1331
-496
299
1017
1569
1972
2202
2249
1949
1191
218
-669
-1297
-1764
-2178
-2408
-2391
-2156
-1842
-1560
-1307
-1259
-1475
-1811
-2073
-2116
-2138
-2292
-2440
-2378
-1798
-772
340
1336
2125
2954
3897
4668
5089
5201
5119
4768
3985
2853
1722
756
-218
-1302
-2292
-2852
-2967
-2932
-2899
-2828
-2642
-2381
-2226
-2251
-2367
-2619
-2974
-3236
-3353
-3321
-3213
-3121
-2817
-2171
-1327
-412
462
1332
2270
3164
3868
4307
4453
4324
4011
3556
2992
2479
2043
1710
1549
1506
1709
2123
2407
2411
2098
1636
1220
728
66
-737
-1604
-2399
-2969
-3208
-3131
-2832
-2428
-1915
-1215
-453
277
906
1315
1499
1384
1037
706
355
-73
-564
-1077
-1403
-1519
-1547
-1467
-1332
-1214
-1120
-1100
-1122
-1149
-1275
-1472
-1614
-1641
-1394
-855
-140
656
1305
1824
2334
2770
3088
3231
3253
3232
3085
2755
2289
1711
1034
245
-554
-1160
-1545
-1833
-2122
-2386
-2503
-2392
-2164
-1986
-1932
-2031
-2176
-2298
-2425
-2551
-2661
-2690
-2578
-2328
-1907
-1324
-651
-7
512
987
1528
2111
2611
2913
3005
2997
2998
3052
3181
3263
3169
2913
2622
2430
2323
2167
1896
1544
1120
632
125
-368
-835
-1319
-1781
-2087
-2132
-1962
-1706
-1384
-973
-509
-96
180
329
376
257
-68
-473
-783
-931
-979
-971
-889
-745
-610
-552
-536
-521
-592
-815
-1165
-1540
-1834
-2024
-2088
-1986
-1719
-1278
-671
78
832
1421
1812
2069
2290
2463
2550
2519
2330
1998
1616
1329
1158
977
673
306
-1
-250
-519
-806
-1024
-1166
-1368
-1707
-2049
-2225
-2215
-2122
-2012
-1856
-1686
-1629
-1715
-1803
-1778
-1668
-1535
-1314
-894
-329
223
734
1318
2004
2623
3021
3231
3354
3370
3209
2937
2744
2702
2641
2395
2003
1628
1325
995
580
127
-294
-714
-1170
-1569
-1756
-1700
-1510
-1303
-1071
-788
-502
-291
-166
-87
-67
-153
-342
-573
-798
-1014
-1163
-1146
-938
-674
-515
-472
-435
-348
-288
-338
-490
-710
-1019
-1407
-1757
-1925
-1880
-1718
-1497
-1132
-524
298
1136
1819
2317
2677
2919
2991
2889
2660
2367
2028
1632
1244
968
796
619
344
-17
-384
-723
-1074
-1469
-1877
-2271
-2622
-2872
-2949
-2827
-2593
-2383
-2239
-2096
-1882
-1623
-1415
-1322
-1280
-1149
-842
-364
199
815
1481
2170
2845
3415
3833
4048
3984
3614
3030
2435
1969
1610
1250
904
703
680
724
724
689
661
579
335
-28
-354
-597
-830
-1062
-1186
-1125
-1001
-974
-1002
-927
-698
-446
-287
-184
-94
-78
-222
-457
-630
-722
-848
-1056
-1230
-1263
-1183
-1122
-1134
-1183
-1264
-1414
-1619
-1823
-1947
-1931
-1727
-1279
-631
89
748
1282
1712
2029
2211
2257
2203
2036
1740
1333
911
599
435
373
336
321
354
443
529
541
460
284
-22
-511
-1144
-1731
-2075
-2131
-2015
-1860
-1685
-1460
-1223
-1050
-968
-916
-841
-752
-650
-492
-194
264
817
1404
1990
2539
2967
3194
3208
3069
2839
2539
2188
1798
1407
1053
774
601
535
522
487
378
161
-146
-503
-855
-1132
-1289
-1313
-1231
-1087
-919
-775
-685
-654
-653
-668
-737
-876
-1029
-1108
-1068
-974
-911
-883
-851
-791
-735
-704
-693
-716
-834
-1062
-1292
-1409
-1423
-1440
-1504
-1537
-1433
-1197
-874
-463
36
537
936
1243
1589
2033
2453
2679
2708
2657
2591
2462
2226
1925
1607
1256
882
560
345
170
-58
-316
-507
-638
-854
-1216
-1622
-1946
-2161
-2293
-2297
-2096
-1722
-1297
-904
-543
-215
38
148
128
64
25
56
191
447
804
1213
1630
2024
2343
2515
2529
2458
2331
2093
1669
1116
587
182
-126
-392
-574
-650
-679
-757
-891
-967
-939
-866
-824
-794
-714
-582
-422
-262
-115
-13
-15
-118
-260
-405
-564
-722
-839
-888
-908
-955
-1040
-1106
-1121
-1109
-1080
-1044
-1025
-1047
-1108
-1160
-1155
-1097
-1014
-902
-756
-563
-277
170
787
1455
1987
2293
2439
2533
2582
2530
2366
2137
1890
1616
1319
1048
857
697
482
202
-60
-236
-387
-624
-968
-1324
-1606
-1819
-1996
-2118
-2116
-1980
-1756
-1480
-1133
-726
-341
-64
111
266
425
527
544
528
554
648
806
1029
1322
1614
1805
1874
1873
1841
1729
1480
1108
702
316
-37
-353
-609
-768
-840
-831
-757
-648
-556
-513
-495
-470
-427
-379
-342
-314
-282
-209
-57
142
286
274
104
-125
-337
-524
-716
-905
-1054
-1158
-1207
-1192
-1127
-1058
-1052
-1100
-1129
-1087
-992
-885
-773
-642
-496
-338
-148
121
459
819
1169
1503
1810
2034
2129
2110
2021
1880
1659
1337
953
581
275
56
-72
-129
-152
-177
-239
-339
-467
-610
-772
-970
-1197
-1396
-1483
-1412
-1225
-1002
-797
-601
-380
-129
126
335
467
539
588
637
712
811
938
1081
1213
1311
1369
1401
1404
1343
1195
957
673
391
109
-172
-445
-649
-752
-781
-755
-676
-530
-348
-219
-166
-152
-148
-184
-309
-470
-545
-493
-396
-324
-250
-125
-4
-6
-162
-383
-585
-804
-1079
-1344
-1480
-1464
-1391
-1320
-1207
-994
-738
-543
-435
-347
-250
-167
-105
-5
187
436
695
970
1290
1628
1897
2042
2074
2017
1856
1593
1284
982
685
377
71
-174
-329
-411
-437
-420
-380
-360
-387
-443
-506
-598
-750
-936
-1083
-1126
-1057
-908
-686
-404
-109
135
306
434
538
599
595
550
524
541
570
589
598
617
643
650
621
554
453
323
168
-12
-213
-419
-576
-642
-620
-552
-463
-366
-260
-142
-13
128
263
336
305
212
161
201
275
279
163
1
-113
-165
-202
-287
-441
-647
-875
-1084
-1219
-1259
-1238
-1209
-1176
-1080
-884
-627
-381
-195
-51
86
223
333
415
505
626
773
917
1061
1223
1386
1483
1481
1405
1306
1168
935
611
269
-20
-249
-461
-650
-770
-799
-781
-768
-752
-697
-611
-541
-530
-558
-589
-605
-601
-565
-484
-373
-243
-108
39
197
354
494
593
633
617
589
595
632
669
679
672
659
619
541
437
331
213
55
-136
-309
-424
-475
-478
-440
-369
-286
-196
-83
63
210
296
317
310
307
294
253
189
113
20
-97
-208
-286
-347
-436
-561
-663
-704
-718
-766
-844
-884
-848
-781
-723
-663
-565
-442
-334
-241
-106
86
280
412
508
629
784
921
999
1060
1132
1180
1157
1072
977
875
715
482
225
2
-208
-435
-644
-771
-814
-828
-828
-763
-628
-497
-433
-408
-365
-317
-328
-404
-460
-454
-429
-426
-399
-283
-110
43
159
292
473
640
731
758
768
759
700
595
502
439
387
330
261
195
125
51
4
-14
-45
-115
-178
-184
-129
-55
26
138
257
309
278
224
205
194
118
-13
-123
-182
-229
-298
-359
-392
-428
-510
-623
-718
-785
-865
-958
-1005
-971
-876
-748
-588
-401
-227
-106
-12
118
274
380
396
393
457
590
712
792
865
949
1004
985
927
871
801
666
469
294
208
172
103
-10
-109
-159
-195
-249
-299
-321
-347
-407
-481
-505
-480
-467
-515
-584
-607
-576
-527
-479
-404
-280
-144
-38
44
133
232
301
312
290
273
264
242
193
136
104
94
88
64
28
22
49
87
104
91
70
62
74
106
154
213
261
285
305
335
357
332
233
87
-47
-137
-188
-226
-265
-302
-332
-351
-360
-368
-392
-464
-575
-692
-752
-716
-599
-456
-332
-230
-118
31
204
353
426
421
374
341
342
365
394
413
439
479
527
574
595
568
488
381
292
223
140
11
-132
-215
-201
-126
-59
-28
-16
-4
-2
-21
-61
-106
-167
-258
-366
-453
-490
-479
-439
-377
-298
-217
-159
-129
-112
-84
-52
-34
-19
-8
-2
-10
-25
-23
11
48
66
61
47
36
36
52
93
151
207
228
220
225
277
371
458
500
496
470
437
382
293
173
37
-116
-285
-440
-543
-576
-569
-558
-550
-541
-529
-524
-533
-545
-545
-527
-479
-403
-304
-179
-27
153
332
463
513
497
450
391
333
290
263
244
229
240
316
448
562
590
548
494
448
384
271
133
8
-90
-160
-183
-135
-52
2
5
-2
21
53
34
-51
-161
-251
-313
-351
-357
-331
-288
-262
-248
-218
-165
-124
-132
-173
-212
-232
-241
-252
-245
-200
-132
-71
-28
18
79
134
154
137
109
87
70
59
65
88
118
148
193
266
350
417
451
454
422
356
253
128
0
-126
-243
-336
-404
-458
-510
-551
-562
-546
-527
-518
-503
-463
-398
-318
-231
-139
-50
33
118
200
266
297
301
305
328
366
399
414
415
426
462
514
555
559
523
468
412
352
272
171
54
-59
-150
-200
-203
-180
-152
-123
-80
-7
71
114
105
51
-24
-111
-214
-322
-418
-482
-508
-487
-415
-297
-161
-50
8
14
-8
-44
-99
-172
-243
-279
-266
-220
-160
-97
-35
13
29
15
-4
-9
8
40
80
138
215
303
382
432
452
454
439
403
329
226
131
61
8
-65
-156
-235
-293
-343
-411
-476
-507
-509
-510
-529
-522
-454
-359
-291
-254
-198
-91
33
116
152
167
182
200
227
273
341
408
438
421
411
451
529
589
600
562
506
447
374
295
217
132
24
-99
-194
-224
-206
-181
-163
-131
-75
-13
20
6
-38
-102
-170
-221
-248
-256
-273
-311
-339
-327
-267
-180
-103
-40
8
39
50
46
19
-31
-98
-171
-243
-306
-338
-324
-271
-196
-120
-40
45
117
160
179
190
190
178
158
149
168
205
230
222
186
147
111
71
20
-33
-73
-98
-113
-117
-110
-96
-91
-104
-137
-183
-229
-265
-282
-278
-256
-210
-139
-45
52
129
183
222
248
242
204
152
117
111
119
141
182
232
272
287
284
289
283
253
203
144
100
60
13
-32
-65
-83
-105
-135
-159
-162
-143
-130
-133
-143
-148
-138
-120
-101
-82
-70
-63
-61
-59
-48
-36
-32
-41
-53
-57
-49
-43
-36
-34
-34
-34
-34
-29
-20
-15
-20
-26
-24
-11
0
-6
-19
-26
-21
-4
15
28
43
56
61
63
60
56
50
35
20
7
-3
-8
-19
-39
-61
-74
-83
-88
-94
-99
-91
-81
-69
-53
-35
-11
15
39
54
66
69
69
68
59
50
45
45
53
60
76
96
114
123
122
123
125
129
127
127
127
131
133
128
119
105
78
40
-1
-36
-60
-76
-85
-89
-86
-83
-78
-70
-64
-64
-71
-87
-102
-112
-120
-128
-136
-139
-139
-137
-131
-115
-90
-65
-44
-28
-11
6
22
30
34
34
35
35
36
39
41
43
43
42
45
48
48
43
40
38
38
38
36
32
21
7
-11
-29
-45
-56
-72
-91
-106
-114
-110
-100
-86
-74
-60
-48
-35
-23
-7
11
30
45
56
62
58
47
27
7
-8
-19
-20
-10
11
43
77
109
133
146
152
147
133
115
96
79
66
59
60
64
65
59
47
31
16
5
-5
-16
-25
-27
-24
-14
-7
-6
-9
-20
-31
-44
-61
-75
-93
-107
-112
-109
-102
-93
-81
-72
-67
-56
-44
-33
-22
-16
-8
5
22
39
51
57
59
56
49
36
18
2
-12
-22
-27
-25
-25
-26
-29
-28
-27
-28
-31
-33
-33
-30
-29
-26
-26
-27
-31
-40
-48
-53
-54
-53
-51
-44
-30
-10
10
27
40
46
52
51
48
44
40
37
38
44
51
63
69
68
69
68
68
60
46
37
32
32
36
39
46
57
66
64
57
47
36
19
1
-14
-20
-21
-17
-10
-1
11
15
14
4
-8
-16
-29
-50
-71
-84
-86
-82
-75
-71
-65
-56
-50
-46
-46
-43
-39
-37
-33
-23
-7
4
13
25
36
44
47
44
35
24
12
1
-11
-22
-29
-35
-29
-22
-16
-11
-12
-11
-11
-15
-20
-26
-31
-38
-41
-39
-33
-24
-14
-9
-4
4
14
17
20
21
21
22
18
13
10
8
5
-2
-4
1
11
23
34
46
60
69
73
68
61
53
37
16
1
-2
4
9
14
27
33
29
15
-2
-12
-18
-25
-28
-19
3
27
48
60
63
54
36
7
-22
-46
-63
-78
-87
-88
-73
-48
-23
-5
10
23
27
20
10
3
-4
-11
-19
-27
-25
-16
