-10
-9
-8
-4
-5
-8
-11
-13
-13
-9
-2
4
9
16
18
16
13
12
11
9
7
2
-3
-7
-9
-9
-8
-8
-7
-9
-12
-10
-10
-10
-11
-9
-5
-5
-7
-6
-7
-9
-10
-9
-6
-3
2
6
7
5
4
0
-3
-4
-3
-3
1
4
4
1
-2
4
14
21
25
28
28
24
17
11
7
5
5
5
8
9
8
3
-3
-5
-5
-7
-5
-3
-5
-8
-13
-17
-17
-17
-13
-9
-6
-3
-4
-5
-8
-6
-5
-10
-18
-23
-26
-31
-35
-38
-37
-27
-18
-16
-16
-21
-26
-28
-27
-26
-25
-18
-10
-6
-2
-1
-2
-3
-5
-6
-4
-1
6
14
14
8
1
-1
-2
1
7
15
20
23
23
23
22
26
26
23
21
22
24
26
30
30
30
29
29
31
36
39
40
41
43
41
39
41
45
42
33
24
19
22
30
40
50
57
62
61
55
49
47
48
46
44
42
42
42
40
38
33
27
20
12
6
0
2
6
9
9
8
9
8
7
1
-4
-6
-7
-7
-12
-21
-32
-37
-39
-38
-38
-37
-37
-32
-31
-32
-35
-40
-48
-54
-55
-53
-50
-43
-37
-35
-39
-42
-44
-44
-45
-47
-52
-55
-54
-50
-47
-46
-44
-44
-48
-52
-49
-40
-31
-23
-21
-22
-20
-21
-22
-21
-21
-24
-28
-29
-31
-30
-30
-29
-30
-36
-36
-34
-25
-17
-11
-10
-15
-15
-10
-4
-2
-2
-5
-7
-5
-4
4
10
9
4
0
-3
-2
7
19
29
35
37
35
35
36
37
36
35
36
33
29
26
28
30
30
23
18
16
15
14
11
16
20
22
26
29
29
31
33
36
37
35
36
36
37
34
30
28
28
27
23
19
16
20
26
32
38
39
40
41
42
41
38
37
35
31
28
27
29
23
19
12
9
11
13
14
8
4
-2
-10
-12
-12
-8
-1
3
4
3
-3
-5
-4
0
4
0
-5
-9
-12
-11
-10
-14
-16
-15
-15
-16
-12
-12
-15
-14
-19
-23
-26
-26
-25
-28
-29
-30
-32
-32
-31
-30
-30
-25
-24
-25
-27
-27
-25
-22
-20
-18
-19
-18
-13
-9
-9
-10
-10
-14
-16
-19
-20
-20
-18
-18
-22
-22
-21
-18
-17
-20
-20
-20
-18
-14
-8
-5
-4
-6
-7
-9
-11
-9
-10
-7
-4
-3
-4
-4
-3
-2
-1
-1
-3
-7
-9
-7
-5
1
8
14
15
17
18
16
15
12
8
2
2
2
0
-1
-1
1
2
1
-1
-2
-2
-6
-5
-6
-8
-7
-5
-4
0
2
4
4
7
3
-4
-5
-4
2
5
6
7
9
10
14
18
22
23
25
27
29
31
32
31
29
29
28
32
36
35
31
25
23
21
21
23
24
24
23
20
17
15
12
13
17
21
21
20
20
20
20
21
22
24
27
27
26
24
22
21
20
20
18
15
11
7
2
2
0
-4
-8
-8
-10
-11
-11
-11
-16
-17
-20
-24
-26
-27
-28
-30
-28
-25
-26
-24
-18
-18
-18
-16
-18
-20
-19
-16
-15
-16
-18
-18
-17
-16
-19
-21
-21
-25
-26
-21
-20
-20
-21
-22
-28
-31
-32
-32
-34
-34
-31
-29
-25
-25
-27
-29
-27
-25
-28
-27
-25
-25
-20
-15
-13
-13
-10
-8
-4
-2
-1
-3
-6
-7
-7
-6
-4
-4
0
7
13
17
22
23
20
20
19
14
9
3
-2
-5
-4
-1
-6
-7
-8
-7
-1
5
6
7
9
11
11
14
19
18
22
24
27
29
33
34
33
37
42
40
38
39
40
40
42
41
38
37
41
42
41
37
32
29
29
28
24
21
15
7
2
1
1
-1
0
4
6
5
8
7
3
1
-2
0
1
0
4
7
12
19
24
21
16
14
16
14
16
20
22
23
27
24
18
20
20
13
8
4
-5
-11
-11
-14
-21
-23
-23
-24
-22
-18
-19
-23
-21
-22
-26
-23
-17
-15
-11
-5
-5
-10
-10
-11
-16
-13
-6
-1
-1
-3
-8
-8
1
5
4
0
1
-1
-1
-2
-5
-8
-11
-11
-9
-8
-10
-15
-16
-21
-23
-23
-25
-30
-32
-29
-28
-25
-25
-30
-35
-37
-38
-41
-44
-45
-50
-47
-41
-37
-39
-35
-30
-28
-25
-27
-33
-33
-23
-21
-21
-15
-12
-11
-8
-3
-10
-20
-23
-28
-32
-31
-28
-26
-26
-20
-15
-12
-5
0
2
8
12
12
14
15
16
17
21
24
21
18
14
11
13
16
18
19
22
29
36
40
39
39
39
42
44
46
45
42
41
42
42
44
43
38
39
41
39
35
30
28
23
23
25
25
21
20
20
19
19
14
8
2
4
7
6
6
0
-7
-6
-5
-9
-11
-14
-15
-16
-15
-17
-20
-19
-14
-15
-20
-23
-29
-35
-39
-41
-41
-40
-40
-41
-37
-33
-33
-32
-31
-29
-27
-26
-26
-30
-31
-31
-28
-22
-20
-22
-25
-24
-22
-18
-16
-15
-17
-17
-12
-7
-3
-3
-4
-5
-7
-11
-14
-15
-17
-19
-18
-15
-15
-14
-12
-13
-15
-14
-12
-14
-12
-6
-1
1
3
4
4
8
14
14
12
10
9
11
14
16
16
15
15
14
14
13
12
11
14
20
21
21
19
17
14
13
14
15
15
17
19
21
23
23
21
22
25
28
30
31
31
30
31
34
34
35
37
37
35
32
32
34
38
41
47
49
47
48
47
51
50
50
48
46
45
45
42
41
39
36
36
38
40
39
36
32
28
25
22
17
11
7
3
-2
-6
-8
-9
-9
-4
-3
-5
-8
-12
-14
-15
-16
-15
-14
-15
-15
-15
-19
-24
-25
-24
-22
-20
-20
-22
-26
-30
-30
-28
-28
-26
-26
-28
-28
-29
-32
-37
-42
-46
-45
-41
-38
-35
-37
-35
-32
-29
-28
-28
-25
-23
-22
-18
-17
-15
-14
-13
-13
-12
-12
-10
-10
-11
-9
-7
-10
-8
-5
2
8
9
9
5
2
-5
-7
-8
-7
-5
-6
-9
-12
-16
-19
-21
-20
-18
-10
-4
-3
-1
2
4
7
11
16
21
19
18
16
12
12
13
15
16
23
32
34
37
36
32
27
21
21
24
22
20
19
14
10
5
-3
-8
-11
-10
-9
-11
-11
-14
-17
-19
-16
-14
-17
-19
-20
-28
-31
-32
-30
-30
-28
-26
-25
-23
-20
-17
-14
-15
-13
-10
-10
-9
-7
-9
-10
-12
-12
-10
-7
-2
6
8
11
16
23
25
25
22
14
6
1
-2
-6
-5
-1
3
5
9
14
15
17
17
17
18
19
22
27
30
32
33
33
34
31
26
19
13
9
6
6
8
13
17
20
19
22
23
24
21
17
15
16
16
15
15
14
11
6
2
0
-3
-1
-3
-4
-3
-3
-7
-13
-15
-17
-22
-28
-31
-35
-37
-37
-35
-31
-30
-27
-28
-26
-23
-22
-24
-28
-30
-27
-27
-27
-25
-27
-26
-26
-24
-21
-23
-25
-27
-27
-25
-22
-18
-14
-7
0
2
4
1
0
-1
-4
-4
-3
-5
-6
-7
-9
-7
-2
2
3
1
-1
-4
-4
-2
-3
-5
-3
-3
-4
-5
-11
-14
-18
-16
-9
-6
-4
1
4
7
11
12
12
13
15
18
20
21
23
31
34
38
46
49
56
62
64
66
64
65
64
61
58
53
43
35
29
23
19
17
16
13
10
6
1
-2
-5
-8
-11
-11
-12
-11
-9
-6
-1
3
5
2
4
7
7
11
15
19
22
25
26
31
32
35
37
36
36
36
30
28
26
23
21
14
8
3
-5
-10
-15
-22
-24
-24
-28
-31
-38
-45
-53
-57
-60
-65
-69
-71
-71
-74
-74
-69
-65
-57
-45
-35
-29
-22
-16
-10
-7
-6
-1
1
2
3
2
4
6
2
2
7
8
11
11
5
8
8
4
2
-4
-5
-3
-3
-1
-5
-12
-14
-17
-21
-23
-21
-21
-21
-21
-22
-23
-24
-25
-27
-28
-30
-26
-25
-25
-22
-19
-14
-9
-9
-4
3
4
8
6
3
4
-2
-4
-3
-8
-11
-13
-15
-14
-18
-20
-16
-12
-8
-4
-7
-7
-10
-15
-10
-2
3
9
10
11
15
14
14
17
26
38
48
48
46
51
54
58
68
73
80
89
91
91
85
82
96
107
111
109
96
83
72
58
55
57
52
50
43
28
12
-11
-33
-41
-45
-50
-58
-71
-87
-101
-112
-117
-112
-115
-111
-96
-88
-86
-93
-109
-98
-69
-48
-18
8
20
26
10
0
11
15
23
34
39
48
41
21
7
-3
1
14
14
12
-1
-23
-37
-51
-59
-53
-49
-38
-21
-18
-14
-12
-14
-1
8
18
41
54
54
49
44
55
76
85
96
97
83
56
40
31
23
9
-12
-20
-16
-30
-39
-38
-32
-13
3
7
24
34
41
72
84
77
68
60
83
115
112
98
80
44
18
9
6
-10
-56
-104
-131
-154
-175
-175
-150
-129
-132
-146
-162
-179
-175
-127
-49
19
46
41
24
12
43
103
163
191
180
163
133
79
48
43
44
37
9
-2
-1
-50
-96
-103
-97
-77
-65
-54
-28
-53
-83
-64
-38
2
44
50
66
57
33
62
64
38
32
12
28
68
56
55
47
15
38
69
79
100
88
82
92
83
96
107
87
81
76
77
85
60
45
40
1
-27
-39
-47
-28
-45
-80
-78
-69
-45
1
25
48
57
39
41
71
110
150
157
150
151
146
144
145
144
146
104
30
-17
-39
-40
-42
-71
-107
-150
-199
-208
-175
-125
-96
-114
-126
-102
-71
-32
-19
-29
-23
-30
-36
-15
-28
-74
-110
-172
-226
-253
-315
-356
-371
-419
-454
-485
-532
-522
-479
-431
-350
-311
-318
-301
-248
-158
-28
63
125
189
246
306
352
371
394
423
452
477
481
457
406
346
291
276
267
244
222
195
181
163
138
146
181
195
194
170
149
152
159
201
274
324
345
312
259
249
258
282
256
160
72
5
-69
-132
-190
-243
-261
-287
-304
-289
-285
-268
-226
-174
-122
-73
-20
-12
-82
-153
-178
-157
-119
-142
-208
-295
-460
-606
-654
-649
-617
-680
-831
-895
-904
-841
-659
-555
-551
-631
-722
-642
-358
226
1039
1393
939
275
220
949
1743
2117
2335
2291
1594
693
520
1217
1858
1569
846
531
360
-130
-666
-752
-489
-482
-826
-990
-917
-1061
-1387
-1388
-801
-135
-3
-183
-270
-199
-31
255
667
985
834
411
199
263
364
369
333
260
29
-279
-325
-182
-150
-269
-358
-324
-327
-376
-253
42
267
340
409
530
619
611
681
885
999
934
765
604
485
329
196
84
-80
-298
-531
-726
-830
-889
-920
-930
-988
-1096
-1176
-1170
-1109
-992
-886
-823
-787
-854
-972
-1002
-926
-819
-738
-838
-1150
-1544
-1912
-2036
-1502
-83
1203
1025
-558
-1807
-1196
715
2329
3196
3534
2890
1276
133
939
3054
4022
2883
1365
795
561
-105
-728
-570
-163
-575
-1548
-1993
-2021
-2372
-2907
-2688
-1546
-668
-813
-1336
-1362
-841
-72
779
1550
1762
1283
776
952
1624
2105
2130
1837
1384
795
353
316
516
549
297
16
-196
-459
-768
-840
-524
-46
316
435
414
449
612
954
1406
1685
1646
1394
1159
1008
918
820
681
393
-91
-610
-1055
-1344
-1611
-1796
-1944
-2195
-2582
-2953
-3078
-2961
-2721
-2570
-2532
-2512
-2509
-2551
-2413
-2057
-860
1149
2392
1762
190
-219
1471
3731
4717
4930
4821
3808
2049
1292
2732
4790
4511
2020
205
150
340
-461
-1386
-1342
-1091
-1956
-3132
-3320
-2812
-2707
-3177
-2990
-1725
-818
-1182
-1880
-1658
-432
776
1260
1357
1377
1112
749
829
1543
2177
1806
693
-16
33
227
49
-251
-451
-839
-1448
-1778
-1558
-1267
-1333
-1477
-1171
-647
-464
-553
-415
126
692
946
1060
1178
1118
1005
1103
1356
1402
966
337
-40
-136
-224
-431
-763
-1201
-1747
-2216
-2362
-2191
-2171
-2464
-2871
-3167
-3196
-3108
-2957
-2788
-2636
-2635
-2514
-2262
-1992
-1945
-1425
472
2569
2711
897
-281
1040
3699
5127
5433
5701
5206
3298
1651
2688
5759
6797
4165
1137
604
1416
1119
-45
-199
447
-313
-2384
-3294
-2394
-1547
-2206
-2996
-2102
-602
-557
-1493
-1485
-102
1260
1557
1587
2052
2329
1935
1566
1980
2755
2681
1703
1070
1061
1036
690
327
153
-234
-967
-1336
-996
-637
-774
-1136
-1101
-581
-170
-38
126
370
543
648
950
1527
1887
1667
1329
1259
1204
974
548
144
-127
-550
-1103
-1464
-1677
-2037
-2546
-2983
-3142
-3249
-3588
-3994
-4255
-4311
-4229
-4056
-3893
-3672
-3565
-3602
-3538
-3069
-2248
-790
1330
2705
2064
195
-135
2362
5619
6866
6396
5594
4560
3061
2448
4215
6795
6506
2904
-76
-35
1111
678
-810
-1299
-1129
-2291
-4305
-4825
-3585
-2708
-3410
-4042
-3070
-1821
-1997
-2657
-1925
91
1511
1436
1007
1279
1840
2117
2358
2927
3329
2662
1427
1018
1692
2233
1811
934
317
-126
-652
-782
-349
-41
-501
-1209
-1199
-519
58
210
403
852
1197
1191
1227
1654
2105
2158
1977
1924
1846
1423
801
499
611
616
68
-846
-1746
-2410
-2809
-2897
-2827
-3066
-3790
-4733
-5299
-5213
-4824
-4669
-4771
-4857
-4736
-4279
-3797
-3180
-2414
-1451
315
2243
2630
1301
309
1671
4908
7105
7147
6330
5360
4030
3131
4205
6873
7843
4869
761
-515
819
1615
413
-1159
-1673
-2309
-3900
-4869
-4038
-2792
-3104
-4417
-4416
-2906
-1984
-2389
-2591
-1371
346
941
586
645
1313
1785
1821
2022
2675
2920
2135
1263
1325
1795
1603
713
72
-54
-268
-585
-502
-237
-507
-1167
-1316
-450
514
587
207
256
809
1330
1581
1837
2127
1992
1560
1498
1828
1951
1518
753
236
88
-187
-707
-1258
-1798
-2329
-2826
-3137
-3347
-3710
-4183
-4524
-4568
-4434
-4439
-4733
-5098
-5158
-4647
-3652
-2602
-2031
-2149
-1577
675
2948
3001
1294
870
3386
6465
7262
6628
6384
6025
4601
3686
5605
8793
8328
3683
33
736
3054
2617
-277
-2028
-2039
-2835
-4609
-4980
-3445
-2772
-4700
-6614
-5477
-2817
-2045
-3235
-3674
-2176
-564
-421
-615
180
1201
1268
760
1066
2096
2353
1455
856
1405
2066
1665
676
276
326
119
-160
-25
125
-341
-1045
-897
166
954
805
392
521
1108
1522
1703
2109
2571
2690
2550
2589
2839
2807
2261
1594
1342
1316
889
-86
-1038
-1465
-1705
-2077
-2628
-3242
-3882
-4487
-5027
-5198
-5010
-4809
-4868
-5210
-5325
-4830
-3938
-3070
-2537
-2124
-391
2435
3800
2426
545
1606
5691
8745
8583
7292
6539
5646
4322
4522
7628
10159
7556
1812
-739
1418
3678
2093
-1258
-2505
-2448
-3819
-5694
-5476
-3705
-3655
-6148
-7495
-5516
-3098
-3279
-4707
-4345
-1990
-546
-1020
-1310
-224
922
912
614
1308
2315
1924
614
317
1337
1927
946
-545
-901
-495
-513
-683
-489
-368
-948
-1684
-1301
12
640
179
-180
422
1402
1681
1504
1798
2412
2582
2437
2554
2817
2542
1666
1149
1469
1736
1100
-45
-735
-887
-1261
-1971
-2481
-2641
-3175
-4169
-4917
-5113
-5070
-5222
-5460
-5455
-5220
-4998
-4613
-3921
-3152
-1779
814
3194
3113
786
-206
2898
7737
9844
8926
7596
6887
5970
5417
7451
11202
11648
6670
1413
1082
4036
4656
1682
-1017
-1391
-2035
-4279
-5676
-4521
-3217
-4654
-7142
-6842
-4152
-2942
-4171
-4913
-3067
-595
-46
-675
-353
808
1291
1048
1491
2830
3346
2270
1109
1373
2400
2439
1176
-1
-359
-429
-540
-468
-269
-613
-1570
-1990
-1095
111
381
-51
-140
485
1091
1241
1496
2046
2280
2063
1880
2038
2071
1374
565
487
842
601
-517
-1678
-2206
-2466
-3048
-3653
-4021
-4514
-5382
-6349
-6725
-6452
-6283
-6529
-6837
-6824
-6378
-5834
-5229
-4344
-2780
-180
2301
2599
633
-604
1717
6513
9646
9442
7923
6697
5467
4775
6483
10345
11981
8051
2121
265
2731
4379
2362
-675
-1749
-2315
-4465
-6401
-5828
-4303
-4920
-7312
-7716
-5289
-3580
-4607
-5884
-4527
-1552
-62
-515
-646
315
999
967
1482
3025
4014
3064
1514
1563
2919
3390
2184
767
373
410
124
-6
245
45
-923
-1509
-568
902
1109
292
101
1078
2101
2307
2305
2786
3204
3133
3135
3661
3954
3171
1897
1554
2144
2225
1080
-375
-1118
-1369
-1918
-2636
-2998
-3375
-4277
-5476
-6100
-5964
-5842
-6285
-6595
-6345
-5915
-5671
-5470
-4763
-3248
-750
2150
3666
2455
316
872
5142
9874
11454
10184
8374
6880
5761
6397
9699
12706
10925
4905
655
1589
4206
3672
462
-1824
-2521
-3992
-6228
-6667
-5194
-4905
-7048
-8642
-7147
-4628
-4511
-6081
-5993
-3447
-1131
-818
-1188
-716
29
216
569
1938
3256
2754
942
64
996
2139
1759
199
-1077
-1485
-1405
-1056
-556
-601
-1606
-2665
-2305
-672
454
222
-285
133
1247
2042
2376
2754
3190
3266
3228
3601
4061
3704
2412
1424
1547
1961
1410
-102
-1537
-2282
-2727
-3347
-3957
-4405
-5114
-6181
-7078
-7280
-7061
-7143
-7545
-7621
-7208
-6568
-5858
-5137
-4276
-2919
-556
2387
3869
2707
987
2056
6195
10144
11237
10226
8877
7341
6090
7023
10494
12811
10184
4356
1119
2467
4423
3277
384
-1435
-2400
-4227
-6051
-5755
-4376
-4835
-7148
-8031
-5866
-3393
-3426
-4654
-4170
-1865
0
485
715
1368
1664
1421
1866
3425
4562
3767
1874
1004
1778
2771
2320
556
-1109
-1679
-1266
-415
148
-198
-1427
-2380
-1814
-69
1288
1353
872
957
1777
2760
3516
3976
4053
3846
3824
4277
4634
4025
2638
1665
1746
1977
1292
-242
-1702
-2497
-2934
-3533
-4209
-4870
-5780
-6951
-7788
-7832
-7502
-7537
-7995
-8164
-7778
-7037
-6340
-5680
-4640
-2814
-76
2554
3292
1891
848
2723
6994
10430
11087
9866
8156
6457
5764
7504
10855
11920
8247
2784
558
2020
3151
1506
-1235
-2955
-4266
-6161
-7324
-6576
-5681
-6765
-8728
-8614
-6143
-4298
-4798
-5638
-4623
-2288
-625
-31
437
914
885
841
1800
3367
3927
2691
1025
636
1387
1812
1074
-402
-1706
-2325
-2166
-1394
-723
-1130
-2381
-2982
-2000
-157
1124
1391
1344
1565
2031
2787
3807
4723
4913
4477
4340
4856
5173
4469
3259
2625
2609
2309
1210
-139
-1173
-1970
-2762
-3447
-3776
-4157
-5067
-6275
-6947
-6828
-6461
-6475
-6822
-6973
-6591
-5692
-4698
-3886
-3035
-1566
708
3152
4295
3760
3019
3912
6593
9494
10960
10766
9412
7509
6341
7226
9684
10920
8890
4781
2004
1756
2184
1426
-284
-1930
-3519
-5420
-6684
-6449
-5721
-6173
-7534
-7872
-6425
-4758
-4436
-4775
-4262
-2706
-1107
-81
530
939
876
680
1111
2287
3196
2890
1609
420
-43
31
192
137
-493
-1789
-3057
-3374
-2555
-1647
-1487
-1806
-1876
-1462
-603
601
1932
2772
2786
2669
3274
4459
5263
5250
4906
4782
4695
4202
3487
2893
2266
1321
254
-510
-1122
-2134
-3543
-4641
-4932
-4932
-5405
-6407
-7286
-7587
-7440
-7061
-6745
-6645
-6825
-6742
-5862
-4289
-3026
-2593
-2281
-1085
1116
3160
3856
3376
3060
3991
6256
8676
10040
9744
8039
6031
5488
7045
9282
9630
6941
3137
997
1025
1524
988
-680
-2747
-4738
-6172
-6387
-5570
-5196
-6129
-7331
-6961
-4889
-3015
-2662
-3006
-2587
-1134
493
1655
2289
2276
1654
1211
1947
3569
4402
3290
1134
-153
154
1198
1830
1315
-271
-2028
-2833
-2080
-354
784
594
-302
-596
399
2015
3182
3688
3830
3898
4099
4503
5098
5466
5193
4497
4000
3865
3615
2652
1285
325
5
-287
-1126
-2436
-3674
-4482
-4905
-5063
-5209
-5699
-6529
-7144
-7099
-6529
-6111
-6162
-6381
-6109
-5091
-3795
-3012
-2853
-2574
-1269
1192
3483
3964
2548
1266
2289
5580
8855
10196
9300
6936
4398
3738
6134
9783
10682
7058
2015
-178
950
2348
1806
-147
-2202
-4229
-5973
-6276
-5140
-4600
-6085
-8037
-7820
-5458
-3596
-3833
-4790
-4437
-2705
-867
260
570
129
-708
-758
802
2944
3580
1884
-582
-1628
-705
888
1499
679
-715
-1900
-2450
-2108
-1019
112
389
-42
-78
600
1389
1884
2378
3352
4285
4443
4077
3875
4007
4126
4016
3889
3756
3069
1651
303
-134
-27
-386
-1501
-2773
-3605
-4129
-4635
-4977
-5092
-5245
-5694
-6172
-6242
-5825
-5271
-5028
-4944
-4662
-4032
-3224
-2690
-2623
-2500
-1785
-319
1637
3193
3389
2286
1377
2423
5515
8530
9382
8011
6033
4899
5258
6938
8882
9336
7185
3712
1705
2122
3222
2788
775
-1215
-2429
-3369
-4156
-4410
-4395
-4872
-5875
-6253
-5352
-4140
-3962
-4594
-4604
-3370
-1964
-1476
-1664
-1551
-968
-302
287
914
1420
1206
310
-276
280
1393
1739
879
-63
-12
533
489
151
610
1730
2334
2189
2185
2618
2907
2829
3154
4238
5098
4590
3113
2223
2761
3782
3910
3013
1789
743
13
-307
-310
-512
-1513
-3031
-4104
-4210
-3843
-3764
-4327
-5193
-5643
-5349
-4554
-3948
-3891
-4039
-3849
-3313
-2857
-2623
-2476
-2359
-2439
-2437
-1754
-299
1251
1843
1182
136
127
1785
4260
5970
6175
5433
4575
4085
4459
5875
7573
7869
6083
3671
2568
2952
3256
2443
1042
-98
-1191
-2617
-3805
-4086
-3888
-4139
-4932
-5384
-5125
-4814
-4988
-5259
-4779
-3525
-2354
-2071
-2441
-2680
-2284
-1396
-617
-235
-220
-480
-801
-965
-658
228
1111
1312
1011
914
1053
1133
1339
2162
3412
4122
3819
3159
2905
3183
3621
3941
3974
3529
2662
1739
1367
1652
2061
1837
974
25
-608
-902
-1034
-1195
-1508
-1912
-2222
-2318
-2409
-2652
-2983
-2998
-2598
-2085
-1789
-1909
-2297
-2581
-2461
-1861
-1183
-1217
-2161
-3266
-3439
-2580
-1672
-1393
-1537
-1485
-930
-227
208
426
821
1706
3001
4311
5183
5291
4687
4114
4607
6255
7789
7720
5963
3966
3156
3614
4325
4234
2952
874
-1192
-2303
-2126
-1441
-1532
-2878
-4731
-5938
-5829
-4691
-3647
-3668
-4670
-5639
-5513
-4422
-3445
-3216
-3326
-3176
-2769
-2355
-1844
-1113
-436
-67
319
1210
2245
2598
2320
2452
3406
4405
4678
4323
4083
4261
4529
4467
4069
3586
3002
2305
1743
1650
1850
1674
852
-126
-672
-833
-1057
-1435
-1726
-1753
-1639
-1665
-1901
-2131
-2093
-1765
-1310
-898
-669
-699
-885
-1060
-1036
-868
-728
-857
-1291
-1850
-2389
-2809
-3116
-3209
-3166
-3266
-3672
-4004
-3913
-3255
-2211
-1272
-1051
-1560
-1838
-814
1321
3174
3954
3873
3495
3201
3415
4577
6359
7340
6495
4602
3387
3483
4003
3885
3025
2015
946
-213
-1216
-1692
-1816
-2164
-2926
-3762
-4282
-4440
-4394
-4529
-5015
-5428
-5288
-4787
-4556
-4834
-4970
-4361
-3371
-2664
-2294
-1858
-1187
-502
126
975
1924
2468
2599
3018
4098
5169
5236
4342
3675
4059
5233
6048
5507
3892
2276
1660
2188
3042
3243
2385
763
-775
-1293
-642
364
623
-243
-1503
-2036
-1455
-446
114
41
-254
-391
-245
93
433
513
123
-551
-962
-940
-843
-1122
-1900
-2738
-3159
-3080
-2754
-2617
-2996
-3776
-4464
-4534
-3938
-3065
-2163
-1239
-712
-1137
-2083
-1979
156
3041
4457
3950
2932
2533
2816
3639
5120
6689
6903
5194
2982
2104
2849
3889
4029
3172
1723
95
-1145
-1392
-886
-586
-1247
-2560
-3702
-4289
-4246
-3743
-3253
-3404
-4252
-4992
-4844
-4021
-3308
-3068
-3035
-2847
-2523
-2248
-1993
-1557
-885
-99
482
709
682
718
1161
2060
2996
3428
3182
2611
2368
2816
3716
4384
4304
3593
2824
2451
2648
3138
3294
2703
1663
958
999
1428
1566
1131
385
-228
-413
-212
42
-91
-696
-1353
-1516
-1055
-581
-856
-1815
-2597
-2553
-1835
-1159
-1118
-1736
-2581
-3054
-2822
-2148
-1663
-1742
-2206
-2541
-2502
-2225
-1970
-1798
-1628
-1305
-673
98
471
-22
-848
-754
792
2697
3458
2686
1290
470
814
2159
3701
4331
3489
1865
843
1128
2075
2625
2258
1256
193
-519
-584
-175
139
-90
-755
-1327
-1570
-1663
-1724
-1631
-1325
-1116
-1198
-1447
-1622
-1555
-1366
-1153
-985
-924
-994
-1148
-1245
-1247
-1228
-1175
-1017
-758
-546
-543
-642
-541
-57
630
1181
1430
1480
1529
1797
2348
2957
3325
3311
3215
3348
3596
3681
3558
3377
3197
2929
2524
2203
2125
2040
1685
1135
711
613
602
429
84
-174
-283
-345
-342
-292
-265
-474
-886
-1140
-1011
-718
-632
-844
-1156
-1414
-1560
-1586
-1491
-1408
-1569
-2028
-2467
-2553
-2335
-2096
-2141
-2449
-2796
-2945
-2642
-2068
-1739
-2017
-2660
-2997
-2630
-1739
-907
-587
-884
-1536
-1937
-1537
-461
502
575
-170
-918
-1006
-473
194
528
312
-334
-958
-1113
-693
-77
221
56
-322
-585
-626
-468
-169
139
287
222
9
-214
-323
-202
156
456
426
49
-352
-384
-94
326
567
483
228
-28
-11
354
811
1007
883
712
752
939
1026
988
970
1049
1114
1108
1138
1257
1370
1376
1361
1532
1833
1988
1888
1652
1531
1698
2002
2256
2309
2118
1876
1811
1971
2264
2443
2321
1969
1623
1512
1573
1604
1379
917
404
16
-252
-518
-835
-1159
-1390
-1576
-1815
-2105
-2298
-2391
-2458
-2559
-2636
-2569
-2457
-2407
-2369
-2148
-1767
-1510
-1533
-1712
-1715
-1408
-962
-574
-350
-305
-335
-317
-105
266
517
408
49
-204
-131
132
274
206
-20
-238
-292
-113
185
398
340
109
-15
55
304
484
494
355
188
195
398
656
655
375
86
87
364
607
566
276
-49
-259
-259
-140
-35
-65
-245
-450
-490
-313
-123
-57
-146
-240
-95
255
573
694
626
607
819
1239
1664
1837
1734
1509
1446
1649
1967
2194
2221
2063
1808
1617
1606
1739
1811
1662
1297
1008
907
868
746
501
206
-107
-372
-554
-752
-1042
-1330
-1445
-1394
-1419
-1657
-1995
-2141
-2000
-1784
-1732
-1919
-2252
-2555
-2626
-2414
-2077
-1931
-2066
-2248
-2211
-1881
-1492
-1296
-1324
-1365
-1265
-1037
-764
-506
-319
-273
-227
-37
271
544
593
480
451
575
768
794
575
362
315
408
483
389
174
-24
-112
-52
92
171
46
-237
-422
-294
88
451
558
375
122
22
181
501
707
640
417
280
352
612
878
976
880
770
820
1050
1284
1323
1156
1012
1074
1295
1496
1469
1225
934
815
941
1159
1191
937
610
456
615
946
1220
1311
1153
843
642
772
1118
1381
1277
889
474
263
285
339
282
-16
-460
-827
-992
-972
-970
-1165
-1478
-1728
-1793
-1750
-1744
-1904
-2174
-2343
-2346
-2194
-2082
-2112
-2191
-2211
-2048
-1783
-1503
-1240
-990
-731
-398
-27
259
432
566
821
1160
1383
1355
1140
878
706
672
687
606
300
-223
-740
-1002
-1029
-1045
-1210
-1465
-1731
-1919
-1990
-1947
-1762
-1502
-1282
-1210
-1209
-1083
-772
-325
118
489
712
776
796
899
1199
1589
1915
2056
1936
1722
1606
1605
1633
1591
1426
1160
874
585
273
-3
-149
-169
-170
-269
-466
-677
-739
-607
-272
134
408
461
321
246
450
937
1451
1681
1536
1183
940
1104
1538
1839
1716
1201
634
323
388
646
768
520
-71
-640
-885
-791
-610
-690
-1062
-1501
-1784
-1818
-1631
-1367
-1184
-1159
-1204
-1103
-740
-257
135
462
770
1084
1392
1646
1886
2124
2233
2181
2037
1887
1741
1578
1347
1016
618
178
-267
-676
-1033
-1379
-1754
-2075
-2309
-2467
-2614
-2776
-2857
-2834
-2760
-2644
-2439
-2108
-1678
-1256
-861
-462
-62
321
709
1193
1688
1989
2063
2040
2043
2133
2219
2192
2020
1665
1204
822
589
471
355
93
-269
-637
-879
-916
-798
-585
-464
-537
-691
-746
-613
-331
-53
58
-15
-175
-244
-103
174
368
373
249
134
89
155
244
306
337
251
66
-84
-180
-253
-293
-325
-373
-528
-811
-1113
-1298
-1287
-1165
-1070
-1083
-1177
-1218
-1062
-692
-298
-32
90
158
329
607
931
1256
1505
1628
1545
1349
1251
1306
1400
1389
1218
897
448
58
-104
-79
-65
-327
-818
-1276
-1551
-1656
-1673
-1696
-1796
-1987
-2182
-2156
-1792
-1350
-1079
-952
-802
-453
5
397
661
861
1062
1272
1434
1546
1584
1484
1322
1193
1131
1070
850
506
280
216
269
289
206
68
-29
-36
37
143
188
162
134
154
231
329
351
315
323
406
491
487
395
288
259
332
437
479
398
240
143
136
180
243
231
99
-137
-324
-357
-271
-196
-251
-393
-541
-609
-542
-427
-367
-414
-521
-574
-522
-394
-273
-226
-200
-143
-39
88
159
133
32
-54
-71
-28
-7
-95
-280
-392
-353
-247
-219
-310
-440
-538
-620
-656
-633
-624
-640
-730
-774
-709
-636
-572
-538
-549
-572
-604
-572
-427
-236
-132
-168
-227
-169
-8
94
88
-3
-111
-196
-253
-250
-187
-113
-74
-21
79
229
344
394
432
492
576
653
638
565
528
527
568
637
651
505
235
33
40
203
276
162
4
-79
-46
45
97
112
61
12
29
66
80
58
36
72
184
256
273
251
233
250
225
237
322
394
369
261
220
292
420
473
441
410
349
245
112
20
27
50
-3
-159
-389
-580
-659
-652
-633
-624
-661
-774
-906
-977
-863
-648
-457
-355
-374
-394
-354
-217
-11
235
395
385
286
175
221
421
606
660
560
398
243
139
137
229
312
251
89
-17
12
165
302
408
503
540
527
512
593
746
850
841
775
747
741
696
666
714
774
736
550
302
149
143
172
110
-44
-232
-421
-558
-577
-520
-494
-580
-741
-825
-804
-710
-590
-493
-416
-419
-434
-353
-206
-89
-62
-52
54
229
339
377
455
627
783
805
767
748
716
626
499
396
334
233
38
-216
-377
-446
-532
-691
-889
-1031
-1084
-1059
-998
-910
-860
-867
-886
-819
-646
-481
-421
-454
-503
-481
-400
-297
-199
-144
-124
-149
-200
-237
-261
-291
-345
-425
-480
-468
-448
-463
-456
-376
-241
-159
-175
-185
-105
22
109
177
301
467
632
727
780
841
894
963
1030
1058
991
820
681
660
706
679
514
270
39
-99
-142
-169
-258
-447
-691
-833
-826
-702
-605
-639
-768
-900
-944
-895
-756
-597
-457
-352
-306
-256
-156
49
328
575
731
754
700
667
714
790
808
769
631
410
205
93
62
28
-71
-262
-461
-588
-617
-576
-555
-617
-738
-785
-685
-487
-318
-246
-224
-197
-137
-7
163
295
347
322
320
442
608
657
555
404
328
348
338
237
94
-30
-107
-151
-178
-228
-298
-366
-390
-324
-209
-157
-182
-205
-115
71
267
455
577
600
590
660
843
1038
1120
1060
955
926
970
1010
993
896
712
490
309
186
97
-28
-215
-448
-667
-795
-841
-844
-862
-927
-988
-995
-948
-880
-813
-719
-598
-471
-362
-289
-231
-143
-14
134
244
275
240
199
209
267
324
313
229
101
-25
-94
-116
-125
-184
-331
-490
-578
-595
-601
-621
-639
-647
-645
-618
-497
-310
-175
-123
-87
41
233
399
504
571
650
715
756
838
943
990
951
888
869
858
785
641
481
345
209
65
-61
-172
-296
-434
-546
-579
-568
-555
-550
-518
-454
-411
-367
-295
-161
9
135
208
284
404
511
577
614
645
645
589
514
449
394
316
218
116
8
-93
-178
-217
-194
-192
-274
-407
-492
-472
-404
-368
-402
-460
-467
-416
-347
-295
-246
-165
-87
-39
2
78
190
291
369
416
432
421
392
388
394
382
322
199
69
-48
-124
-172
-228
-303
-403
-497
-540
-516
-474
-475
-532
-580
-547
-454
-375
-334
-310
-249
-114
37
170
254
317
380
466
570
635
630
576
531
527
535
477
359
253
190
146
115
97
62
-5
-102
-165
-151
-120
-117
-157
-213
-219
-160
-85
-53
-43
-19
64
139
144
101
47
31
61
106
116
71
-11
-57
-24
51
91
38
-86
-198
-250
-269
-285
-314
-368
-446
-507
-514
-461
-396
-363
-349
-280
-175
-104
-84
-61
26
132
170
140
134
192
259
273
262
250
218
170
136
165
222
230
165
81
34
12
6
16
16
-38
-135
-204
-186
-111
-51
-23
0
8
-2
-8
29
118
174
137
28
-32
13
97
148
116
34
-28
-70
-84
-49
-18
-64
-175
-276
-301
-243
-197
-228
-286
-320
-285
-205
-141
-108
-91
-57
-15
35
83
108
125
123
137
180
220
264
276
245
205
202
251
280
243
136
30
-18
-30
-43
-101
-180
-229
-237
-220
-204
-183
-167
-181
-204
-228
-184
-92
-44
-56
-97
-106
-55
58
159
218
227
166
91
74
137
204
194
113
30
-19
-17
33
101
136
104
23
-58
-71
4
116
181
151
77
49
90
200
285
263
164
76
72
151
230
266
261
216
125
52
91
171
183
78
-84
-209
-262
-238
-224
-257
-391
-535
-549
-448
-341
-328
-412
-495
-435
-266
-108
-57
-99
-169
-185
-113
-13
32
-64
-194
-189
2
215
292
224
107
88
168
308
383
330
224
140
141
180
190
95
-59
-145
-128
-58
-52
-99
-173
-202
-144
4
162
205
141
104
160
276
332
255
108
-14
-32
-2
23
-3
-74
-158
-200
-182
-131
-92
-99
-111
-79
-35
-2
0
-46
-79
-97
-117
-162
-234
-286
-288
-219
-114
-13
64
134
243
370
525
653
727
740
690
625
555
537
493
357
215
101
91
98
52
-17
-77
-71
-36
13
19
-5
-32
-76
-127
-200
-288
-370
-421
-434
-409
-375
-331
-296
-267
-252
-223
-96
53
181
245
289
329
344
345
312
244
132
75
45
-15
-173
-352
-423
-423
-375
-341
-301
-244
-196
-144
-141
-154
-149
-105
-71
-99
-75
-1
77
91
55
48
64
54
-1
-113
-108
286
1009
1442
1055
185
-511
-520
31
713
1050
664
-275
-1159
-1488
-1223
-646
-88
121
-30
-308
-552
-685
-702
-472
-92
216
440
624
641
287
-237
-492
-289
220
727
991
862
433
40
-147
-142
4
254
451
467
348
195
-1
-355
-693
-767
-490
-71
162
34
-379
-808
-983
-815
-481
-138
125
311
342
258
140
85
88
114
245
460
609
584
361
25
-286
-403
-280
-81
70
127
143
-17
-313
-513
-511
-417
-345
-266
-153
-108
-198
-331
-447
-475
-388
-173
31
174
274
327
285
188
130
212
352
463
525
477
342
159
6
-73
-64
0
55
50
-26
-139
-249
-382
-432
-409
-306
-197
-95
26
151
188
112
29
59
206
339
433
420
363
301
271
320
350
400
503
548
517
365
218
100
25
-5
-36
-92
-181
-229
-266
-364
-475
-551
-559
-491
-391
-216
-117
-144
-204
-258
-176
-49
111
227
219
221
236
323
412
438
437
360
296
280
254
192
52
-62
-136
-158
-152
-94
-7
10
-49
-174
-279
-323
-314
-271
-214
-177
-141
-159
-204
-221
-180
-64
76
203
301
311
205
58
-25
28
132
205
221
160
76
2
-87
-150
-205
-209
-175
-179
-195
-243
-291
-344
-360
-313
-216
-120
-62
-16
-8
-17
-3
34
125
185
206
210
214
263
285
264
221
185
206
281
352
369
244
48
-97
-146
-123
-127
-155
-208
-260
-307
-331
-322
-317
-307
-323
-307
-248
-189
-149
-193
-199
-100
59
181
221
214
209
219
216
226
194
146
94
92
155
216
235
186
101
61
104
204
266
232
144
34
-46
-54
-32
-38
-105
-182
-168
-83
14
58
58
17
0
55
111
99
-19
-147
-194
-178
-76
20
49
15
-33
8
64
94
74
-5
-94
-152
-129
-74
-73
-71
-31
36
80
99
136
166
156
159
156
125
36
-46
-88
-73
18
122
186
129
26
-41
-35
27
89
101
33
-101
-198
-230
-205
-179
-164
-144
-126
-73
3
51
44
10
-26
-59
-104
-128
-107
-63
-41
-54
-116
-184
-198
-135
-15
66
69
21
-74
-194
-273
-250
-136
-12
67
84
16
-94
-151
-96
51
195
279
265
161
74
42
79
142
201
262
227
122
28
11
31
15
-44
-100
-134
-121
-71
-27
-67
-179
-288
-346
-304
-216
-131
-127
-172
-177
-144
-112
-111
-88
3
96
175
205
195
156
110
130
210
329
423
467
429
350
243
152
121
146
202
203
111
-30
-143
-230
-281
-262
-177
-99
-84
-116
-146
-173
-190
-191
-147
-81
-26
9
-4
-26
-34
-15
32
103
189
279
299
257
206
154
131
102
102
114
112
94
59
21
-32
-82
-115
-109
-81
-73
-101
-166
-225
-239
-213
-161
-106
-45
-2
24
38
55
69
69
65
78
111
117
106
65
39
29
35
60
57
29
0
-21
-46
-78
-127
-211
-303
-353
-327
-267
-230
-240
-285
-328
-324
-241
-137
-55
-35
-59
-68
-37
53
134
185
192
213
267
301
329
320
302
259
206
161
117
88
76
88
90
72
23
-46
-86
-84
-61
-65
-107
-178
-245
-305
-334
-317
-275
-218
-176
-154
-130
-90
-39
-14
-32
-65
-55
-4
52
92
81
49
26
54
128
227
272
241
172
108
88
69
43
6
-1
18
46
81
101
108
85
42
32
47
76
71
11
-68
-134
-166
-162
-96
-9
75
116
122
100
66
46
44
49
34
7
-38
-61
-54
-34
-23
-11
29
100
159
169
121
36
-54
-101
-75
-20
12
-17
-72
-85
-35
48
109
109
76
31
-6
-15
-8
8
-18
-62
-89
-40
62
144
185
165
133
115
131
167
177
119
7
-85
-87
-20
56
56
5
-32
-39
-12
2
-10
-37
-97
-179
-246
-267
-239
-213
-200
-202
-195
-162
-104
-51
-40
-55
-77
-75
-40
13
39
28
5
12
69
138
184
197
187
172
155
136
111
80
36
-1
-25
-50
-55
-59
-67
-77
-99
-108
-118
-122
-120
-120
-127
-141
-154
-157
-144
-113
-69
-13
47
83
86
50
7
4
44
95
102
64
6
-31
-30
-8
11
2
-6
8
18
2
-51
-107
-138
-137
-109
-68
-46
-55
-79
-95
-67
-2
73
110
96
76
76
106
124
138
148
144
137
144
175
200
186
141
104
80
58
35
5
-16
-29
-50
-74
-82
-76
-73
-81
-86
-59
-20
-7
-35
-71
-70
-44
-6
28
74
108
109
95
77
94
125
150
153
142
121
90
54
22
16
7
-8
-19
-19
-12
-34
-74
-103
-98
-75
-57
-43
-37
-25
-19
-10
-5
-1
17
47
94
132
145
115
56
21
29
58
81
77
56
17
-34
-76
-100
-103
-87
-77
-79
-107
-157
-205
-234
-229
-209
-176
-141
-109
-94
-98
-109
-93
-26
63
130
144
118
100
101
119
136
130
111
90
78
79
68
24
-36
-90
-103
-83
-74
-94
-152
-206
-235
-234
-216
-184
-146
-112
-82
-68
-59
-48
-34
-8
26
59
87
106
114
116
115
114
119
133
159
174
161
105
32
-27
-61
-73
-83
-83
-89
-103
-133
-163
-174
-158
-122
-81
-49
-31
-20
-14
-11
-3
23
63
113
170
236
272
267
225
189
191
223
256
259
215
137
61
4
-15
-8
13
19
-3
-56
-108
-140
-140
-122
-106
-99
-96
-78
-55
-35
-21
-3
38
98
155
188
185
165
149
149
159
165
157
141
124
109
90
60
34
12
-18
-63
-119
-168
-184
-176
-165
-178
-206
-220
-205
-163
-109
-65
-44
-41
-41
-23
4
37
72
111
141
155
151
142
143
163
188
186
146
92
49
20
-2
-36
-73
-106
-129
-136
-144
-163
-184
-192
-183
-171
-164
-162
-161
-153
-133
-97
-58
-19
6
29
53
78
100
118
131
131
119
89
57
34
21
12
-5
-21
-40
-67
-98
-122
-127
-127
-133
-149
-163
-164
-155
-141
-134
-118
-89
-51
-12
24
58
80
86
91
108
133
158
170
169
154
128
98
82
80
78
54
9
-41
-86
-122
-155
-184
-206
-215
-215
-205
-193
-179
-172
-163
-144
-107
-64
-33
-10
15
40
67
98
127
162
183
188
180
171
166
168
163
142
102
59
37
31
28
8
-34
-83
-111
-115
-103
-93
-87
-83
-82
-81
-73
-46
-3
46
79
95
111
136
167
190
192
187
184
190
194
190
162
119
78
54
45
33
7
-32
-68
-100
-125
-143
-154
-156
-150
-142
-141
-134
-115
-85
-58
-40
-24
-1
36
81
115
135
137
132
136
157
185
189
167
129
100
82
66
36
0
-35
-58
-82
-106
-132
-151
-163
-169
-177
-185
-173
-146
-113
-87
-75
-75
-68
-40
9
57
85
88
83
83
87
88
78
71
69
67
53
25
-13
-51
-81
-91
-92
-91
-108
-137
-170
-196
-209
-210
-191
-157
-120
-102
-99
-97
-76
-35
18
61
90
102
107
116
128
139
137
135
138
140
128
105
72
44
19
-5
-36
-62
-75
-81
-89
-106
-123
-134
-133
-124
-105
-87
-66
-51
-38
-22
-10
5
22
50
84
114
127
131
130
130
128
124
122
128
127
109
73
22
-23
-46
-43
-30
-30
-51
-82
-108
-105
-87
-69
-54
-38
-18
0
14
20
28
48
82
115
138
143
142
139
139
131
121
116
117
118
103
69
27
0
-6
-5
-10
-32
-61
-82
-93
-96
-97
-99
-99
-95
-89
-79
-68
-53
-33
-12
10
24
34
40
52
61
69
70
69
73
76
78
68
47
27
16
11
3
-16
-40
-63
-75
-77
-77
-79
-81
-81
-71
-58
-51
-42
-38
-31
-21
-10
1
14
28
36
33
22
14
15
22
25
20
5
-15
-35
-48
-58
-61
-68
-75
-87
-99
-110
-117
-115
-109
-99
-88
-78
-68
-60
-58
-56
-49
-35
-13
13
35
47
44
33
23
22
30
42
48
45
37
26
13
3
0
4
15
25
21
11
-2
-8
-6
-4
-3
1
6
11
11
3
-2
-3
6
18
22
22
15
3
-6
-17
-23
-26
-29
-31
-28
-29
-38
-48
-58
-62
-57
-48
-34
-22
-14
-8
-8
-11
-5
10
31
54
74
84
86
83
83
92
111
130
147
148
137
114
91
69
56
53
50
45
36
33
27
26
28
36
51
61
63
60
53
47
46
45
38
33
35
41
48
41
30
13
2
-2
-4
-9
-17
-24
-36
-53
-67
-76
-82
-82
-77
-72
-71
-74
-76
-75
-67
-48
-28
-12
2
10
16
18
15
14
15
22
28
25
12
-6
-20
-26
-30
-37
-44
-55
-65
-70
-80
-91
-98
-105
-105
-102
-94
-85
-75
-68
-63
-56
-43
-21
3
30
49
57
59
57
60
64
73
76
74
69
60
49
43
37
28
20
11
6
0
-12
-24
-41
-53
-56
-54
-47
-38
-26
-13
-2
5
15
23
30
36
38
40
40
38
31
19
8
-3
-10
-20
-28
-41
-59
-77
-94
-103
-104
-99
-95
-94
-95
-97
-88
-74
-50
-28
-12
4
19
37
55
76
96
116
133
146
158
169
179
189
193
186
173
160
145
134
121
105
84
60
39
22
13
6
2
-1
-6
-12
-17
-17
-17
-14
-10
-3
1
3
7
12
19
25
32
36
38
38
35
33
29
22
14
1
-8
-15
-21
-27
-29
-35
-40
-46
-55
-54
-54
-52
-49
-46
-45
-45
-38
-25
-9
8
22
33
40
42
41
40
36
33
29
20
8
-6
-20
-36
-51
-65
-83
-100
-113
-124
-130
-133
-138
-145
-151
-152
-147
-138
-127
-118
-111
-102
-93
-73
-53
-31
-13
3
17
24
32
41
49
59
64
65
61
53
45
40
31
19
3
-15
-30
-42
-51
-59
-63
-64
-69
-71
-74
-76
-71
-62
-53
-46
-41
-39
-37
-34
-28
-22
-18
-15
-11
-12
-16
-17
-16
-15
-19
-30
-40
-53
-65
-72
-74
-78
-81
-88
-92
-92
-88
-80
-69
-58
-44
-30
-18
-10
2
15
27
44
54
61
72
79
87
93
96
93
88
83
77
70
59
48
34
21
7
-2
-10
-17
-22
-31
-38
-48
-51
-49
-43
-38
-32
-21
-7
14
35
56
75
91
111
129
147
161
176
185
194
202
201
201
199
195
191
183
171
158
148
137
127
120
114
105
95
90
85
86
90
99
109
113
116
116
121
124
128
132
132
131
127
115
101
85
71
60
51
37
23
8
-11
-34
-53
-70
-87
-105
-121
-135
-142
-146
-149
-156
-160
-162
-163
-159
-154
-147
-142
-133
-132
-130
-128
-126
-121
-112
-105
-100
-98
-101
-110
-122
-133
-146
-158
-172
-186
-203
-214
-223
-233
-244
-249
-251
-247
-239
-231
-221
-212
-204
-193
-180
-161
-140
-116
-93
-73
-49
-26
-5
15
33
42
52
62
73
79
85
90
89
87
90
90
87
87
84
81
81
83
84
90
94
98
108
116
124
134
144
153
160
176
189
199
210
219
224
231
232
228
219
210
200
193
185
172
158
147
136
124
113
100
92
84
79
68
65
60
57
55
52
51
52
59
61
62
66
70
70
66
63
58
53
51
45
42
33
22
4
-14
-30
-47
-65
-87
-110
-130
-151
-168
-183
-197
-212
-220
-226
-225
-226
-225
-225
-225
-223
-217
-208
-198
-182
-173
-162
-155
-146
-142
-138
-139
-139
-136
-135
-134
-137
-141
-148
-154
-155
-160
-162
-162
-162
-160
-158
-149
-148
-142
-132
-121
-105
-84
-65
-47
-24
-7
7
25
40
53
64
74
81
87
92
93
93
93
96
99
107
111
116
115
116
117
117
121
121
127
133
138
142
146
150
155
159
164
173
187
196
202
209
214
217
218
216
217
212
206
198
190
176
159
138
119
103
83
66
49
35
17
5
-8
-19
-29
-38
-47
-49
-46
-45
-45
-42
-40
-34
-31
-27
-27
-26
-28
-34
-33
-34
-36
-42
-50
-59
-69
-77
-85
-100
-114
-126
-137
-149
-152
-158
-161
-159
-162
-162
-159
-154
-149
-142
-132
-118
-101
-87
-76
-63
-57
-49
-46
-42
-38
-36
-39
-35
-32
-30
-35
-37
-36
-39
-41
-44
-43
-45
-45
-44
-41
-37
-34
-31
-21
-9
4
13
24
33
44
56
69
79
89
99
108
114
120
123
123
124
123
124
118
111
103
94
86
76
63
56
49
39
30
29
28
27
30
28
25
27
27
32
40
49
57
63
72
74
78
82
84
80
78
73
65
59
54
45
37
29
17
7
0
-9
-21
-32
-40
-50
-57
-63
-65
-64
-67
-65
-60
-52
-45
-39
-36
-30
-26
-28
-29
-28
-35
-41
-52
-62
-71
-82
-92
-98
-104
-113
-124
-131
-137
-141
-145
-151
-150
-149
-143
-137
-126
-115
-102
-88
-73
-57
-40
-26
-11
4
12
20
23
30
34
33
36
39
38
36
35
28
22
19
11
4
0
-2
-4
-6
-5
-4
1
