1
1
1
-1
-1
0
1
0
1
2
-1
-1
0
-1
-3
0
2
2
2
5
3
1
-2
-3
1
2
1
1
2
2
-1
1
1
5
5
4
3
2
1
0
1
2
1
2
0
-1
-3
-2
-4
-4
-4
-2
0
0
-2
-2
-1
-2
-4
-4
-1
-1
-2
-3
-1
1
1
1
-2
0
-2
-4
0
1
-1
2
-1
-3
1
-2
-1
3
1
1
2
1
2
2
2
1
1
2
0
-2
2
1
-1
2
2
-1
1
5
4
0
4
5
4
3
3
-2
-1
5
3
1
1
2
1
-1
0
0
0
0
2
1
0
1
-2
0
1
1
-2
-4
-5
-3
-2
-1
2
2
2
3
1
4
1
1
3
0
1
0
0
-1
-2
2
2
0
2
0
-1
1
-1
2
0
1
3
-1
4
0
2
3
0
4
1
3
3
0
0
-1
1
-3
-2
-3
-2
-1
-2
3
-1
1
1
-5
0
0
0
-2
-1
7
0
1
3
1
0
1
6
5
4
0
0
-1
-1
-3
-5
-3
-4
-1
2
2
-2
-2
0
0
-1
-2
-1
2
0
0
0
1
4
3
2
0
-1
0
1
1
-1
0
0
2
2
1
2
2
0
0
0
1
1
0
0
1
1
2
2
2
1
5
4
2
0
-1
1
1
0
2
2
2
0
-3
-2
-1
0
0
2
2
1
2
1
1
0
1
0
1
1
1
1
0
-1
-1
0
-1
-2
-1
0
0
-1
-3
-2
-2
-3
-3
-2
0
0
1
2
2
2
2
3
1
1
1
-1
1
2
0
0
-1
-5
-3
-1
-2
-1
0
-1
0
0
0
2
3
2
0
1
0
1
1
1
0
0
-3
1
-1
-5
-2
3
1
-1
-3
-2
2
-1
0
0
2
1
0
-2
-3
-2
-2
1
2
0
0
-1
-1
-3
0
2
3
3
2
1
-1
0
5
3
4
3
0
2
2
-1
0
1
0
2
1
-1
-1
-3
-2
1
1
-1
-1
1
1
-1
-1
0
1
0
-2
-1
0
-1
0
0
-2
-2
-1
1
0
0
2
2
0
0
0
-3
-5
-4
-2
0
-1
-2
-3
-1
-1
0
-1
0
1
0
-1
-3
-3
0
1
0
-2
-2
-3
-2
-3
-3
-2
-1
0
1
0
1
-2
-1
0
2
2
0
1
3
1
-1
0
1
2
4
2
3
3
0
3
5
2
1
0
0
1
-1
0
0
3
4
4
3
3
2
3
2
2
0
-1
0
-1
1
-2
-2
4
0
-1
1
-1
0
-3
-2
-2
-2
0
1
0
-1
-2
3
2
-2
-2
-1
1
1
0
1
2
-1
-3
-1
-1
-1
-1
-1
1
2
2
1
-1
-1
-3
-2
1
2
0
0
0
1
0
3
2
0
0
0
0
-1
1
1
4
0
-2
-5
0
-1
-3
-1
1
0
1
0
-1
0
0
2
3
2
0
0
1
3
0
0
-1
1
1
-4
-1
2
1
1
1
-1
0
0
-3
0
0
-2
4
2
2
1
0
0
-1
1
-1
0
2
-1
-6
-3
0
-1
1
-1
-3
1
5
3
-1
2
1
2
3
-1
-3
2
-1
2
5
-1
-1
3
1
-1
0
1
2
2
1
-1
-1
-1
2
4
3
2
1
0
1
2
0
2
1
-1
-2
-4
-1
4
-4
-3
3
-3
-4
-2
-4
-3
1
0
-2
-1
-1
0
-1
-2
-2
-2
1
1
-1
0
1
2
3
2
0
1
3
2
1
1
1
1
2
-1
0
2
0
0
0
2
4
3
2
-1
0
2
2
1
0
1
2
1
0
0
-1
2
-1
-1
2
1
0
3
-1
0
2
-2
-1
1
-5
-4
0
1
0
0
-1
0
0
2
1
1
2
1
-1
-1
0
0
-1
-2
-1
-1
-1
-1
-2
-2
-1
1
0
-1
0
2
3
1
0
1
3
2
1
0
0
-1
0
0
1
0
0
0
0
0
3
2
2
4
2
3
2
-1
1
1
1
2
-3
-3
2
3
4
4
-1
1
1
0
-1
-2
0
1
2
2
1
0
2
2
2
1
3
5
2
1
0
1
2
2
1
1
3
3
2
2
1
-1
2
1
2
2
0
3
5
4
1
0
1
3
3
1
1
1
4
4
1
0
-1
-1
1
2
2
0
-1
2
0
-2
-3
-1
0
0
-1
-1
-1
-2
-1
1
3
1
0
1
1
0
0
2
0
-2
-1
-1
-2
-2
0
-3
-3
-2
-1
0
-1
-1
0
0
0
-1
0
-1
0
0
0
0
0
-1
0
0
1
1
0
5
2
0
4
1
-2
2
-1
0
3
-3
-5
-3
-2
0
-2
-3
-3
-2
-2
-2
-4
-5
-5
-2
-1
0
-1
-2
2
1
-1
2
1
-1
7
3
0
5
4
2
2
2
3
4
3
5
4
4
4
4
3
1
1
0
0
-2
-1
-2
0
1
2
3
1
1
1
3
3
3
1
0
-1
1
2
1
1
1
0
2
0
0
0
-1
0
-1
0
1
0
4
0
0
-1
-2
-2
-3
-1
-1
-4
-1
-3
-1
2
0
2
1
-1
1
1
0
2
0
-1
0
-2
-1
1
-1
0
3
2
2
1
3
2
0
1
1
0
2
7
4
-3
1
4
3
-2
3
5
1
-2
0
1
-1
-2
0
0
0
0
0
1
3
2
0
1
0
-3
-5
-1
-1
-4
-2
0
-1
-2
0
1
-1
-1
-1
-2
-3
-3
-2
-1
-2
-1
1
0
-1
-1
0
-1
0
-1
0
2
2
0
0
3
3
0
1
2
1
0
-1
-1
-5
-2
1
0
1
1
0
1
-1
0
1
4
4
1
1
4
2
2
0
1
0
-2
2
1
-1
1
0
2
-1
0
2
0
0
-1
4
2
-3
-3
-3
-1
-3
0
1
2
-2
-1
-1
2
0
1
3
4
3
2
1
1
1
0
1
1
1
1
2
2
1
1
0
0
2
1
3
-1
0
-1
-1
1
0
1
-2
0
-2
0
-1
1
-1
-1
-3
-3
-2
1
3
4
3
3
0
0
0
-1
-1
0
-2
-1
-4
0
2
-1
1
4
0
0
3
2
0
0
0
2
2
3
1
-3
-2
0
2
-1
-3
-4
-5
-4
-3
-3
-5
-5
-3
-4
-2
-1
-1
-4
0
-1
-3
0
-3
-5
-1
-3
-2
1
-1
-1
1
-1
0
-1
-3
-4
-2
0
1
2
2
-1
3
3
-1
4
1
-1
4
1
2
3
-1
0
5
3
1
1
3
4
1
-1
1
2
3
2
2
3
2
0
1
0
0
0
0
1
3
2
2
2
2
2
-2
-2
0
-3
-4
1
1
-4
-1
1
-2
-3
-1
-3
-3
1
2
0
2
2
2
2
4
2
2
3
3
3
3
1
2
2
4
4
4
2
0
0
1
2
2
1
0
2
2
1
2
3
3
4
4
1
-1
5
2
-4
2
3
-1
0
0
-1
0
-2
-2
1
-2
-2
2
1
-3
-4
-3
-2
-3
-4
-4
-4
-4
-4
-2
0
0
-1
-1
-2
-1
1
0
-1
-5
-3
-1
0
1
0
2
2
2
3
2
1
0
-1
0
1
1
1
1
0
-1
-2
1
1
1
-1
-1
0
0
1
2
1
1
2
2
1
0
0
0
1
2
1
0
-1
0
-1
1
1
0
0
-1
0
1
2
2
1
1
-1
0
0
0
1
3
4
3
1
2
4
3
4
1
1
1
2
2
3
1
4
7
4
1
1
5
3
2
2
3
1
1
3
4
3
2
1
2
1
1
1
1
2
-1
-4
-1
1
0
2
-3
-3
1
0
-1
0
-2
-1
0
-2
-1
2
2
1
2
2
-1
-3
-2
-1
1
1
-2
-3
-2
-2
-4
-4
-2
-1
-1
-1
1
1
2
1
1
0
-2
-2
1
0
-1
-2
1
2
1
0
0
1
1
0
1
1
2
2
1
0
-1
-2
-2
-1
-2
0
1
0
0
-3
-2
0
1
4
0
1
-3
-2
1
-1
-1
-3
-1
-1
-1
-1
1
2
4
6
3
1
-1
0
1
1
0
-4
-5
-4
-3
-2
-1
-2
-3
-2
-2
-2
-1
2
2
1
3
4
3
2
5
5
3
5
7
3
2
5
4
0
0
3
2
-1
1
1
0
4
4
2
0
2
4
3
-2
-3
-4
0
-3
-3
-3
0
4
6
6
6
6
7
6
5
5
4
4
3
3
0
-4
-8
-8
-6
-6
-8
-13
-15
-17
-15
-13
-12
-9
-3
2
4
2
-1
1
3
5
2
1
-1
0
1
3
3
3
4
7
9
7
3
0
-3
-3
-2
-3
-4
-6
-7
-5
-3
0
1
2
2
1
3
5
6
6
4
0
-4
-5
-3
0
5
8
9
8
6
5
5
4
4
1
1
1
1
-2
-3
-3
-3
-3
-4
-4
-3
-1
-1
0
0
1
6
10
10
8
5
6
7
7
4
0
-2
-2
1
3
6
5
2
4
4
6
1
-3
-5
-9
-15
-18
-17
-15
-14
-14
-13
-11
-8
-7
-7
-4
0
7
10
16
18
16
14
13
13
14
12
10
8
4
-4
-9
-15
-13
-8
-7
-6
-8
-10
-10
-6
-1
3
5
8
6
1
1
-4
-3
1
-4
1
5
-1
2
4
-1
5
-1
-6
3
-7
-17
-7
-8
-18
-13
-6
-12
-15
-3
3
-3
4
16
16
18
30
38
31
36
43
33
28
34
29
31
38
26
18
18
3
-4
-8
-37
-55
-58
-60
-31
7
28
41
27
-12
-55
-100
-152
-220
-286
-359
-472
-568
-604
-596
-465
-175
158
424
593
706
787
833
840
754
586
434
320
237
158
48
-31
-61
-90
-110
-127
-164
-237
-309
-333
-358
-398
-409
-421
-414
-365
-324
-287
-249
-212
-172
-142
-82
-16
27
86
111
124
166
174
205
267
249
239
254
209
178
167
115
75
84
112
108
103
141
143
94
76
47
-25
-49
-28
-60
-108
-71
-46
-105
-132
-76
-49
-78
-97
-110
-156
-178
-127
-82
-96
-115
-121
-112
-96
-63
-27
-5
15
31
22
35
68
38
16
-72
-206
-357
-590
-684
-644
-480
-113
277
495
551
668
801
858
914
933
790
536
379
261
75
-45
-58
-131
-262
-307
-319
-418
-545
-600
-615
-617
-591
-543
-499
-446
-349
-220
-115
-43
15
71
127
193
268
330
357
349
312
283
274
269
280
242
95
-97
-276
-413
-460
-380
-147
98
167
154
189
239
355
507
495
360
268
180
65
13
15
-4
-55
-107
-153
-198
-259
-355
-457
-495
-463
-405
-340
-277
-214
-136
-36
69
120
97
46
11
18
58
114
167
199
223
266
324
374
353
268
209
147
54
15
-3
-69
-110
-101
-98
-99
-67
-35
-37
-53
-61
-78
-95
-94
-96
-77
-38
-31
-37
-29
-51
-79
-52
-8
-14
-60
-93
-92
-83
-49
-4
12
16
13
4
3
-19
-35
-5
15
0
21
76
89
69
112
177
192
198
182
127
85
39
-7
-43
-94
-135
-143
-127
-100
-94
-76
-54
-77
-91
-76
-59
-15
24
40
67
88
76
50
15
-24
-37
-31
-30
-30
5
36
49
74
95
93
76
55
32
20
26
13
-14
-28
-42
-62
-69
-60
-42
-20
-16
-12
7
30
37
21
11
0
-12
-1
2
2
10
13
15
12
-5
-27
-40
-24
-7
-3
2
3
7
10
0
-22
-33
-33
-31
-28
-14
16
43
62
57
41
33
42
41
7
-25
-45
-45
-34
-12
20
21
9
4
23
41
32
22
20
26
29
18
-4
-35
-55
-50
-36
-43
-49
-41
-33
-31
-41
-41
-26
-8
7
1
6
25
35
33
28
9
-11
-13
-2
6
0
4
14
25
41
42
41
40
37
35
26
13
-11
-16
9
23
9
-20
-30
-30
-27
-22
-13
-4
-3
-7
-11
-14
-20
-29
-28
-17
-15
-20
-19
-18
-18
-3
13
14
9
11
3
-9
-9
-1
-6
-8
0
-1
-13
-12
1
5
0
3
3
-7
-9
3
15
27
38
51
65
75
70
55
38
24
5
-19
-41
-50
-42
-32
-29
-35
-30
-17
-5
-6
-12
-5
4
-1
-17
-22
-23
-28
-27
-21
-20
-20
-7
8
17
18
26
44
50
37
26
29
26
12
5
6
2
-2
0
-2
-3
5
15
26
29
23
15
7
-14
-36
-37
-26
-14
0
10
16
21
22
11
-1
-6
-8
-10
-9
-11
-13
3
19
24
25
27
19
-7
-34
-53
-63
-61
-51
-42
-37
-30
-17
-4
15
33
36
26
17
12
1
-6
-5
0
6
14
24
32
40
45
46
42
30
14
1
-12
-30
-40
-36
-28
-23
-18
-9
-2
-1
0
3
4
5
7
5
1
-2
-7
-8
-5
-1
-2
-8
-13
-15
-11
-5
-6
-10
-9
-8
-9
-11
-14
-20
-24
-20
-11
-4
2
8
9
7
9
17
28
33
26
19
17
16
13
16
17
15
15
17
12
1
-5
-7
-6
-4
-3
-3
-1
2
4
13
13
5
0
-3
-18
-36
-45
-46
-47
-37
-23
-9
4
16
18
17
19
20
23
22
18
14
15
17
20
19
15
11
9
6
-1
-10
-15
-13
-11
-10
-16
-18
-18
-15
-10
-8
-7
-5
-3
3
5
5
2
1
5
12
22
29
30
26
19
12
7
5
8
12
11
10
14
19
21
14
5
-4
-15
-28
-40
-50
-55
-57
-54
-47
-40
-29
-12
5
12
9
7
8
11
12
15
19
20
17
17
19
20
16
11
9
7
4
4
6
5
-1
-5
-5
-3
-4
-9
-14
-15
-10
-2
8
15
17
16
13
15
15
9
-2
-10
-14
-13
-11
-13
-14
-14
-14
-12
-10
-6
-6
-7
-9
-12
-13
-13
-12
-9
-5
-1
2
4
4
4
5
10
16
19
19
16
13
12
15
18
18
16
10
4
-3
-5
-7
-7
-5
0
5
10
10
3
-6
-14
-19
-23
-26
-31
-36
-39
-37
-30
-21
-13
-2
8
16
22
23
22
23
24
29
31
30
21
11
4
3
5
7
5
2
0
-2
-5
-9
-14
-16
-15
-13
-13
-17
-22
-24
-24
-16
-6
2
9
14
20
24
27
28
23
18
11
2
-7
-17
-25
-29
-28
-22
-16
-11
-9
-8
-10
-11
-12
-13
-11
-9
-6
-5
-6
-7
-8
-5
-1
3
4
4
-1
-5
-7
-9
-9
-10
-10
-12
-13
-13
-15
-14
-15
-14
-9
-3
5
10
12
12
14
18
22
25
23
15
6
1
0
1
1
-1
-3
-3
2
9
14
13
13
14
15
19
20
20
18
14
10
5
4
4
2
2
1
0
-1
2
4
8
12
14
15
16
17
18
19
22
26
29
31
30
27
23
19
16
18
20
27
31
34
35
35
35
35
33
28
19
8
-3
-15
-25
-30
-33
-30
-26
-23
-22
-23
-23
-23
-24
-28
-33
-36
-36
-35
-30
-26
-19
-9
4
16
20
21
20
18
12
4
-9
-17
-23
-27
-35
-45
-50
-52
-50
-52
-52
-48
-41
-35
-32
-31
-28
-26
-27
-24
-19
-15
-13
-10
-7
-5
-4
-2
-3
-11
-23
-35
-42
-50
-60
-68
-74
-80
-86
-87
-79
-72
-69
-65
-55
-39
-26
-20
-16
-10
-5
-3
-4
-5
-1
1
4
8
15
22
26
33
42
51
58
65
75
83
87
90
96
102
107
111
120
130
141
154
165
176
185
194
196
189
173
157
146
137
129
123
118
113
112
115
123
130
138
147
158
163
166
170
172
171
164
158
160
161
152
137
124
117
108
91
70
49
32
13
-18
-47
-75
-107
-134
-159
-186
-209
-242
-272
-298
-331
-356
-363
-368
-370
-370
-374
-394
-420
-432
-449
-482
-514
-558
-617
-671
-732
-793
-848
-896
-932
-979
-1027
-1064
-1105
-1127
-1149
-1155
-1141
-1126
-1073
-1010
-932
-824
-701
-542
-357
-171
27
215
402
589
747
904
1043
1140
1232
1295
1337
1363
1365
1373
1359
1332
1310
1270
1224
1164
1093
1028
962
904
856
817
782
758
755
760
777
796
825
864
903
946
968
1004
1033
1039
1042
1031
1017
975
900
806
693
582
474
365
253
144
43
-42
-107
-165
-224
-281
-321
-363
-411
-467
-526
-592
-674
-752
-812
-874
-936
-1002
-1089
-1184
-1304
-1479
-1699
-1972
-2313
-2695
-3092
-3476
-3811
-4084
-4274
-4334
-4250
-4022
-3646
-3144
-2556
-1905
-1236
-587
24
571
1033
1394
1651
1831
1967
2054
2137
2231
2315
2396
2455
2477
2484
2436
2311
2095
1795
1445
1041
601
190
-204
-565
-824
-981
-1050
-1019
-903
-725
-510
-271
-21
210
392
557
690
784
885
968
1054
1145
1241
1352
1443
1513
1554
1553
1479
1349
1185
1000
794
575
379
189
57
-9
-12
51
137
245
347
441
518
551
558
533
490
445
403
388
391
383
391
433
467
484
489
473
427
348
253
158
44
-85
-205
-292
-354
-379
-362
-324
-304
-311
-346
-431
-589
-822
-1134
-1549
-2072
-2668
-3298
-3922
-4488
-4943
-5258
-5430
-5445
-5279
-4905
-4336
-3639
-2886
-2116
-1347
-602
85
685
1192
1597
1900
2127
2332
2552
2774
2960
3095
3202
3297
3354
3323
3162
2864
2438
1919
1352
765
175
-396
-928
-1372
-1657
-1766
-1760
-1667
-1485
-1236
-950
-635
-315
-25
213
413
581
745
924
1124
1330
1541
1769
2017
2261
2463
2593
2644
2587
2407
2141
1824
1450
1021
584
188
-149
-405
-565
-638
-629
-534
-383
-226
-71
86
210
272
295
303
284
250
238
241
260
317
415
519
616
723
816
848
829
794
727
604
453
307
161
15
-97
-171
-234
-287
-334
-415
-550
-721
-939
-1265
-1738
-2334
-3008
-3714
-4383
-4943
-5366
-5666
-5833
-5800
-5505
-4951
-4212
-3385
-2528
-1666
-812
6
739
1343
1797
2100
2282
2411
2562
2736
2872
2926
2949
3012
3105
3119
2990
2742
2364
1837
1233
635
15
-658
-1332
-1920
-2332
-2525
-2545
-2473
-2312
-2013
-1620
-1193
-741
-268
146
439
668
915
1168
1378
1536
1668
1795
1966
2195
2406
2547
2626
2635
2541
2356
2128
1845
1468
1015
565
183
-126
-388
-595
-713
-731
-665
-521
-331
-144
20
164
274
337
397
462
478
457
491
584
662
726
831
931
971
1016
1106
1162
1117
1033
955
844
691
538
405
261
101
-26
-101
-153
-230
-363
-565
-809
-1072
-1387
-1830
-2431
-3138
-3858
-4541
-5148
-5603
-5851
-5950
-5976
-5827
-5338
-4547
-3657
-2793
-1941
-1074
-226
555
1231
1783
2194
2432
2537
2646
2857
3089
3178
3107
3047
3088
3108
2965
2681
2326
1857
1228
541
-65
-617
-1242
-1920
-2445
-2689
-2702
-2595
-2396
-2098
-1714
-1255
-744
-227
268
704
1018
1218
1429
1723
1988
2112
2165
2284
2485
2694
2859
2955
2955
2854
2656
2360
2020
1673
1254
722
207
-164
-450
-712
-863
-852
-771
-672
-501
-269
-63
95
220
294
347
428
491
483
475
544
626
670
766
945
1065
1095
1154
1218
1166
1045
947
804
575
368
220
63
-93
-190
-259
-349
-455
-588
-780
-1046
-1373
-1748
-2207
-2797
-3490
-4187
-4833
-5381
-5742
-5873
-5846
-5747
-5511
-4992
-4172
-3233
-2351
-1520
-682
121
828
1447
1978
2370
2589
2684
2796
3022
3274
3358
3252
3150
3147
3099
2860
2478
2014
1420
702
7
-587
-1149
-1745
-2296
-2668
-2804
-2730
-2519
-2266
-1997
-1640
-1157
-647
-199
210
558
781
969
1250
1576
1819
1986
2138
2296
2486
2694
2837
2856
2768
2601
2351
2022
1659
1276
842
372
-37
-319
-506
-632
-667
-617
-535
-409
-197
27
158
246
370
443
418
421
502
545
522
539
634
746
866
999
1090
1130
1166
1180
1121
1029
948
814
588
380
279
201
52
-113
-211
-285
-422
-630
-864
-1115
-1420
-1833
-2354
-2932
-3514
-4115
-4754
-5316
-5647
-5740
-5705
-5587
-5309
-4761
-3960
-3069
-2229
-1415
-576
200
826
1376
1911
2317
2493
2544
2657
2870
3076
3156
3102
3036
3042
3019
2812
2465
2092
1618
933
181
-431
-944
-1509
-2078
-2470
-2628
-2591
-2407
-2137
-1810
-1402
-924
-444
-3
422
805
1063
1208
1375
1625
1843
1949
2048
2224
2437
2604
2710
2737
2686
2551
2300
1968
1637
1275
819
357
17
-211
-385
-493
-514
-448
-300
-103
69
185
279
371
424
415
393
380
340
290
318
421
528
641
764
854
941
1059
1104
1008
898
840
708
463
246
126
25
-103
-211
-259
-293
-373
-529
-757
-1029
-1317
-1684
-2224
-2875
-3491
-4089
-4742
-5311
-5588
-5615
-5578
-5483
-5156
-4511
-3659
-2792
-1998
-1228
-435
316
930
1407
1801
2107
2265
2312
2406
2642
2882
2917
2781
2728
2806
2759
2423
1969
1541
1018
301
-419
-973
-1480
-2073
-2592
-2809
-2757
-2593
-2355
-2020
-1606
-1105
-536
10
473
892
1271
1547
1740
1966
2237
2444
2535
2589
2699
2846
2919
2840
2682
2524
2289
1896
1455
1091
732
277
-179
-482
-623
-702
-785
-800
-673
-468
-307
-185
-13
193
323
353
374
441
526
575
585
621
716
823
873
889
937
992
984
924
856
758
621
494
385
230
37
-88
-129
-192
-315
-402
-424
-483
-645
-862
-1076
-1303
-1602
-2009
-2500
-3004
-3496
-4025
-4573
-4973
-5113
-5116
-5122
-5035
-4663
-4007
-3242
-2502
-1773
-991
-200
480
1030
1532
1990
2292
2389
2415
2546
2759
2837
2693
2541
2551
2579
2419
2109
1792
1462
1008
447
-88
-537
-974
-1468
-1919
-2129
-2049
-1847
-1679
-1456
-1023
-455
46
462
900
1333
1637
1799
1942
2125
2283
2314
2243
2220
2336
2478
2479
2371
2272
2156
1927
1606
1251
851
385
-103
-539
-844
-1002
-1116
-1229
-1223
-1017
-710
-415
-141
102
284
438
586
677
701
711
690
606
572
695
843
864
867
991
1129
1160
1157
1136
997
785
602
403
147
-62
-208
-416
-643
-705
-632
-633
-760
-896
-1018
-1207
-1504
-1884
-2338
-2870
-3489
-4165
-4780
-5192
-5385
-5445
-5411
-5227
-4800
-4104
-3240
-2363
-1536
-730
34
690
1236
1712
2079
2265
2303
2321
2403
2544
2658
2655
2560
2505
2516
2452
2213
1860
1449
940
342
-240
-751
-1229
-1710
-2117
-2331
-2302
-2089
-1787
-1433
-1012
-536
-38
447
889
1247
1492
1644
1761
1885
1999
2065
2099
2145
2214
2275
2291
2263
2188
2030
1763
1423
1062
694
292
-128
-492
-717
-814
-864
-874
-787
-594
-354
-115
110
325
513
635
683
721
788
826
799
801
889
966
971
987
1065
1120
1112
1101
1073
945
744
579
444
244
-3
-196
-315
-426
-555
-649
-678
-718
-864
-1095
-1303
-1504
-1838
-2343
-2901
-3442
-4014
-4601
-5080
-5356
-5440
-5397
-5249
-4924
-4315
-3456
-2553
-1757
-1013
-206
576
1182
1619
1988
2277
2414
2422
2448
2599
2777
2778
2598
2490
2554
2544
2273
1881
1514
1072
476
-129
-641
-1143
-1669
-2101
-2312
-2276
-2094
-1858
-1551
-1114
-581
-42
488
974
1333
1582
1800
1996
2140
2233
2273
2255
2238
2281
2356
2396
2359
2231
2029
1795
1519
1181
819
450
22
-410
-668
-758
-850
-935
-866
-669
-455
-201
112
353
478
602
746
811
801
800
777
707
682
755
834
882
949
1008
1028
1077
1159
1122
923
731
621
458
210
9
-125
-286
-440
-518
-566
-634
-704
-851
-1142
-1435
-1660
-2034
-2688
-3404
-4009
-4608
-5243
-5718
-5894
-5884
-5816
-5611
-5097
-4236
-3226
-2318
-1533
-694
232
1019
1529
1904
2273
2533
2593
2589
2705
2909
3004
2884
2725
2759
2863
2706
2270
1819
1412
870
160
-523
-1060
-1558
-2124
-2569
-2653
-2475
-2265
-2002
-1592
-1085
-494
139
669
1068
1473
1834
2010
2107
2290
2479
2532
2486
2473
2544
2609
2550
2364
2180
2015
1740
1294
817
433
48
-430
-840
-1021
-1097
-1196
-1199
-1025
-776
-497
-187
55
209
415
637
679
601
625
701
644
541
584
697
725
753
881
1001
1042
1089
1117
999
808
704
612
374
82
-99
-208
-327
-432
-495
-549
-598
-663
-816
-1038
-1245
-1514
-2002
-2634
-3231
-3797
-4425
-5024
-5428
-5597
-5603
-5496
-5222
-4651
-3777
-2812
-1954
-1156
-284
597
1313
1834
2249
2585
2786
2811
2762
2859
3049
3104
2927
2771
2835
2834
2565
2112
1694
1285
669
-48
-671
-1178
-1727
-2308
-2666
-2707
-2563
-2375
-2112
-1701
-1160
-566
29
577
1023
1381
1692
1948
2129
2295
2448
2501
2471
2506
2609
2615
2483
2292
2131
1937
1647
1257
814
427
44
-357
-700
-922
-1053
-1235
-1378
-1326
-1116
-903
-727
-510
-261
12
343
630
755
845
1039
1185
1184
1200
1298
1284
1146
1101
1176
1204
1168
1146
1093
991
978
1034
936
658
460
412
290
38
-161
-257
-410
-680
-945
-1149
-1365
-1687
-2132
-2642
-3163
-3714
-4329
-4961
-5483
-5771
-5837
-5822
-5762
-5447
-4735
-3794
-2894
-2053
-1115
-102
764
1407
1977
2527
2871
2934
2915
2992
3126
3170
3036
2803
2663
2638
2519
2181
1760
1364
900
272
-415
-995
-1488
-2026
-2572
-2892
-2870
-2666
-2460
-2211
-1785
-1175
-526
65
599
1089
1496
1789
2011
2218
2392
2478
2474
2456
2492
2556
2560
2447
2288
2138
1915
1544
1135
804
441
-62
-518
-730
-822
-957
-1027
-922
-715
-447
-116
172
362
570
793
878
861
894
923
821
705
737
820
814
810
903
1010
1079
1174
1229
1122
959
891
790
510
198
24
-114
-306
-456
-508
-533
-586
-681
-835
-1032
-1251
-1565
-2082
-2741
-3380
-3997
-4700
-5381
-5793
-5915
-5933
-5857
-5512
-4831
-3917
-2933
-1996
-1105
-198
684
1385
1869
2252
2573
2737
2726
2724
2853
2997
2960
2795
2727
2790
2737
2443
2060
1675
1155
479
-200
-822
-1435
-2019
-2499
-2810
-2878
-2718
-2448
-2102
-1625
-1041
-430
175
751
1240
1617
1907
2135
2332
2512
2623
2630
2635
2710
2758
2710
2639
2543
2338
2053
1758
1418
991
525
70
-354
-700
-948
-1140
-1291
-1325
-1205
-1010
-820
-601
-338
-129
33
282
557
666
661
742
871
897
881
930
974
945
929
991
1063
1057
1010
955
881
816
792
716
497
262
160
99
-54
-226
-317
-396
-541
-716
-861
-1010
-1265
-1650
-2086
-2532
-3038
-3605
-4225
-4872
-5360
-5492
-5426
-5423
-5355
-4900
-4092
-3216
-2364
-1454
-522
295
963
1572
2156
2604
2769
2702
2656
2786
2942
2901
2699
2557
2552
2525
2330
2019
1690
1276
684
13
-578
-1092
-1638
-2219
-2677
-2833
-2722
-2533
-2314
-1933
-1376
-804
-272
285
838
1266
1560
1810
2051
2244
2379
2469
2507
2497
2500
2541
2512
2313
2004
1691
1351
929
480
67
-352
-781
-1055
-1078
-998
-948
-837
-579
-264
38
335
565
661
714
779
757
655
630
659
577
490
615
857
984
1046
1185
1320
1350
1356
1346
1199
937
701
470
180
-41
-99
-151
-292
-365
-266
-137
-130
-249
-417
-626
-950
-1427
-1987
-2560
-3224
-4014
-4775
-5314
-5585
-5661
-5615
-5450
-5088
-4481
-3658
-2732
-1846
-1056
-317
365
926
1415
1877
2192
2284
2319
2456
2661
2837
2912
2863
2786
2776
2734
2493
2081
1620
1075
392
-318
-936
-1491
-2012
-2454
-2761
-2850
-2662
-2303
-1947
-1581
-1066
-458
92
575
1054
1459
1703
1867
2067
2281
2434
2516
2551
2560
2584
2621
2580
2383
2087
1796
1506
1125
669
258
-92
-433
-731
-889
-925
-941
-934
-792
-505
-211
-9
161
348
521
674
806
838
794
813
887
865
795
848
955
937
894
984
1074
1015
939
934
860
701
598
505
312
150
130
76
-121
-236
-178
-189
-363
-518
-606
-806
-1155
-1531
-1934
-2467
-3112
-3779
-4422
-5009
-5431
-5602
-5600
-5561
-5417
-4943
-4121
-3205
-2372
-1547
-695
63
696
1298
1850
2196
2312
2335
2401
2563
2753
2809
2681
2555
2584
2622
2471
2150
1749
1247
628
-22
-612
-1154
-1704
-2253
-2653
-2760
-2603
-2345
-2057
-1683
-1189
-623
-44
516
1028
1422
1666
1841
2031
2224
2368
2430
2411
2379
2390
2392
2322
2170
1916
1594
1318
1069
722
310
-32
-321
-548
-622
-607
-637
-629
-450
-205
-10
197
411
503
512
612
738
733
655
627
606
575
627
720
725
714
813
919
896
846
881
854
655
468
421
347
167
59
53
-20
-111
-70
-13
-103
-247
-362
-574
-932
-1304
-1688
-2223
-2883
-3526
-4121
-4695
-5161
-5398
-5387
-5233
-5045
-4746
-4126
-3225
-2345
-1624
-935
-217
460
1066
1578
1950
2194
2360
2457
2543
2725
2941
2965
2775
2623
2637
2580
2237
1725
1210
655
9
-629
-1152
-1606
-2063
-2459
-2646
-2540
-2222
-1885
-1583
-1195
-638
-52
410
790
1154
1450
1655
1848
2055
2222
2332
2409
2453
2486
2536
2557
2425
2126
1802
1535
1216
772
333
17
-265
-542
-656
-567
-475
-454
-335
-70
183
359
502
567
538
559
659
667
555
498
517
498
519
680
812
800
823
956
1012
962
964
946
750
536
486
440
250
111
141
144
50
32
96
58
-86
-222
-397
-705
-1084
-1473
-1973
-2650
-3368
-3987
-4546
-5107
-5533
-5650
-5528
-5391
-5226
-4774
-3935
-3004
-2248
-1578
-795
20
678
1185
1643
2030
2274
2392
2491
2669
2895
2987
2882
2743
2701
2653
2434
2019
1495
937
339
-311
-945
-1489
-1967
-2397
-2712
-2803
-2628
-2278
-1920
-1569
-1099
-514
59
570
993
1291
1530
1771
1950
2068
2207
2325
2342
2341
2402
2470
2447
2281
2018
1775
1537
1190
770
418
89
-281
-557
-651
-689
-739
-692
-504
-272
-35
199
348
420
555
728
763
682
674
714
658
598
684
793
791
801
924
1030
1052
1100
1139
1008
801
720
658
430
187
106
55
-75
-166
-159
-176
-262
-383
-558
-806
-1108
-1472
-1950
-2538
-3183
-3858
-4541
-5137
-5519
-5645
-5605
-5475
-5220
-4705
-3856
-2868
-2012
-1278
-515
259
898
1395
1855
2213
2352
2399
2493
2669
2891
2989
2883
2753
2717
2655
2432
2028
1513
934
292
-385
-1013
-1549
-2039
-2495
-2795
-2827
-2610
-2243
-1822
-1390
-887
-305
285
816
1206
1471
1712
1918
2071
2235
2406
2520
2551
2545
2570
2624
2614
2438
2114
1788
1499
1131
688
278
-115
-493
-744
-823
-832
-839
-777
-602
-377
-122
144
321
420
538
676
777
788
785
840
852
819
884
979
974
951
999
1012
922
846
810
681
470
333
283
168
-11
-71
7
35
-26
-25
22
-45
-224
-400
-595
-888
-1269
-1719
-2253
-2836
-3424
-4034
-4654
-5154
-5391
-5393
-5321
-5239
-4992
-4401
-3555
-2712
-1978
-1240
-444
293
912
1482
1996
2325
2455
2546
2729
2971
3137
3104
2919
2789
2766
2648
2285
1793
1273
655
-70
-727
-1257
-1773
-2304
-2732
-2931
-2843
-2524
-2166
-1852
-1445
-882
-313
192
701
1151
1426
1605
1838
2102
2297
2432
2542
2590
2572
2569
2555
2378
2036
1671
1292
839
420
118
-186
-521
-701
-641
-489
-351
-213
-75
88
338
587
662
586
535
533
487
439
464
493
469
516
710
921
1046
1123
1163
1133
1081
1037
917
690
466
288
105
-32
-21
55
60
42
112
207
223
134
-84
-442
-854
-1282
-1827
-2530
-3254
-3933
-4621
-5243
-5590
-5630
-5531
-5386
-5119
-4604
-3809
-2873
-2024
-1333
-672
23
657
1176
1630
2028
2292
2426
2566
2829
3148
3314
3225
3021
2921
2858
2543
1910
1242
653
-58
-908
-1592
-2011
-2402
-2841
-3076
-2954
-2603
-2209
-1830
-1403
-875
-287
241
655
1021
1370
1637
1824
2038
2320
2586
2748
2832
2928
3067
3132
3005
2701
2301
1849
1344
782
229
-227
-616
-998
-1260
-1258
-1097
-941
-775
-541
-248
92
394
550
601
665
739
775
805
867
917
934
951
1038
1170
1218
1171
1149
1148
1072
943
835
674
430
249
195
133
-3
-83
-40
21
25
15
27
-5
-152
-416
-716
-995
-1318
-1818
-2473
-3118
-3699
-4317
-4944
-5384
-5544
-5537
-5487
-5347
-4955
-4215
-3284
-2425
-1692
-934
-104
651
1229
1690
2110
2428
2559
2585
2715
2985
3141
2994
2763
2730
2767
2527
1991
1440
956
355
-420
-1159
-1689
-2120
-2614
-3041
-3116
-2832
-2468
-2169
-1782
-1199
-545
43
550
983
1342
1631
1854
2009
2160
2329
2428
2411
2395
2488
2607
2609
2475
2279
2055
1762
1363
907
477
96
-261
-562
-722
-736
-683
-610
-491
-269
35
297
448
547
645
704
714
703
656
585
561
603
667
780
941
1036
1031
1059
1162
1169
988
758
594
437
254
98
-21
-117
-135
-79
-68
-96
-82
-133
-410
-816
-1192
-1654
-2363
-3205
-3987
-4692
-5367
-5915
-6154
-6049
-5792
-5506
-5013
-4122
-2998
-1985
-1175
-416
372
1083
1614
1986
2278
2527
2683
2749
2887
3241
3604
3621
3345
3168
3160
2922
2239
1395
631
-186
-1122
-1923
-2457
-2891
-3297
-3511
-3409
-3008
-2438
-1901
-1467
-999
-413
156
602
954
1242
1507
1797
2110
2406
2722
3060
3294
3352
3386
3490
3453
3045
2429
1867
1308
638
15
-416
-780
-1156
-1361
-1288
-1082
-885
-699
-509
-293
-9
262
379
381
416
502
592
732
910
1019
1078
1209
1384
1468
1444
1378
1250
1054
872
726
546
330
163
66
19
29
93
142
136
122
154
180
104
-97
-357
-646
-986
-1371
-1771
-2222
-2813
-3531
-4244
-4815
-5214
-5475
-5614
-5615
-5454
-5095
-4484
-3613
-2616
-1699
-932
-177
679
1510
2112
2474
2738
2943
3043
3110
3255
3400
3351
3110
2879
2732
2502
2058
1465
807
76
-686
-1367
-1934
-2432
-2877
-3192
-3287
-3124
-2781
-2364
-1913
-1444
-975
-444
172
739
1126
1424
1759
2091
2331
2532
2762
2924
2902
2772
2679
2604
2375
1936
1484
1158
821
381
37
-110
-231
-387
-410
-278
-134
-41
40
147
281
390
422
411
430
532
704
816
823
877
1027
1092
1038
1053
1113
1028
840
718
638
505
368
290
226
167
196
282
283
202
195
249
198
30
-144
-384
-787
-1255
-1673
-2137
-2775
-3536
-4296
-4991
-5532
-5804
-5811
-5714
-5634
-5414
-4793
-3800
-2763
-1883
-1077
-248
548
1269
1958
2566
2968
3154
3265
3448
3736
3978
3963
3676
3345
3103
2805
2290
1583
760
-124
-972
-1680
-2226
-2625
-2947
-3254
-3409
-3190
-2692
-2257
-1936
-1518
-1001
-546
-76
506
1025
1339
1641
2088
2561
2952
3289
3512
3548
3486
3417
3256
2903
2417
1897
1387
891
451
99
-185
-453
-684
-771
-705
-655
-748
-853
-798
-685
-676
-686
-560
-355
-167
92
487
878
1128
1282
1443
1598
1630
1474
1232
1044
881
647
417
328
344
338
302
371
554
648
556
438
376
240
31
-120
-238
-405
-566
-684
-835
-1017
-1192
-1410
-1764
-2306
-2983
-3671
-4377
-5144
-5734
-5887
-5785
-5709
-5520
-4913
-3901
-2770
-1758
-885
-43
748
1372
1870
2345
2693
2789
2754
2806
3045
3411
3661
3565
3236
2995
2856
2489
1779
982
253
-565
-1460
-2050
-2229
-2389
-2721
-2925
-2735
-2275
-1832
-1515
-1241
-907
-542
-234
110
612
1106
1420
1708
2090
2523
2980
3313
3307
3088
2925
2745
2373
1933
1548
1104
599
205
7
-29
-14
-84
-198
-206
-113
-23
33
67
63
37
69
176
304
482
672
747
753
838
987
1079
1044
937
833
739
680
707
708
610
510
455
404
381
366
261
67
-81
-69
19
-9
-182
-395
-622
-913
-1262
-1633
-2059
-2678
-3496
-4341
-5089
-5641
-5897
-5907
-5813
-5630
-5212
-4424
-3385
-2376
-1504
-733
-53
549
1157
1802
2350
2681
2896
3161
3507
3867
4160
4265
4083
3664
3169
2663
2033
1189
252
-605
-1372
-2042
-2429
-2493
-2523
-2674
-2705
-2439
-2070
-1816
-1615
-1354
-1068
-786
-422
113
758
1349
1799
2219
2746
3299
3662
3734
3574
3265
2853
2397
1946
1547
1192
799
358
19
-117
-155
-238
-346
-396
-408
-457
-516
-475
-294
-79
65
202
474
861
1181
1365
1484
1569
1552
1453
1369
1287
1113
835
561
414
411
411
272
78
-10
-36
-113
-167
-140
-153
-247
-282
-201
-113
-104
-189
-388
-687
-996
-1284
-1665
-2231
-2926
-3659
-4394
-5046
-5411
-5414
-5256
-5156
-5029
-4631
-3914
-3077
-2293
-1597
-980
-421
145
786
1498
2161
2631
2927
3223
3606
3975
4146
3981
3526
2991
2501
1934
1209
477
-140
-726
-1319
-1704
-1747
-1719
-1918
-2185
-2191
-2003
-1877
-1769
-1535
-1248
-968
-579
20
757
1448
1937
2269
2592
2884
3028
3016
2855
2499
2038
1648
1382
1180
1015
866
697
536
432
399
369
258
84
-68
-176
-222
-134
67
242
363
540
792
1031
1222
1357
1374
1255
1090
974
918
873
793
635
424
288
298
340
283
145
-12
-173
-275
-264
-219
-228
-227
-163
-78
18
107
62
-182
-512
-826
-1171
-1652
-2303
-3052
-3799
-4508
-5108
-5424
-5363
-5126
-4980
-4857
-4452
-3688
-2849
-2174
-1602
-1036
-507
3
638
1435
2208
2766
3114
3438
3877
4311
4472
4253
3806
3286
2708
2033
1313
642
12
-666
-1320
-1690
-1705
-1676
-1872
-2111
-2109
-1931
-1792
-1655
-1384
-1033
-713
-376
121
818
1513
1954
2178
2405
2674
2845
2864
2766
2561
2269
1940
1671
1533
1420
1150
721
326
70
-92
-231
-381
-511
-578
-598
-543
-337
-44
138
178
251
449
668
818
928
1035
1103
1122
1167
1282
1383
1351
1174
955
814
748
619
376
158
46
-70
-223
-247
-115
-60
-188
-282
-205
-123
-194
-374
-596
-864
-1163
-1483
-1887
-2426
-3072
-3798
-4560
-5180
-5441
-5344
-5124
-4958
-4760
-4310
-3542
-2628
-1815
-1191
-679
-196
297
874
1571
2255
2705
2917
3110
3455
3868
4078
3891
3389
2808
2232
1605
967
401
-188
-902
-1536
-1829
-1879
-1960
-2131
-2288
-2341
-2214
-1907
-1512
-1065
-588
-148
297
908
1642
2241
2570
2707
2749
2754
2766
2746
2601
2333
2028
1739
1533
1469
1435
1190
676
126
-260
-504
-704
-897
-1069
-1179
-1184
-1060
-764
-328
104
299
321
446
722
1021
1201
1349
1404
1344
1365
1545
1730
1642
1386
1076
769
533
392
319
134
-97
-276
-299
-191
-124
-145
-241
-318
-345
-297
-202
-142
-237
-476
-699
-832
-912
-1137
-1597
-2316
-3252
-4174
-4887
-5238
-5258
-5112
-4957
-4788
-4411
-3725
-2831
-1930
-1233
-857
-636
-271
340
1072
1786
2394
2823
3125
3468
3914
4261
4216
3743
3081
2441
1878
1389
917
347
-344
-972
-1325
-1451
-1557
-1763
-1996
-2116
-2137
-2028
-1648
-1105
-684
-394
-26
527
1136
1629
1987
2222
2341
2410
2511
2663
2754
2652
2354
1908
1451
1129
864
516
115
-242
-488
-602
-570
-403
-200
-106
-139
-173
-62
171
332
344
318
321
402
621
933
1214
1358
1371
1363
1367
1376
1370
1195
846
570
450
362
290
282
251
99
-44
-23
79
77
-63
-234
-355
-437
-520
-640
-820
-1057
-1339
-1686
-2096
-2585
-3240
-4080
-4893
-5397
-5508
-5319
-4990
-4665
-4342
-3862
-3108
-2199
-1356
-698
-196
239
717
1317
1993
2627
3015
3122
3170
3329
3501
3395
3038
2604
2085
1516
982
562
169
-314
-888
-1453
-1841
-2059
-2225
-2344
-2322
-2204
-2027
-1657
-1046
-382
158
628
1091
1496
1866
2259
2570
2638
2570
2580
2647
2663
2598
2427
2007
1468
1056
759
527
290
5
-386
-695
-752
-703
-591
-524
-591
-775
-859
-699
-440
-112
220
429
511
665
1029
1408
1616
1661
1595
1438
1305
1265
1182
953
687
463
226
64
111
220
174
71
98
187
210
200
174
92
-9
-54
-72
-99
-139
-268
-506
-751
-899
-1144
-1648
-2373
-3260
-4196
-5039
-5483
-5474
-5209
-4939
-4793
-4521
-3961
-3126
-2259
-1546
-954
-453
63
638
1336
2129
2821
3241
3387
3441
3504
3500
3310
2966
2575
2146
1649
1151
765
446
44
-453
-939
-1347
-1693
-1940
-2009
-1927
-1826
-1702
-1354
-830
-320
111
571
1051
1359
1570
1795
2029
2248
2422
2583
2628
2532
2374
2172
1876
1451
1037
738
479
185
-99
-371
-644
-836
-875
-781
-622
-475
-380
-274
-112
54
235
459
606
601
615
785
1004
1142
1194
1188
1132
1016
907
873
855
751
601
486
382
302
301
326
213
88
68
35
-65
-161
-111
-99
-195
-323
-480
-677
-947
-1189
-1516
-2020
-2739
-3604
-4409
-5006
-5230
-5113
-4704
-4267
-4020
-3798
-3368
-2671
-1951
-1352
-874
-488
-33
655
1529
2300
2809
3118
3295
3306
3189
3022
2733
2259
1739
1354
1049
694
325
19
-304
-722
-1149
-1495
-1777
-1990
-2085
-2067
-1942
-1638
-1139
-611
-191
192
624
1048
1391
1689
1973
2192
2316
2412
2560
2713
2697
2429
2046
1702
1428
1205
1034
853
543
150
-167
-349
-427
-400
-310
-296
-396
-453
-371
-207
-50
78
168
224
277
381
563
783
950
1003
975
956
989
978
813
592
482
446
392
381
448
480
423
395
460
522
544
504
410
286
139
4
-207
-492
-792
-1109
-1476
-1973
-2553
-3223
-3981
-4666
-5064
-5050
-4712
-4266
-3920
-3717
-3501
-3117
-2557
-1946
-1399
-949
-493
82
796
1604
2311
2805
3081
3203
3222
3075
2844
2540
2149
1745
1387
1139
910
623
257
-176
-629
-1062
-1419
-1663
-1768
-1723
-1566
-1377
-1164
-864
-496
-166
86
347
643
911
1153
1434
1737
1961
2097
2197
2282
2323
2280
2137
1960
1848
1781
1656
1443
1184
906
613
333
111
-52
-196
-349
-481
-523
-458
-358
-287
-267
-283
-296
-269
-202
-120
-21
108
226
310
393
477
473
350
192
76
25
68
205
356
455
532
606
644
632
585
476
332
243
237
212
128
16
-136
-347
-571
-797
-1089
-1470
-1909
-2418
-2968
-3431
-3690
-3743
-3610
-3335
-3042
-2829
-2672
-2528
-2375
-2166
-1859
-1511
-1157
-705
-122
483
988
1364
1558
1513
1350
1280
1326
1386
1422
1429
1371
1256
1172
1127
1004
806
637
495
352
259
254
304
338
365
442
515
515
494
493
473
415
371
397
464
524
598
686
745
762
758
719
672
636
594
527
425
331
278
226
178
185
237
272
288
289
242
130
-12
-144
-235
-258
-249
-257
-302
-370
-429
-450
-417
-382
-410
-445
-419
-341
-244
-151
-82
-21
25
74
186
346
479
551
581
603
611
607
606
598
570
514
436
345
229
86
-62
-189
-295
-390
-477
-528
-514
-454
-379
-283
-213
-220
-260
-262
-242
-245
-286
-353
-415
-471
-490
-446
-420
-485
-592
-700
-828
-984
-1117
-1193
-1249
-1313
-1362
-1365
-1339
-1311
-1265
-1198
-1131
-1025
-830
-588
-378
-205
-50
99
273
469
638
770
872
910
888
878
880
846
794
782
826
886
922
933
960
1002
1008
975
951
923
848
742
671
665
680
679
661
644
617
562
481
395
316
257
212
153
102
96
110
101
66
29
-2
-63
-150
-226
-256
-239
-186
-101
21
133
204
281
364
406
410
385
334
303
325
348
333
315
275
181
69
-40
-160
-269
-375
-487
-571
-598
-590
-584
-597
-608
-617
-640
-689
-729
-746
-785
-814
-760
-665
-593
-576
-628
-695
-742
-779
-839
-938
-1034
-1089
-1110
-1094
-1030
-929
-859
-881
-917
-880
-825
-787
-728
-611
-443
-251
-47
163
363
539
674
766
839
891
935
994
1017
1029
1055
1083
1072
1015
1019
1009
945
873
829
840
837
818
777
719
644
586
538
485
434
375
352
304
252
229
197
163
100
69
81
118
173
197
181
131
62
-10
-41
-9
32
25
-10
-17
11
79
184
283
312
257
165
101
100
133
133
49
-103
-246
-275
-142
96
300
346
215
-15
-234
-363
-387
-350
-315
-314
-329
-329
-334
-407
-574
-778
-932
-982
-945
-889
-879
-941
-1048
-1140
-1183
-1200
-1242
-1323
-1399
-1429
-1411
-1376
-1324
-1212
-1000
-730
-475
-281
-177
-152
-129
-32
145
365
581
758
888
1004
1115
1177
1169
1133
1121
1123
1088
1004
911
814
706
621
591
589
573
554
548
567
624
695
735
752
776
824
882
936
996
1064
1093
1058
986
903
787
606
431
321
237
158
102
78
98
133
124
73
-2
-73
-127
-168
-171
-142
-126
-146
-183
-186
-113
10
103
134
132
124
119
139
181
195
156
55
-85
-192
-252
-317
-440
-605
-746
-873
-1049
-1285
-1566
-1913
-2296
-2625
-2834
-2932
-2964
-2993
-3045
-3054
-2916
-2624
-2267
-1913
-1581
-1262
-934
-547
-94
360
741
1030
1263
1510
1790
2028
2141
2133
2083
2050
2035
2011
1932
1758
1487
1175
901
681
480
278
95
-47
-133
-169
-187
-220
-259
-274
-263
-236
-196
-130
-28
123
329
576
819
1013
1145
1249
1353
1439
1484
1483
1458
1437
1421
1388
1306
1160
970
752
503
232
-31
-263
-455
-609
-718
-798
-884
-987
-1072
-1093
-1026
-896
-738
-583
-449
-331
-209
-86
7
55
83
113
155
218
286
325
316
287
272
277
296
319
310
244
144
49
-27
-79
-99
-78
-40
-26
-50
-87
-132
-216
-363
-569
-838
-1175
-1526
-1815
-2014
-2135
-2227
-2348
-2494
-2599
-2634
-2584
-2460
-2297
-2128
-1928
-1651
-1305
-916
-511
-140
178
496
833
1154
1418
1608
1762
1875
1905
1906
1924
1901
1784
1596
1398
1225
1059
904
757
597
415
220
29
-157
-308
-382
-363
-261
-106
59
236
418
581
760
966
1130
1239
1338
1430
1492
1513
1487
1419
1325
1227
1151
1075
969
820
642
467
306
158
37
-78
-192
-266
-298
-310
-315
-323
-326
-322
-298
-243
-190
-177
-212
-270
-294
-278
-245
-204
-173
-142
-93
-30
42
108
134
108
48
-17
-63
-96
-129
-170
-225
-284
-377
-529
-736
-979
-1262
-1574
-1860
-2088
-2264
-2385
-2463
-2517
-2547
-2566
-2569
-2506
-2361
-2159
-1940
-1710
-1442
-1131
-810
-479
-147
141
358
548
766
1016
1252
1447
1594
1678
1696
1669
1614
1516
1361
1185
1027
881
760
679
603
488
344
236
171
105
48
40
66
110
164
256
414
579
706
825
924
994
1036
1046
1070
1125
1163
1159
1106
1026
938
849
786
732
679
639
589
529
468
399
352
326
294
275
276
275
266
256
261
269
248
212
180
132
37
-92
-213
-311
-403
-465
-469
-444
-438
-455
-466
-447
-408
-365
-330
-304
-278
-262
-259
-251
-239
-257
-338
-462
-614
-804
-1021
-1214
-1377
-1525
-1637
-1717
-1815
-1938
-2049
-2118
-2126
-2098
-2049
-1946
-1808
-1678
-1519
-1332
-1153
-987
-817
-598
-351
-128
90
307
503
687
848
967
1043
1074
1068
1045
1035
1040
1029
1017
1018
1005
996
986
955
924
904
889
892
902
907
925
946
962
995
1033
1064
1079
1067
1057
1062
1027
973
944
918
874
809
722
625
536
452
373
332
322
294
248
235
248
247
237
232
247
277
309
333
340
307
255
170
53
-34
-77
-112
-151
-208
-298
-407
-516
-617
-708
-787
-840
-862
-873
-888
-902
-918
-951
-1007
-1070
-1110
-1153
-1215
-1249
-1227
-1179
-1119
-1050
-980
-916
-908
-962
-1015
-1066
-1097
-1062
-1008
-962
-909
-855
-801
-759
-728
-696
-672
-648
-594
-496
-367
-251
-152
-44
54
152
253
337
420
499
585
703
806
861
885
885
898
923
938
968
1012
1046
1063
1069
1071
1073
1072
1076
1077
1063
1039
999
947
874
807
774
747
722
687
639
584
522
462
380
297
239
189
164
160
137
129
138
131
138
153
172
186
178
167
151
115
62
24
1
-33
-63
-71
-65
-61
-61
-87
-128
-187
-257
-328
-386
-419
-443
-443
-445
-447
-467
-537
-593
-650
-696
-707
-724
-740
-752
-765
-768
-778
-799
-822
-848
-881
-909
-923
-905
-866
-823
-774
-713
-653
-622
-613
-599
-577
-549
-503
-401
-264
-144
-65
-20
-1
2
36
84
142
191
207
243
262
273
307
316
304
268
216
183
154
145
166
208
265
323
397
485
578
680
758
815
860
904
962
1008
1034
1022
974
913
860
825
798
758
710
664
634
616
588
521
426
328
250
202
186
197
204
199
202
219
220
188
143
103
76
65
85
134
179
209
229
233
202
142
76
13
-48
-97
-128
-155
-208
-292
-405
-529
-638
-716
-766
-803
-834
-867
-906
-949
-994
-1024
-1039
-1057
-1073
-1060
-1013
-950
-870
-791
-754
-757
-763
-752
-722
-663
-583
-507
-448
-397
-353
-312
-270
-235
-207
-167
-118
-76
-33
28
87
117
136
151
152
137
122
104
97
114
136
158
193
218
218
227
260
283
300
338
383
421
477
542
591
622
657
689
708
716
721
723
716
696
678
661
637
598
557
509
485
501
522
537
551
535
496
466
446
437
443
454
464
469
457
436
399
327
228
133
62
0
-59
-103
-136
-160
-181
-196
-228
-270
-330
-406
-454
-477
-494
-493
-486
-467
-457
-463
-469
-488
-490
-461
-424
-379
-342
-304
-282
-287
-289
-317
-369
-414
-441
-450
-476
-500
-531
-576
-610
-652
-705
-751
-807
-823
-778
-714
-619
-536
-465
-383
-312
-231
-155
-88
-14
47
115
168
202
232
246
270
294
315
329
331
332
317
308
319
327
325
323
308
274
244
236
269
318
347
385
433
457
461
460
452
432
416
430
439
426
408
382
358
351
347
358
367
357
344
337
338
359
385
405
420
431
426
401
373
361
360
358
361
353
315
256
192
134
79
-8
-131
-258
-385
-499
-582
-648
-716
-780
-800
-771
-726
-686
-647
-611
-578
-530
-462
-380
-308
-254
-203
-135
-68
-23
6
26
29
20
10
-3
-28
-60
-83
-91
-96
-117
-150
-188
-231
-274
-300
-315
-328
-326
-298
-260
-216
-164
-119
-92
-77
-69
-74
-78
-75
-67
-50
-43
-62
-102
-150
-194
-217
-223
-212
-177
-140
-92
-32
21
61
85
90
87
85
90
117
161
197
210
219
231
225
209
212
216
206
206
224
239
244
222
191
168
151
155
168
172
190
224
263
320
401
486
585
669
705
725
714
678
621
561
506
432
365
295
207
140
64
-6
-63
-137
-192
-241
-279
-287
-281
-249
-230
-226
-216
-230
-249
-255
-246
-215
-177
-137
-93
-43
-18
-32
-45
-70
-105
-142
-173
-194
-233
-264
-300
-320
-330
-363
-368
-361
-361
-342
-301
-253
-225
-227
-246
-263
-272
-273
-259
-236
-216
-217
-227
-235
-244
-250
-252
-250
-240
-221
-197
-165
-127
-102
-75
-52
-21
19
63
123
165
211
234
227
217
202
197
195
212
250
285
315
339
351
347
325
289
250
204
167
143
132
133
140
169
201
233
262
281
304
317
334
364
401
430
435
420
373
296
204
135
97
62
22
-10
-39
-87
-143
-184
-220
-261
-295
-314
-334
-353
-356
-339
-311
-274
-234
-205
-191
-174
-144
-100
-45
6
42
62
59
32
-2
-38
-79
-108
-114
-108
-112
-107
-80
-48
-27
-4
25
36
19
-7
-22
-28
-24
0
25
35
24
4
-21
-51
-77
-91
-105
-128
-152
-179
-216
-253
-287
-322
-352
-356
-344
-320
-278
-232
-207
-200
-181
-150
-112
-62
-10
41
101
163
215
259
295
306
292
276
278
296
321
338
338
325
302
265
226
201
185
167
154
145
139
135
129
117
100
86
82
84
76
65
58
52
34
1
-29
-51
-69
-84
-93
-98
-101
-100
-94
-90
-101
-112
-118
-117
-118
-112
-102
-92
-85
-71
-55
-44
-49
-73
-98
-110
-102
-95
-97
-100
-95
-94
-93
-79
-58
-47
-42
-27
0
30
50
59
65
65
62
56
60
74
99
130
161
172
165
151
137
122
115
108
92
64
40
20
-12
-49
-77
-98
-126
-159
-191
-220
-249
-272
-263
-219
-173
-139
-111
-90
-78
-73
-64
-51
-29
7
49
89
122
141
148
154
161
157
158
167
182
197
222
250
256
243
225
192
143
103
85
65
36
8
-14
-33
-46
-61
-78
-91
-104
-118
-125
-114
-91
-69
-50
-48
-71
-117
-170
-210
-227
-229
-221
-200
-167
-136
-113
-88
-70
-75
-90
-89
-74
-60
-42
-18
6
30
58
81
88
85
83
78
75
80
90
91
77
60
40
21
4
-7
0
21
44
61
75
88
89
78
69
68
70
67
52
35
21
14
5
-9
-14
-14
-22
-38
-50
-58
-65
-65
-60
-56
-50
-50
-60
-70
-71
-68
-63
-50
-33
-16
-1
-2
-11
-13
-10
-4
9
28
37
45
59
76
85
89
84
72
59
52
53
66
86
99
98
82
53
21
-3
-14
-15
-9
-1
9
15
11
-2
-21
-40
-51
-55
-49
-37
-25
-21
-28
-43
-60
-70
-71
-66
-59
-54
-50
-47
-43
-41
-39
-38
-34
-28
-18
-7
5
11
11
6
-1
-6
-7
-6
-5
-6
-8
-8
2
12
23
25
22
14
4
-1
-3
-1
7
17
29
39
46
45
36
23
7
-2
-6
-3
3
10
16
16
9
-2
-15
-21
-18
-11
-2
5
4
0
-5
-7
-10
-12
-13
-12
-10
-7
-6
-5
-7
-6
-2
3
10
18
25
33
37
41
41
38
33
26
22
21
20
21
20
17
13
9
4
5
8
14
16
14
7
1
-4
-7
-8
-3
-2
-3
-2
-1
-4
-5
-4
-6
-5
-3
-1
-3
-7
-12
-20
-27
-29
-30
-32
-31
-31
-30
-30
-30
-29
-26
-23
-20
-18
-15
-14
-12
-11
-10
-11
-11
-13
-10
-6
2
13
27
35
39
36
28
14
-3
-14
-22
-29
-32
-31
-28
-29
-28
-23
-20
-19
-15
-6
-2
0
2
6
3
-3
-5
-4
-5
1
12
29
48
62
76
89
93
95
99
104
106
105
101
95
82
66
54
43
31
19
7
-7
-21
-35
-49
-57
-63
-69
-75
-81
-86
-95
-97
-92
-83
-72
-57
-37
-18
-3
13
31
45
52
60
69
70
64
60
52
38
22
8
-9
-25
-34
-38
-41
-42
-45
-48
-51
-55
-56
-58
-60
-60
-57
-47
-36
-25
-18
-15
-12
-8
-3
3
11
19
26
31
34
34
31
25
20
16
15
15
17
20
22
24
27
26
25
18
12
7
2
-2
-6
-13
-19
-26
-33
-38
-43
-40
-37
-30
-20
-9
-1
4
7
9
10
12
16
22
27
30
31
31
33
38
48
58
67
72
72
70
69
64
60
52
39
25
10
-5
-20
-33
-45
-56
-66
-73
-77
-80
-82
-81
-81
-77
-67
-57
-43
-30
-18
-8
0
8
13
18
23
29
34
37
36
34
32
28
23
15
6
-1
-6
-7
-8
-10
-13
-16
-17
-14
-10
-6
-7
-9
-10
-10
-7
-3
-1
-2
-4
-7
-9
-9
-8
-6
-4
-4
-2
-2
-1
2
7
11
14
15
13
11
10
11
12
15
13
12
9
7
8
8
9
8
6
2
-3
-8
-15
-21
-25
-27
-26
-24
-22
-21
-21
-22
-18
-12
-3
9
20
30
38
42
41
38
35
33
32
32
31
31
30
29
29
25
20
12
4
-1
-7
-13
-20
-26
-31
-34
-34
-35
-35
-35
-30
-28
-22
-20
-11
-3
7
14
18
19
21
21
23
22
21
18
16
14
10
5
1
-2
-4
-4
-1
1
6
9
10
6
0
-7
-14
-18
-20
-23
-25
-26
-27
-23
-19
-20
-23
-22
-20
-11
-6
-4
3
11
14
14
13
11
15
16
14
13
12
9
6
3
1
-2
-6
-12
-19
-25
-31
-36
-33
-30
-26
-24
-22
-18
-15
-15
-19
-16
-12
-9
-2
6
9
17
27
25
27
31
35
33
31
34
38
37
34
31
26
20
12
6
0
-4
-5
-6
-5
-4
0
3
1
1
6
9
11
10
9
6
3
5
8
7
2
-2
-7
-9
-10
-5
0
3
4
4
2
-1
-4
-4
-3
-4
-3
-1
3
6
6
6
2
1
1
0
0
-1
-6
-9
-15
-21
-24
-29
-31
-29
-30
-28
-23
-19
-16
-15
-11
-3
3
7
11
19
25
25
23
26
29
29
25
21
20
18
16
12
8
5
6
2
-4
-6
-7
-8
-9
-10
-11
-10
-8
-5
-11
-11
-2
-2
-7
-6
-6
-8
-14
-16
-20
-21
-25
-27
-25
-19
-20
-20
-17
-15
-13
-5
2
2
4
8
11
12
17
20
20
19
22
25
26
21
18
17
14
8
0
-3
-5
-7
-9
-12
-13
-13
-14
-11
-8
-9
-6
-3
-1
4
9
12
13
12
14
14
12
11
13
15
14
10
11
16
19
17
15
15
13
16
19
19
17
14
9
2
1
-1
-4
-5
-5
-5
-7
-7
-7
-6
-4
-5
-4
-2
1
2
0
-1
0
2
-1
-5
-3
-1
-3
-7
-5
-4
-3
-5
-4
-4
-4
-5
-4
-9
-8
-3
-1
2
4
-1
1
1
-2
-3
-1
-2
-3
-9
-11
-10
-13
-23
-33
-37
-40
-41
-39
-34
-32
-29
-22
-13
-7
-2
3
13
19
20
19
20
22
21
18
16
16
15
13
13
12
12
14
13
15
15
13
13
11
7
3
1
-1
0
1
1
1
4
7
12
14
15
12
11
9
10
9
7
2
-2
-4
-6
-8
-7
-7
-7
-4
-5
-5
-3
-4
-4
-2
-3
-3
-4
-5
-4
-4
-4
-4
-2
1
6
6
6
8
8
5
4
2
1
5
1
0
4
1
0
1
-3
1
4
-1
1
3
0
-2
-5
-4
-10
-10
-12
-14
-13
-15
-16
-13
-11
-7
-5
1
2
3
6
6
4
4
8
7
5
3
1
-1
-4
-5
-5
-3
-2
-2
-1
-1
-1
1
2
3
3
4
6
5
4
3
2
2
1
0
2
5
4
2
2
2
3
1
1
6
4
0
-7
-4
-1
-5
-8
-11
-9
-5
-6
-4
-2
0
-1
-2
-1
1
-1
0
-1
1
3
5
3
4
4
5
10
13
16
14
10
7
5
2
3
2
0
0
-3
-3
-1
-7
0
9
1
-3
0
1
1
1
0
0
2
2
1
5
6
5
9
8
9
15
12
9
12
5
-2
1
-5
-10
-13
-13
-15
-19
-21
-19
-21
-22
-19
-17
-16
-14
-10
-6
-6
-2
2
4
5
5
5
6
5
5
1
-5
-10
-6
-5
-9
-11
-13
-14
-11
-13
-14
-7
-4
-4
2
5
11
16
15
17
23
23
27
29
24
23
19
16
11
4
3
4
3
-2
0
4
7
6
9
14
15
14
14
22
24
19
15
14
11
5
3
4
5
0
-5
-5
-4
-3
0
-1
-2
-3
-7
-8
-8
-12
-13
-16
-21
-23
-25
-27
-23
-22
-22
-23
-22
-21
-19
-17
-13
-7
-3
0
3
5
4
4
6
9
9
7
2
-3
-5
-9
-12
-15
-18
-19
-20
-19
-18
-17
-15
-12
-8
-5
-5
-5
-3
1
1
-2
-4
0
2
3
0
-1
3
4
5
3
6
12
16
19
25
31
33
36
35
35
39
35
30
31
26
19
18
12
7
6
5
4
5
7
5
5
8
4
4
6
2
1
3
-1
-3
-3
-9
-8
-8
-12
-15
-11
-9
-14
-16
-11
-9
-10
-8
-5
-5
-3
-2
-8
-14
-13
-11
-19
-22
-20
-18
-22
-25
-27
-26
-23
-24
-26
-23
-21
-13
-8
-7
-3
-2
0
4
4
5
6
4
1
2
-1
-6
-5
4
11
12
14
17
21
25
26
30
34
38
35
32
31
27
21
20
13
5
3
1
-3
-4
-5
-7
-6
-3
0
3
5
5
6
10
13
14
11
7
5
5
4
3
1
-3
-6
-10
-11
-12
-13
-12
-11
-10
-8
-8
-9
-9
-7
-4
-3
-7
-10
-10
-9
-9
-14
-17
-13
-18
-25
-22
-21
-20
-19
-23
-18
-10
-9
-5
3
5
8
9
7
10
11
10
7
3
2
0
2
1
-1
-1
1
2
6
11
14
16
16
18
20
20
17
15
16
15
11
6
4
5
3
-1
-1
1
4
3
1
1
5
7
9
11
13
10
6
6
8
5
7
1
-4
0
-6
-9
-6
-9
-10
-9
-13
-14
-12
-14
-11
-9
-8
-7
-7
-7
-6
-5
-4
-4
-4
-4
-5
-6
-8
-9
-8
-6
-5
-5
-4
-1
1
1
-1
3
13
18
17
16
15
15
15
14
11
6
5
4
3
4
4
2
0
-2
-3
-3
-3
-4
-4
0
3
3
3
8
9
10
6
7
10
8
3
-1
2
-1
-5
-8
-5
-2
-3
-3
-1
3
3
3
4
5
5
4
3
0
-2
-6
-10
-13
-16
-19
-21
-21
-21
-22
-21
-18
-12
-6
-5
-6
-2
6
9
10
9
5
6
6
0
-5
-3
-3
-1
-2
-9
-7
-1
-5
-2
7
5
5
13
10
7
10
9
8
12
12
9
7
4
5
11
7
2
2
4
1
-1
1
2
4
6
7
10
14
17
18
22
23
22
22
20
14
9
7
1
-4
-6
-5
-8
-9
-9
-12
-12
-10
-10
-8
-9
-11
-11
-7
-4
-6
-8
-10
-8
-9
-10
-10
-11
-11
-14
-16
-16
-13
-9
-9
-11
-7
-4
-6
-3
2
2
0
1
2
-2
-5
-9
-10
-10
-10
-10
-11
-10
-9
-9
-7
-5
-2
1
3
5
5
6
6
6
7
9
11
12
14
15
14
13
13
10
10
10
9
12
12
11
14
16
16
19
20
18
19
18
14
12
10
8
5
2
-3
-7
-9
-11
-12
-12
-11
-9
-5
-4
-2
1
3
6
9
10
7
7
10
5
1
0
1
1
-2
-7
-10
-10
-7
-8
-10
-10
-9
-9
-9
-8
-6
-7
-9
-12
-12
-9
-8
-10
-12
-12
-14
-14
-15
-16
-14
-12
-14
-12
-10
-11
-8
-5
1
7
10
10
15
20
20
17
13
14
11
7
0
-3
-4
-4
-5
-5
-5
-3
2
2
4
9
10
12
11
10
8
2
1
0
-5
-5
-7
-5
-3
-7
-4
2
-4
-4
4
3
1
5
9
11
10
13
14
12
11
12
9
8
5
6
-1
-9
-10
-12
-10
-14
-13
-9
-6
-3
-7
-2
3
6
11
10
8
9
6
4
2
0
2
4
0
-5
-4
-3
-4
-7
-6
-2
0
1
2
3
6
9
8
8
10
10
8
3
1
-1
-4
-9
-11
-9
-11
-12
-11
-9
-8
-7
-3
3
7
6
3
4
2
0
4
6
1
-4
-2
-2
-4
-3
0
-2
-4
-5
-5
-4
0
1
-2
-5
0
4
5
3
2
3
2
-2
-5
-5
-7
-8
-10
-9
-10
-10
-9
-7
-4
-3
1
