0
1
0
0
1
0
0
-2
-2
-2
-1
0
0
1
2
3
4
2
2
1
1
0
-2
0
0
0
1
3
2
0
4
4
0
0
3
2
2
4
2
1
3
3
0
-1
0
1
0
-3
-4
-3
-1
0
-1
-1
0
0
0
-3
-4
-3
-2
0
0
1
2
2
0
0
-1
-1
-1
0
0
0
0
0
0
0
-1
-1
-1
-1
-2
-1
-1
-1
-3
-4
-1
1
0
-1
-2
1
0
-2
-3
-1
1
0
-2
-3
-3
-2
0
0
0
0
0
-2
-5
-5
-4
-3
-2
-1
0
0
0
1
4
2
1
-1
0
0
-2
-3
-3
-3
0
0
-5
-6
0
0
-1
0
4
4
2
4
4
3
2
4
4
4
3
1
0
0
0
0
1
3
2
1
3
4
5
2
0
-1
0
0
0
0
0
0
0
0
-1
-2
-3
-3
-5
-3
0
0
0
0
-1
-1
0
0
0
1
1
0
-1
-1
0
0
1
1
1
1
1
1
1
0
0
0
-1
0
0
0
0
2
0
1
0
0
0
0
-1
-1
-1
1
0
-1
-1
-1
-1
0
0
-1
-2
-4
-3
-1
0
0
0
0
-1
0
0
-2
-2
0
-2
-2
-1
-1
-3
-4
0
0
0
0
0
-1
-3
-1
-2
-2
-2
0
0
-1
-2
-1
-2
0
1
0
0
0
0
-1
0
1
2
1
0
-2
-3
-3
-3
-2
0
1
0
-2
-2
-1
0
1
0
0
0
1
0
1
0
0
0
0
1
2
4
6
6
6
3
4
1
-1
1
1
0
2
2
0
2
0
0
4
1
1
5
4
6
5
0
0
1
1
3
-1
-3
-5
-6
-4
-3
-3
-3
-3
-2
-3
0
-1
-5
-3
-6
-8
-2
-5
-7
0
-3
-6
-2
-1
-5
-5
0
0
-2
2
3
0
5
3
1
6
3
5
8
5
3
8
8
6
2
4
9
5
1
2
4
3
0
0
0
0
0
0
0
1
0
0
0
-2
-5
-5
-5
-5
-5
-5
-5
-7
-6
-5
-3
-3
-3
-4
-5
-4
-3
-4
-5
-2
0
-2
-4
-5
-6
-5
0
1
-2
0
5
3
-1
0
4
2
-2
4
5
1
4
4
2
5
3
3
7
3
3
3
2
3
3
1
2
1
-1
0
0
-1
-1
0
0
-2
-2
-3
-5
-4
-5
-5
-2
-3
-1
-1
-2
0
-2
-1
-1
-2
0
-3
0
-1
0
0
1
3
1
1
1
0
0
0
0
1
2
4
2
1
0
0
0
0
0
0
0
-1
-1
-2
-2
-3
-2
0
0
0
0
0
-2
-3
-4
-3
-3
-3
-3
-5
-3
-3
-4
-4
-5
-5
-4
-2
-1
0
-1
-5
-5
-3
-1
0
-1
-2
0
4
2
-1
-2
1
3
2
2
2
4
6
5
5
4
2
0
0
0
2
2
3
3
2
0
0
0
-1
0
0
-1
-2
-3
-3
-2
-2
-3
-5
-6
-6
-4
-5
-4
-4
-6
-1
-2
-1
2
0
0
4
0
0
1
-4
-3
0
0
-2
-2
-2
1
0
-1
-1
0
1
0
2
2
2
0
0
0
-1
-2
0
0
1
2
3
2
3
3
3
5
5
2
0
-2
0
0
1
0
1
1
1
-1
-2
1
3
0
-2
-2
0
-1
-4
-2
0
1
0
-3
0
2
-3
-3
0
0
0
-1
-2
0
0
-2
-1
-2
-2
-1
-1
-2
-3
-2
1
0
-1
-1
0
-4
-4
-3
-1
0
-1
-1
-3
-3
-3
-3
-2
0
0
0
0
-1
-1
0
1
1
0
1
0
0
0
2
4
2
0
0
0
0
-1
-2
-1
0
0
0
1
1
0
1
2
2
1
0
0
-1
0
1
1
1
1
1
0
0
0
0
0
0
-1
0
-1
-1
-3
-2
0
1
0
-1
-1
0
0
0
0
0
0
-1
-2
-2
-5
-4
-4
-3
-2
-1
0
0
0
0
2
2
0
-3
-2
-3
-5
-3
0
0
-3
-2
-1
-1
0
3
5
1
0
0
0
-1
-2
-3
-2
-1
-3
-2
-3
-1
-1
-1
2
1
0
4
2
0
0
-1
1
2
-2
-1
1
0
2
2
0
3
6
2
0
3
2
0
3
6
1
0
3
3
0
0
1
1
0
-1
0
0
0
0
0
0
-2
-3
-3
-1
0
2
2
2
1
0
2
2
-2
0
2
2
0
0
-1
-2
-4
-3
-1
-2
-3
-3
-4
-4
-4
-2
-2
-3
-3
-4
-1
-2
-3
-5
-3
0
0
0
0
-1
-2
-1
0
0
0
-1
-1
-1
-2
-2
0
0
0
0
0
0
0
-2
-2
0
0
-1
-1
-2
-1
-1
1
1
0
0
0
-1
0
0
0
-2
-2
-1
-1
-1
0
0
0
1
2
1
2
2
3
1
-1
0
1
-1
-4
-1
-1
-1
0
4
2
-1
2
3
1
1
0
1
5
3
0
-1
0
0
0
0
0
0
0
-1
0
0
0
-1
-1
-2
-1
-1
0
0
0
0
2
0
-1
0
0
0
-2
-1
0
0
-2
-2
0
1
0
0
-1
0
0
-1
0
0
1
0
0
0
1
3
3
3
1
0
2
1
0
0
-1
0
2
0
-1
-1
-3
-4
-4
-3
-3
-4
-6
-5
-3
-2
-2
-1
0
0
-2
-2
-2
-3
-1
0
1
0
0
0
0
1
0
-1
4
2
-1
1
0
0
3
0
3
5
1
0
3
3
1
0
6
5
3
5
2
0
1
-1
0
5
2
2
3
0
0
1
1
1
0
-1
0
0
0
-1
0
1
0
0
0
0
2
2
0
-3
-1
0
-3
-4
-6
-2
-1
-1
0
0
1
2
0
0
0
0
1
0
1
0
-2
-1
-1
0
0
-3
0
-3
-1
0
0
2
-1
0
0
0
2
1
0
0
-1
0
0
0
-3
-3
-2
0
0
0
-1
0
-1
-1
-1
0
0
0
-2
-1
1
3
2
1
0
0
1
1
0
0
0
0
0
1
2
1
2
2
3
2
1
0
0
0
0
-3
0
0
-1
2
-1
-4
-1
-2
0
1
-2
-3
0
-2
-2
-2
-1
0
-1
-2
-1
0
0
0
-1
0
-1
-1
-1
0
-1
0
2
0
-1
0
1
-1
0
-1
0
1
1
0
0
3
1
-2
0
4
3
0
3
2
0
2
3
2
0
0
-2
-1
0
0
0
1
0
-3
-2
2
2
-2
-2
0
0
-1
-1
-1
-1
0
0
0
0
0
1
1
0
0
-1
-1
-2
0
0
0
0
0
-1
0
-1
1
0
1
1
2
3
3
1
1
0
-1
-1
-1
-3
-2
-1
-3
-1
-1
-4
0
0
-2
-2
0
0
0
-1
-2
0
2
0
-1
0
-1
0
0
4
2
0
1
0
0
0
1
3
0
2
0
-4
-3
-2
-1
3
1
-2
3
2
0
2
0
2
4
0
-2
-1
0
-1
0
0
0
-1
-2
-1
0
1
0
0
0
0
1
0
0
-1
0
0
1
0
-1
-3
-4
-3
-1
0
0
-1
-1
0
0
0
1
1
1
0
1
3
1
0
0
1
4
2
0
0
1
2
5
6
4
3
0
0
0
0
0
0
1
2
1
0
-3
-2
0
0
0
-1
-2
-1
-1
0
-2
-2
0
0
0
0
-1
0
-2
-3
0
0
0
0
0
-2
0
-4
-2
0
-2
1
-3
-1
0
-2
2
-1
-2
-1
-3
0
-1
0
0
-1
0
0
0
0
0
0
0
0
0
0
0
2
1
1
0
0
-2
-1
-1
-2
0
0
-1
-1
-1
0
0
0
-1
0
1
0
-1
0
2
3
2
2
3
4
3
0
-1
0
0
0
2
2
2
0
0
0
0
0
0
1
-1
-3
-3
-1
-1
-3
-3
-1
0
0
-1
-1
0
0
0
0
-1
-2
-2
-2
0
1
0
0
0
1
1
0
-1
0
0
0
-1
-1
-2
-2
-1
0
0
0
0
-1
-2
-3
-4
0
0
-2
-5
-4
-3
-5
-2
0
2
0
-1
-1
-2
-2
-1
-1
-1
0
0
0
-2
-2
-1
0
1
0
1
2
1
1
3
0
-1
0
0
0
-1
-1
1
1
0
-1
0
3
3
-1
0
2
4
4
2
2
3
2
1
2
0
0
0
2
1
0
-1
1
2
0
0
0
0
1
1
-1
0
2
0
1
1
0
0
0
-1
1
2
0
-3
-3
-1
0
0
-2
-3
-1
-1
2
2
2
0
-1
-1
0
-2
-4
-4
-1
0
-1
-1
-1
-3
-4
-4
-2
0
0
0
0
-2
-5
-4
-3
0
0
-1
1
0
0
0
0
1
1
0
1
0
1
1
2
2
1
0
0
0
2
3
2
1
0
-1
-3
-2
-1
0
-3
-2
-1
2
0
0
0
1
2
2
0
0
-1
0
0
0
0
0
2
2
0
-2
-1
0
3
4
4
2
1
3
3
3
3
3
5
4
1
0
0
2
1
1
1
1
2
1
0
1
2
0
-2
0
0
-3
-5
-1
0
0
0
-3
-4
-4
-4
-4
-3
-3
-3
-2
-1
-1
-4
-2
0
0
0
-2
-2
-1
-1
0
0
-1
-2
0
0
0
-1
-1
0
0
-1
-2
1
2
2
1
4
4
3
2
1
0
0
0
-1
0
1
-5
-8
-2
-2
-5
-3
0
-1
-2
-1
-2
-3
-3
-3
-2
0
-2
-1
1
1
-1
0
3
-1
-2
1
0
-3
0
1
2
2
0
0
1
0
2
0
2
3
-2
3
1
0
0
-1
1
0
3
2
0
1
0
1
1
1
0
0
-2
-1
0
-1
1
2
0
0
0
-2
0
1
0
0
-1
-3
-1
1
1
1
2
1
0
-1
-1
-2
0
0
0
-1
-1
0
1
2
0
0
0
1
3
2
1
1
2
3
1
0
-3
-2
-1
-1
0
-2
-4
-4
-4
-5
-5
-5
-4
-3
-3
-4
-5
-6
-5
-5
-4
-4
-4
-4
-3
-4
-6
-6
-6
-5
-4
-1
0
0
-1
-3
-2
2
0
-3
-1
0
-2
-4
-3
0
0
-1
-2
-1
2
5
4
3
3
3
3
4
4
4
5
6
6
5
4
2
4
4
4
0
2
5
2
2
3
3
1
1
4
3
1
7
10
7
9
8
4
5
5
3
4
3
1
3
3
2
1
2
1
0
2
1
1
2
0
0
0
0
-1
0
-1
0
0
0
0
1
-1
-2
-1
-1
-2
-4
-4
-3
-3
-4
-5
-7
-5
-5
-5
-4
-3
-3
-3
-3
-6
-7
-6
-6
-5
-2
-4
-2
-2
-6
-3
-4
-4
0
-2
-1
0
0
2
0
-1
-3
-6
-4
-4
-3
-4
-4
-4
-5
-4
-4
-2
0
-1
-3
-1
0
0
0
4
6
5
3
4
9
11
9
5
6
7
9
9
9
10
9
8
10
11
9
8
9
10
11
10
8
7
7
9
12
13
14
11
9
11
13
13
12
12
14
13
11
9
11
13
15
15
12
9
7
8
7
6
3
1
2
2
2
3
4
5
4
2
0
-2
-3
-3
-1
-3
-4
-6
-8
-9
-9
-11
-12
-12
-15
-14
-16
-20
-24
-24
-25
-27
-32
-34
-36
-37
-39
-41
-41
-41
-41
-43
-43
-46
-47
-45
-42
-42
-45
-46
-44
-44
-46
-47
-47
-47
-44
-44
-44
-42
-42
-41
-39
-39
-40
-37
-33
-32
-32
-26
-21
-18
-12
-6
-4
0
11
17
20
25
31
38
46
51
58
64
71
76
85
92
96
103
107
112
119
122
127
136
142
151
156
159
162
167
170
172
173
175
175
172
171
172
177
176
171
169
170
172
172
164
159
155
147
145
138
125
119
112
100
90
73
53
43
24
0
-16
-32
-51
-69
-83
-104
-127
-152
-171
-180
-188
-208
-231
-245
-261
-280
-298
-319
-332
-341
-349
-358
-361
-367
-371
-379
-395
-404
-404
-406
-413
-425
-437
-444
-448
-457
-463
-465
-470
-475
-472
-467
-457
-446
-441
-424
-406
-395
-373
-346
-320
-285
-251
-217
-178
-140
-100
-67
-19
31
67
117
153
193
249
289
333
368
396
432
465
506
530
547
573
593
622
642
652
667
682
698
719
740
753
768
774
775
784
794
798
802
801
791
782
775
767
754
727
695
665
628
590
566
529
479
421
373
327
269
214
148
83
34
-9
-55
-110
-158
-207
-259
-291
-317
-352
-403
-451
-475
-504
-549
-596
-636
-695
-753
-795
-851
-900
-959
-1027
-1080
-1127
-1177
-1240
-1296
-1345
-1377
-1377
-1365
-1357
-1353
-1349
-1317
-1232
-1134
-1058
-994
-927
-850
-738
-599
-488
-404
-323
-242
-139
-16
74
117
147
185
247
310
362
387
390
414
451
512
561
585
609
639
698
768
831
887
932
981
1036
1093
1146
1182
1210
1234
1261
1278
1277
1255
1218
1178
1142
1106
1051
969
889
812
729
642
559
465
355
252
170
93
13
-74
-159
-241
-310
-365
-415
-477
-544
-599
-637
-662
-674
-677
-690
-715
-720
-699
-677
-664
-659
-655
-640
-603
-551
-511
-487
-470
-446
-402
-344
-296
-262
-241
-215
-164
-102
-48
-18
2
34
90
152
207
252
290
317
347
388
425
451
466
477
490
503
511
499
467
433
394
346
288
201
106
25
-56
-140
-234
-346
-450
-540
-617
-670
-727
-807
-875
-912
-917
-900
-879
-878
-886
-865
-813
-754
-699
-672
-659
-628
-582
-513
-453
-451
-473
-468
-445
-420
-405
-398
-392
-395
-382
-338
-293
-270
-244
-188
-106
-17
68
153
240
337
442
550
653
745
823
897
977
1055
1111
1145
1164
1177
1186
1194
1184
1150
1115
1092
1072
1039
990
922
845
780
731
671
601
535
478
436
403
366
330
288
235
187
139
97
66
38
17
-1
-28
-52
-71
-94
-120
-147
-180
-215
-234
-235
-255
-278
-292
-301
-293
-280
-258
-260
-280
-278
-263
-227
-193
-171
-154
-139
-104
-63
-37
-33
-32
-35
-49
-54
-51
-74
-134
-191
-234
-292
-366
-430
-489
-574
-668
-762
-869
-977
-1040
-1052
-1065
-1107
-1163
-1203
-1201
-1137
-1045
-982
-972
-986
-948
-830
-692
-596
-556
-560
-536
-432
-309
-243
-256
-306
-327
-287
-218
-171
-164
-187
-195
-145
-62
-7
7
23
77
166
285
405
488
550
651
783
919
1040
1113
1155
1224
1318
1405
1451
1457
1462
1471
1474
1469
1438
1375
1299
1233
1184
1133
1058
958
846
754
692
636
554
460
369
280
205
155
109
38
-49
-132
-196
-242
-262
-270
-318
-404
-480
-519
-523
-524
-561
-618
-666
-697
-676
-636
-646
-699
-731
-703
-628
-573
-552
-545
-536
-508
-447
-384
-348
-336
-326
-295
-234
-171
-119
-81
-47
-5
36
70
94
124
165
229
295
341
369
412
473
512
524
531
522
489
457
419
360
282
197
120
34
-82
-205
-332
-500
-665
-764
-830
-906
-996
-1093
-1175
-1198
-1144
-1060
-1022
-1046
-1063
-1011
-893
-762
-683
-676
-696
-656
-524
-373
-308
-344
-420
-451
-418
-373
-352
-369
-425
-440
-374
-285
-231
-217
-214
-169
-66
62
172
247
330
457
600
736
858
959
1038
1118
1209
1277
1320
1356
1392
1422
1451
1459
1425
1370
1336
1323
1296
1237
1151
1057
981
937
911
872
798
704
621
552
503
478
445
378
298
229
166
123
104
75
3
-81
-143
-172
-180
-191
-238
-307
-359
-370
-347
-339
-381
-448
-494
-497
-466
-424
-423
-461
-477
-439
-406
-410
-421
-420
-421
-389
-309
-260
-279
-282
-238
-198
-158
-107
-98
-135
-129
-92
-122
-214
-285
-335
-402
-453
-481
-549
-690
-827
-917
-1017
-1131
-1178
-1154
-1149
-1214
-1297
-1333
-1295
-1166
-974
-839
-851
-902
-827
-622
-416
-305
-311
-374
-351
-159
87
203
133
-10
-84
-42
52
90
19
-100
-143
-51
93
159
124
62
67
177
339
465
520
549
633
794
993
1165
1254
1289
1331
1413
1503
1564
1587
1588
1572
1560
1578
1540
1456
1377
1316
1249
1118
1027
935
801
698
637
595
507
419
341
255
163
138
142
95
24
-70
-117
-148
-165
-151
-208
-308
-398
-401
-350
-361
-433
-530
-601
-600
-523
-465
-516
-624
-669
-621
-538
-488
-517
-581
-582
-497
-404
-362
-378
-430
-442
-351
-213
-158
-171
-151
-96
-53
8
90
108
74
110
217
267
255
273
304
258
172
114
33
-90
-165
-159
-194
-348
-554
-759
-955
-1093
-1105
-1066
-1128
-1305
-1452
-1480
-1402
-1244
-1061
-1001
-1085
-1124
-967
-698
-495
-434
-482
-534
-461
-221
32
91
-70
-242
-262
-175
-96
-99
-203
-336
-351
-205
-45
-11
-70
-116
-86
40
225
366
422
487
646
870
1080
1222
1287
1332
1428
1564
1665
1715
1727
1715
1714
1745
1746
1662
1549
1488
1445
1366
1271
1184
1062
920
850
833
753
608
515
465
375
295
289
278
182
77
19
-42
-106
-98
-57
-119
-269
-364
-358
-339
-357
-416
-511
-599
-609
-540
-515
-622
-761
-795
-730
-642
-560
-523
-584
-662
-616
-503
-488
-544
-551
-522
-494
-415
-295
-257
-303
-295
-202
-123
-76
-23
-6
-30
12
116
116
-22
-134
-159
-187
-234
-252
-316
-482
-651
-763
-908
-1111
-1227
-1184
-1119
-1153
-1248
-1320
-1335
-1242
-1023
-806
-769
-872
-887
-708
-452
-274
-219
-256
-296
-199
63
286
249
27
-115
-78
-2
15
-11
-76
-166
-159
0
139
100
-3
5
109
230
378
540
636
710
899
1158
1302
1308
1336
1449
1560
1622
1657
1673
1649
1605
1605
1640
1583
1425
1328
1317
1238
1097
1026
960
810
721
750
714
535
368
309
281
240
244
296
263
85
-73
-101
-131
-228
-266
-266
-378
-518
-509
-448
-514
-627
-660
-701
-770
-694
-522
-521
-673
-714
-627
-600
-599
-515
-448
-488
-489
-361
-295
-398
-469
-377
-297
-296
-216
-91
-131
-238
-166
-32
-65
-127
-40
53
71
191
397
384
143
0
-14
-156
-365
-397
-404
-664
-1035
-1411
-2040
-2796
-2969
-2365
-1720
-1554
-1562
-1353
-935
-383
164
320
-12
-255
77
656
921
854
702
477
147
-97
-187
-435
-991
-1422
-1351
-1059
-928
-865
-746
-712
-695
-428
-26
152
181
431
927
1369
1637
1799
1808
1629
1469
1466
1390
1071
767
728
838
924
947
893
780
738
819
904
950
1085
1401
1759
1956
1992
1987
1894
1603
1248
1014
846
652
530
520
426
111
-248
-377
-280
-245
-438
-692
-748
-590
-386
-294
-372
-546
-620
-502
-373
-423
-613
-829
-963
-880
-635
-520
-591
-585
-450
-371
-310
-187
-200
-352
-277
28
103
-74
-114
-90
-266
-400
-302
-314
-489
-357
43
170
77
207
388
307
272
488
533
301
282
546
610
372
89
-266
-766
-1155
-1292
-1478
-1947
-2557
-3182
-3909
-4554
-4525
-3559
-2210
-1232
-743
-301
432
1340
1981
1972
1428
947
933
1071
832
194
-500
-1103
-1628
-2000
-2159
-2212
-2211
-1977
-1382
-639
-76
316
769
1324
1798
2106
2282
2292
2142
2003
1893
1589
1131
827
661
397
149
130
177
146
241
560
887
1122
1370
1623
1816
1999
2169
2151
1928
1733
1645
1494
1224
992
787
430
-38
-345
-421
-447
-496
-437
-163
128
202
108
108
346
544
408
-31
-464
-584
-523
-556
-806
-1156
-1364
-1346
-1142
-1023
-1121
-1199
-1081
-741
-377
-103
-23
-78
-4
155
227
175
161
60
-188
-244
-102
-137
-418
-442
-264
-279
-353
-225
-22
63
330
704
784
660
689
807
703
593
644
593
402
370
533
554
302
-112
-568
-990
-1330
-1590
-1807
-2085
-2561
-3243
-4050
-4800
-5000
-4152
-2539
-1134
-424
68
881
1846
2482
2535
2014
1209
671
591
436
-241
-1072
-1577
-1911
-2284
-2451
-2293
-2105
-1924
-1335
-301
616
1134
1614
2247
2645
2625
2541
2444
2003
1359
1010
875
539
138
25
65
8
-24
128
360
592
922
1364
1780
2095
2329
2463
2456
2319
2029
1577
1122
838
671
480
288
163
41
-125
-280
-364
-371
-319
-183
134
559
764
620
466
563
680
457
-129
-762
-1068
-1009
-907
-992
-1170
-1274
-1206
-956
-721
-756
-925
-858
-521
-187
57
237
238
131
207
387
272
-111
-368
-428
-432
-331
-140
-108
-194
-113
31
-64
-205
-38
281
465
643
938
1102
1018
919
880
684
350
165
160
55
-305
-755
-1071
-1243
-1454
-1836
-2336
-2839
-3309
-3795
-4356
-4780
-4488
-3216
-1578
-425
105
486
1075
1771
2172
1985
1403
922
753
616
181
-519
-1180
-1638
-1937
-2073
-1992
-1817
-1606
-1114
-192
751
1289
1599
2019
2424
2560
2529
2422
2106
1661
1409
1296
973
527
353
411
386
334
469
713
948
1257
1642
1935
2111
2261
2368
2356
2219
1926
1429
860
429
170
-40
-257
-403
-429
-405
-405
-346
-133
90
129
135
341
568
465
128
-27
42
-32
-482
-1157
-1682
-1810
-1675
-1569
-1507
-1317
-1029
-739
-457
-314
-414
-508
-378
-237
-236
-178
-69
-160
-329
-258
-122
-227
-351
-231
-90
-105
-54
158
356
523
735
853
795
732
755
763
772
876
1004
1038
1026
1045
1028
905
698
476
265
-4
-375
-733
-990
-1253
-1581
-1869
-2178
-2749
-3557
-4330
-4846
-4815
-3876
-2259
-837
-45
576
1424
2215
2519
2221
1491
733
337
214
-70
-663
-1314
-1815
-2198
-2463
-2477
-2257
-1991
-1615
-825
278
1110
1446
1685
2034
2214
2144
2049
1858
1381
941
856
776
349
-55
-42
115
111
148
427
792
1086
1351
1655
1990
2260
2303
2167
2078
1989
1635
1093
710
516
310
102
36
56
14
-102
-185
-151
-10
170
383
676
940
909
557
225
165
192
-47
-587
-1093
-1282
-1235
-1178
-1119
-969
-778
-572
-240
80
46
-218
-209
60
150
57
15
-112
-380
-464
-376
-513
-773
-702
-390
-201
-82
82
132
119
354
722
844
762
721
698
636
618
598
493
394
397
446
487
478
378
224
7
-371
-833
-1157
-1388
-1718
-2053
-2246
-2574
-3310
-4180
-4757
-4875
-4360
-3106
-1596
-487
231
1018
1949
2618
2683
2153
1355
676
230
-169
-660
-1146
-1500
-1752
-1954
-2064
-1996
-1733
-1313
-716
75
910
1546
1964
2316
2551
2483
2186
1892
1568
1127
765
586
388
168
173
329
373
432
727
1099
1319
1446
1644
1901
2036
1924
1722
1631
1488
1051
552
360
346
191
-24
-43
88
196
277
327
274
189
213
261
236
275
373
220
-198
-463
-471
-617
-1068
-1517
-1659
-1538
-1396
-1328
-1175
-878
-597
-339
9
231
116
-41
51
192
237
334
397
204
38
188
266
-63
-363
-281
-150
-163
-57
159
217
233
457
729
831
873
947
959
917
925
930
862
813
849
858
774
652
547
369
-50
-676
-1220
-1551
-1872
-2268
-2528
-2684
-3084
-3778
-4448
-4907
-4978
-4239
-2686
-1137
-211
439
1303
2203
2687
2577
1956
1087
323
-205
-653
-1169
-1717
-2159
-2381
-2357
-2190
-2016
-1805
-1389
-637
334
1175
1701
2109
2524
2699
2545
2308
1990
1435
909
680
474
89
-149
-53
117
233
480
924
1396
1722
1891
1998
2111
2183
2110
1891
1652
1447
1181
834
530
308
92
-65
-40
119
263
346
396
492
667
769
655
499
499
432
43
-403
-512
-432
-582
-1016
-1420
-1546
-1399
-1218
-1168
-1103
-813
-395
-58
136
152
-14
-185
-249
-335
-461
-460
-404
-464
-467
-258
-118
-218
-234
-51
12
-71
-12
119
102
124
358
550
541
530
596
595
534
555
636
707
792
879
839
654
486
395
184
-322
-950
-1368
-1553
-1764
-2077
-2344
-2611
-3088
-3709
-4209
-4469
-4331
-3469
-1990
-626
199
835
1593
2261
2539
2306
1621
801
187
-223
-609
-1037
-1462
-1763
-1851
-1835
-1760
-1503
-1124
-776
-284
481
1191
1591
1908
2251
2322
2111
1962
1786
1312
794
566
488
348
273
388
527
629
872
1247
1543
1685
1754
1831
1903
1883
1714
1467
1254
1044
780
507
290
115
-6
-28
22
90
161
185
115
49
90
139
105
137
296
327
77
-213
-305
-355
-684
-1227
-1621
-1681
-1521
-1318
-1096
-808
-583
-469
-277
-47
-47
-218
-280
-236
-235
-156
31
41
-106
-56
79
-20
-163
-69
79
107
159
246
242
253
407
568
625
661
687
657
641
677
650
585
635
742
740
689
708
690
465
5
-555
-1043
-1434
-1866
-2332
-2640
-2817
-3147
-3681
-4180
-4504
-4545
-3957
-2623
-1146
-180
450
1274
2181
2616
2431
1890
1186
415
-257
-746
-1147
-1531
-1833
-1980
-1985
-1869
-1610
-1201
-711
-156
495
1149
1649
2008
2277
2341
2163
1912
1645
1245
799
520
414
345
298
335
437
573
791
1136
1545
1853
1952
1923
1915
1919
1793
1537
1301
1090
807
532
416
382
275
144
128
192
226
228
239
259
301
365
389
356
300
170
-142
-515
-670
-618
-712
-1093
-1414
-1372
-1174
-1097
-1043
-855
-648
-524
-356
-90
39
-146
-419
-483
-438
-514
-572
-443
-344
-359
-223
32
59
-39
97
304
271
220
415
575
524
543
712
749
638
623
673
629
591
664
721
680
638
646
638
577
483
333
53
-369
-806
-1167
-1569
-2049
-2358
-2396
-2563
-3139
-3821
-4275
-4465
-4139
-3018
-1579
-548
177
1090
2018
2478
2484
2221
1612
739
7
-464
-894
-1328
-1629
-1833
-2004
-2036
-1818
-1407
-942
-451
173
869
1396
1761
2142
2386
2259
1958
1748
1466
989
574
388
252
63
29
264
560
729
899
1216
1549
1696
1684
1662
1707
1708
1498
1153
984
1021
921
577
269
172
184
189
184
221
310
347
291
263
282
217
139
209
234
-70
-505
-630
-455
-422
-792
-1306
-1531
-1353
-1071
-897
-714
-431
-206
-51
167
309
177
-47
-179
-269
-270
-125
-92
-262
-299
-123
-66
-140
-22
230
339
386
537
638
594
611
767
881
861
779
660
533
464
444
437
463
520
585
647
671
604
444
158
-308
-846
-1262
-1627
-2097
-2490
-2639
-2852
-3393
-4021
-4480
-4697
-4334
-3127
-1591
-489
187
917
1759
2334
2407
2049
1415
688
34
-486
-931
-1368
-1750
-1972
-2050
-2043
-1859
-1430
-953
-526
86
900
1535
1890
2224
2469
2336
1978
1727
1472
1019
615
494
450
302
232
361
514
605
788
1140
1516
1744
1830
1896
1961
1864
1561
1250
1071
905
655
466
422
375
263
220
293
343
304
237
190
197
288
357
297
216
172
-34
-456
-734
-651
-552
-809
-1235
-1382
-1192
-972
-842
-654
-409
-305
-296
-162
2
-67
-264
-311
-278
-327
-296
-130
-95
-205
-156
10
21
-1
134
237
179
176
280
291
228
297
458
545
608
722
776
714
677
720
704
587
494
491
498
461
382
214
-134
-618
-1041
-1344
-1693
-2116
-2392
-2498
-2759
-3321
-3909
-4241
-4186
-3519
-2214
-880
-120
343
1098
1939
2262
2060
1654
1097
460
-1
-317
-741
-1268
-1689
-1927
-2000
-1898
-1611
-1156
-622
-57
579
1196
1604
1846
2096
2208
2002
1694
1514
1282
904
668
631
469
179
90
212
341
559
977
1410
1704
1868
1894
1779
1615
1412
1149
923
786
659
500
371
332
360
349
255
198
244
263
174
118
225
389
440
396
356
210
-190
-612
-706
-591
-672
-1003
-1256
-1221
-1036
-932
-938
-863
-647
-452
-308
-63
168
100
-135
-171
-94
-187
-285
-196
-189
-315
-227
22
93
137
344
409
250
263
449
446
351
478
687
752
783
841
760
566
468
447
387
377
478
559
559
539
467
219
-242
-780
-1206
-1491
-1778
-2086
-2266
-2385
-2749
-3379
-3983
-4390
-4480
-3912
-2631
-1254
-308
415
1206
1894
2233
2233
1900
1251
543
63
-228
-556
-975
-1386
-1732
-1977
-2019
-1776
-1327
-824
-292
340
986
1476
1836
2119
2177
2003
1850
1754
1499
1137
900
715
444
244
267
357
372
461
774
1181
1455
1540
1566
1606
1569
1366
1103
964
948
875
686
549
551
553
453
325
248
196
115
3
-32
84
208
191
134
143
41
-280
-581
-608
-444
-395
-620
-900
-928
-777
-761
-871
-846
-689
-567
-400
-120
33
-66
-210
-304
-380
-294
-57
14
-83
-22
141
134
71
115
97
-27
-44
72
175
279
427
537
627
780
885
849
805
803
706
582
574
560
452
422
492
413
93
-363
-900
-1408
-1738
-1950
-2185
-2391
-2535
-2830
-3421
-4069
-4431
-4274
-3401
-1917
-505
230
536
1052
1754
2061
1782
1274
860
530
228
-44
-346
-818
-1430
-1934
-2118
-1999
-1677
-1225
-693
-81
607
1204
1510
1607
1673
1686
1593
1531
1537
1445
1240
1095
950
640
300
130
67
71
292
709
1112
1413
1591
1613
1559
1511
1364
1094
890
787
624
449
455
589
623
514
371
248
159
94
38
42
172
333
389
371
312
72
-371
-711
-682
-451
-387
-622
-912
-901
-612
-449
-554
-599
-436
-287
-172
29
135
0
-135
-150
-215
-296
-244
-215
-314
-286
-50
102
139
289
435
387
338
407
367
232
254
367
394
464
637
701
637
642
714
692
591
519
474
445
455
465
357
15
-584
-1256
-1733
-2023
-2325
-2611
-2766
-2961
-3401
-3971
-4404
-4423
-3702
-2258
-798
-29
219
587
1233
1767
1859
1525
1017
602
333
58
-310
-736
-1245
-1817
-2172
-2042
-1584
-1151
-767
-209
499
1021
1193
1263
1444
1584
1568
1627
1829
1830
1538
1311
1182
867
467
317
306
244
356
781
1204
1392
1473
1540
1517
1398
1248
1073
939
926
921
801
707
778
819
643
411
317
281
175
51
34
139
228
193
154
226
175
-232
-653
-599
-262
-204
-505
-804
-890
-767
-585
-622
-878
-944
-710
-559
-544
-364
-152
-201
-249
-56
24
-164
-209
-65
-112
-220
-34
192
170
194
340
226
-27
29
204
148
155
472
730
732
757
845
778
630
557
436
265
255
354
324
262
319
269
-116
-653
-1081
-1396
-1663
-1834
-1847
-1825
-2054
-2666
-3431
-4070
-4504
-4441
-3425
-1767
-546
-140
159
783
1401
1736
1779
1503
1068
823
760
543
57
-553
-1194
-1803
-2145
-2019
-1571
-1149
-820
-385
161
577
836
1135
1460
1658
1869
2233
2407
2139
1778
1559
1191
645
363
370
280
185
432
814
908
804
796
854
885
958
1046
1090
1200
1361
1328
1099
956
947
853
680
607
588
402
37
-258
-288
-166
-181
-342
-364
-191
-180
-461
-588
-273
89
63
-222
-466
-538
-411
-310
-494
-722
-679
-606
-671
-574
-380
-501
-699
-518
-213
-119
-13
170
171
134
333
488
388
351
424
254
22
115
235
77
37
279
384
332
463
640
571
439
460
489
455
482
535
493
408
322
82
-373
-894
-1315
-1575
-1721
-1808
-1833
-1882
-2206
-2853
-3501
-3997
-4386
-4245
-3062
-1392
-424
-316
-204
313
920
1395
1673
1632
1435
1414
1461
1162
460
-388
-1182
-1786
-2004
-1788
-1366
-1059
-922
-711
-327
10
214
551
1095
1588
2018
2540
2854
2634
2253
2056
1715
1132
789
761
632
441
477
542
364
146
112
175
295
550
850
1092
1376
1683
1742
1524
1366
1390
1344
1103
825
583
288
-86
-413
-546
-511
-545
-715
-730
-475
-341
-522
-563
-121
389
422
64
-225
-241
-137
-200
-488
-729
-749
-737
-771
-692
-622
-784
-906
-658
-310
-153
-51
74
126
232
478
629
588
563
552
376
168
102
39
-24
164
465
504
400
427
449
357
338
388
334
315
485
635
594
512
476
279
-177
-676
-991
-1157
-1344
-1578
-1756
-1954
-2433
-3233
-4037
-4551
-4587
-3874
-2470
-1181
-717
-714
-379
356
1069
1573
1817
1758
1646
1711
1641
1097
292
-469
-1148
-1597
-1600
-1344
-1231
-1318
-1326
-1121
-815
-520
-166
379
1062
1681
2196
2620
2715
2382
2080
2088
1985
1562
1258
1205
998
596
325
191
1
-233
-368
-288
16
325
452
616
1036
1449
1535
1520
1716
1877
1675
1364
1255
1100
607
58
-218
-327
-506
-769
-969
-986
-902
-948
-1031
-731
-31
445
327
46
53
209
228
88
-133
-318
-381
-472
-643
-688
-758
-1112
-1289
-860
-367
-234
-94
104
71
131
523
678
461
521
789
603
214
199
155
-187
-138
341
383
58
120
316
146
53
320
443
329
419
627
587
420
344
170
-245
-662
-880
-1000
-1156
-1322
-1429
-1558
-1939
-2656
-3478
-4147
-4474
-4069
-2779
-1367
-835
-1060
-1107
-544
371
1281
1770
1620
1369
1588
1869
1608
986
319
-399
-921
-960
-832
-988
-1415
-1802
-1811
-1370
-840
-482
-63
559
1141
1631
2161
2483
2391
2314
2562
2695
2415
2093
1852
1397
830
499
307
1
-373
-663
-719
-475
-195
-117
41
536
1026
1196
1319
1651
1913
1860
1708
1681
1583
1185
609
122
-186
-412
-704
-1035
-1140
-984
-946
-1122
-1029
-448
81
58
-256
-278
88
415
376
150
39
0
-139
-274
-315
-514
-942
-1136
-857
-506
-364
-325
-365
-375
-91
272
300
278
503
581
408
471
641
408
98
221
420
313
191
147
-91
-310
-174
-18
-124
-104
169
274
216
335
396
6
-576
-898
-970
-982
-989
-1011
-1125
-1427
-2052
-2944
-3760
-4193
-4017
-3055
-1766
-1206
-1596
-1897
-1418
-478
547
1442
1781
1567
1463
1678
1690
1295
852
523
225
23
-98
-426
-1043
-1638
-1849
-1553
-1027
-754
-713
-476
-33
359
875
1575
2025
2185
2515
2918
2894
2532
2249
2040
1762
1506
1301
990
505
-84
-616
-815
-669
-556
-570
-301
258
594
661
902
1335
1599
1661
1718
1758
1653
1362
954
607
424
206
-225
-653
-820
-917
-1188
-1371
-1088
-540
-304
-556
-852
-733
-327
-97
-126
-75
116
151
50
46
-44
-383
-593
-431
-225
-149
-121
-323
-730
-746
-236
131
137
229
379
247
114
248
237
31
197
595
603
400
398
263
-108
-154
91
27
-202
-83
127
13
-118
-1
-10
-350
-715
-896
-933
-869
-823
-931
-1165
-1601
-2389
-3304
-3889
-3922
-3302
-2187
-1408
-1721
-2567
-2637
-1574
-157
878
1327
1296
1135
1239
1549
1711
1598
1316
999
765
577
225
-378
-1033
-1384
-1245
-898
-824
-1049
-1202
-1079
-653
94
921
1441
1670
1940
2324
2604
2655
2570
2504
2499
2440
2207
1850
1415
826
168
-219
-267
-345
-601
-682
-448
-248
-215
-12
446
808
961
1133
1412
1644
1672
1465
1253
1240
1157
685
103
-202
-392
-752
-1126
-1150
-782
-526
-885
-1508
-1535
-925
-435
-321
-232
-138
-203
-182
84
223
74
-56
-51
-30
58
84
-229
-597
-497
-137
7
20
44
-79
-217
-79
81
-10
-3
272
381
283
419
622
410
105
241
487
375
158
125
113
81
196
295
104
-330
-853
-1264
-1267
-948
-880
-1223
-1601
-1976
-2593
-3298
-3644
-3358
-2476
-1565
-1484
-2264
-2796
-2189
-808
358
776
611
408
576
985
1270
1397
1511
1527
1350
1077
760
328
-175
-542
-554
-323
-395
-1024
-1627
-1612
-1185
-730
-227
243
426
556
1087
1816
2227
2408
2641
2756
2607
2458
2432
2309
2026
1694
1305
832
326
-188
-570
-550
-259
-199
-410
-383
-1
286
336
493
858
1163
1279
1331
1373
1305
1073
801
664
604
336
-186
-543
-409
-118
-250
-870
-1414
-1374
-939
-722
-888
-1019
-880
-651
-429
-224
-219
-384
-340
-23
205
181
108
83
47
116
299
340
210
62
-50
-67
-8
-63
-266
-342
-108
75
-58
-78
169
188
-52
-37
247
335
201
167
222
260
367
413
192
-138
-396
-657
-851
-804
-776
-1130
-1636
-1928
-2224
-2821
-3387
-3359
-2699
-1943
-1768
-2337
-2925
-2576
-1263
56
534
223
-113
177
939
1497
1594
1587
1667
1581
1262
988
780
435
117
155
349
97
-683
-1305
-1228
-803
-628
-622
-478
-330
-207
288
1100
1577
1615
1788
2182
2338
2260
2401
2722
2771
2443
1992
1572
1145
698
388
378
448
134
-479
-730
-420
-91
-35
45
267
375
338
408
636
888
1037
972
753
577
387
16
-223
46
465
328
-396
-1047
-1105
-733
-460
-536
-789
-983
-1006
-872
-741
-744
-759
-623
-422
-313
-309
-358
-387
-227
115
354
368
318
254
145
194
423
406
84
-24
139
46
-252
-202
57
15
-130
4
121
-48
-140
13
119
150
267
303
145
-16
-155
-358
-437
-293
-261
-536
-890
-1243
-1781
-2436
-2793
-2635
-2172
-1861
-2066
-2624
-2889
-2468
-1584
-715
-280
-422
-671
-338
481
1027
1096
1180
1418
1433
1217
1153
1207
1028
740
729
802
409
-384
-870
-764
-543
-595
-750
-790
-752
-585
-168
333
637
784
976
1262
1564
1867
2238
2637
2808
2544
2061
1786
1770
1691
1488
1340
1129
596
-13
-174
112
350
254
3
-125
-94
-28
65
274
533
626
498
336
251
190
177
347
642
737
379
-232
-557
-354
-25
3
-204
-488
-815
-952
-761
-591
-694
-782
-709
-687
-732
-723
-771
-785
-430
17
-41
-319
-185
96
136
294
571
363
-60
89
432
248
42
331
430
2
-177
88
107
-127
-96
-15
-210
-278
-32
58
-89
-135
-241
-593
-737
-487
-432
-794
-1128
-1339
-1738
-2222
-2410
-2168
-1686
-1550
-2198
-2899
-2513
-1349
-683
-763
-934
-914
-659
-13
694
836
621
798
1259
1281
944
920
1169
1158
950
879
702
167
-265
-202
-86
-367
-694
-712
-670
-647
-320
135
206
110
424
949
1171
1268
1675
2220
2463
2343
2092
1929
1930
1961
1838
1614
1387
1039
601
438
623
707
450
141
28
19
43
155
303
331
221
113
97
141
155
90
48
189
384
238
-266
-565
-289
147
153
-246
-633
-786
-698
-452
-324
-519
-826
-868
-654
-500
-560
-718
-781
-646
-448
-416
-471
-338
-135
-116
-63
173
174
-113
-45
402
451
100
96
419
455
301
347
363
140
22
79
-11
-124
43
179
-37
-274
-287
-343
-518
-552
-494
-620
-892
-1125
-1359
-1684
-1976
-2022
-1815
-1688
-2029
-2627
-2669
-1849
-988
-879
-1219
-1293
-957
-404
192
527
452
392
683
954
897
867
1098
1197
978
773
682
472
234
249
292
-20
-483
-653
-558
-451
-311
-88
25
-28
19
331
718
988
1203
1506
1839
2004
1962
1917
2002
2077
1984
1788
1619
1426
1134
867
815
877
747
403
161
168
222
223
276
347
268
110
121
283
337
173
-22
-15
190
302
83
-283
-373
-146
23
-94
-355
-555
-593
-471
-379
-533
-780
-805
-641
-553
-599
-702
-794
-731
-494
-380
-511
-537
-323
-238
-323
-187
54
-23
-164
36
178
-90
-235
86
324
179
78
184
196
107
100
73
-27
19
155
72
-164
-244
-243
-358
-462
-514
-726
-1019
-1088
-1111
-1460
-1916
-2029
-1840
-1692
-1807
-2212
-2523
-2210
-1435
-971
-1087
-1299
-1165
-692
-125
232
269
255
481
808
932
923
1048
1198
1100
915
915
873
587
406
522
455
-14
-380
-341
-235
-245
-156
-31
-125
-225
4
375
561
704
1014
1348
1543
1699
1859
1947
1999
2087
2103
1950
1723
1543
1433
1343
1176
910
683
559
434
293
252
260
176
59
20
11
2
83
162
24
-208
-148
159
224
-56
-273
-224
-142
-197
-310
-408
-469
-437
-392
-518
-746
-813
-716
-641
-605
-625
-805
-901
-632
-376
-535
-682
-432
-243
-387
-361
-66
-24
-152
50
286
59
-184
39
263
132
75
256
270
141
177
175
-29
-13
297
296
-117
-356
-283
-267
-365
-473
-703
-1005
-1183
-1339
-1640
-1924
-1983
-1853
-1732
-1891
-2365
-2640
-2197
-1372
-1012
-1297
-1566
-1321
-739
-183
154
164
72
325
799
895
699
866
1281
1288
988
888
882
718
663
777
589
69
-190
-61
-19
-160
-145
-34
-109
-190
-3
217
257
401
804
1121
1192
1312
1636
1939
2051
2051
2039
2008
1909
1813
1787
1708
1445
1143
978
860
644
395
232
166
113
18
-85
-156
-171
-94
-10
-116
-317
-219
131
200
-91
-223
-18
117
-28
-240
-345
-331
-220
-173
-369
-666
-770
-690
-591
-560
-672
-866
-859
-623
-542
-702
-716
-484
-347
-350
-247
-101
-130
-158
59
275
225
124
169
171
101
176
308
272
219
269
178
-24
15
205
164
-68
-228
-319
-373
-342
-392
-697
-1044
-1176
-1253
-1512
-1826
-1940
-1841
-1727
-1835
-2160
-2314
-1976
-1446
-1271
-1454
-1521
-1195
-630
-156
-12
-96
-23
359
710
750
704
822
946
914
869
888
807
660
653
672
401
-6
-83
104
77
-168
-246
-157
-125
-76
87
182
175
328
682
939
969
1025
1339
1760
1950
1873
1842
1993
2085
1973
1851
1837
1747
1499
1285
1181
1034
799
599
436
247
80
2
-42
-91
-115
-149
-253
-354
-306
-172
-165
-309
-388
-250
-49
-43
-231
-331
-205
-63
-100
-216
-316
-476
-583
-479
-399
-599
-797
-675
-513
-620
-760
-680
-541
-462
-354
-288
-368
-379
-155
65
120
179
248
163
64
169
287
231
272
487
441
90
-29
194
311
127
-104
-224
-348
-474
-503
-589
-860
-1161
-1375
-1564
-1763
-1904
-1908
-1864
-2004
-2297
-2309
-1858
-1418
-1417
-1631
-1645
-1349
-839
-336
-137
-233
-203
168
544
625
625
790
935
854
744
799
865
801
725
652
449
201
134
181
127
14
-22
-67
-164
-111
124
260
216
253
479
717
911
1144
1375
1524
1657
1808
1893
1926
2012
2096
2049
1924
1816
1700
1560
1441
1300
1071
846
747
679
486
246
145
180
162
-31
-241
-245
-113
-111
-299
-446
-387
-274
-250
-298
-440
-577
-517
-368
-327
-370
-418
-461
-458
-363
-345
-519
-557
-326
-283
-528
-584
-407
-380
-441
-323
-257
-431
-451
-224
-218
-386
-254
28
14
-112
-30
39
-34
58
334
378
166
110
271
297
118
8
32
-14
-215
-458
-670
-861
-1038
-1207
-1455
-1794
-2011
-1953
-1894
-2170
-2516
-2358
-1750
-1401
-1617
-1876
-1660
-1107
-612
-332
-287
-343
-164
284
558
529
641
960
1010
751
658
809
864
783
708
505
139
24
293
398
51
-220
-106
-21
-105
24
273
256
201
458
742
799
911
1243
1548
1668
1701
1763
1897
2052
2147
2167
2095
1922
1777
1754
1705
1484
1230
1086
939
678
461
405
333
141
41
66
-82
-339
-240
101
46
-396
-531
-197
49
-80
-312
-397
-364
-299
-275
-386
-610
-737
-619
-445
-507
-756
-861
-705
-519
-477
-494
-486
-502
-488
-309
-125
-203
-364
-242
-16
-103
-344
-327
-156
-121
-114
-41
-115
-309
-235
68
159
30
54
187
100
-92
-64
83
58
-121
-305
-537
-847
-1072
-1155
-1281
-1514
-1681
-1786
-2041
-2366
-2344
-1922
-1584
-1669
-1944
-1957
-1551
-951
-544
-494
-569
-411
0
337
433
503
701
859
836
779
810
837
816
797
685
395
164
230
366
245
31
22
73
-30
-73
111
246
201
301
606
728
659
875
1350
1535
1417
1526
1863
1991
1954
2076
2211
2100
1949
1987
1995
1754
1458
1343
1295
1079
760
561
440
233
48
44
7
-259
-452
-273
-36
-184
-487
-453
-145
-12
-149
-309
-368
-336
-198
-82
-236
-579
-695
-482
-343
-528
-770
-777
-665
-642
-631
-547
-519
-551
-444
-260
-284
-407
-270
7
38
-113
-132
-78
-141
-176
-47
37
-63
-163
-140
-122
-147
-95
10
8
-125
-259
-290
-241
-213
-309
-494
-652
-804
-1071
-1356
-1413
-1289
-1369
-1801
-2196
-2143
-1759
-1506
-1627
-1923
-2010
-1656
-1022
-606
-691
-901
-674
-92
286
272
246
472
714
708
615
660
737
745
784
751
436
131
264
534
370
-5
-31
147
109
62
279
414
244
234
629
926
847
858
1220
1507
1439
1398
1659
1904
1913
1934
2054
2006
1816
1850
2042
1960
1619
1436
1444
1314
1026
869
813
582
261
157
160
-43
-279
-200
-74
-356
-742
-632
-220
-148
-397
-507
-465
-473
-402
-200
-222
-525
-625
-406
-351
-585
-669
-520
-506
-656
-678
-626
-690
-677
-440
-309
-463
-575
-435
-277
-235
-200
-172
-218
-212
-100
-43
-87
-100
-66
-51
-1
67
-3
-171
-210
-133
-155
-292
-416
-513
-640
-822
-1031
-1229
-1392
-1482
-1462
-1442
-1662
-2066
-2193
-1803
-1326
-1300
-1638
-1843
-1635
-1148
-697
-568
-740
-806
-458
4
138
56
129
317
385
380
426
435
401
476
546
339
20
63
411
488
187
18
136
204
203
407
629
525
395
673
1062
1073
922
1100
1484
1616
1503
1526
1742
1868
1842
1873
1966
1918
1767
1756
1848
1788
1590
1488
1462
1316
1115
1024
946
745
542
441
310
111
46
104
-27
-356
-466
-264
-184
-394
-577
-582
-565
-505
-354
-364
-646
-813
-602
-342
-406
-661
-750
-629
-513
-501
-526
-563
-601
-571
-477
-420
-429
-452
-449
-388
-315
-329
-382
-324
-195
-161
-214
-249
-255
-222
-106
-16
-95
-249
-294
-264
-296
-390
-473
-560
-684
-846
-1076
-1357
-1552
-1565
-1489
-1515
-1724
-2016
-2120
-1842
-1383
-1196
-1404
-1643
-1527
-1070
-596
-377
-441
-569
-456
-125
110
168
168
161
159
192
261
265
169
158
279
235
-42
-168
46
263
231
147
173
220
313
568
805
773
666
867
1274
1468
1395
1386
1575
1747
1766
1749
1801
1847
1851
1878
1887
1769
1623
1654
1762
1654
1369
1227
1287
1277
1102
937
874
817
712
581
403
256
295
405
263
-121
-344
-248
-131
-218
-438
-640
-714
-631
-503
-508
-715
-886
-791
-612
-616
-747
-822
-768
-641
-557
-588
-673
-640
-474
-358
-383
-463
-488
-400
-256
-234
-362
-416
-293
-183
-230
-317
-319
-290
-280
-225
-157
-224
-372
-369
-250
-264
-413
-507
-578
-746
-912
-998
-1156
-1424
-1580
-1527
-1499
-1683
-1938
-1975
-1726
-1395
-1240
-1348
-1529
-1446
-973
-426
-264
-478
-602
-365
-16
147
161
157
116
76
139
208
115
-1
93
234
104
-190
-275
-113
46
99
111
83
64
221
557
794
794
780
953
1196
1359
1478
1583
1629
1684
1823
1918
1847
1770
1845
1939
1877
1741
1654
1582
1498
1485
1508
1396
1154
1015
1034
1015
873
785
812
752
521
352
410
485
343
112
25
36
-27
-156
-279
-387
-451
-434
-435
-564
-735
-817
-807
-749
-700
-758
-907
-949
-790
-624
-611
-649
-640
-618
-540
-376
-290
-385
-447
-338
-277
-395
-453
-333
-273
-379
-456
-436
-453
-460
-315
-181
-324
-601
-643
-463
-397
-550
-721
-820
-932
-1075
-1203
-1351
-1491
-1501
-1419
-1506
-1801
-1945
-1692
-1281
-1093
-1163
-1279
-1257
-987
-524
-189
-213
-347
-243
-16
78
135
295
375
234
122
231
294
93
-60
110
234
-51
-387
-321
-70
21
51
124
85
3
201
631
872
835
888
1185
1428
1467
1554
1791
1932
1906
1926
2018
1976
1838
1851
2005
2016
1792
1556
1483
1475
1401
1291
1200
1077
916
816
810
807
733
615
509
460
490
553
515
333
171
202
316
256
1
-213
-237
-182
-218
-384
-597
-748
-760
-660
-613
-757
-954
-958
-768
-645
-685
-734
-697
-638
-561
-434
-351
-381
-383
-263
-182
-253
-327
-286
-214
-190
-217
-305
-420
-437
-328
-245
-327
-532
-706
-754
-702
-663
-762
-1019
-1285
-1421
-1483
-1597
-1694
-1642
-1572
-1739
-2016
-1996
-1621
-1248
-1127
-1191
-1273
-1196
-839
-367
-130
-236
-361
-206
79
171
92
106
216
223
137
75
17
-71
-124
-114
-109
-178
-329
-460
-426
-228
-26
52
24
37
208
498
778
987
1130
1206
1290
1481
1711
1836
1879
1959
2032
1985
1878
1852
1894
1919
1921
1837
1629
1387
1336
1465
1490
1326
1098
979
932
865
844
847
796
678
612
643
602
445
352
416
465
349
155
6
-82
-113
-85
-99
-263
-521
-685
-657
-535
-505
-632
-781
-820
-777
-730
-691
-667
-687
-689
-585
-466
-467
-518
-454
-317
-256
-304
-375
-404
-345
-236
-213
-339
-468
-462
-387
-375
-443
-553
-696
-845
-922
-925
-982
-1176
-1417
-1605
-1756
-1870
-1842
-1709
-1716
-1944
-2115
-1954
-1538
-1185
-1093
-1174
-1187
-953
-526
-165
-63
-121
-93
81
262
346
348
284
196
184
257
243
30
-195
-208
-106
-126
-255
-328
-342
-332
-205
10
109
98
211
465
642
745
949
1233
1409
1466
1567
1729
1827
1854
1926
2032
2029
1914
1839
1863
1878
1840
1793
1708
1521
1336
1307
1369
1329
1180
1062
1006
952
905
888
857
784
729
706
631
479
371
394
451
357
101
-137
-218
-184
-150
-181
-327
-570
-723
-636
-473
-486
-622
-679
-662
-657
-602
-486
-467
-561
-573
-449
-366
-403
-424
-373
-343
-363
-345
-325
-401
-497
-455
-350
-380
-521
-588
-559
-560
-608
-669
-787
-945
-1021
-1026
-1116
-1325
-1535
-1692
-1802
-1799
-1675
-1616
-1761
-1940
-1872
-1582
-1315
-1173
-1097
-1065
-1021
-808
-437
-189
-177
-171
-36
84
108
142
203
176
98
123
169
52
-169
-296
-255
-186
-220
-281
-292
-324
-340
-217
10
206
309
368
489
692
903
1117
1328
1486
1586
1680
1760
1819
1894
1986
2037
1992
1897
1852
1837
1781
1717
1680
1643
1533
1368
1277
1273
1245
1187
1122
1052
988
900
837
884
931
848
700
592
497
393
339
333
234
-1
-218
-273
-248
-299
-411
-486
-571
-689
-729
-666
-637
-682
-695
-641
-583
-555
-531
-484
-426
-388
-363
-337
-336
-360
-373
-370
-375
-388
-403
-451
-512
-541
-549
-566
-586
-619
-699
-771
-776
-764
-837
-966
-1046
-1055
-1058
-1112
-1226
-1379
-1507
-1531
-1460
-1392
-1398
-1445
-1451
-1413
-1351
-1239
-1069
-944
-937
-962
-896
-749
-600
-470
-391
-400
-430
-373
-252
-187
-189
-179
-157
-175
-206
-183
-131
-135
-166
-122
-24
-2
-43
-8
100
177
260
434
605
638
634
779
1033
1212
1297
1401
1514
1545
1554
1668
1836
1894
1856
1858
1892
1870
1837
1884
1930
1845
1708
1675
1702
1645
1549
1531
1542
1444
1290
1223
1223
1165
1041
941
871
762
623
527
458
340
193
89
-14
-166
-283
-280
-254
-340
-493
-575
-563
-523
-493
-474
-502
-591
-648
-581
-452
-392
-421
-464
-476
-485
-486
-464
-441
-459
-519
-580
-622
-670
-731
-791
-838
-893
-978
-1087
-1197
-1276
-1320
-1360
-1433
-1539
-1662
-1780
-1869
-1888
-1828
-1755
-1724
-1732
-1721
-1647
-1499
-1303
-1146
-1087
-1053
-937
-732
-516
-361
-304
-330
-346
-245
-46
111
111
-14
-139
-162
-83
25
38
-102
-293
-349
-214
-27
58
38
6
32
130
297
483
616
670
715
830
1011
1183
1305
1403
1491
1567
1659
1775
1847
1846
1844
1896
1952
1957
1895
1797
1721
1703
1720
1707
1625
1501
1392
1339
1335
1339
1299
1193
1047
945
941
979
949
824
675
557
473
421
371
280
138
-12
-107
-153
-202
-281
-381
-470
-535
-555
-555
-603
-695
-731
-678
-616
-614
-649
-668
-654
-612
-547
-498
-505
-562
-606
-573
-484
-440
-492
-596
-683
-730
-754
-791
-888
-1058
-1220
-1294
-1320
-1393
-1561
-1771
-1939
-2050
-2096
-2058
-1999
-1995
-2033
-2042
-1963
-1807
-1620
-1437
-1287
-1182
-1087
-934
-694
-454
-319
-283
-265
-204
-98
17
91
61
-22
-56
-39
-35
-61
-119
-207
-301
-311
-187
-57
-50
-124
-118
16
189
342
492
603
671
788
1002
1230
1366
1427
1504
1607
1699
1794
1890
1908
1834
1803
1893
1966
1907
1806
1761
1713
1620
1563
1551
1483
1365
1304
1297
1258
1178
1118
1090
1047
987
965
964
889
740
637
621
610
556
467
340
183
85
98
120
29
-155
-297
-341
-329
-317
-346
-447
-565
-587
-489
-400
-422
-506
-546
-528
-481
-422
-378
-394
-449
-451
-378
-326
-361
-431
-463
-473
-510
-600
-755
-936
-1078
-1159
-1251
-1411
-1616
-1833
-2047
-2218
-2286
-2269
-2252
-2298
-2375
-2409
-2361
-2210
-1983
-1755
-1622
-1569
-1453
-1187
-859
-591
-420
-337
-314
-249
-48
184
242
135
45
62
113
115
51
-63
-200
-278
-232
-122
-100
-202
-263
-174
-11
149
309
438
509
614
856
1147
1317
1384
1498
1676
1809
1882
1975
2077
2109
2091
2097
2120
2096
2047
2004
1926
1779
1635
1552
1488
1384
1263
1173
1117
1070
1023
971
912
853
813
802
789
741
675
637
630
617
578
498
387
296
260
238
163
44
-72
-156
-220
-268
-326
-409
-503
-568
-582
-554
-524
-529
-574
-605
-591
-547
-512
-516
-550
-566
-539
-492
-472
-505
-568
-606
-610
-628
-704
-839
-995
-1124
-1212
-1306
-1454
-1663
-1908
-2113
-2196
-2174
-2161
-2226
-2330
-2403
-2375
-2246
-2078
-1933
-1845
-1793
-1699
-1483
-1180
-903
-737
-676
-640
-511
-259
-18
62
-6
-88
-76
12
80
58
-50
-169
-211
-152
-70
-71
-149
-190
-124
8
137
251
371
478
590
756
990
1212
1363
1472
1586
1705
1824
1948
2059
2114
2118
2132
2155
2145
2107
2057
1996
1925
1832
1710
1570
1433
1319
1246
1178
1069
935
819
747
746
754
714
651
593
552
537
527
508
480
435
370
319
311
316
268
155
47
0
-23
-48
-87
-168
-274
-345
-372
-362
-355
-382
-420
-439
-438
-404
-365
-382
-447
-476
-422
-365
-369
-404
-426
-435
-442
-477
-576
-730
-878
-977
-1044
-1144
-1322
-1539
-1725
-1898
-2041
-2109
-2144
-2193
-2255
-2305
-2309
-2263
-2154
-1983
-1830
-1755
-1709
-1584
-1351
-1100
-919
-823
-776
-688
-513
-313
-181
-181
-250
-252
-170
-81
-42
-74
-169
-249
-222
-99
-7
-23
-88
-91
6
166
364
541
614
652
799
1051
1278
1410
1485
1591
1725
1859
1998
2089
2085
2059
2096
2173
2188
2132
2080
2050
1981
1885
1799
1687
1543
1420
1345
1277
1175
1049
940
856
782
723
694
660
580
492
458
473
475
438
389
337
282
243
232
226
170
71
-4
-41
-68
-104
-138
-176
-237
-294
-302
-284
-287
-316
-328
-301
-286
-293
-321
-368
-393
-382
-353
-330
-345
-394
-422
-430
-461
-541
-668
-813
-948
-1043
-1140
-1290
-1494
-1720
-1918
-2052
-2119
-2130
-2160
-2252
-2326
-2330
-2260
-2129
-2011
-1945
-1902
-1836
-1679
-1438
-1232
-1134
-1094
-1047
-931
-737
-537
-452
-505
-587
-575
-472
-392
-410
-492
-564
-558
-460
-340
-272
-286
-304
-198
23
234
390
506
605
757
993
1247
1433
1525
1598
1739
1922
2072
2157
2173
2168
2179
2196
2195
2160
2096
2032
1970
1884
1778
1674
1569
1459
1364
1289
1195
1083
984
908
847
786
728
698
666
595
515
464
433
419
414
373
306
238
202
205
178
75
-55
-125
-121
-108
-133
-203
-311
-399
-389
-309
-261
-284
-342
-375
-353
-288
-245
-255
-290
-315
-274
-177
-145
-202
-262
-282
-277
-280
-351
-497
-673
-804
-875
-948
-1098
-1348
-1620
-1806
-1905
-1936
-1939
-1997
-2131
-2245
-2252
-2150
-2007
-1894
-1847
-1834
-1776
-1610
-1359
-1140
-1051
-1035
-983
-847
-641
-450
-372
-419
-511
-523
-405
-282
-282
-384
-491
-522
-442
-308
-239
-281
-341
-268
-52
171
317
419
527
681
910
1179
1386
1493
1580
1739
1941
2086
2156
2191
2204
2206
2241
2286
2265
2162
2057
1995
1940
1855
1748
1612
1458
1333
1259
1193
1104
1000
910
860
826
788
763
716
621
549
534
529
510
472
421
366
316
299
306
261
152
40
-11
-16
-30
-78
-163
-285
-380
-380
-326
-322
-369
-404
-398
-357
-306
-279
-278
-296
-300
-243
-153
-121
-161
-200
-204
-218
-269
-360
-497
-637
-743
-813
-900
-1089
-1380
-1639
-1790
-1863
-1915
-1974
-2058
-2162
-2237
-2218
-2114
-2004
-1926
-1871
-1802
-1687
-1513
-1315
-1161
-1079
-1042
-983
-868
-718
-596
-561
-610
-674
-684
-643
-609
-614
-667
-743
-769
-705
-595
-519
-513
-497
-387
-209
-24
150
298
437
611
836
1082
1274
1377
1487
1662
1832
1954
2043
2091
2095
2104
2161
2210
2174
2090
2045
2020
1955
1853
1759
1681
1592
1495
1429
1369
1271
1161
1088
1039
966
882
837
807
714
597
531
496
450
408
368
296
217
195
215
188
82
-27
-73
-78
-90
-122
-186
-292
-379
-373
-306
-287
-342
-392
-389
-357
-323
-300
-325
-394
-426
-358
-258
-225
-262
-313
-350
-374
-386
-430
-550
-704
-804
-856
-946
-1116
-1341
-1576
-1758
-1840
-1848
-1867
-1949
-2057
-2117
-2088
-1986
-1879
-1799
-1746
-1709
-1618
-1414
-1183
-1039
-1007
-1012
-957
-808
-612
-450
-423
-523
-589
-533
-438
-404
-451
-527
-570
-553
-471
-366
-325
-348
-331
-211
-23
155
297
419
549
723
953
1186
1351
1445
1539
1682
1823
1925
1979
1985
1982
2014
2063
2078
2034
1947
1878
1853
1827
1753
1654
1558
1462
1376
1320
1270
1190
1108
1059
1022
962
906
870
822
739
663
614
572
520
449
376
314
256
229
225
168
60
-24
-45
-16
-12
-61
-141
-233
-283
-253
-200
-197
-237
-268
-259
-228
-191
-178
-211
-254
-257
-214
-171
-172
-211
-257
-297
-335
-392
-487
-611
-718
-777
-832
-952
-1148
-1368
-1561
-1696
-1765
-1791
-1829
-1915
-2017
-2064
-2031
-1957
-1861
-1778
-1736
-1707
-1612
-1434
-1243
-1114
-1062
-1047
-998
-868
-694
-575
-574
-643
-680
-644
-586
-574
-621
-691
-730
-701
-612
-526
-494
-487
-429
-281
-93
73
211
341
487
682
919
1140
1284
1379
1492
1645
1798
1910
1964
1975
1984
2014
2051
2059
2011
1940
1882
1825
1753
1682
1612
1515
1412
1336
1288
1223
1141
1072
1018
960
916
908
896
832
729
645
607
579
545
506
423
321
264
263
250
174
59
-23
-39
-19
-17
-67
-163
-263
-306
-266
-211
-212
-258
-284
-272
-243
-215
-227
-290
-338
-310
-246
-225
-264
-326
-379
-402
-404
-447
-560
-714
-836
-896
-954
-1087
-1290
-1512
-1710
-1835
-1874
-1877
-1912
-2004
-2094
-2094
-2019
-1924
-1815
-1724
-1680
-1625
-1488
-1287
-1106
-1023
-1008
-970
-868
-715
-545
-441
-466
-549
-552
-454
-380
-411
-489
-545
-549
-480
-369
-316
-344
-363
-272
-78
106
234
362
500
647
844
1079
1251
1337
1417
1549
1693
1779
1813
1839
1855
1856
1864
1880
1859
1795
1741
1714
1665
1591
1521
1456
1384
1303
1231
1179
1117
1055
1033
1009
961
917
896
877
821
738
678
622
559
523
493
420
317
252
243
215
133
46
-6
-34
-41
-17
-21
-92
-171
-177
-116
-71
-78
-109
-131
-129
-97
-55
-53
-116
-171
-145
-77
-60
-106
-169
-230
-280
-322
-391
-522
-667
-759
-811
-885
-1015
-1200
-1408
-1579
-1673
-1716
-1753
-1796
-1844
-1888
-1912
-1879
-1802
-1720
-1647
-1583
-1523
-1441
-1310
-1155
-1041
-987
-957
-904
-810
-699
-614
-585
-597
-615
-612
-589
-577
-606
-653
-667
-631
-575
-522
-466
-400
-305
-176
-14
158
313
458
625
822
1010
1172
1316
1447
1561
1674
1798
1886
1903
1889
1890
1906
1911
1887
1837
1780
1720
1645
1561
1480
1394
1299
1217
1145
1075
1016
965
913
868
842
818
782
744
698
633
562
521
503
474
405
317
250
206
170
136
72
-33
-109
-116
-92
-84
-121
-187
-231
-216
-156
-109
-109
-137
-144
-108
-50
-26
-55
-99
-117
-95
-58
-50
-92
-170
-245
-298
-349
-436
-567
-704
-818
-917
-1030
-1183
-1374
-1568
-1725
-1826
-1867
-1882
-1915
-1973
-2016
-2005
-1945
-1846
-1745
-1676
-1620
-1537
-1418
-1285
-1159
-1079
-1048
-1018
-938
-813
-699
-650
-657
-677
-675
-643
-593
-571
-602
-641
-623
-546
-464
-402
-355
-292
-176
-9
170
328
476
635
828
1035
1210
1330
1422
1535
1660
1771
1856
1888
1874
1871
1892
1896
1866
1804
1731
1675
1641
1604
1529
1428
1332
1255
1198
1147
1080
1015
973
935
882
829
791
760
722
670
606
543
500
477
438
367
279
205
176
161
121
46
-50
-99
-94
-79
-71
-106
-179
-209
-170
-96
-40
-45
-67
-54
-9
62
97
68
23
19
64
109
102
43
-30
-82
-109
-156
-265
-422
-575
-686
-773
-881
-1044
-1259
-1472
-1625
-1708
-1751
-1786
-1833
-1899
-1937
-1909
-1829
-1734
-1643
-1572
-1522
-1462
-1359
-1222
-1088
-999
-967
-952
-893
-783
-685
-652
-687
-729
-732
-704
-669
-669
-725
-782
-767
-676
-575
-508
-448
-374
-271
-113
68
242
398
553
744
945
1112
1257
1367
1462
1580
1689
1779
1848
1858
1847
1853
1857
1842
1795
1744
1684
1616
1555
1490
1410
1308
1227
1170
1104
1039
976
941
903
850
816
781
758
722
677
617
538
487
450
406
341
265
210
158
120
48
-47
-112
-156
-164
-145
-145
-190
-250
-260
-222
-191
-178
-178
-178
-157
-102
-43
-33
-62
-80
-61
-13
22
14
-23
-66
-106
-131
-176
-289
-435
-562
-665
-763
-891
-1072
-1286
-1499
-1653
-1714
-1746
-1800
-1855
-1906
-1948
-1938
-1850
-1740
-1660
-1607
-1546
-1450
-1331
-1209
-1110
-1048
-1012
-971
-881
-764
-686
-678
-707
-730
-725
-707
-709
-738
-791
-809
-762
-684
-621
-601
-557
-463
-327
-159
-1
151
297
472
679
881
1058
1198
1318
1439
1569
1682
1760
1801
1826
1847
1861
1857
1833
1807
1785
1768
1737
1692
1629
1554
1485
1428
1375
1303
1235
1161
1103
1052
974
939
887
806
736
660
589
527
491
452
394
316
237
183
129
79
24
-68
-153
-185
-178
-173
-202
-274
-339
-340
-293
-240
-202
-199
-212
-197
-147
-105
-103
-126
-131
-99
-47
-11
-4
-27
-59
-71
-63
-99
-202
-325
-426
-496
-567
-696
-871
-1072
-1277
-1424
-1491
-1531
-1592
-1668
-1727
-1761
-1757
-1706
-1637
-1578
-1520
-1459
-1391
-1294
-1171
-1076
-1027
-996
-963
-899
-791
-701
-679
-699
-722
-710
-665
-637
-652
-706
-755
-742
-685
-629
-573
-513
-445
-332
-182
-22
123
269
439
627
813
974
1098
1213
1336
1459
1557
1631
1677
1690
1705
1746
1780
1773
1744
1723
1697
1653
1616
1577
1496
1413
1369
1330
1261
1199
1148
1099
1056
1010
993
957
893
828
762
711
636
565
513
436
334
254
218
165
105
41
-37
-110
-156
-172
-186
-211
-247
-279
-290
-286
-274
-270
-264
-254
-249
-231
-220
-229
-251
-255
-230
-224
-224
-226
-241
-259
-280
-297
-348
-460
-560
-611
-669
-754
-869
-1013
-1182
-1350
-1458
-1499
-1535
-1596
-1652
-1680
-1690
-1673
-1607
-1514
-1460
-1429
-1370
-1304
-1224
-1122
-1041
-994
-954
-910
-845
-761
-705
-689
-690
-685
-675
-661
-637
-627
-656
-680
-646
-594
-549
-487
-402
-304
-197
-69
85
242
386
545
730
904
1026
1122
1237
1349
1419
1490
1552
1576
1578
1597
1633
1630
1596
1588
1599
1563
1506
1472
1418
1340
1273
1254
1211
1151
1110
1071
1034
962
913
891
863
830
785
731
649
562
490
446
393
303
245
202
152
88
24
-37
-125
-164
-137
-128
-172
-234
-245
-253
-268
-243
-217
-227
-249
-218
-174
-176
-187
-191
-184
-158
-125
-104
-115
-147
-150
-150
-179
-232
-329
-445
-514
-557
